2.0546002E-5
2.0545045E-5
2.0542178E-5
2.05374E-5
2.0530713E-5
2.0522119E-5
2.051162E-5
2.049922E-5
2.048492E-5
2.0468728E-5
2.0450645E-5
2.0430678E-5
2.0408832E-5
2.0385114E-5
2.0359532E-5
2.0332092E-5
2.0302801E-5
2.027167E-5
2.0238704E-5
2.0203915E-5
2.0167314E-5
2.0128911E-5
2.0088715E-5
2.004674E-5
2.0002997E-5
1.9957499E-5
1.9910258E-5
1.9861289E-5
1.9810604E-5
1.9758221E-5
1.9704154E-5
1.9648416E-5
1.9591025E-5
1.9531997E-5
1.947135E-5
1.94091E-5
1.9345265E-5
1.9279865E-5
1.921292E-5
1.9144443E-5
1.907446E-5
1.9002988E-5
1.8930048E-5
1.8855662E-5
1.877985E-5
1.8702634E-5
1.8624038E-5
1.8544082E-5
1.8462792E-5
1.8380188E-5
1.8296294E-5
1.8211138E-5
1.812474E-5
1.8037126E-5
1.7948323E-5
1.7858354E-5
1.7767246E-5
1.7675025E-5
1.7581717E-5
1.748735E-5
1.7391949E-5
1.7295544E-5
1.719816E-5
1.7099826E-5
1.700057E-5
1.6900422E-5
1.6799408E-5
1.6697557E-5
1.65949E-5
1.6491467E-5
1.6387285E-5
1.6282385E-5
1.6176797E-5
1.607055E-5
1.5963677E-5
1.5856205E-5
1.5748166E-5
1.5639593E-5
1.5530515E-5
1.5420963E-5
1.5310967E-5
1.5200561E-5
1.5089776E-5
1.4978641E-5
1.486719E-5
1.4755454E-5
1.4643463E-5
1.45312515E-5
1.4418849E-5
1.4306289E-5
1.4193602E-5
1.408082E-5
1.3967975E-5
1.38550995E-5
1.3742224E-5
1.3629381E-5
1.3516601E-5
1.34039165E-5
1.3291359E-5
1.3178959E-5
1.30667495E-5
1.2954759E-5
1.284302E-5
1.2731563E-5
1.26204195E-5
1.2509619E-5
1.2399191E-5
1.2289167E-5
1.21795765E-5
1.2070448E-5
1.1961812E-5
1.1853696E-5
1.174613E-5
1.1639142E-5
1.153276E-5
1.14270115E-5
1.1321924E-5
1.1217524E-5
1.1113838E-5
1.1010892E-5
1.0908712E-5
1.0807324E-5
1.0706751E-5
1.0607017E-5
1.0508147E-5
1.0410163E-5
1.0313088E-5
1.0216943E-5
1.012175E-5
1.0027529E-5
9.934301E-6
9.842083E-6
9.750896E-6
9.660757E-6
9.571682E-6
9.483688E-6
9.39679E-6
9.311004E-6
9.226342E-6
9.142816E-6
9.060442E-6
8.9792275E-6
8.899184E-6
8.8203205E-6
8.742646E-6
8.666167E-6
8.59089E-6
8.51682E-6
8.443963E-6
8.372322E-6
8.301897E-6
8.2326915E-6
8.164706E-6
8.097938E-6
8.032387E-6
7.96805E-6
7.904923E-6
7.843001E-6
7.782279E-6
7.722748E-6
7.664402E-6
7.6072315E-6
7.5512266E-6
7.496377E-6
7.44267E-6
7.3900933E-6
7.3386336E-6
7.2882763E-6
7.239006E-6
7.1908075E-6
7.1436634E-6
7.097556E-6
7.0524675E-6
7.008379E-6
6.965271E-6
6.9231232E-6
6.881915E-6
6.841626E-6
6.802234E-6
6.763717E-6
6.7260535E-6
6.68922E-6
6.653194E-6
6.6179523E-6
6.583472E-6
6.549729E-6
6.5166996E-6
6.484361E-6
6.452689E-6
6.42166E-6
6.391251E-6
6.361438E-6
6.332198E-6
6.3035077E-6
6.2753443E-6
6.247685E-6
6.2205077E-6
6.19379E-6
6.1675105E-6
6.1416476E-6
6.116181E-6
6.0910893E-6
6.0663524E-6
6.0419516E-6
6.0178672E-6
5.9940803E-6
5.9705735E-6
5.9473286E-6
5.924329E-6
5.9015574E-6
5.878999E-6
5.856638E-6
5.8344594E-6
5.812449E-6
5.790594E-6
5.768881E-6
5.747297E-6
5.725831E-6
5.704472E-6
5.683209E-6
5.662032E-6
5.6409312E-6
5.6198987E-6
5.598926E-6
5.5780047E-6
5.557129E-6
5.536291E-6
5.515486E-6
5.494708E-6
5.473952E-6
5.453214E-6
5.432489E-6
5.4117754E-6
5.391069E-6
5.370368E-6
5.34967E-6
5.3289737E-6
5.308278E-6
5.2875826E-6
5.266887E-6
5.246191E-6
5.2254954E-6
5.2048013E-6
5.1841093E-6
5.1634215E-6
5.1427396E-6
5.122066E-6
5.1014026E-6
5.0807525E-6
5.060119E-6
5.0395047E-6
5.018913E-6
4.998348E-6
4.977813E-6
4.9573127E-6
4.936851E-6
4.9164314E-6
4.8960596E-6
4.8757393E-6
4.8554757E-6
4.8352726E-6
4.815136E-6
4.79507E-6
4.7750796E-6
4.75517E-6
4.7353456E-6
4.7156113E-6
4.6959726E-6
4.6764344E-6
4.6570008E-6
4.637677E-6
4.618468E-6
4.5993784E-6
4.580412E-6
4.561574E-6
4.5428687E-6
4.5242996E-6
4.5058714E-6
4.4875883E-6
4.4694534E-6
4.451471E-6
4.433644E-6
4.4159756E-6
4.3984696E-6
4.3811283E-6
4.363955E-6
4.3469518E-6
4.330121E-6
4.313465E-6
4.296986E-6
4.2806846E-6
4.2645634E-6
4.248623E-6
4.2328647E-6
4.2172896E-6
4.201898E-6
4.1866897E-6
4.1716658E-6
4.1568255E-6
4.142169E-6
4.127696E-6
4.113405E-6
4.099296E-6
4.085367E-6
4.0716172E-6
4.058045E-6
4.0446484E-6
4.0314258E-6
4.0183754E-6
4.0054942E-6
3.99278E-6
3.9802308E-6
3.9678434E-6
3.955615E-6
3.943542E-6
3.931622E-6
3.9198517E-6
3.9082274E-6
3.896746E-6
3.885403E-6
3.8741964E-6
3.8631206E-6
3.852173E-6
3.841349E-6
3.8306457E-6
3.820058E-6
3.8095823E-6
3.7992147E-6
3.788951E-6
3.7787872E-6
3.7687194E-6
3.7587433E-6
3.748855E-6
3.7390505E-6
3.729326E-6
3.7196771E-6
3.7101004E-6
3.7005916E-6
3.6911474E-6
3.681764E-6
3.6724373E-6
3.6631643E-6
3.6539413E-6
3.644765E-6
3.635632E-6
3.6265394E-6
3.6174838E-6
3.6084623E-6
3.599472E-6
3.5905102E-6
3.5815744E-6
3.5726619E-6
3.5637704E-6
3.5548976E-6
3.5460416E-6
3.5372E-6
3.528371E-6
3.5195533E-6
3.5107446E-6
3.501944E-6
3.4931497E-6
3.484361E-6
3.4755762E-6
3.4667949E-6
3.4580157E-6
3.4492384E-6
3.4404623E-6
3.4316868E-6
3.4229115E-6
3.4141362E-6
3.4053612E-6
3.3965862E-6
3.3878114E-6
3.379037E-6
3.3702634E-6
3.361491E-6
3.3527203E-6
3.3439524E-6
3.3351873E-6
3.3264262E-6
3.31767E-6
3.3089198E-6
3.3001766E-6
3.2914413E-6
3.2827154E-6
3.2740002E-6
3.2652965E-6
3.2566063E-6
3.2479309E-6
3.2392716E-6
3.2306298E-6
3.2220073E-6
3.2134055E-6
3.204826E-6
3.1962704E-6
3.1877407E-6
3.179238E-6
3.1707643E-6
3.162321E-6
3.15391E-6
3.1455327E-6
3.137191E-6
3.1288862E-6
3.12062E-6
3.112394E-6
3.1042098E-6
3.0960687E-6
3.0879723E-6
3.079922E-6
3.0719193E-6
3.0639653E-6
3.0560614E-6
3.0482088E-6
3.0404087E-6
3.0326623E-6
3.0249705E-6
3.0173344E-6
3.009755E-6
3.0022327E-6
2.994769E-6
2.987364E-6
2.9800187E-6
2.9727335E-6
2.965509E-6
2.9583457E-6
2.951244E-6
2.9442035E-6
2.9372252E-6
2.930309E-6
2.9234548E-6
2.9166627E-6
2.9099324E-6
2.9032637E-6
2.8966567E-6
2.8901109E-6
2.8836257E-6
2.8772008E-6
2.8708357E-6
2.8645297E-6
2.8582822E-6
2.8520924E-6
2.8459594E-6
2.8398827E-6
2.833861E-6
2.8278935E-6
2.8219793E-6
2.816117E-6
2.8103061E-6
2.804545E-6
2.7988324E-6
2.7931671E-6
2.7875483E-6
2.7819744E-6
2.776444E-6
2.770956E-6
2.7655087E-6
2.760101E-6
2.7547314E-6
2.7493986E-6
2.744101E-6
2.7388373E-6
2.7336064E-6
2.7284061E-6
2.7232356E-6
2.7180934E-6
2.7129781E-6
2.7078881E-6
2.7028223E-6
2.697779E-6
2.6927573E-6
2.6877558E-6
2.682773E-6
2.6778077E-6
2.672859E-6
2.6679252E-6
2.6630055E-6
2.6580985E-6
2.6532036E-6
2.6483192E-6
2.6434448E-6
2.6385792E-6
2.6337216E-6
2.6288708E-6
2.6240264E-6
2.6191874E-6
2.6143532E-6
2.6095233E-6
2.6046966E-6
2.599873E-6
2.5950517E-6
2.5902323E-6
2.5854144E-6
2.5805978E-6
2.5757818E-6
2.5709667E-6
2.5661518E-6
2.5613372E-6
2.5565225E-6
2.5517081E-6
2.5468937E-6
2.5420793E-6
2.5372653E-6
2.5324514E-6
2.5276381E-6
2.5228255E-6
2.5180138E-6
2.5132035E-6
2.5083948E-6
2.503588E-6
2.4987835E-6
2.493982E-6
2.489184E-6
2.4843896E-6
2.4795997E-6
2.474815E-6
2.4700355E-6
2.4652622E-6
2.460496E-6
2.455737E-6
2.4509864E-6
2.4462445E-6
2.4415124E-6
2.4367903E-6
2.4320793E-6
2.4273802E-6
2.4226933E-6
2.41802E-6
2.4133603E-6
2.4087153E-6
2.404086E-6
2.3994728E-6
2.3948764E-6
2.3902976E-6
2.3857374E-6
2.381196E-6
2.3766743E-6
2.372173E-6
2.3676928E-6
2.3632342E-6
2.358798E-6
2.3543844E-6
2.3499942E-6
2.345628E-6
2.3412863E-6
2.3369696E-6
2.3326782E-6
2.3284124E-6
2.324173E-6
2.31996E-6
2.315774E-6
2.3116154E-6
2.307484E-6
2.3033801E-6
2.2993045E-6
2.2952568E-6
2.291237E-6
2.2872457E-6
2.2832826E-6
2.2793479E-6
2.2754416E-6
2.2715635E-6
2.2677134E-6
2.2638917E-6
2.2600977E-6
2.2563315E-6
2.2525928E-6
2.2488814E-6
2.245197E-6
2.2415393E-6
2.237908E-6
2.2343024E-6
2.2307227E-6
2.2271681E-6
2.2236381E-6
2.2201327E-6
2.2166507E-6
2.2131921E-6
2.2097563E-6
2.2063427E-6
2.2029508E-6
2.1995797E-6
2.1962292E-6
2.1928984E-6
2.189587E-6
2.1862938E-6
2.1830188E-6
2.179761E-6
2.17652E-6
2.1732947E-6
2.1700848E-6
2.1668898E-6
2.1637086E-6
2.1605406E-6
2.1573856E-6
2.1542423E-6
2.1511107E-6
2.1479896E-6
2.1448789E-6
2.1417775E-6
2.138685E-6
2.1356009E-6
2.1325245E-6
2.1294554E-6
2.1263927E-6
2.1233363E-6
2.1202854E-6
2.1172395E-6
2.1141984E-6
2.1111614E-6
2.108128E-6
2.105098E-6
2.102071E-6
2.0990465E-6
2.0960242E-6
2.0930038E-6
2.089985E-6
2.0869675E-6
2.0839514E-6
2.080936E-6
2.0779212E-6
2.074907E-6
2.071893E-6
2.0688794E-6
2.065866E-6
2.062853E-6
2.0598397E-6
2.0568266E-6
2.0538137E-6
2.0508007E-6
2.047788E-6
2.0447756E-6
2.0417635E-6
2.038752E-6
2.035741E-6
2.032731E-6
2.0297216E-6
2.0267137E-6
2.0237073E-6
2.0207024E-6
2.0176994E-6
2.0146988E-6
2.0117006E-6
2.0087052E-6
2.005713E-6
2.0027242E-6
1.9997392E-6
1.9967586E-6
1.9937822E-6
1.990811E-6
1.9878448E-6
1.9848844E-6
1.98193E-6
1.978982E-6
1.976041E-6
1.9731071E-6
1.9701808E-6
1.9672625E-6
1.9643528E-6
1.9614517E-6
1.95856E-6
1.9556778E-6
1.9528054E-6
1.9499435E-6
1.9470924E-6
1.944252E-6
1.9414233E-6
1.9386061E-6
1.9358013E-6
1.9330087E-6
1.9302286E-6
1.9274614E-6
1.9247077E-6
1.9219674E-6
1.9192407E-6
1.916528E-6
1.9138295E-6
1.9111453E-6
1.9084755E-6
1.9058206E-6
1.9031804E-6
1.9005553E-6
1.897945E-6
1.89535E-6
1.8927702E-6
1.8902056E-6
1.8876563E-6
1.8851223E-6
1.8826036E-6
1.8801E-6
1.8776117E-6
1.8751385E-6
1.8726804E-6
1.8702373E-6
1.8678089E-6
1.8653953E-6
1.8629962E-6
1.8606115E-6
1.858241E-6
1.8558845E-6
1.8535419E-6
1.8512127E-6
1.8488969E-6
1.846594E-6
1.844304E-6
1.8420266E-6
1.8397614E-6
1.837508E-6
1.8352663E-6
1.8330359E-6
1.8308164E-6
1.8286075E-6
1.8264091E-6
1.8242205E-6
1.8220416E-6
1.8198718E-6
1.817711E-6
1.8155588E-6
1.8134147E-6
1.8112784E-6
1.8091496E-6
1.8070278E-6
1.8049129E-6
1.8028044E-6
1.8007019E-6
1.7986051E-6
1.7965136E-6
1.7944272E-6
1.7923455E-6
1.7902681E-6
1.7881949E-6
1.7861254E-6
1.7840594E-6
1.7819965E-6
1.7799365E-6
1.7778792E-6
1.7758242E-6
1.7737714E-6
1.7717206E-6
1.7696714E-6
1.7676236E-6
1.7655773E-6
1.7635319E-6
1.7614876E-6
1.7594441E-6
1.7574013E-6
1.7553589E-6
1.7533171E-6
1.7512755E-6
1.7492342E-6
1.7471932E-6
1.7451522E-6
1.7431114E-6
1.7410707E-6
1.7390302E-6
1.7369896E-6
1.7349493E-6
1.7329089E-6
1.7308689E-6
1.7288291E-6
1.7267897E-6
1.7247506E-6
1.7227121E-6
1.7206743E-6
1.7186372E-6
1.716601E-6
1.7145658E-6
1.7125318E-6
1.7104992E-6
1.7084681E-6
1.7064386E-6
1.7044111E-6
1.7023857E-6
1.7003625E-6
1.698342E-6
1.696324E-6
1.694309E-6
1.6922972E-6
1.6902887E-6
1.6882839E-6
1.686283E-6
1.6842861E-6
1.6822935E-6
1.6803054E-6
1.6783222E-6
1.6763439E-6
1.6743709E-6
1.6724034E-6
1.6704416E-6
1.6684858E-6
1.6665361E-6
1.6645928E-6
1.6626561E-6
1.6607262E-6
1.6588033E-6
1.6568875E-6
1.6549792E-6
1.6530784E-6
1.6511854E-6
1.6493002E-6
1.6474231E-6
1.6455542E-6
1.6436937E-6
1.6418415E-6
1.6399981E-6
1.6381633E-6
1.6363373E-6
1.6345201E-6
1.632712E-6
1.6309128E-6
1.6291227E-6
1.6273418E-6
1.62557E-6
1.6238073E-6
1.6220539E-6
1.6203096E-6
1.6185745E-6
1.6168485E-6
1.6151316E-6
1.6134238E-6
1.611725E-6
1.610035E-6
1.6083541E-6
1.6066817E-6
1.6050182E-6
1.6033631E-6
1.6017166E-6
1.6000782E-6
1.5984482E-6
1.5968261E-6
1.595212E-6
1.5936056E-6
1.5920067E-6
1.5904152E-6
1.588831E-6
1.5872538E-6
1.5856834E-6
1.5841197E-6
1.5825624E-6
1.5810114E-6
1.5794664E-6
1.5779272E-6
1.5763936E-6
1.5748655E-6
1.5733425E-6
1.5718246E-6
1.5703114E-6
1.5688026E-6
1.5672983E-6
1.565798E-6
1.5643017E-6
1.5628091E-6
1.5613199E-6
1.559834E-6
1.5583512E-6
1.5568712E-6
1.555394E-6
1.5539191E-6
1.5524466E-6
1.5509763E-6
1.5495079E-6
1.5480413E-6
1.5465763E-6
1.5451128E-6
1.5436506E-6
1.5421896E-6
1.5407296E-6
1.5392707E-6
1.5378124E-6
1.536355E-6
1.5348982E-6
1.5334417E-6
1.5319858E-6
1.5305303E-6
1.5290751E-6
1.52762E-6
1.5261653E-6
1.5247107E-6
1.5232562E-6
1.5218019E-6
1.5203476E-6
1.5188934E-6
1.5174395E-6
1.5159856E-6
1.5145318E-6
1.5130782E-6
1.511625E-6
1.510172E-6
1.5087193E-6
1.507267E-6
1.5058152E-6
1.504364E-6
1.5029134E-6
1.5014635E-6
1.5000145E-6
1.4985665E-6
1.4971195E-6
1.4956736E-6
1.494229E-6
1.4927858E-6
1.4913443E-6
1.4899043E-6
1.4884662E-6
1.4870301E-6
1.485596E-6
1.4841643E-6
1.4827348E-6
1.4813079E-6
1.4798837E-6
1.4784624E-6
1.4770441E-6
1.4756289E-6
1.4742169E-6
1.4728084E-6
1.4714035E-6
1.4700024E-6
1.4686051E-6
1.4672119E-6
1.4658227E-6
1.4644379E-6
1.4630575E-6
1.4616817E-6
1.4603105E-6
1.4589441E-6
1.4575827E-6
1.4562263E-6
1.454875E-6
1.4535289E-6
1.4521881E-6
1.4508528E-6
1.449523E-6
1.4481986E-6
1.44688E-6
1.4455671E-6
1.4442599E-6
1.4429585E-6
1.4416629E-6
1.4403732E-6
1.4390895E-6
1.4378116E-6
1.4365397E-6
1.4352737E-6
1.4340137E-6
1.4327596E-6
1.4315115E-6
1.4302691E-6
1.4290326E-6
1.4278021E-6
1.4265772E-6
1.4253582E-6
1.4241447E-6
1.4229369E-6
1.4217346E-6
1.4205378E-6
1.4193464E-6
1.4181602E-6
1.4169793E-6
1.4158035E-6
1.4146326E-6
1.4134667E-6
1.4123056E-6
1.4111491E-6
1.4099971E-6
1.4088497E-6
1.4077065E-6
1.4065674E-6
1.4054325E-6
1.4043014E-6
1.4031741E-6
1.4020504E-6
1.4009304E-6
1.3998135E-6
1.3987E-6
1.3975896E-6
1.396482E-6
1.3953772E-6
1.3942753E-6
1.3931757E-6
1.3920786E-6
1.3909837E-6
1.3898909E-6
1.3888002E-6
1.3877113E-6
1.3866243E-6
1.3855388E-6
1.3844548E-6
1.3833723E-6
1.3822909E-6
1.3812107E-6
1.3801317E-6
1.3790536E-6
1.3779764E-6
1.3769E-6
1.3758244E-6
1.3747492E-6
1.3736748E-6
1.3726007E-6
1.3715271E-6
1.3704539E-6
1.369381E-6
1.3683084E-6
1.367236E-6
1.3661638E-6
1.3650919E-6
1.36402E-6
1.3629483E-6
1.3618768E-6
1.3608054E-6
1.359734E-6
1.3586629E-6
1.3575919E-6
1.3565211E-6
1.3554505E-6
1.3543801E-6
1.3533099E-6
1.3522401E-6
1.3511707E-6
1.3501017E-6
1.349033E-6
1.3479649E-6
1.3468975E-6
1.3458307E-6
1.3447645E-6
1.3436992E-6
1.3426347E-6
1.3415713E-6
1.3405089E-6
1.3394476E-6
1.3383875E-6
1.3373287E-6
1.3362715E-6
1.3352156E-6
1.3341614E-6
1.3331089E-6
1.3320582E-6
1.3310095E-6
1.3299626E-6
1.328918E-6
1.3278756E-6
1.3268354E-6
1.3257977E-6
1.3247625E-6
1.3237299E-6
1.3227E-6
1.3216728E-6
1.3206486E-6
1.3196274E-6
1.3186092E-6
1.3175942E-6
1.3165825E-6
1.3155741E-6
1.314569E-6
1.3135674E-6
1.3125693E-6
1.3115749E-6
1.3105841E-6
1.3095971E-6
1.3086138E-6
1.3076344E-6
1.3066589E-6
1.3056872E-6
1.3047195E-6
1.3037558E-6
1.3027961E-6
1.3018404E-6
1.3008887E-6
1.2999411E-6
1.2989976E-6
1.2980581E-6
1.2971227E-6
1.2961914E-6
1.295264E-6
1.2943408E-6
1.2934215E-6
1.2925062E-6
1.2915949E-6
1.2906875E-6
1.2897839E-6
1.288884E-6
1.2879881E-6
1.2870959E-6
1.2862073E-6
1.2853224E-6
1.2844409E-6
1.2835629E-6
1.2826885E-6
1.2818173E-6
1.2809493E-6
1.2800846E-6
1.2792229E-6
1.2783643E-6
1.2775085E-6
1.2766557E-6
1.2758055E-6
1.2749581E-6
1.2741133E-6
1.2732709E-6
1.2724308E-6
1.2715931E-6
1.2707576E-6
1.2699242E-6
1.2690928E-6
1.2682633E-6
1.2674357E-6
1.2666097E-6
1.2657854E-6
1.2649627E-6
1.2641415E-6
1.2633216E-6
1.2625029E-6
1.2616855E-6
1.2608692E-6
1.260054E-6
1.2592398E-6
1.2584263E-6
1.2576138E-6
1.256802E-6
1.2559908E-6
1.2551803E-6
1.2543704E-6
1.2535611E-6
1.2527522E-6
1.2519437E-6
1.2511356E-6
1.2503277E-6
1.2495202E-6
1.248713E-6
1.2479061E-6
1.2470992E-6
1.2462926E-6
1.2454863E-6
1.2446801E-6
1.243874E-6
1.243068E-6
1.2422623E-6
1.2414567E-6
1.2406513E-6
1.239846E-6
1.239041E-6
1.2382361E-6
1.2374315E-6
1.2366272E-6
1.2358232E-6
1.2350195E-6
1.2342161E-6
1.2334133E-6
1.2326108E-6
1.2318088E-6
1.2310074E-6
1.2302066E-6
1.2294065E-6
1.2286071E-6
1.2278084E-6
1.2270106E-6
1.2262136E-6
1.2254176E-6
1.2246227E-6
1.2238287E-6
1.2230361E-6
1.2222446E-6
1.2214543E-6
1.2206655E-6
1.2198781E-6
1.2190922E-6
1.2183078E-6
1.2175252E-6
1.2167443E-6
1.2159651E-6
1.2151878E-6
1.2144124E-6
1.2136389E-6
1.2128676E-6
1.2120984E-6
1.2113313E-6
1.2105666E-6
1.209804E-6
1.2090438E-6
1.2082861E-6
1.2075308E-6
1.206778E-6
1.2060278E-6
1.2052802E-6
1.2045352E-6
1.203793E-6
1.2030533E-6
1.2023165E-6
1.2015824E-6
1.2008512E-6
1.2001228E-6
1.1993974E-6
1.1986747E-6
1.1979548E-6
1.197238E-6
1.196524E-6
1.1958128E-6
1.1951047E-6
1.1943994E-6
1.1936969E-6
1.1929974E-6
1.1923007E-6
1.191607E-6
1.190916E-6
1.1902277E-6
1.1895423E-6
1.1888598E-6
1.1881798E-6
1.1875026E-6
1.186828E-6
1.1861559E-6
1.1854866E-6
1.1848197E-6
1.1841552E-6
1.1834932E-6
1.1828334E-6
1.1821761E-6
1.181521E-6
1.1808681E-6
1.1802174E-6
1.1795687E-6
1.178922E-6
1.1782774E-6
1.1776345E-6
1.1769936E-6
1.1763544E-6
1.1757169E-6
1.175081E-6
1.1744467E-6
1.1738139E-6
1.1731825E-6
1.1725525E-6
1.1719237E-6
1.1712963E-6
1.17067E-6
1.1700448E-6
1.1694207E-6
1.1687976E-6
1.1681753E-6
1.167554E-6
1.1669335E-6
1.1663138E-6
1.1656949E-6
1.1650766E-6
1.1644588E-6
1.1638417E-6
1.1632251E-6
1.1626089E-6
1.1619933E-6
1.1613779E-6
1.1607631E-6
1.1601485E-6
1.1595342E-6
1.1589203E-6
1.1583066E-6
1.1576932E-6
1.15708E-6
1.1564671E-6
1.1558542E-6
1.1552416E-6
1.1546292E-6
1.154017E-6
1.153405E-6
1.1527932E-6
1.1521815E-6
1.1515701E-6
1.1509588E-6
1.1503479E-6
1.149737E-6
1.1491265E-6
1.1485164E-6
1.1479065E-6
1.1472969E-6
1.1466876E-6
1.1460787E-6
1.1454704E-6
1.1448624E-6
1.144255E-6
1.143648E-6
1.1430416E-6
1.1424358E-6
1.1418307E-6
1.1412263E-6
1.1406227E-6
1.1400198E-6
1.1394177E-6
1.1388165E-6
1.1382164E-6
1.1376171E-6
1.1370189E-6
1.1364218E-6
1.1358258E-6
1.135231E-6
1.1346374E-6
1.1340451E-6
1.1334541E-6
1.1328646E-6
1.1322763E-6
1.1316897E-6
1.1311046E-6
1.130521E-6
1.129939E-6
1.1293587E-6
1.1287801E-6
1.1282033E-6
1.1276281E-6
1.1270548E-6
1.1264834E-6
1.125914E-6
1.1253463E-6
1.1247806E-6
1.124217E-6
1.1236552E-6
1.1230957E-6
1.122538E-6
1.1219825E-6
1.121429E-6
1.1208778E-6
1.1203285E-6
1.1197814E-6
1.1192365E-6
1.1186936E-6
1.1181529E-6
1.1176144E-6
1.117078E-6
1.1165438E-6
1.1160116E-6
1.1154816E-6
1.1149536E-6
1.1144278E-6
1.1139042E-6
1.1133825E-6
1.1128628E-6
1.1123453E-6
1.1118296E-6
1.111316E-6
1.1108043E-6
1.1102945E-6
1.1097867E-6
1.1092807E-6
1.1087764E-6
1.1082739E-6
1.1077732E-6
1.1072741E-6
1.1067767E-6
1.106281E-6
1.1057869E-6
1.1052941E-6
1.104803E-6
1.1043132E-6
1.1038248E-6
1.1033379E-6
1.1028521E-6
1.1023677E-6
1.1018845E-6
1.1014024E-6
1.1009215E-6
1.1004415E-6
1.0999627E-6
1.0994848E-6
1.0990078E-6
1.0985318E-6
1.0980566E-6
1.0975822E-6
1.0971085E-6
1.0966355E-6
1.0961633E-6
1.0956916E-6
1.0952206E-6
1.0947501E-6
1.0942802E-6
1.0938107E-6
1.0933418E-6
1.0928733E-6
1.0924051E-6
1.0919374E-6
1.09147E-6
1.0910029E-6
1.0905362E-6
1.0900698E-6
1.0896036E-6
1.0891378E-6
1.0886721E-6
1.0882067E-6
1.0877416E-6
1.0872766E-6
1.086812E-6
1.0863474E-6
1.0858831E-6
1.0854191E-6
1.0849552E-6
1.0844916E-6
1.0840282E-6
1.0835652E-6
1.0831022E-6
1.0826396E-6
1.0821774E-6
1.0817154E-6
1.0812537E-6
1.0807923E-6
1.0803313E-6
1.0798708E-6
1.0794106E-6
1.0789508E-6
1.0784916E-6
1.0780328E-6
1.0775746E-6
1.0771168E-6
1.0766597E-6
1.0762031E-6
1.0757474E-6
1.0752922E-6
1.0748377E-6
1.074384E-6
1.0739311E-6
1.073479E-6
1.0730278E-6
1.0725774E-6
1.0721279E-6
1.0716795E-6
1.0712321E-6
1.0707857E-6
1.0703403E-6
1.0698961E-6
1.0694531E-6
1.0690112E-6
1.0685704E-6
1.068131E-6
1.0676929E-6
1.067256E-6
1.0668205E-6
1.0663863E-6
1.0659535E-6
1.0655222E-6
1.0650922E-6
1.0646637E-6
1.0642367E-6
1.0638113E-6
1.0633873E-6
1.0629649E-6
1.062544E-6
1.0621247E-6
1.061707E-6
1.061291E-6
1.0608765E-6
1.0604635E-6
1.0600523E-6
1.0596427E-6
1.0592347E-6
1.0588283E-6
1.0584235E-6
1.0580204E-6
1.0576189E-6
1.0572189E-6
1.0568207E-6
1.0564239E-6
1.0560287E-6
1.0556353E-6
1.0552433E-6
1.0548528E-6
1.0544638E-6
1.0540764E-6
1.0536904E-6
1.0533059E-6
1.0529229E-6
1.0525413E-6
1.0521611E-6
1.0517822E-6
1.0514046E-6
1.0510284E-6
1.0506535E-6
1.0502798E-6
1.0499074E-6
1.0495361E-6
1.049166E-6
1.048797E-6
1.0484292E-6
1.0480624E-6
1.0476966E-6
1.0473318E-6
1.046968E-6
1.046605E-6
1.046243E-6
1.045882E-6
1.0455216E-6
1.0451621E-6
1.0448034E-6
1.0444454E-6
1.0440881E-6
1.0437315E-6
1.0433754E-6
1.0430201E-6
1.0426653E-6
1.042311E-6
1.0419574E-6
1.0416042E-6
1.0412515E-6
1.0408992E-6
1.0405473E-6
1.0401959E-6
1.039845E-6
1.0394944E-6
1.039144E-6
1.038794E-6
1.0384445E-6
1.0380952E-6
1.0377462E-6
1.0373974E-6
1.0370491E-6
1.0367008E-6
1.036353E-6
1.0360053E-6
1.035658E-6
1.0353109E-6
1.034964E-6
1.0346175E-6
1.0342711E-6
1.0339251E-6
1.0335793E-6
1.0332338E-6
1.0328886E-6
1.0325437E-6
1.0321991E-6
1.0318548E-6
1.0315108E-6
1.0311672E-6
1.030824E-6
1.0304811E-6
1.0301386E-6
1.0297966E-6
1.029455E-6
1.0291138E-6
1.0287731E-6
1.028433E-6
1.0280933E-6
1.0277541E-6
1.0274156E-6
1.0270777E-6
1.0267403E-6
1.0264037E-6
1.0260676E-6
1.0257322E-6
1.0253976E-6
1.0250637E-6
1.0247306E-6
1.0243983E-6
1.0240668E-6
1.0237362E-6
1.0234064E-6
1.0230775E-6
1.0227495E-6
1.0224226E-6
1.0220965E-6
1.0217715E-6
1.0214475E-6
1.0211244E-6
1.0208025E-6
1.0204816E-6
1.0201618E-6
1.0198431E-6
1.0195256E-6
1.0192092E-6
1.0188941E-6
1.01858E-6
1.0182671E-6
1.0179555E-6
1.017645E-6
1.0173359E-6
1.0170279E-6
1.0167211E-6
1.0164156E-6
1.0161114E-6
1.0158084E-6
1.0155067E-6
1.0152063E-6
1.0149071E-6
1.0146091E-6
1.0143125E-6
1.014017E-6
1.0137229E-6
1.0134299E-6
1.0131383E-6
1.0128479E-6
1.0125586E-6
1.0122706E-6
1.0119838E-6
1.0116981E-6
1.0114137E-6
1.0111305E-6
1.0108483E-6
1.0105673E-6
1.0102874E-6
1.0100086E-6
1.0097309E-6
1.0094543E-6
1.0091786E-6
1.0089041E-6
1.0086304E-6
1.0083578E-6
1.0080861E-6
1.0078154E-6
1.0075455E-6
1.0072766E-6
1.0070086E-6
1.0067413E-6
1.0064748E-6
1.0062092E-6
1.0059443E-6
1.0056802E-6
1.0054168E-6
1.0051541E-6
1.004892E-6
1.0046308E-6
1.00437E-6
1.0041099E-6
1.0038503E-6
1.0035914E-6
1.003333E-6
1.0030751E-6
1.0028177E-6
1.0025609E-6
1.0023044E-6
1.0020485E-6
1.001793E-6
1.001538E-6
1.0012832E-6
1.001029E-6
1.0007751E-6
1.0005215E-6
1.0002684E-6
1.0000156E-6
9.997631E-7
9.995109E-7
9.992591E-7
9.990076E-7
9.987565E-7
9.985056E-7
9.98255E-7
9.980048E-7
9.977549E-7
9.975053E-7
9.972559E-7
9.97007E-7
9.967582E-7
9.965098E-7
9.962617E-7
9.96014E-7
9.957666E-7
9.955196E-7
9.952729E-7
9.950265E-7
9.947806E-7
9.945351E-7
9.942898E-7
9.940451E-7
9.938008E-7
9.935568E-7
9.933133E-7
9.930703E-7
9.928277E-7
9.925857E-7
9.923442E-7
9.921032E-7
9.918627E-7
9.916229E-7
9.913836E-7
9.911448E-7
9.909068E-7
9.906693E-7
9.904325E-7
9.901963E-7
9.899609E-7
9.897261E-7
9.89492E-7
9.892588E-7
9.890261E-7
9.887945E-7
9.885634E-7
9.883332E-7
9.881039E-7
9.878754E-7
9.876477E-7
9.874209E-7
9.87195E-7
9.869699E-7
9.867457E-7
9.865225E-7
9.863002E-7
9.860788E-7
9.858584E-7
9.85639E-7
9.854205E-7
9.85203E-7
9.849864E-7
9.847707E-7
9.845562E-7
9.843426E-7
9.8413E-7
9.839184E-7
9.837078E-7
9.834981E-7
9.832895E-7
9.830819E-7
9.828753E-7
9.826697E-7
9.82465E-7
9.822614E-7
9.820587E-7
9.81857E-7
9.816564E-7
9.814567E-7
9.812578E-7
9.8106E-7
9.808631E-7
9.806671E-7
9.80472E-7
9.802778E-7
9.800846E-7
9.798921E-7
9.797005E-7
9.795099E-7
9.7932E-7
9.791311E-7
9.789428E-7
9.787555E-7
9.785688E-7
9.783829E-7
9.781978E-7
9.780135E-7
9.778298E-7
9.776469E-7
9.774647E-7
9.772831E-7
9.771022E-7
9.769219E-7
9.767423E-7
9.765632E-7
9.763849E-7
9.762069E-7
9.760297E-7
9.758529E-7
9.756768E-7
9.755012E-7
9.75326E-7
9.751514E-7
9.749772E-7
9.748035E-7
9.746303E-7
9.744575E-7
9.742852E-7
9.741133E-7
9.739418E-7
9.737709E-7
9.736002E-7
9.7343E-7
9.732602E-7
9.730907E-7
9.729216E-7
9.727529E-7
9.725846E-7
9.724166E-7
9.72249E-7
9.720819E-7
9.71915E-7
9.717486E-7
9.715824E-7
9.714166E-7
9.712513E-7
9.710863E-7
9.709216E-7
9.707574E-7
9.705934E-7
9.704299E-7
9.702668E-7
9.701041E-7
9.699418E-7
9.697799E-7
9.696183E-7
9.694572E-7
9.692966E-7
9.691363E-7
9.689766E-7
9.688173E-7
9.686584E-7
9.685E-7
9.683422E-7
9.681847E-7
9.680278E-7
9.678715E-7
9.677157E-7
9.675604E-7
9.674056E-7
9.672515E-7
9.670979E-7
9.669449E-7
9.667924E-7
9.666406E-7
9.664894E-7
9.663389E-7
9.66189E-7
9.660397E-7
9.658911E-7
9.657432E-7
9.65596E-7
9.654494E-7
9.653036E-7
9.651585E-7
9.65014E-7
9.648704E-7
9.647275E-7
9.645853E-7
9.644439E-7
9.643032E-7
9.641633E-7
9.640241E-7
9.638858E-7
9.637482E-7
9.636115E-7
9.634755E-7
9.633403E-7
9.632059E-7
9.630724E-7
9.629396E-7
9.628076E-7
9.626764E-7
9.62546E-7
9.624165E-7
9.622877E-7
9.621598E-7
9.620326E-7
9.619063E-7
9.617806E-7
9.616559E-7
9.615319E-7
9.614088E-7
9.612863E-7
9.611647E-7
9.610438E-7
9.609237E-7
9.608043E-7
9.606857E-7
9.605678E-7
9.604507E-7
9.603343E-7
9.602187E-7
9.601036E-7
9.599894E-7
9.598758E-7
9.59763E-7
9.596508E-7
9.595393E-7
9.594283E-7
9.593182E-7
9.592086E-7
9.590996E-7
9.589913E-7
9.588836E-7
9.587765E-7
9.5867E-7
9.58564E-7
9.584586E-7
9.583538E-7
9.582496E-7
9.581458E-7
9.580427E-7
9.579402E-7
9.578381E-7
9.577365E-7
9.576354E-7
9.575349E-7
9.574347E-7
9.573353E-7
9.572361E-7
9.571374E-7
9.570393E-7
9.569417E-7
9.568445E-7
9.567477E-7
9.566513E-7
9.565555E-7
9.564601E-7
9.56365E-7
9.562706E-7
9.561765E-7
9.560828E-7
9.559895E-7
9.558968E-7
9.558045E-7
9.557125E-7
9.55621E-7
9.555299E-7
9.554393E-7
9.553492E-7
9.552593E-7
9.551701E-7
9.550812E-7
9.549927E-7
9.549047E-7
9.548172E-7
9.547302E-7
9.546436E-7
9.545574E-7
9.544718E-7
9.543866E-7
9.543019E-7
9.542176E-7
9.541338E-7
9.540506E-7
9.539679E-7
9.538857E-7
9.538039E-7
9.537226E-7
9.53642E-7
9.535618E-7
9.534822E-7
9.534031E-7
9.5332456E-7
9.5324657E-7
9.5316915E-7
9.5309235E-7
9.5301607E-7
9.5294035E-7
9.5286526E-7
9.5279074E-7
9.527168E-7
9.5264346E-7
9.5257076E-7
9.524986E-7
9.524272E-7
9.523563E-7
9.5228603E-7
9.5221645E-7
9.5214745E-7
9.520791E-7
9.520114E-7
9.519444E-7
9.51878E-7
9.5181224E-7
9.5174715E-7
9.516827E-7
9.516189E-7
9.515558E-7
9.5149335E-7
9.514315E-7
9.513704E-7
9.513099E-7
9.512501E-7
9.5119094E-7
9.5113245E-7
9.5107464E-7
9.5101746E-7
9.5096095E-7
9.509051E-7
9.5084994E-7
9.5079537E-7
9.507415E-7
9.506883E-7
9.506357E-7
9.5058374E-7
9.505324E-7
9.5048176E-7
9.5043174E-7
9.5038234E-7
9.503336E-7
9.502854E-7
9.502379E-7
9.50191E-7
9.5014474E-7
9.5009904E-7
9.5005396E-7
9.500095E-7
9.499656E-7
9.499223E-7
9.498796E-7
9.498375E-7
9.4979595E-7
9.4975496E-7
9.4971455E-7
9.4967476E-7
9.496355E-7
9.4959677E-7
9.4955857E-7
9.4952094E-7
9.494839E-7
9.494474E-7
9.494114E-7
9.4937593E-7
9.4934103E-7
9.4930664E-7
9.4927276E-7
9.4923945E-7
9.492066E-7
9.491743E-7
9.4914253E-7
9.4911127E-7
9.490805E-7
9.490503E-7
9.4902055E-7
9.4899127E-7
9.4896257E-7
9.4893437E-7
9.489067E-7
9.4887946E-7
9.488528E-7
9.488266E-7
9.488009E-7
9.487757E-7
9.487511E-7
9.4872695E-7
9.487033E-7
9.4868017E-7
9.4865754E-7
9.4863543E-7
9.4861383E-7
9.485928E-7
9.485722E-7
9.4855216E-7
9.4853266E-7
9.485137E-7
9.4849526E-7
9.484773E-7
9.484599E-7
9.484431E-7
9.4842676E-7
9.4841096E-7
9.483957E-7
9.4838106E-7
9.483669E-7
9.483533E-7
9.483403E-7
9.483278E-7
9.483159E-7
9.4830455E-7
9.4829375E-7
9.482835E-7
9.482739E-7
9.482648E-7
9.482563E-7
9.482484E-7
9.4824105E-7
9.482343E-7
9.482281E-7
9.4822246E-7
9.4821746E-7
9.48213E-7
9.482092E-7
9.482059E-7
9.4820325E-7
9.482012E-7
9.481997E-7
9.481988E-7
9.4819853E-7
0.0
0.0
0.0
0.0
0.0
0.0
0.0
0.0
0.0
0.0
0.0
0.0
0.0
0.0
0.0
0.0
0.0
0.0
0.0
0.0
0.0
0.0
0.0
0.0
0.0
0.0
0.0
0.0
0.0
0.0
0.0
0.0
0.0
0.0
0.0
0.0
0.0
0.0
0.0
0.0
0.0
0.0
0.0
0.0
0.0
0.0
0.0
0.0
0.0
0.0
0.0
0.0
0.0
0.0
0.0
0.0
0.0
0.0
0.0
0.0
0.0
0.0
0.0
0.0
0.0
0.0
0.0
0.0
0.0
0.0
0.0
0.0
0.0
0.0
0.0
0.0
0.0
0.0
0.0
0.0
0.0
0.0
0.0
0.0
0.0
0.0
0.0
0.0
0.0
0.0
0.0
0.0
0.0
0.0
0.0
0.0
0.0
0.0
0.0
0.0
0.0
0.0
0.0
0.0
0.0
0.0
0.0
0.0
0.0
0.0
0.0
0.0
0.0
0.0
0.0
0.0
0.0
0.0
0.0
0.0
0.0
0.0
0.0
0.0
0.0
0.0
0.0
0.0
0.0
0.0
0.0
0.0
0.0
0.0
0.0
0.0
0.0
0.0
0.0
0.0
0.0
0.0
0.0
0.0
0.0
0.0
0.0
0.0
0.0
0.0
0.0
0.0
0.0
0.0
0.0
0.0
0.0
0.0
0.0
0.0
0.0
0.0
0.0
0.0
0.0
0.0
0.0
0.0
0.0
0.0
0.0
0.0
0.0
0.0
0.0
0.0
0.0
0.0
0.0
0.0
0.0
0.0
0.0
0.0
0.0
0.0
0.0
0.0
0.0
0.0
0.0
0.0
0.0
0.0
0.0
0.0
0.0
0.0
0.0
0.0
0.0
0.0
0.0
0.0
0.0
0.0
0.0
0.0
0.0
0.0
0.0
0.0
0.0
0.0
0.0
0.0
0.0
0.0
0.0
0.0
0.0
0.0
0.0
0.0
0.0
0.0
0.0
0.0
0.0
0.0
0.0
0.0
0.0
0.0
0.0
0.0
0.0
0.0
0.0
0.0
0.0
0.0
0.0
0.0
0.0
0.0
0.0
0.0
0.0
0.0
0.0
0.0
0.0
0.0
0.0
0.0
0.0
0.0
0.0
0.0
0.0
0.0
0.0
0.0
0.0
0.0
0.0
0.0
0.0
0.0
0.0
0.0
0.0
0.0
0.0
0.0
0.0
0.0
0.0
0.0
0.0
0.0
0.0
0.0
0.0
0.0
0.0
0.0
0.0
0.0
0.0
0.0
0.0
0.0
0.0
0.0
0.0
0.0
0.0
0.0
0.0
0.0
0.0
0.0
0.0
0.0
0.0
0.0
0.0
0.0
0.0
0.0
0.0
0.0
0.0
0.0
0.0
0.0
0.0
0.0
0.0
0.0
0.0
0.0
0.0
0.0
0.0
0.0
0.0
0.0
0.0
0.0
0.0
0.0
0.0
0.0
0.0
0.0
0.0
0.0
0.0
0.0
0.0
0.0
0.0
0.0
0.0
0.0
0.0
0.0
0.0
0.0
0.0
0.0
0.0
0.0
0.0
0.0
0.0
0.0
0.0
0.0
0.0
0.0
0.0
0.0
0.0
0.0
0.0
0.0
0.0
0.0
0.0
0.0
0.0
0.0
0.0
0.0
0.0
0.0
0.0
0.0
0.0
0.0
0.0
0.0
0.0
0.0
0.0
0.0
0.0
0.0
0.0
0.0
0.0
0.0
0.0
0.0
0.0
0.0
0.0
0.0
0.0
0.0
0.0
0.0
0.0
0.0
0.0
0.0
0.0
0.0
0.0
0.0
0.0
0.0
0.0
0.0
0.0
0.0
0.0
0.0
0.0
0.0
0.0
0.0
0.0
0.0
0.0
0.0
0.0
0.0
0.0
0.0
0.0
0.0
0.0
0.0
0.0
0.0
0.0
0.0
0.0
0.0
0.0
0.0
0.0
0.0
0.0
0.0
0.0
0.0
0.0
0.0
0.0
0.0
0.0
0.0
0.0
0.0
0.0
0.0
0.0
0.0
0.0
0.0
0.0
0.0
0.0
0.0
0.0
0.0
0.0
0.0
0.0
0.0
0.0
0.0
0.0
0.0
0.0
0.0
0.0
0.0
0.0
0.0
0.0
0.0
0.0
0.0
0.0
0.0
0.0
0.0
0.0
0.0
0.0
0.0
0.0
0.0
0.0
0.0
0.0
0.0
0.0
0.0
0.0
0.0
0.0
0.0
0.0
0.0
0.0
0.0
0.0
0.0
0.0
0.0
0.0
0.0
0.0
0.0
0.0
0.0
0.0
0.0
0.0
0.0
0.0
0.0
0.0
0.0
0.0
0.0
0.0
0.0
0.0
0.0
0.0
0.0
0.0
0.0
0.0
0.0
0.0
0.0
0.0
0.0
0.0
0.0
0.0
0.0
0.0
0.0
0.0
0.0
0.0
0.0
0.0
0.0
0.0
0.0
0.0
0.0
0.0
0.0
0.0
0.0
0.0
0.0
0.0
0.0
0.0
0.0
0.0
0.0
0.0
0.0
0.0
0.0
0.0
0.0
0.0
0.0
0.0
0.0
0.0
0.0
0.0
0.0
0.0
0.0
0.0
0.0
0.0
0.0
0.0
0.0
0.0
0.0
0.0
0.0
0.0
0.0
0.0
0.0
0.0
0.0
0.0
0.0
0.0
0.0
0.0
0.0
0.0
0.0
0.0
0.0
0.0
0.0
0.0
0.0
0.0
0.0
0.0
0.0
0.0
0.0
0.0
0.0
0.0
0.0
0.0
0.0
0.0
0.0
0.0
0.0
0.0
0.0
0.0
0.0
0.0
0.0
0.0
0.0
0.0
0.0
0.0
0.0
0.0
0.0
0.0
0.0
0.0
0.0
0.0
0.0
0.0
0.0
0.0
0.0
0.0
0.0
0.0
0.0
0.0
0.0
0.0
0.0
0.0
0.0
0.0
0.0
0.0
0.0
0.0
0.0
0.0
0.0
0.0
0.0
0.0
0.0
0.0
0.0
0.0
0.0
0.0
0.0
0.0
0.0
0.0
0.0
0.0
0.0
0.0
0.0
0.0
0.0
0.0
0.0
0.0
0.0
0.0
0.0
0.0
0.0
0.0
0.0
0.0
0.0
0.0
0.0
0.0
0.0
0.0
0.0
0.0
0.0
0.0
0.0
0.0
0.0
0.0
0.0
0.0
0.0
0.0
0.0
0.0
0.0
0.0
0.0
0.0
0.0
0.0
0.0
0.0
0.0
0.0
0.0
0.0
0.0
0.0
0.0
0.0
0.0
0.0
0.0
0.0
0.0
0.0
0.0
0.0
0.0
0.0
0.0
0.0
0.0
0.0
0.0
0.0
0.0
0.0
0.0
0.0
0.0
0.0
0.0
0.0
0.0
0.0
0.0
0.0
0.0
0.0
0.0
0.0
0.0
0.0
0.0
0.0
0.0
0.0
0.0
0.0
0.0
0.0
0.0
0.0
0.0
0.0
0.0
0.0
0.0
0.0
0.0
0.0
0.0
0.0
0.0
0.0
0.0
0.0
0.0
0.0
0.0
0.0
0.0
0.0
0.0
0.0
0.0
0.0
0.0
0.0
0.0
0.0
0.0
0.0
0.0
0.0
0.0
0.0
0.0
0.0
0.0
0.0
0.0
0.0
0.0
0.0
0.0
0.0
0.0
0.0
0.0
0.0
0.0
0.0
0.0
0.0
0.0
0.0
0.0
0.0
0.0
0.0
0.0
0.0
0.0
0.0
0.0
0.0
0.0
0.0
0.0
0.0
0.0
0.0
0.0
0.0
0.0
0.0
0.0
0.0
0.0
0.0
0.0
0.0
0.0
0.0
0.0
0.0
0.0
0.0
0.0
0.0
0.0
0.0
0.0
0.0
0.0
0.0
0.0
0.0
0.0
0.0
0.0
0.0
0.0
0.0
0.0
0.0
0.0
0.0
0.0
0.0
0.0
0.0
0.0
0.0
0.0
0.0
0.0
0.0
0.0
0.0
0.0
0.0
0.0
0.0
0.0
0.0
0.0
0.0
0.0
0.0
0.0
0.0
0.0
0.0
0.0
0.0
0.0
0.0
0.0
0.0
0.0
0.0
0.0
0.0
0.0
0.0
0.0
0.0
0.0
0.0
0.0
0.0
0.0
0.0
0.0
0.0
0.0
0.0
0.0
0.0
0.0
0.0
0.0
0.0
0.0
0.0
0.0
0.0
0.0
0.0
0.0
0.0
0.0
0.0
0.0
0.0
0.0
0.0
0.0
0.0
0.0
0.0
0.0
0.0
0.0
0.0
0.0
0.0
0.0
0.0
0.0
0.0
0.0
0.0
0.0
0.0
0.0
0.0
0.0
0.0
0.0
0.0
0.0
0.0
0.0
0.0
0.0
0.0
0.0
0.0
0.0
0.0
0.0
0.0
0.0
0.0
0.0
0.0
0.0
0.0
0.0
0.0
0.0
0.0
0.0
0.0
0.0
0.0
0.0
0.0
0.0
0.0
0.0
0.0
0.0
0.0
0.0
0.0
0.0
0.0
0.0
0.0
0.0
0.0
0.0
0.0
0.0
0.0
0.0
0.0
0.0
0.0
0.0
0.0
0.0
0.0
0.0
0.0
0.0
0.0
0.0
0.0
0.0
0.0
0.0
0.0
0.0
0.0
0.0
0.0
0.0
0.0
0.0
0.0
0.0
0.0
0.0
0.0
0.0
0.0
0.0
0.0
0.0
0.0
0.0
0.0
0.0
0.0
0.0
0.0
0.0
0.0
0.0
0.0
0.0
0.0
0.0
0.0
0.0
0.0
0.0
0.0
0.0
0.0
0.0
0.0
0.0
0.0
0.0
0.0
0.0
0.0
0.0
0.0
0.0
0.0
0.0
0.0
0.0
0.0
0.0
0.0
0.0
0.0
0.0
0.0
0.0
0.0
0.0
0.0
0.0
0.0
0.0
0.0
0.0
0.0
0.0
0.0
0.0
0.0
0.0
0.0
0.0
0.0
0.0
0.0
0.0
0.0
0.0
0.0
0.0
0.0
0.0
0.0
0.0
0.0
0.0
0.0
0.0
0.0
0.0
0.0
0.0
0.0
0.0
0.0
0.0
0.0
0.0
0.0
0.0
0.0
0.0
0.0
0.0
0.0
0.0
0.0
0.0
0.0
0.0
0.0
0.0
0.0
0.0
0.0
0.0
0.0
0.0
0.0
0.0
0.0
0.0
0.0
0.0
0.0
0.0
0.0
0.0
0.0
0.0
0.0
0.0
0.0
0.0
0.0
0.0
0.0
0.0
0.0
0.0
0.0
0.0
0.0
0.0
0.0
0.0
0.0
0.0
0.0
0.0
0.0
0.0
0.0
0.0
0.0
0.0
0.0
0.0
0.0
0.0
0.0
0.0
0.0
0.0
0.0
0.0
0.0
0.0
0.0
0.0
0.0
0.0
0.0
0.0
0.0
0.0
0.0
0.0
0.0
0.0
0.0
0.0
0.0
0.0
0.0
0.0
0.0
0.0
0.0
0.0
0.0
0.0
0.0
0.0
0.0
0.0
0.0
0.0
0.0
0.0
0.0
0.0
0.0
0.0
0.0
0.0
0.0
0.0
0.0
0.0
0.0
0.0
0.0
0.0
0.0
0.0
0.0
0.0
0.0
0.0
0.0
0.0
0.0
0.0
0.0
0.0
0.0
0.0
0.0
0.0
0.0
0.0
0.0
0.0
0.0
0.0
0.0
0.0
0.0
0.0
0.0
0.0
0.0
0.0
0.0
0.0
0.0
0.0
0.0
0.0
0.0
0.0
0.0
0.0
0.0
0.0
0.0
0.0
0.0
0.0
0.0
0.0
0.0
0.0
0.0
0.0
0.0
0.0
0.0
0.0
0.0
0.0
0.0
0.0
0.0
0.0
0.0
0.0
0.0
0.0
0.0
0.0
0.0
0.0
0.0
0.0
0.0
0.0
0.0
0.0
0.0
0.0
0.0
0.0
0.0
0.0
0.0
0.0
0.0
0.0
0.0
0.0
0.0
0.0
0.0
0.0
0.0
0.0
0.0
0.0
0.0
0.0
0.0
0.0
0.0
0.0
0.0
0.0
0.0
0.0
0.0
0.0
0.0
0.0
0.0
0.0
0.0
0.0
0.0
0.0
0.0
0.0
0.0
0.0
0.0
0.0
0.0
0.0
0.0
0.0
0.0
0.0
0.0
0.0
0.0
0.0
0.0
0.0
0.0
0.0
0.0
0.0
0.0
0.0
0.0
0.0
0.0
0.0
0.0
0.0
0.0
0.0
0.0
0.0
0.0
0.0
0.0
0.0
0.0
0.0
0.0
0.0
0.0
0.0
0.0
0.0
0.0
0.0
0.0
0.0
0.0
0.0
0.0
0.0
0.0
0.0
0.0
0.0
0.0
0.0
0.0
0.0
0.0
0.0
0.0
0.0
0.0
0.0
0.0
0.0
0.0
0.0
0.0
0.0
0.0
0.0
0.0
0.0
0.0
0.0
0.0
0.0
0.0
0.0
0.0
0.0
0.0
0.0
0.0
0.0
0.0
0.0
0.0
0.0
0.0
0.0
0.0
0.0
0.0
0.0
0.0
0.0
0.0
0.0
0.0
0.0
0.0
0.0
0.0
0.0
0.0
0.0
0.0
0.0
0.0
0.0
0.0
0.0
0.0
0.0
0.0
0.0
0.0
0.0
0.0
0.0
0.0
0.0
0.0
0.0
0.0
0.0
0.0
0.0
0.0
0.0
0.0
0.0
0.0
0.0
0.0
0.0
0.0
0.0
0.0
0.0
0.0
0.0
0.0
0.0
0.0
0.0
0.0
0.0
0.0
0.0
0.0
0.0
0.0
0.0
0.0
0.0
0.0
0.0
0.0
0.0
0.0
0.0
0.0
0.0
0.0
0.0
0.0
0.0
0.0
0.0
0.0
0.0
0.0
0.0
0.0
0.0
0.0
0.0
0.0
0.0
0.0
0.0
0.0
0.0
0.0
0.0
0.0
0.0
0.0
0.0
0.0
0.0
0.0
0.0
0.0
0.0
0.0
0.0
0.0
0.0
0.0
0.0
0.0
0.0
0.0
0.0
0.0
0.0
0.0
0.0
0.0
0.0
0.0
0.0
0.0
0.0
0.0
0.0
0.0
0.0
0.0
0.0
0.0
0.0
0.0
0.0
0.0
0.0
0.0
0.0
0.0
0.0
0.0
0.0
0.0
0.0
0.0
0.0
0.0
0.0
0.0
0.0
0.0
0.0
0.0
0.0
0.0
0.0
0.0
0.0
0.0
0.0
0.0
0.0
0.0
0.0
0.0
0.0
0.0
0.0
0.0
0.0
0.0
0.0
0.0
0.0
0.0
0.0
0.0
0.0
0.0
0.0
0.0
0.0
0.0
0.0
0.0
0.0
0.0
0.0
0.0
0.0
0.0
0.0
0.0
0.0
0.0
0.0
0.0
0.0
0.0
0.0
0.0
0.0
0.0
0.0
0.0
0.0
0.0
0.0
0.0
0.0
0.0
0.0
0.0
0.0
0.0
0.0
0.0
0.0
0.0
0.0
0.0
0.0
0.0
0.0
0.0
0.0
0.0
0.0
0.0
0.0
0.0
0.0
0.0
0.0
0.0
0.0
0.0
0.0
0.0
0.0
0.0
0.0
0.0
0.0
0.0
0.0
0.0
0.0
0.0
0.0
0.0
0.0
0.0
0.0
0.0
0.0
0.0
0.0
0.0
0.0
0.0
0.0
0.0
0.0
0.0
0.0
0.0
0.0
0.0
0.0
0.0
0.0
0.0
0.0
0.0
0.0
0.0
0.0
0.0
0.0
0.0
0.0
0.0
0.0
0.0
0.0
0.0
0.0
0.0
0.0
0.0
0.0
0.0
0.0
0.0
0.0
0.0
0.0
0.0
0.0
0.0
0.0
0.0
0.0
0.0
0.0
0.0
0.0
0.0
0.0
0.0
0.0
0.0
0.0
0.0
0.0
0.0
0.0
0.0
0.0
0.0
0.0
0.0
0.0
0.0
0.0
0.0
0.0
0.0
0.0
0.0
0.0
0.0
0.0
0.0
0.0
0.0
0.0
0.0
0.0
0.0
0.0
0.0
0.0
0.0
0.0
0.0
0.0
0.0
0.0
0.0
0.0
0.0
0.0
0.0
0.0
0.0
0.0
0.0
0.0
0.0
0.0
0.0
0.0
0.0
0.0
0.0
0.0
0.0
0.0
0.0
0.0
0.0
0.0
0.0
0.0
0.0
0.0
0.0
0.0
0.0
0.0
0.0
0.0
0.0
0.0
0.0
0.0
0.0
0.0
0.0
0.0
0.0
0.0
0.0
0.0
0.0
0.0
0.0
0.0
0.0
0.0
0.0
0.0
0.0
0.0
0.0
0.0
0.0
0.0
0.0
0.0
0.0
0.0
0.0
0.0
0.0
0.0
0.0
0.0
0.0
0.0
0.0
0.0
0.0
0.0
0.0
0.0
0.0
0.0
0.0
0.0
0.0
0.0
0.0
0.0
0.0
0.0
0.0
0.0
0.0
0.0
0.0
0.0
0.0
0.0
0.0
0.0
0.0
0.0
0.0
0.0
0.0
0.0
0.0
0.0
0.0
0.0
0.0
0.0
0.0
0.0
0.0
0.0
0.0
0.0
0.0
0.0
0.0
0.0
0.0
0.0
0.0
0.0
0.0
0.0
0.0
0.0
0.0
0.0
0.0
0.0
0.0
0.0
0.0
0.0
0.0
0.0
0.0
0.0
0.0
0.0
0.0
0.0
0.0
0.0
0.0
0.0
0.0
0.0
0.0
0.0
0.0
0.0
0.0
0.0
0.0
0.0
0.0
0.0
0.0
0.0
0.0
0.0
0.0
0.0
0.0
0.0
0.0
0.0
0.0
0.0
0.0
0.0
0.0
0.0
-1.8389417E-6
-1.725825E-6
-1.6162967E-6
-1.5103569E-6
-1.408006E-6
-1.3092442E-6
-1.2140717E-6
-1.1224888E-6
-1.0344957E-6
-9.5009244E-7
-8.6927935E-7
-7.920567E-7
-7.1842453E-7
-6.483831E-7
-5.8193257E-7
-5.19073E-7
-4.598047E-7
-4.041277E-7
-3.5204212E-7
-3.0354812E-7
-2.5864583E-7
-2.1733533E-7
-1.796167E-7
-1.4549008E-7
-1.14955505E-7
-8.801307E-8
-6.466283E-8
-4.4904837E-8
-2.8739146E-8
-1.6165792E-8
-7.1848034E-9
-1.796202E-9
-0.0
