0.33170128
0.22847806
0.13149889
1.4489412
2.2252464
0.6614896
0.692685
0.34566343
0.18010342
0.664802
0.62485176
0.40027463
0.088336475
0.23440886
0.6024299
0.5939524
1.4658606
1.3729943
0.6561408
0.21619484
0.31051812
0.910871
0.648734
0.50234675
0.58880764
0.42470703
0.38451058
0.21806604
0.6524675
0.7621507
1.2994257
1.8719219
1.9434382
1.6646409
1.0062504
0.37365693
0.17814946
0.5465903
0.4937054
0.578546
0.66355395
0.32294872
0.3584949
0.55034983
0.57783043
0.33575067
0.21098518
0.2784924
0.1616989
0.17874491
0.36270902
0.5013885
0.7119418
0.53412765
0.1447199
0.2508593
0.5749759
0.66128296
0.1940662
0.38782662
0.66719675
0.4154631
0.6041554
0.68885326
0.18074931
0.3011033
0.401758
0.72599554
0.57078576
0.43671718
0.52148503
0.16922846
0.35171568
0.30207607
0.20014498
0.47799292
0.59872067
0.522733
0.35224962
0.3292447
0.12843046
0.19607492
0.23027842
0.17168444
0.12988015
0.05966778
0.28625152
0.4891475
0.43901914
0.40868753
0.22984718
0.23971371
0.50135547
0.31436688
0.16468735
0.19909243
0.21256833
0.25582102
0.14381927
0.110008985
0.26667
0.28440762
0.40300372
0.39196718
0.28543568
0.09949447
0.08686273
0.08677805
0.24676557
0.3403327
0.20381053
0.24422036
0.221573
0.09531758
0.097689256
0.13099328
0.21775515
0.15054242
0.0827808
0.13507262
0.133493
0.1014972
0.23435631
0.11621578
0.06836961
0.17618781
0.37605542
0.31230977
0.18309942
0.14713216
0.03213504
0.31420764
0.34264335
0.21713565
0.0922326
0.21049768
0.22684072
0.20762698
0.1939858
0.2276249
0.19446337
0.22717549
0.18540524
0.32577267
0.25264698
0.11969796
0.104615316
0.14823595
0.29905573
0.07284029
0.30918267
0.18497087
0.14816684
0.27259606
0.16414458
0.19273074
0.17320852
0.117917396
0.2844041
0.31006283
0.15229063
0.13433163
0.1103817
0.1789646
0.2604765
0.18097277
0.10784339
0.19269918
0.14377695
0.06241277
0.063726425
0.08187888
0.10389254
0.07148371
0.2146278
0.31176615
0.32040527
0.005050979
0.23224215
0.31185633
0.29836544
0.22537877
0.29631075
0.3439839
0.016557895
0.2746309
0.34044674
0.2389374
0.17972115
0.22951269
0.039852213
0.24304485
0.33577073
0.589241
0.46608737
0.0859999
0.1118741
0.114780925
0.04793905
0.13570657
0.14008722
0.35623175
0.08371358
0.3964704
0.47315648
0.43774903
0.14306149
0.17350355
0.0768679
0.05879759
0.14513622
0.20399413
0.1028417
0.08125274
0.28491113
0.34787956
0.11919568
0.026380382
0.15465045
0.22151329
0.5563009
0.4854912
0.097410455
0.37091687
0.22456324
0.12216531
0.12460981
0.16046026
0.079459764
0.23077615
0.20226069
0.24279194
0.18417463
0.20809515
0.20741576
0.124218956
0.1593434
0.1841405
0.14896478
0.23850907
0.2819114
0.21060985
0.21862525
0.17476262
0.021348255
0.009855023
0.08723255
0.10388617
0.27614188
0.26344112
0.15544291
0.25836235
0.45454183
0.36054927
0.14272355
0.17312989
0.14828959
0.16393644
0.22226673
0.21978816
0.12829281
0.30449545
0.39486966
0.24947293
0.02240054
0.16193414
0.1762129
0.14290449
0.08864791
0.18274182
0.26902974
0.105072774
0.33880112
0.39194047
0.16673067
0.11979009
0.1835576
0.1244107
0.052296862
0.10952962
0.08776109
0.17732547
0.08431012
0.15351442
0.18466881
0.14339727
0.18605147
0.39319277
0.3389715
0.31636512
0.34645417
0.2815038
0.23929891
0.15042894
0.10427832
0.20018035
0.13425374
0.14925565
0.14663735
0.16234557
0.1486212
0.14650455
0.23111832
0.20078367
0.1502206
0.189807
0.18820518
0.0533849
0.1392133
0.189219
0.067295186
0.14667135
0.21331342
0.081366695
0.15698043
0.14807512
0.08362496
0.0894332
0.19107836
0.25308427
0.33703518
0.38708237
0.22934817
0.21376897
0.16510724
0.094104715
0.22119798
0.28086042
0.21000111
0.059563205
0.068115525
0.161405
0.12055534
0.08742947
0.13550584
0.09402197
0.04385075
0.09390703
0.063364625
0.1196192
0.10771643
0.075246714
0.11941554
0.06097857
0.032815617
0.10999013
0.13418026
0.06277849
0.081942216
0.19417365
0.2210993
0.1840856
0.21406865
0.17564856
0.23656268
0.22845164
0.08461142
0.2038412
0.14462465
0.110211946
0.12460386
0.30468282
0.35901272
0.1595964
0.14988181
0.16567607
0.15077747
0.07370329
0.13059872
0.17029896
0.19592722
0.16285014
0.20939383
0.23229805
0.1970171
0.15184613
0.27070898
0.33666542
0.22584909
0.12087643
0.08603335
0.10052975
0.21626103
0.20678084
0.19987768
0.13447784
0.13316926
0.09532673
0.02985011
0.059384707
0.14419717
0.17094447
0.06983858
0.20993888
0.16152275
0.18374544
0.16991468
0.14146742
0.11121848
0.14348547
0.32725424
0.25755352
0.06267012
0.074338295
0.06712288
0.15693253
0.13530213
0.13989949
0.021046238
0.067018494
0.047800556
0.09961965
0.060559575
0.11619921
0.18526287
0.23359242
0.13106717
0.030469269
0.060202394
0.016544309
0.073059045
0.12946376
0.112449095
0.03212764
0.1650044
0.15472358
0.07497624
0.16691728
0.33639982
0.3729762
0.24071069
0.22328544
0.14624019
0.1301308
0.27105913
0.23479961
0.0994688
0.017079664
0.16787373
0.183461
0.08539453
0.104054034
0.08187267
0.040008437
0.22077663
0.29780695
0.049888145
0.3622864
0.37564626
0.28881112
0.24357651
0.26801202
0.23395973
0.08142513
0.011371684
0.06055612
0.031501237
0.18270344
0.27919325
0.2544326
0.22796875
0.170429
0.09926902
0.13165107
0.08789456
0.069222674
0.1477065
0.2988158
0.2531174
0.04699384
0.08375856
0.12200014
0.14321637
0.09432715
0.13543226
0.09410091
0.10582976
0.11436912
0.17931144
0.18593314
0.19035214
0.19320442
0.1779346
0.20242041
0.19750968
0.076183066
0.07588658
0.062496386
0.11634916
0.02814997
0.14634249
0.22708789
0.173462
0.09625013
0.07572775
0.26213235
0.30328226
0.2244895
0.10097978
0.12320554
0.19781584
0.10237718
0.23975287
0.38952035
0.25000027
0.17718719
0.18340588
0.2527386
0.25276393
0.074087374
0.10869845
0.16632701
0.25023496
0.33199897
0.28244552
0.09936674
0.23805128
0.26070383
0.2171434
0.22171217
0.10837783
0.17094478
0.24268647
0.10012701
0.02821137
0.16716592
0.15547001
0.08153572
0.067407414
0.054570634
0.052694373
0.022008339
0.0755044
0.13897905
0.097957976
0.16496345
0.17322539
0.20891869
0.19224416
0.32341194
0.40494692
0.37624896
0.12951548
0.13239399
0.147734
0.1552103
0.025427084
0.18935978
0.1825848
0.26661423
0.25959983
0.19243643
0.11726257
0.11970973
0.10919766
0.38720044
0.40629953
0.26246688
0.19275074
0.19402787
0.17905177
0.22215085
0.4134156
0.37101567
0.13533324
0.23015437
0.47640097
0.4311549
0.20575465
0.1987273
0.20727676
0.26507407
0.20806624
0.36879444
0.38247466
0.34370047
0.40875706
0.22220615
0.3817648
0.50930256
0.56616986
0.32383072
0.3428736
0.41257203
0.37841415
0.4018552
0.25584367
0.3420088
0.35915428
0.36421767
0.20667864
0.24435028
0.18146431
0.25974566
0.20251714
0.25028697
0.3601421
0.38799328
0.6345595
0.7809168
0.40506655
0.13739672
0.29997605
0.12540007
0.18992555
0.44325837
0.2667937
0.4783933
0.6513382
0.62643206
0.24401559
0.30719358
0.46533948
0.17633477
0.35070854
0.44461936
0.25292417
0.0703916
0.12997715
0.30451688
0.40710744
0.35078025
0.39071956
0.48686323
0.4087414
0.18028413
0.03339051
0.15938963
0.14358081
0.15698145
0.1535557
0.26139927
0.31483036
0.13301879
0.06661085
0.16543274
0.23011862
0.41224045
0.32991883
0.23065324
0.31703317
0.59484774
0.692429
0.56864625
0.4576153
0.44214293
0.17871468
0.23186956
0.30642807
0.44567367
0.5962866
0.49771377
0.22546542
0.2225839
0.48018834
0.43096778
0.21644759
0.23704487
0.32202587
0.43980977
0.2972418
0.109311275
0.34785962
0.4724308
0.26511124
0.20094618
0.6210835
0.6343814
0.2827019
0.23953126
0.10141147
0.11681163
0.14268109
0.26269433
0.19989294
0.1420449
0.24606773
0.03912877
0.24088481
0.14270061
0.035507232
0.09738767
0.09194612
0.12787461
0.3702849
0.46406746
0.38173252
0.3036333
0.19200014
0.28894433
0.3343147
0.28101778
0.20437032
0.16902956
0.22103192
0.2349164
0.26110056
0.2033091
0.12449155
0.18130341
0.17940624
0.098312594
0.020312514
0.10485401
0.092667304
0.17437027
0.22210333
0.17931175
0.14757605
0.0279348
0.03840396
0.1620858
0.08819196
0.064683095
0.08170042
0.109459154
0.0847264
0.16547143
0.16153625
0.10732805
0.1214419
0.20883864
0.16450775
0.05522762
0.19583304
0.15054561
0.11158188
0.09624829
0.03358766
0.14630206
0.16487387
0.08439481
0.14793904
0.06710754
0.022705058
0.09401562
0.029310029
0.1683166
0.22746837
0.076514214
0.22003353
0.27359733
0.17774414
0.16979787
0.28132352
0.23675007
0.20853913
0.1809655
0.11919959
0.08438543
0.10693906
0.09222749
0.058620825
0.12907177
0.11579545
0.029071726
0.13075778
0.20513874
0.10505979
0.046280563
0.06603697
0.061179068
0.018600369
0.06634576
0.08569091
0.10472766
0.08609789
0.0175664
0.06582377
0.028251
0.07886481
0.06429539
0.052200727
0.062042702
0.0682529
0.037564486
0.0682171
0.10634018
0.042381912
0.05060361
0.025085395
0.06402579
0.028409477
0.111914255
0.15779546
0.13005787
0.06129711
0.03230588
0.07191233
0.09150428
0.027683763
0.063218676
0.045415238
0.056396388
0.032537937
0.11285014
0.1270584
0.060464874
0.09568221
0.115741014
0.069706745
0.11241996
0.0419495
0.035269015
0.04819801
0.094187066
0.09119676
0.05155483
0.07167161
0.08925638
0.06656896
0.10201614
0.14915295
0.12456727
0.071553454
0.06257276
0.08203848
0.050855044
0.04345316
0.044429604
0.10411916
0.11394261
0.028492209
0.046790052
0.057783727
0.06454235
0.016474707
0.08133675
0.111881115
0.027666569
0.08954227
0.06347994
0.036190677
0.03149889
0.038104557
0.03884102
0.027873877
0.045598045
0.048811615
0.055047847
0.095914476
0.03908107
0.037733782
0.010594956
0.046236444
0.02244962
0.060440384
0.07860815
0.161927
0.10325787
0.04372322
0.03830366
0.046969943
0.058934007
0.06733089
0.12826069
0.1252869
0.09684984
0.03848869
0.040231787
0.106570914
0.11304479
0.07870519
0.0760256
0.11143485
0.13429625
0.14116955
0.11652465
0.044004392
0.035763968
0.00948511
0.033325717
0.09456644
0.13915323
0.06626996
0.028501607
0.074830264
0.024713794
0.053996447
0.08886181
0.14814377
0.12720078
0.047660388
0.022759287
0.002727362
0.062312596
0.07451259
0.07723819
0.0831702
0.051983222
0.027881823
0.061098218
0.025803145
0.070316225
0.0654837
0.09962408
0.11011459
0.075076334
0.07171147
0.056949746
0.07806466
0.114625044
0.06903062
0.058713313
0.095455915
0.123919345
0.07499269
0.066474095
0.14045963
0.11061023
0.031932548
0.030184029
0.039864793
0.06888125
0.12549728
0.12005774
0.096818835
0.07792597
0.07372183
0.07956416
0.03937661
0.08794774
0.08011287
0.022118758
0.01016183
0.0571536
0.06335559
0.07422798
0.10117669
0.16821289
0.15124616
0.15655266
0.20219533
0.16254455
0.07050761
0.107284516
0.055904582
0.034343142
0.060574517
0.16033216
0.081034474
0.08329333
0.09746035
0.048183147
0.0629931
0.10343008
0.08255605
0.09191904
0.12392048
0.15443511
0.11211459
0.06820451
0.033356186
0.055909175
0.0914804
0.07002652
0.04968538
0.042694725
0.13214679
0.15293968
0.075237975
0.05054912
0.047390472
0.011895306
0.09413983
0.11441949
0.051678374
0.06244403
0.08687529
0.063323684
0.08243286
0.06450918
0.06616888
0.0859588
0.08041932
0.053468354
0.0900008
0.12318113
0.11870837
0.12370981
0.04350007
0.042523645
0.095592655
0.08539963
0.03747837
0.03740276
0.080578536
0.029945914
0.08296145
0.1200865
0.118092336
0.058238994
0.04041891
0.069047205
0.05429137
0.041573897
0.084526934
0.09390992
0.038227912
0.052625276
0.12055992
0.10938482
0.03851639
0.010092087
0.019078717
0.01982111
0.046390362
0.07255201
0.066082336
0.06334157
0.064209886
0.017448345
0.10391708
0.08558546
0.034328446
0.033811476
0.097526595
0.11684325
0.09333265
0.09134294
0.02630024
0.06342667
0.1226957
0.09922756
0.026280522
0.09419368
0.067916736
0.030399172
0.079508394
0.09911424
0.043456465
0.02597179
0.049499616
0.04699493
0.05179088
0.053095207
0.057997756
0.1207244
0.042054836
0.12193977
0.107572705
0.057962697
0.056998957
0.14896563
0.1576403
0.11610642
0.11594949
0.07702579
0.063535005
0.050193097
0.029956518
0.029560914
0.04830681
0.033561844
0.03261654
0.038220737
0.035879333
0.004367739
0.07876799
0.06412446
0.009973156
0.030847969
0.07806779
0.05067164
0.07413071
0.12946112
0.06728913
0.04657369
0.09347051
0.08482579
0.051564403
0.041963633
0.063698135
0.01810519
0.06651475
0.11764512
0.13857864
0.102249175
0.027802574
0.04839463
0.011474846
0.05639735
0.05411188
0.12225404
0.026758654
0.04202166
0.047604363
0.059896268
0.09486569
0.058445696
0.08976334
0.12607938
0.052198913
0.0728191
0.041601792
0.067765564
0.074006096
0.054172613
0.14786299
0.2251157
0.10010711
0.059752822
0.08160271
0.014018199
0.0938092
0.12562291
0.07138887
0.08421953
0.0014237012
0.07696948
0.097041875
0.056521695
0.053542018
0.042170566
0.065985136
0.15353557
0.16195214
0.11934953
0.05656858
0.08352399
0.1205574
0.13459791
0.16406816
0.14017236
0.056444865
0.03656106
0.06142553
0.1447999
0.124180526
0.019008217
0.10153867
0.03194592
0.06069613
0.028778665
0.057541844
0.09791261
0.105174765
0.053040676
0.09916976
0.13088071
0.11950042
0.047131382
0.06606907
0.091060646
0.030009134
0.06875716
0.10554243
0.11433313
0.16361596
0.15386064
0.08416884
0.03142578
0.12069971
0.2082446
0.1485636
0.04833535
0.045923375
0.0794551
0.017493691
0.030893596
0.014423436
0.022995394
0.035418544
0.047235947
0.05302213
0.05396936
0.09719042
0.07270852
0.11040026
0.070598766
0.07088629
0.06849381
0.09494639
0.12640437
0.082305886
0.09521087
0.09250007
0.12792934
0.12402538
0.049051315
0.03201988
0.14610408
0.16967069
0.07830704
0.04008586
0.06678387
0.055176426
0.050980423
0.09765263
0.10734248
0.09973704
0.13325642
0.089021094
0.0300772
0.022523567
0.04636333
0.044559382
0.09084966
0.12077692
0.07649034
0.07406339
0.06383501
0.13927785
0.055121463
0.05655108
0.07023141
0.054776277
0.05403277
0.0863684
0.107309476
0.12457407
0.123592906
0.12617788
0.12038181
0.12611565
0.049471892
0.07711682
0.11859252
0.11116948
0.07570101
0.020920249
0.10442287
0.09769804
0.028354626
0.074428014
0.080411576
0.08129799
0.03304942
0.046706785
0.12081938
0.071864724
0.04049954
0.04056968
0.054684743
0.062949754
0.11221025
0.083269194
0.009465119
0.036550492
0.08814369
0.073253416
0.124347225
0.073783904
0.060270183
0.08638443
0.11551822
0.06417702
0.1096697
0.12166218
0.059068494
0.08035664
0.053360905
0.11427492
0.10748819
0.05162106
0.071587585
0.013558116
0.079746746
0.12322884
0.11215732
0.02044572
0.11082686
0.15140405
0.08415625
0.09374753
0.095327914
0.14499734
0.15266164
0.08738054
0.008054671
0.04076509
0.090668455
0.08739292
0.09550598
0.060080443
0.029357456
0.024822952
0.06727704
0.117834255
0.058449484
0.08098448
0.10167441
0.076996654
0.034897346
0.0190793
0.034710925
0.015077017
0.059893977
0.025918368
0.082310185
0.08751626
0.08589172
0.17372082
0.19896421
0.19729048
0.1737574
0.16097741
0.11184868
0.022841806
0.06543989
0.1163651
0.1101935
0.033897318
0.10060523
0.12668885
0.1682987
0.12077625
0.03923642
0.11376248
0.049745526
0.06349087
0.015319811
0.044977896
0.07679218
0.101078875
0.103860475
0.10963606
0.049106445
0.05324916
0.06536871
0.04820985
0.036264256
0.040542476
0.042288523
0.06969818
0.08238856
0.055925634
0.038668685
0.05922185
0.10686442
0.03204432
0.112725124
0.12060317
0.011247347
0.045345135
0.045042668
0.03674651
0.110658765
0.08063214
0.1509964
0.14439245
0.04976436
0.120620474
0.08248344
0.067339614
0.08839462
0.051746756
0.06258354
0.07316387
0.040677775
0.085340776
0.21353243
0.16787171
0.119462416
0.11310511
0.08309412
0.09597882
0.118933894
0.024119304
0.12205498
0.17204471
0.119130455
0.0939811
0.09036617
0.034569237
0.06090654
0.02025749
0.026206262
0.08735792
0.048733972
0.0068065687
0.068987526
0.06108159
0.05540966
0.07913937
0.06956234
0.010563667
0.06665787
0.053875368
0.02989806
0.04149463
0.020131346
0.018038547
0.09125303
0.21265611
0.1427251
0.049555246
0.022194445
0.13989653
0.14669491
0.066782385
0.05793689
0.15926091
0.1795289
0.10441801
0.025942424
0.05450921
0.0046723457
0.06263321
0.056037154
0.037622284
0.11560148
0.22755617
0.2305775
0.15707397
0.10427138
0.13583921
0.11540132
0.08558276
0.07761259
0.052946392
0.07371164
0.12330634
0.012844085
0.094485804
0.09768099
0.03483965
0.029994698
0.0809307
0.08582984
0.079439595
0.11025851
0.057414066
0.123700894
0.16459924
0.15341935
0.18018253
0.19161819
0.12855549
0.07449661
0.062308263
0.041475818
0.04754303
0.07551041
0.1055873
0.12829536
0.13069706
0.10639566
0.15714832
0.07550916
0.10376584
0.09974004
0.06586585
0.037140206
0.11324373
0.09615079
0.08942639
0.10549682
0.16432999
0.12175616
0.03072262
0.09895712
0.09626706
0.1603386
0.089971885
0.08040011
0.03384295
0.065219134
0.13640556
0.24246308
0.13814063
0.043512456
0.058937714
0.115087114
0.08584464
0.11191692
0.18907659
0.2395237
0.22930415
0.20345615
0.20525946
0.13902864
0.12463615
0.08733556
0.09591824
0.08620718
0.08696671
0.115142435
0.06611245
0.06826008
0.10714225
0.13560896
0.05192447
0.1451817
0.1828472
0.11632914
0.11823622
0.19097345
0.25114572
0.07980753
0.0943546
0.009238442
0.17693822
0.20320168
0.12146591
0.14484188
0.09294135
0.16128553
0.13532299
0.05972466
0.041486297
0.06963381
0.04118991
0.14124979
0.07952579
0.07096176
0.11873893
0.07774435
0.10899604
0.056103628
0.04648773
0.08234304
0.0039661634
0.121398136
0.14320901
0.083939835
0.065562114
0.070177004
0.093693055
0.21794106
0.15822293
0.053795792
0.13730285
0.20695738
0.17569296
0.059689887
0.06353238
0.073960625
0.05306928
0.14923789
0.112107515
0.12571047
0.13588606
0.115649715
0.08936428
0.046667017
0.019298146
0.045049995
0.04243213
0.06664744
0.044349343
0.056605253
0.056227457
0.08851097
0.121709324
0.084657
0.044616472
0.052416876
0.008458306
0.005948682
0.022231944
0.070637815
0.15111788
0.120445624
0.09092255
0.08338849
0.035437692
0.066844195
0.12920749
0.13150719
0.06418874
0.06363594
0.09826597
0.051548522
0.083818085
0.15594228
0.14154574
0.049326852
0.08399901
0.070040196
0.049403057
0.12091244
0.086735
0.0536406
0.03540732
0.067412704
0.115557045
0.10428591
0.07000287
0.10809905
0.10863229
0.084948525
0.01929366
0.024673443
0.07922075
0.080598496
0.04756874
0.03810641
0.1120451
0.17077628
0.16614784
0.10433678
0.069448516
0.07257959
0.13719328
0.17026363
0.112821504
0.027496092
0.13691469
0.123988576
0.034902032
0.086416066
0.050460126
0.08507067
0.1108613
0.09728454
0.086508274
0.06545072
0.010788113
0.0983977
0.1495253
0.11234011
0.06266144
0.046522636
0.11642227
0.1529984
0.09297671
0.07645341
0.023648009
0.0396273
0.050251365
0.057144042
0.052977636
0.11139735
0.113635235
0.054764748
0.011721158
0.063183516
0.11034923
0.046891183
0.08040107
0.056161035
0.0480915
0.093507536
0.15383153
0.14534806
0.11605191
0.025283173
0.020382859
0.057399567
0.12698817
0.07297261
0.13493465
0.21555823
0.13072987
0.049879916
0.0021229568
0.07838267
0.14771979
0.104264654
0.05417045
0.082033806
0.10900627
0.11088655
0.077551685
0.09270612
0.09541379
0.07867466
0.0704801
0.10971984
0.06364113
0.05019109
0.09744432
0.092722766
0.044264358
0.020552708
0.07937114
0.029294942
0.03422007
0.055357784
0.023913104
0.076133944
0.07062564
0.048164386
0.010963648
0.0682321
0.010079201
0.02869019
0.032916065
0.068511106
0.06916399
0.01819692
0.033348568
0.068861395
0.030952638
0.10699057
0.09198595
0.063569166
0.046352636
0.05724346
0.09428697
0.060677987
0.066605
0.079841025
0.100094855
0.09482559
0.11476158
0.09947247
0.09702157
0.067641154
0.025084132
0.0047982316
0.058194995
0.05046622
0.080707215
0.07820606
0.10072546
0.100080155
0.039645053
0.04463688
0.042950526
0.09267264
0.1103274
0.066704765
0.067934126
0.101776496
0.08544041
0.0802072
0.15229319
0.15047312
0.02740186
0.10223712
0.14317708
0.12360617
0.06986772
0.024906332
0.07775729
0.10957543
0.08068411
0.050638024
0.04959294
0.010308892
0.011758131
0.07393397
0.06755579
0.013871381
0.038344737
0.07064571
0.0917357
0.13177577
0.06907604
0.07654452
0.07672807
0.046255443
0.08438028
0.1066122
0.049988173
0.045495603
0.07262713
0.055343352
0.04967077
0.058657117
0.047301136
0.06269193
0.087535255
0.069277704
0.035197303
0.03818953
0.036998168
0.05020589
0.08101632
0.030042106
0.073165536
0.08626916
0.039661933
0.09881647
0.06444849
0.016881594
0.04734628
0.047769506
0.010526529
0.05968165
0.06669456
0.046866514
0.05763395
0.12292498
0.11210295
0.022697823
0.049758773
0.03005305
0.04994533
0.046021875
0.05355074
0.09548728
0.12177817
0.095610194
0.03548382
0.051139466
0.05169549
0.095081225
0.117764056
0.051815193
0.034432307
0.022392435
0.028833034
0.05115599
0.12238617
0.086182624
0.028298058
0.029865172
0.09002662
0.077054925
0.052864008
0.07313037
0.050530523
0.07321827
0.06932172
0.06269263
0.031385448
0.010205787
0.03845337
0.049816318
0.051384617
0.035142798
0.023988985
0.06089147
0.105379276
0.13360023
0.08752255
0.034237925
0.061503552
0.117459424
0.10269163
0.08069066
0.040242996
0.049992558
0.08718449
0.04652991
0.042769678
0.102033004
0.06689731
0.06810874
0.10405975
0.062049765
0.055729084
0.004155233
0.044035345
0.033827677
0.020555273
0.11306544
0.07975801
0.030415315
0.07263531
0.051276885
0.046165403
0.023489852
0.065456085
0.062177427
0.029524338
0.060815394
0.0892848
0.11832015
0.12275968
0.09612509
0.031622734
0.07778287
0.12504755
0.067234434
0.056718107
0.11866415
0.059714258
0.060945205
0.071503766
0.033542894
0.079736486
0.030056318
0.06576572
0.0821438
0.07383664
0.08801425
0.089654006
0.088162266
0.08174359
0.11222035
0.09857012
0.055044577
0.05142034
0.09384303
0.11808808
0.103922896
0.11431109
0.08366462
0.050052565
0.037703298
0.07142305
0.07619481
0.012155747
0.07414615
0.037215892
0.04423167
0.08824049
0.09433283
0.100662164
0.06220558
0.057512768
0.08067753
0.02724016
0.047312062
0.0661341
0.055454593
0.010830004
0.05743493
0.043925997
0.03550572
0.021570355
0.06776783
0.07873246
0.07270045
0.006866971
0.07133299
0.05201734
0.036690984
0.11770151
0.100525774
0.030698374
0.04279915
0.038017303
0.047575884
0.022590358
0.029472059
0.054235578
0.030362137
0.034755547
0.049438417
0.054032274
0.030969886
0.03387866
0.01757932
0.036105398
0.059306666
0.031574216
0.026568307
0.046013296
0.0629288
0.044175126
0.013484854
0.048892375
0.03214304
0.017645407
0.017666962
0.017819544
0.04745991
0.05884048
0.032199472
0.012077899
0.023812514
0.031097664
0.08342093
0.06479144
0.03578365
0.057333425
0.038702335
0.036329955
0.086244844
0.04008156
0.07296134
0.04384685
0.0048589422
0.023743471
0.01827917
0.012026815
0.018757202
0.018984472
0.04279062
0.04664426
0.043271556
0.055878006
0.054087628
0.019987755
0.028678125
0.027671823
0.032155152
0.05536301
0.06044106
0.044412766
0.021509293
0.02973882
0.0676448
0.04329762
0.010964308
0.0021914984
0.034234226
0.04942619
0.059848014
0.082291014
0.06317189
0.06275184
0.06965124
0.05086109
0.03604162
0.027887775
0.03201212
0.022600338
0.03847328
0.056358304
0.04154559
0.039954275
0.024890509
0.008557458
0.013594907
0.037145324
0.028981486
0.015297967
0.037730828
0.041395184
0.05127992
0.055672765
0.030344669
0.020556629
0.036764577
0.039182466
0.009028449
0.028892385
0.029832441
0.047388587
0.06070928
0.04563801
0.0048470735
0.032754987
0.056307055
0.035439875
0.03971793
0.043680463
0.039631404
0.05881878
0.071248606
0.07214303
0.05957233
0.020368233
0.036292918
0.04960006
0.022329668
0.0336842
0.07882222
0.07078622
0.029560927
0.033027835
0.05525419
0.065387025
0.07153029
0.058525316
0.044301506
0.06383935
0.04702799
0.008377897
0.014202892
0.030694557
0.07923941
0.116101384
-0.003051847
-0.0061036795
-0.003051829
0.0
0.0030517967
0.00610355
0.00305175
-0.0030517213
0.0
0.0030516528
0.006103227
0.009154711
0.009154571
0.0030514733
0.0030514195
0.0
-0.003051301
0.0
0.0
0.0
-0.0030510207
-0.0030509417
0.0
0.0
0.003050683
0.0061011794
0.0030504928
-0.0030503923
-0.0030502882
-0.0030501804
0.003050069
0.0
0.006099671
0.0
-0.0091487635
-0.006098917
-0.0060986513
0.0030491892
0.0030490493
0.0060978113
0.0030487585
-0.006097215
-0.00914536
-0.0030482954
0.0
0.0
0.0
-0.0030476279
-0.0060949037
-0.006094545
-0.0030470896
0.0
0.0
0.003046519
0.0
-0.0030461205
0.0
0.0
0.0
0.0030452812
0.0
-0.00304484
-0.0030446139
-0.0060887686
-0.0060883025
-0.009131744
-0.006087349
-0.006086861
-0.0030431831
-0.0030429321
0.0
0.0030424194
-0.0030421577
-0.0030418923
-0.0030416236
-0.0030413512
0.0
0.0
-0.0030405126
-0.003040226
0.0
0.0
0.0030393444
0.0030390436
0.003038739
0.0
-0.0030381195
-0.0030378043
-0.0030374855
-0.0030371633
-0.0030368373
-0.0030365079
0.003036175
0.0030358385
0.0030354983
0.003035155
-0.0030348075
-0.0030344569
0.0
0.0030337449
0.0030333833
-0.0030330184
-0.00909795
-0.009096834
-0.006063805
-0.0060630464
-0.0030311407
-0.0030307544
-0.0060607293
-0.0030299714
-0.0060591493
-0.0030291742
0.0
-0.0030283628
-0.0030279518
-0.0030275374
-0.0060542384
-0.0030266976
-0.0030262724
-0.0030258438
0.0
0.006049952
0.0060490733
0.006048188
0.0030236477
0.0
0.006045489
0.009066863
0.0030218272
0.0030213632
0.0
0.0
0.0060399007
0.0060389447
0.009056972
0.0120740235
0.0030180172
0.0
0.0
0.006033061
0.01508014
0.009046566
0.0
0.0
-0.0030139827
0.0
0.006025878
0.0060248235
0.0030118811
-0.006022694
-0.009032428
-0.0060205366
-0.0060194475
-0.0060183513
-0.006017248
-0.009024207
-0.012030041
0.0
0.0
0.0
-0.0060104826
-0.0030046653
-0.009012257
-0.009010509
-0.0060058325
-0.0030023265
-0.003001733
-0.0060022725
-0.0060010715
-0.008999796
-0.0059986496
-0.005997428
-0.0059962
-0.008992447
-0.008990583
-0.0059924726
-0.008986825
0.0
0.0
0.0
-0.005986123
-0.002992416
0.0
0.0
0.0
0.0029898002
-0.005978275
-0.005976943
-0.008963406
-0.0059742583
-0.0059729056
-0.005971546
-0.0029850898
-0.005968806
-0.0059674256
-0.0059660384
-0.0059646447
-0.005963244
-0.0059618363
-0.0059604216
-0.0059590004
-0.0059575723
-0.005956137
-0.0059546954
-0.0059532467
-0.0029758955
-0.0029751642
-0.0029744296
-0.0029736916
-0.0029729502
-0.005944411
-0.0059429146
-0.005941411
0.0
0.0
0.0029684303
0.002967665
-0.005933793
-0.0029661243
-0.005930698
-0.0029645702
0.002963788
0.0029630025
0.0029622135
0.0
-0.005921251
-0.011839306
-0.002959024
-0.002958218
-0.0029574088
-0.0029565962
-0.0029557804
-0.002954961
0.0029541384
0.0
0.005904966
0.0029516502
0.0
-0.0029499745
0.0029491317
0.008844857
0.008842308
0.00883975
0.002945727
-0.0029448674
-0.0029440045
0.0
0.0
0.0029413959
0.008821559
0.00293964
0.0029387572
0.0029378708
0.0029369814
0.005872177
0.0029351923
0.0029342927
0.0
-0.0029324838
0.0029315744
0.0029306617
0.0
-0.0029288263
-0.0029279036
0.0
0.0
0.0029251156
0.00292418
0.0058464813
0.0058445963
0.005842705
0.005840807
0.011677804
0.008755486
0.008752611
0.008749723
0.0058312183
0.005829281
0.005827337
0.005825387
0.0029117148
0.0058214664
0.0029097481
0.00581752
0.0029077684
0.0058135474
0.005811551
0.008714323
0.008711309
0.005805524
0.005803502
0.0029007369
0.0028997194
0.0028986987
0.0028976747
0.0028966474
0.0
0.0028945834
0.005787093
0.005785013
0.0057829265
0.0
-0.002889367
0.0028883142
0.002887258
0.0028861987
0.0057702726
0.005768141
0.005766003
0.0028819295
0.005761708
0.005759551
0.0057573877
0.005755218
0.0
-0.0028754298
0.0
-0.0028732377
0.0
0.005742066
0.005739852
0.005737631
0.0
0.0
0.0
0.0057286858
0.0
0.0
0.0
-0.00285982
0.0028586814
0.0028575396
0.0028563947
0.0028552467
0.0028540955
0.0028529412
0.0057035675
0.0028506233
0.0028494596
0.0028482927
0.0
0.00284595
0.002844774
0.0
0.0028424123
0.002841227
0.0
0.0
0.002837652
0.0028364544
0.008505761
0.008502149
0.0028328425
0.005663265
0.0028304192
0.0028292031
0.0056559676
0.008480284
0.0084766075
0.0
-0.002823076
-0.0028218413
0.0
0.002819363
0.0028181192
0.0
0.0028156226
0.0028143697
0.0056262277
0.002811855
0.002810593
0.0028093278
-0.0028080598
-0.0028067888
0.0028055147
0.0056084758
0.0
0.0028016747
0.0
-0.005598199
0.0027978073
0.0055930247
0.0055904286
0.0027939132
0.0
-0.0055826046
-0.008369977
-0.0055773584
-0.0027873632
0.0
0.0
0.0
-0.0055641397
-0.0027807392
-0.0027794056
0.0
0.0027767292
0.0027753867
0.0
0.0
0.0
0.0
0.00276863
0.0
0.0027659065
-0.0027645405
-0.0027631717
0.0
-0.0027604252
0.0
0.0
0.0
0.0
0.0027535078
0.0
-0.0027507208
-0.002749323
0.0
0.0
0.0
0.0027437026
0.0
0.0
0.0
0.0054760724
0.0054732254
-0.0027351861
-0.0027337568
0.0027323244
0.0027308895
0.0
-0.0054560215
-0.0027265672
-0.0054502413
-0.016342029
-0.0054444387
-0.0027207646
-0.0027193069
0.0027178463
-0.0054327664
-0.005429834
-0.0027134481
0.0
0.002710502
0.0027090246
0.0027075447
-0.0027060618
-0.0027045761
0.0
0.0
0.0
0.0
0.0
0.0026956042
0.0026940994
0.0026925916
0.0026910813
0.0
-0.0026880521
0.0
0.002685012
0.0053669754
0.005363922
0.0026804314
-0.002678899
-0.002677364
0.0
-0.0053485716
0.0
0.0026711968
0.0026696483
0.0
0.0026665432
0.0026649865
0.0026634273
0.0026618652
0.0
0.0
0.0
0.0
0.0026540156
0.0
0.002650857
0.0
0.0
0.002646099
0.002644508
0.0
0.0
0.0
0.002638117
0.0052730255
0.0052698115
0.0026332962
0.002631684
0.007890208
0.007885356
0.01313416
0.007875629
0.0026235844
0.0052439133
0.0052406527
0.00785608
0.013085291
0.00784626
0.007841338
0.0026121365
0.0026104907
0.007826528
0.0052143834
0.0078166155
0.0078116474
0.0
0.0026005632
0.0025988996
0.0051944675
0.0077866954
0.007781682
0.005184441
0.0025905445
0.0
-0.0025871848
0.0
0.0
0.0025821265
0.005160871
0.0
0.0
0.0
0.0
0.0025719432
0.0025702373
0.0
0.0025668181
0.0
0.0051267785
0.0025616712
0.0
0.0025582276
-0.0025565021
-0.0051095486
0.0
0.0051026223
0.0
-0.0025478385
-0.0025460985
-0.0025443563
0.0025426117
0.0
0.002539115
0.002537363
0.0
0.0
0.0
0.0
0.0025285678
0.0025268018
0.0050500664
0.005046525
0.0050429786
0.0
0.0
0.0025161556
0.005028746
0.007537765
0.0050216024
0.0025090117
0.0
0.0
-0.0025036293
0.0025018305
0.0
0.0
0.0024964204
0.0
0.0
0.0
0.0049783504
0.0049747163
0.004971078
0.0024837174
0.0024818936
0.0024800678
0.0049564787
0.0049528177
0.0049491525
0.0074182237
0.002470904
0.0024690644
0.0
0.002465379
0.0024635328
0.0024616846
0.0
-0.0024579815
0.0
0.0
0.0073572304
0.007351646
0.0024486852
0.0024468193
0.0
0.0
0.0
0.0024393345
0.004874916
-0.0024355792
0.0
0.0
0.0024299303
0.0072841286
0.0024261535
0.0
-0.0024223684
-0.0024204727
-0.0024185749
0.0024166747
0.0024147728
0.0048257373
0.0
-0.0048181084
-0.0024071436
-0.0048104622
0.0024033168
0.0048028002
0.0023994814
0.0
0.002395638
0.0
0.0
0.0047797146
0.0
-0.0023859935
0.0
0.0
0.0
0.0071347244
0.0071288953
0.00712306
0.007117219
0.0071113715
0.0023685063
0.0
0.0070937946
0.0047252825
0.007082047
0.0070761642
0.007070276
0.0047095874
0.004705654
0.004701717
0.0023488877
0.00469383
0.004689881
0.004685928
0.0023409857
0.0
0.0
0.0
0.0
0.0023310652
0.0046581505
0.0023270836
-0.00232509
0.0023230945
-0.0023210973
0.004638196
0.0023170968
-0.002315094
0.002313089
-0.0023110826
-0.002309074
-0.0023070637
0.0023050513
0.0023030373
-0.0023010215
-0.0022990038
-0.0022969844
-0.002294963
0.00229294
0.002290915
0.0022888882
0.0022868598
0.0022848293
0.0022827971
0.0022807634
0.0022787277
0.0022766902
0.002274651
0.00227261
0.0022705672
0.0022685227
0.0045329533
0.0022644287
0.0022623788
0.0022603276
0.0022582742
0.0022562195
0.0022541627
0.0022521045
0.0022500444
0.0022479827
-0.0022459193
-0.002243854
0.0022417873
0.0022397188
0.0
0.0
-0.0022335032
0.0
0.0
-0.0022272724
0.0
0.0022231105
-0.002221027
0.0
-0.002216855
-0.0022147668
0.0
0.0
-0.002208492
-0.0022063972
0.0022043008
0.0
-0.0022001031
-0.0021980018
0.0021958991
0.0
-0.0021916889
-0.0021895813
-0.0021874723
0.0021853617
-0.0021832495
-0.0021811358
-0.0021790206
-0.0065307114
-0.006524356
-0.0021726657
-0.0065116324
-0.0021684214
-0.0021662968
-0.002164171
-0.0021620435
-0.006479744
-0.0021577843
-0.0021556523
-0.0021535188
-0.002151384
-0.0021492478
-0.00214711
-0.0021449707
-0.00214283
0.0021406878
0.002138544
-0.002136399
0.0021342526
0.0021321047
0.004259911
0.004255609
0.0021256523
-0.0021234988
-0.0021213437
-0.0021191873
0.0042340592
0.0021148704
-0.0021127097
-0.0021105479
-0.0021083844
0.0
0.0021040535
0.002101886
0.0041994345
0.0020975473
0.0020953757
0.004186406
0.0020910287
0.0020888532
0.004173353
0.0020844983
-0.0020823188
-0.002080138
-0.002077956
-0.0020757725
0.0020735878
0.0020714018
0.0020692146
0.0020670262
-0.0020648362
-0.0041252906
0.0
-0.0020582592
-0.0020560645
0.0
0.0
0.0
-0.0020472726
-0.0020450717
0.0020428693
-0.0020406658
0.0
0.0020362553
0.0020340483
0.0
0.0020296304
0.0020274199
0.0
0.0
0.0
0.0
0.0020163488
0.0020141313
0.0020119124
0.0020096924
0.0
0.0
0.0
-0.0040016025
0.0019985756
0.0019963488
0.0039882422
0.0019918922
-0.0019896622
0.0
0.0019851988
0.0
0.001980731
0.0019784956
-0.0019762593
0.0019740216
0.0019717831
0.0
0.0019673028
0.0
0.0019628182
0.0019605744
-0.0019583295
0.0019560836
0.0
0.0
0.00194934
0.0019470901
0.0
0.0019425874
0.0
0.0
0.0
0.0
0.0019313137
0.0
0.0019267973
-0.0019245378
0.0
0.0
0.0
0.0
0.0
-0.001910961
-0.00381739
-0.0019064281
-0.0038083205
-0.0019018917
0.0
0.0
0.0
0.001892808
0.001890535
0.0018882611
0.0018859863
0.0
0.0
-0.0018791569
-0.0018768788
0.0018745998
-0.0018723201
-0.0018700395
-0.001867758
-0.0018654758
-0.0018631929
0.001860909
0.0018586244
-0.001856339
-0.0037081058
-0.001851766
0.0
0.0018471899
0.0036898013
0.0018426107
0.00184032
-0.0018380285
0.0
0.0
0.0018311498
0.0
-0.0036531207
-0.0018242645
-0.0036439362
-0.0018196709
0.0
0.0
0.0
-0.0018104754
0.0
0.0
-0.0018035716
0.0
-0.0017989659
-0.005389986
-0.003588715
-0.0035841048
-0.0017897467
-0.0017874404
-0.0017851334
-0.0017828258
-0.0053415527
-0.0035564175
-0.0053276983
-0.0017735894
-0.0035425578
-0.0035379354
-0.0017666561
-0.0035286874
-0.0017620309
-0.003519435
-0.0017574036
-0.005265267
-0.005258322
-0.003500917
-0.0034962848
-0.0034916515
-0.005230526
-0.005223573
-0.0034777457
-0.0052096625
-0.0034684702
-0.0034638308
-0.0034591907
-0.0034545495
-0.005174861
-0.0034452642
-0.0017203101
-0.0017179876
-0.0034313295
-0.0034266827
-0.0034220351
-0.00512608
-0.005119106
-0.0051121307
-0.006806872
-0.0067975684
-0.0050911973
-0.005084217
-0.0033848237
-0.005070253
-0.0050632693
-0.0033708562
-0.0050492985
-0.0033615408
-0.001678441
-0.0016761112
-0.0033475622
-0.0033429014
-0.0050073597
-0.005000366
-0.0033289145
-0.0033242507
-0.0016597933
-0.0033149216
-0.004965384
-0.00330559
-0.0033009234
-0.003296256
-0.0016457941
-0.0032869198
-0.0032822508
-0.004916372
-0.004909367
-0.0016341202
-0.0016317847
-0.001629449
0.0
-0.00487433
-0.0032448804
-0.0032402067
-0.0048532994
-0.0016154293
0.0016130919
-0.0016107543
-0.0016084164
-0.003212157
-0.004811221
-0.001601402
0.0015990634
0.0015967247
-0.0015943858
-0.0015920468
-0.0031794154
-0.0015873683
0.0
-0.0015826892
0.0
-0.0015780096
-0.0015756695
-0.0015733294
-0.0015709891
-0.0031372977
-0.0015663084
0.0
0.0
-0.0015592865
0.0
-0.0031092097
-0.001552264
0.0
0.0
0.0015452408
0.0
-0.0015405584
0.0
-0.001535876
-0.0015335347
-0.0015311934
0.0
-0.0015265108
-0.003048339
0.0
0.0
0.0
0.0
-0.0015124631
-0.0015101219
0.0
0.0
0.0015030985
0.0015007575
0.0
-0.0014960757
0.0
0.0
-0.0014890534
-0.0029734257
-0.004453117
-0.0029640638
-0.0029593832
-0.0029547028
-0.0014750113
0.0
-0.0014703316
0.0
-0.0014656524
0.0
0.0
0.0
0.0014562956
0.0029079136
0.0
0.0
0.0
0.0
0.0
0.0
-0.0014375903
0.0
-0.001432916
-0.0014305791
0.0
0.0
0.00142357
0.0028424682
0.0014188983
0.0014165629
0.0
0.0
0.0014095583
0.002814448
0.0028097797
0.0014025561
0.0014002225
0.0
-0.0013955565
0.0027864478
0.0
0.0013885596
0.0
-0.0013838967
0.0
-0.0013792351
0.0013769048
0.0
0.0
0.001369916
0.0
0.0013652586
0.0013629305
0.0013606028
0.0027165508
0.0013559485
0.0
-0.0013512959
0.0
0.0
0.0
-0.0013419954
-0.0013396714
-0.0013373479
0.0
0.0
0.0
0.0013280581
0.0
0.0
0.0
0.0
0.0013164562
0.0013141374
0.001311819
0.001309501
0.0013071836
0.0
0.0
0.0013002346
0.0012979193
0.0
0.0
0.0
0.0012886636
-0.002572702
0.0
0.0
0.0
0.0
0.0012747968
0.0012724877
0.0
-0.0025357427
-0.002531128
0.0
0.0
0.0
-0.0025126822
-0.0025080738
-0.0025034668
-0.002498861
-0.0024942565
-0.0024896534
-0.0024850515
-0.002480451
0.0
-0.0012356271
-0.0012333288
0.0
-0.002457469
0.0
-0.001224143
-0.0012218483
0.0012195542
-0.001217261
0.0
0.0012126766
0.0012103856
0.0012080952
0.0012058056
0.0
0.0012012287
0.0
-0.0023933097
0.0011943692
0.0011920842
0.0
0.0011875165
0.0011852339
0.0011829521
0.0
-0.0011783909
-0.0011761115
0.0
-0.0011715553
0.0
-0.0011670024
-0.0011647271
0.0011624529
0.0011601793
0.0011579067
-0.0011556349
-0.0011533641
-0.001151094
-0.0011488249
0.0011465566
0.0011442893
0.0011420228
0.0011397572
-0.0011374926
0.0011352289
0.0011329661
0.0011307042
0.0011284433
0.0011261832
0.0011239242
0.001121666
0.0011194089
0.0033514579
0.0033446923
0.001112643
-0.0011103898
-0.0011081374
-0.0011058861
0.0011036358
0.0011013864
0.0010991379
0.0010968907
0.0010946443
0.0010923989
0.0010901546
0.0010879113
0.001085669
0.0021668556
0.0032435628
0.0010789485
0.0010767104
0.0010744734
0.0010722374
0.0010700026
0.0021355373
0.0021310719
0.0010633043
0.0010610737
-0.0010588443
0.0010566158
0.0010543886
0.0010521624
0.0010499373
0.0010477134
-0.0010454906
-0.001043269
0.0010410484
0.001038829
0.0010366108
0.0010343937
-0.0010321777
-0.001029963
-0.0010277494
-0.0010255369
-0.0010233257
0.0010211156
0.0010189067
-0.001016699
0.0010144925
0.0010122872
0.0010100831
0.0010078803
0.0010056787
-0.0010034782
-0.001001279
-9.990811E-4
-9.968844E-4
9.94689E-4
9.924946E-4
-9.903017E-4
-9.8811E-4
-0.0019718392
-0.0019674608
-0.001963085
-0.0019587118
-9.771707E-4
-9.749866E-4
-9.7280386E-4
-0.0029118673
-0.0019368846
0.0
-9.64086E-4
-9.619098E-4
0.0
9.575615E-4
-9.553893E-4
-9.532185E-4
-9.5104903E-4
-9.4888086E-4
-9.4671414E-4
0.0
9.423847E-4
-9.40222E-4
-9.3806075E-4
-9.3590084E-4
-9.337423E-4
9.315852E-4
0.001858859
9.272752E-4
-9.251223E-4
0.0
0.0
-9.1867207E-4
0.0018330498
0.0018287582
0.0
0.0018201837
-9.0795045E-4
-9.0581045E-4
0.0018073438
0.0018030697
0.0017987984
0.0
-8.951325E-4
-8.930013E-4
0.0
-0.001777487
0.0
-8.8449166E-4
-0.001764736
-8.802459E-4
-0.0017562505
-8.7600615E-4
0.0
0.0
0.0
-0.0017350903
-0.0017308675
0.0
0.0
-8.591089E-4
-8.570038E-4
-0.0017098004
-0.0017055965
-0.0017013956
-0.001697198
-0.0016930036
-8.4440614E-4
0.0
-8.402197E-4
-8.3812897E-4
-8.360398E-4
-8.339522E-4
0.0
-8.29782E-4
-8.276994E-4
0.0
8.23539E-4
0.0
8.193853E-4
8.173109E-4
0.0
-8.1316713E-4
0.0
0.0
8.069641E-4
8.048998E-4
0.0
0.0
-7.9871714E-4
-7.966597E-4
0.0
7.9254986E-4
0.0
0.0
-7.8639813E-4
-7.84351E-4
0.0
0.0
7.782202E-4
7.7618007E-4
7.7414175E-4
-7.7210524E-4
-7.700704E-4
-7.6803745E-4
0.0
7.639768E-4
0.0
7.599233E-4
7.5789925E-4
7.5587706E-4
0.0015077132
7.5183803E-4
0.0014996425
0.002243419
0.0014915864
0.0014875638
7.4177247E-4
7.397649E-4
7.3775917E-4
0.0
7.3375326E-4
7.317531E-4
7.297548E-4
7.277584E-4
7.2576385E-4
0.0014475425
0.0014435609
0.0014395831
0.0014356092
7.1581954E-4
0.0
0.0
0.0
0.0
0.0
7.0394936E-4
-7.0197775E-4
-7.0000807E-4
0.0
-6.960745E-4
6.941107E-4
6.921488E-4
0.0013803778
6.8823097E-4
0.0
0.0
0.0
0.0
0.0013569418
0.0013530498
0.0013491616
6.7263877E-4
6.7069876E-4
0.0
6.6682475E-4
6.6489074E-4
0.0
6.610289E-4
6.59101E-4
6.5717514E-4
0.0
0.0
6.514099E-4
0.0
6.4757676E-4
6.4566324E-4
6.437518E-4
0.0
0.0012798704
0.00127606
0.0012722538
0.0012684518
0.0
0.0
0.0
0.0
6.247525E-4
6.228641E-4
0.0
0.0
6.172119E-4
0.0
6.1345444E-4
0.0012231579
6.097056E-4
-6.078344E-4
0.0
-6.0409843E-4
6.0223375E-4
6.0037116E-4
0.0
5.966527E-4
-5.947967E-4
-5.929429E-4
0.0
0.0
-5.873947E-4
5.8554974E-4
5.8370695E-4
0.0
0.0
0.0
0.0
-5.745265E-4
0.0
0.0
0.0
0.0
5.6540204E-4
0.0011271678
5.617681E-4
5.5995444E-4
0.0
5.563341E-4
5.5452733E-4
5.527229E-4
5.5092067E-4
5.491208E-4
0.0010946464
5.4552796E-4
0.00108747
5.419443E-4
5.40156E-4
5.3836993E-4
0.0
0.0
5.330258E-4
5.3124916E-4
-5.294748E-4
5.277028E-4
5.259331E-4
5.241658E-4
5.224009E-4
0.0
0.0
5.1712024E-4
0.0
0.0
0.0
0.0
5.0836673E-4
5.066232E-4
0.0
5.031433E-4
0.0
0.0
4.9794157E-4
4.962125E-4
9.889717E-4
4.927616E-4
9.820797E-4
4.893205E-4
4.8760357E-4
9.717782E-4
4.841771E-4
4.824675E-4
4.8076038E-4
9.581115E-4
9.547071E-4
4.7565385E-4
9.479132E-4
4.7226183E-4
9.4113906E-4
4.6887973E-4
4.671924E-4
9.310152E-4
4.6382527E-4
4.6214546E-4
4.6046812E-4
0.0
0.0
4.5545123E-4
4.5378396E-4
4.5211922E-4
0.0
0.0
0.0
0.0
0.0
0.0
0.0
-4.3889263E-4
0.0
0.0
4.3397478E-4
8.6468126E-4
4.3070907E-4
0.0
0.0
0.0
0.0
0.0
0.0
4.1936047E-4
0.0
0.0
0.0
4.129328E-4
0.0
0.0
0.0
4.0654704E-4
8.099143E-4
8.067399E-4
8.035707E-4
0.0
0.0
3.9704752E-4
7.909471E-4
7.878045E-4
3.923336E-4
3.9076761E-4
0.0
-7.752874E-4
0.0
3.845305E-4
0.0
0.0
-7.5976166E-4
0.0
0.0
0.0
3.737191E-4
3.721854E-4
3.7065445E-4
0.0
3.6760073E-4
0.0
3.645579E-4
3.630406E-4
3.61526E-4
3.6001418E-4
3.585051E-4
7.1399746E-4
0.0
0.0
0.0
0.0
3.495084E-4
3.480186E-4
3.465316E-4
3.450474E-4
0.0
0.0
0.0
0.0
3.37668E-4
3.3620052E-4
3.347358E-4
0.0
0.0
0.0
0.0
0.0
0.0
0.0
0.0
0.0
0.0
0.0
0.0
0.0
3.145261E-4
3.1310384E-4
3.1168445E-4
3.1026787E-4
3.0885419E-4
6.148867E-4
6.120708E-4
6.0926063E-4
0.0
0.0
0.0
0.0
0.0
0.0
0.0
0.0
-2.921143E-4
0.0
0.0
0.0
0.0
0.0
0.0
0.0
0.0
-2.7983356E-4
-2.7848364E-4
-2.7713669E-4
-2.7579267E-4
0.0
0.0
5.435565E-4
0.0
0.0
0.0
5.3293415E-4
0.0
0.0
0.0
-2.6120333E-4
0.0
-2.585893E-4
0.0
0.0
0.0
-2.533971E-4
-2.5210652E-4
-2.5081896E-4
-2.4953438E-4
0.0
-2.4697426E-4
-2.4569873E-4
-2.444262E-4
-2.4315667E-4
-2.4189017E-4
-2.406267E-4
0.0
0.0
-2.3685445E-4
0.0
-2.3435478E-4
-2.3310952E-4
2.3186728E-4
0.0
0.0
0.0
-2.2692885E-4
-2.257019E-4
-2.2447799E-4
-2.2325714E-4
0.0
0.0
2.1961302E-4
0.0
-2.1719899E-4
-4.319932E-4
-2.1479727E-4
2.1360104E-4
2.124079E-4
2.1121786E-4
0.0
0.0
2.0766631E-4
0.0
2.0531412E-4
2.0414268E-4
0.0
2.0180915E-4
-2.0064706E-4
-1.9948809E-4
1.9833224E-4
1.9717953E-4
1.9602993E-4
1.9488347E-4
1.9374014E-4
1.9259995E-4
1.914629E-4
1.9032898E-4
1.8919821E-4
0.0
1.8694613E-4
1.858248E-4
1.8470665E-4
1.8359163E-4
1.8247978E-4
1.813711E-4
0.0
1.7916324E-4
0.0
1.7696805E-4
1.7587522E-4
1.7478557E-4
1.736991E-4
3.4523162E-4
1.715357E-4
-1.7045879E-4
1.6938508E-4
1.6831454E-4
1.6724721E-4
1.6618308E-4
1.6512215E-4
3.2812884E-4
1.630099E-4
-1.6195858E-4
1.6091048E-4
3.197312E-4
3.1764785E-4
3.155709E-4
1.5675023E-4
1.5571823E-4
1.5468943E-4
1.5366387E-4
1.5264156E-4
3.0324492E-4
3.012132E-4
1.4959398E-4
1.485846E-4
2.9515693E-4
1.4657558E-4
4.367278E-4
2.8915907E-4
1.435864E-4
1.425965E-4
1.4160988E-4
0.0
1.3964639E-4
1.3866955E-4
1.3769597E-4
1.3672565E-4
0.0
1.3479484E-4
1.3383434E-4
1.3287713E-4
2.6384636E-4
3.929176E-4
0.0
0.0
0.0
0.0
1.2626855E-4
1.2533764E-4
1.2441001E-4
0.0
0.0
-2.4329392E-4
1.2073255E-4
1.19821445E-4
1.1891366E-4
1.1800918E-4
0.0
0.0
1.1531563E-4
1.1442443E-4
1.13536546E-4
2.2530397E-4
1.1177075E-4
1.1089285E-4
1.1001828E-4
1.0914704E-4
2.1655827E-4
2.1482914E-4
2.1310669E-4
1.0569546E-4
1.0484092E-4
3.1196917E-4
3.094256E-4
3.0689212E-4
3.0436867E-4
2.0123686E-4
0.0
9.8952914E-5
9.8125194E-5
1.9460167E-4
1.9295968E-4
9.566221E-5
0.0
0.0
9.322953E-5
9.2425376E-5
2.748738E-4
1.816544E-4
1.8006636E-4
8.924254E-5
1.7691057E-4
1.7534282E-4
2.6067276E-4
2.5834146E-4
1.7068023E-4
8.4569794E-5
1.6760573E-4
2.4911802E-4
3.2911683E-4
3.2608988E-4
2.423074E-4
2.400576E-4
1.5854536E-4
1.5705911E-4
2.3336952E-4
2.3116061E-4
1.5264128E-4
1.5118232E-4
1.4973019E-4
1.4828487E-4
2.9369284E-4
2.9082957E-4
2.1598501E-4
2.138581E-4
7.0580485E-5
1.3975674E-4
1.3835936E-4
2.0545325E-4
2.7117034E-4
2.0131258E-4
1.3283845E-4
6.57377E-5
6.505961E-5
1.2876993E-4
1.2742751E-4
1.2609197E-4
1.87145E-4
1.2344157E-4
0.0
1.8122813E-4
1.1951769E-4
5.9111764E-5
1.7540442E-4
1.1565594E-4
0.0
5.6557994E-5
5.5928198E-5
5.5301858E-5
1.0935797E-4
5.4059572E-5
5.3443626E-5
5.2831147E-5
0.0
5.1616593E-5
5.1014522E-5
0.0
0.0
0.0
0.0
0.0
9.495012E-5
4.6897323E-5
0.0
0.0
4.5185014E-5
4.4621214E-5
0.0
0.0
0.0
4.24009E-5
0.0
4.1311694E-5
4.0772335E-5
0.0
-3.97041E-5
-3.9175233E-5
-3.8649865E-5
-3.8128E-5
0.0
-3.7094775E-5
0.0
0.0
0.0
0.0
0.0
-3.4079265E-5
3.3588964E-5
0.0
-3.2618907E-5
0.0
-3.1662912E-5
-6.238038E-5
-6.144198E-5
-6.051061E-5
-5.958629E-5
-2.9334506E-5
-5.775878E-5
-2.84278E-5
-2.7979733E-5
0.0
-2.7094182E-5
-2.66567E-5
0.0
2.5792324E-5
2.5365433E-5
2.4942075E-5
0.0
0.0
-2.3693206E-5
-2.3283988E-5
0.0
0.0
0.0
0.0
-2.1290984E-5
-2.0903006E-5
-2.051857E-5
-4.027536E-5
-1.9760335E-5
-1.9386534E-5
-1.9016281E-5
0.0
-3.6572837E-5
-3.5853624E-5
-1.7570754E-5
-3.4436496E-5
0.0
-1.6523893E-5
-1.6182044E-5
-1.584375E-5
-1.5509011E-5
-1.5177828E-5
0.0
0.0
-2.8411245E-5
-2.7777342E-5
-4.0725838E-5
-2.6530895E-5
-2.5918354E-5
-1.2656468E-5
-2.4714645E-5
-4.8246962E-5
-4.7078887E-5
-4.5925073E-5
-3.358914E-5
-1.0915057E-5
-2.1274604E-5
-3.108934E-5
-2.0184985E-5
-3.9301765E-5
-1.9123918E-5
0.0
-1.8091408E-5
-1.7585868E-5
-8.543734E-6
-1.6596216E-5
-1.6112108E-5
-1.5635145E-5
-1.5165333E-5
-1.47026685E-5
-1.4247155E-5
-1.3798793E-5
-1.3357582E-5
-6.4617625E-6
-1.2496623E-5
-1.20768755E-5
-2.332857E-5
-1.1258851E-5
-1.0860576E-5
-1.0469461E-5
-5.0427525E-6
-9.70871E-6
-9.339077E-6
-8.976607E-6
-8.621301E-6
-8.273159E-6
-7.9321835E-6
-7.598373E-6
-7.27173E-6
-6.9522544E-6
-6.639947E-6
-3.1674044E-6
-3.0184206E-6
-5.7460434E-6
-2.7312085E-6
-2.5929814E-6
-2.4583405E-6
-4.654573E-6
-4.3996383E-6
-2.075939E-6
-1.9556464E-6
-1.8389417E-6
1.725825E-6
-1.6162967E-6
-3.0207138E-6
-1.408006E-6
-2.6184885E-6
-1.2140717E-6
-1.1224888E-6
0.0
0.0
-8.6927935E-7
-7.920567E-7
-7.1842453E-7
-1.2967662E-6
-1.1638651E-6
-5.19073E-7
-4.598047E-7
-4.041277E-7
-3.5204212E-7
-6.0709624E-7
-2.5864583E-7
0.0
-1.796167E-7
-1.4549008E-7
-2.2991101E-7
-1.7602613E-7
-6.466283E-8
-8.9809674E-8
-2.8739146E-8
-1.6165792E-8
-7.1848034E-9
-3.592404E-9
-0.0
