0.004385993
0.009362743
0.016689112
0.023500798
0.029226108
0.033575725
0.036408212
0.037709568
0.037579328
0.036210604
0.033863846
0.030837625
0.027441267
0.023974808
0.020720644
0.017945696
0.015898058
0.014763208
0.014570555
0.015143023
0.016179478
0.017386196
0.018548254
0.019541562
0.020320496
0.020896517
0.021310454
0.021601502
0.021780701
0.021818705
0.021652808
0.021209558
0.020433255
0.01931085
0.017887663
0.016271705
0.014625169
0.013138791
0.011982611
0.011239395
0.010862972
0.010711131
0.0106326705
0.010538131
0.010420551
0.010334838
0.010352142
0.010508466
0.010774441
0.011063424
0.011266272
0.011287046
0.011064846
0.010581186
0.009857426
0.008946397
0.007920854
0.0068604285
0.0058382726
0.0049087014
0.004098335
0.0034049589
0.0028081231
0.0022910153
0.0018681244
0.0016066348
0.0015928501
0.001814328
0.0021511165
0.0024850192
0.002736481
0.0028557745
0.0028148184
0.0026037865
0.0022295353
0.0017140374
0.0010923645
4.1578975E-4
3.428394E-4
0.0010121964
0.0016394402
0.0021928302
0.0026702632
0.0030886128
0.0034765843
0.0038622161
0.004258891
0.004657077
0.005026035
0.00532327
0.0055064466
0.005543955
0.005422823
0.005154089
0.0047760457
0.0043550055
0.0039801165
0.0037429943
0.003696617
0.0038215371
0.0040431363
0.0042819567
0.0044880076
0.00464912
0.0047846823
0.004931087
0.0051216143
0.005367297
0.005648592
0.00592175
0.0061337682
0.006237202
0.0062004905
0.0060135275
0.0056894827
0.0052636005
0.004788898
0.0043276176
0.003936685
0.0036483987
0.003456558
0.0033224798
0.0031998544
0.0030604105
0.0029074142
0.0027752914
0.0027142798
0.0027598732
0.00290473
0.0031005617
0.0032847908
0.0034041079
0.0034246054
0.003333235
0.0031354758
0.002851216
0.002509461
0.0021421544
0.0017775309
0.0014339773
0.0011163754
8.174993E-4
5.258788E-4
2.4616942E-4
1.9121291E-4
4.684792E-4
7.7084673E-4
0.0010491344
0.001280896
0.0014501233
0.0015474076
0.0015707003
0.0015253996
0.0014239199
0.0012853247
0.0011358329
0.0010102761
9.5005025E-4
9.867041E-4
0.001119549
0.0013220834
0.0015657037
0.0018294706
0.0020990006
0.0023638569
0.002615895
0.0028483465
0.0030552025
0.003230731
0.0033691789
0.0034648038
0.0035123494
0.003507958
0.003450387
0.003342308
0.0031914315
0.0030111698
0.0028204927
0.0026424185
0.002500456
0.0024128992
0.0023869816
0.0024169348
0.0024880162
0.0025835217
0.0026901164
0.0027995352
0.002907396
0.00301069
0.0031053484
0.0031848538
0.0032402761
0.0032615294
0.0032392708
0.0031668188
0.0030416297
0.0028661066
0.0026476858
0.002398267
0.0021331147
0.0018693777
0.001624345
0.0014134847
0.0012482959
0.0011342961
0.0010701424
0.0010489166
0.0010609124
0.0010958094
0.0011432539
0.0011927005
0.0012335533
0.0012558267
0.001251019
0.0012128742
0.0011378875
0.0010255862
8.7875605E-4
7.040612E-4
5.146367E-4
3.4231564E-4
2.792941E-4
3.9435565E-4
5.826343E-4
7.772511E-4
9.5659436E-4
0.0011126618
0.0012436713
0.0013517467
0.001440994
0.0015151857
0.0015754797
0.0016190996
0.0016397103
0.0016295314
0.0015826353
0.0014988333
0.0013878786
0.0012736432
0.0011953226
0.0011959384
0.0012935649
0.0014661256
0.0016718466
0.0018733231
0.0020461667
0.0021795698
0.002274759
0.0023421855
0.002396883
0.0024521223
0.0025132194
0.002574486
0.0026210037
0.0026339781
0.0025969085
0.0025005708
0.0023462456
0.002147406
0.0019300455
0.0017307029
0.0015887422
0.0015293588
0.001546554
0.0016072788
0.0016739253
0.0017215408
0.001742487
0.001744044
0.001742532
0.0017547767
0.0017889674
0.0018396097
0.0018897604
0.0019181037
0.0019059154
0.0018413258
0.0017209348
0.0015496481
0.0013394434
0.0011075358
8.742818E-4
6.6105614E-4
4.8790636E-4
3.6920104E-4
3.0492194E-4
2.781307E-4
2.741613E-4
2.9582423E-4
3.501328E-4
4.3005866E-4
5.173997E-4
5.927316E-4
6.399187E-4
6.474787E-4
6.091159E-4
5.239121E-4
3.963579E-4
2.3766088E-4
9.504255E-5
1.9808116E-4
3.917101E-4
5.8315764E-4
7.588326E-4
9.1376295E-4
0.0010478842
0.0011648247
0.0012701369
0.0013689185
0.0014635131
0.0015522134
0.0016294861
0.0016874927
0.0017182172
0.0017155617
0.001677076
0.0016052522
0.0015084192
0.0014011451
0.0013035215
0.0012377397
0.0012205293
0.001254691
0.0013280197
0.0014212966
0.001517248
0.0016049559
0.0016803577
0.0017447206
0.0018020858
0.0018562801
0.0019082801
0.0019548384
0.0019888585
0.0020012201
0.0019832347
0.0019289444
0.0018368084
0.0017106365
0.0015597688
0.0013984804
0.0012443609
0.0011150584
0.0010229866
9.6996524E-4
9.4681466E-4
9.398395E-4
9.387546E-4
9.403814E-4
9.474281E-4
9.642056E-4
9.91803E-4
0.0010255224
0.0010558759
0.001071809
0.001063904
0.0010263803
9.578087E-4
8.6085947E-4
7.4140687E-4
6.0727645E-4
4.669758E-4
3.29056E-4
2.044558E-4
1.2505808E-4
1.5742911E-4
2.5347265E-4
3.5927893E-4
4.6150316E-4
5.540103E-4
6.317182E-4
6.902967E-4
7.268455E-4
7.4054213E-4
7.32944E-4
7.078724E-4
6.709649E-4
6.291288E-4
5.902205E-4
5.6310947E-4
5.575594E-4
5.8249745E-4
6.4242363E-4
7.350261E-4
8.523787E-4
9.837984E-4
0.0011180752
0.0012448658
0.0013557016
0.0014447841
0.0015094837
0.0015503769
0.0015706834
0.0015750752
0.0015680514
0.0015523462
0.0015280108
0.0014926599
0.0014429027
0.0013765187
0.0012947816
0.0012044224
0.0011186239
0.0010556716
0.0010330896
0.0010580011
0.0011218055
0.0012054273
0.0012889042
0.0013574526
0.0014033226
0.0014254512
0.0014280131
0.0014181142
0.0014028095
0.0013861093
0.001367138
0.0013403768
0.0012978239
0.0012319258
0.001138104
0.0010163347
8.7185024E-4
7.1540306E-4
5.6379667E-4
4.4103156E-4
3.7492244E-4
3.7403E-4
4.1038753E-4
4.5028646E-4
4.7662007E-4
4.8610702E-4
4.8318948E-4
4.7521433E-4
4.6797734E-4
4.6229432E-4
4.5348666E-4
4.339561E-4
3.9665407E-4
3.3760534E-4
2.5761125E-4
1.6640373E-4
1.1067362E-4
1.7547492E-4
2.9496526E-4
4.1990136E-4
5.360538E-4
6.3669693E-4
7.1867753E-4
7.817381E-4
8.280831E-4
8.6163945E-4
8.868858E-4
9.0739405E-4
9.245227E-4
9.368419E-4
9.406357E-4
9.313499E-4
9.0555946E-4
8.6309557E-4
8.091766E-4
7.5623253E-4
7.237301E-4
7.318962E-4
7.889555E-4
8.848133E-4
9.992108E-4
0.0011123783
0.0012098732
0.0012835996
0.0013315851
0.0013571734
0.0013674672
0.0013708374
0.0013737988
0.0013783061
0.0013808305
0.0013737624
0.0013483404
0.0012977615
0.0012195867
0.0011172834
0.0010010886
8.8815443E-4
8.006229E-4
7.582151E-4
7.656048E-4
8.078833E-4
8.618634E-4
9.08758E-4
9.386302E-4
9.497924E-4
9.4665756E-4
9.3689264E-4
9.279412E-4
9.235847E-4
9.2205167E-4
9.167639E-4
8.990776E-4
8.612922E-4
7.987136E-4
7.105416E-4
5.9983536E-4
4.7286352E-4
3.3807443E-4
2.0488969E-4
8.289608E-5
3.1371477E-5
1.1136633E-4
1.7369904E-4
2.1850113E-4
2.5245937E-4
2.8295073E-4
3.141065E-4
3.445226E-4
3.6831235E-4
3.780895E-4
3.6772856E-4
3.3427996E-4
2.7969643E-4
2.1463292E-4
1.7051827E-4
1.9786431E-4
2.8727695E-4
3.9774773E-4
5.0890236E-4
6.1199936E-4
7.035919E-4
7.833654E-4
8.5274334E-4
9.1352436E-4
9.6669426E-4
0.0010117749
0.0010469153
0.0010696024
0.0010776318
0.00106996
0.0010471999
0.0010116947
9.672393E-4
9.186199E-4
8.7115646E-4
8.303761E-4
8.0175E-4
7.9019374E-4
7.990557E-4
8.288484E-4
8.7658846E-4
9.363541E-4
0.0010007267
0.0010623425
0.0011150708
0.0011547093
0.0011792248
0.0011885731
0.0011841475
0.0011679723
0.0011418386
0.0011066546
0.0010622452
0.0010076845
9.420467E-4
8.653328E-4
7.793444E-4
6.8838673E-4
5.997552E-4
5.237384E-4
4.7196768E-4
4.5228732E-4
4.624959E-4
4.9113063E-4
5.24951E-4
5.54195E-4
5.734235E-4
5.805686E-4
5.757599E-4
5.6028686E-4
5.357331E-4
5.0332857E-4
4.6360816E-4
4.164516E-4
3.6150395E-4
2.9893877E-4
2.3073991E-4
1.6390502E-4
1.21054414E-4
1.4019816E-4
2.0594943E-4
2.8356063E-4
3.5818078E-4
4.2310345E-4
4.7475874E-4
5.116114E-4
5.338529E-4
5.431433E-4
5.422092E-4
5.3426885E-4
5.223682E-4
5.088249E-4
4.950474E-4
4.819235E-4
4.707364E-4
4.6425813E-4
4.6733636E-4
4.8606592E-4
5.252241E-4
5.8552425E-4
6.630033E-4
7.505749E-4
8.400016E-4
9.2329836E-4
9.936276E-4
0.0010459493
0.00107753
0.001088275
0.0010807617
0.0010598128
0.0010314676
0.0010013665
9.729387E-4
9.462048E-4
9.1799855E-4
8.8371E-4
8.398538E-4
7.866042E-4
7.2972826E-4
6.812161E-4
6.567114E-4
6.676753E-4
7.1267335E-4
7.7786716E-4
8.455539E-4
9.0106414E-4
9.35276E-4
9.448604E-4
9.3170773E-4
9.0182264E-4
8.63529E-4
8.2488335E-4
7.907451E-4
7.608001E-4
7.2988874E-4
6.905248E-4
6.3599803E-4
5.626007E-4
4.7062561E-4
3.6458453E-4
2.5373514E-4
1.5687078E-4
1.20898876E-4
1.6661287E-4
2.2921828E-4
2.7724277E-4
3.032679E-4
3.0758424E-4
2.9459322E-4
2.71262E-4
2.4529413E-4
2.2231424E-4
2.0288018E-4
1.8204711E-4
1.5249173E-4
1.0827147E-4
4.7246886E-5
3.6632307E-5
1.2782642E-4
2.2884885E-4
3.3170896E-4
4.2944847E-4
5.1593495E-4
5.8659934E-4
6.390406E-4
6.733525E-4
6.9205614E-4
6.995249E-4
7.008473E-4
7.002886E-4
6.998742E-4
6.988246E-4
6.942357E-4
6.826941E-4
6.621359E-4
6.334285E-4
6.014251E-4
5.7509507E-4
5.656611E-4
5.818237E-4
6.2456477E-4
6.867858E-4
7.57753E-4
8.274019E-4
8.882775E-4
9.3589124E-4
9.684474E-4
9.86329E-4
9.914384E-4
9.864294E-4
9.739016E-4
9.556925E-4
9.324431E-4
9.0357516E-4
8.6770294E-4
8.2336547E-4
7.6990103E-4
7.0831046E-4
6.420211E-4
5.7743734E-4
5.238285E-4
4.9134105E-4
4.8612268E-4
5.056152E-4
5.398099E-4
5.77037E-4
6.081939E-4
6.2794593E-4
6.3442806E-4
6.284707E-4
6.126133E-4
5.89955E-4
5.62982E-4
5.326808E-4
4.9829314E-4
4.5783437E-4
4.091146E-4
3.5080133E-4
2.8318816E-4
2.0867685E-4
1.3276476E-4
7.167079E-5
7.755354E-5
1.322124E-4
1.8712805E-4
2.3203644E-4
2.6501997E-4
2.8678635E-4
2.992702E-4
3.0463314E-4
3.0440462E-4
2.9905135E-4
2.8824984E-4
2.7187137E-4
2.5148885E-4
2.3216233E-4
2.2349462E-4
2.3640713E-4
2.746546E-4
3.324123E-4
4.0084322E-4
4.7271562E-4
5.431208E-4
6.0900993E-4
6.686032E-4
7.208153E-4
7.6475134E-4
7.993749E-4
8.234411E-4
8.357111E-4
8.353729E-4
8.2252553E-4
7.9856365E-4
7.66317E-4
7.298253E-4
6.936893E-4
6.620753E-4
6.377068E-4
6.214072E-4
6.126052E-4
6.105754E-4
6.155924E-4
6.2916364E-4
6.530505E-4
6.876049E-4
7.3053397E-4
7.76916E-4
8.2032057E-4
8.543002E-4
8.736707E-4
8.753674E-4
8.588632E-4
8.261649E-4
7.8138424E-4
7.2985934E-4
6.7686156E-4
6.2611094E-4
5.786454E-4
5.3272815E-4
4.8505477E-4
4.3277023E-4
3.7555417E-4
3.1750405E-4
2.688481E-4
2.4505117E-4
2.5567602E-4
2.91674E-4
3.3491867E-4
3.7132335E-4
3.9284065E-4
3.960137E-4
3.808129E-4
3.4981576E-4
3.0741206E-4
2.5885913E-4
2.0912194E-4
1.6158902E-4
1.17164054E-4
7.515737E-5
4.250784E-5
6.072937E-5
1.1810525E-4
1.8736198E-4
2.60546E-4
3.3172625E-4
3.952838E-4
4.4636373E-4
4.8152282E-4
4.992722E-4
5.0041825E-4
4.8813096E-4
4.6763575E-4
4.4534853E-4
4.2729612E-4
4.1712073E-4
4.14852E-4
4.1767638E-4
4.2233578E-4
4.2753326E-4
4.3516088E-4
4.4988864E-4
4.7699115E-4
5.1926513E-4
5.751608E-4
6.393855E-4
7.049003E-4
7.647341E-4
8.1310124E-4
8.4599137E-4
8.6145476E-4
8.596836E-4
8.4289745E-4
8.149859E-4
7.8084046E-4
7.453479E-4
7.121766E-4
6.8276556E-4
6.5608486E-4
6.294768E-4
6.002987E-4
5.6773104E-4
5.3418876E-4
5.0582434E-4
4.912215E-4
4.973999E-4
5.249402E-4
5.669805E-4
6.129322E-4
6.5267726E-4
6.787698E-4
6.871065E-4
6.769103E-4
6.503664E-4
6.1194523E-4
5.673393E-4
5.2198966E-4
4.7941617E-4
4.4000318E-4
4.0105399E-4
3.5825474E-4
3.076828E-4
2.473288E-4
1.7776799E-4
1.02410835E-4
3.3188597E-5
6.227966E-5
1.2644754E-4
1.7945736E-4
2.1607778E-4
2.34401E-4
2.3480238E-4
2.1978546E-4
1.9372509E-4
1.6242203E-4
1.3235756E-4
1.0926603E-4
9.589657E-5
9.1640475E-5
9.718429E-5
1.17713265E-4
1.5723791E-4
2.138061E-4
2.8193402E-4
3.5523702E-4
4.2742424E-4
4.9285695E-4
5.4706534E-4
5.8719615E-4
6.122994E-4
6.233671E-4
6.230497E-4
6.1501225E-4
6.0298387E-4
5.897337E-4
5.763914E-4
5.625109E-4
5.469342E-4
5.290886E-4
5.1017466E-4
4.9374765E-4
4.8520972E-4
4.8988004E-4
5.1027857E-4
5.4462114E-4
5.878206E-4
6.338126E-4
6.7739136E-4
7.1498164E-4
7.4463023E-4
7.6558744E-4
7.7774614E-4
7.8113953E-4
7.756524E-4
7.610188E-4
7.3707075E-4
7.041093E-4
6.632343E-4
6.164933E-4
5.667676E-4
5.173879E-4
4.7155688E-4
4.3177197E-4
3.9953398E-4
3.7555554E-4
3.6033505E-4
3.545409E-4
3.5865328E-4
3.7198508E-4
3.9195878E-4
4.1434172E-4
4.342208E-4
4.470622E-4
4.4947054E-4
4.3958944E-4
4.1719642E-4
3.8354658E-4
3.410097E-4
2.9255505E-4
2.4116563E-4
1.8931697E-4
1.3876024E-4
9.120814E-5
5.3114203E-5
5.252841E-5
9.108396E-5
1.3922078E-4
1.8781415E-4
2.3287219E-4
2.7125207E-4
3.003277E-4
3.1820725E-4
3.2399528E-4
3.180083E-4
3.019492E-4
2.790821E-4
2.5441125E-4
2.3459624E-4
2.2666929E-4
2.3481378E-4
2.578606E-4
2.911136E-4
3.2994876E-4
3.715043E-4
4.14608E-4
4.590604E-4
5.048109E-4
5.512706E-4
5.969316E-4
6.3936494E-4
6.755451E-4
7.023663E-4
7.1721256E-4
7.1847555E-4
7.0595543E-4
6.8110035E-4
6.4704247E-4
6.083634E-4
5.7048426E-4
5.3858454E-4
5.1618984E-4
5.040676E-4
5.0030684E-4
5.0172966E-4
5.057277E-4
5.114835E-4
5.201257E-4
5.3385354E-4
5.543988E-4
5.815661E-4
6.1266776E-4
6.4307766E-4
6.6741783E-4
6.807585E-4
6.795161E-4
6.6200615E-4
6.2869635E-4
5.821962E-4
5.2697805E-4
4.687688E-4
4.1349238E-4
3.6569443E-4
3.268336E-4
2.9461493E-4
2.6442125E-4
2.3222316E-4
1.9744679E-4
1.654093E-4
1.4856437E-4
1.5845484E-4
1.8985142E-4
2.2734665E-4
2.5875718E-4
2.7681893E-4
2.7790765E-4
2.612762E-4
2.285933E-4
1.8346513E-4
1.3083879E-4
7.64083E-5
2.8112023E-5
3.1957574E-5
6.9471265E-5
1.056063E-4
1.4316932E-4
1.8658557E-4
2.3755447E-4
2.9407008E-4
3.5150183E-4
4.0418582E-4
4.467356E-4
4.7499355E-4
4.8669844E-4
4.819137E-4
4.632211E-4
4.3563585E-4
4.0607408E-4
3.8200626E-4
3.6905849E-4
3.6857039E-4
3.774317E-4
3.9074747E-4
4.0494575E-4
4.193556E-4
4.3608632E-4
4.5861345E-4
4.896459E-4
5.2934047E-4
5.7489885E-4
6.215241E-4
6.6384766E-4
6.9710467E-4
7.1786536E-4
7.243956E-4
7.167455E-4
6.9661735E-4
6.670302E-4
6.317832E-4
5.9474504E-4
5.5907416E-4
5.265979E-4
4.976494E-4
4.715336E-4
4.4747017E-4
4.255947E-4
4.0754807E-4
3.9626771E-4
3.9478482E-4
4.044269E-4
4.2364013E-4
4.4837626E-4
4.73541E-4
4.9436296E-4
5.071671E-4
5.096476E-4
5.0085754E-4
4.810525E-4
4.5145195E-4
4.1394794E-4
3.707794E-4
3.241914E-4
2.7611043E-4
2.2788589E-4
1.8016588E-4
1.3297221E-4
8.599948E-5
3.921951E-5
1.2347793E-5
5.6167166E-5
1.0003657E-4
1.3957202E-4
1.722224E-4
1.9564056E-4
2.0799878E-4
2.0833178E-4
1.968267E-4
1.750819E-4
1.464952E-4
1.17256175E-4
9.826625E-5
1.0199505E-4
1.2745048E-4
1.6376885E-4
2.0423146E-4
2.4671477E-4
2.9104267E-4
3.3726238E-4
3.8469283E-4
4.3162977E-4
4.7557938E-4
5.137853E-4
5.438086E-4
5.639948E-4
5.7373964E-4
5.735228E-4
5.647224E-4
5.492722E-4
5.292721E-4
5.066978E-4
4.833413E-4
4.6101314E-4
4.4187202E-4
4.2857503E-4
4.238941E-4
4.2972577E-4
4.460423E-4
4.7065143E-4
4.999959E-4
5.3036347E-4
5.58815E-4
5.8358145E-4
6.03982E-4
6.20005E-4
6.3172803E-4
6.387969E-4
6.4016954E-4
6.342328E-4
6.1924197E-4
5.939198E-4
5.58032E-4
5.1280926E-4
4.6115037E-4
4.0756905E-4
3.577731E-4
3.1758632E-4
2.909377E-4
2.7772645E-4
2.7385808E-4
2.740637E-4
2.7484898E-4
2.7554858E-4
2.776397E-4
2.8304386E-4
2.92265E-4
3.0345522E-4
3.1292168E-4
3.1644694E-4
3.105104E-4
2.9302796E-4
2.636549E-4
2.2380057E-4
1.7651034E-4
1.265198E-4
8.1684695E-5
5.918557E-5
7.365642E-5
1.0353453E-4
1.3394181E-4
1.6292716E-4
1.9216932E-4
2.2328147E-4
2.5603725E-4
2.8803924E-4
3.1547173E-4
3.3422903E-4
3.4094896E-4
3.3383816E-4
3.1335853E-4
2.8293254E-4
2.4982568E-4
2.2563597E-4
2.2288694E-4
2.451786E-4
2.8395085E-4
3.2784016E-4
3.69219E-4
4.0483565E-4
4.348661E-4
4.617275E-4
4.88607E-4
5.17821E-4
5.495707E-4
5.816784E-4
6.1031856E-4
6.312129E-4
6.4074434E-4
6.367369E-4
6.188854E-4
5.8889703E-4
5.503971E-4
5.085877E-4
4.6954528E-4
4.3896792E-4
4.204394E-4
4.140738E-4
4.1680378E-4
4.2430317E-4
4.3305964E-4
4.4145627E-4
4.4978262E-4
4.5950728E-4
4.7214815E-4
4.881547E-4
5.062829E-4
5.2371953E-4
5.367832E-4
5.418012E-4
5.3585577E-4
5.1728514E-4
4.8594468E-4
4.432622E-4
3.9212065E-4
3.365869E-4
2.8147988E-4
2.3170457E-4
1.9118609E-4
1.614112E-4
1.4057818E-4
1.2507105E-4
1.1284116E-4
1.05898056E-4
1.0908547E-4
1.2417257E-4
1.466376E-4
1.694589E-4
1.8652319E-4
1.9345773E-4
1.8768E-4
1.6836006E-4
1.3632968E-4
9.3926574E-5
4.5183817E-5
1.8829134E-5
6.6300614E-5
1.15541756E-4
1.5989452E-4
1.9866283E-4
2.33069E-4
2.6555033E-4
2.986383E-4
3.3365324E-4
3.6989996E-4
4.0478582E-4
4.3464763E-4
4.5578738E-4
4.6537517E-4
4.6211097E-4
4.466509E-4
4.2181532E-4
3.9253364E-4
3.6531023E-4
3.4677447E-4
3.4120638E-4
3.4850734E-4
3.6484914E-4
3.8552296E-4
4.0734935E-4
4.2942417E-4
4.525688E-4
4.7812128E-4
5.0666055E-4
5.3723546E-4
5.673941E-4
5.938456E-4
6.1333063E-4
6.233511E-4
6.226104E-4
6.111483E-4
5.902099E-4
5.6190905E-4
5.287674E-4
4.932391E-4
4.5735989E-4
4.2264932E-4
3.9031418E-4
3.6165185E-4
3.3838843E-4
3.2259533E-4
3.159609E-4
3.187164E-4
3.290887E-4
3.4383422E-4
3.5937672E-4
3.7274178E-4
3.8196772E-4
3.8608446E-4
3.8483564E-4
3.7829595E-4
3.6651723E-4
3.4932158E-4
3.2630758E-4
2.97051E-4
2.6140735E-4
2.197979E-4
1.7339442E-4
1.242052E-4
7.535859E-5
3.4737623E-5
3.780855E-5
7.110118E-5
1.0271556E-4
1.2891172E-4
1.4994685E-4
1.669678E-4
1.8099701E-4
1.9223991E-4
1.9984251E-4
2.021946E-4
1.9761885E-4
1.852276E-4
1.6592925E-4
1.4391573E-4
1.2879173E-4
1.3392238E-4
1.635106E-4
2.0865863E-4
2.5936688E-4
3.091468E-4
3.54283E-4
3.930232E-4
4.2511043E-4
4.513508E-4
4.7307395E-4
4.9151486E-4
5.072683E-4
5.2000384E-4
5.285437E-4
5.3125276E-4
5.265835E-4
5.136178E-4
4.9251324E-4
4.648273E-4
4.3370674E-4
4.038516E-4
3.809598E-4
3.702239E-4
3.7408195E-4
3.9088086E-4
4.1591006E-4
4.4374194E-4
4.6997963E-4
4.919218E-4
5.085476E-4
5.20169E-4
5.278877E-4
5.329302E-4
5.3599145E-4
5.367882E-4
5.3399097E-4
5.255587E-4
5.093308E-4
4.8367135E-4
4.4800746E-4
4.0320226E-4
3.5178167E-4
2.9808478E-4
2.483561E-4
2.1033098E-4
1.9061027E-4
1.8926554E-4
1.9866525E-4
2.098397E-4
2.1733617E-4
2.1963251E-4
2.1801499E-4
2.1517824E-4
2.1359306E-4
2.139684E-4
2.1466837E-4
2.1247912E-4
2.0402696E-4
1.869726E-4
1.6075691E-4
1.272605E-4
9.255162E-5
7.239045E-5
8.600024E-5
1.21115794E-4
1.5916053E-4
1.9240691E-4
2.1841186E-4
2.3765587E-4
2.5264855E-4
2.6683242E-4
2.8294712E-4
3.0147703E-4
3.2021684E-4
3.351883E-4
3.4214748E-4
3.379473E-4
3.2157605E-4
2.9505242E-4
2.6441563E-4
2.4045577E-4
2.3620891E-4
2.5765414E-4
2.979825E-4
3.452596E-4
3.9010833E-4
4.2733093E-4
4.5538964E-4
4.7562327E-4
4.9123965E-4
5.059132E-4
5.2217155E-4
5.402056E-4
5.577376E-4
5.7094503E-4
5.7583203E-4
5.694296E-4
5.505645E-4
5.2020623E-4
4.8148262E-4
4.3940553E-4
4.0021027E-4
3.700429E-4
3.5291506E-4
3.48927E-4
3.5455168E-4
3.649838E-4
3.7643654E-4
3.870437E-4
3.965972E-4
4.0574392E-4
4.1509327E-4
4.245544E-4
4.3310097E-4
4.389644E-4
4.4007628E-4
4.3453826E-4
4.2098004E-4
3.9876433E-4
3.680568E-4
3.2979384E-4
2.8558058E-4
2.37547E-4
1.8819924E-4
1.4034734E-4
9.735931E-5
6.456732E-5
5.1703293E-5
6.129297E-5
7.960139E-5
9.809948E-5
1.1447281E-4
1.280806E-4
1.3835264E-4
1.4437824E-4
1.4497046E-4
1.3893424E-4
1.2538985E-4
1.0410948E-4
7.607336E-5
4.6058336E-5
3.8706607E-5
7.27313E-5
1.19329095E-4
1.6812723E-4
2.1560381E-4
2.596582E-4
2.9896002E-4
3.3285248E-4
3.6127714E-4
3.8461725E-4
4.0345074E-4
4.1825903E-4
4.2917806E-4
4.3588778E-4
4.3769905E-4
4.3383034E-4
4.2380858E-4
4.079076E-4
3.8754032E-4
3.655112E-4
3.4595164E-4
3.3361954E-4
3.3233993E-4
3.4322953E-4
3.6423668E-4
3.914762E-4
4.2101103E-4
4.498756E-4
4.7626425E-4
4.9926044E-4
5.184151E-4
5.3336605E-4
5.436142E-4
5.485011E-4
5.4735166E-4
5.396922E-4
5.2543735E-4
5.0497166E-4
4.790999E-4
4.4890144E-4
4.155694E-4
3.8034003E-4
3.4460257E-4
3.1021005E-4
2.7986948E-4
2.5722635E-4
2.4595222E-4
2.4760782E-4
2.5999238E-4
2.7804615E-4
2.9622493E-4
3.1015882E-4
3.1722238E-4
3.1653632E-4
3.0871131E-4
2.9539532E-4
2.7862698E-4
2.6007488E-4
2.4039629E-4
2.1903942E-4
1.9465861E-4
1.6598028E-4
1.3283343E-4
9.751918E-5
6.84081E-5
6.514634E-5
9.108025E-5
1.2547117E-4
1.5686777E-4
1.8082348E-4
1.9590033E-4
2.0273592E-4
2.036657E-4
2.0209E-4
2.0127224E-4
2.0280991E-4
2.0578623E-4
2.0742753E-4
2.0479529E-4
1.965443E-4
1.8446613E-4
1.7482754E-4
1.777584E-4
2.0085431E-4
2.4221172E-4
2.9362802E-4
3.467514E-4
3.9520598E-4
4.3476227E-4
4.632756E-4
4.8062843E-4
4.885429E-4
4.901042E-4
4.8889307E-4
4.8780837E-4
4.8797057E-4
4.8828777E-4
4.859807E-4
4.777839E-4
4.6126352E-4
4.3588018E-4
4.0372214E-4
3.6990372E-4
3.4227147E-4
3.292931E-4
3.3552022E-4
3.5817898E-4
3.8934877E-4
4.207815E-4
4.466625E-4
4.6414498E-4
4.7296623E-4
4.747468E-4
4.7208503E-4
4.6750918E-4
4.625028E-4
4.5695345E-4
4.4926934E-4
4.3706177E-4
4.1801945E-4
3.9062454E-4
3.545685E-4
3.1090432E-4
2.6206326E-4
2.119225E-4
1.6617084E-4
1.3286361E-4
1.2020086E-4
1.2756097E-4
1.442747E-4
1.6069568E-4
1.7208549E-4
1.770646E-4
1.7615901E-4
1.7089368E-4
1.6303286E-4
1.5382499E-4
1.4341534E-4
1.3074574E-4
1.1406362E-4
9.1823254E-5
6.394173E-5
3.6452213E-5
4.229391E-5
8.2643295E-5
1.3019123E-4
1.7727718E-4
2.1997422E-4
2.5557601E-4
2.8257648E-4
3.0085933E-4
3.1173415E-4
3.176486E-4
3.214725E-4
3.2543935E-4
3.30177E-4
3.3442894E-4
3.356948E-4
3.3142592E-4
3.2025672E-4
3.0302102E-4
2.8350408E-4
2.6858656E-4
2.6649798E-4
2.822097E-4
3.1372515E-4
3.5409638E-4
3.9588765E-4
4.3357714E-4
4.6404218E-4
4.8633793E-4
5.012282E-4
5.1052874E-4
5.1629305E-4
5.199884E-4
5.2192365E-4
5.2115944E-4
5.159246E-4
5.043299E-4
4.851005E-4
4.5813643E-4
4.24837E-4
3.8818855E-4
3.5257838E-4
3.231477E-4
3.043906E-4
2.9822093E-4
3.0296773E-4
3.1455496E-4
3.2874043E-4
3.4253983E-4
3.5444388E-4
3.6396197E-4
3.709874E-4
3.7527567E-4
3.7619323E-4
3.7276786E-4
3.639526E-4
3.4895286E-4
3.2748052E-4
2.9986064E-4
2.6697657E-4
2.3008567E-4
1.9056625E-4
1.4967326E-4
1.0838177E-4
6.737566E-5
2.721229E-5
1.2072023E-5
4.857109E-5
8.191952E-5
1.10517205E-4
1.3284877E-4
1.4762883E-4
1.5409892E-4
1.5228566E-4
1.4317798E-4
1.2881416E-4
1.1229015E-4
9.763772E-5
8.9183595E-5
8.980454E-5
9.953661E-5
1.1710877E-4
1.4195709E-4
1.7401756E-4
2.1259725E-4
2.5581213E-4
3.0075046E-4
3.4398603E-4
3.821572E-4
4.124912E-4
4.3322262E-4
4.4386403E-4
4.4528444E-4
4.3954467E-4
4.2945106E-4
4.178445E-4
4.0678537E-4
3.9697086E-4
3.8774303E-4
3.7776335E-4
3.6605578E-4
3.5298677E-4
3.4083257E-4
3.3359363E-4
3.3567805E-4
3.4965336E-4
3.7459403E-4
4.0650787E-4
4.4017463E-4
4.7077946E-4
4.9474626E-4
5.099929E-4
5.158899E-4
5.130544E-4
5.030175E-4
4.877836E-4
4.6931978E-4
4.4906724E-4
4.276124E-4
4.0465043E-4
3.7927873E-4
3.505301E-4
3.1799078E-4
2.8239258E-4
2.4616072E-4
2.1387132E-4
1.9201677E-4
1.8630365E-4
1.9670001E-4
2.1679296E-4
2.3870362E-4
2.5652084E-4
2.6678233E-4
2.6804727E-4
2.604532E-4
2.4532637E-4
2.2476318E-4
2.0112323E-4
1.7643881E-4
1.5186095E-4
1.27411E-4
1.0235948E-4
7.6528835E-5
5.377125E-5
4.9906157E-5
7.4800024E-5
1.1256563E-4
1.5258645E-4
1.896227E-4
2.2011838E-4
2.4161457E-4
2.5288446E-4
2.5417106E-4
2.4734833E-4
2.3586572E-4
2.242229E-4
2.1664373E-4
2.1514557E-4
2.1845789E-4
2.2313086E-4
2.2595443E-4
2.2601894E-4
2.2583397E-4
2.3113405E-4
2.4831752E-4
2.8008563E-4
3.2351055E-4
3.722396E-4
4.1944577E-4
4.5944948E-4
4.8838544E-4
5.044861E-4
5.0815684E-4
5.018081E-4
4.8933196E-4
4.751201E-4
4.6269258E-4
4.53401E-4
4.4596836E-4
4.3726614E-4
4.2389455E-4
4.0377164E-4
3.7728308E-4
3.4793364E-4
3.2233453E-4
3.0864347E-4
3.124783E-4
3.3275833E-4
3.6252473E-4
3.934877E-4
4.1924088E-4
4.3614904E-4
4.4315535E-4
4.4124317E-4
4.327181E-4
4.2033047E-4
4.063367E-4
3.9175004E-4
3.7609154E-4
3.5776268E-4
3.3482307E-4
3.057873E-4
2.7016626E-4
2.2870005E-4
1.8339873E-4
1.3766343E-4
9.7144795E-5
7.226112E-5
7.381666E-5
9.284313E-5
1.14234324E-4
1.3143034E-4
1.4246676E-4
1.4712216E-4
1.4586795E-4
1.3938482E-4
1.2829523E-4
1.1303283E-4
9.382678E-5
7.078551E-5
4.413323E-5
1.6153983E-5
2.5847048E-5
6.23338E-5
1.0251122E-4
1.4443288E-4
1.8666338E-4
2.2765202E-4
2.6576186E-4
2.9939692E-4
3.2716634E-4
3.4805553E-4
3.6157435E-4
3.678518E-4
3.6764905E-4
3.6226798E-4
3.5335153E-4
3.426011E-4
3.314858E-4
3.2106077E-4
3.1200526E-4
3.0489988E-4
3.0061186E-4
3.0053392E-4
3.064093E-4
3.1967164E-4
3.406286E-4
3.680582E-4
3.9947015E-4
4.3175794E-4
4.6184324E-4
4.8712915E-4
5.0575583E-4
5.1670155E-4
5.1976234E-4
5.154306E-4
5.046935E-4
4.8878416E-4
4.6893192E-4
4.4617202E-4
4.2127032E-4
3.947928E-4
3.6730603E-4
3.396521E-4
3.132081E-4
2.900072E-4
2.7254745E-4
2.6311752E-4
2.6276486E-4
2.7059318E-4
2.840485E-4
2.999011E-4
3.15116E-4
3.2725945E-4
3.345675E-4
3.3587983E-4
3.3055653E-4
3.1842006E-4
2.9972196E-4
2.7511673E-4
2.4561543E-4
2.1249494E-4
1.7715171E-4
1.4091E-4
1.0483345E-4
6.966226E-5
3.6403235E-5
1.6458305E-5
4.0170667E-5
7.260969E-5
1.04763945E-4
1.3439269E-4
1.5935158E-4
1.7747628E-4
1.8692084E-4
1.865667E-4
1.7643462E-4
1.5812962E-4
1.3546778E-4
1.1540297E-4
1.0761405E-4
1.1753002E-4
1.3988605E-4
1.6628658E-4
1.9193871E-4
2.1593666E-4
2.400614E-4
2.6721953E-4
2.995481E-4
3.369482E-4
3.768672E-4
4.15178E-4
4.4739095E-4
4.6968277E-4
4.7962167E-4
4.7662025E-4
4.6213972E-4
4.3961467E-4
4.1398595E-4
3.9065583E-4
3.7381967E-4
3.647823E-4
3.615443E-4
3.602582E-4
3.575253E-4
3.5216895E-4
3.459648E-4
3.432178E-4
3.489533E-4
3.6606644E-4
3.9332148E-4
4.2591902E-4
4.577158E-4
4.8317137E-4
4.983677E-4
5.013663E-4
4.922092E-4
4.7269606E-4
4.4595217E-4
4.1576472E-4
3.8568518E-4
3.5803992E-4
3.332296E-4
3.0977986E-4
2.852389E-4
2.5747882E-4
2.2586869E-4
1.9218356E-4
1.6143886E-4
1.4207451E-4
1.4172358E-4
1.5854073E-4
1.8274465E-4
2.0537982E-4
2.2103723E-4
2.2712465E-4
2.2304134E-4
2.096298E-4
1.8872754E-4
1.6271193E-4
1.3401349E-4
1.0463908E-4
7.58481E-5
4.8421894E-5
2.6219748E-5
3.1212443E-5
6.0588918E-5
9.6652606E-5
1.3538919E-4
1.7446329E-4
2.11505E-4
2.4414083E-4
2.7024187E-4
2.881865E-4
2.9709472E-4
2.9702054E-4
2.8909286E-4
2.7557713E-4
2.5977948E-4
2.4562082E-4
2.3667548E-4
2.3484316E-4
2.396081E-4
2.4877783E-4
2.601639E-4
2.7293243E-4
2.8798747E-4
3.0735502E-4
3.3284008E-4
3.6466305E-4
4.0091903E-4
4.380614E-4
4.7189917E-4
4.9856416E-4
5.152253E-4
5.205321E-4
5.1480386E-4
4.9995596E-4
4.7912693E-4
4.5597533E-4
4.3370828E-4
4.1411785E-4
3.9711987E-4
3.811734E-4
3.6443703E-4
3.4609073E-4
3.2728168E-4
3.1133814E-4
3.0286264E-4
3.054953E-4
3.194742E-4
3.412497E-4
3.6541896E-4
3.8690923E-4
4.021229E-4
4.0919828E-4
4.0782275E-4
3.9883566E-4
3.8372437E-4
3.64093E-4
3.4120728E-4
3.1573087E-4
2.8772728E-4
2.5690498E-4
2.2298573E-4
1.8604938E-4
1.4676887E-4
1.06584936E-4
6.8246816E-5
3.9376846E-5
4.046011E-5
6.400298E-5
8.882897E-5
1.0947293E-4
1.2454922E-4
1.336508E-4
1.3668719E-4
0.0
0.0
0.0
0.0
0.0
0.0
0.0
0.0
0.0
0.0
0.0
0.0
0.0
0.0
0.0
0.0
0.0
0.0
0.0
0.0
0.0
0.0
0.0
0.0
0.0
0.0
0.0
0.0
0.0
0.0
0.0
0.0
0.0
0.0
0.0
0.0
0.0
0.0
0.0
0.0
0.0
0.0
0.0
0.0
0.0
0.0
0.0
0.0
0.0
0.0
0.0
0.0
0.0
0.0
0.0
0.0
0.0
0.0
0.0
0.0
0.0
0.0
0.0
0.0
0.0
0.0
0.0
0.0
0.0
0.0
0.0
0.0
0.0
0.0
0.0
0.0
0.0
0.0
0.0
0.0
0.0
0.0
0.0
0.0
0.0
0.0
0.0
0.0
0.0
0.0
0.0
0.0
0.0
0.0
0.0
0.0
0.0
0.0
0.0
0.0
0.0
0.0
0.0
0.0
0.0
0.0
0.0
0.0
0.0
0.0
0.0
0.0
0.0
0.0
0.0
0.0
0.0
0.0
0.0
0.0
0.0
0.0
0.0
0.0
0.0
0.0
0.0
0.0
0.0
0.0
0.0
0.0
0.0
0.0
0.0
0.0
0.0
0.0
0.0
0.0
0.0
0.0
0.0
0.0
0.0
0.0
0.0
0.0
0.0
0.0
0.0
0.0
0.0
0.0
0.0
0.0
0.0
0.0
0.0
0.0
0.0
0.0
0.0
0.0
0.0
0.0
0.0
0.0
0.0
0.0
0.0
0.0
0.0
0.0
0.0
0.0
0.0
0.0
0.0
0.0
0.0
0.0
0.0
0.0
0.0
0.0
0.0
0.0
0.0
0.0
0.0
0.0
0.0
0.0
0.0
0.0
0.0
0.0
0.0
0.0
0.0
0.0
0.0
0.0
0.0
0.0
0.0
0.0
0.0
0.0
0.0
0.0
0.0
0.0
0.0
0.0
0.0
0.0
0.0
0.0
0.0
0.0
0.0
0.0
0.0
0.0
0.0
0.0
0.0
0.0
0.0
0.0
0.0
0.0
0.0
0.0
0.0
0.0
0.0
0.0
0.0
0.0
0.0
0.0
0.0
0.0
0.0
0.0
0.0
0.0
0.0
0.0
0.0
0.0
0.0
0.0
0.0
0.0
0.0
0.0
0.0
0.0
0.0
0.0
0.0
0.0
0.0
0.0
0.0
0.0
0.0
0.0
0.0
0.0
0.0
0.0
0.0
0.0
0.0
0.0
0.0
0.0
0.0
0.0
0.0
0.0
0.0
0.0
0.0
0.0
0.0
0.0
0.0
0.0
0.0
0.0
0.0
0.0
0.0
0.0
0.0
0.0
0.0
0.0
0.0
0.0
0.0
0.0
0.0
0.0
0.0
0.0
0.0
0.0
0.0
0.0
0.0
0.0
0.0
0.0
0.0
0.0
0.0
0.0
0.0
0.0
0.0
0.0
0.0
0.0
0.0
0.0
0.0
0.0
0.0
0.0
0.0
0.0
0.0
0.0
0.0
0.0
0.0
0.0
0.0
0.0
0.0
0.0
0.0
0.0
0.0
0.0
0.0
0.0
0.0
0.0
0.0
0.0
0.0
0.0
0.0
0.0
0.0
0.0
0.0
0.0
0.0
0.0
0.0
0.0
0.0
0.0
0.0
0.0
0.0
0.0
0.0
0.0
0.0
0.0
0.0
0.0
0.0
0.0
0.0
0.0
0.0
0.0
0.0
0.0
0.0
0.0
0.0
0.0
0.0
0.0
0.0
0.0
0.0
0.0
0.0
0.0
0.0
0.0
0.0
0.0
0.0
0.0
0.0
0.0
0.0
0.0
0.0
0.0
0.0
0.0
0.0
0.0
0.0
0.0
0.0
0.0
0.0
0.0
0.0
0.0
0.0
0.0
0.0
0.0
0.0
0.0
0.0
0.0
0.0
0.0
0.0
0.0
0.0
0.0
0.0
0.0
0.0
0.0
0.0
0.0
0.0
0.0
0.0
0.0
0.0
0.0
0.0
0.0
0.0
0.0
0.0
0.0
0.0
0.0
0.0
0.0
0.0
0.0
0.0
0.0
0.0
0.0
0.0
0.0
0.0
0.0
0.0
0.0
0.0
0.0
0.0
0.0
0.0
0.0
0.0
0.0
0.0
0.0
0.0
0.0
0.0
0.0
0.0
0.0
0.0
0.0
0.0
0.0
0.0
0.0
0.0
0.0
0.0
0.0
0.0
0.0
0.0
0.0
0.0
0.0
0.0
0.0
0.0
0.0
0.0
0.0
0.0
0.0
0.0
0.0
0.0
0.0
0.0
0.0
0.0
0.0
0.0
0.0
0.0
0.0
0.0
0.0
0.0
0.0
0.0
0.0
0.0
0.0
0.0
0.0
0.0
0.0
0.0
0.0
0.0
0.0
0.0
0.0
0.0
0.0
0.0
0.0
0.0
0.0
0.0
0.0
0.0
0.0
0.0
0.0
0.0
0.0
0.0
0.0
0.0
0.0
0.0
0.0
0.0
0.0
0.0
0.0
0.0
0.0
0.0
0.0
0.0
0.0
0.0
0.0
0.0
0.0
0.0
0.0
0.0
0.0
0.0
0.0
0.0
0.0
0.0
0.0
0.0
0.0
0.0
0.0
0.0
0.0
0.0
0.0
0.0
0.0
0.0
0.0
0.0
0.0
0.0
0.0
0.0
0.0
0.0
0.0
0.0
0.0
0.0
0.0
0.0
0.0
0.0
0.0
0.0
0.0
0.0
0.0
0.0
0.0
0.0
0.0
0.0
0.0
0.0
0.0
0.0
0.0
0.0
0.0
0.0
0.0
0.0
0.0
0.0
0.0
0.0
0.0
0.0
0.0
0.0
0.0
0.0
0.0
0.0
0.0
0.0
0.0
0.0
0.0
0.0
0.0
0.0
0.0
0.0
0.0
0.0
0.0
0.0
0.0
0.0
0.0
0.0
0.0
0.0
0.0
0.0
0.0
0.0
0.0
0.0
0.0
0.0
0.0
0.0
0.0
0.0
0.0
0.0
0.0
0.0
0.0
0.0
0.0
0.0
0.0
0.0
0.0
0.0
0.0
0.0
0.0
0.0
0.0
0.0
0.0
0.0
0.0
0.0
0.0
0.0
0.0
0.0
0.0
0.0
0.0
0.0
0.0
0.0
0.0
0.0
0.0
0.0
0.0
0.0
0.0
0.0
0.0
0.0
0.0
0.0
0.0
0.0
0.0
0.0
0.0
0.0
0.0
0.0
0.0
0.0
0.0
0.0
0.0
0.0
0.0
0.0
0.0
0.0
0.0
0.0
0.0
0.0
0.0
0.0
0.0
0.0
0.0
0.0
0.0
0.0
0.0
0.0
0.0
0.0
0.0
0.0
0.0
0.0
0.0
0.0
0.0
0.0
0.0
0.0
0.0
0.0
0.0
0.0
0.0
0.0
0.0
0.0
0.0
0.0
0.0
0.0
0.0
0.0
0.0
0.0
0.0
0.0
0.0
0.0
0.0
0.0
0.0
0.0
0.0
0.0
0.0
0.0
0.0
0.0
0.0
0.0
0.0
0.0
0.0
0.0
0.0
0.0
0.0
0.0
0.0
0.0
0.0
0.0
0.0
0.0
0.0
0.0
0.0
0.0
0.0
0.0
0.0
0.0
0.0
0.0
0.0
0.0
0.0
0.0
0.0
0.0
0.0
0.0
0.0
0.0
0.0
0.0
0.0
0.0
0.0
0.0
0.0
0.0
0.0
0.0
0.0
0.0
0.0
0.0
0.0
0.0
0.0
0.0
0.0
0.0
0.0
0.0
0.0
0.0
0.0
0.0
0.0
0.0
0.0
0.0
0.0
0.0
0.0
0.0
0.0
0.0
0.0
0.0
0.0
0.0
0.0
0.0
0.0
0.0
0.0
0.0
0.0
0.0
0.0
0.0
0.0
0.0
0.0
0.0
0.0
0.0
0.0
0.0
0.0
0.0
0.0
0.0
0.0
0.0
0.0
0.0
0.0
0.0
0.0
0.0
0.0
0.0
0.0
0.0
0.0
0.0
0.0
0.0
0.0
0.0
0.0
0.0
0.0
0.0
0.0
0.0
0.0
0.0
0.0
0.0
0.0
0.0
0.0
0.0
0.0
0.0
0.0
0.0
0.0
0.0
0.0
0.0
0.0
0.0
0.0
0.0
0.0
0.0
0.0
0.0
0.0
0.0
0.0
0.0
0.0
0.0
0.0
0.0
0.0
0.0
0.0
0.0
0.0
0.0
0.0
0.0
0.0
0.0
0.0
0.0
0.0
0.0
0.0
0.0
0.0
0.0
0.0
0.0
0.0
0.0
0.0
0.0
0.0
0.0
0.0
0.0
0.0
0.0
0.0
0.0
0.0
0.0
0.0
0.0
0.0
0.0
0.0
0.0
0.0
0.0
0.0
0.0
0.0
0.0
0.0
0.0
0.0
0.0
0.0
0.0
0.0
0.0
0.0
0.0
0.0
0.0
0.0
0.0
0.0
0.0
0.0
0.0
0.0
0.0
0.0
0.0
0.0
0.0
0.0
0.0
0.0
0.0
0.0
0.0
0.0
0.0
0.0
0.0
0.0
0.0
0.0
0.0
0.0
0.0
0.0
0.0
0.0
0.0
0.0
0.0
0.0
0.0
0.0
0.0
0.0
0.0
0.0
0.0
0.0
0.0
0.0
0.0
0.0
0.0
0.0
0.0
0.0
0.0
0.0
0.0
0.0
0.0
0.0
0.0
0.0
0.0
0.0
0.0
0.0
0.0
0.0
0.0
0.0
0.0
0.0
0.0
0.0
0.0
0.0
0.0
0.0
0.0
0.0
0.0
0.0
0.0
0.0
0.0
0.0
0.0
0.0
0.0
0.0
0.0
0.0
0.0
0.0
0.0
0.0
0.0
0.0
0.0
0.0
0.0
0.0
0.0
0.0
0.0
0.0
0.0
0.0
0.0
0.0
0.0
0.0
0.0
0.0
0.0
0.0
0.0
0.0
0.0
0.0
0.0
0.0
0.0
0.0
0.0
0.0
0.0
0.0
0.0
0.0
0.0
0.0
0.0
0.0
0.0
0.0
0.0
0.0
0.0
0.0
0.0
0.0
0.0
0.0
0.0
0.0
0.0
0.0
0.0
0.0
0.0
0.0
0.0
0.0
0.0
0.0
0.0
0.0
0.0
0.0
0.0
0.0
0.0
0.0
0.0
0.0
0.0
0.0
0.0
0.0
0.0
0.0
0.0
0.0
0.0
0.0
0.0
0.0
0.0
0.0
0.0
0.0
0.0
0.0
0.0
0.0
0.0
0.0
0.0
0.0
0.0
0.0
0.0
0.0
0.0
0.0
0.0
0.0
0.0
0.0
0.0
0.0
0.0
0.0
0.0
0.0
0.0
0.0
0.0
0.0
0.0
0.0
0.0
0.0
0.0
0.0
0.0
0.0
0.0
0.0
0.0
0.0
0.0
0.0
0.0
0.0
0.0
0.0
0.0
0.0
0.0
0.0
0.0
0.0
0.0
0.0
0.0
0.0
0.0
0.0
0.0
0.0
0.0
0.0
0.0
0.0
0.0
0.0
0.0
0.0
0.0
0.0
0.0
0.0
0.0
0.0
0.0
0.0
0.0
0.0
0.0
0.0
0.0
0.0
0.0
0.0
0.0
0.0
0.0
0.0
0.0
0.0
0.0
0.0
0.0
0.0
0.0
0.0
0.0
0.0
0.0
0.0
0.0
0.0
0.0
0.0
0.0
0.0
0.0
0.0
0.0
0.0
0.0
0.0
0.0
0.0
0.0
0.0
0.0
0.0
0.0
0.0
0.0
0.0
0.0
0.0
0.0
0.0
0.0
0.0
0.0
0.0
0.0
0.0
0.0
0.0
0.0
0.0
0.0
0.0
0.0
0.0
0.0
0.0
0.0
0.0
0.0
0.0
0.0
0.0
0.0
0.0
0.0
0.0
0.0
0.0
0.0
0.0
0.0
0.0
0.0
0.0
0.0
0.0
0.0
0.0
0.0
0.0
0.0
0.0
0.0
0.0
0.0
0.0
0.0
0.0
0.0
0.0
0.0
0.0
0.0
0.0
0.0
0.0
0.0
0.0
0.0
0.0
0.0
0.0
0.0
0.0
0.0
0.0
0.0
0.0
0.0
0.0
0.0
0.0
0.0
0.0
0.0
0.0
0.0
0.0
0.0
0.0
0.0
0.0
0.0
0.0
0.0
0.0
0.0
0.0
0.0
0.0
0.0
0.0
0.0
0.0
0.0
0.0
0.0
0.0
0.0
0.0
0.0
0.0
0.0
0.0
0.0
0.0
0.0
0.0
0.0
0.0
0.0
0.0
0.0
0.0
0.0
0.0
0.0
0.0
0.0
0.0
0.0
0.0
0.0
0.0
0.0
0.0
0.0
0.0
0.0
0.0
0.0
0.0
0.0
0.0
0.0
0.0
0.0
0.0
0.0
0.0
0.0
0.0
0.0
0.0
0.0
0.0
0.0
0.0
0.0
0.0
0.0
0.0
0.0
0.0
0.0
0.0
0.0
0.0
0.0
0.0
0.0
0.0
0.0
0.0
0.0
0.0
0.0
0.0
0.0
0.0
0.0
0.0
0.0
0.0
0.0
0.0
0.0
0.0
0.0
0.0
0.0
0.0
0.0
0.0
0.0
0.0
0.0
0.0
0.0
0.0
0.0
0.0
0.0
0.0
0.0
0.0
0.0
0.0
0.0
0.0
0.0
0.0
0.0
0.0
0.0
0.0
0.0
0.0
0.0
4.655076E-4
4.6382527E-4
4.6214546E-4
4.6046812E-4
4.587933E-4
4.57121E-4
4.5545123E-4
4.5378396E-4
4.5211922E-4
4.50457E-4
4.4879733E-4
4.471402E-4
4.4548558E-4
4.4383353E-4
4.42184E-4
4.4053706E-4
4.3889263E-4
4.372508E-4
4.356115E-4
4.3397478E-4
4.3234063E-4
4.3070907E-4
4.2908007E-4
4.2745366E-4
4.2582984E-4
4.242086E-4
4.2258998E-4
4.2097393E-4
4.1936047E-4
4.1774963E-4
4.161414E-4
4.1453578E-4
4.129328E-4
4.113324E-4
4.0973467E-4
4.0813952E-4
4.0654704E-4
4.0495716E-4
4.0336995E-4
4.0178536E-4
4.0020343E-4
3.9862416E-4
3.9704752E-4
3.9547356E-4
3.9390224E-4
3.923336E-4
3.9076761E-4
3.8920433E-4
3.876437E-4
3.8608574E-4
3.845305E-4
3.8297792E-4
3.8142802E-4
3.7988083E-4
3.7833632E-4
3.7679455E-4
0.0
0.0
0.0
0.0
0.0
0.0
0.0
0.0
0.0
0.0
0.0
0.0
0.0
0.0
0.0
0.0
0.0
0.0
0.0
0.0
0.0
0.0
0.0
0.0
0.0
0.0
0.0
0.0
0.0
0.0
0.0
0.0
0.0
0.0
0.0
0.0
0.0
0.0
0.0
0.0
0.0
0.0
0.0
0.0
0.0
0.0
0.0
0.0
0.0
0.0
0.0
0.0
0.0
0.0
0.0
0.0
0.0
0.0
0.0
0.0
0.0
0.0
0.0
0.0
0.0
0.0
0.0
0.0
0.0
0.0
0.0
0.0
0.0
0.0
0.0
0.0
0.0
0.0
0.0
0.0
0.0
0.0
0.0
0.0
0.0
0.0
0.0
0.0
0.0
0.0
0.0
0.0
0.0
0.0
0.0
0.0
0.0
0.0
0.0
0.0
0.0
0.0
0.0
0.0
0.0
0.0
0.0
0.0
0.0
0.0
0.0
0.0
0.0
0.0
0.0
0.0
0.0
0.0
0.0
0.0
0.0
0.0
0.0
0.0
0.0
0.0
0.0
0.0
0.0
0.0
0.0
0.0
0.0
0.0
0.0
0.0
0.0
0.0
0.0
0.0
0.0
0.0
0.0
0.0
0.0
0.0
0.0
-1.8026559E-4
-1.7916324E-4
-1.7806406E-4
-1.7696805E-4
-1.7587522E-4
-1.7478557E-4
-1.736991E-4
-1.7261581E-4
-1.715357E-4
-1.7045879E-4
-1.6938508E-4
-1.6831454E-4
-1.6724721E-4
-1.6618308E-4
-1.6512215E-4
-1.6406442E-4
-1.630099E-4
-1.6195858E-4
-1.6091048E-4
-1.598656E-4
-1.5882392E-4
-1.5778546E-4
-1.5675023E-4
-1.5571823E-4
-1.5468943E-4
-1.5366387E-4
-1.5264156E-4
-1.5162246E-4
-1.506066E-4
-1.4959398E-4
-1.485846E-4
-1.4757847E-4
-1.4657558E-4
-1.4557593E-4
-1.4457954E-4
-1.435864E-4
-1.425965E-4
-1.4160988E-4
-1.4062651E-4
-1.3964639E-4
-1.3866955E-4
-1.3769597E-4
-1.3672565E-4
-1.3575862E-4
-1.3479484E-4
-1.3383434E-4
-1.3287713E-4
-1.3192318E-4
-1.3097253E-4
-1.3002516E-4
-1.2908108E-4
-1.2814028E-4
-1.2720277E-4
-1.2626855E-4
-1.2533764E-4
-1.2441001E-4
-1.2348569E-4
-1.2256467E-4
-1.2164696E-4
-1.2073255E-4
-1.19821445E-4
-1.1891366E-4
-1.1800918E-4
-1.17108015E-4
-1.1621017E-4
-1.1531563E-4
-1.1442443E-4
-1.13536546E-4
-1.12651986E-4
-1.1177075E-4
-1.1089285E-4
-1.1001828E-4
-1.0914704E-4
-1.08279135E-4
-1.0741457E-4
-1.0655334E-4
-1.0569546E-4
-1.0484092E-4
-1.0398972E-4
-1.0314187E-4
-1.02297374E-4
-1.0145623E-4
-1.0061843E-4
-9.9783996E-5
-9.8952914E-5
-9.8125194E-5
-9.7300835E-5
-9.647984E-5
-9.566221E-5
-9.484794E-5
-9.403705E-5
-9.322953E-5
-9.2425376E-5
-9.16246E-5
-9.08272E-5
-9.003318E-5
-8.924254E-5
-8.845529E-5
-8.767141E-5
-8.689092E-5
-8.6113825E-5
-8.5340114E-5
-8.4569794E-5
-8.3802865E-5
-8.303934E-5
-8.2279206E-5
-8.152247E-5
-8.076914E-5
-8.001921E-5
-7.927268E-5
-7.8529556E-5
-7.778984E-5
-7.705353E-5
-7.632064E-5
-7.559116E-5
-7.486509E-5
-7.414244E-5
-7.342321E-5
-7.270739E-5
-7.1995004E-5
-7.1286035E-5
-7.0580485E-5
-6.987837E-5
-6.917968E-5
-6.848442E-5
-6.7792585E-5
-6.710419E-5
-6.641923E-5
-6.57377E-5
-6.505961E-5
-6.438496E-5
-6.371376E-5
-6.304598E-5
-6.238167E-5
-6.1720784E-5
-6.106336E-5
-6.0409377E-5
-5.9758844E-5
-5.9111764E-5
-5.846814E-5
-5.782797E-5
-5.7191253E-5
-5.6557994E-5
-5.5928198E-5
-5.5301858E-5
-5.4678985E-5
-5.4059572E-5
-5.3443626E-5
-5.2831147E-5
-5.2222134E-5
-5.1616593E-5
-5.1014522E-5
-5.041592E-5
-4.9820796E-5
-4.9229147E-5
-4.8640974E-5
-4.8056278E-5
-4.747506E-5
-4.6897323E-5
-4.6323068E-5
-4.57523E-5
-4.5185014E-5
-4.4621214E-5
-4.40609E-5
-4.350408E-5
-4.295074E-5
-4.24009E-5
-4.185455E-5
-4.1311694E-5
-4.0772335E-5
-4.0236468E-5
-3.97041E-5
-3.9175233E-5
-3.8649865E-5
-3.8128E-5
-3.7609636E-5
-3.7094775E-5
-3.658342E-5
-3.6075573E-5
-3.5571233E-5
-3.50704E-5
-3.4573077E-5
-3.4079265E-5
-3.3588964E-5
-3.310218E-5
-3.2618907E-5
-3.2139153E-5
-3.1662912E-5
-3.119019E-5
-3.072099E-5
-3.0255305E-5
-2.9793146E-5
-2.9334506E-5
-2.887939E-5
-2.84278E-5
-2.7979733E-5
-2.7535194E-5
-2.7094182E-5
-2.66567E-5
0.0
0.0
0.0
0.0
0.0
0.0
0.0
0.0
0.0
0.0
0.0
0.0
0.0
0.0
0.0
0.0
0.0
0.0
0.0
0.0
0.0
0.0
-1.7570754E-5
-1.7218248E-5
-1.6869293E-5
-1.6523893E-5
-1.6182044E-5
-1.584375E-5
-1.5509011E-5
-1.5177828E-5
-1.4850202E-5
-1.4526133E-5
-1.4205622E-5
-1.3888671E-5
-1.3575279E-5
-1.3265448E-5
-1.2959177E-5
-1.2656468E-5
-1.2357323E-5
-1.2061741E-5
-1.1769722E-5
-1.1481268E-5
-1.119638E-5
-1.0915057E-5
-1.0637302E-5
-1.0363114E-5
-1.0092493E-5
-9.825441E-6
-9.561959E-6
-9.302046E-6
-9.045704E-6
-8.792934E-6
-8.543734E-6
-8.298108E-6
-1.6112108E-5
-1.5635145E-5
-1.5165333E-5
-1.47026685E-5
-1.4247155E-5
-1.3798793E-5
-1.3357582E-5
-1.2923525E-5
-1.2496623E-5
-1.20768755E-5
-1.1664285E-5
-1.1258851E-5
-1.0860576E-5
-1.0469461E-5
-1.0085505E-5
-9.70871E-6
-9.339077E-6
-8.976607E-6
-8.621301E-6
-8.273159E-6
-7.9321835E-6
-7.598373E-6
-7.27173E-6
-6.9522544E-6
-6.639947E-6
-6.334809E-6
-6.036841E-6
-5.7460434E-6
-5.462417E-6
-5.185963E-6
-4.916681E-6
-4.654573E-6
-4.3996383E-6
-4.151878E-6
-3.911293E-6
-3.6778833E-6
-3.45165E-6
-3.2325934E-6
-3.0207138E-6
-2.816012E-6
-2.6184885E-6
-2.4281435E-6
-1.1224888E-6
-1.0344957E-6
-9.5009244E-7
-8.6927935E-7
-7.920567E-7
-7.1842453E-7
-6.483831E-7
-5.8193257E-7
0.0
0.0
0.0
0.0
0.0
0.0
0.0
0.0
0.0
0.0
0.0
0.0
0.0
0.0
0.0
0.0
0.0
0.0
