0.18639511
0.22962856
0.34358904
0.1613138
0.672742
0.66806084
0.48448327
0.6311024
0.49725682
0.71052635
0.73944014
0.29137588
1.2497032
1.119111
2.2552805
2.0581977
1.567122
0.39540878
1.5188769
1.2517577
0.9455404
0.36947164
1.1509924
1.8234091
1.0795741
2.0710528
1.0444342
1.702906
1.536994
1.049879
0.7583491
0.934896
1.1953684
0.79948974
0.7047404
0.5001605
0.27337518
0.21333043
0.39089411
0.38847953
0.5277828
0.7154858
0.54372597
0.5037433
1.0129957
0.8787755
0.72781074
0.48109847
0.24337132
0.17556432
0.29424766
0.65395594
0.5503388
0.13463815
0.06265918
0.24976408
0.5372017
0.5302524
0.6067012
0.890271
0.5049407
0.23224124
0.5108056
0.6979398
0.46160483
0.21697028
0.20792192
0.19070919
0.3317865
0.37134
0.3973221
0.43242735
0.23435494
0.21774574
0.2435913
0.4454334
0.39012548
0.12699047
0.48972362
0.39349082
0.12669143
0.16608588
0.12708482
0.25021255
0.32280916
0.24645527
0.3133989
0.35974473
0.13300422
0.3219583
0.24559212
0.40772897
0.6914629
0.59114695
0.4663481
0.21982282
0.09708755
0.32111967
0.1719212
0.5277778
0.7435494
0.5605786
0.3864204
0.11959736
0.37252012
0.19160762
0.26667672
0.52997386
0.5673111
0.4972116
0.43326578
0.12919627
0.50175875
0.5380774
0.21035147
0.22838378
0.18649754
0.13532202
0.28040794
0.3188999
0.30658424
0.3518067
0.2752362
0.21432686
0.25216028
0.13809074
0.43797985
0.43393025
0.41961414
0.3792264
0.16369896
0.14095663
0.11463741
0.19392028
0.5626906
0.3981448
0.13341562
0.32326323
0.5267107
0.5208276
0.54728216
0.41174504
0.20733681
0.13717222
0.04315634
0.14822653
0.19146977
0.26238787
0.43352464
0.2731043
0.29469463
0.56927794
0.756802
0.44103873
0.38859615
0.4577885
0.25010005
0.35026744
0.5410811
0.31902167
0.16467427
0.2663226
0.48448774
0.49726832
0.3242451
0.21669684
0.21796827
0.24106367
0.33136997
0.22057492
0.31980568
0.3026976
0.36529583
0.33976915
0.20193544
0.33321
0.40561187
0.17916702
0.39377886
0.5171185
0.24569815
0.182263
0.29146042
0.38200387
0.41547737
0.35928154
0.25053608
0.38375938
0.26882538
0.23311137
0.19794612
0.095432505
0.2343948
0.37911484
0.60602766
0.8581311
0.57899743
0.89035213
0.34448254
0.72112364
0.8849471
0.095755994
0.3279015
0.30624524
0.12239492
0.32911918
0.2795483
0.36428213
0.4006143
0.26291263
0.03778322
0.2259303
0.08957578
0.08628257
0.12539501
0.26657575
0.106864564
0.07529381
0.084207535
0.09820458
0.22126488
0.13679329
0.48520547
0.47110075
0.105728395
0.11857926
0.4973229
0.26054445
0.24611205
0.5156095
0.19296494
0.24032098
0.36399382
0.0814389
0.5290341
0.30566105
0.2221654
0.38031152
0.25492045
0.65159464
0.14803259
0.17558691
0.43876007
0.6288769
0.2205293
0.13397919
0.6661752
1.205655
1.1379064
0.62949663
0.73642385
0.72862166
0.15532507
0.20180194
0.09848041
0.062397193
0.18800765
0.3953862
0.53070116
0.2679891
0.13420562
0.23115686
0.19276406
0.1466961
0.124948464
0.11276403
0.16983335
0.20355399
0.21804038
0.27252388
0.36021316
0.115496285
0.27870765
0.39713207
0.26121557
0.19033267
0.1536455
0.09142392
0.16034488
0.17503874
0.1753742
0.14380802
0.05968963
0.028599227
0.15421665
0.22420461
0.18310829
0.15942252
0.391583
0.5088307
0.28320757
0.11829972
0.09679301
0.23092864
0.1883044
0.42565727
0.48797414
0.9450017
0.93634075
0.55726486
0.0029515133
0.35512322
0.12962838
0.33704105
0.1510659
0.32807758
0.4598525
0.33866864
0.50168914
0.5353832
0.3378286
0.28977504
0.17510311
0.270303
0.4457527
0.2086309
0.065354496
0.04998797
0.103435904
0.20019051
0.12240257
0.09402345
0.026380494
0.103383675
0.11977701
0.094499506
0.16987422
0.20285812
0.17693542
0.11629358
0.20769924
0.18732096
0.39444882
0.467512
0.31146246
0.25241974
0.14006953
0.1420552
0.18799633
0.19936976
0.18707886
0.10669661
0.137349
0.3382501
0.7164934
0.5144746
0.35076675
0.17082836
0.02547862
0.05159306
0.13483019
0.24193239
0.059228424
0.14755145
0.115129866
0.29869568
0.103797354
0.051512554
0.2788274
0.4330107
0.21286342
0.08310755
0.2239775
0.5342594
0.22912264
0.28755867
0.32525486
0.30628508
0.10529458
0.35655695
0.6917015
0.2925803
0.11416141
0.042006373
0.11507845
0.11517503
0.15834539
0.1295656
0.25959307
0.050706353
0.1449966
0.14525387
0.20833465
0.22509924
0.11857752
0.22222844
0.06121024
0.16299397
0.30094096
0.46017557
0.25337568
0.12512197
0.22273737
0.29904866
0.40754673
0.37091836
0.4635186
0.5884435
0.5831333
0.3572667
0.28307295
0.28190565
0.14013846
0.15661755
0.19294587
0.3221495
0.15323165
0.08005063
0.061066806
0.17185144
0.20045891
0.24903746
0.18046461
0.17121682
0.2172952
0.25960267
0.21502922
0.12135411
0.07592618
0.074211404
0.28490463
0.284046
0.20351772
0.1924397
0.06570071
0.14475334
0.1291702
0.074569136
0.21740939
0.09932235
0.11037345
0.13558179
0.16463454
0.3874045
0.3983376
0.08902891
0.2393987
0.23571981
0.10841905
0.23480988
0.20262814
0.2035845
0.2668364
0.066970006
0.32825118
0.20556524
0.22848572
0.090474874
0.30167603
0.2050972
0.23157841
0.22134988
0.14963537
0.1289529
0.2723053
0.15768273
0.19891265
0.3714126
0.49326912
0.37522143
0.33354098
0.48054394
0.10166515
0.24673417
0.3527808
0.24067491
0.164693
0.33520856
0.21080025
0.19049445
0.1119586
0.15272391
0.05033769
0.19067599
0.13040435
0.118978895
0.06497702
0.127292
0.27761748
0.2280902
0.36828333
0.24502778
0.12094929
0.04387367
0.09870474
0.113013856
0.123121366
0.053203024
0.1573029
0.14760812
0.20650733
0.054135542
0.25314015
0.24293819
0.16029799
0.22425319
0.26189154
0.1752374
0.20131794
0.3113409
0.15181145
0.017732382
0.14094272
0.29023758
0.22855632
0.09693371
0.06974735
0.1064924
0.09726231
0.06376126
0.061972283
0.10215041
0.2074212
0.120433785
0.21257313
0.40252617
0.5520693
0.5484194
0.45783168
0.42256516
0.2428101
0.18968394
0.30397356
0.23989479
0.14699918
0.17406595
0.12139902
0.25272468
0.21279953
0.09236353
0.44273138
0.4773628
0.23927887
0.22641948
0.26456603
0.37618205
0.5536079
0.33119982
0.3746241
0.2249792
0.23823062
0.33268636
0.26497215
0.13276276
0.18692435
0.050305065
0.019856695
0.18662216
0.15491597
0.14635728
0.16243932
0.122046344
0.095229976
0.23617318
0.34860048
0.5254126
0.36448863
0.2461467
0.17502896
0.1255801
0.10206092
0.09482657
0.09994025
0.11680499
0.2018861
0.1482062
0.29656166
0.19228297
0.25953943
0.40050742
0.33558136
0.31191236
0.11920824
0.46290368
0.39559045
0.21974948
0.45588592
0.4000463
0.27041742
0.068939984
0.52575153
0.66937184
0.18397078
0.15192452
0.5492186
0.30317593
0.32683408
0.67379683
0.7085418
0.3547548
0.06490559
0.30741966
0.4478361
0.53562987
0.5769096
0.5228335
0.3942228
0.9429388
0.5101876
0.36857873
1.1018239
0.77884406
0.9631948
0.84682614
0.8759329
0.5321469
0.55452806
1.3100939
1.3188577
1.5566589
1.4386765
1.0253347
0.6460053
0.72350496
0.72062945
1.4886838
1.5023667
1.0963584
0.7506344
1.7978262
1.9268893
0.3956525
0.8868674
0.572748
0.52595717
0.74827373
0.4935942
0.39613983
0.7778418
0.43218747
0.4767903
0.79191583
0.12124147
1.2773345
1.2927604
0.61609465
1.3566263
1.7380558
1.2355443
2.7014756
3.422002
2.1025648
2.0134199
1.431618
0.69567496
0.20114434
0.6078756
0.9351454
1.176421
0.7053658
1.2291528
1.4859614
1.0335637
0.4892396
0.51778054
1.1062605
1.1639783
0.8443811
0.5791122
0.89883685
0.7401221
1.1009909
1.5836251
1.6085075
1.1699371
0.31616262
0.04176746
0.5330666
0.7345319
0.35586387
0.32557288
0.13153005
0.24790314
0.25032252
0.3746359
0.27526158
0.36217037
0.22966833
0.43984613
0.4958336
0.283006
0.78278506
0.4854776
0.19126607
0.30118006
0.26887205
0.16061723
0.052958336
0.16050565
0.1598765
0.06803605
0.1769921
0.2834302
0.20817006
0.1736985
0.23891656
0.2113977
0.012563901
0.1296789
0.41221082
0.28038934
0.14535984
0.29613984
0.30256256
0.35270268
0.13787979
0.16312613
0.1439779
0.23054491
0.15718852
0.16771758
0.29774716
0.106894515
0.20562164
0.26585045
0.16657579
0.11056415
0.1056289
0.1821795
0.03253199
0.16602379
0.15233569
0.075433604
0.17620735
0.075188264
0.15647568
0.18386611
0.17693748
0.03936482
0.027163373
0.039185
0.26084608
0.3354585
0.21052556
0.072064534
0.13061386
0.15152714
0.18581325
0.24064101
0.18865913
0.04140335
0.09415912
0.12230105
0.034444857
0.18476903
0.17429255
0.106118254
0.142778
0.19338763
0.2807264
0.21673141
0.17288652
0.14419416
0.047120415
0.03620779
0.12264096
0.057765245
0.12103692
0.070768714
0.1054009
0.13130365
0.15751034
0.02343252
0.123273365
0.15289928
0.16458264
0.19869299
0.15656087
0.1522244
0.062459853
0.17315142
0.20156412
0.15019771
0.18776849
0.14378414
0.1554926
0.113147065
0.017907621
0.19498794
0.1533081
0.06938957
0.114175685
0.17216586
0.087936476
0.09356604
0.19252673
0.23500314
0.17228247
0.1171284
0.12506838
0.23134343
0.22621512
0.11752903
0.07408332
0.013781082
0.13631533
0.10128855
0.10770993
0.056418784
0.16866054
0.21365975
0.05120923
0.17066202
0.12544122
0.10099255
0.164496
0.08244419
0.18493675
0.27471247
0.1257446
0.15339707
0.17349136
0.01480096
0.08164311
0.15346056
0.21480638
0.10453949
0.27455184
0.14861195
0.07770576
0.10945206
0.08554285
0.19988728
0.067825
0.2060162
0.16990922
0.21317089
0.16568506
0.11281486
0.08280997
0.10254089
0.117118925
0.12988657
0.07849176
0.09380867
0.19256674
0.20363356
0.13123538
0.036040246
0.044641804
0.084825166
0.06222741
0.074422926
0.09137439
0.085273184
0.114867374
0.065340996
0.04541143
0.12783796
0.0894242
0.013187305
0.0328378
0.12945904
0.10009999
0.02048932
0.100649275
0.10199425
0.06009907
0.104503706
0.16049737
0.07027652
0.052135963
0.032808412
0.08915082
0.09899062
0.09204173
0.1039473
0.17326346
0.16498727
0.12113288
0.121216126
0.090504706
0.030717678
0.021297049
0.0849439
0.1040647
0.06937166
0.06080218
0.0763636
0.11270476
0.04869806
0.078820504
0.05980781
0.09914926
0.050191924
0.05971443
0.08309431
0.0896814
0.055722974
0.10556367
0.055273045
0.037775062
0.046792388
0.052045558
0.03991546
0.031896356
0.093674816
0.11826514
0.07550996
0.044954516
0.025907086
0.0232363
0.049575273
0.048947204
0.048493613
0.11693282
0.08319077
0.12019365
0.12617454
0.109599195
0.074623846
0.08673553
0.11216131
0.05519279
0.19503321
0.14529814
0.050717708
0.095990784
0.051883675
0.04725764
0.09784119
0.18587445
0.19026542
0.087207034
9.796735E-4
0.10961122
0.11022768
0.0842575
0.10584166
0.04725825
0.035381883
0.042867213
0.121523134
0.11557534
0.07402955
0.030152058
0.05623203
0.10530306
0.073680334
0.03022385
0.08872614
0.0372435
0.09200825
0.094274715
0.02263636
0.08463663
0.037244443
0.073874734
0.08963751
0.13382508
0.06398856
0.044847786
0.05611515
0.04836283
0.039099384
0.104975685
0.14326937
0.09545999
0.06194888
0.08481216
0.115508765
0.048540976
0.10960229
0.04107459
0.13910662
0.19685759
0.11064323
0.09305315
0.033493213
0.052480463
0.14410755
0.16198818
0.14864372
0.09310927
0.061098564
0.071459875
0.072162226
0.019320913
0.06814183
0.041018236
0.070465095
0.014953604
0.059493445
0.11621217
0.09930626
0.055177435
0.110986106
0.04860033
0.11876432
0.058099657
0.075684205
0.10548973
0.076596156
0.065745056
0.05264522
0.12010623
0.05889035
0.13259691
0.10465477
0.113820165
0.07334629
0.05101293
0.018564405
0.12952161
0.088153705
0.1201099
0.21726057
0.090241745
0.04638008
0.034830842
0.049065806
0.063635655
0.097952195
0.08891713
0.05212551
0.05058223
0.084346175
0.10271449
0.03063656
0.07344824
0.07639365
0.07056387
0.09325758
0.065279126
0.082008645
0.03536906
0.04050946
0.0173304
0.1168138
0.10021222
0.0325334
0.11831138
0.13020413
0.10658802
0.07928532
0.03339017
0.032215144
0.03838098
0.068678156
0.08008398
0.08480217
0.058296204
0.06569595
0.055202436
0.11410637
0.11101362
0.041895296
0.052561723
0.03477855
0.09858991
0.08028824
0.04379051
0.09404647
0.08878748
0.06588892
0.050186154
0.07616818
0.06301942
0.052403882
0.047846407
0.100073755
0.07173537
0.07201938
0.043673884
0.017992813
0.08504342
0.08357952
0.101641975
0.06293725
0.0061136885
0.034461465
0.031260308
0.07815795
0.11843734
0.13320781
0.10797467
0.0061117355
0.035417948
0.014845188
0.020187205
0.07058057
0.04868845
0.13871673
0.040420752
0.119237944
0.078448735
0.041071013
0.06278032
0.06414829
0.12173315
0.1561739
0.15561561
0.12279771
0.07953595
0.012910871
0.09011356
0.14688145
0.19461839
0.12943932
0.050678883
0.037381183
0.14705065
0.24091427
0.18712044
0.09618129
0.077871114
0.066751726
0.10320973
0.10696887
0.11643571
0.10866329
0.06093443
0.015444835
0.06935846
0.04715589
0.08684571
0.0624539
0.090783596
0.087522365
0.04450332
0.07364363
0.07066423
0.014923697
0.052383658
0.07464879
0.08703537
0.07084669
0.11512952
0.09941604
0.031020937
0.027860003
0.09636476
0.124750875
0.08583834
0.07477515
0.10277728
0.13458572
0.14017618
0.14435956
0.121039964
0.10283007
0.032239817
0.04490882
0.0676035
0.03278656
0.01812028
0.05243805
0.045992058
0.078223184
0.06442507
0.08144438
0.113433
0.036961373
0.046061475
0.06930621
0.08178387
0.042321563
0.14671794
0.14312884
0.10732998
0.11579202
0.098594785
0.040448684
0.08050347
0.103079185
0.024896549
0.068682194
0.075079076
0.1310779
0.021805564
0.07721038
0.04659565
0.11111387
0.10697402
0.050997015
0.03667644
0.025091644
0.05087483
0.109213434
0.15378854
0.13261862
0.08442848
0.09141542
0.11186492
0.003544053
0.08470283
0.08533017
0.18735595
0.17161694
0.14378244
0.1269743
0.110781506
0.08546968
0.11532891
0.11482345
0.099988796
0.096507035
0.20217533
0.2203317
0.10390956
0.07413054
0.11410559
0.067193635
0.06153306
0.14362037
0.10510898
0.10914813
0.117995955
0.046976246
0.09724122
0.02604296
0.048460983
0.07414325
0.1175187
0.058218725
0.07070583
0.101104625
0.07093547
0.10758228
0.05783509
0.035901234
0.09673372
0.013522892
0.09058455
0.08522033
0.043741513
0.0652596
0.04554526
0.04712517
0.07962455
0.14158238
0.13570604
0.056432515
0.087314405
0.06205447
0.07810623
0.11322536
0.12906203
0.045195106
0.07043359
0.13382973
0.17443734
0.07475508
0.03953427
0.042739406
0.009266088
0.02881538
0.04629515
0.09821678
0.01815867
0.06339362
0.05693796
0.036787834
0.09066851
0.036229867
0.044814985
0.03674924
0.048263185
0.11713779
0.11923897
0.068762794
0.1295445
0.1008768
0.060780548
0.07398188
0.10763149
0.17304876
0.07503607
0.06005005
0.070094526
0.067442976
0.07814905
0.14755504
0.0647293
0.013295874
0.011384496
0.07338861
0.060660336
0.12300044
0.17448257
0.08436082
0.04678591
0.10472973
0.08659833
0.0829137
0.06521135
0.11717601
0.035045512
0.14413942
0.1200808
0.17407683
0.19610702
0.19452946
0.11594614
0.0169454
0.0746265
0.052869078
0.1496944
0.12351315
0.044507734
0.11834732
0.07355843
0.047760475
0.054263517
0.06573482
0.040455464
0.07697402
0.10303905
0.08777186
0.041968126
0.15950882
0.12200126
0.09928074
0.0673122
0.13398601
0.06477264
0.057682242
0.13907856
0.087511905
0.044810414
0.11202634
0.086670496
0.11157378
0.13031875
0.048894696
0.16599883
0.1448119
0.11110593
0.09660807
0.15986578
0.1806498
0.22749877
0.22298487
0.17871758
0.15014619
0.06591735
0.024595672
0.11564745
0.16197993
0.13778913
0.15494458
0.23106089
0.22800437
0.1989806
0.064367115
0.15730603
0.04040878
0.08948443
0.12600276
0.09659016
0.07726534
0.09841521
0.035939332
0.03744706
0.11263179
0.089016564
0.04633418
0.058329117
0.065502115
0.21386698
0.17775655
0.026530482
0.042815473
0.0940725
0.10705518
0.118868954
0.1750496
0.22673263
0.2604905
0.18029124
0.10734485
0.1707339
0.2632052
0.1672281
0.14281864
0.06312635
0.061985344
0.1273028
0.15460332
0.17996249
0.19621132
0.054828323
0.035740368
0.068123095
0.13001871
0.19078341
0.13154562
0.10334297
0.065352686
0.07799876
0.09508035
0.08602985
0.16905762
0.073841505
0.03571409
0.047152273
0.08383736
0.091695525
0.13287812
0.18445629
0.109489
0.06662941
0.07944727
0.1729226
0.23504958
0.124884985
0.025445377
0.060174417
0.26424083
0.23717147
0.05607162
0.11178815
0.062578894
0.04515234
0.049425606
0.054787684
0.09540231
0.06312835
0.083015665
0.13531204
0.08016821
0.101234786
0.053375177
0.10036756
0.108479396
0.016023446
0.13516408
0.15881501
0.09738491
0.14432254
0.19317484
0.16863611
0.24006054
0.20638269
0.113336034
0.09895257
0.09331911
0.012843433
0.08327045
0.13456504
0.15739363
0.23152602
0.16275236
0.16500221
0.089148514
0.074286215
0.17222343
0.24964896
0.15562381
0.11854098
0.079801485
0.20194586
0.2807556
0.3006577
0.10184668
0.13304655
0.12061379
0.08778785
0.15462185
0.20999323
0.15127327
0.108776756
0.24542911
0.26444545
0.13111712
0.23171316
0.13691597
0.029347308
0.14019442
0.21681905
0.16320518
0.12593293
0.19513077
0.17345567
0.18370555
0.28049842
0.2822004
0.13003545
0.14185895
0.12757848
0.12486345
0.08078149
0.08208537
0.19609332
0.18518806
0.09502078
0.1718149
0.10084107
0.11314793
0.09217513
0.23516016
0.16962142
0.11845492
0.28232184
0.22447422
0.29898304
0.26890117
0.07127909
0.08887327
0.22179332
0.17465948
0.13114075
0.0324967
0.08379369
0.24664041
0.11760973
0.06507626
0.07291347
0.08382426
0.08200861
0.12879492
0.20857345
0.15747276
0.048691463
0.12194029
0.27900264
0.40035442
0.26274395
0.16702639
0.13441478
0.07070787
0.034638148
0.11591102
0.09108326
0.16674347
0.1134747
0.073337615
0.1846225
0.14523794
0.15260093
0.21698515
0.06323545
0.12549947
0.18175872
0.121496424
0.03335185
0.02862727
0.07859782
0.13757583
0.082888246
0.094378404
0.06905473
0.0052869814
0.068255454
0.049950913
0.0866746
0.087986305
0.030229742
0.10928321
0.19102956
0.20314907
0.17352363
0.15988515
0.074672684
0.030458681
0.027438996
0.033189423
0.07058499
0.08393644
0.044725258
0.17438036
0.26564756
0.13519175
0.059683945
0.058413878
0.11717644
0.065328404
0.07390123
0.07791667
0.19309804
0.14367019
0.09589259
0.10936516
0.15090844
0.15098442
0.12861075
0.103237785
0.02824699
0.0506902
0.13302939
0.13246377
0.064558566
0.044921566
0.13185221
0.13920961
0.11821549
0.14592934
0.110657275
0.12973721
0.14882134
0.09169219
0.1358906
0.113862835
0.05513814
0.06643477
0.0995441
0.19733304
0.22828577
0.15239243
0.14052406
0.08718258
0.04355037
0.094401784
0.0295837
0.06815406
0.18075094
0.073722884
0.08193237
0.04890698
0.019803897
0.020515682
0.042748567
0.08632458
0.06843409
0.050085533
0.1031963
0.13561015
0.078247875
0.023450594
0.10734407
0.14119542
0.1160392
0.10713862
0.10097904
0.06865143
0.105696626
0.15918814
0.092187814
0.056910094
0.10686422
0.15107094
0.13862148
0.09107343
0.07913785
0.1287586
0.1334512
0.07319639
0.09269578
0.13938357
0.06314004
0.06556489
0.107055455
0.05094085
0.08830088
0.11668021
0.0966138
0.023598121
0.020543179
0.06009021
0.036900673
0.10361509
0.06419384
0.0791305
0.03374808
0.027973603
0.06251645
0.047326844
0.14737749
0.052020177
0.022049893
0.008035848
0.02579823
0.06694619
0.05179076
0.12211477
0.08629774
0.025212737
0.07941895
0.1773349
0.13004507
0.017021911
0.066359326
0.09141551
0.13251159
0.17487791
0.10972443
0.097166315
0.056766845
0.14294074
0.028449887
0.06897684
0.062104743
0.04037531
0.033913005
0.020727532
0.04039338
0.0020124288
0.06947198
0.11811176
0.107470766
0.06033357
0.065412484
0.10678367
0.028676586
0.04404201
0.11638707
0.072455
0.03079094
0.114264384
0.056036524
0.081946775
0.040145807
0.089048736
0.050317135
0.026423447
0.034873914
0.051546983
0.036158163
0.025328027
0.030749656
0.0807412
0.095397934
0.018931905
0.04873936
0.0831293
0.056837186
0.14675823
0.13531563
0.13808519
0.0939421
0.1362383
0.06084418
0.039132297
0.11426128
0.09517568
0.104243
0.16144963
0.1099893
0.01133585
0.085907005
0.020294076
0.06590569
0.07860122
0.030897863
0.021967819
0.05097016
0.06872504
0.040684536
0.042468727
0.05672337
0.10933696
0.0807808
0.06840109
0.06589657
0.094763346
0.115068465
0.11201488
0.057203557
0.022993833
0.035380457
0.028230933
0.046925154
0.06640055
0.16126984
0.15649123
0.1289357
0.035814594
0.052694377
0.076676875
0.027445752
0.11270114
0.08680057
0.065776974
0.03522636
0.014502023
0.03215102
0.040183526
0.08961434
0.09601176
0.11327146
0.11564028
0.036186174
0.06709779
0.07675035
0.0020337407
0.086449124
0.06912551
0.044156697
0.0997573
0.17209765
0.12804979
0.07009592
0.03288683
0.023643658
0.04417246
0.063223414
0.045567587
0.07795911
0.08101313
0.0632059
0.12470625
0.1627831
0.095323905
0.05335001
0.06107175
0.08354676
0.111363895
0.048154455
0.11054944
0.081969835
0.10107009
0.13732088
0.12247658
0.07727167
0.06042256
0.08861255
0.068948075
0.035795867
0.0553076
0.07924289
0.08252721
0.0163361
0.09122517
0.008578429
0.07581612
0.085615285
0.068371
0.046672545
0.0071895076
0.02839378
0.048935436
0.027225498
0.13617446
0.14227463
0.037734605
0.08029638
0.04856196
0.076586075
0.12589236
0.114406556
0.14953257
0.07028481
0.08739535
0.03313505
0.022984348
0.12273083
0.15674476
0.16221914
0.118876986
0.018928455
0.101812534
0.08822777
0.06139377
0.068207346
0.07718125
0.07620952
0.038052723
0.046821695
0.060235184
0.06005446
0.115057625
0.09566532
0.05382998
0.040858403
0.09731269
0.015599689
0.044554807
0.04494019
0.03426836
0.037190087
0.08062871
0.0750906
0.030532908
0.042883176
0.07339372
0.0395125
0.059161253
0.10427564
0.09473695
0.045982666
0.050700784
0.051021736
0.035903297
0.015156903
0.029836359
0.014504922
0.052127384
0.055774603
0.020800868
0.061024953
0.048959736
0.033313114
0.09316268
0.11590735
0.06522402
0.06890742
0.074543126
0.026513515
0.03133525
0.09389485
0.12230065
0.09346322
0.023000693
0.065612376
0.04298977
0.04426103
0.080435015
0.031818084
0.055251285
0.044557564
0.045098603
0.037315566
0.054448754
0.10314191
0.072618715
0.029676786
0.036968097
0.032492694
0.022639345
0.058483273
0.07003802
0.0597389
0.06519923
0.094780125
0.07817873
0.04900743
0.05000796
0.035451587
0.025994485
0.064461164
0.026820548
0.06512428
0.03703204
0.029307334
0.03229842
0.041369896
0.08611994
0.052344278
0.02785691
0.05034766
0.027911847
0.07597513
0.08664147
0.038955387
0.05241509
0.09810358
0.0633015
0.019323722
0.014035508
0.03899097
0.028328942
0.038209047
0.04908659
0.08300176
0.122548185
0.09222442
0.027335597
0.033272028
0.037522923
0.048336186
0.036973488
0.053347692
0.07361922
0.035741836
0.042255897
0.04242598
0.03927011
0.021840213
0.01847217
0.03125974
0.04027636
0.02870684
0.018760702
0.036357958
0.043844007
0.044234555
0.014849532
0.06869248
0.06519949
0.019641394
0.042459127
0.027462762
0.025098808
0.043715965
0.015451879
0.032267544
0.025689151
0.04546893
0.041053392
0.019187842
0.055929933
0.039039243
0.034771137
0.07663959
0.07905336
0.030095208
0.042832144
0.039356202
0.04214681
0.045305137
0.048227806
0.0074597574
0.041979313
0.045330133
0.034261864
0.035093546
0.020089423
0.019220846
0.02388028
0.021047657
0.046880506
0.020423483
0.047900718
0.04668447
0.030140713
0.044242337
0.054082207
0.03133708
0.03160744
0.05162081
0.034215022
0.0032333955
0.018845044
0.027690154
0.032312922
0.01145198
0.032886904
0.039948076
0.0215118
0.053719547
0.08778471
0.06910527
0.007968254
0.036017403
0.038002796
0.06157234
0.066645674
0.062034655
0.06499404
0.068656355
0.032267254
0.0061616297
0.03056746
0.051186018
0.032603666
0.011847111
0.022677341
0.009339949
0.01653412
0.054802176
0.065526724
0.047657136
0.025742413
0.03353127
0.025173768
0.020914834
0.056529064
0.058813024
0.039341606
0.006103694
0.0061036795
0.009155487
0.009155444
0.0
0.0
0.0
0.0030517213
0.009155067
0.0061033056
0.006103227
0.0030515704
0.0
0.0030514733
0.006102839
0.003051362
0.006102602
0.0030512363
-0.003051168
-0.003051096
-0.0030510207
0.0
0.006101718
0.009152318
0.006101366
0.0030505897
0.0030504928
0.0061007845
0.009150865
0.0030501804
0.0
0.0
-0.0030498356
0.006099427
0.012198351
0.009148376
0.012197303
-0.0030491892
-0.0060980986
0.0
0.0030487585
0.009145823
0.00914536
0.0
-0.0060962676
-0.0030479687
-0.0060956003
0.0060952557
0.0060949037
0.0030472726
-0.006094179
-0.0060938057
-0.0030467126
0.003046519
0.012185286
0.009138362
-0.003045916
-0.009137124
-0.0060909926
0.0
0.0060901246
0.00608968
0.0
-0.0060887686
-0.0060883025
0.0
0.006087349
0.009130292
-0.0030431831
0.0
-0.0030426774
-0.0030424194
0.0060843155
0.0030418923
-0.0030416236
-0.0060827024
-0.009123226
-0.0060815914
0.0030405126
0.006080452
0.006079871
-0.0030396418
-0.006078689
-0.0030390436
-0.003038739
0.003038431
0.0030381195
0.0
-0.006074971
-0.00911149
-0.009110512
-0.0030365079
0.003036175
0.0030358385
0.0030354983
0.003035155
0.0030348075
0.0030344569
0.006068205
0.0121349795
0.0060667666
-0.006066037
-0.00909795
-0.009096834
-0.0030319025
0.0060630464
0.0060622813
0.0
-0.0060607293
-0.0060599428
0.0030295746
0.015145871
0.015143851
0.012113451
0.0030279518
0.0
0.0030271192
0.009080093
0.006052545
0.0060516875
0.0030254116
0.003024976
0.0030245367
0.0
0.0030236477
0.0030231979
0.0
-0.0030222875
-0.0060436544
-0.0030213632
-0.0030208959
0.0
0.0030199504
0.0030194724
0.0030189909
0.0030185059
0.0
-0.0060350504
-0.0030170297
-0.0030165305
0.0
0.003015522
-0.0030150122
-0.009043498
-0.012055931
-0.01205385
-0.012051756
0.0
0.0030118811
-0.003011347
-0.0030108094
-0.0030102683
-0.0030097237
0.0
0.0
0.0
0.0
0.0
0.0
-0.0030058138
0.0
-0.0060093305
-0.0060081715
-0.0060070055
-0.012011665
-0.006004653
0.0
0.0
0.0030005358
0.0
-0.008997974
-0.01499357
-0.014990499
-0.011989929
-0.008990583
-0.008988709
-0.008986825
-0.00898493
-0.011977367
-0.00898111
-0.005986123
0.0
0.0
0.0
-0.0029904593
-0.0029898002
-0.005978275
-0.0029884714
0.0
0.0
-0.0029864528
-0.008957319
-0.0029850898
-0.008953209
-0.0059674256
0.0029830192
-0.0059646447
0.002981622
-0.0059618363
-0.0059604216
0.0
-0.0059575723
-0.005956137
-0.0029773477
-0.0059532467
-0.005951791
-0.0059503284
-0.0059488593
-0.008921075
-0.0059459005
0.0
0.0
-0.005941411
-0.011879802
-0.011876768
-0.0059368606
-0.008902995
-0.008900689
-0.0059322487
-0.011861396
-0.0059291404
-0.002963788
-0.0029630025
-0.005924427
-0.014807106
-0.017763752
-0.017758958
-0.017754143
-0.011832872
-0.0059148176
-0.011826385
-0.0059115607
-0.011819844
-0.005908277
0.0
-0.008857449
-0.0059033004
-0.002950814
0.0
0.0
-0.0029482855
-0.008842308
-0.005893166
-0.005891454
-0.008834602
0.0029440045
0.0029431384
0.0029422687
0.0058827917
0.0
-0.00293964
0.0
0.0058757416
0.0029369814
0.005872177
0.0
-0.0029342927
0.0
0.0
0.0058631487
0.0058613233
0.0029297455
0.0
0.0
-0.0029269776
-0.0029260484
0.0058502313
0.00584836
0.0058464813
0.0029222982
-0.0029213524
-0.0029204036
0.0
0.005836991
0.0058350735
0.0058331494
0.0029156092
0.0
0.005827337
0.0029126934
0.0058234297
0.0087322
0.0058194962
0.00581752
0.0058155367
0.0058135474
0.008717326
0.005809549
0.0
-0.002902762
0.0
0.0058014737
0.008699158
0.0057973973
0.0
-0.0028966474
-0.0028956172
0.005789167
0.00868064
0.00867752
0.00867439
0.005780834
0.0
0.0057766284
0.011549032
0.008658596
0.0057702726
0.005768141
-0.0028830015
-0.0028819295
0.008642563
0.011519102
0.011514775
0.008632827
-0.0028765209
0.0057508596
0.008623006
0.017239425
0.020104958
0.008613099
0.002869926
0.0
0.0
0.011466342
0.011461863
0.0057286858
0.0
0.0
0.005721911
0.01143928
0.02001077
0.014287698
0.0028563947
-0.0028552467
-0.0028540955
0.0057058823
0.011407135
0.011402493
0.008548379
-0.0028482927
-0.002847123
0.00284595
0.008534322
0.011374379
0.008527237
0.0
-0.0028400384
0.0
0.002837652
0.011345818
0.0028352535
-0.0028340495
0.0
-0.005663265
-0.0028304192
0.0028292031
0.0028279838
0.005653523
-0.002825536
-0.005648615
-0.005646152
0.0
0.0028206035
0.0
0.0
-0.005633745
-0.0028156226
-0.0028143697
0.0
0.002811855
0.0
-0.0056186556
-0.00842418
-0.008420367
0.0
0.0028042379
0.0056059156
0.0028016747
0.0
0.0
0.0
0.0055930247
0.0055904286
0.0055878265
0.0
0.0
-0.0027899921
-0.0027886792
0.0027873632
0.0027860445
0.0
-0.0055667954
-0.0027820698
0.0
0.0
0.0027780689
0.0027767292
0.0027753867
0.0
-0.0027726928
-0.0027713412
-0.002769987
0.0
0.0
0.0027659065
0.0
0.0027631717
0.0027617998
0.0027604252
0.0
-0.0027576669
-0.0027562834
0.0
0.0027535078
0.0055042314
0.0027507208
-0.005498646
-0.0054958444
-0.005493037
-0.002745112
0.0
0.0
-0.0054817502
-0.0027394572
-0.0054760724
-0.0027366127
0.0054703723
0.0
0.0
-0.0027308895
-0.008188355
-0.0081840325
0.0
0.0
-0.0027236715
0.0
-0.008162294
-0.0054386137
-0.0054356926
-0.0027163832
0.0
0.0
0.0
0.0
0.0027090246
0.0
0.0027060618
0.0
0.0
-0.0027015966
0.0
0.0
0.0
0.0026956042
0.0026940994
0.0
0.0
-0.005379136
-0.0026880521
0.0
0.0
0.008050463
0.008045883
0.0053608627
0.005357798
0.005354728
0.0026758262
0.0053485716
0.0053454856
0.0053423936
0.0026696483
-0.0026680971
0.0
0.0026649865
0.0026634273
0.0053237304
0.005320601
0.0
0.0
0.0026555907
0.0
0.005304875
0.005301714
0.010597095
0.0052953754
-0.002646099
0.0
-0.0052858284
0.0026413177
0.010558874
0.007914351
0.0052730255
0.0
-0.007899889
-0.005263368
0.005260139
0.005256904
0.010507328
0.0026252095
-0.0026235844
-0.0026219566
-0.0052406527
0.0026186935
0.002617058
0.0
-0.007841338
-0.007836409
-0.0052209813
0.005217685
0.010428767
0.010422153
0.005207765
-0.005204448
-0.0026005632
0.0025988996
0.007791701
0.0077866954
0.002593894
-0.005184441
-0.0077716336
-0.0051777316
0.0025871848
0.0077565038
0.0077514458
0.005164253
-0.005160871
-0.002578742
0.002577046
0.010301391
0.00772094
0.0025719432
-0.0051404745
-0.015411174
-0.012834091
-0.00513021
0.0051267785
0.0051233424
0.0
-0.0076746824
-0.01278251
-0.0051095486
0.002553044
0.010205245
0.005099152
-0.0025478385
-0.007638296
-0.0050887126
0.0025426117
0.0076225935
0.01015646
0.002537363
-0.0050712177
-0.0050677042
-0.005064186
0.0025303317
0.007585704
0.0050536036
-0.0050500664
-0.01009305
-0.010085957
0.0
0.0050358716
0.007548467
0.005028746
0.0
0.0
0.0
0.0050144396
0.005010851
0.0050072586
-0.0025018305
-0.005000059
-0.0024982262
-0.0024964204
0.0
0.0024928025
-0.00249099
0.0
-0.0049747163
-0.007456617
0.0024837174
0.0049637873
0.0024800678
0.0024782394
-0.0024764088
-0.0024745762
0.002472741
0.002470904
0.004938129
0.004934446
0.0
-0.0049270657
-0.0049233693
0.0
0.0024579815
0.004912253
0.0024542694
-0.0024524103
-0.0024505488
0.0
0.0048936387
0.012224757
0.0024430812
-0.004882418
-0.004878669
-0.004874916
0.007306738
0.012168491
0.009727261
0.0024299303
-0.0072841286
-0.004852307
0.004848524
0.009689474
0.009681891
0.0048371498
-0.0048333495
-0.0048295455
0.0024128687
0.00964385
0.012045271
0.012035718
0.0
-0.00720995
-0.0096056005
-0.0023994814
0.0023975607
0.011978189
0.007181139
0.0
-0.0023898573
0.0
0.009543974
0.009536234
0.0023821215
0.0
-0.0023782414
-0.004752597
-0.0023743534
0.0
0.0
0.0
-0.0023665533
-0.0023645982
-0.0023626413
0.0023606822
0.009434885
0.009427034
0.007064381
0.004705654
0.0
0.0
0.00469383
0.0070348214
0.004685928
-0.0023409857
-0.009356022
-0.009348093
-0.0070051174
0.0
0.0
-0.0023290752
-0.006981251
-0.00465018
-0.0023230945
0.0046421946
0.009276392
0.0069512906
0.0069452818
0.002313089
-0.0023110826
0.0
0.0023070637
0.0046101026
0.006909112
0.0069030644
0.0045980075
0.0
0.0
0.0
0.0
-0.0022888882
0.0
-0.0022848293
-0.0045655943
-0.0045615267
-0.0022787277
0.0
-0.002274651
0.0
0.0
-0.0022685227
-0.0022664766
-0.0022644287
0.0
0.0
-0.0022582742
-0.0022562195
0.0
0.0
0.0
0.0
-0.0044918386
0.0
0.0
-0.0044794376
-0.0022376485
0.0022355767
0.0044670063
0.0
0.0
0.0022272724
0.0
0.0022231105
0.0
-0.004437884
-0.002216855
-0.0044295336
-0.002212677
-0.0022105852
0.0
0.0044127945
0.0
-0.0022022028
0.0
0.0
0.0
0.0043875896
0.0
-0.0043791626
-0.0043749446
-0.0043707234
0.0
0.0021811358
0.0
0.0021769037
0.0
0.0
0.0065116324
0.004336843
0.0021662968
0.0
-0.004324087
-0.0021599147
0.0
0.0021556523
0.0021535188
0.0
0.0
0.00429422
0.0
0.00214283
0.0042813756
0.0
0.0
0.0021342526
0.0042642094
0.0021299555
0.0
0.0
0.0
-0.0042426875
0.0
0.0021170296
0.0021148704
0.0
0.0
-0.004216769
-0.0042124395
0.0021040535
0.002101886
0.0020997173
0.0062926416
0.0041907514
0.0
0.0020910287
0.0
0.0020866764
0.0020844983
0.0020823188
0.0
0.0
0.0
0.0
0.0020714018
0.006207644
0.006201078
0.006194509
0.0020626453
0.006181359
0.006174778
0.006168193
0.0041077365
0.002051671
0.0
0.0
0.0
0.0020428693
0.0061219977
0.0
0.0
-0.0061021447
-0.00203184
0.0020296304
0.0
0.0
0.0
-0.0020207807
-0.0020185653
0.0
0.0
0.0020119124
-0.0020096924
-0.0020074714
-0.0060157473
0.0
0.0020008013
-0.0019985756
0.0
-0.0019941211
-0.0019918922
-0.0019896622
-0.005962293
-0.0019851988
-0.0019829655
-0.003961462
-0.0079139825
-0.0019762593
-0.003948043
-0.0039435662
-0.0039390866
-0.0039346055
-0.0019650608
0.0
0.0
-0.0019583295
-0.0019560836
-0.0039076735
-0.0019515889
-0.00194934
0.0
-0.0038896785
-0.0038851749
-0.0038806694
-0.009690404
-0.005807478
-0.005800711
-0.0038626273
0.0
-0.0038535947
-0.005773613
-0.005766832
-0.0057600476
-0.0038355072
-0.0019154903
-0.0019132261
-0.0057328832
-0.00381739
-0.0038128563
-0.0019041602
0.0019018917
0.0
-0.0037947032
-0.007580321
-0.005678424
-0.00378107
-0.0018882611
-0.0018859863
-0.0037674215
-0.005644303
-0.0037583138
-0.0037537576
0.0
0.0018723201
0.0018700395
-0.001867758
-0.0055964277
-0.0055895783
-0.003721818
-0.0037172488
-0.001856339
0.0
-0.0055552977
-0.005548435
-0.0036943797
-0.0036898013
0.0
0.0
-0.0018380285
-0.0018357363
-0.0036668868
-0.0054934495
-0.005486566
-0.0018265604
0.0
0.0
-0.0018196709
-0.0036347462
-0.003630149
-0.0036255505
-0.0036209507
-0.0018081748
0.0
0.0
0.0
0.0017989659
0.001796662
-0.0017943576
-0.0035841048
-0.0017897467
-0.0035748808
-0.0017851334
0.0
0.0017805176
0.0035564175
0.0035517989
0.0
0.0
0.0017689677
0.0017666561
0.0
0.0
-0.0052791527
-0.0052722106
-0.003510178
-0.0017527741
0.003500917
0.0
-0.0017458257
-0.0034870172
-0.001741191
0.0052166185
0.0052096625
0.0034684702
0.0017319154
-0.0017295954
-0.0017272747
0.0017249536
0.0034452642
0.00516093
0.0034359752
0.0
-0.0034266827
0.0
0.00512608
0.0068254746
0.003408087
-0.001701718
-0.0033987842
-0.0016970658
0.005084217
0.0067696474
0.0067603374
0.0033755128
0.0
0.0016830994
0.0016807704
0.003356882
0.0033522225
0.0016737811
0.0
-0.0016691198
0.0016667887
0.0016644573
0.0033242507
0.00497938
0.0033149216
0.0033102562
0.004958385
0.004951385
0.006592512
0.0065831766
0.0032869198
0.0
-0.0016387906
0.0
0.0016341202
0.0016317847
0.001629449
0.0016271129
0.00487433
0.0048673204
0.0032402067
0.0016177665
0.0016154293
0.0032261838
0.0048322626
0.0048252493
0.003212157
0.0016037404
0.001601402
0.0
-0.0015967247
-0.0015943858
-0.0031840936
0.0
0.0
-0.0015850288
0.0015826892
-0.0015803494
-0.0015780096
0.0015756695
0.003146659
0.0031419783
0.0015686488
0.0015663084
0.0031279358
0.0015616273
-0.0015592865
0.0
0.0015546049
0.0
0.003099846
-0.0015475819
-0.0015452408
-0.0015428996
0.0
0.0015382172
0.0
0.0015335347
0.0015311934
0.0030577043
0.0045795324
0.003048339
0.0015218282
0.004558461
0.0045514368
0.0030296086
0.0030249262
0.0015101219
0.0015077807
0.0015054396
0.0015030985
0.0015007575
0.0
0.0014960757
0.0014937348
0.0014913941
0.0029781067
0.0044601383
0.0029687446
0.0029640638
0.0029593832
0.0
0.0
-0.0029453428
-0.0014703316
0.0
0.0014656524
0.0
0.0
-0.0029172692
-0.0029125912
-0.0043618707
-0.0014516183
0.0014492797
0.0014469415
0.0
-0.0014422656
0.0
0.0
0.0014352531
0.002865832
0.0014305791
-0.0014282425
-0.0014259062
-0.00284714
-0.0014212341
0.0
0.0
0.0
0.0
-0.0014095583
-0.001407224
0.0
0.0014025561
0.0
-0.0013978893
-0.0013955565
-0.0027864478
-0.0027817832
-0.0013885596
-0.001386228
-0.0013838967
0.0
0.0
-0.0013769048
0.0
-0.0013722453
-0.001369916
0.0
-0.0013652586
-0.0013629305
0.0
0.0
0.0013559485
0.001353622
-0.0013512959
0.0
-0.0013466448
-0.0013443199
-0.0013419954
-0.0013396714
-0.0013373479
0.0
-0.001332702
-0.0013303797
0.0
-0.0013257368
0.0
0.0
-0.0013187756
-0.0013164562
-0.0013141374
-0.001311819
0.001309501
0.0
-0.0013048667
0.0
-0.0013002346
-0.003893758
-0.0012956045
-0.0012932903
-0.0012909767
0.0
-0.002572702
0.0
-0.0012817276
0.0
0.005108426
0.0038243902
0.0050899507
0.0012701792
0.0
0.0
0.0012632573
0.0012609513
0.0012586459
0.0
-0.0025080738
-0.0025034668
-0.0012494305
0.0037413847
0.0037344801
0.0012425258
0.0012402255
0.0
0.0
0.0024666577
0.0049241255
0.004914938
0.003679315
-0.002448286
-0.004887393
-0.0036586628
0.0
0.0012149684
0.0
-0.0024207712
-0.0036242856
-0.0036174168
-0.0012035168
0.0024024574
0.0035968241
0.0023933097
0.0
-0.0023841683
0.0
0.002375033
0.0035557018
0.0047318083
0.0
-0.0035351727
-0.0035283347
-0.002347666
0.0
0.0011692784
-0.0011670024
0.0
-0.0023249057
0.0
0.0023158134
0.0034669049
0.0046134563
0.003453282
0.0022976499
0.0
0.0
0.0
0.0
0.0
-0.0022704578
-0.0022659323
-0.0033921127
-0.0022568866
0.0
0.0022478483
0.002243332
0.0022388177
0.0011171526
0.0022297949
0.002225286
0.0022207797
0.0022162749
0.0022117721
0.0022072715
0.0022027728
0.0021982759
0.0
0.0
0.0
0.0
0.0
0.001085669
0.0021668556
0.0021623753
0.002157897
0.0
0.0021489467
0.0
0.0010700026
0.0021355373
0.0
0.0010633043
0.0031832212
0.0021176885
0.0010566158
0.0021087772
0.0
0.0010499373
0.0010477134
0.0010454906
0.0
0.0
0.0
0.0
0.0010343937
0.0010321777
0.0
0.0
0.0020510738
0.0010233257
0.0020422311
0.0030567201
0.0
0.0
0.0
0.0010100831
0.0010078803
0.0040227147
0.0040139128
0.004005116
0.0029972433
9.968844E-4
9.94689E-4
9.924946E-4
9.903017E-4
0.0
9.859196E-4
-9.837304E-4
0.0
9.793559E-4
0.0
0.0029249596
9.7280386E-4
9.706224E-4
9.684423E-4
9.6626347E-4
9.64086E-4
9.619098E-4
0.002879205
9.575615E-4
9.553893E-4
-0.001906437
-0.0019020981
0.0
0.0
9.445487E-4
0.0
-0.001880444
-0.0018761215
0.0
0.0
0.0
9.294295E-4
-0.0018545504
-9.251223E-4
9.229708E-4
9.2082075E-4
0.0
0.0
-9.143791E-4
0.0
0.0018201837
0.0018159009
9.0581045E-4
9.036719E-4
0.0
-0.0017987984
-8.9726516E-4
0.0
0.0
-8.908717E-4
-0.0026662305
-8.866168E-4
-8.8449166E-4
-8.82368E-4
0.0017604918
8.7812525E-4
-8.7600615E-4
0.0
-0.0026153177
0.0
8.6754514E-4
8.654338E-4
8.633239E-4
0.0
-8.591089E-4
-8.570038E-4
-8.549002E-4
0.0
0.0
-8.48599E-4
-0.0016930036
-0.0025332184
-0.0016846242
-8.402197E-4
0.0
8.360398E-4
-0.0016679044
-0.0016637326
-8.29782E-4
-0.0016553988
0.0
0.0
-8.214613E-4
-0.0016387706
-0.0016346218
-0.0016304763
0.0
8.110978E-4
8.090301E-4
0.0
-0.0016097996
0.0
0.0
7.9871714E-4
7.966597E-4
7.946039E-4
0.0
-0.001580995
-0.001576894
-7.8639813E-4
0.0
0.0
-7.8026205E-4
-0.0023346606
-0.0023285402
-7.7414175E-4
0.0
7.700704E-4
7.6803745E-4
-0.0015320124
-7.639768E-4
7.6194917E-4
7.599233E-4
0.0015157985
0.0015117541
-0.0015077132
-0.0015036761
-0.0022494637
-0.002243419
7.457932E-4
0.0
0.0
-0.0022192947
-0.003688796
-0.0014715106
7.3375326E-4
0.0021952593
0.0014595096
7.277584E-4
-7.2576385E-4
-0.0014475425
0.0
0.0
7.178046E-4
0.0
-7.138364E-4
-0.0014237103
-0.0021296274
-0.0014157968
-0.0014118458
-7.0394936E-4
0.0
-7.0000807E-4
-0.0013960806
-0.001392149
-0.0013882214
-0.0013842976
0.0
0.0
-6.8627496E-4
6.84321E-4
0.0
0.0013608378
0.0
6.765249E-4
6.745808E-4
-0.0013452775
6.7069876E-4
0.0
6.6682475E-4
6.6489074E-4
-6.6295883E-4
-6.610289E-4
0.0
6.5717514E-4
0.0013105028
6.533296E-4
0.0
6.494923E-4
0.0012951535
0.002582653
0.0025750073
0.0012836849
0.0012798704
6.3803E-4
6.361269E-4
0.0025369036
0.001896981
6.304302E-4
6.285355E-4
-6.2664296E-4
0.0
0.0012457282
0.0012419559
6.1909383E-4
-0.0012344238
-6.153321E-4
-6.1345444E-4
6.1157893E-4
0.0012194111
6.078344E-4
0.0
-6.0409843E-4
0.0
6.0037116E-4
0.0011970217
0.0
0.0
-5.929429E-4
-0.0017732739
-0.0011784838
-5.873947E-4
5.8554974E-4
0.0011674139
5.818664E-4
-5.800281E-4
-5.78192E-4
0.0
0.0
0.0
5.7086995E-4
0.0
5.672224E-4
5.6540204E-4
0.0
0.0
-0.0011199089
-5.5814313E-4
-5.563341E-4
0.0
0.0
-5.5092067E-4
-5.491208E-4
-5.473232E-4
-5.4552796E-4
-5.43735E-4
0.0
0.0
-5.3836993E-4
-5.365863E-4
-5.348049E-4
5.330258E-4
0.0015937474
0.0010589496
5.277028E-4
5.259331E-4
-5.241658E-4
-5.224009E-4
0.0010412766
0.0
5.1712024E-4
5.1536475E-4
0.0
5.1186094E-4
5.101126E-4
5.0836673E-4
0.0010132464
0.001009764
5.031433E-4
0.0010028139
4.996731E-4
4.9794157E-4
9.92425E-4
9.889717E-4
0.0014782848
4.910398E-4
0.0
-4.8760357E-4
0.0
4.841771E-4
4.824675E-4
4.8076038E-4
0.0
-4.7735355E-4
-9.513077E-4
-4.739566E-4
0.0
-4.7056953E-4
0.0
-4.671924E-4
-9.310152E-4
0.0
0.0
-4.6046812E-4
0.0
0.0
-9.1090245E-4
-4.5378396E-4
0.0
-4.50457E-4
0.0
0.0
-4.4548558E-4
0.0
-8.84368E-4
-4.4053706E-4
0.0
8.745016E-4
4.356115E-4
4.3397478E-4
0.0
-4.3070907E-4
4.2908007E-4
0.0
4.2582984E-4
4.242086E-4
-8.4517995E-4
-8.4194785E-4
-4.1936047E-4
0.0
0.0
-4.1453578E-4
0.0
4.113324E-4
0.0
0.0
-4.0654704E-4
-4.0495716E-4
0.0
0.0
0.0
3.9862416E-4
3.9704752E-4
3.9547356E-4
0.0
-0.0011770008
0.0
0.0
-7.752874E-4
-3.8608574E-4
-3.845305E-4
-3.8297792E-4
-3.8142802E-4
-3.7988083E-4
0.0
0.0
0.0
-3.737191E-4
0.0
0.0
-3.6912624E-4
0.0
-3.6607796E-4
0.0
0.0
-3.61526E-4
0.0
7.170102E-4
3.5699873E-4
0.0
-3.539943E-4
-3.5249625E-4
-3.5100093E-4
-3.495084E-4
0.0
0.0
0.0
0.0
-3.4208727E-4
0.0
6.782766E-4
0.0
0.0
3.347358E-4
0.0
6.636297E-4
6.6071714E-4
6.5781025E-4
9.823635E-4
3.2600667E-4
0.0
0.0
0.0
0.0
0.0
3.1737922E-4
3.1595124E-4
0.0
0.0
-3.1168445E-4
0.0
6.1770837E-4
6.148867E-4
6.120708E-4
6.0926063E-4
0.0
-3.0182875E-4
0.0
2.9903874E-4
5.952961E-4
5.925205E-4
0.0
0.0
0.0
0.0
0.0
0.0
-2.86627E-4
-2.8526245E-4
-2.8390085E-4
-2.8254214E-4
-2.811864E-4
0.0
0.0
0.0
-2.7579267E-4
0.0
5.4622686E-4
0.0
5.4089207E-4
-2.6911675E-4
-2.6779043E-4
0.0
-5.302934E-4
5.276585E-4
5.250296E-4
0.0
0.0
0.0
0.0
-2.5598722E-4
0.0
0.0
0.0
-2.5081896E-4
-2.4953438E-4
0.0
0.0
4.9139746E-4
4.888524E-4
0.0
0.0
0.0
-4.7873252E-4
0.0
0.0
0.0
2.3435478E-4
0.0
0.0
0.0
0.0
4.5631776E-4
0.0
0.0
-4.4895598E-4
-4.4651428E-4
-4.4407873E-4
0.0
-2.1961302E-4
0.0
-4.3439798E-4
0.0
4.2959454E-4
4.272021E-4
6.372237E-4
2.1121786E-4
0.0
-4.1769413E-4
0.0
-4.1297733E-4
0.0
4.0828536E-4
2.0297436E-4
0.0
-4.0129412E-4
1.9948809E-4
1.9833224E-4
3.9435906E-4
3.9205985E-4
0.0
0.0
-3.851999E-4
0.0
0.0
0.0
0.0
0.0
-3.716496E-4
-1.8470665E-4
0.0
1.8247978E-4
0.0
-3.6053118E-4
-3.5832648E-4
-1.7806406E-4
-1.7696805E-4
0.0
1.7478557E-4
-3.473982E-4
-1.7261581E-4
0.0
-1.7045879E-4
0.0
0.0
-1.6724721E-4
0.0
-4.9536646E-4
-3.2812884E-4
0.0
1.6195858E-4
0.0
-4.7959678E-4
-4.7647176E-4
-1.5778546E-4
0.0
1.5571823E-4
0.0
0.0
-1.5264156E-4
-1.5162246E-4
0.0
0.0
-1.485846E-4
-1.4757847E-4
-1.4657558E-4
-1.4557593E-4
0.0
0.0
0.0
0.0
-1.4062651E-4
-1.3964639E-4
-1.3866955E-4
0.0
1.3672565E-4
0.0
0.0
-2.6766869E-4
-1.3287713E-4
0.0
-1.3097253E-4
0.0
1.2908108E-4
0.0
0.0
1.2626855E-4
0.0
1.2441001E-4
0.0
-1.2256467E-4
0.0
0.0
1.19821445E-4
1.1891366E-4
1.1800918E-4
1.17108015E-4
1.1621017E-4
1.1531563E-4
2.2884886E-4
3.4060964E-4
1.12651986E-4
0.0
0.0
-1.1001828E-4
-1.0914704E-4
-1.08279135E-4
1.0741457E-4
1.0655334E-4
0.0
0.0
1.0398972E-4
1.0314187E-4
2.0459475E-4
2.0291246E-4
2.0123686E-4
1.9956799E-4
9.8952914E-5
9.8125194E-5
9.7300835E-5
9.647984E-5
9.566221E-5
9.484794E-5
9.403705E-5
9.322953E-5
9.2425376E-5
0.0
9.08272E-5
0.0
0.0
0.0
0.0
0.0
0.0
0.0
-8.4569794E-5
8.3802865E-5
0.0
0.0
8.152247E-5
0.0
8.001921E-5
7.927268E-5
-1.5705911E-4
-7.778984E-5
7.705353E-5
7.632064E-5
7.559116E-5
7.486509E-5
7.414244E-5
0.0
0.0
-7.1995004E-5
-7.1286035E-5
0.0
-1.3975674E-4
-2.0753904E-4
-1.3696884E-4
-6.7792585E-5
-6.710419E-5
0.0
-6.57377E-5
6.505961E-5
1.2876993E-4
6.371376E-5
0.0
-1.2476333E-4
0.0
-6.106336E-5
-6.0409377E-5
5.9758844E-5
0.0
0.0
-5.782797E-5
-1.1438251E-4
-1.1311599E-4
-1.6778459E-4
-1.10603716E-4
-5.4678985E-5
-5.4059572E-5
-5.3443626E-5
-5.2831147E-5
-1.0444427E-4
-5.1616593E-5
0.0
0.0
4.9820796E-5
0.0
-4.8640974E-5
-9.6112555E-5
0.0
0.0
0.0
-4.57523E-5
-9.037003E-5
-8.924243E-5
-4.40609E-5
-4.350408E-5
0.0
4.24009E-5
-4.185455E-5
-4.1311694E-5
-4.0772335E-5
4.0236468E-5
7.94082E-5
3.9175233E-5
3.8649865E-5
-3.8128E-5
-3.7609636E-5
-3.7094775E-5
-3.658342E-5
-3.6075573E-5
0.0
-3.50704E-5
-1.0371923E-4
-6.815853E-5
0.0
0.0
0.0
-6.4278305E-5
-6.3325824E-5
-6.238038E-5
-9.216296E-5
-3.0255305E-5
-5.958629E-5
-2.9334506E-5
0.0
0.0
0.0
0.0
0.0
0.0
0.0
-5.1584648E-5
-2.5365433E-5
-2.4942075E-5
-2.452225E-5
0.0
-2.3693206E-5
-2.3283988E-5
0.0
0.0
4.415513E-5
2.1682503E-5
-2.1290984E-5
2.0903006E-5
-2.051857E-5
4.027536E-5
1.9760335E-5
-1.9386534E-5
0.0
0.0
0.0
1.7926812E-5
1.7570754E-5
0.0
0.0
0.0
-3.236409E-5
-1.584375E-5
-1.5509011E-5
0.0
0.0
0.0
-2.8411245E-5
0.0
1.3575279E-5
1.3265448E-5
3.887753E-5
0.0
0.0
1.2061741E-5
0.0
0.0
-1.119638E-5
-1.0915057E-5
-2.1274604E-5
-3.108934E-5
-2.0184985E-5
-9.825441E-6
-9.561959E-6
0.0
9.045704E-6
-8.792934E-6
-1.7087468E-5
-8.298108E-6
8.056054E-6
0.0
0.0
0.0
-1.4247155E-5
-1.3798793E-5
-6.678791E-6
0.0
1.2496623E-5
6.0384377E-6
0.0
-5.6294257E-6
0.0
-5.2347305E-6
5.0427525E-6
4.854355E-6
-4.6695386E-6
0.0
-4.3106506E-6
-4.1365797E-6
7.9321835E-6
7.598373E-6
-3.635865E-6
-6.9522544E-6
-6.639947E-6
-6.334809E-6
-3.0184206E-6
0.0
2.7312085E-6
2.5929814E-6
0.0
0.0
2.1998192E-6
4.151878E-6
1.9556464E-6
5.5168252E-6
1.725825E-6
0.0
1.5103569E-6
0.0
0.0
1.2140717E-6
1.1224888E-6
0.0
9.5009244E-7
8.6927935E-7
-7.920567E-7
-1.4368491E-6
6.483831E-7
0.0
5.19073E-7
0.0
-8.082554E-7
3.5204212E-7
0.0
5.1729165E-7
8.693413E-7
-1.796167E-7
0.0
1.14955505E-7
8.801307E-8
6.466283E-8
8.9809674E-8
2.8739146E-8
0.0
1.4369607E-8
1.796202E-9
0.0
