0.52823913
0.38599843
0.35114488
0.38001338
1.232674
1.9111698
1.4344178
0.76517296
0.4110395
0.2691519
0.37008238
0.32877156
0.41974056
0.7233122
0.65885997
0.6255476
0.27355906
0.11846417
0.20888203
0.29317972
0.1976744
0.51218253
0.2703775
0.22931357
0.0199658
0.26197198
0.36189806
0.2015272
0.12500863
0.16391331
0.43434763
0.17985302
0.11289039
0.3092932
0.08417404
0.15631238
0.31329924
0.25601596
0.2366197
0.06763432
0.18287991
0.17547545
0.18463026
0.041912053
0.152141
0.10869039
0.14665616
0.2603057
0.19625667
0.12234526
0.35478863
0.4004871
0.1568113
0.18201964
0.08498314
0.10099529
0.044089887
0.060866922
0.055600874
0.17919576
0.28618944
0.28432703
0.21874507
0.2926205
0.26674882
0.06051258
0.1459729
0.09067274
0.05707899
0.037331652
0.083523
0.10260912
0.14622144
0.02593698
0.19570957
0.109622754
0.13688836
0.19399379
0.15071902
0.19078517
0.1874285
0.09617902
0.027032388
0.011140648
0.06509676
0.061628066
0.05131252
0.06359048
0.13357186
0.23537235
0.13672425
0.24236068
0.18625155
0.061706696
0.13048518
0.07366422
0.0272301
0.114508204
0.1632704
0.2025156
0.26839003
0.19705252
0.17217863
0.1538375
0.10615694
0.065049335
0.09928544
0.102817304
0.079807594
0.04747212
0.099878624
0.03308333
0.17009497
0.18433271
0.038970254
0.15003352
0.09062268
0.030791227
0.07608421
0.12949722
0.07846026
0.032841444
0.054611243
0.03766532
0.08734672
0.06527105
0.057249676
0.100978866
0.042396106
0.17017134
0.13006
0.040475596
0.075391375
0.11824649
0.15550911
0.20179914
0.23942469
0.15230499
0.08772638
0.17207067
0.061953947
0.16679743
0.12182309
0.06849734
0.033426184
0.03695167
0.056869995
0.08787367
0.10475978
0.07850701
0.07999444
0.09762957
0.107355535
0.04495533
0.054099895
0.064616166
0.046554703
0.11278983
0.112481944
0.086051576
0.055493984
0.06709161
0.032128375
0.0271981
0.019762022
0.009207155
0.086124666
0.04129039
0.060844727
0.058538478
0.14616697
0.1300112
0.08896226
0.0486309
0.05426996
0.034111686
0.039936334
0.11765871
0.12600535
0.12590429
0.18934166
0.07191359
0.09901803
0.11891573
0.08403991
0.08269599
0.09381847
0.02385346
0.08413133
0.029187882
0.053791855
0.10044728
0.12408855
0.09154538
0.07321233
0.10218942
0.049773093
0.087348945
0.116378605
0.119479716
0.1269691
0.016596945
0.1588041
0.06871756
0.06617434
0.044888664
0.1321207
0.20173018
0.1663932
0.07832006
0.060587574
0.104116604
0.11382908
0.05016018
0.03960927
0.056371417
0.06564147
0.09224617
0.03034808
0.046367932
0.05289758
0.023630721
0.056019712
0.09381115
0.08871672
0.10608771
0.110419214
0.13037479
0.18332282
0.10104139
0.026880816
0.03599322
0.075939514
0.058964297
0.13487744
0.11529028
0.03373062
0.084048614
0.08224949
0.09110747
0.010655605
0.09358823
0.076708704
0.039648764
0.16049866
0.16968852
0.0926902
0.07394652
0.14954993
0.11329002
0.1371966
0.14075887
0.1135589
0.071437694
0.019333895
0.03577958
0.108540855
0.18336141
0.12604009
0.09116484
0.18240152
0.15899934
0.12453517
0.10904629
0.056242745
0.006446692
0.16025893
0.17700183
0.09571551
0.058580637
0.022197748
0.051548135
0.037427958
0.027935894
0.07036024
0.09460004
0.08809855
0.04063622
0.13272935
0.14864303
0.094608314
0.08349294
0.15638408
0.10649131
0.05154496
0.058063716
0.013150519
0.060816117
0.06154061
0.084658355
0.08348378
0.123149276
0.11626436
0.074440956
0.077555664
0.09873674
0.0639768
0.03224018
0.032998346
0.047993682
0.02868127
0.010665886
0.09422155
0.13172819
0.040160496
0.07839902
0.06511039
0.07944628
0.068986915
0.01533834
0.058212742
0.05601203
0.055025615
0.120916516
0.2216434
0.20456593
0.1367843
0.13573271
0.11468536
0.05189784
0.1011576
0.10217714
0.03166671
0.06254033
0.16076276
0.102082916
0.031364627
0.047170814
0.07137593
0.11440619
0.12025219
0.08292231
0.08529211
0.0967913
0.16019109
0.1586256
0.1416517
0.052214824
0.07802306
0.14265202
0.13179041
0.0735374
0.04343241
0.027691713
0.09726172
0.09594748
0.0747022
0.06927836
0.084445484
0.1274955
0.12653346
0.09305095
0.06661634
0.13376266
0.08463659
0.059057645
0.026351567
0.12460471
0.15846097
0.051514953
0.064529
0.053686865
0.06506232
0.11002917
0.09241793
0.055409454
0.014864968
0.095531814
0.12436534
0.024764897
0.045696083
0.04312179
0.041409485
0.08703053
0.043437988
0.0053146924
0.018816043
0.047224604
0.121796444
0.044908527
0.053961083
0.13876703
0.16987921
0.1310712
0.019815829
0.14091054
0.13145141
0.08422939
0.17380545
0.13053684
0.048327167
0.14053519
0.13522664
0.04120189
0.044242628
0.073738426
0.04592553
0.046306133
0.07584643
0.118790686
0.092102066
0.15204062
0.14245436
0.041816335
0.047406923
0.045661397
0.060561087
0.13770922
0.08911306
0.0936202
0.08893327
0.0801607
0.13971369
0.08794538
0.05245999
0.061643846
0.011952661
0.017563894
0.094578035
0.14471757
0.09753457
0.059390225
0.07246475
0.020592429
0.05829145
0.074011534
0.0052773394
0.02518038
0.11608205
0.09082971
0.018528158
0.10519287
0.12072973
0.09769597
0.07343903
0.09550152
0.04049897
0.16631065
0.15810874
0.057310507
0.06685131
0.08659991
0.049551822
0.08204699
0.10333817
0.065629385
0.048460502
0.06597277
0.1176521
0.1296417
0.09271214
0.16400908
0.17211184
0.082744434
0.021113662
0.12616009
0.13108945
0.07421796
0.10167134
0.048781056
0.09038174
0.12262265
0.11511723
0.07349619
0.114925556
0.07616691
0.14104052
0.15675484
0.028636767
0.056948297
0.04800089
0.072497204
0.02381286
0.08934806
0.04717933
0.15680443
0.074116305
0.12553608
0.14842123
0.07013002
0.079129644
0.020799879
0.048237544
0.14839284
0.13092732
0.014905198
0.026500117
0.042052995
0.06869108
0.103172205
0.041001536
0.18829535
0.14370571
0.019331954
0.1170784
0.13473591
0.07962834
0.034481354
0.06642936
0.100774586
0.09446881
0.059554275
0.0651956
0.060149513
0.048270997
0.048843443
0.07347729
0.033672303
0.10527503
0.20926818
0.23540753
0.1371955
0.051207744
0.09959316
0.059070937
0.021281354
0.0658268
0.101834275
0.16610137
0.046269298
0.015082269
0.14256832
0.20683593
0.105963446
0.018731961
0.05833204
0.09702207
0.103240505
0.008001212
0.07317221
0.07603483
0.06953585
0.18006857
0.11121637
0.056210693
0.13122903
0.14292009
0.12214695
0.12776172
0.07784961
0.07740963
0.19820015
0.21527103
0.09947848
0.06892516
0.09553727
0.06820994
0.11482541
0.11334716
0.0899857
0.18607438
0.08777561
0.25350788
0.27058056
0.273719
0.16363516
0.1418505
0.12971358
0.05262525
0.18620543
0.11024405
0.01935163
0.032144867
0.18546239
0.30440977
0.1299939
0.049935356
0.1272739
0.26328582
0.17403814
0.060669433
0.06895065
0.09221192
0.22648259
0.18732876
0.185501
0.167671
0.066283606
0.10475843
0.09709823
0.18299522
0.15002176
0.1014773
0.123176515
0.113457315
0.058812577
0.16273731
0.14501648
0.3466921
0.46942422
0.39910012
0.23512022
0.15471937
0.31974453
0.2708856
0.27026358
0.46248987
0.4116756
0.23790912
0.25671974
0.31762436
0.2870269
0.22043231
0.12481947
0.42882624
0.21120252
0.17242162
0.2722515
0.26006633
0.100922816
0.078248784
0.12626493
0.19246627
0.23678462
0.2241504
0.37796098
0.23166333
0.07065025
0.40161577
0.5354644
0.25188082
0.19497135
0.34638506
0.3775563
0.17754298
0.22897336
0.35759246
0.2267918
0.41774657
0.47150627
0.17716654
0.034899984
0.12592907
0.17949656
0.12650199
0.174928
0.075914115
0.12902477
0.14528002
0.20473301
0.08786523
0.22462432
0.20299874
0.184738
0.16826604
0.26236373
0.42607358
0.26104602
0.31612477
0.23110975
0.16390635
0.21134034
0.07831734
0.3093875
0.3071424
0.22988129
0.2575513
0.19019474
0.27894834
0.16967195
0.0774766
0.18247792
0.04872539
0.23034899
0.19658846
0.12847671
0.18343672
0.11365461
0.08388629
0.07374221
0.1594565
0.1897115
0.059616096
0.13597707
0.23638465
0.16326782
0.20911428
0.23515622
0.24583147
0.15194316
0.062249653
0.12298476
0.070665844
0.06541223
0.08388228
0.10043088
0.11153165
0.16249216
0.108412154
0.076636456
0.12948996
0.050026134
0.2102469
0.2292312
0.09058702
0.08860698
0.122921936
0.13484038
0.13302875
0.09241496
0.16288513
0.114855506
0.13682246
0.111806355
0.14326482
0.09121354
0.081316024
0.080140345
0.12706909
0.20634606
0.1625985
0.19098586
0.28858468
0.14657901
0.032480355
0.0950022
0.12660363
0.107722074
0.12469821
0.10665075
0.119492546
0.08904264
0.106768176
0.21506014
0.21650222
0.20152295
0.10705505
0.03752428
0.0585568
0.052539397
0.048216056
0.043193642
0.18980548
0.25191575
0.2425964
0.24866548
0.16547863
0.072200015
0.09518324
0.1919066
0.12419309
0.0694574
0.048370626
0.06629031
0.07214195
0.046210174
0.013570062
0.17108347
0.17194927
0.109125964
0.1386467
0.1435724
0.06109051
0.06387324
0.09538532
0.11697172
0.055875067
0.019207431
0.07567093
0.1338964
0.07199765
0.108442575
0.09591309
0.121282905
0.21043481
0.15243074
0.06852482
0.082109354
0.15361075
0.15439361
0.11045947
0.08654936
0.059033986
0.048036207
0.020684216
0.012679873
0.09487141
0.1906207
0.13837177
0.0636924
0.06723216
0.06959829
0.041841418
0.104490235
0.17072874
0.16813931
0.07440059
0.046687767
0.0836475
0.09224717
0.13587877
0.06898237
0.13984062
0.052934848
0.21238253
0.18890673
0.030728886
0.13804722
0.11275084
0.06931822
0.0729041
0.10575181
0.15378168
0.18704715
0.119118616
0.06991527
0.1326933
0.08197125
0.03269957
0.12504835
0.100666404
0.08510925
0.060020085
0.03793798
0.02335378
0.07316491
0.03078544
0.08833797
0.09548599
0.12311525
0.13616583
0.11554639
0.070059896
0.09070971
0.097862035
0.052622512
0.043198347
0.02680577
0.11569193
0.10109075
0.041955568
0.1269351
0.098047234
0.073312335
0.07864933
0.028624825
0.072026625
0.10753316
0.061062884
0.03483604
0.08895341
0.0795587
0.019926388
0.029387634
0.05600492
0.11335983
0.13513595
0.08010236
0.052877057
0.12191912
0.10591654
0.033758618
0.030238772
0.017669898
0.037751812
0.03343774
0.11745999
0.12905182
0.09263187
0.09098112
0.06987167
0.013837683
0.029384695
0.1071172
0.11932243
0.07267141
0.054903522
0.043793224
0.060346667
0.10470201
0.05862681
0.04825481
0.0805084
0.04453898
0.08061251
0.059058964
0.11380319
0.057061836
0.02457274
0.0451099
0.061478827
0.0294039
0.024409473
0.030178871
0.022690045
0.047986947
0.08151066
0.067399465
0.07775649
0.08198366
0.08428331
0.06888045
0.025073884
0.045052867
0.030364415
0.056459587
0.012700155
0.024257043
0.0836634
0.08354818
0.022605486
0.009876756
0.025828406
0.02518668
0.096937366
0.054033272
0.010183978
0.013209682
0.056028876
0.045381773
0.07564189
0.11127461
0.09066401
0.050661314
0.019448368
0.04913886
0.07893366
0.060890242
0.07483977
0.07578201
0.058451902
0.10986217
0.11762467
0.089702055
0.08728253
0.07767336
0.12977004
0.11499205
0.06063942
0.07316688
0.12248429
0.09021819
0.062114894
0.11843
0.16437571
0.1506767
0.12596443
0.10947274
0.12728816
0.091212116
0.029058946
0.083798505
0.08756292
0.09591671
0.0879735
0.0717647
0.11831138
0.066001184
0.053344887
0.08340956
0.06393109
0.04891987
0.031236501
0.060571134
0.027775556
0.031775277
0.035459008
0.07327449
0.027121749
0.020626687
0.06891552
0.08220615
0.03518401
0.061398212
0.11570523
0.1710598
0.15312797
0.09994287
0.035904918
0.10560653
0.054100752
0.04464468
0.1017282
0.11976877
0.11838143
0.15419358
0.07458786
0.0999873
0.067379914
0.10365576
0.107805625
0.055714533
0.051084116
0.0072802072
0.083589464
0.12270931
0.13398553
0.11382846
0.14248474
0.10717863
0.041313246
0.09600674
0.13866496
0.10250094
0.09362224
0.08454592
0.054854456
0.04588722
0.030234622
0.10535165
0.17814982
0.1626237
0.07133969
0.010594966
0.04543208
0.14228469
0.14799777
0.07539687
0.023425568
0.106831215
0.088252395
0.07954384
0.14007935
0.07301197
0.06353588
0.091269076
0.096045844
0.09277553
0.07930835
0.038765416
0.04707477
0.04808403
0.068796284
0.088571705
0.07354079
0.027048387
0.079012945
0.10793097
0.10506205
0.109932885
0.0910832
0.055024896
0.08764362
0.11387486
0.106528044
0.07591544
0.07797406
0.045201875
0.019938678
0.0796049
0.05987507
0.009763898
0.033419106
0.08953738
0.08577584
0.020626813
0.049381558
0.060429167
0.06746597
0.012015303
0.081347294
0.10104203
0.099422134
0.054071106
0.02399536
0.049971007
0.12485568
0.049221795
0.045239154
0.016565895
0.045747407
0.024018986
0.03194584
0.0661498
0.06954948
0.025753843
0.02302066
0.035392616
0.09067677
0.10594024
0.08448365
0.08852679
0.1129005
0.103040315
0.05982157
0.04581933
0.017025212
0.03886297
0.07712799
0.08847828
0.062834695
0.020734448
0.062879086
0.08479108
0.09987485
0.07875236
0.09872809
0.05508813
0.052030373
0.07927421
0.09546872
0.03947874
0.03935602
0.08412228
0.039594725
0.052710377
0.06417048
0.094547324
0.042412005
0.04091899
0.03464256
0.004343021
0.026419286
0.06841314
0.0685142
0.059812337
0.05880291
0.032175142
0.025760934
0.039512374
0.01752581
0.03104494
0.036281087
0.070253074
0.052073866
0.06942355
0.072315276
0.035929117
0.050819382
0.09437438
0.1384024
0.15606861
0.0528203
0.056274388
0.05581522
0.018316932
0.10218812
0.09895184
0.0781921
0.060735073
0.029269932
0.060936537
0.048283394
0.036005247
0.027115747
0.080840796
0.08549749
0.018254966
0.044035748
0.034010846
0.122523345
0.11580713
0.06141709
0.03943641
0.09363164
0.11034371
0.04425052
0.04183635
0.06830301
0.10864519
0.08380387
0.09053933
0.06209805
0.088722706
0.10419834
0.03050655
0.10234937
0.14938845
0.043230657
0.059368454
0.0874213
0.14024477
0.1192258
0.032032292
0.021183735
0.044217497
0.026078418
0.04191877
0.0063929423
0.06594792
0.16058731
0.15597644
0.07839965
0.0954772
0.05627167
0.078828454
0.08933476
0.13881454
0.15032394
0.070490375
0.040270012
0.09396058
0.13116641
0.12365812
0.07889903
0.06464253
0.063700356
0.07112911
0.10512952
0.11133971
0.05431863
0.030061847
0.08169465
0.06221946
0.008835667
0.049035925
0.05758111
0.054058645
0.041031737
0.06419043
0.05275519
0.06395362
0.07952429
0.07761278
0.06649784
0.03588456
0.026007874
0.028052943
0.01540195
0.022897933
0.026153816
0.0628502
0.07240799
0.044007536
0.051953852
0.11381186
0.05993163
0.04077397
0.073751844
0.086787134
0.08856149
0.082130834
0.05130316
0.09192858
0.05947887
0.08047065
0.043278508
0.045357417
0.07111191
0.08236194
0.052915536
0.057351194
0.051885396
0.096940175
0.097079545
0.080351554
0.042094782
0.06490929
0.045444664
0.058999326
0.08521006
0.0850902
0.06750853
0.101701625
0.06083398
0.06913637
0.11841966
0.059144937
0.04438637
0.07001689
0.0886809
0.1176833
0.1477607
0.11964907
0.06947681
0.08953772
0.0957733
0.05479433
0.06022875
0.066878654
0.062417895
0.047367353
0.03922678
0.10004866
0.11251901
0.0629054
0.07612473
0.10374834
0.068708204
0.039765645
0.053086374
0.08126834
0.08611927
0.10064595
0.031453736
0.09445175
0.120230526
0.07147547
0.018432634
0.01367505
0.032562595
0.073240876
0.08871118
0.10638076
0.062180243
0.13594715
0.099537365
0.049210414
0.04065707
0.01032333
0.01806484
0.06355517
0.10287867
0.12699127
0.093399934
0.04934246
0.057264302
0.030045968
0.08360799
0.051653508
0.06541876
0.037869968
0.025080098
0.055861454
0.08767174
0.04390327
0.10421059
0.08272846
0.105810076
0.1594589
0.102058634
0.049869474
0.063407436
0.11777598
0.085027106
0.10591163
0.17328784
0.12830485
0.14498027
0.14086668
0.055464853
0.056929227
0.11600979
0.07390476
0.085678525
0.14531448
0.061698206
0.0048079723
0.045541637
0.04283748
0.0151574565
0.08002253
0.03875753
0.058837686
0.0240549
0.033199616
0.090846404
0.143619
0.09530465
0.07199894
0.055918854
0.08856523
0.14421327
0.14200321
0.07459255
0.068002366
0.073938094
0.07235518
0.039346986
0.028221603
0.03253684
0.08483633
0.10357464
0.13445622
0.13374795
0.042167474
0.042636145
0.112797864
0.12059526
0.20237407
0.22858928
0.20080516
0.14787613
0.060900625
0.061042435
0.12401
0.12010454
0.04616309
0.11826183
0.069125004
0.1080089
0.10136245
0.05140915
0.014699528
0.08571381
0.10316027
0.099485695
0.14334942
0.16533013
0.11499935
0.13039151
0.117605574
0.031329684
0.045542527
0.1052959
0.109887436
0.09441416
0.13157862
0.0465031
0.044396684
0.06619216
0.013917343
0.015006642
0.07779967
0.14250585
0.15672451
0.12150294
0.06551433
0.08397538
0.0611396
0.050675426
0.1554253
0.19292887
0.06272879
0.09613193
0.06662618
0.05185677
0.035716116
0.036346283
0.031188423
0.10429612
0.19169883
0.15930183
0.054256093
0.08933365
0.0852336
0.119132206
0.06568454
0.101691335
0.16483393
0.25129607
0.15089059
0.05800978
0.08996577
0.06613757
0.010357573
0.048574932
0.03546944
0.18854892
0.24895117
0.17046273
0.06002427
0.10358994
0.113012925
0.16231443
0.118240885
0.042604104
0.05841076
0.032825705
0.06470865
0.03383678
0.13338259
0.094273046
0.08413277
0.13856733
0.17308831
0.25404
0.22431473
0.09329224
0.12440167
0.16303688
0.11811094
0.18916689
0.05841246
0.20213796
0.09908252
0.045075864
0.09203133
0.07905627
0.051411003
0.09041084
0.096750505
0.100949876
0.08332254
0.06285057
0.033658914
0.058024094
0.17448042
0.06485364
0.08083089
0.07547621
0.22063048
0.22581354
0.11832772
0.017670237
0.09124702
0.13160397
0.054989118
0.036777455
0.11659799
0.10086021
0.014795402
0.010630145
0.0381759
0.03887744
0.07591232
0.053032916
0.13727607
0.11302118
0.012129998
0.012358893
0.10066821
0.1097621
0.066546105
0.088571176
0.085260145
0.04755959
0.042529777
0.07663257
0.08284931
0.084175564
0.14276564
0.13083209
0.101154685
0.12761359
0.105953515
0.06407942
0.21295346
0.24147591
0.19072776
0.12100562
0.10799367
0.0043986044
0.1738286
0.23423533
0.08283338
0.057419777
0.12621053
0.18848582
0.1862667
0.04200296
0.09154426
0.057385467
0.08405431
0.12960236
0.051204544
0.07982406
0.1369351
0.1019303
0.12650712
0.06948844
0.096075855
0.14687495
0.13588727
0.17921172
0.15534465
0.101978876
0.0747603
0.047038537
0.1241834
0.09896328
0.018681725
0.059989758
0.061853923
0.04250711
0.037491135
0.083057135
0.1312253
0.092725255
0.020325765
0.050292484
0.056664813
0.07050966
0.032615773
0.04558631
0.033169035
0.10137504
0.09447144
0.091373354
0.074086465
0.047394842
0.1024561
0.13027509
0.048051912
0.0520003
0.087118685
0.08842852
0.06626479
0.11107258
0.07853144
0.028540507
0.054952513
0.04064011
0.12893091
0.12768373
0.02850239
0.010848161
0.064380586
0.045382295
0.019023856
0.062934935
0.12122791
0.12892285
0.06268937
0.071737245
0.15079853
0.12271661
0.0392929
0.04626762
0.08345767
0.06291843
0.057848617
0.10000194
0.09483954
0.068231106
0.069042176
0.084147364
0.079665534
0.04881902
0.11110614
0.119695075
0.057445
0.03920571
0.048897717
0.1072091
0.045002744
0.116711184
0.0861296
0.022656493
0.04485667
0.08123822
0.077482246
0.09836004
0.20248042
0.15971874
0.12748699
0.05947893
0.016080284
0.050238024
0.027104763
0.081614144
0.08491378
0.023933671
0.018507356
0.09544072
0.12802464
0.16756606
0.13346182
0.1895176
0.13225412
0.05131018
0.026058173
0.02722199
0.08499163
0.09664532
0.11461543
0.10271405
0.08367615
0.08959605
0.13878216
0.1678579
0.10321291
0.018898362
0.090389915
0.05679777
0.05652734
0.03236119
0.099187925
0.11060529
0.027908262
0.0099663995
0.08615894
0.15330763
0.1201155
0.094311625
0.11732648
0.15860505
0.14362094
0.061787575
0.041106056
0.08356218
0.046242718
0.04824745
0.039804585
0.05673483
0.100008085
0.055960536
0.11359567
0.05424597
0.0013981013
0.03039441
0.052389346
0.023372944
0.07033529
0.13666743
0.15788244
0.03790677
0.0487698
0.044164892
0.05912082
0.025052447
0.044466827
0.05346706
0.016426584
0.052588306
0.10081577
0.0865443
0.054397464
0.038027044
0.046532147
0.07302542
0.08365637
0.059777252
0.05930494
0.009416638
0.069766246
0.10527267
0.06537169
0.08469045
0.064068004
0.053253908
0.06458307
0.010628936
0.07985005
0.03979613
0.020656146
0.082064874
0.09715691
0.017940698
0.02828902
0.06676388
0.08386717
0.0516025
0.030478613
0.10141717
0.07622579
0.018140001
0.10838165
0.09215061
0.08274635
0.077831
0.055885673
0.04847026
0.029502617
0.011093424
0.050442383
0.09950629
0.0744049
0.09323676
0.15094347
0.123526305
0.042802244
0.09947247
0.08450586
0.12938467
0.117169954
0.07708989
0.07799318
0.04207784
0.014706255
0.030496659
0.08099289
0.09921711
0.062629566
0.039824437
0.06894951
0.12659086
0.10655717
0.04913208
0.10222136
0.09601148
0.05079794
0.07354649
0.08498379
0.112649605
0.002174776
0.08846523
0.051308785
0.0802945
0.07730417
0.1617324
0.111944824
0.098924905
0.084610745
0.052373305
0.10634202
0.15265228
0.11655181
0.085275106
0.038816944
0.03366253
0.038874455
0.051201552
0.07307143
0.17137218
0.12991329
0.06519219
0.061604932
0.032949682
0.05550967
0.0366399
0.09173132
0.06792887
0.04193446
0.058570694
0.1453722
0.114229515
0.03823454
0.055523634
0.060442768
0.06015098
0.10555027
0.090805165
0.02069035
0.04419168
0.022542655
0.036756564
0.06427223
0.08433179
0.06269295
0.049672026
0.055704366
0.07452735
0.06367664
0.0654464
0.06498411
0.01129369
0.04281931
0.03841328
0.045355644
0.05266103
0.041845933
0.056900103
0.06305146
0.117634326
0.070676126
0.08008962
0.06488242
0.021593282
0.06838385
0.11051094
0.14744921
0.0779572
0.046324264
0.07387668
0.07810385
0.024627628
0.01776801
0.04181117
0.015655749
0.05442246
0.0033833187
0.018762708
0.090087816
0.10778439
0.07447404
0.07163178
0.08863788
0.048352886
0.02670857
0.02984759
0.039123796
0.029666774
0.016244538
0.0639113
0.14184119
0.109051846
0.02176788
0.067107774
0.047806296
0.040807497
0.06551536
0.031208895
0.09530658
0.09520819
0.03871992
0.04783568
0.04949757
0.04426162
0.04180226
0.05891857
0.09807439
0.10538593
0.07875331
0.06611262
0.051944822
0.047216453
0.03554666
0.05287698
0.024071617
0.018487692
0.039235502
0.055082787
0.04027045
0.052985974
0.08538691
0.04383334
0.02656096
0.052251834
0.067852646
0.057210796
0.011767321
0.024673177
0.05984086
0.112884514
0.12024684
0.07111953
0.040812463
0.03840302
0.034401197
0.04210812
0.042045176
0.07080785
0.05087585
0.045889087
0.040718727
0.05526457
0.062894635
0.08956101
0.07949261
0.07560366
0.06482407
0.12778953
0.12408177
0.10127175
0.058290802
0.033233162
0.06415103
0.04829659
0.03508539
0.031994715
0.008731459
0.03850261
0.033576496
0.036278885
0.035290677
0.023215385
0.066288136
0.09801778
0.042946514
0.011196273
0.030805737
0.040164653
0.023244645
0.04629405
0.05363789
0.053017605
0.05549747
0.05648881
0.043771747
0.003884489
0.033393275
0.028093755
0.07242153
0.06646383
0.03363683
0.04454471
0.050098665
0.016167594
0.032973494
0.07457234
0.045574
0.056956504
0.05487896
0.045747567
0.016475925
0.045445073
0.021091368
0.019105548
0.011314835
0.030920956
0.021351395
0.013294381
0.040956672
0.040794052
0.0873682
0.03296163
0.020927498
0.017841097
0.052048896
0.023556493
0.040410407
0.038079742
0.018624822
0.032910928
0.023725772
0.008722466
0.033529483
0.04297894
0.049028177
0.027896266
0.023966067
0.0372682
0.038359508
0.019845538
0.01633797
0.02728896
0.013219111
0.034891438
0.026691945
0.018128362
0.036313742
0.046084076
0.029689033
0.007392309
0.0103206355
0.012779896
0.026464919
0.017806545
0.03811419
0.04259292
0.022553276
0.03494862
0.062161457
0.044678394
0.04359305
0.056764275
0.054377906
0.007539988
0.05451546
0.077025965
0.056628022
0.06375554
0.07128085
0.015424067
0.03124907
0.01777108
0.02697073
0.040078543
0.06901357
0.061879486
0.040719364
0.028551744
0.035375424
0.025281154
0.025982525
0.003334855
0.042925905
0.0416082
0.0112431105
0.033716377
0.015195448
0.055682886
0.0623503
0.042499024
0.028400226
0.007012604
0.019219304
0.025566826
0.04577841
0.022967502
0.059863776
0.012890549
0.060688242
0.04410741
0.0048851804
0.02489342
0.033297837
0.030743504
0.008575178
0.03034565
0.051788736
0.04136471
0.009110884
0.028612165
0.007072005
0.04899078
0.050089657
0.030161252
0.003051847
0.0030518398
0.003051829
0.0
0.0
0.003051775
0.0
0.0030517213
0.0
-0.0030516528
0.0
0.0
0.0030515236
0.0030514733
0.0030514195
0.0
0.0
0.0
0.0
0.003051096
0.0
0.0
0.0
-0.003050773
-0.006101366
0.0
0.0030504928
-0.0030503923
0.0030502882
0.0
0.0
0.0
-0.0030498356
-0.0030497136
0.0
0.0030494586
-0.0030493257
-0.0060983784
0.0
0.0030489056
0.0030487585
0.0030486076
0.0
-0.006096591
0.0
0.0
0.0030478002
0.0030476279
-0.0030474518
0.0
0.0
0.0030469028
0.0
0.0
0.0
0.0
-0.003045916
0.0
0.0
-0.0060905623
0.0
0.0
0.0030446139
0.0060887686
0.0
-0.0030439147
0.0030436744
0.0
0.0030431831
0.0060858643
0.0
0.0030424194
-0.0030421577
-0.0030418923
0.0030416236
0.0
0.0030410753
0.0030407957
0.0
0.0
0.0030399356
0.0060792835
0.0030393444
0.0030390436
0.0
0.0
0.0030381195
0.0
0.0
0.0
-0.0030368373
0.0
0.003036175
0.0
0.0030354983
0.003035155
0.0
0.0030344569
0.0
0.0
0.0
0.0
0.0
-0.003032278
-0.0030319025
0.0
0.0
-0.0030307544
0.0
0.0
0.0030295746
0.0030291742
0.0
0.0
-0.0030279518
0.0
0.0030271192
0.0
0.0030262724
0.0030258438
0.0030254116
0.003024976
-0.0030245367
0.0
0.0
0.0
0.0030227446
-0.006044575
0.0
0.0
0.0
0.0030204249
0.0030199504
0.0
-0.0060379817
0.0
0.0
0.0030175252
0.0
-0.006033061
0.0
0.0
0.0
0.003014499
0.0
0.0
0.0
-0.0060248235
0.0
0.003011347
0.0030108094
0.0
0.0
0.0030091756
0.0
0.0
0.0
0.0030069482
0.0
0.0
-0.0030052413
0.0030046653
0.0030040857
0.0030035027
0.0030029162
0.006004653
0.0
0.0
0.0060010715
0.0
0.0
0.0
0.0029981
0.0059949644
0.002996861
0.0029962363
-0.0029956084
-0.0059899534
0.0
0.0
0.005986123
0.0
0.0
0.0
-0.008971378
0.0029898002
0.0029891375
0.0
0.002987802
0.0
0.0
0.002985773
0.0029850898
0.0
0.0029837128
0.0
-0.0029823224
0.0
0.0029809182
0.0029802108
0.008938501
0.0029787861
0.0029780685
0.0
0.0
0.0029758955
0.008925493
0.0029744296
0.0
-0.0059459005
-0.0029722054
0.0029714573
0.0029707055
0.008909851
0.002969192
0.0
-0.00593533
-0.005933793
0.0029661243
0.005930698
0.0029645702
0.0
-0.0029630025
-0.005924427
0.0029614212
0.005921251
0.005919653
0.002959024
0.002958218
0.0
0.0
0.0
0.0
0.005908277
0.0
0.0
0.0
0.0
0.0
0.0
0.0029482855
0.005894872
0.0
-0.002945727
0.0
0.005888009
0.0058862767
0.0058845375
0.0058827917
0.005881039
0.0
0.0058775144
0.0058757416
0.0
0.005872177
0.0058703846
0.0
0.0
0.0
0.0058631487
0.008791985
0.005859491
0.0058576525
0.005855807
0.005853955
0.0058520967
0.0
0.00584836
0.0058464813
0.0
0.0
0.0
0.0
0.005836991
0.0
0.0
0.0058312183
0.005829281
0.0
0.0029126934
0.0087351445
0.0058214664
0.0058194962
0.0
0.0
0.0
0.008717326
0.0029047744
0.0
0.008708286
0.002901751
0.0029007369
0.005799439
0.0028986987
0.0028976747
0.0
-0.0028956172
0.0
0.0028935466
0.0028925065
0.0028914632
0.002890417
0.002889367
0.0
0.0
0.0028861987
0.008655408
0.0028840704
0.0028830015
0.0
0.0
0.0028797756
0.008636082
0.008632827
0.0028765209
0.0
0.0028743353
0.0028732377
0.005744274
0.008613099
0.0
0.0
0.0
0.0
0.008596398
0.0057286858
0.005726434
0.0028620877
0.0
0.00571964
0.0057173627
0.0028575396
0.0028563947
0.0057104933
0.0028540955
0.0028529412
0.0
0.0028506233
0.0056989193
0.0028482927
0.005694246
0.0
0.0
0.0028435946
0.0056848247
0.005682454
0.0028400384
0.0028388468
0.0
0.0028364544
0.005670507
0.008502149
0.008498528
0.0028316325
0.0
0.0
0.0
0.005653523
0.0084766075
0.0028243074
0.002823076
0.0028218413
0.0
0.002819363
0.0056362385
0.008450617
0.008446868
0.0
-0.0028131139
0.0
0.005621186
0.0056186556
0.0056161196
0.0028067888
0.0
0.0
0.0028029578
0.0028016747
0.008401166
0.005598199
0.0027978073
0.0
0.0
0.0027939132
0.0055852183
0.0027913023
0.0027899921
0.0
0.0
0.0027860445
0.005569445
0.0055667954
0.0027820698
0.0
0.0
0.0
0.0027767292
0.0055507733
0.0055480823
0.0027726928
0.0
0.0
0.00276863
0.0055345395
0.005531813
0.008293622
0.0055263434
0.0027617998
0.0027604252
0.0027590476
0.0027576669
0.005512567
0.002754897
0.0
0.0027521157
0.0027507208
0.002749323
0.0054958444
0.005493037
0.005490224
0.0027437026
0.0
-0.0027408751
0.0
0.0054760724
0.0027366127
0.0027351861
0.0
-0.0027323244
0.0
0.0027294515
0.0
0.0054531344
0.0027251206
0.0
0.0054444387
0.0027207646
0.0
0.0027178463
0.0
0.002714917
0.0054268963
0.0
0.002710502
0.0
0.0
0.0027060618
0.0054091522
0.0054061757
0.005403193
0.0
-0.002698606
0.0
0.0
0.005388199
0.0053851833
0.0026910813
0.0
0.0026880521
0.0
0.002685012
0.0026834877
0.002681961
0.0053608627
0.0
0.0
-0.0026758262
0.0
0.0
0.0053423936
0.0026696483
0.0026680971
0.0026665432
0.0
0.0026634273
0.0026618652
-0.0026603006
0.0026587334
0.0026571634
0.0026555907
0.007962046
0.005304875
0.002650857
0.0
0.0026476877
0.002646099
0.002644508
0.0
-0.0026413177
0.0026397186
0.002638117
-0.0026365127
0.0026349057
0.0026332962
0.002631684
0.0
-0.005256904
0.002626832
0.0026252095
-0.0026235844
0.0
-0.0026203264
-0.0026186935
-0.005234116
-0.0052308403
-0.0026137796
-0.0026121365
-0.0026104907
-0.0026088424
-0.0026071917
-0.0052110767
-0.005207765
-0.002602224
-0.0026005632
0.0025988996
-0.0025972337
-0.00519113
-0.002593894
-0.0025922204
0.0
0.0
0.0
-0.0025855012
-0.0025838153
-0.0025821265
-0.0025804355
0.0
-0.002577046
0.0
-0.0025736466
0.0
-0.0025702373
-0.002568529
-0.0025668181
-0.00513021
-0.0025633893
0.0
0.0
-0.0025582276
-0.0025565021
-0.0025547743
-0.002553044
0.0
-0.002549576
-0.0025478385
-0.005092197
-0.0050887126
-0.0050852234
-0.005081729
-0.002539115
-0.002537363
-0.0025356088
-0.0025338521
-0.005064186
-0.0050606634
0.0
0.0
-0.0025250332
-0.005046525
-0.0025214893
-0.0050394274
0.0
-0.0025161556
-0.005028746
-0.0025125882
-0.0025108012
0.0
-0.0025072198
0.0
-0.0025036293
-0.0025018305
-0.005000059
-0.0049964525
0.0
0.0
-0.0024928025
-0.00498198
-0.0049783504
-0.0049747163
-0.002485539
0.0
0.0024818936
0.0
-0.0024782394
-0.0049528177
-0.0049491525
-0.002472741
-0.002470904
0.0
-0.002467223
-0.002465379
-0.0024635328
-0.0049233693
0.0
-0.0024579815
0.0
-0.0024542694
-0.0049048206
-0.0049010976
-0.0024486852
0.0
-0.0024449513
0.0
-0.002441209
-0.0073180036
-0.004874916
-0.0024355792
-0.0024336984
-0.0048636305
-0.0048598605
-0.002428043
-0.0024261535
-0.002424262
-0.0024223684
-0.0024204727
-0.0024185749
-0.0024166747
0.0
-0.0048257373
0.0
0.0
-0.004814287
0.0
0.0
0.0
0.0
-0.0023975607
-0.002395638
-0.0023937132
-0.0047835726
0.0
0.0
0.0
-0.0023840584
-0.004764243
-0.004760365
-0.0023782414
0.0
-0.0023743534
-0.0023724062
-0.0023704572
-0.0047370126
0.0
0.0
0.0
0.0
-0.0023587213
-0.0023567586
-0.0023547937
-0.002352827
0.0
0.0
0.0
-0.004689881
-0.002342964
-0.0023409857
0.0
0.0
0.0
-0.0023330532
-0.0069931955
0.0
0.0
0.00465018
-0.0023230945
-0.0023210973
-0.002319098
-0.0023170968
-0.002315094
0.0
0.0
-0.006927222
-0.0023070637
-0.0023050513
-0.006909112
-0.0023010215
0.0
-0.004593969
-0.004589926
-0.00229294
-0.00458183
-0.0045777764
-0.0045737196
-0.0022848293
-0.0045655943
-0.0045615267
-0.0045574554
-0.0045533804
0.0
-0.00227261
-0.0045411345
-0.0045370455
-0.0045329533
-0.0045288573
-0.0022623788
0.0
-0.0045165485
0.0
-0.0045083254
-0.004504209
0.0
-0.0044959653
-0.0044918386
0.0
0.0
0.0
0.0
0.0
-0.0044670063
-0.004462856
-0.004458702
0.0
0.0
0.0
0.0
0.0
-0.00443371
-0.0044295336
-0.004425354
-0.0022105852
-0.002208492
-0.0022063972
-0.0044086017
-0.0022022028
-0.0022001031
-0.0043960037
-0.0043917983
-0.006581384
-0.0043833777
-0.0021895813
0.0
-0.0021853617
-0.0021832495
-0.0043622716
-0.004358041
0.0
0.0
0.0
0.0
0.0
0.0
-0.002164171
-0.004324087
-0.0021599147
0.0
0.0
-0.0021535188
-0.002151384
-0.0021492478
0.0
0.0
0.0
0.0
0.0
-0.0064091976
-0.0021342526
-0.0021321047
-0.0021299555
-0.0021278046
-0.0021256523
-0.0021234988
-0.0021213437
-0.0021191873
-0.0021170296
0.0021148704
-0.0021127097
-0.0021105479
-0.0021083844
-0.0021062198
-0.0021040535
-0.002101886
0.0
0.0
-0.0020953757
-0.002093203
-0.0020910287
0.0
0.0
-0.0020844983
0.0
-0.002080138
0.0
0.0020757725
0.0
0.0
0.0
-0.0020670262
-0.0020648362
-0.0020626453
-0.002060453
-0.0020582592
-0.0020560645
-0.0020538683
-0.002051671
-0.0020494724
-0.0020472726
0.0
0.0040857387
0.0040813317
0.0020384612
0.0040725106
-0.0020340483
0.0
0.0020296304
0.0020274199
0.004050416
0.0
0.0
-0.0020185653
0.0
0.0
0.0
0.0020096924
-0.0020074714
0.002005249
0.0020030257
0.0
0.0019985756
0.0019963488
0.0
-0.0019918922
0.0
0.0
0.0019851988
0.0
0.0
0.0019784956
0.0
0.0
0.0019717831
0.0
-0.0019673028
0.0
0.0
0.003921149
0.0019583295
0.0
0.0
0.0
0.0
0.0
0.0
-0.0019425874
-0.0038806694
-0.0019380808
0.0
0.0
0.0019313137
0.0
-0.0019267973
0.0
-0.0038445545
0.0
0.0
0.0
-0.0019132261
-0.003821922
0.0
0.0
-0.0019041602
0.0019018917
-0.001899622
0.0
0.0
0.0
0.00378107
0.0
0.0
0.0
-0.0018814342
-0.0018791569
-0.0018768788
-0.0018745998
-0.0018723201
0.0
-0.001867758
-0.0037309516
-0.0018631929
0.0
0.0
-0.001856339
-0.0018540529
-0.001851766
0.0
0.0
0.0018449007
0.0018426107
0.0
0.0
0.0
-0.0018334434
0.0
0.0018288554
0.0018265604
0.0
0.0
0.0
-0.0018173731
0.0018150745
0.0
0.0
0.0018081748
-0.0018058736
0.0
0.0
-0.0017989659
0.0
0.0017943576
0.0
0.0
0.0
-0.0017851334
0.0
-0.0017805176
-0.0017782088
-0.0017758994
-0.0017735894
0.0
-0.0017689677
0.0
0.0017643437
0.0
0.0017597175
-0.0017574036
-0.003510178
-0.0017527741
0.0017504585
0.0
0.0
0.0
-0.005223573
0.0
0.0
0.0
0.0017319154
-0.0017295954
-0.0017272747
-0.0017249536
-0.0017226321
-0.0017203101
0.0
0.0
0.0
-0.0017110176
-0.0034173867
-0.0017063686
-0.0017040435
0.001701718
0.0
-0.0016970658
-0.001694739
-0.0016924118
0.0
-0.0016877564
0.0016854281
0.0
0.0
0.001678441
0.0
0.0
0.0016714507
0.0016691198
0.0
0.0
-0.0016621253
-0.0016597933
0.0
0.0016551281
0.0
0.0
-0.001648128
-0.0016457941
0.0
0.0016411254
0.0016387906
0.003272911
-0.0016341202
0.0
0.001629449
0.0016271129
0.0016247766
0.0016224402
0.0016201034
0.0016177665
0.0016154293
0.0016130919
0.0
0.0016084164
0.0
0.0
-0.001601402
-0.0015990634
0.0
0.0
0.0
-0.0015897077
0.0
0.0
-0.0015826892
0.0
-0.0015780096
0.0015756695
0.0
0.0
0.0015686488
0.0
0.0
-0.0015616273
0.0015592865
0.0
0.0015546049
0.0
-0.001549923
0.0
0.0
0.0015428996
0.0030811168
0.0015382172
0.001535876
0.0
0.0
0.0015288522
0.0015265108
0.0045725084
0.0030436565
0.0030389738
0.0015171455
0.0
0.0030249262
0.0030202437
0.004523342
0.0015054396
0.0
0.0015007575
0.002996833
0.004488227
0.0014937348
0.0
0.0014890534
0.0
0.0014843723
0.0029640638
0.0014796916
0.0029547028
0.0029500227
0.0014726714
0.0014703316
0.001467992
0.0014656524
0.001463313
0.0014609736
0.0014586346
0.0029125912
0.0014539568
0.0014516183
0.0028985594
0.0014469415
0.0
0.0028845312
0.0014399278
0.0028751807
0.0014352531
0.001432916
0.0042917375
0.0
0.0014259062
0.00284714
0.0
0.0014188983
0.0028331259
0.0014142278
0.0014118929
0.0028191167
0.001407224
0.0042146696
0.0014025561
0.0
0.0013978893
0.0013955565
0.0
0.0027817832
0.0027771192
0.0
0.0013838967
0.0013815657
0.0013792351
0.0013769048
0.0013745748
0.0013722453
0.0
0.0013675871
0.0027305172
0.002725861
0.0
0.0
0.0
-0.001353622
0.0013512959
0.0013489701
0.0013466448
0.0
0.0
0.0
0.0013373479
0.0
0.0
0.0039911396
0.0
0.0013257368
0.0039702477
0.0
0.0
0.0
0.0
0.001311819
0.001309501
0.0
0.0013048667
0.0013025504
0.0
0.0012979193
0.0012956045
0.003879871
0.0012909767
0.0
0.0
0.0
0.0
0.0012794167
0.0012771065
0.0
0.0012724877
0.0
0.0
0.001265564
0.0
-0.0012609513
0.0
0.0025126822
0.0025080738
0.0025034668
0.0012494305
-0.0024942565
0.0
0.0024850515
0.002480451
0.002475852
0.0
0.0
0.0
0.0
0.002452877
0.003672429
0.0024436966
0.0
0.0
0.0
0.0
0.0
0.0024161905
0.0036174168
0.0012035168
0.0024024574
0.0
0.0
0.0023887383
0.0
0.0
0.0011875165
0.0
0.0
0.0023613423
0.0023567819
0.002352223
0.0
0.0
0.0
0.0
0.0023294543
0.0023249057
0.0011601793
-0.0011579067
-0.0011556349
0.0
0.002302188
0.0045952997
0.0011465566
0.0
0.0
0.0
0.0
0.0011352289
0.0011329661
0.0011307042
0.0011284433
0.0
0.0022478483
0.001121666
0.0011194089
0.0022343053
0.0
0.002225286
0.0022207797
0.0022162749
0.0011058861
0.0022072715
0.0011013864
0.0
0.0021937813
0.0021892886
0.0
0.0010901546
0.0010879113
0.0
0.0021668556
0.0021623753
0.0010789485
0.0
0.0
0.0
0.0
0.0
0.0010655359
0.0
-0.0010610737
0.0
0.0
0.0010543886
0.0
0.0
0.0
0.0
-0.001043269
-0.0020820969
0.0
0.0
0.0010343937
0.0
0.0
0.0
-0.0010255369
0.0010233257
0.0010211156
0.0
0.001016699
0.0
-0.0010122872
0.0
0.0010078803
0.0020113573
0.0010034782
-0.001001279
-0.0019981621
-0.0019937688
-9.94689E-4
0.0
0.0
-9.8811E-4
-0.0019718392
0.0
0.0
-0.0019587118
-0.0019543413
-0.0019499732
0.0
0.0
0.0
9.6626347E-4
0.0
-0.0019238197
-0.00191947
0.0
9.553893E-4
9.532185E-4
9.5104903E-4
0.0
0.0
0.0
0.0018847694
9.40222E-4
-0.0018761215
9.3590084E-4
0.0
0.0
9.294295E-4
9.272752E-4
0.0
9.229708E-4
9.2082075E-4
9.1867207E-4
9.165249E-4
9.143791E-4
0.0018244695
0.0018201837
0.0018159009
9.0581045E-4
0.0
0.0
0.0
8.9726516E-4
0.001790265
0.0
0.0
0.0
0.0017732336
0.0017689833
0.001764736
8.802459E-4
0.0
8.7600615E-4
-8.738886E-4
0.0017435452
8.696581E-4
0.0
8.654338E-4
-8.633239E-4
0.0
8.591089E-4
0.0
-8.549002E-4
8.527982E-4
0.0
8.48599E-4
8.465018E-4
0.0
8.423121E-4
8.402197E-4
0.0016762579
-8.360398E-4
8.339522E-4
0.0
0.0
0.0
-8.2561834E-4
8.23539E-4
0.0
0.0
0.0
-8.1523816E-4
-8.1316713E-4
8.110978E-4
0.0
8.069641E-4
8.048998E-4
-0.0016056744
-8.007763E-4
0.0
0.0
7.946039E-4
0.0
-7.904975E-4
0.0
-7.8639813E-4
7.84351E-4
7.8230567E-4
0.0
0.0
-0.0015523601
-0.0015482835
7.7210524E-4
7.700704E-4
7.6803745E-4
0.0
0.0
0.0
0.0
-7.5789925E-4
0.0
-7.538566E-4
-7.5183803E-4
7.4982125E-4
-7.4780633E-4
0.0
-7.437819E-4
-7.4177247E-4
0.0
-7.3775917E-4
7.357553E-4
0.0
-7.317531E-4
-7.297548E-4
-0.0014555168
-7.2576385E-4
0.0
-7.2178047E-4
-7.1979157E-4
-7.178046E-4
-7.1581954E-4
0.0
7.1185513E-4
7.098758E-4
-0.0014157968
-7.059229E-4
0.0
-7.0197775E-4
7.0000807E-4
6.980403E-4
0.0
0.0
6.921488E-4
6.901889E-4
6.8823097E-4
0.0
-6.84321E-4
0.0
-0.0013608378
0.0
6.765249E-4
6.745808E-4
6.7263877E-4
0.0
-6.6876074E-4
0.0
6.6489074E-4
0.0
0.0013220578
6.59101E-4
6.5717514E-4
0.0
0.0
0.0
6.494923E-4
6.4757676E-4
-6.4566324E-4
0.0
-6.4184243E-4
0.0
6.3803E-4
6.361269E-4
0.0
0.0
-6.304302E-4
0.0
6.2664296E-4
6.247525E-4
0.0
-6.2097795E-4
-6.1909383E-4
-6.172119E-4
0.0
-6.1345444E-4
0.0
0.0
0.0
0.0
6.0409843E-4
-6.0223375E-4
-0.0012007423
-5.9851084E-4
-5.966527E-4
5.947967E-4
0.0
0.0
0.0
-0.0011747894
-0.0011710995
-5.8370695E-4
-5.818664E-4
0.0
0.0
-5.763581E-4
-0.001149053
-0.0011453942
-5.7086995E-4
-5.690451E-4
-0.0011344448
0.0
0.0
-0.0011235361
-5.5995444E-4
-0.0011162863
-5.563341E-4
-5.5452733E-4
0.0
0.0
0.0
-5.473232E-4
-0.0010910559
0.0
-5.419443E-4
0.0
-5.3836993E-4
0.0
0.0
-5.330258E-4
-5.3124916E-4
-5.294748E-4
-5.277028E-4
0.0
0.0
-5.224009E-4
-0.0010412766
-0.0010377562
-5.1712024E-4
-5.1536475E-4
-5.1361165E-4
-5.1186094E-4
-5.101126E-4
-5.0836673E-4
-0.0010132464
-5.04882E-4
0.0
0.0
0.0
-4.9794157E-4
-4.962125E-4
-4.9448584E-4
-4.927616E-4
-4.910398E-4
0.0
-4.8760357E-4
-9.717782E-4
-4.841771E-4
-4.824675E-4
4.8076038E-4
4.7905574E-4
-4.7735355E-4
0.0
0.0
-9.4452366E-4
0.0
4.6887973E-4
0.0
4.655076E-4
4.6382527E-4
-4.6214546E-4
-4.6046812E-4
-9.175866E-4
-9.14242E-4
4.5545123E-4
0.0
4.5211922E-4
4.50457E-4
0.0
-4.471402E-4
-4.4548558E-4
4.4383353E-4
4.42184E-4
4.4053706E-4
0.0
4.372508E-4
4.356115E-4
0.0
4.3234063E-4
4.3070907E-4
4.2908007E-4
4.2745366E-4
4.2582984E-4
-4.242086E-4
4.2258998E-4
4.2097393E-4
0.0
0.0
0.0
4.1453578E-4
0.0
0.0
4.0973467E-4
4.0813952E-4
4.0654704E-4
0.0
-4.0336995E-4
0.0
4.0020343E-4
3.9862416E-4
0.0
-3.9547356E-4
-3.9390224E-4
0.0
7.8153523E-4
0.0
3.876437E-4
3.8608574E-4
-7.69061E-4
0.0
3.8142802E-4
0.0
3.7833632E-4
-3.7679455E-4
-3.7525545E-4
3.737191E-4
0.0
0.0
3.6912624E-4
0.0
-3.6607796E-4
0.0
3.630406E-4
-3.61526E-4
3.6001418E-4
3.585051E-4
-3.5699873E-4
3.5549514E-4
3.539943E-4
0.0
3.5100093E-4
3.495084E-4
3.480186E-4
0.0
0.0
0.0
0.0
0.0
-6.782766E-4
0.0
3.3620052E-4
0.0
3.3327393E-4
0.0
-3.3035857E-4
-3.2890512E-4
0.0
0.0
0.0
3.2311952E-4
0.0
0.0
0.0
-6.3475844E-4
0.0
0.0
3.1310384E-4
0.0
0.0
-6.1770837E-4
-6.148867E-4
0.0
0.0
0.0
0.0
-6.008646E-4
-5.980775E-4
0.0
0.0
0.0
0.0
-5.842286E-4
-5.814762E-4
0.0
0.0
0.0
0.0
0.0
0.0
-2.811864E-4
0.0
2.7848364E-4
-5.5427337E-4
-5.5158534E-4
0.0
0.0
0.0
2.7044603E-4
0.0
-2.6779043E-4
-5.3293415E-4
0.0
-2.6382925E-4
2.625148E-4
0.0
0.0
0.0
0.0
-2.5598722E-4
-5.0938135E-4
2.533971E-4
0.0
-2.5081896E-4
-2.4953438E-4
2.4825282E-4
0.0
0.0
2.444262E-4
-4.8631334E-4
-2.4189017E-4
0.0
0.0
2.3810883E-4
0.0
-4.7120618E-4
0.0
-2.3310952E-4
2.3186728E-4
0.0
0.0
0.0
-2.2692885E-4
-2.257019E-4
-2.2447799E-4
4.4651428E-4
4.4407873E-4
0.0
0.0
-2.1840447E-4
-4.3439798E-4
2.159966E-4
0.0
-2.1360104E-4
4.248158E-4
0.0
-2.100309E-4
2.0884706E-4
-2.0766631E-4
2.0648866E-4
2.0531412E-4
0.0
2.0297436E-4
-2.0180915E-4
-4.0129412E-4
0.0
0.0
0.0
3.9205985E-4
0.0
0.0
-3.851999E-4
-1.914629E-4
0.0
0.0
1.880706E-4
3.7389225E-4
0.0
-1.8470665E-4
1.8359163E-4
0.0
0.0
0.0
-1.7916324E-4
0.0
0.0
0.0
0.0
-1.736991E-4
0.0
0.0
0.0
0.0
0.0
-1.6724721E-4
0.0
0.0
3.2812884E-4
0.0
-1.6195858E-4
0.0
0.0
-1.5882392E-4
3.155709E-4
0.0
0.0
0.0
-1.5366387E-4
0.0
0.0
0.0
0.0
0.0
-1.4757847E-4
-2.9315116E-4
-1.4557593E-4
0.0
0.0
0.0
-1.4160988E-4
-1.4062651E-4
-1.3964639E-4
0.0
1.3769597E-4
-1.3672565E-4
-2.7151723E-4
0.0
0.0
0.0
0.0
0.0
0.0
-1.2908108E-4
0.0
0.0
0.0
0.0
-1.2441001E-4
-1.2348569E-4
0.0
0.0
1.2073255E-4
0.0
0.0
0.0
0.0
-1.1621017E-4
0.0
0.0
-1.13536546E-4
1.12651986E-4
0.0
0.0
1.1001828E-4
1.0914704E-4
0.0
1.0741457E-4
0.0
1.0569546E-4
1.0484092E-4
0.0
0.0
0.0
0.0
-1.0061843E-4
-9.9783996E-5
-9.8952914E-5
-9.8125194E-5
0.0
0.0
9.566221E-5
9.484794E-5
0.0
-9.322953E-5
0.0
0.0
9.08272E-5
0.0
0.0
0.0
-1.7534282E-4
0.0
-8.6113825E-5
0.0
0.0
0.0
0.0
0.0
-1.6304494E-4
-1.6153828E-4
0.0
-7.927268E-5
0.0
0.0
-7.705353E-5
-7.632064E-5
0.0
7.486509E-5
7.414244E-5
0.0
-7.270739E-5
0.0
0.0
-7.0580485E-5
0.0
6.917968E-5
0.0
6.7792585E-5
-6.710419E-5
0.0
6.57377E-5
6.505961E-5
1.9315489E-4
6.371376E-5
0.0
6.238167E-5
6.1720784E-5
1.2212672E-4
6.0409377E-5
1.1951769E-4
0.0
5.846814E-5
1.1565594E-4
5.7191253E-5
1.1311599E-4
5.5928198E-5
5.5301858E-5
0.0
5.4059572E-5
0.0
5.2831147E-5
1.0444427E-4
5.1616593E-5
5.1014522E-5
0.0
0.0
-4.9229147E-5
0.0
9.6112555E-5
9.495012E-5
9.3794646E-5
4.6323068E-5
4.57523E-5
0.0
0.0
4.40609E-5
4.350408E-5
8.590148E-5
4.24009E-5
-4.185455E-5
-4.1311694E-5
0.0
0.0
7.94082E-5
3.9175233E-5
0.0
0.0
0.0
7.418955E-5
1.0975026E-4
7.2151146E-5
1.4228493E-4
3.50704E-5
0.0
6.815853E-5
0.0
3.310218E-5
6.5237815E-5
0.0
6.3325824E-5
3.119019E-5
0.0
6.051061E-5
2.9793146E-5
0.0
0.0
0.0
-2.7979733E-5
0.0
2.7094182E-5
2.66567E-5
5.244549E-5
-2.5792324E-5
0.0
4.988415E-5
0.0
0.0
2.3693206E-5
0.0
2.2878308E-5
2.2476166E-5
0.0
2.1682503E-5
2.1290984E-5
0.0
0.0
0.0
0.0
1.9386534E-5
1.9016281E-5
1.8649576E-5
1.8286419E-5
-1.7926812E-5
-1.7570754E-5
-1.7218248E-5
1.6869293E-5
3.3047785E-5
1.6182044E-5
0.0
-1.5509011E-5
-1.5177828E-5
0.0
0.0
0.0
1.3888671E-5
-1.3575279E-5
-1.3265448E-5
-1.2959177E-5
-1.2656468E-5
1.2357323E-5
1.2061741E-5
0.0
0.0
-1.119638E-5
-1.0915057E-5
0.0
0.0
0.0
9.825441E-6
0.0
0.0
-9.045704E-6
0.0
1.7087468E-5
1.6596216E-5
8.056054E-6
0.0
0.0
7.3513343E-6
7.1235777E-6
6.8993963E-6
6.678791E-6
-6.4617625E-6
-6.2483114E-6
0.0
0.0
5.6294257E-6
1.0860576E-5
0.0
0.0
-4.854355E-6
-4.6695386E-6
8.976607E-6
4.3106506E-6
0.0
3.9660918E-6
-3.7991865E-6
-3.635865E-6
6.9522544E-6
3.3199735E-6
6.334809E-6
3.0184206E-6
-2.8730217E-6
0.0
2.5929814E-6
2.4583405E-6
2.3272864E-6
4.3996383E-6
0.0
0.0
1.8389417E-6
0.0
3.2325934E-6
1.5103569E-6
1.408006E-6
0.0
-2.4281435E-6
0.0
2.0689913E-6
9.5009244E-7
1.7385587E-6
7.920567E-7
-7.1842453E-7
0.0
5.8193257E-7
5.19073E-7
1.8392188E-6
4.041277E-7
0.0
-3.0354812E-7
0.0
2.1733533E-7
0.0
1.4549008E-7
0.0
-8.801307E-8
0.0
0.0
0.0
0.0
-7.1848034E-9
-3.592404E-9
0.0
