0.22642364
0.117553346
0.33731303
3.399229
5.136835
1.8431638
0.70331913
1.9183586
1.1894927
0.7676083
1.5407062
1.687222
0.9825735
1.9206812
1.4876707
0.9112718
0.19078593
1.5754654
1.1482933
0.2763353
0.92637146
0.7419367
0.4072765
0.099425346
0.5201434
0.6755437
0.10634412
0.105370626
0.24396932
0.29491824
0.39351383
0.26501888
0.11928834
0.12895708
0.3895352
0.112792894
0.6107541
0.77799886
0.6610032
0.12253004
0.39778605
0.15986711
0.113289
0.09191487
0.23669182
0.31716445
0.07353052
0.106828906
0.32276174
0.09360437
0.1278306
0.17332551
0.057182424
0.2279186
0.059593067
0.16541815
0.25693557
0.31178734
0.15736382
0.13554212
0.09953443
0.29200795
0.23232871
0.19972949
0.33681527
0.3323676
0.25465497
0.060872786
0.10283611
0.094355084
0.103907995
0.24190238
0.21024391
0.3175988
0.28362253
0.15683363
0.14845827
0.05763341
0.105944544
0.08220078
0.309575
0.3228338
0.1263738
0.13149016
0.06418002
0.18390206
0.16163658
0.050390717
0.13563345
0.09209887
0.10807876
0.1576854
0.13694423
0.06707694
0.2909996
0.17014667
0.06259612
0.19774531
0.13857226
0.08508125
0.047157753
0.09206329
0.19637042
0.15262868
0.01395821
0.049440164
0.06293565
0.15783685
0.20823736
0.1974583
0.15980904
0.08864975
0.056086253
0.027987283
0.09258183
0.09494018
0.19521606
0.25306144
0.16535531
0.05329426
0.016241496
0.048065297
0.074339636
0.057691224
0.13621022
0.20106906
0.17408395
0.049658656
0.1432446
0.11675045
0.10436803
0.229259
0.21187083
0.15212396
0.18857695
0.20820032
0.08106935
0.15701586
0.12712885
0.12328939
0.10703429
0.12689352
0.11557004
0.073873885
0.09858251
0.16988273
0.13650009
0.09378679
0.043622922
0.041872196
0.07401887
0.27806032
0.2808102
0.102565035
0.098841086
0.10517858
0.011128734
0.09721191
0.12390429
0.099581204
0.12100438
0.124969475
0.04654914
0.2872668
0.32934567
0.04554799
0.079414435
0.09544193
0.10724989
0.09695388
0.06053507
0.068987705
0.10098867
0.16321388
0.19913277
0.14810221
0.08015281
0.105835006
0.09133849
0.063486874
0.10867931
0.086054035
0.069885775
0.06900224
0.13071588
0.11549995
0.20204766
0.116926715
0.09504487
0.019260561
0.13187653
0.05287271
0.15333153
0.23056892
0.151483
0.061619006
0.13559091
0.13411844
0.12647505
0.16282478
0.16296181
0.23844202
0.12541534
0.090486616
0.09116863
0.07636075
0.077737115
0.12384158
0.05629183
0.105466135
0.03504208
0.10452828
0.20044856
0.081585415
0.14589761
0.10303251
0.12179327
0.13714926
0.059402622
0.10149495
0.14474568
0.113969915
0.045305178
0.20111401
0.18694028
0.13045587
0.071152255
0.08764546
0.09099874
0.05132662
0.03598387
0.08712852
0.18501322
0.16303587
0.12814768
0.16221839
0.0851827
0.052569397
0.05287979
0.051857293
0.029331125
0.072443
0.14309888
0.12387274
0.083129436
0.055077016
0.08506659
0.11413003
0.082649
0.13397953
0.086696126
0.04822464
0.14773212
0.11221186
0.054729603
0.046001386
0.06537409
0.09306496
0.1445423
0.06963997
0.059098843
0.09336627
0.22265178
0.17770652
0.14395638
0.14324489
0.114189394
0.1503794
0.2015691
0.123758614
0.11281238
0.009854324
0.069332086
0.12098108
0.13430083
0.103310995
0.073969804
0.18859664
0.1109126
0.08604473
0.12214812
0.10617234
0.031462993
0.164751
0.20800315
0.055355906
0.26891714
0.24337254
0.07971667
0.02848348
0.13758042
0.13706818
0.17048143
0.03425546
0.040797144
0.10595185
0.112663694
0.122863285
0.18024898
0.14176421
0.044177596
0.13105844
0.14001256
0.06930683
0.09239989
0.13229197
0.12970044
0.12504879
0.06490027
0.037516207
0.05421681
0.025792345
0.0495221
0.1273951
0.058012743
0.21549779
0.15325311
0.11874237
0.09365201
0.07026104
0.14124879
0.22060204
0.14356244
0.09881696
0.07627753
0.04912407
0.07712244
0.083689705
0.016645985
0.12247391
0.15415841
0.13061133
0.06802324
0.07629252
0.05352878
0.10290834
0.088370815
0.043648545
0.1237719
0.042011023
0.09841722
0.021853771
0.012714187
0.23848985
0.1586129
0.023577197
0.07389985
0.12310385
0.034635793
0.07017939
0.09213518
0.024693869
0.010762874
0.09435004
0.1114027
0.027650252
0.07177043
0.042635195
0.10369693
0.16260387
0.06906646
0.09566425
0.039946906
0.0058993096
0.05337616
0.07307623
0.054083534
0.16956477
0.18488963
0.107565515
0.021641742
0.11921566
0.1414803
0.042472355
0.08444325
0.11105443
0.048869047
0.105678536
0.1297816
0.09708919
0.048456226
0.033993486
0.06823918
0.06403461
0.09428494
0.13731647
0.13969584
0.18748821
0.13049552
0.1324719
0.044182915
0.21618862
0.16484557
0.03263869
0.15079086
0.10821209
0.16180417
0.06918131
0.037682034
0.17666024
0.15684181
0.04270693
0.08608268
0.13986807
0.097118355
0.05750901
0.07567589
0.12709486
0.06039321
0.036009878
0.062385883
0.1366732
0.17682335
0.06467388
0.050873607
0.069858626
0.0447758
0.092363045
0.117940836
0.058140863
0.08591767
0.150497
0.11510968
0.14166726
0.18861449
0.09542633
0.07856556
0.09423654
0.10944642
0.030370647
0.07905181
0.12769696
0.15824609
0.12713616
0.0520032
0.032553468
0.062271528
0.08974569
0.06941617
0.050393265
0.09151758
0.1794819
0.204499
0.09264434
0.066150546
0.05905644
0.069556035
0.1605736
0.1856498
0.121695265
0.054253038
0.09464495
0.059988283
0.07606092
0.09086541
0.09790797
0.09049228
0.025647936
0.090886995
0.12017327
0.14564697
0.12493621
0.13423185
0.08939855
0.069812275
0.14128451
0.035033014
0.09562151
0.06531538
0.03366336
0.051666267
0.09150954
0.15219843
0.18493742
0.10750154
0.04737294
0.041660182
0.040428635
0.12306139
0.21693225
0.14719285
0.09608504
0.052239858
0.15489225
0.16035762
0.13561188
0.12158226
0.06374034
0.061562777
0.10313824
0.042830758
0.10049139
0.1773225
0.09039386
0.0301907
0.0830386
0.15481609
0.14151217
0.117306255
0.05915215
0.05165289
0.120703034
0.117900185
0.08497198
0.07563208
0.15602003
0.17983612
0.053379096
0.026397556
0.117262945
0.15019791
0.14888206
0.16277413
0.14861968
0.05092633
0.11638175
0.18716365
0.19194783
0.1347661
0.023559911
0.06146229
0.17238696
0.2653506
0.18454821
0.08718254
0.1271161
0.04481702
0.14430103
0.20204274
0.19777344
0.1764593
0.19065729
0.043112267
0.15609095
0.18966794
0.21823198
0.26837465
0.39505976
0.26645643
0.10219476
0.06436609
0.09355409
0.07626949
0.070357144
0.112701334
0.10975484
0.057743516
0.114394836
0.2637556
0.33740437
0.14979117
0.052922204
0.1854588
0.24966075
0.17811897
0.16198204
0.19177485
0.13359389
0.16556318
0.34597763
0.2024656
0.0090096
0.07944376
0.05648503
0.1699186
0.22361219
0.12571952
0.14937192
0.046589684
0.052457213
0.1653178
0.1441568
0.06676154
0.19937398
0.3726362
0.3801077
0.36354095
0.25133654
0.18022779
0.1389291
0.08359921
0.0784568
0.10080775
0.055657186
0.102418
0.35396108
0.16292296
0.064849466
0.35587832
0.67415875
0.40146494
0.10430728
0.27389756
0.21065526
0.30537358
0.20133643
0.18006797
0.17435381
0.16043998
0.10629693
0.10117144
0.19662082
0.2870037
0.38069552
0.2570812
0.007856844
0.2032328
0.13836
0.10657146
0.24680017
0.050371926
0.26544717
0.4651783
0.3387448
0.20878278
0.40172803
0.3646559
0.39868322
0.39054507
0.09853016
0.02486692
0.1152895
0.19870836
0.3034858
0.052217875
0.39426166
0.31592712
0.282773
0.5578813
0.22074173
0.15860844
0.3001675
0.32994744
0.04864794
0.11140205
0.13370526
0.27245197
0.21104245
0.12699483
0.23372206
0.14674449
0.20284247
0.20775595
0.39441824
0.35210097
0.16725662
0.27415738
0.10713242
0.17605403
0.32530773
0.24129282
0.1678941
0.14503404
0.08605569
0.13745265
0.24712095
0.31920654
0.2193725
0.34921533
0.33891228
0.28614327
0.07810425
0.12622985
0.2461516
0.15957423
0.045709223
0.14731117
0.19110823
0.19901063
0.16608316
0.08362076
0.08851397
0.25955546
0.2481768
0.07057136
0.12709631
0.18567684
0.32647705
0.21812394
0.10947101
0.2231608
0.16760159
0.06783634
0.08375477
0.280387
0.17558622
0.033045966
0.02260608
0.1200742
0.2302653
0.4026134
0.15952288
0.174013
0.16667745
0.1198363
0.19666001
0.16097724
0.10340831
0.08652876
0.16094814
0.12237426
0.16854449
0.11414965
0.16830766
0.053710822
0.036455013
0.09254182
0.05870248
0.064631335
0.1277412
0.031709366
0.16617319
0.21574588
0.20714784
0.10207911
0.072704114
0.12416134
0.1792738
0.050557006
0.17380765
0.1226959
0.040984828
0.020586958
0.116383135
0.1356048
0.21879227
0.09962634
0.083918475
0.10900878
0.11192682
0.1646811
0.20334946
0.1330736
0.16695821
0.13609383
0.104571134
0.08599355
0.03791609
0.039658222
0.13318989
0.10492328
0.10331159
0.1203326
0.18948874
0.08912214
0.14745975
0.12801933
0.10857533
0.07656577
0.03455087
0.0758957
0.12834032
0.11263262
0.05468666
0.08217967
0.098551445
0.14053838
0.097554885
0.10359868
0.056431826
0.03693842
0.10491138
0.09545018
0.039725404
0.04099187
0.11573206
0.11127315
0.040532704
0.059517056
0.073816866
0.0735443
0.05640245
0.13764739
0.07591075
0.032575827
0.10754448
0.0813849
0.059299506
0.047979195
0.08515387
0.120352805
0.10795328
0.048281606
0.06621195
0.05987892
0.12763846
0.122182816
0.03512267
0.06468155
0.025673456
0.06011624
0.0780025
0.13349625
0.1653953
0.09002752
0.05205345
0.074492946
0.032395564
0.03856544
0.030039066
0.10890915
0.18237285
0.2567214
0.20745847
0.13268973
0.07399762
0.06614302
0.0443673
0.06554661
0.07560978
0.04972352
0.11560212
0.055259004
0.04002107
0.048756085
0.050434504
0.0129391765
0.07155339
0.05925482
0.057748202
0.02683068
0.042769417
0.0077944
0.035712745
0.035752624
0.02869933
0.019435866
0.027307766
0.02032865
0.010263911
0.047052473
0.0050919135
0.03311114
0.041317776
0.020955067
0.032679193
0.046766438
0.11768547
0.08820201
0.019494824
0.08359034
0.1187731
0.062114958
0.06025203
0.036595937
0.037695967
0.01872586
0.018282827
0.077972606
0.07659465
0.05508083
0.029988412
0.014025562
0.05688966
0.061153002
0.028774578
0.037186388
0.011446198
0.10352897
0.10562732
0.07477788
0.09311769
0.08537962
0.09212593
0.07930347
0.09876271
0.11586561
0.12915097
0.05859107
0.054610945
0.11858369
0.03698941
0.05576016
0.03137027
0.10911684
0.102155246
0.11682635
0.122004054
0.090554446
0.095655166
0.14940658
0.17126723
0.11374534
0.09012906
0.033416502
0.09424683
0.055429984
0.054624304
0.029871035
0.1161478
0.17363976
0.12922315
0.05045723
0.066486165
0.09190498
0.13002491
0.040258978
0.063870504
0.09558772
0.044516224
0.00810521
0.07346448
0.10985164
0.029930271
0.06295443
0.027775891
0.036695503
0.10413912
0.14233445
0.08944427
0.05259084
0.07643437
0.13047118
0.15034844
0.09575832
0.08275053
0.17178015
0.091468625
0.010723937
0.060868382
0.0744701
0.062034372
0.055562776
0.029504301
0.062711276
0.08038043
0.09502101
0.084980704
0.07862173
0.05285305
0.073610604
0.10234761
0.00924953
0.029930644
0.04943546
0.08050272
0.11427888
0.07012375
0.051694024
0.089729086
0.12732874
0.05893817
0.022455132
0.0033978124
0.053553104
0.11166886
0.067468785
0.020594351
0.021780053
0.017343326
0.06964279
0.15599921
0.14334323
0.11984479
0.14418785
0.091810964
0.048278898
0.05003599
0.063576326
0.049802143
0.04779075
0.052998908
0.023659453
0.04050306
0.05132173
0.07218145
0.07151135
0.11652724
0.06870211
0.08160388
0.022431796
0.059744656
0.0069136815
0.02896211
0.09975413
0.10640264
0.047826402
0.05510707
0.14995968
0.12680697
0.04929744
0.01827655
0.061196633
0.093575515
0.06608695
0.082673624
0.08769084
0.07104003
0.086057074
0.12582925
0.09127685
0.061300904
0.054585855
0.090544514
0.089594774
0.09304843
0.01200628
0.039344568
0.09676911
0.10203061
0.105438754
0.04431114
0.02870887
0.008227329
0.049282398
0.050236274
0.07544448
0.08326791
0.14530343
0.17567776
0.10659752
0.059925493
0.039711986
0.03995396
0.020255221
0.05791726
0.032163877
0.09873266
0.057848044
0.023920536
0.10265533
0.102421924
0.03148783
0.07630439
0.09775027
0.094053224
0.15481655
0.15148392
0.12793279
0.113378465
0.08949146
0.037112333
0.06617727
0.08754417
0.08269093
0.12580973
0.091883056
0.010753012
0.04511927
0.07492098
0.057530887
0.06267168
0.06918936
0.0734122
0.03359408
0.05831786
0.069485754
0.05601839
0.03503738
0.046774406
0.11951973
0.07846137
0.02108144
0.023817483
0.071968555
0.066395335
0.062026948
0.05787112
0.06171588
0.11347182
0.08271772
0.039865803
0.054197006
0.13476248
0.09930614
0.04308289
0.10731448
0.09196254
0.06847505
0.05550971
0.008454927
0.032666065
0.07506805
0.11270984
0.13466063
0.113415256
0.041817304
0.048769496
0.102172725
0.049100123
0.03991697
0.14787872
0.15397054
0.14395326
0.04838828
0.10098347
0.053742193
0.07023437
0.08372045
0.06313586
0.13509752
0.17355897
0.13464068
0.11411377
0.102621675
0.02907432
0.06310992
0.11080475
0.004355982
0.12545995
0.059318285
0.0611497
0.09334281
0.03898204
0.0931391
0.10743366
0.1000476
0.08372788
0.082829304
0.11605178
0.061537538
0.034315616
0.03596619
0.010581887
0.09881458
0.066243954
0.05646973
0.07880203
0.046735264
0.016867964
0.0131381815
0.048603356
0.1193382
0.20618267
0.07077468
0.0662811
0.09507099
0.059652895
0.03880286
0.018991476
0.08412555
0.10052462
0.032922905
0.025726926
0.0374257
0.07278621
0.098447844
0.07740912
0.08577553
0.12677845
0.09495677
0.06372351
0.03255687
0.06961492
0.10261263
0.06503313
0.063759044
0.012224734
0.047705717
0.14976707
0.113019146
0.08171312
0.082444526
0.04784743
0.08021285
0.06394424
0.030259084
0.10481046
0.17061691
0.14151983
0.059917524
0.07042334
0.12112653
0.04071069
0.038170625
0.03407325
0.04751574
0.026946153
0.058277503
0.16298813
0.114323534
0.027397458
0.05275112
0.06143182
0.015634155
0.0519554
0.07507065
0.123359315
0.0911997
0.12316273
0.1411169
0.057850193
0.023765668
0.11102861
0.15518333
0.09615107
0.087134585
0.094813116
0.016122384
0.073228545
0.060278773
0.016212706
0.0044239727
0.020221401
0.03530064
0.10961955
0.12006942
0.034295466
0.061510507
0.025329754
0.046912063
0.048748262
0.045632526
0.06725878
0.04548544
0.09879133
0.16698574
0.11184555
0.099418335
0.10637168
0.09690132
0.07482312
0.08049015
0.031581264
0.1386291
0.07665349
0.04271831
0.1002249
0.18385032
0.15440077
0.04271428
0.038479324
0.048400294
0.05469116
0.08554148
0.0669624
0.029834075
0.0857733
0.11583315
0.05137148
0.014462574
0.0062149363
0.06645121
0.067394644
0.029739745
0.09744019
0.11316457
0.074550174
0.0706087
0.056804657
0.09702567
0.19087256
0.23264746
0.10709753
0.02626329
0.049585935
0.013997494
0.059426427
0.14059822
0.16975798
0.060185112
0.06380417
0.13333717
0.07847649
0.041526005
0.09998206
0.0764797
0.037393197
0.016867068
0.05692824
0.07593905
0.09650126
0.057626944
0.037585612
0.1033889
0.12249258
0.04755437
0.066597156
0.09562808
0.061875153
0.03262883
0.04709011
0.029706325
0.045863066
0.08024008
0.103814594
0.10747214
0.11450254
0.07548033
0.027196584
0.06683079
0.06382122
0.02930778
0.027788553
0.04003844
0.07772005
0.08889513
0.03739375
0.03252627
0.0798196
0.16030413
0.06805649
0.07890393
0.1407985
0.105893075
0.033513732
0.106312834
0.08290047
0.020403622
0.02175771
0.076723084
0.05332098
0.089068785
0.082003206
0.013096039
0.034391943
0.064584315
0.08455739
0.032791406
0.12532334
0.20463172
0.09144316
0.09587061
0.1237957
0.122378394
0.16555674
0.18110245
0.16938946
0.15867853
0.13957442
0.10682453
0.1346344
0.033869375
0.105039686
0.11396582
0.07321401
0.13349612
0.14461942
0.025268689
0.115055814
0.17456447
0.14113131
0.102769844
0.039649103
0.1096941
0.07645347
0.060897827
0.11499599
0.042343527
0.09104857
0.09736249
0.05911352
0.025644686
0.057010792
0.08751738
0.10680049
0.12024164
0.14342691
0.14246643
0.15626563
0.14325458
0.10298571
0.065797746
0.11200829
0.17060636
0.07617753
0.068154804
0.03851115
0.10493668
0.1553069
0.13836902
0.09210936
0.08034437
0.09263798
0.051382076
0.05207177
0.14691292
0.105397366
0.050116036
0.14526734
0.13020569
0.055849966
0.09390035
0.161619
0.04456457
0.16948096
0.20133138
0.21356714
0.21453509
0.035868905
0.123161554
0.14532964
0.0483959
0.17282638
0.14065439
0.19687456
0.13505998
0.065132275
0.027820779
0.05230584
0.07242071
0.08294775
0.06360893
0.06676421
0.09076543
0.14490215
0.118992865
0.06698904
0.10509294
0.118947014
0.1078337
0.19137222
0.15011674
0.065640666
0.11530264
0.09588447
0.13702312
0.08106575
0.10732322
0.06873521
0.06860585
0.28478435
0.46242332
0.29648706
0.14915782
0.07204611
0.082833335
0.043438382
0.17823699
0.09810001
0.09092297
0.089384764
0.056159526
0.1500274
0.14949004
0.10460196
0.057502538
0.1204036
0.14258194
0.11753447
0.18946801
0.1855557
0.18267685
0.16932918
0.08947548
0.05996581
0.086814426
0.11491558
0.030586716
0.1745771
0.19716284
0.20372622
0.10392541
0.03225643
0.16125724
0.121392705
0.056700524
0.0754583
0.16712965
0.26036367
0.1941321
0.2009141
0.12762712
0.073764116
0.18201137
0.30654302
0.2817372
0.109255895
0.13528304
0.22105916
0.1683902
0.063019454
0.06853227
0.09638501
0.11461347
0.28303716
0.32166246
0.2013193
0.07139492
0.11559578
0.20730053
0.09864271
0.045809902
0.103565626
0.30178684
0.23481534
0.1385476
0.14205159
0.21953236
0.16289893
0.040752426
0.16149803
0.18635163
0.27452525
0.11029104
0.049133055
0.008237929
0.0495751
0.047660176
0.19678228
0.18647704
0.17475498
0.104902096
0.12648743
0.31081215
0.27576205
0.23295248
0.27961317
0.07953735
0.03409718
0.1173703
0.04938942
0.15488192
0.15812884
0.01902734
0.0936905
0.048306465
0.16962612
0.1447473
0.102512814
0.15750788
0.2710451
0.26399294
0.14869618
0.14031257
0.13188113
0.122827925
0.1996872
0.13821512
0.0040300693
0.062244054
0.12232815
0.09662918
0.029910266
0.050998997
0.017988227
0.018888459
0.06636028
0.07820111
0.11346284
0.08524173
0.09643773
0.06274803
0.061584566
0.14163122
0.14642227
0.100761846
0.11562386
0.18774734
0.12053305
0.16029707
0.14515224
0.10037198
0.04948473
0.031848975
0.03782449
0.12649296
0.08197117
0.04580912
0.033364795
0.10951293
0.12806952
0.18004899
0.21315846
0.10480665
0.13497515
0.23037282
0.1559602
0.049114093
0.08066442
0.18032748
0.18657233
0.06435592
0.049958542
0.049959097
0.14496517
0.11551179
0.162503
0.063820735
0.088699654
0.029466273
0.09705041
0.10587681
0.12208445
0.12846601
0.11822152
0.12759383
0.0063048233
0.06704692
0.07677095
0.14334883
0.2153604
0.18586048
0.08882426
0.10900235
0.0896048
0.08975807
0.10570771
0.055016633
0.07941155
0.102789186
0.060496487
0.1960118
0.12701136
0.10617714
0.12579468
0.030723708
0.074222915
0.042939816
0.050093506
0.07203203
0.103947654
0.07375324
0.02088592
0.021307888
0.048527993
0.037947595
0.040418655
0.13480622
0.14324073
0.0852857
0.026027346
0.09312611
0.06685423
0.06355029
0.04219877
0.06441506
0.090195596
0.080485135
0.050655343
0.020226311
0.038844652
0.105683066
0.091479346
0.06568075
0.053069822
0.1276154
0.09295492
0.02248617
0.040770594
0.05132533
0.052228775
0.05360503
0.069025785
0.08563415
0.085455924
0.08050204
0.12714656
0.014872844
0.13298893
0.075156964
0.06462531
0.1752208
0.21448599
0.102161035
0.05542211
0.09508772
0.03917345
0.033289336
0.044292264
0.062062565
0.07543195
0.06634162
0.028366387
0.035492335
0.018575257
0.039355673
0.15861614
0.18480076
0.0812999
0.041639946
0.009305037
0.039875966
0.088985376
0.12999958
0.1399872
0.08256794
0.030605169
0.066822454
0.051821727
0.100197315
0.025615439
0.17240861
0.1913273
0.090803966
0.08664045
0.120076515
0.024494054
0.12211397
0.15682614
0.037787292
0.07404811
0.08668418
0.15102603
0.13064425
0.122127034
0.019055609
0.09445643
0.13541958
0.10870917
0.025566803
0.064335495
0.041219972
0.039915256
0.049035657
0.055874504
0.10675566
0.02940057
0.097770005
0.06610143
0.04508583
0.040608894
0.03434434
0.0470972
0.11143634
0.12336862
0.09632345
0.052413017
0.05274871
0.039307524
0.09568628
0.12228774
0.1241746
0.11260037
0.06449987
0.0881312
0.09630153
0.041527182
0.06318947
0.09100562
0.048125833
0.048026435
0.072270386
0.078001425
0.08640431
0.13206081
0.13351016
0.10247447
0.13702293
0.16409588
0.10759034
0.01916318
0.020536654
0.08507408
0.10913323
0.039510153
0.018841868
0.023928558
0.053904783
0.0251641
0.053427048
0.059465297
0.02141442
0.09735073
0.15750992
0.09402596
0.045533754
0.067660764
0.12816103
0.017449439
0.057679992
0.053469043
0.05486872
0.032479133
0.041215632
0.057816893
0.08334075
0.07037744
0.05141083
0.07088882
0.079938605
0.04517119
0.043629557
0.1329846
0.087319516
0.046146397
0.04831881
0.078127034
0.08836323
0.05994319
0.059488118
0.10510576
0.097567186
0.048291903
0.053006437
0.074590996
0.10620429
0.07114343
0.06794212
0.013086775
0.081258886
0.06669521
0.061557937
0.023103977
0.0057596364
0.06187397
0.10913452
0.07642481
0.05645511
0.0583948
0.03183748
0.036329303
0.018213015
0.09389007
0.19881238
0.21499205
0.12662412
0.056112736
0.062303092
0.049045805
0.018129205
0.08324648
0.072257616
0.056299046
0.056054063
0.028095035
0.07115701
0.04417683
0.10718327
0.13510022
0.06783231
0.071089886
0.07653671
0.04248572
0.0839493
0.1540737
0.15371044
0.10620008
0.074948736
0.11102295
0.047851846
0.0854068
0.08995694
0.09060601
0.110823795
0.05759483
0.09279331
0.10789269
0.09276749
0.07922626
0.078508966
0.14125516
0.10415319
0.06917751
0.05337339
0.08293395
0.123573825
0.08723705
0.07015448
0.11138122
0.13209194
0.07274976
0.06372505
0.08221466
0.07433091
0.035003647
0.021253627
0.06812738
0.06525979
0.035712752
0.026427887
0.050433353
0.05552236
0.071361125
0.04904666
0.16266342
0.10120008
0.034623504
0.025462694
0.041982837
0.04604007
0.1178648
0.13577406
0.1228059
0.05681052
0.017716097
0.08026066
0.08065405
0.04787659
0.020150248
0.030621821
0.026458198
0.052528206
0.0689873
0.014225732
0.01728316
0.040341396
0.049715273
0.110242024
0.031960834
0.028244318
0.033643015
0.02368781
0.03306974
0.070586845
0.09791806
0.06249322
0.04421322
0.043547112
0.023167875
0.056248333
0.096382275
0.08432627
0.038197637
0.048857134
0.059636805
0.05179823
0.057225358
0.05262961
0.02533891
0.038438614
0.0722253
0.053006932
0.061041802
0.039567698
0.03034995
0.0070964214
0.02802013
0.046692096
0.0379768
0.065268
0.06830529
0.038335126
0.060345158
0.07865163
0.021776631
0.0334433
0.076000236
0.059526533
0.041055292
0.06303068
0.027487058
0.05214458
0.04949259
0.03897886
0.027387781
0.02374593
0.04148583
0.017329063
0.0044203675
0.041573055
0.063520625
0.058182143
0.029078286
0.040807612
0.014109171
0.05563536
0.043225344
0.043392427
0.026942004
0.025779523
0.06095816
0.06341117
0.011784731
0.053133056
0.05208
0.028601533
0.030707812
0.025255475
0.0155417025
0.018955616
0.047908306
0.033979494
0.066058725
0.10706606
0.058566675
0.0037365253
0.012535768
0.0337283
0.07152627
0.040701214
0.06031214
0.038905185
0.012232667
0.034898072
0.024671106
0.036708016
0.05772809
0.02624339
0.0018041387
0.038186837
0.06642516
0.025394903
0.053963512
0.095071
0.036872808
0.04847266
0.0756554
0.04940329
0.015716253
0.041670807
0.02174218
0.04818853
0.041124266
0.032495108
0.041083094
0.022590728
0.01340459
0.01224084
0.0060667624
0.010305417
0.04782609
0.06420106
0.0567535
0.05606498
0.071995646
0.08554531
0.09416911
0.055760335
0.018125288
0.018061945
0.04300572
0.079799004
0.076713935
0.044782367
0.005028366
0.055260133
0.044334494
0.01948696
0.006800992
0.029918501
0.03260443
0.041170023
0.03863271
0.03918822
0.014714078
0.025385065
0.015649535
0.0317489
0.030264169
0.044614855
0.07139187
0.097536065
0.07310312
0.039796103
0.031409886
0.040076833
0.029830141
0.082431264
0.11268135
0.025369074
0.06869182
0.028509349
0.029189914
0.012406182
0.020451235
0.07645282
0.09284089
0.07617377
0.053687625
0.04330884
0.053055674
0.05157342
0.041343667
0.01209304
0.053600617
0.065476775
0.035473567
0.025771745
0.003051847
0.0061036795
0.0
0.0030518146
0.0030517967
-0.003051775
0.0061035
0.0061034425
0.0
0.0061033056
0.0030516135
0.006103141
0.006103047
0.0061029466
0.006102839
0.003051362
0.0091539025
0.009153709
0.003051168
0.006102192
0.0061020413
0.0030509417
0.006101718
0.009152318
0.006101366
0.0030505897
0.0061009857
0.0030503923
0.0030502882
0.009150541
0.006100138
0.009149862
0.0030498356
-0.0030497136
0.0
0.0030494586
0.009147977
0.009147568
0.009147148
0.0
0.006097517
0.006097215
0.0060969065
0.012193182
0.0030481338
0.0060959375
0.0060956003
0.0060952557
0.012189807
0.009141818
0.0030470896
0.0060938057
0.0030467126
0.0
0.012185286
0.009138362
0.006091832
0.009137124
0.0060909926
0.0060905623
0.0060901246
0.00304484
0.0030446139
0.009133154
0.0060883025
0.0060878294
0.006087349
0.0030434304
0.0060863663
0.0060858643
0.009128032
0.009127258
0.012168631
0.009125677
0.00912487
0.009124054
0.009123226
0.0060815914
0.009121538
0.009120678
0.006079871
0.009118926
0.006078689
0.0
0.006077478
0.009115293
0.006076239
0.0060756085
0.006074971
0.0030371633
0.0030368373
0.0060730157
0.009108525
0.009107515
0.0060709966
0.003035155
0.0030348075
0.0060689137
0.0030341025
0.0060674897
0.00910015
0.009099055
0.0060652997
0.006064556
0.009095707
0.0060630464
0.0090934215
0.009092263
0.0060607293
0.0060599428
0.0030295746
0.0030291742
0.0060575404
0.009085088
0.009083855
0.0060550747
0.0030271192
0.0030266976
0.006052545
0.0060516875
0.009076235
0.012099904
0.012098147
0.009072281
0.009070943
0.009069594
0.009068233
0.009066863
0.012087309
0.0090640895
0.009062687
0.009061274
0.009059851
0.009058417
0.009056972
0.009055518
0.009054052
0.009052576
0.009051089
0.015082653
0.012064112
0.009046566
0.0090450365
0.006028998
0.009041947
0.009040387
0.012051756
0.012049647
0.009035643
0.012045388
0.009032428
0.009030805
0.012038895
0.012036703
0.009025872
0.009024207
0.009022531
0.012027793
0.01202553
0.009017441
0.015026206
0.0090139955
0.009012257
0.015017514
0.009008749
0.012009306
0.006003466
0.0060022725
0.012002143
0.011999728
0.011997299
0.011994856
0.0059962
0.0029974822
0.005993722
0.011984945
0.0119824335
0.011979907
0.0059886836
0.011974813
0.0029930614
0.002992416
0.0119670695
0.008973345
0.008971378
0.011959201
0.005978275
0.0029884714
0.008963406
0.008961387
0.008959359
0.011943092
0.008955269
0.008953209
0.008951139
0.0029830192
0.008946967
0.008944866
0.008942754
0.011920843
0.008938501
0.0059575723
0.0029780685
0.0059546954
0.0059532467
0.005951791
0.008925493
0.0059488593
0.005947383
0.0059459005
0.0029722054
0.0059429146
0.005941411
0.0
0.0
0.0029684303
0.0
0.0
0.0059322487
0.005930698
0.0059291404
0.005927576
0.0
0.0029622135
0.0
0.0
0.0
0.0
0.0
0.0
0.0029565962
0.0059115607
0.002954961
-0.0029541384
0.0
0.0
-0.0029516502
0.0
0.005899949
0.0029491317
0.0029482855
0.002947436
0.0
0.002945727
0.0058897347
0.005888009
0.0029431384
0.0
-0.0029413959
-0.005881039
0.0
0.0
0.0029378708
0.0
-0.005872177
-0.0029351923
-0.0029342927
-0.00293339
0.0029324838
0.0
0.0
0.0
-0.0058576525
-0.0029279036
-0.0029269776
0.0
0.0
-0.00584836
0.0
-0.0058445963
-0.005842705
-0.0029204036
-0.005838902
-0.005836991
-0.0029175368
-0.0058331494
-0.008746828
-0.005829281
-0.005827337
-0.005825387
-0.0058234297
-0.0058214664
0.0
-0.00581752
-0.0058155367
-0.0058135474
-0.005811551
0.0
-0.0058075394
-0.005805524
-0.005803502
-0.0058014737
0.0
-0.0057973973
-0.0057953494
-0.0028966474
-0.0028956172
-0.005789167
-0.005787093
-0.00867752
-0.0057829265
-0.005780834
-0.005778734
-0.008664942
-0.008661774
-0.0057723974
-0.008655408
-0.0028840704
-0.008649005
-0.008645788
-0.008642563
-0.008639326
-0.008636082
-0.008632827
-0.008629563
-0.0028754298
-0.0028743353
-0.0057464754
-0.008616411
-0.008613099
-0.002869926
-0.0028688156
-0.0028677022
-0.0028665855
-0.0028654658
-0.0028643429
-0.0085896505
-0.011448351
-0.008582866
-0.01143928
-0.008576044
-0.0028575396
-0.008569184
0.0
-0.005708191
-0.011411765
-0.008555351
-0.0057012467
-0.0056989193
-0.0056965854
-0.005694246
-0.008537849
-0.008534322
-0.008530784
-0.008527237
-0.008523681
-0.005680077
-0.0056776935
0.0
-0.0028364544
-0.005670507
-0.005668099
-0.005665685
-0.0028316325
-0.0028304192
-0.0028292031
-0.0028279838
-0.0028267615
-0.005651072
-0.0028243074
-0.002823076
-0.0056436826
-0.0028206035
0.0
-0.0056362385
-0.008450617
-0.0028156226
-0.0028143697
-0.0028131139
-0.002811855
-0.002810593
-0.0056186556
-0.0056161196
-0.0028067888
-0.0056110295
-0.0028042379
0.0028029578
-0.0056033493
-0.0028003885
-0.005598199
-0.0055956147
-0.0055930247
-0.0055904286
0.0
-0.0055852183
0.0
0.0
0.0
0.0
0.0027860445
0.0
-0.0027833977
0.0
0.0
0.0027794056
0.0027780689
-0.0027767292
-0.0027753867
0.0027740411
0.0027726928
0.0027713412
-0.002769987
-0.00553726
-0.0027672697
-0.0027659065
0.0027645405
0.0027631717
0.0
-0.0027604252
-0.0027590476
0.0
0.0
0.002754897
0.0027535078
0.0027521157
-0.0027507208
-0.002749323
0.0
0.0027465185
0.002745112
0.0
0.0
-0.0054817502
-0.0027394572
0.0
0.0
0.0054703723
0.0
0.0027323244
0.0
0.0
0.0
0.0027265672
0.0027251206
0.0
0.0027222193
-0.0027207646
-0.0027193069
-0.0054356926
-0.0054327664
0.0
0.0027134481
0.0
-0.002710502
0.0
0.0
0.0
0.0027045761
0.0
0.0027015966
0.0
-0.005397212
0.0
0.0
-0.0026940994
0.0026925916
0.0
0.002689568
0.0053761043
-0.0026865334
0.002685012
0.0
-0.002681961
0.0
0.0
0.0
0.0
-0.0053485716
-0.0053454856
-0.0053423936
-0.0053392965
0.0
0.0
0.0
0.0
0.0
0.0
0.0
-0.0026571634
-0.0053111813
-0.007962046
-0.0026524374
0.002650857
0.0
0.0
0.002646099
-0.002644508
0.0
-0.0026413177
0.0
0.0
-0.0052730255
-0.0026349057
0.0
-0.002631684
0.0
0.002628452
-0.002626832
0.0
-0.0026235844
-0.0026219566
0.0026203264
0.0
0.002617058
0.0026154201
0.0
0.0
0.0
0.0
0.0
0.0
-0.0026038825
-0.002602224
-0.0026005632
-0.0025988996
0.0
-0.002595565
0.0
0.0
-0.0025905445
-0.0025888658
-0.0025871848
-0.0025855012
-0.0077514458
-0.0025821265
-0.0025804355
-0.005157484
-0.002577046
-0.0051506953
-0.010294586
-0.0051438864
-0.0051404745
-0.007705587
-0.0051336363
-0.01026042
-0.0051267785
-0.0051233424
-0.005119901
-0.0025582276
-0.0025565021
-0.0051095486
-0.010212176
-0.0051026223
-0.005099152
-0.005095677
-0.0025460985
-0.0025443563
-0.0050852234
-0.0025408645
-0.002539115
-0.007612089
-0.0050712177
-0.0025338521
-0.005064186
-0.0050606634
-0.0025285678
-0.0050536036
-0.0050500664
-0.005046525
-0.007564468
-0.0050394274
-0.0025179358
-0.005032311
-0.0075431196
-0.0050251763
-0.0050216024
-0.0050180233
-0.0050144396
-0.007516277
-0.0050072586
-0.005003661
-0.0075000883
-0.0049964525
-0.004992841
-0.0074838377
-0.00997121
-0.00747297
-0.0074675255
-0.0049747163
-0.002485539
-0.0024837174
-0.0049637873
-0.007440203
-0.009912957
-0.0049528177
-0.0049491525
-0.004945482
-0.002470904
-0.004938129
-0.009868892
-0.007396137
-0.0049270657
-0.0049233693
-0.002459834
-0.004915963
-0.004912253
-0.004908539
-0.0073572304
-0.0049010976
-0.0048973705
-0.0024468193
-0.0024449513
-0.0073292437
-0.004882418
-0.004878669
-0.004874916
-0.0048711584
-0.0024336984
-0.0024318153
-0.0024299303
-0.002428043
-0.004852307
-0.004848524
-0.004844737
-0.0024204727
-0.0024185749
-0.0048333495
-0.0024147728
-0.0024128687
-0.004821925
-0.0024090542
-0.0024071436
-0.0048104622
-0.0024033168
-0.0024014001
-0.0023994814
-0.0023975607
-0.002395638
-0.0023937132
0.0
-0.0023898573
-0.004775853
0.0
-0.0023840584
-0.0023821215
-0.0023801825
-0.004756483
-0.0071288953
-0.0023743534
-0.0023724062
0.0
0.0
-0.0023665533
-0.0023645982
-0.0070879236
0.0
0.0
0.0
0.0
-0.002352827
-0.007052575
-0.0023488877
0.0
-0.004689881
-0.004685928
-0.0046819714
-0.004678011
-0.0046740463
-0.0046700784
-0.006999159
-0.0069931955
-0.0046581505
-0.004654167
0.0
-0.0023230945
-0.0046421946
-0.004638196
-0.0046341936
-0.004630188
-0.002313089
-0.004622165
-0.004618148
-0.0046141273
-0.0023050513
0.0
-0.0023010215
-0.0022990038
-0.004593969
-0.009179852
-0.00229294
-0.002290915
-0.0045777764
-0.0022868598
-0.0045696585
-0.0068483916
-0.0045615267
-0.0022787277
-0.0022766902
0.002274651
-0.00227261
-0.0022705672
-0.0022685227
-0.0067994297
-0.0022644287
0.0022623788
-0.0022603276
0.0022582742
-0.0022562195
-0.0022541627
-0.0022521045
0.0
-0.0022479827
-0.0022459193
0.0
-0.0022417873
0.0022397188
0.004475297
-0.0022355767
0.0
-0.004462856
-0.004458702
-0.0022272724
0.0
0.0
0.0
-0.002218942
0.0
0.0
0.0
0.0
0.0
0.0
0.0
-0.0044044056
0.0022001031
0.0
0.0
0.0
-0.0043833777
0.0
0.0
-0.0021853617
0.0
-0.0021811358
-0.004358041
-0.0043538073
-0.0021747854
-0.0021726657
-0.0021705441
-0.0021684214
0.0
-0.002164171
0.0
0.0
0.0
0.0
0.0
-0.002151384
-0.0021492478
0.0
0.0
0.0
-0.0042813756
-0.002138544
0.0
-0.004268505
0.0
0.0
-0.0021278046
-0.0021256523
-0.0042469976
-0.0042426875
0.0
-0.0021170296
-0.0021148704
0.0
0.0
-0.0021083844
-0.0021062198
0.0
0.0
0.0
0.0
-0.0020953757
-0.002093203
-0.0020910287
-0.0041777063
0.0
0.0
-0.0020823188
0.0
-0.002077956
-0.0020757725
-0.0020735878
0.0
-0.0020692146
0.0
0.0
-0.0020626453
0.0
-0.0020582592
-0.0020560645
-0.0041077365
-0.004103342
0.0
0.0
0.0
-0.0020428693
-0.0020406658
-0.0020384612
0.0
0.0
0.0
0.0
0.0
-0.006075624
0.0
0.0
0.0
0.0040326975
0.0
0.0
-0.0020096924
-0.0060224137
0.002005249
0.0020030257
0.0040016025
0.0039971513
0.0
0.0
-0.0039837845
-0.0019896622
0.001987431
0.0
0.0
0.0
-0.0019784956
0.0
0.0019740216
0.0019717831
0.0019695433
0.0
-0.0039301217
0.0019628182
0.0019605744
0.0019583295
0.0
0.0
0.0
0.0
0.0019470901
0.0038896785
0.0038851749
0.0038806694
0.0019380808
0.001935826
0.0019335703
-0.0038626273
0.0019290559
-0.0019267973
-0.0019245378
0.0038445545
0.0019200159
0.0019177536
0.0038309805
0.0038264522
0.003821922
0.00381739
0.0038128563
0.0
0.0
0.003799244
-0.0018973516
0.0
0.0
-0.00378107
-0.0018882611
0.0
0.0018837107
0.0018814342
0.0037583138
0.0018768788
0.0
0.0018723201
0.0
0.001867758
0.0
0.0
0.0
0.0
0.0
0.0
0.0055552977
0.0
0.0018471899
-0.0018449007
-0.0018426107
0.0
0.0
0.0018357363
0.0
0.0
0.0
-0.0018265604
-0.0018242645
0.0018219681
0.0
0.0
0.0018150745
0.0018127753
0.0018104754
0.0036163495
0.0018058736
-0.0018035716
0.0
0.0
0.001796662
0.0017943576
0.0
0.0
-0.0017874404
0.0
0.0
0.0017805176
0.0035564175
0.0017758994
0.0
0.0017712789
0.0017689677
0.0035333121
0.0035286874
0.0035240618
0.0
0.0
0.001755089
0.0
0.003500917
0.0034962848
0.0017458257
0.0017435086
-0.001741191
0.0
0.0
0.0
0.0017319154
0.0034591907
0.0017272747
0.0
0.0017226321
-0.0017203101
0.0034359752
0.0034313295
0.0017133413
0.0017110176
0.0
0.0017063686
0.006816174
0.003403436
0.0033987842
0.0016970658
0.0
0.0016924118
0.0
0.0016877564
0.0033708562
0.0016830994
0.0033615408
0.0
0.0
0.0016737811
0.0033429014
0.0050073597
0.0016667887
0.0016644573
0.0
0.0016597933
0.0016574608
0.0016551281
0.00330559
0.0016504617
0.0
0.0
0.0016434599
0.0016411254
0.0032775812
0.0
0.0016341202
0.0016317847
0.001629449
0.0
0.0016247766
0.0016224402
0.0016201034
0.003235533
0.0016154293
0.0016130919
0.0016107543
0.0016084164
0.0
0.0016037404
0.001601402
0.0
0.0047901743
0.0031887717
0.0015920468
0.0031794154
0.0015873683
0.0031700577
0.0047480674
0.0015803494
0.0015780096
0.0015756695
0.0
-0.0015709891
0.0031372977
0.0031326169
0.0046919035
0.0031232545
0.0015592865
0.0
-0.0015546049
0.003104528
0.003099846
0.0015475819
0.0015452408
0.0015428996
0.0
0.0015382172
0.003071752
0.0015335347
0.0015311934
0.0015288522
0.0015265108
0.003048339
0.0030436565
0.0015194869
0.0015171455
0.0030296086
0.004537389
0.0045303656
0.004523342
0.0030108793
0.0
0.0015007575
0.0
0.0014960757
0.0014937348
-0.0014913941
0.0029781067
0.0029734257
-0.0014843723
0.0014820319
0.0
0.0
0.0029500227
0.0029453428
0.0029406631
0.0
-0.0014656524
0.0
0.0
0.0029172692
0.0
0.0029079136
0.0
-0.0014492797
0.0
0.0
0.0028845312
0.0014399278
0.0014375903
0.0
-0.001432916
-0.0014305791
-0.0014282425
0.0028518124
0.0
-0.0014212341
-0.0014188983
0.0
0.0014142278
0.0028237859
0.0028191167
0.002814448
0.0028097797
-0.0014025561
0.002800445
0.0027957787
0.0
0.0055728955
0.0027817832
-0.0013885596
0.0
-0.0013838967
0.0013815657
0.004137705
-0.0013769048
0.0013745748
0.0013722453
-0.001369916
-0.0013675871
0.0013652586
0.0013629305
0.0027212056
0.0013582754
-0.0013559485
-0.001353622
-0.0013512959
0.0013489701
0.0026932897
0.0013443199
0.0013419954
0.0013396714
-0.0026746958
-0.004005074
0.0
0.0026607595
0.0013280581
0.0013257368
-0.0013234159
-0.0013210955
0.0
0.0
0.0013141374
0.001311819
0.001309501
0.0
0.0
0.0
0.0
0.0012979193
0.0012956045
0.0
0.0
0.0
-0.001286351
0.0
0.0
0.0
0.0
0.0
0.0
0.0
0.0
0.0
0.0012632573
0.0
0.0
0.0
-0.0012540369
0.0012517334
0.0
0.0012471282
0.0024896534
0.0
0.0
0.0
0.0
0.0024666577
0.0012310314
0.0
0.003679315
0.0
0.0
0.0024391084
0.001217261
0.0012149684
0.0012126766
0.0
0.0
0.0024116111
0.0024070337
0.003603686
0.0023978828
0.0023933097
0.0023887383
0.0023841683
0.0
0.002375033
0.0023704679
0.0023659042
0.0023613423
0.0023567819
0.002352223
0.002347666
0.0023431105
0.0023385568
0.003501007
0.0023294543
0.0011624529
0.0
0.0011579067
0.0023112698
0.0023067282
0.002302188
0.0011488249
0.0022931132
0.0011442893
0.0
0.0011397572
0.003412478
0.0011352289
0.0011329661
0.0011307042
0.0011284433
0.0011261832
0.0033717726
0.001121666
0.0022388177
0.0011171526
0.0011148974
0.0033379293
0.0033311693
0.0033244123
0.0011058861
0.0011036358
0.0011013864
0.0010991379
0.0010968907
0.0010946443
0.0010923989
0.0010901546
0.0010879113
0.001085669
0.0021668556
0.0010811876
0.0010789485
0.0010767104
-0.0010744734
0.0021444748
0.0021400051
0.0021355373
0.0042621437
0.0021266085
0.0010610737
0.0021176885
0.0021132317
0.0031631656
0.0021043248
0.0010499373
0.0010477134
0.0010454906
0.001043269
0.0041641938
0.003116487
0.0020732216
0.003103181
0.0030965332
0.002059926
0.0020554988
0.0020510738
0.0020466514
0.0020422311
0.0020378134
0.0
0.002028985
0.0020245744
0.0030302494
0.003023641
0.0020113573
0.0010034782
0.0
0.0
0.0019937688
0.001989378
0.0019849893
0.0019806034
0.00197622
0.0019718392
0.0019674608
0.001963085
0.0019587118
0.0029315117
0.0019499732
0.0
0.0
0.0
0.0028987904
0.001928172
9.619098E-4
0.0
0.0
0.0
0.0028596555
0.002853147
0.0028466426
0.0028401425
0.0
9.423847E-4
0.001880444
0.0018761215
9.3590084E-4
0.0
0.0
-9.294295E-4
0.0
0.0018502446
0.0018459416
0.0018416415
0.0018373441
0.0018330498
0.0018287582
0.0018244695
0.0018201837
0.0018159009
0.0027174314
0.0027110158
0.0027046045
0.0
0.0
0.001790265
0.0
0.002672615
8.887435E-4
0.0
-8.8449166E-4
-0.001764736
0.0
0.0026343758
0.0
8.738886E-4
8.717726E-4
-8.696581E-4
0.0
0.0
8.633239E-4
0.002583647
8.591089E-4
0.0017140076
0.0017098004
0.0017055965
0.0025520935
0.001697198
0.0016930036
0.0
0.0
0.0016804395
0.0016762579
0.0016720796
0.0016679044
0.0016637326
0.0
0.0
0.0016512367
0.001647078
8.214613E-4
0.0016387706
0.0016346218
0.0016304763
0.0016263343
0.0
0.0024270902
0.0016139282
0.0016097996
0.0016056744
8.007763E-4
0.0015974343
0.0015933193
0.0015892078
7.9254986E-4
0.001580995
7.88447E-4
0.0015727963
0.001568702
0.0015646113
0.0015605241
0.0015564404
0.0015523601
0.0015482835
0.0
7.700704E-4
0.0015360749
7.660062E-4
7.639768E-4
7.6194917E-4
0.0015198466
0.0015157985
0.0015117541
7.538566E-4
0.0
0.0
7.4780633E-4
7.457932E-4
0.0014875638
0.0022253175
7.397649E-4
0.0014755183
0.0014715106
0.0014675065
0.0021952593
0.0014595096
-0.0014555168
-0.0029030554
-0.0043426272
-0.0043306826
-0.0021593748
7.178046E-4
7.1581954E-4
0.0
-0.0021355655
-0.0021296274
-7.078984E-4
0.0021177686
0.002111848
-0.0014039555
-0.0049000564
-0.004886282
-0.002784298
0.0
0.0013842976
6.901889E-4
-6.8823097E-4
-0.0013725499
-6.84321E-4
6.82369E-4
0.0013608378
6.784709E-4
-6.765249E-4
-0.0020237425
-0.0020179164
0.0
0.0
6.6682475E-4
0.0013297815
-0.0013259177
6.610289E-4
0.001977303
0.0019715256
0.0032762568
0.0032666482
0.0013028198
6.494923E-4
0.0019427302
0.0019369897
0.0019312555
0.0012836849
0.0019198055
0.00191409
6.361269E-4
6.342259E-4
0.002529308
0.0025217207
0.002514142
6.2664296E-4
6.247525E-4
6.228641E-4
0.0
0.0012381877
0.0024688477
0.0018459962
-6.1345444E-4
6.1157893E-4
0.0
-6.078344E-4
0.0012119306
6.0409843E-4
6.0223375E-4
-0.0012007423
-5.9851084E-4
0.0029832632
0.0011895933
0.0017788287
0.0017732739
-0.0011784838
-5.873947E-4
0.0
0.0
5.818664E-4
0.0011600562
-5.78192E-4
5.763581E-4
5.745265E-4
5.726971E-4
0.0022834798
5.690451E-4
-5.672224E-4
-5.6540204E-4
-0.0011271678
5.617681E-4
5.5995444E-4
0.0
5.563341E-4
5.5452733E-4
0.0011054458
5.5092067E-4
5.491208E-4
0.0
-5.4552796E-4
-5.43735E-4
-5.419443E-4
0.0
0.0
-0.0010731725
-5.348049E-4
-0.0015990776
-0.0026562458
-0.0015884244
-0.0015831083
-0.0010518662
-5.241658E-4
-0.0010448018
-0.0015619149
-0.0015566342
-0.002068481
-0.002061459
-0.0010272233
-0.0010237219
-0.001530338
-0.0025418336
-0.0020264927
-0.001009764
-5.031433E-4
0.0
-9.993461E-4
0.0
-9.92425E-4
-0.0024724293
-9.855232E-4
-9.820797E-4
-9.78641E-4
-9.7520713E-4
-9.717782E-4
-0.0019367083
-0.00192987
-9.6152077E-4
-4.7905574E-4
-0.0014320607
-0.0019026154
-0.0018958264
-0.0018890473
-9.4113906E-4
-9.3775947E-4
-0.0014015773
-9.310152E-4
-0.0013914758
-0.0013864363
-9.2093623E-4
-0.00137638
-0.0013713631
-0.0013663537
-0.0022689197
-0.002260596
-4.50457E-4
0.001346392
0.0
-8.9097116E-4
-0.0013315006
-0.00221092
-0.0022026852
-8.7778526E-4
-8.745016E-4
-0.0013068345
-0.002169874
-0.0017293625
-0.0012921272
-8.5816014E-4
-8.549073E-4
0.0
-4.242086E-4
-8.4517995E-4
-0.0012629217
-0.0025161628
-0.0016709985
-0.0012484242
-8.2907156E-4
-4.129328E-4
-0.0012339972
-0.001229204
-0.0012244186
-0.0020327352
-0.0012148715
-8.067399E-4
-8.035707E-4
-8.0040685E-4
-7.972483E-4
-0.0011911426
-3.9547356E-4
-7.878045E-4
-0.0011770008
-0.0011723029
-0.0015568173
-7.752874E-4
-3.8608574E-4
-0.0011535914
-0.0011489337
-0.002288568
-0.0015195233
-0.001135009
-0.0022607672
-0.0022515326
-0.0014948763
-0.0022331125
-0.0022239268
-0.001476505
-0.0018380036
-0.0010982339
-0.0010936738
-0.0021782436
-7.23052E-4
-0.0018000709
-0.0010755153
-7.1399746E-4
-0.0021329708
-0.0010619829
-0.0017624812
-0.0017550046
-6.990168E-4
-6.960372E-4
-3.465316E-4
-6.900948E-4
-0.0020613957
-0.0013683491
-6.8122277E-4
-3.391383E-4
3.37668E-4
-6.7240105E-4
-0.0013389433
-0.0013330957
-0.0016590742
-6.6071714E-4
0.0
-6.5490894E-4
-6.5201335E-4
-3.2456167E-4
-6.4623903E-4
3.2168019E-4
3.2024368E-4
-3.1881002E-4
3.1737922E-4
-0.001263805
-6.290522E-4
3.1310384E-4
-3.1168445E-4
6.2053575E-4
6.1770837E-4
-3.0744335E-4
-6.120708E-4
-3.0463032E-4
-3.032281E-4
6.036575E-4
0.0
-2.9903874E-4
-2.9764805E-4
-0.001185041
-2.9487538E-4
8.8048016E-4
5.842286E-4
-2.907381E-4
0.0
-5.759889E-4
-2.86627E-4
-5.705249E-4
0.0
0.0
-5.623728E-4
0.0
0.0
0.0
-2.7579267E-4
-2.7445157E-4
-2.7311343E-4
-5.435565E-4
-2.7044603E-4
-5.382335E-4
-8.033713E-4
-2.6646708E-4
0.0
-5.276585E-4
-5.250296E-4
-5.2240666E-4
-0.0010395793
0.0
-2.5728677E-4
-5.1197445E-4
0.0
0.0
0.0
0.0
0.0
-4.9650564E-4
-4.939485E-4
-2.4569873E-4
-2.444262E-4
0.0
4.8378034E-4
-2.406267E-4
0.0
-2.3810883E-4
0.0
2.3560309E-4
-2.3435478E-4
2.3310952E-4
2.3186728E-4
-2.306281E-4
-4.5878394E-4
-6.8447663E-4
-2.2692885E-4
0.0
-6.7343394E-4
0.0
-6.661181E-4
-0.0013249479
2.1961302E-4
2.1840447E-4
2.1719899E-4
4.319932E-4
-6.443918E-4
-8.544042E-4
-8.496316E-4
-8.4487145E-4
6.3009275E-4
4.1769413E-4
-6.229989E-4
-6.1946595E-4
-8.212565E-4
-2.0414268E-4
4.0594873E-4
-2.0180915E-4
0.0
1.9948809E-4
-7.93329E-4
-1.9717953E-4
1.9602993E-4
-9.744174E-4
-7.7496056E-4
-3.851999E-4
-7.658516E-4
-7.613159E-4
1.8919821E-4
-3.761412E-4
-3.7389225E-4
5.574744E-4
-3.694133E-4
-5.507749E-4
-3.6495956E-4
-5.4411334E-4
0.0
0.0
-3.5612812E-4
0.0
0.0
0.0
1.736991E-4
-5.178474E-4
-6.861428E-4
-8.52294E-4
-8.4692537E-4
0.0
1.6724721E-4
-3.3236615E-4
4.9536646E-4
8.203221E-4
-4.890297E-4
0.0
4.8273144E-4
-9.5919357E-4
6.352957E-4
0.0012622837
0.0
3.1143645E-4
4.6406832E-4
0.0
7.632078E-4
1.5162246E-4
-3.012132E-4
5.983759E-4
0.0
1.4757847E-4
7.328779E-4
1.4557593E-4
2.8915907E-4
4.307592E-4
7.1298255E-4
7.080494E-4
2.8125301E-4
5.5858557E-4
5.546782E-4
2.7539194E-4
5.469026E-4
6.7879306E-4
5.3917937E-4
6.6917174E-4
2.6575426E-4
2.6384636E-4
1.3097253E-4
-1.3002516E-4
2.5816215E-4
2.5628056E-4
0.0
2.525371E-4
1.2533764E-4
1.2441001E-4
1.2348569E-4
2.4512934E-4
2.4329392E-4
2.414651E-4
2.3964289E-4
2.3782732E-4
7.0805504E-4
5.855401E-4
2.3242034E-4
0.0
0.0
0.0
1.12651986E-4
3.3531224E-4
6.653571E-4
2.2003656E-4
-3.274411E-4
-3.248374E-4
0.0
0.0
1.0569546E-4
4.1936367E-4
1.0398972E-4
-3.094256E-4
0.0
2.0291246E-4
3.018553E-4
3.9913598E-4
2.9685875E-4
1.9625039E-4
9.7300835E-5
0.0
-9.566221E-5
0.0
1.880741E-4
1.8645906E-4
1.8485075E-4
1.832492E-4
-9.08272E-5
-2.7009955E-4
-4.462127E-4
-2.6536584E-4
2.6301423E-4
1.7378184E-4
-1.7222765E-4
0.0
-1.6913959E-4
0.0
2.4911802E-4
8.2279206E-5
0.0
-3.2307656E-4
-4.801152E-4
-1.5854536E-4
7.8529556E-5
7.778984E-5
2.3116061E-4
-1.5264128E-4
-2.2677348E-4
-2.2459528E-4
-2.9656975E-4
-1.4684642E-4
-7.270739E-5
-1.4399001E-4
-1.4257207E-4
-7.0580485E-5
-6.987837E-5
-6.917968E-5
-6.848442E-5
-6.7792585E-5
-6.710419E-5
-6.641923E-5
-6.57377E-5
-1.3011922E-4
-6.438496E-5
-6.371376E-5
-1.2609197E-4
-6.238167E-5
-6.1720784E-5
-1.2212672E-4
0.0
0.0
0.0
5.846814E-5
0.0
5.7191253E-5
1.1311599E-4
-5.5928198E-5
5.5301858E-5
0.0
-1.08119144E-4
5.3443626E-5
5.2831147E-5
0.0
0.0
-5.1014522E-5
0.0
4.9820796E-5
4.9229147E-5
-9.728195E-5
-9.6112555E-5
-9.495012E-5
-1.8758929E-4
9.2646136E-5
0.0
-1.8074005E-4
-8.924243E-5
-4.40609E-5
-8.700816E-5
4.295074E-5
4.24009E-5
0.0
4.1311694E-5
-4.0772335E-5
-1.207094E-4
-7.94082E-5
-7.8350466E-5
-1.15949595E-4
-1.14384E-4
-3.7609636E-5
-1.11284324E-4
-1.8291711E-4
-7.2151146E-5
-1.0671369E-4
-1.7535199E-4
0.0
1.0223779E-4
-1.007669E-4
-6.620436E-5
0.0
-1.6069575E-4
-9.498873E-5
3.119019E-5
0.0
0.0
5.958629E-5
0.0
0.0
2.84278E-5
0.0
8.2605584E-5
0.0
-2.66567E-5
2.6222746E-5
-5.1584648E-5
-2.5365433E-5
4.988415E-5
4.90445E-5
9.642384E-5
1.8954565E-4
4.6567977E-5
0.0
4.4952332E-5
-4.415513E-5
2.1682503E-5
1.277459E-4
4.180601E-5
2.051857E-5
-4.027536E-5
-5.9281003E-5
-1.9386534E-5
-1.9016281E-5
7.4598305E-5
5.4859258E-5
1.7926812E-5
3.5141507E-5
-1.7218248E-5
1.6869293E-5
9.914335E-5
3.236409E-5
-1.584375E-5
-1.5509011E-5
-6.071131E-5
1.4850202E-5
2.9052266E-5
1.4205622E-5
5.5554683E-5
0.0
-1.3265448E-5
7.775506E-5
5.0625873E-5
1.2357323E-5
4.8246962E-5
-1.1769722E-5
-2.2962537E-5
4.478552E-5
-1.0915057E-5
0.0
7.254179E-5
5.0462466E-5
-1.9650883E-5
0.0
1.8604092E-5
9.045704E-6
2.63788E-5
8.543734E-6
1.6596216E-5
3.2224216E-5
-7.817573E-6
2.2748E-5
1.47026685E-5
0.0
3.449698E-5
2.0036374E-5
1.2923525E-5
2.4993245E-5
-6.0384377E-6
-5.8321425E-6
1.1258851E-5
-1.6290864E-5
-5.2347305E-6
1.0085505E-5
-4.854355E-6
9.339077E-6
8.976607E-6
-8.621301E-6
0.0
-3.9660918E-6
-3.7991865E-6
1.09075945E-5
3.4761272E-6
0.0
-1.5837022E-5
-1.5092102E-5
2.8730217E-6
0.0
2.5929814E-6
2.4583405E-6
-1.1636432E-5
-2.1998192E-6
0.0
-5.8669393E-6
5.5168252E-6
3.45165E-6
-1.6162967E-6
4.5310708E-6
-1.408006E-6
-3.9277325E-6
1.2140717E-6
-1.1224888E-6
1.0344957E-6
1.9001849E-6
-2.607838E-6
0.0
-7.1842453E-7
-1.9451493E-6
5.8193257E-7
-1.038146E-6
-9.196094E-7
0.0
-7.0408424E-7
0.0
0.0
-4.3467065E-7
0.0
2.9098015E-7
-2.2991101E-7
0.0
-1.2932566E-7
-8.9809674E-8
-5.7478292E-8
0.0
7.1848034E-9
0.0
-0.0
