0.2935533
0.25255147
0.4955472
1.2782607
2.8860166
3.0464995
3.3789067
6.059149
5.2809377
1.6315842
1.1354551
0.9457039
1.7540368
3.1938899
2.2807121
0.24291012
0.7906222
0.18112889
0.76328826
0.59166896
0.74772805
0.65563565
0.5221669
0.41621876
0.084551215
0.49803647
0.8792833
0.9530297
0.5140023
0.38210425
0.7139898
1.625627
1.969787
1.8330255
1.2098933
1.2563114
3.0143626
3.9252684
2.2958121
1.1712741
1.093322
0.75665647
0.27709648
0.6049036
0.6539103
0.44581792
0.7778361
0.7303905
0.3255882
0.5204925
0.44137946
1.0441873
1.7063581
1.523041
1.3155698
0.16383958
1.2900066
1.2646216
1.1165045
1.4926453
1.7537539
0.9024164
0.6453259
0.9414641
0.21663554
1.1486675
1.1958961
1.0445325
1.1591655
0.58860785
0.4856408
1.4237802
1.5364265
1.0839655
0.5431484
0.35477918
0.57305485
0.7903395
0.65029496
0.74657035
0.64844674
0.14643012
0.15482315
0.43923151
0.36055404
0.23410575
0.2784671
0.25498497
0.12162532
0.09929979
0.16837318
0.22894755
0.14497694
0.1648253
0.22311828
0.16694391
0.19542553
0.136513
0.29835808
0.56542903
0.44815886
0.5752105
0.45884353
0.3643773
0.35548654
0.46675283
0.36601913
0.30713573
0.8284243
0.9180487
0.38465872
0.189015
0.1389489
0.23320808
0.15284525
0.51238453
0.81092995
0.44132128
0.19170918
0.39888123
0.46773306
0.23356348
0.31780043
0.6605782
0.35014772
0.20603949
0.38662347
0.45288152
0.59656394
0.63900626
0.5387461
0.31058624
0.32298213
0.14079659
0.058811896
0.2686706
0.35615763
0.81164706
0.07564173
0.57433254
0.39016938
0.58111066
0.21477358
0.60156614
0.9575927
0.46651185
0.4472502
0.69149905
0.57489645
0.5848259
0.087457776
0.646226
0.76789504
0.44861358
0.34491676
0.22897334
0.048429452
0.19671494
0.47125003
0.512666
0.20431621
0.13775638
0.14245316
0.4549316
0.46157554
0.22457847
0.24504545
0.12906009
0.26397997
0.11488585
0.05138119
0.16129984
0.1588046
0.16237766
0.22043918
0.4949354
0.55650246
0.25305653
0.7135497
0.60888314
0.13248202
0.12586188
0.19836287
0.2470419
0.36780465
0.42554352
0.2782159
0.22591572
0.33820978
0.30664548
0.21750058
0.10018597
0.24637008
0.19011338
0.12012923
0.18876411
0.33691528
0.16821018
0.37176955
0.451915
0.3165658
0.254329
0.40896183
0.29702532
0.18586664
0.263919
0.39340106
0.4293643
0.4021316
0.45929214
0.36515617
0.22811064
0.10317151
0.15264422
0.10108471
0.08864811
0.039454993
0.21892911
0.20757376
0.31009445
0.20781487
0.41322777
0.5040848
0.1998379
0.30993712
0.21533857
0.6033989
0.52702296
0.39038977
0.47216308
0.22383855
0.3482544
0.39127952
0.16329655
0.32532474
0.2370782
0.46142936
0.5323209
0.6419491
0.36323786
0.24131298
0.4588345
0.4245364
0.23047052
0.08934186
0.1483015
0.33788806
0.31759188
0.24167949
0.15558621
0.3235749
0.59060335
0.234466
0.2262805
0.27391106
0.18070005
0.44704968
0.66926503
0.3196588
0.18581308
0.074425004
0.3255054
0.87348086
0.8243301
0.4279133
0.38219765
0.702216
0.80106646
0.4133468
0.097462825
0.20062517
0.37000984
0.21581917
0.18062234
0.10157431
0.6308238
0.7405141
0.3098484
0.060726676
0.29020393
0.55479866
0.4834184
0.261131
0.08352329
0.07921309
0.31460398
0.48761725
0.48885286
0.2470017
0.16668147
0.18192513
0.12412511
0.30011013
0.24278374
0.13794275
0.3760282
0.29687193
0.2930259
0.33125612
0.46748582
0.46739218
0.2510068
0.22772154
0.2655001
0.18514532
0.16893366
0.33123633
0.18604241
0.5944386
0.50190526
0.103640415
0.1089682
0.25052178
0.13934447
0.14925802
0.047580857
0.17863728
0.13913193
0.29184416
0.2636922
0.15894906
0.24162628
0.36335927
0.2767074
0.19883879
0.18117014
0.1636178
0.26230693
0.17192498
0.3187772
0.44112536
0.2465638
0.20330125
0.22434154
0.2326814
0.43586946
0.12817408
0.48581275
0.52056515
0.3497033
0.13256104
0.07197339
0.06370039
0.1402272
0.18730517
0.30590978
0.4591297
0.4240745
0.4321443
0.19200468
0.23938349
0.34645998
0.1658192
0.19076827
0.273223
0.21453367
0.12426968
0.23976277
0.16343826
0.18898752
0.3010826
0.31280825
0.30852023
0.14258876
0.017036699
0.22703655
0.41583654
0.41714895
0.34866622
0.1090484
0.085302494
0.04575842
0.2632567
0.3512279
0.22504288
0.43818277
0.31312293
0.053569857
0.02818488
0.30613384
0.6046374
0.6364641
0.34815773
0.12387118
0.3409623
0.3819054
0.32422203
0.5083327
0.32878605
0.08811653
0.20952755
0.46111777
0.36629483
0.3175048
0.26790914
0.20128216
0.072309814
0.12457873
0.28262666
0.5678289
0.32858884
0.46700078
0.42132905
0.21721132
0.098168895
0.1685256
0.0892889
0.22466478
0.419946
0.42016366
0.18953212
0.089525506
0.07882509
0.09207999
0.1206819
0.33622485
0.32374972
0.5658055
0.70900506
0.42842177
0.17775336
0.15983838
0.2455866
0.2386016
0.1774704
0.083647564
0.33081937
0.35070398
0.22524032
0.29798898
0.09149595
0.26710978
0.35820124
0.3416458
0.03130896
0.23660068
0.2821976
0.10788977
0.06765265
0.3470983
0.53550214
0.2925863
0.59086907
0.53276855
0.11922516
0.51183224
0.42284802
0.16192915
0.14954194
0.09476724
0.07624805
0.14667529
0.13944697
0.11371812
0.082449995
0.19411996
0.39983004
0.3024393
0.12077898
0.11361829
0.12176663
0.2911886
0.33121708
0.31285432
0.28129104
0.047483843
0.21938135
0.18219832
0.1272
0.18668884
0.3517995
0.24693711
0.24684086
0.31821895
0.24117054
0.49834993
0.51309156
0.29841202
0.031968016
0.22404775
0.26726457
0.22191985
0.18199877
0.26081976
0.35409564
0.3380746
0.15701029
0.06800832
0.3439948
0.2654586
0.15474065
0.41606212
0.5044757
0.30500653
0.3483931
0.3675168
0.11031237
0.53034544
0.8768778
0.73532385
0.39343882
0.45352197
0.31540373
0.23002532
0.4478092
0.30261353
0.3339043
0.19752167
0.10502323
0.28762522
0.20718354
0.548898
0.62526035
0.5168037
0.5256049
0.40738428
0.30905613
0.4410038
0.1861634
0.15846966
0.17650793
0.14355959
0.2564755
0.39639878
0.39644283
0.32894245
0.16509666
0.17239594
0.25622815
0.18826872
0.22767825
0.14380576
0.018218912
0.26051077
0.22499023
0.33623764
0.45179215
0.23936775
0.23764691
0.4426828
0.4218934
0.17830499
0.3503383
0.4559857
0.15662007
0.26338315
0.34775022
0.309303
0.31732798
0.2694856
0.28755385
0.23364541
0.19218019
0.40718958
0.27338976
0.39020717
0.24510008
0.14905421
0.29602912
0.16643836
0.05553297
0.15559909
0.44200173
0.7011326
0.3243091
0.37583706
0.3870026
0.011737447
0.11353546
0.19497226
0.35892987
0.92452204
0.9644715
0.83045405
0.4911436
0.62094164
0.5208315
0.7338065
0.7351735
0.5980235
0.7597823
0.43723124
0.39978462
0.054847438
0.34871185
0.28822857
0.6416834
0.5438129
0.28576657
0.7825994
0.5535717
0.42887813
0.88257736
1.445922
0.8591165
0.14572047
0.8040165
0.89346397
0.21727057
0.574324
0.6687931
0.54287744
0.028894389
0.5062844
0.57812864
0.23682792
0.5375315
0.5258046
0.008088879
0.24644706
0.19541317
0.16870585
0.3698888
0.5018617
0.42192268
0.46185923
0.15524215
0.92602324
1.4868329
1.0846082
0.70805436
0.5334126
0.8015709
1.5959302
1.0349029
0.7538141
1.3915112
1.0933843
0.43055645
0.8889179
0.59814805
0.3252474
0.343121
0.19181435
0.6402672
0.6013689
0.6748806
0.7357698
0.19178243
0.70542735
0.6166414
0.5848938
1.6943603
1.7269378
0.98681134
0.33919236
0.13946831
0.7564874
0.99855036
0.69835556
1.3375894
1.0086721
1.3934249
3.4363446
3.2274077
2.3743613
1.6507051
1.843023
1.8177927
0.8675731
0.82523113
1.0185677
0.7997246
0.5808558
0.7022952
0.75758046
0.81075126
0.9126488
0.5089498
0.12716542
0.19518629
0.2642327
0.33805782
0.6099157
0.44720292
0.57384956
0.37639743
0.44756007
0.087561615
0.3319225
0.4626687
0.56297606
0.7021473
0.57396424
0.54667187
0.38162994
0.20688802
0.49235487
0.4880608
0.3281754
0.4864759
0.58765113
0.643259
0.31962368
0.09171368
0.26224148
0.21601735
0.07436626
0.13105647
0.14679036
0.32353526
0.39512485
0.16569962
0.14334883
0.38143873
0.41875303
0.21640106
0.14413238
0.27697375
0.14477953
0.20752832
0.23461731
0.0709318
0.031156695
0.0687172
0.2449754
0.42912707
0.4665136
0.25065422
0.23472875
0.27624464
0.21548113
0.046630528
0.24431714
0.39838564
0.21041456
0.10164956
0.10600082
0.2507686
0.35079294
0.4352885
0.2729998
0.21369137
0.39262566
0.33893105
0.16106606
0.24140237
0.36377668
0.23135547
0.15704939
0.31534004
0.31970564
0.036805626
0.1963432
0.45278904
0.52757823
0.20734626
0.12473719
0.06287922
0.05028552
0.17396264
0.40691987
0.32979712
0.35428116
0.2446149
0.18540387
0.37061593
0.13723586
0.3763477
0.397414
0.28256613
0.20408225
0.17495814
0.17423077
0.13186313
0.25200891
0.19838203
0.25096634
0.23954943
0.2430007
0.27317154
0.22477905
0.1774496
0.14295053
0.14991756
0.1711975
0.20335065
0.4040134
0.5020824
0.39220473
0.09627239
0.15438011
0.057497006
0.021035248
0.088814415
0.17317376
0.14411244
0.18178417
0.29209292
0.22762479
0.1733292
0.09347147
0.17520012
0.1788841
0.1379702
0.22634058
0.2017304
0.06834633
0.23992482
0.1977264
0.18148363
0.14284813
0.20669077
0.23519944
0.12196818
0.09089115
0.18611236
0.13037899
0.11917396
0.071742035
0.09002741
0.23245735
0.09211723
0.072969235
0.112110026
0.1114272
0.18112512
0.22284776
0.15030415
0.11277435
0.102323696
0.26025742
0.25798202
0.10930681
0.08393703
0.14023942
0.09666335
0.22973262
0.15775712
0.13237037
0.1422219
0.023586534
0.052397974
0.068880215
0.23422918
0.28281683
0.14485003
0.0318689
0.12338373
0.212777
0.20325145
0.1387291
0.100043185
0.11276178
0.13185489
0.08936892
0.07281248
0.0578473
0.16303785
0.20903066
0.20116475
0.2094011
0.14104
0.07357188
0.02661932
0.07286115
0.21547444
0.20670697
0.14897205
0.056432143
0.17267066
0.2093372
0.070082396
0.0972414
0.2164424
0.19823703
0.18424553
0.15458716
0.10245877
0.16048555
0.18322548
0.11441597
0.093284845
0.13197444
0.13615566
0.13939402
0.022811132
0.053180046
0.04869884
0.036177516
0.1445651
0.11302612
0.11954276
0.07890261
0.117073886
0.13665423
0.078100465
0.12475292
0.12690854
0.09643861
0.066616245
0.056539074
0.11519356
0.121958256
0.18361168
0.13230173
0.098514594
0.13716365
0.091497935
0.030946717
0.11546034
0.22538161
0.2004464
0.091611914
0.071210876
0.1350524
0.08648342
0.06409261
0.07622121
0.073072955
0.10726324
0.08673243
0.012736955
0.07916411
0.05080061
0.048489004
0.06953843
0.04092763
0.02810442
0.14595279
0.13718945
0.12788814
0.24269468
0.20320733
0.15069722
0.04592348
0.0950648
0.09522988
0.16572303
0.16105029
0.13974966
0.107360564
0.088872164
0.063033864
0.13925208
0.1202329
0.11585862
0.13808946
0.16151872
0.12261584
0.32182473
0.27545214
0.060074523
0.04726385
0.10767471
0.19085404
0.13741587
0.08102302
0.110918425
0.05374984
0.069229856
0.14237529
0.20338768
0.17986552
0.07058225
0.03288252
0.083063856
0.102792636
0.1713712
0.100367144
0.021877058
0.07158331
0.094359405
0.113834344
0.15469554
0.19101089
0.10208989
0.09308073
0.04172886
0.18067808
0.24701342
0.13218312
0.077623
0.054943167
0.057128996
0.07593913
0.22011879
0.2621313
0.19505209
0.20283994
0.13826726
0.030022884
0.06296474
0.08154541
0.12500025
0.1063033
0.16887933
0.2098703
0.09936997
0.035916522
0.1258395
0.16631417
0.10348549
0.021359013
0.05663937
0.09662413
0.123272926
0.091621615
0.084959544
0.087202616
0.109878756
0.14144939
0.082329415
0.011799875
0.097064555
0.1323618
0.046363708
0.057681013
0.04807208
0.06393842
0.050709184
0.06360369
0.11318075
0.03716176
0.087803885
0.0608684
0.09951709
0.09374427
0.1412794
0.11137754
0.12597026
0.097660296
0.12940453
0.12081812
0.11696263
0.14754082
0.13579446
0.15376016
0.14119397
0.06882845
0.009814248
0.121892154
0.2081354
0.14671013
0.06473419
0.11918545
0.15193345
0.13168977
0.04783474
0.12945123
0.16869113
0.068451315
0.08821401
0.13923888
0.08258122
0.032576088
0.066401675
0.031436592
0.039897222
0.061813958
0.038812388
0.083479464
0.16757843
0.08246675
0.12021518
0.1696064
0.115234025
0.03604582
0.08805194
0.15803997
0.11459599
0.106599934
0.051112767
0.07454861
0.14562245
0.12754904
0.044137742
0.069515206
0.20589013
0.15669931
0.18457735
0.096065536
0.009331519
0.16146068
0.23218514
0.14480986
0.026232827
0.055755366
0.10037922
0.15078905
0.10016682
0.1678567
0.20578727
0.16523685
0.076372996
0.023863776
0.06753633
0.08684279
0.07356905
0.016705535
0.070203125
0.07322256
0.16855423
0.08498312
0.066580415
0.098915726
0.0962623
0.13414393
0.09858919
0.029093213
0.054618984
0.08019742
0.10475178
0.10544106
0.07478535
0.07839139
0.18487917
0.14249294
0.1759661
0.157067
0.07529515
0.06842167
0.06322318
0.02393183
0.05465258
0.064368315
0.12036436
0.210615
0.15374869
0.040997926
0.06646915
0.14176786
0.14483526
0.14200021
0.14017726
0.13211988
0.073440626
0.052806716
0.112610534
0.09260092
0.084554
0.030218126
0.073011585
0.10539175
0.034605186
0.0437985
0.06545772
0.043684456
0.07325946
0.040338308
0.03517018
0.06344794
0.07800612
0.11868239
0.06645772
0.098045155
0.14739667
0.14444222
0.113060564
0.13622063
0.05404177
0.10890077
0.15175875
0.13047518
0.03898382
0.115890115
0.09257573
0.06584802
0.010159756
0.04393868
0.11370071
0.19869027
0.15971792
0.09488696
0.117381535
0.0756696
0.069090225
0.05421484
0.06825667
0.13451886
0.21154054
0.15887272
0.10520116
0.11501339
0.09664877
0.06449895
0.09102272
0.10611537
0.07267744
0.10284568
0.123804756
0.012800094
0.19331343
0.20965487
0.14630714
0.18313383
0.14154325
0.059508555
0.035829876
0.03534075
0.07677241
0.018705424
0.10635074
0.21465577
0.22979552
0.120741874
0.113316834
0.096291594
0.07993326
0.09992101
0.12227434
0.1343161
0.160557
0.118953146
0.027009152
0.033288278
0.03973304
0.15430781
0.1197554
0.020315722
0.031610835
0.059404057
0.06493523
0.11053719
0.24288258
0.2467715
0.11643153
0.10796672
0.17798378
0.15309106
0.06394373
0.09156249
0.09636399
0.15157145
0.1553634
0.13554326
0.101448275
0.07685497
0.14242995
0.095439024
0.0758416
0.1303133
0.18088187
0.16119102
0.121387474
0.08137208
0.07278963
0.13082854
0.12734416
0.09014744
0.057311144
0.14691694
0.13202243
0.16598257
0.18669377
0.1380139
0.11618351
0.12129264
0.049034305
0.033104736
0.09427776
0.11202306
0.09834158
0.08045167
0.12233961
0.04640897
0.094614446
0.12406101
0.22386074
0.19924359
0.037676618
0.10357026
0.021616787
0.020774357
0.051231094
0.11695083
0.09057806
0.050806366
0.12030268
0.09433171
0.12886278
0.107141614
0.14005348
0.07044411
0.20024757
0.15008152
0.05338086
0.08447694
0.08365071
0.08832291
0.16025999
0.19560187
0.18655874
0.1345706
0.09072911
0.14548512
0.13903767
0.08773084
0.11901046
0.06810966
0.15721574
0.17710632
0.061586242
0.053261623
0.10904318
0.09097674
0.21262777
0.29778942
0.2167548
0.18064292
0.12541813
0.07725535
0.16847265
0.23865762
0.12523468
0.062193807
0.15672562
0.09356356
0.08798224
0.12816913
0.0509826
0.020769566
0.12682813
0.30330795
0.2876448
0.05189149
0.06979627
0.07864641
0.14350063
0.015360859
0.14565736
0.20131002
0.18089357
0.26739055
0.19781572
0.089851536
0.138401
0.05752536
0.06105786
0.06552633
0.17671637
0.1661488
0.11586721
0.23734671
0.1391767
0.016633457
0.07631847
0.024401166
0.010117446
0.077680774
0.1537447
0.2097496
0.14323927
0.2124706
0.23118031
0.073101744
0.17402424
0.10908594
0.06831273
0.2053084
0.22498952
0.10173634
0.08116415
0.3174316
0.24512112
0.010984928
0.083045915
0.0301758
0.077454455
0.16098113
0.20468952
0.13044268
0.012785052
0.05415192
0.034899384
0.097547635
0.09324209
0.18467532
0.19452193
0.17650262
0.073679514
0.11171587
0.11605114
0.06622477
0.09826909
0.12282622
0.1472982
0.25531
0.34866711
0.1723867
0.03841373
0.08101124
0.12108958
0.08710372
0.076721795
0.1199718
0.115419425
0.19374114
0.25104472
0.14310877
0.15369877
0.27629966
0.30370417
0.22833347
0.10795904
0.14320262
0.2216049
0.26260573
0.17270206
0.25551453
0.29395697
0.29858765
0.3060862
0.26680756
0.3242875
0.28774264
0.074087024
0.08948547
0.06802411
0.17425342
0.14702967
0.15995915
0.15272138
0.24616264
0.14620094
0.1028927
0.07653008
0.05359862
0.2688199
0.2514295
0.052170288
0.076834895
0.122753315
0.09368772
0.08727934
0.24651591
0.08616399
0.21522944
0.27134025
0.20660272
0.10104428
0.041445695
0.18031779
0.21955343
0.12258061
0.120542124
0.20778276
0.24427941
0.20200126
0.29012582
0.29265663
0.0915922
0.20645009
0.2221712
0.21219479
0.11442458
0.14666565
0.2760261
0.10892069
0.35980657
0.34303415
0.0705964
0.12921225
0.3182422
0.4279423
0.26840675
0.10647537
0.1412519
0.17070867
0.11225705
0.088131115
0.16330594
0.21118803
0.10222902
0.11857857
0.1070228
0.10456816
0.19285232
0.16854243
0.043530103
0.1324673
0.13980208
0.093927994
0.19310279
0.12691957
0.17479812
0.2125395
0.05240127
0.16319628
0.0848781
0.3020446
0.19591406
0.19496901
0.14758493
0.03817175
0.10864424
0.12171991
0.055606343
0.12234662
0.12517494
0.06975868
0.15610577
0.21668926
0.14326875
0.15643914
0.044514652
0.17774159
0.1398012
0.13419297
0.077168085
0.24403831
0.20768306
0.18144126
0.25342223
0.2924284
0.18245615
0.13332854
0.21162437
0.17667025
0.050826486
0.06999243
0.0720317
0.15221913
0.19214243
0.21900599
0.26027444
0.24680102
0.25905615
0.2830354
0.1575396
0.11900258
0.10870927
0.08961037
0.048658803
0.30429152
0.30046165
0.1241422
0.14143467
0.17413042
0.10805674
0.10197892
0.07678737
0.048398443
0.069026895
0.08761704
0.14784747
0.038358998
0.086755574
0.11984241
0.12315504
0.18041229
0.15281104
0.04734333
0.06101288
0.12338798
0.24583584
0.18919629
0.15914014
0.12154255
0.088383555
0.1370329
0.18026951
0.18979366
0.16193217
0.13278507
0.17590103
0.12187918
0.0019010428
0.075995244
0.05543625
0.0051692845
0.04860768
0.058938645
0.07495485
0.13877808
0.20243774
0.20492083
0.09071044
0.065877095
0.11761912
0.13669832
0.064372055
0.082170725
0.1552632
0.25007975
0.29222903
0.10298813
0.16534458
0.07486948
0.04161728
0.1517577
0.17549552
0.14763005
0.16596694
0.04912902
0.1042946
0.06671758
0.09410318
0.017542286
0.06984947
0.12909144
0.15676458
0.2900923
0.27094686
0.13875861
0.13814357
0.09975006
0.04632569
0.16029632
0.1671984
0.010715051
0.10846738
0.09589699
0.07625844
0.014414747
0.059178255
0.058014497
0.15024884
0.13247515
0.095057756
0.14515117
0.12520051
0.0796028
0.086131714
0.052358203
0.078439005
0.079241656
0.18565606
0.16283992
0.073760234
0.09452573
0.20962724
0.15651843
0.062465135
0.08821119
0.054171663
0.08010407
0.04269609
0.09383532
0.09943029
0.16194156
0.13718121
0.13436785
0.074202105
0.10367813
0.08596496
0.14502423
0.18702063
0.17229551
0.13774447
0.09695989
0.0961704
0.15458529
0.18154272
0.112622276
0.070468806
0.03606512
0.13397954
0.14292529
0.110165454
0.16902062
0.14647146
0.09451301
0.051564578
0.041711204
0.13292953
0.14795981
0.087041534
0.10285894
0.013691453
0.0362824
0.07803695
0.09222329
0.103771776
0.11526351
0.0600068
0.14557119
0.19425109
0.1088079
0.034467336
0.032310594
0.072513774
0.0802623
0.05712466
0.04992729
0.12786907
0.12875026
0.061434466
0.036631793
0.07490804
0.1043215
0.06845416
0.07029013
0.13201746
0.05895358
0.049790464
0.059866294
0.06715094
0.10580887
0.08792534
0.1211984
0.08766806
0.044632316
0.033704486
0.10451139
0.08817489
0.03561557
0.040548313
0.04831687
0.03360942
0.06848229
0.12189814
0.12185641
0.018145485
0.11906173
0.14315355
0.076248325
0.07730696
0.16515742
0.09519969
0.009101684
0.046636593
0.10292552
0.14338005
0.13320789
0.035532665
0.08178528
0.0897716
0.13389885
0.15825468
0.0867336
0.03980191
0.007904699
0.0491072
0.048253495
0.11200732
0.04578575
0.06371962
0.0842357
0.04427027
0.04500016
0.110675156
0.12890474
0.080885686
0.07002572
0.051810883
0.055592857
0.09577774
0.07636652
0.033676274
0.068152726
0.06715625
0.05016271
0.061449576
0.12596612
0.12501465
0.044248223
0.062748216
0.07561872
0.075176656
0.03920709
0.021077452
0.054312818
0.10014788
0.13004982
0.10502767
0.07821018
0.11387605
0.102181144
0.16149318
0.08848895
0.0448186
0.11067379
0.09249642
0.045777828
0.06999259
0.0586947
0.019529337
0.10001547
0.085460536
0.020198608
0.028201679
0.018505631
0.030250963
0.03728851
0.053924087
0.08602711
0.060493883
0.105706386
0.08866699
0.061040223
0.07448376
0.052911866
0.06296527
0.06738838
0.09873185
0.06580241
0.050810277
0.04128575
0.09224848
0.1150864
0.08671905
0.101161465
0.1292469
0.103548095
0.08026723
0.06313793
0.14554486
0.09527784
0.05248555
0.12149935
0.1874897
0.100302756
0.0648825
0.111178905
0.082784265
0.0474896
0.08457181
0.065001465
0.09283706
0.09453942
0.0645375
0.033046402
0.019957438
0.049341593
0.13285471
0.1339867
0.05943326
0.023131229
0.0016854695
0.044722833
0.10768792
0.020412711
0.103349626
0.087564066
0.14526425
0.10455685
0.01786448
0.06496188
0.08890251
0.080536
0.015753329
0.04719911
0.103764534
0.03799621
0.036621686
0.00838394
0.07281317
0.10365921
0.04365066
0.04689357
0.045921113
0.13135959
0.11541225
0.050002463
0.004464606
0.05241592
0.025001694
0.072987
0.09232472
0.07086249
0.07627779
0.08301636
0.07286637
0.052073848
0.02551735
0.05336697
0.036110286
0.03737731
0.13211745
0.19141239
0.12792918
0.03248388
0.0227293
0.03526286
0.03637548
0.033325974
0.04294181
0.10827555
0.1408299
0.09221437
0.06577258
0.06340988
0.07350157
0.06685584
0.07562102
0.119939886
0.18368515
0.0961112
0.02327933
0.10933258
0.11302852
0.055856474
0.05925723
0.089371994
0.048272025
0.031134373
0.035195373
0.053659476
0.085242726
0.103725016
0.0820543
0.0903273
0.06558759
0.04508058
0.060267992
0.06382316
0.034148004
0.039018795
0.022952985
0.05682777
0.054212805
0.025702031
0.029558897
0.06625326
0.04637619
0.07018298
0.08915257
0.057900872
0.12151296
0.051383156
0.0316464
0.004455171
0.014996405
0.041922316
0.029586824
0.037967857
0.043644715
0.015621549
0.04623532
0.03452022
0.041647058
0.07390648
0.12025333
0.09395703
0.05846772
0.16346277
0.13446067
0.067594804
0.03039314
0.05219522
0.094935805
0.07190985
0.033415087
0.035406794
0.007827293
0.04813717
0.042593263
0.03147103
0.067698166
0.10628546
0.03596374
0.026670376
0.041562025
0.10255355
0.07486013
0.050869144
0.025039595
0.054379355
0.08259725
0.053901415
0.01700923
0.008863429
0.07515785
0.1249025
0.07314875
0.028335718
0.029707352
0.01999416
0.033204854
0.03180352
0.039891843
0.05752772
0.04971697
0.04255992
0.08841913
0.1381283
0.08773263
0.051103257
0.04406457
0.056191836
0.079423904
0.015252137
0.050587025
0.013178467
0.08471168
0.10258169
0.07927664
0.057884954
0.050143145
0.02732399
0.024169892
0.034346167
0.078215316
0.08140037
0.032139797
0.0101101445
0.017518772
0.017531665
0.022227744
0.026954865
0.0069316886
0.034654688
0.0072621866
0.071122445
0.08864276
0.050950125
0.025205957
0.082076676
0.05372005
0.08996699
0.033114813
0.081558004
0.061660755
0.01647933
0.034353983
0.064585544
0.06514837
0.041408855
0.014328287
0.018099422
0.062586956
0.11948104
0.11693569
0.033537675
0.012399765
0.0036100121
0.034527477
0.03816513
0.04911523
0.034859143
0.074926525
0.0614106
0.027767155
0.02351793
0.027540108
0.005866248
0.027427737
0.03458659
0.017111799
0.031749558
0.053378027
0.034975212
0.06073067
0.05723697
0.020569
0.039325427
0.040642787
0.021430567
0.023962164
0.055747665
0.060315643
0.027892252
0.0175721
0.055699613
0.009671902
0.06403283
0.020633258
0.037496008
-0.003051847
-0.0030518398
0.0
0.0
0.0
-0.009155326
-0.00915525
0.0061034425
0.0152584445
0.015258265
0.015258067
0.006103141
0.0030515236
0.0030514733
0.0
0.0
-0.006102602
-0.012204945
-0.012204672
-0.012204384
-0.012204083
0.0
0.0
0.006101546
0.006101366
0.0030505897
0.0
0.0
0.0
-0.0030501804
0.003050069
0.003049954
0.0030498356
0.0
-0.0091487635
-0.02134621
-0.012197303
-0.009147568
-0.009147148
-0.0060978113
-0.012195034
-0.009145823
0.0
-0.0030482954
-0.0060962676
-0.0030479687
-0.0030478002
0.0
0.012189807
0.015236363
0.006094179
0.0030469028
0.0
-0.003046519
0.0
0.0030461205
0.003045916
0.0
0.0
0.012181125
0.015225312
0.0152242
0.009133842
0.0030443843
0.0060883025
0.0030439147
0.006087349
0.012173722
0.0060863663
-0.0030429321
0.0
0.0030424194
0.009126473
0.0152094625
0.0121664945
0.009124054
-0.0030410753
-0.0060815914
0.0
0.0
0.015199678
0.0060792835
-0.0030393444
0.0060780873
0.003038739
-0.006076862
0.0030381195
0.0060756085
0.006074971
0.00911149
0.0060736747
0.0
-0.00607235
-0.0030358385
-0.0030354983
0.00607031
0.009104423
0.0030344569
0.0
-0.0060674897
-0.0060667666
0.0030330184
0.0121305995
0.012129112
0.009095707
0.0
-0.0030311407
0.006061509
0.012121459
0.009089914
0.009088724
0.0
0.0
0.0060567255
0.01816771
0.030275373
0.027244072
0.018160187
0.015131363
0.0060516875
0.009076235
0.024199808
0.02722083
0.018144563
0.0151182385
0.0060463957
0.009068233
0.018133726
0.015109136
0.0090640895
0.0060417918
0.0060408497
0.021139653
0.024155779
0.021132937
0.018111035
0.0060360343
0.012070101
0.0030170297
0.006033061
0.009048084
0.006031044
0.0030150122
0.003014499
0.0060279653
0.015067312
0.012051756
0.009037235
0.009035643
0.0
-0.006021619
-0.0060205366
-0.0030097237
-0.0030091756
-0.003008624
-0.009024207
-0.009022531
-0.0060138963
-0.006012765
-0.0030058138
-0.0030052413
-0.0060093305
-0.009012257
-0.0030035027
-0.0030029162
0.0030023265
0.006003466
0.0
0.0030005358
0.005999864
0.0059986496
0.011994856
0.014990499
0.0059949644
0.002996861
0.0029962363
0.0029956084
0.0029949767
0.0
0.0029937034
0.011972246
0.008977248
0.008975302
0.014955575
0.008971378
0.0089694
0.014945688
0.011953886
0.008963406
0.017922774
0.011945811
0.008957319
0.0029850898
-0.005968806
0.0059674256
0.0029830192
0.0029823224
0.011926488
0.008942754
0.0
0.0
0.0119151445
0.01786841
0.011909391
0.00892987
0.005951791
-0.0029751642
0.0029744296
0.008921075
0.014864751
0.011888822
0.0059429146
0.011882822
0.014849753
0.014845961
0.008905291
0.002967665
-0.0029668964
-0.008898373
-0.008896047
0.0
0.008891364
0.014815012
0.008886641
-0.0029614212
-0.014803127
-0.008879479
0.0
0.005916436
0.0059148176
0.0029565962
0.0059115607
0.002954961
0.0
0.008859937
0.011809932
0.0059033004
0.0
-0.005899949
-0.0058982633
0.0
0.0
0.005893166
0.002945727
0.0
0.0
0.0
0.011769075
0.0058827917
-0.005881039
-0.01175856
-0.014693785
-0.0029378708
0.008810944
0.0029360885
-0.0058703846
-0.0146714635
-0.02053373
-0.017594904
-0.0029315744
0.0029306617
0.0029297455
-0.008786478
-0.014639517
-0.01170791
-0.014630241
-0.008775347
-0.00292418
-0.008769722
-0.008766895
-0.017528115
-0.01752242
-0.005838902
0.0029184956
0.0
-0.008749723
-0.008746828
-0.011658562
-0.008741006
0.0
-0.0029117148
-0.0058214664
-0.008729245
-0.017452559
-0.011631073
-0.008720321
-0.008717326
-0.008714323
-0.008711309
-0.011611048
-0.005803502
-0.0058014737
0.0
0.008696096
0.0
0.0
0.0028956172
0.0028945834
0.0028935466
0.0028925065
0.0028914632
0.0
-0.005778734
-0.0057766284
0.005774516
0.014430993
0.0057702726
0.0028840704
-0.0028830015
0.0
-0.002880854
0.005759551
0.008636082
0.002877609
-0.0028765209
-0.008626289
-0.0057486705
0.0057464754
0.011488548
0.011484132
-0.002869926
-0.0143440785
-0.014338511
-0.005733171
0.0057309316
0.0114573715
0.0085896505
-0.0057241754
-0.017165732
-0.014299099
-0.0028586814
0.005715079
0.0057127895
-0.0028552467
-0.008562286
-0.011411765
-0.0028517838
0.0057012467
0.0028494596
0.0056965854
0.0
-0.014229749
-0.014223869
-0.008530784
0.0
0.005682454
0.0
-0.0056776935
-0.005675304
-0.0028364544
0.0028352535
-0.005668099
0.0
0.0
-0.0056608384
-0.0056584063
0.0028279838
-0.005653523
-0.005651072
0.0
-0.005646152
0.0028218413
-0.005641207
-0.002819363
0.0
0.0
0.0
0.0
0.0
0.0
0.0
0.0
0.0
0.0
0.0028055147
0.0
-0.0028029578
-0.0028016747
-0.008401166
-0.0027990995
-0.0055956147
-0.011186049
-0.0195665
-0.022351306
-0.0139630465
-0.013956511
-0.008369977
-0.0139433965
-0.02508627
-0.0250744
-0.025062503
-0.013916989
0.0
-0.0027807392
-0.016676433
-0.022224551
-0.022213833
-0.00832616
-0.0027740411
0.0
0.0
-0.008309961
-0.00553726
-0.0027672697
-0.0027659065
0.0027645405
0.0027631717
0.0027617998
0.0
-0.0027590476
-0.008273001
-0.008268851
0.0
-0.0027535078
-0.008256347
-0.013753604
-0.010997292
0.0
0.005493037
0.008235335
0.0027437026
-0.0054845805
-0.0054817502
0.0027394572
0.0054760724
0.008209838
0.010940745
0.0027337568
0.005464649
0.0027308895
0.0027294515
0.016368065
0.016359402
0.016350724
0.0136183575
0.013611097
0.019045353
0.016315842
0.013589232
0.00814915
0.005429834
0.008140344
0.00813593
0.008131506
0.008127074
0.0054150894
0.010824247
0.008113729
0.0108123515
0.013507983
0.0054002055
0.002698606
0.0
0.0
0.005388199
0.0053851833
0.0026910813
0.0
0.0
0.0053730668
0.008055036
0.016100926
0.016091766
0.008041294
0.005357798
0.0
-0.0026758262
0.008022858
0.013363713
0.00801359
0.0026696483
-0.0053361943
-0.0053330865
0.0
0.010653709
0.013309327
0.0026603006
-0.0079762
-0.010628654
-0.0053111813
0.0
0.0
-0.002650857
-0.007947821
-0.0052953754
-0.005292198
-0.002644508
-0.007928742
-0.010565271
-0.007919156
-0.013190585
-0.007909538
-0.0052698115
-0.010533185
-0.021053473
-0.018410485
-0.015770713
-0.015760992
-0.010500838
-0.013117922
-0.01573174
-0.013101632
-0.013093468
-0.015702348
-0.013077101
-0.0104551185
-0.020897092
-0.018273436
-0.018261898
-0.013035959
0.0
-0.005207765
0.0
-0.0052011264
-0.015593398
0.0
0.0077866954
0.015563364
0.012961103
0.0
-0.007766598
-0.010348739
0.0
0.012919076
0.00774638
-0.005160871
-0.005157484
-0.005154092
0.0
0.012868233
0.020575546
0.020561898
0.017979702
0.010267273
0.002565105
0.010253557
0.015370026
0.017919654
0.017907593
0.007669506
0.0051095486
0.010212176
0.015307867
0.022946185
0.020382708
0.015276592
0.012721782
0.010170447
0.015245187
0.017773805
0.012686815
0.012678044
0.0050677042
0.007596279
0.01518199
0.012642839
0.010107207
0.0075751
0.0025232625
0.0050429786
0.012598569
0.010071743
0.007548467
0.002514373
0.007537765
0.0075324033
0.015054069
0.01755054
0.0
-0.0050072586
-0.010007322
-0.010000118
0.0049964525
0.004992841
0.0024946127
0.0024928025
-0.00747297
-0.0074675255
0.0
0.002485539
0.012418588
0.014891362
0.009920271
0.0024782394
0.0024764088
0.0049491525
0.004945482
0.0
0.0
0.0
0.002465379
0.0073905988
0.009846739
0.002459834
0.0
-0.0024561265
-0.004908539
0.0024524103
0.007351646
0.0024486852
0.0
-0.0048899027
-0.009772325
-0.004882418
-0.0024393345
0.0
0.0
-0.009734794
-0.007295446
-0.009719721
-0.0072841286
-0.004852307
-0.004848524
-0.007267105
-0.007261418
-0.007255724
-0.014500049
-0.012073864
-0.014477212
-0.012054812
-0.009636217
-0.007221431
-0.014431387
-0.0048066336
-0.0096056005
-0.014396888
-0.007192682
-0.009582552
-0.007181139
-0.007175359
-0.011949287
-0.011939632
-0.014315961
-0.009536234
-0.004764243
-0.004760365
-0.0071347244
-0.004752597
-0.011871766
-0.007117219
-0.0047409143
-0.0023685063
0.0070996596
0.0047291964
0.0047252825
-0.0023606822
-0.0023587213
0.0
0.0047095874
0.007058481
0.007052575
0.0046977755
0.00469383
0.004689881
0.004685928
0.009363943
0.009356022
0.011685116
0.0046700784
0.0
0.0046621305
0.009316301
0.011635418
0.01162545
0.006969284
0.009284389
0.013914588
0.018536774
0.020835845
0.016191624
0.011555413
0.009236296
0.0046141273
0.0069151544
0.018424299
0.016107151
0.016093027
0.009187938
0.002294963
0.00229294
0.00458183
0.0045777764
0.011434298
0.006854488
0.0045655943
-0.0022807634
-0.0022787277
0.0045533804
0.0068239532
0.00227261
0.0045411345
0.0045370455
0.0067994297
0.0045288573
0.0022623788
0.0022603276
0.0022582742
0.0022562195
-0.0067624883
-0.006756313
-0.0067501334
-0.008991931
-0.0067377575
0.0
0.0067253616
0.008958875
-0.0022376485
-0.00670673
-0.013401018
-0.008925712
-0.004458702
0.0022272724
0.0022251923
-0.0066693313
-0.013326162
-0.008875768
-0.00443371
0.0022147668
0.002212677
-0.0022105852
-0.01104246
-0.013238383
-0.0066129025
-0.0022022028
0.0066003096
0.0021980018
-0.0021958991
-0.0021937948
-0.010958444
-0.0065687443
0.0021874723
0.008741447
0.004366499
0.0021811358
-0.004358041
-0.0065307114
-0.0021747854
0.0
0.010852721
0.008673686
0.0021662968
0.002164171
0.0021620435
0.0
0.0064733527
0.006466957
0.0021535188
0.002151384
0.0042984956
0.0
0.0021449707
0.00642849
0.0021406878
0.002138544
0.002136399
0.0021342526
0.0021321047
0.0
0.004255609
0.0021256523
0.0021234988
0.006364031
0.0063575623
0.0063510886
0.006344611
0.0021127097
0.0042210957
0.006325153
0.0
0.0
0.0063056587
0.0
-0.0020975473
0.0
-0.002093203
0.0041820575
0.0020888532
-0.004173353
-0.006253495
-0.006246956
0.0
0.004155912
0.0062273177
0.0
0.0
0.006207644
0.0041340524
0.006194509
0.006187936
0.002060453
0.0020582592
0.0
0.0
0.004103342
0.00819789
0.006141818
0.0020450717
0.0020428693
0.0020406658
0.0
0.0
0.0
-0.0060955198
-0.0020296304
-0.0020274199
0.0
0.006068985
0.0020207807
0.0020185653
0.0
0.0020141313
0.004023825
0.0
0.0060224137
0.0060157473
0.008012103
0.0040016025
-0.0019985756
-0.0019963488
-0.0019941211
-0.0039837845
0.0
0.0
0.0
0.0019829655
0.0
-0.0019784956
-0.007905037
-0.009870108
-0.0078871325
-0.00590863
-0.007869211
-0.007860243
-0.005888454
-0.005881723
-0.007833318
-0.005868251
-0.0019538368
-0.0039031778
-0.00194934
-0.0077883606
-0.0038896785
-0.0019425874
-0.0038806694
-0.0058142426
-0.007743304
0.0
-0.0019313137
0.0
-0.0019267973
-0.0038490756
-0.005766832
-0.0038400318
-0.0076710144
-0.0057464708
-0.0038264522
-0.0057328832
-0.005726085
-0.0019064281
-0.0019041602
0.0
-0.001899622
-0.005692055
-0.007580321
-0.003785616
-0.00378107
-0.013217827
-0.0132019045
-0.009418554
-0.005644303
-0.0018791569
-0.0018768788
-0.0037491997
-0.0037446402
-0.007480158
-0.0056032743
-0.0018654758
-0.0055895783
-0.003721818
-0.0018586244
-0.001856339
-0.0018540529
-0.0055552977
-0.012946348
-0.009235949
-0.005534702
-0.0073704426
-0.00552096
-0.007352114
-0.009178681
-0.009167217
-0.007324599
-0.009144277
-0.009132802
-0.007297058
-0.009109841
-0.0072786836
-0.0072694924
-0.007260298
0.0018127753
0.0
-0.0036163495
0.0
-0.0036071432
-0.0036025383
-0.0017989659
-0.001796662
-0.003588715
-0.008960262
-0.01073848
-0.0071497615
-0.0071405335
-0.007131303
-0.0053415527
-0.0017782088
-0.0053276983
-0.0053207683
-0.0053138365
-0.0035379354
0.0017666561
-0.0017643437
-0.0017620309
0.0
-0.0035148072
-0.005265267
-0.0035055482
-0.003500917
-0.0034962848
-0.0017458257
-0.005230526
-0.006964764
-0.0034777457
-0.0034731084
0.0
-0.0034638308
-0.0034591907
-0.0034545495
-0.0034499073
-0.0017226321
-0.0017203101
-0.0017179876
-0.008578324
-0.008566706
-0.0068440703
-0.0034173867
0.0
-0.003408087
-0.006806872
-0.0067975684
-0.006788263
-0.008473695
-0.0067696474
-0.005070253
-0.0067510256
-0.00842714
-0.010098597
-0.0117653925
-0.006713764
-0.0083805565
-0.010042687
-0.005014352
-0.0066764792
-0.005000366
0.0
-0.0033242507
-0.0016597933
-0.0016574608
-0.0016551281
0.0
0.0016504617
0.003296256
0.0065831766
0.00493038
0.0
-0.0032775812
0.0016364555
0.0016341202
0.0
0.001629449
0.0
0.0
0.0016224402
0.0
0.0048532994
0.0032308586
0.0032261838
0.0032215086
0.0016084164
0.003212157
0.0032074808
0.006405608
0.007995317
0.009580349
0.007971929
0.007960234
0.007948538
0.0063494733
0.0063401153
0.0047480674
0.0031606988
0.0
-0.0015756695
0.0015733294
0.0047129677
0.0062745954
0.0062652337
0.0031279358
0.004684882
0.006237146
0.0031138915
0.0031092097
0.001552264
-0.001549923
-0.0015475819
-0.0046357224
-0.0015428996
-0.0015405584
-0.0076910863
-0.003071752
0.0
0.0
0.0030577043
0.0015265108
-0.0015241695
0.0015218282
-0.0015194869
0.0015171455
0.004544413
0.0015124631
-0.0015101219
-0.0015077807
-0.0015054396
-0.0015030985
-0.0015007575
-0.0014984165
-0.0029921513
-0.0014937348
0.0
0.0
0.0
0.0029687446
0.0
0.0014796916
0.0
0.0
0.0044180145
0.0044109947
0.0
0.0
0.0
-0.0014609736
0.0029172692
0.004368887
0.0043618707
0.0029032365
0.0
0.002893883
0.0028892069
0.0057690623
0.0043197838
0.0014375903
0.0
-0.001432916
0.0014305791
0.00571297
0.0042777183
0.00284714
0.0014212341
-0.0028377967
-0.0028331259
0.0
0.0
0.0
0.0
0.0
0.0028051122
0.0042006676
0.0055915574
0.0041866694
0.0027864478
0.0
0.0027771192
0.004158684
0.0027677934
0.0027631314
0.0
0.0013769048
0.0027491497
0.0013722453
0.002739832
0.0027351743
0.0
-0.0040887916
-0.0040818085
0.0
0.0013559485
0.002707244
0.0013512959
-0.0040469104
-0.0040399344
-0.0040329597
0.0026839909
0.0066983574
0.0040120436
0.0026700494
-0.002665404
-0.0026607595
0.0013280581
0.0026514735
0.0039702477
0.002642191
-0.0026375512
0.0013164562
0.0013141374
0.0039354567
0.007857006
0.0065359185
0.0013048667
0.0013025504
-0.0013002346
0.0025958386
0.0038868138
0.0025865806
0.0012909767
-0.0012886636
-0.001286351
-0.001284039
0.0025634551
0.0025588335
0.0038313193
0.0012747968
-0.0012724877
0.0012701792
0.0012678714
0.002531128
0.0025265147
0.0025219026
0.0025172918
0.0012563411
0.0012540369
0.0012517334
0.0
0.0012471282
0.0012448267
-0.0012425258
0.0012402255
0.002475852
0.0012356271
0.0012333288
-0.0012310314
-0.002457469
0.0012264384
0.004896572
0.0061092414
0.006097771
0.001217261
-0.0024299368
-0.0024253533
-0.0012103856
0.0012080952
0.0012058056
-0.0024070337
-0.0060061435
-0.0047957655
-0.0047866195
-0.0011943692
0.0035762524
0.0035693997
0.0011875165
-0.0023704679
-0.0047318083
-0.0047226846
0.0
-0.002352223
0.002347666
-0.0023431105
0.0
0.0011670024
0.0023294543
0.0011624529
0.0011601793
0.0
0.0011556349
0.0023067282
0.002302188
0.0022976499
0.0022931132
0.0
0.0
0.0022795144
0.0011374926
0.0
0.0
0.0022614084
0.0022568866
0.0
0.0011239242
0.002243332
0.0022388177
0.0044686105
0.0044595897
0.004450572
0.0044415593
0.0022162749
0.0033176583
0.0022072715
0.0044055455
0.0021982759
0.0021937813
0.004378577
0.0021847978
0.0021803093
0.0021758226
0.004342676
0.004333711
0.0043247505
0.0032368454
0.0021534208
0.0032234201
0.0
-0.0010700026
0.0042710747
0.0042621437
0.0021266085
0.004244295
0.0021176885
0.0
0.0010543886
0.0021043248
0.003149812
0.005238567
0.0041819625
0.0031298068
0.0020820969
0.002077658
0.0020732216
0.0020687873
0.0020643554
0.0
0.0
-0.0020510738
-0.0010233257
-0.0020422311
-0.0030567201
0.0
0.0
-0.0010122872
-0.0010100831
0.0
0.0010056787
0.0030104348
0.003003837
9.990811E-4
0.0
0.0
-9.924946E-4
-9.903017E-4
-0.0029643301
-0.0029577587
-9.837304E-4
-9.815425E-4
9.793559E-4
0.0029315117
9.749866E-4
0.0038912154
0.0058237347
0.002905327
9.6626347E-4
9.64086E-4
9.619098E-4
0.002879205
0.0028726845
-0.002866168
-0.0028596555
-0.0019020981
-0.0018977617
9.4671414E-4
9.445487E-4
0.0018847694
0.001880444
9.3806075E-4
9.3590084E-4
9.337423E-4
-0.0018631704
-9.294295E-4
-0.0018545504
0.0
0.0018459416
9.2082075E-4
0.0
0.0018330498
0.0018287582
0.0027367042
0.0045504593
9.0795045E-4
-9.0581045E-4
-0.0018073438
0.0
0.003597597
0.0026917954
0.0026853974
0.002679004
0.0
0.0
8.866168E-4
0.0
8.82368E-4
0.0017604918
8.7812525E-4
0.0017520123
0.0017477772
0.0
-8.696581E-4
0.0017350903
0.0017308675
0.0017266478
0.002583647
8.591089E-4
8.570038E-4
-8.549002E-4
-0.0017055965
-8.506978E-4
0.001697198
8.465018E-4
0.0025332184
0.0033692485
-8.402197E-4
0.0
-8.360398E-4
0.0
0.0033274652
0.002489346
0.0
0.0
-8.23539E-4
8.214613E-4
0.0024581559
0.0016346218
8.1523816E-4
0.0
8.110978E-4
0.0
0.0016139282
0.0016097996
8.028372E-4
8.007763E-4
7.9871714E-4
7.966597E-4
7.946039E-4
-0.0015850997
-7.904975E-4
7.88447E-4
7.8639813E-4
7.84351E-4
7.8230567E-4
-0.0015605241
-0.0023346606
-0.0023285402
-7.7414175E-4
7.7210524E-4
-7.700704E-4
0.0
-7.660062E-4
-0.003055907
-0.0015238983
0.0
-0.0015157985
-0.0022676312
-0.0037692832
-0.005262866
-0.002999285
-0.002243419
7.457932E-4
7.437819E-4
-0.0014835449
-0.0014795298
-0.0014755183
-7.357553E-4
0.0014675065
7.317531E-4
0.0
-7.277584E-4
-7.2576385E-4
-0.0014475425
7.2178047E-4
-7.1979157E-4
-0.0014356092
-0.0028632781
-0.0028553456
-7.1185513E-4
-7.098758E-4
7.078984E-4
-7.059229E-4
-0.0028157975
-7.0197775E-4
0.0
0.0
0.001392149
-6.941107E-4
-0.004152893
-0.0020705666
-6.8823097E-4
6.8627496E-4
0.0034216049
0.002729476
0.0013608378
6.784709E-4
0.0013530498
0.0020237425
0.0013452775
0.0
-6.6876074E-4
-0.0013336495
-6.6489074E-4
0.0019888764
0.0013220578
6.59101E-4
0.0
-6.552514E-4
0.0
6.514099E-4
0.0025979693
0.0032378836
0.0019369897
0.0012875036
0.0012836849
0.0012798704
0.00191409
0.0019083807
0.0
6.32327E-4
0.0012608604
0.002514142
0.0031332148
0.0031237623
0.0018685925
0.0018629337
0.0012381877
6.172119E-4
0.0
-6.1345444E-4
0.0012231579
0.0030485278
0.0018235031
6.059653E-4
-6.0409843E-4
-6.0223375E-4
-6.0037116E-4
-5.9851084E-4
5.966527E-4
0.0
-5.929429E-4
-0.0017732739
-0.0011784838
-5.873947E-4
5.8554974E-4
0.0023348278
0.0017455992
0.0
-0.001734576
-0.0011527162
-0.002298106
-0.0017180913
-5.7086995E-4
-0.0028452254
-0.0022688897
-0.0028270101
-0.0033815035
-0.0016853041
-0.0016798633
-0.0016744294
-0.0011126682
-0.0022181093
-0.0016581686
-0.0022036827
-0.0032947247
-0.0016419697
-0.0016365838
-0.001631205
-0.001625833
-0.002160624
-0.0016151099
-0.0016097587
-0.0016044147
-0.0021321033
-0.0015937474
-0.0031768489
-0.002638514
-0.0015777994
-0.0015724974
-5.224009E-4
-5.206383E-4
-0.0015566342
-5.1712024E-4
-0.0010307295
-0.001540835
0.0
-0.0010202252
-5.0836673E-4
-0.0010132464
-0.001009764
-5.031433E-4
0.0
0.0
-4.9794157E-4
0.0
-4.9448584E-4
4.927616E-4
4.910398E-4
0.0
9.7520713E-4
9.717782E-4
4.841771E-4
9.64935E-4
9.6152077E-4
0.0014371673
9.547071E-4
9.513077E-4
0.0014218697
4.7226183E-4
4.7056953E-4
9.3775947E-4
4.671924E-4
0.0
0.0
0.0
9.2093623E-4
4.587933E-4
0.0
9.1090245E-4
-9.075679E-4
-4.5211922E-4
0.0
-8.9759467E-4
4.471402E-4
8.9097116E-4
0.0
0.0
0.0
-4.3889263E-4
4.372508E-4
4.356115E-4
8.6794957E-4
0.0
0.0
4.2908007E-4
8.549073E-4
8.516597E-4
0.0
-4.2258998E-4
-4.2097393E-4
-4.1936047E-4
0.0
4.161414E-4
0.0
-4.129328E-4
-8.226648E-4
-8.1946934E-4
-8.1627903E-4
0.0
4.0495716E-4
0.0
0.0
0.0
0.0
0.0
-3.9547356E-4
0.0
0.0
0.0
-7.7840866E-4
0.0
7.721715E-4
3.845305E-4
0.0011489337
0.0
-7.5976166E-4
-3.7833632E-4
-3.7679455E-4
-3.7525545E-4
-3.737191E-4
7.443708E-4
0.0
0.0
-3.6760073E-4
-0.0010982339
-7.291158E-4
-7.260812E-4
-7.23052E-4
0.0
-7.170102E-4
-3.5699873E-4
7.109903E-4
-3.539943E-4
0.0
0.0010530028
0.0
0.0
0.0
-3.450474E-4
-3.4356592E-4
0.0
-3.4061138E-4
6.782766E-4
0.0
-6.7240105E-4
-6.694716E-4
-6.6654786E-4
-0.0013272593
6.6071714E-4
-3.2890512E-4
-3.2745447E-4
-3.2600667E-4
-0.0012982467
3.2311952E-4
6.4336037E-4
3.2024368E-4
0.0
3.1737922E-4
0.0
-3.145261E-4
-3.1310384E-4
0.0
6.2053575E-4
6.1770837E-4
9.223301E-4
0.001530177
6.0926063E-4
6.064562E-4
0.0
-3.004323E-4
5.980775E-4
8.9294417E-4
5.925205E-4
8.846261E-4
5.869868E-4
0.0
2.907381E-4
5.7872967E-4
5.759889E-4
0.001146508
5.705249E-4
5.678017E-4
0.0
5.623728E-4
8.3950063E-4
0.0013924183
5.5427337E-4
0.0
5.4890313E-4
0.0
0.0
5.4089207E-4
0.0
0.0
-5.3293415E-4
-2.651467E-4
5.276585E-4
5.250296E-4
0.0
-2.5989482E-4
-5.171786E-4
-2.5728677E-4
0.0
5.0938135E-4
5.067942E-4
-2.5210652E-4
0.0
-2.4953438E-4
-2.4825282E-4
0.0
4.9139746E-4
2.444262E-4
-2.4315667E-4
-4.8378034E-4
0.0
2.3936626E-4
2.3810883E-4
2.3685445E-4
0.0
-2.3435478E-4
-2.3310952E-4
-2.3186728E-4
2.306281E-4
4.5878394E-4
6.8447663E-4
2.2692885E-4
-2.257019E-4
2.2447799E-4
-6.6977146E-4
-2.2203937E-4
4.4164932E-4
-2.1961302E-4
0.0
-4.3439798E-4
-2.159966E-4
-2.1479727E-4
-2.1360104E-4
-2.124079E-4
-2.1121786E-4
-4.200618E-4
-4.1769413E-4
-2.0766631E-4
2.0648866E-4
6.1594235E-4
6.1242806E-4
2.0297436E-4
2.0180915E-4
2.0064706E-4
5.984643E-4
9.916612E-4
5.9153856E-4
1.9602993E-4
0.0
1.9374014E-4
0.0
1.914629E-4
1.9032898E-4
-3.7839642E-4
-3.761412E-4
-5.608384E-4
-5.574744E-4
-5.5411994E-4
-3.6718327E-4
0.0
-3.627422E-4
-3.6053118E-4
-3.5832648E-4
0.0
-3.539361E-4
-3.5175044E-4
-5.243567E-4
-5.210973E-4
-5.178474E-4
0.0
5.1137636E-4
0.0
0.0
0.0
-1.6618308E-4
0.0
1.6406442E-4
0.0
1.6195858E-4
-1.6091048E-4
0.0
4.7647176E-4
0.0
3.1350047E-4
0.0
-4.6406832E-4
-1.5366387E-4
0.0
0.0
7.5303303E-4
5.983759E-4
1.485846E-4
1.4757847E-4
-1.4657558E-4
-1.4557593E-4
0.0
1.435864E-4
1.425965E-4
0.0
0.0
1.3964639E-4
4.1600864E-4
4.130879E-4
4.1017696E-4
4.0727583E-4
0.0
0.0
-1.3287713E-4
3.9576957E-4
5.2389014E-4
3.9007547E-4
3.8724323E-4
1.2814028E-4
1.2720277E-4
3.7880568E-4
7.520258E-4
6.220501E-4
6.174285E-4
3.6769404E-4
1.2164696E-4
2.414651E-4
2.3964289E-4
3.5674096E-4
4.720367E-4
1.17108015E-4
-1.1621017E-4
0.0
-2.2884886E-4
-1.13536546E-4
-1.12651986E-4
-1.1177075E-4
1.1089285E-4
1.1001828E-4
1.0914704E-4
1.08279135E-4
-1.0741457E-4
1.0655334E-4
1.0569546E-4
0.0
0.0
-2.0628374E-4
-2.0459475E-4
0.0
0.0
1.9956799E-4
-9.8952914E-5
0.0
9.7300835E-5
-9.647984E-5
-9.566221E-5
-9.484794E-5
-1.880741E-4
-1.8645906E-4
-1.8485075E-4
-1.832492E-4
0.0
-9.003318E-5
-1.7848508E-4
-2.6536584E-4
-3.5068564E-4
-1.7378184E-4
0.0
8.5340114E-5
-8.4569794E-5
-1.6760573E-4
-1.6607868E-4
-1.6455841E-4
0.0
-8.076914E-5
-8.001921E-5
-1.5854536E-4
-7.8529556E-5
0.0
7.705353E-5
1.5264128E-4
7.559116E-5
0.0
7.414244E-5
1.4684642E-4
7.270739E-5
7.1995004E-5
0.0
-7.0580485E-5
-2.0963511E-4
0.0
0.0
0.0
6.710419E-5
-1.3283845E-4
-1.972131E-4
-1.9517883E-4
-1.2876993E-4
6.371376E-5
0.0
-6.238167E-5
-1.2344157E-4
-1.8319007E-4
-6.0409377E-5
0.0
0.0
1.1693628E-4
0.0
-5.7191253E-5
-1.6967398E-4
-1.11856396E-4
0.0
1.0935797E-4
1.6217872E-4
0.0
-5.2831147E-5
-5.2222134E-5
0.0
1.02029044E-4
-5.041592E-5
-1.4946239E-4
-1.4768743E-4
-1.945639E-4
-9.6112555E-5
0.0
0.0
-4.6323068E-5
-1.372569E-4
-1.8074005E-4
-1.7848486E-4
-8.81218E-5
4.350408E-5
8.590148E-5
4.24009E-5
0.0
-1.6524678E-4
-2.44634E-4
-8.0472935E-5
-3.97041E-5
0.0
3.8649865E-5
-3.8128E-5
-1.1282891E-4
-1.483791E-4
-7.316684E-5
3.6075573E-5
3.5571233E-5
-3.50704E-5
-6.9146154E-5
-1.7039632E-4
-1.6794482E-4
-3.310218E-5
0.0
3.2139153E-5
6.3325824E-5
3.119019E-5
3.072099E-5
3.0255305E-5
0.0
0.0
0.0
-2.84278E-5
-8.39392E-5
-5.5070388E-5
-2.7094182E-5
-2.66567E-5
-5.244549E-5
-1.03169295E-4
-5.0730865E-5
-7.4826225E-5
-4.90445E-5
-7.231788E-5
-9.4772826E-5
-6.9851965E-5
-4.5756617E-5
-2.2476166E-5
0.0
-4.3365006E-5
-6.387295E-5
-4.180601E-5
-6.1555715E-5
-2.013768E-5
0.0
-3.877307E-5
-5.7048845E-5
-9.324788E-5
-9.14321E-5
-1.7926812E-5
0.0
-1.7218248E-5
0.0
-3.3047785E-5
-4.854613E-5
-3.16875E-5
-3.1018022E-5
0.0
0.0
-2.9052266E-5
-2.8411245E-5
-2.7777342E-5
0.0
2.6530895E-5
1.2959177E-5
-1.2656468E-5
-1.2357323E-5
-1.2061741E-5
-1.1769722E-5
1.1481268E-5
-1.119638E-5
-1.0915057E-5
-1.0637302E-5
1.0363114E-5
2.0184985E-5
9.825441E-6
9.561959E-6
-1.8604092E-5
-9.045704E-6
0.0
8.543734E-6
8.298108E-6
0.0
-7.817573E-6
-7.5826665E-6
-1.47026685E-5
-7.1235777E-6
6.8993963E-6
6.678791E-6
1.2923525E-5
6.2483114E-6
-6.0384377E-6
-5.8321425E-6
0.0
0.0
0.0
-5.0427525E-6
-9.70871E-6
-4.6695386E-6
-4.4883036E-6
0.0
-8.273159E-6
-1.1898275E-5
-1.1397559E-5
-1.09075945E-5
-6.9522544E-6
-6.639947E-6
-6.334809E-6
-1.5092102E-5
-5.7460434E-6
-2.7312085E-6
0.0
0.0
-4.654573E-6
-4.3996383E-6
-2.075939E-6
-1.9556464E-6
-1.8389417E-6
0.0
-1.6162967E-6
1.5103569E-6
-5.632024E-6
-6.546221E-6
-1.2140717E-6
-1.1224888E-6
-1.0344957E-6
9.5009244E-7
0.0
0.0
7.1842453E-7
0.0
1.1638651E-6
1.038146E-6
4.598047E-7
-4.041277E-7
-3.5204212E-7
6.0709624E-7
5.1729165E-7
4.3467065E-7
0.0
-2.9098015E-7
-3.4486652E-7
0.0
6.466283E-8
4.4904837E-8
-2.8739146E-8
-1.6165792E-8
-7.1848034E-9
-1.796202E-9
0.0
