0.39594695
0.25060135
0.16609299
0.3680312
0.570939
0.7043526
0.37140292
0.2924754
0.27793422
0.29414254
0.40177992
0.62842506
0.80461663
0.7064754
0.51476717
0.1956317
0.50831556
0.30719355
0.43259037
0.36837506
0.45147356
0.4281054
0.20890379
0.2216814
0.35065207
0.12697014
0.23559459
0.28348303
0.15031289
0.42325705
0.36019662
0.6490483
0.3938949
0.3620662
0.5025884
0.73656404
0.5319594
0.04582628
0.13946246
0.16771092
0.54188603
0.55076957
0.23337637
0.254086
0.30959818
0.101589285
0.24291101
0.04855714
0.1729818
0.24544907
0.3281246
0.22761486
0.13120842
0.25280356
0.18745251
0.23103514
0.28446084
0.26557195
0.1238828
0.1243902
0.17700952
0.32266533
0.30257034
0.04702269
0.33530018
0.27774704
0.16227628
0.17951754
0.23297037
0.18595697
0.0982348
0.24499373
0.2853886
0.19830987
0.098090924
0.09796277
0.13056634
0.08387946
0.14716521
0.10978707
0.2906827
0.21479788
0.07793895
0.09185257
0.097964324
0.044140488
0.14822716
0.21055925
0.2505435
0.36309344
0.26958847
0.19353992
0.29308897
0.30841812
0.12765788
0.02524738
0.105703175
0.064893045
0.31418484
0.23576836
0.17862111
0.2631363
0.16411595
0.32199758
0.15451941
0.08772067
0.048124574
0.16606323
0.20475022
0.09963804
0.15813291
0.14477326
0.061780874
0.047774453
0.08645914
0.08697174
0.10316606
0.11282075
0.09532985
0.0832796
0.12799338
0.20497899
0.24683574
0.21051481
0.03589818
0.2779082
0.24605648
0.21264409
0.14224401
0.20126848
0.21008295
0.17864689
0.18785453
0.13951544
0.080672145
0.23121205
0.38118395
0.2520541
0.099134564
0.086109705
0.014557986
0.11704443
0.07993929
0.07163881
0.18678404
0.31016573
0.29962704
0.032261737
0.11601866
0.20775285
0.18584618
0.1820651
0.20137359
0.19199702
0.1953549
0.21000202
0.17550269
0.17604972
0.25043544
0.24777605
0.23957576
0.564158
0.9723061
1.3035893
0.6353737
0.10744925
0.27517095
0.19835852
0.14754394
0.16616732
0.11373
0.090572484
0.01314556
0.073834166
0.2129408
0.22314686
0.22259063
0.25435933
0.20022179
0.12525623
0.055391733
0.103404395
0.31711543
0.29252008
0.1589179
0.11790726
0.030868206
0.08925217
0.14115544
0.25684786
0.33500007
0.25312886
0.17775151
0.057554163
0.13013133
0.21629345
0.15524691
0.019637514
0.032786496
0.108810015
0.1707755
0.07047423
0.044097263
0.05983094
0.014876865
0.020591488
0.054779906
0.07351978
0.05426433
0.116693154
0.10283332
0.0066596866
0.002549183
0.055826277
0.062102325
0.07776245
0.13231374
0.14280567
0.11129199
0.07690832
0.0280137
0.059574023
0.18022777
0.24850713
0.20594323
0.17270729
0.26946932
0.16168387
0.22765923
0.2558459
0.17087021
0.098871335
0.19145592
0.14274073
0.12200117
0.12531632
0.06700715
0.074945524
0.048662633
0.09684801
0.074997604
0.1481777
0.1127152
0.023479762
0.086633824
0.14808074
0.08902085
0.07788234
0.19746071
0.17376857
0.09735969
0.21604612
0.3214331
0.22854863
0.12464255
0.08449691
0.17743155
0.21818997
0.25089055
0.20150268
0.13014525
0.07893045
0.055144973
0.09630947
0.06615105
0.11486715
0.22062305
0.22180296
0.20860857
0.15108582
0.04575465
0.010276551
0.1298157
0.14873362
0.13625923
0.17877398
0.1377516
0.08923493
0.10761993
0.21400358
0.2796284
0.18322937
0.16428763
0.23997304
0.08124644
0.15370594
0.14946656
0.07798889
0.06313402
0.094447464
0.21125127
0.1370732
0.0611857
0.12589517
0.19131279
0.05675146
0.06265054
0.075086504
0.19692059
0.19762273
0.12666833
0.06767237
0.13978887
0.17406882
0.15983076
0.11834278
0.027165907
0.049190775
0.14562792
0.09534003
0.1821322
0.39024448
0.28034323
0.2516943
0.20217873
0.1759178
0.14000747
0.17713484
0.16404347
0.0917704
0.0749873
0.16484018
0.08868153
0.017625013
0.1233676
0.23823616
0.17741007
0.14779481
0.29760706
0.3648552
0.16223375
0.07283091
0.15449104
0.055018757
0.06424379
0.038418885
0.022841612
0.04446693
0.10046414
0.14505568
0.1611988
0.23986682
0.14471942
0.12677158
0.23128952
0.19458175
0.092838936
0.047933683
0.06673176
0.12191945
0.08281352
0.05126325
0.118548915
0.18456358
0.16204976
0.28364265
0.26084453
0.062441025
0.25034982
0.18448493
0.02300841
0.028213281
0.06951098
0.23027682
0.41253185
0.35244602
0.10814334
0.10711495
0.20566718
0.088416964
0.06036907
0.079777695
0.04487537
0.10623333
0.09134912
0.047389407
0.11182768
0.1946686
0.11310455
0.079308756
0.17571388
0.09420326
0.261909
0.19568488
0.069035366
0.16489948
0.41885987
0.5749538
0.37920848
0.48146984
0.47502258
0.18776782
0.18455955
0.20838618
0.2529931
0.3713784
0.2355119
0.06446746
0.13132125
0.19903165
0.289392
0.25122127
0.06831184
0.037850194
0.19423315
0.23331143
0.16906472
0.2189587
0.25073683
0.14235277
0.12984306
0.42608765
0.34106153
0.17599341
0.0992542
0.16310616
0.24287957
0.07070386
0.19602223
0.1571048
0.0408028
0.29139146
0.38259456
0.4247408
0.26304224
0.023339836
0.055716626
0.1430716
0.16180867
0.12157303
0.17360175
0.17717838
0.29168892
0.32675365
0.3220047
0.32318953
0.26646352
0.24331415
0.17942281
0.14028484
0.20726381
0.2466847
0.16439866
0.13472527
0.18818675
0.10232171
0.17670143
0.11341612
0.13821909
0.23999584
0.29850474
0.14718507
0.079985455
0.058174133
0.034296136
0.2667568
0.3492303
0.24393183
0.2918938
0.2602396
0.020728247
0.2644418
0.44173285
0.21446545
0.24285975
0.2598308
0.4010673
0.82315624
0.96941984
2.5293057
2.4272995
2.3557837
2.8293426
1.0386893
0.123279594
0.15219729
0.104027994
0.2597997
0.21514463
0.14834708
0.15599836
0.14158699
0.14407356
0.17870593
0.40598994
0.35244808
0.21987022
0.338706
0.3810381
0.19652182
0.11845804
0.24933384
0.35256177
0.17387931
0.15000105
0.08022291
0.081728905
0.098605156
0.13661991
0.24173614
0.23625559
0.35099113
0.2942784
0.14748894
0.10042273
0.15458383
0.2658714
0.24638766
0.09597171
0.15609448
0.19130245
0.16653022
0.026685696
0.14300086
0.24255139
0.19897614
0.09599421
0.10463665
0.045019913
0.09478089
0.24892917
0.18775032
0.07224602
0.053889204
0.013172344
0.034351163
0.02165151
0.09653621
0.10610893
0.1355705
0.14511566
0.13035819
0.14941944
0.23462184
0.11318188
0.16758575
0.27101043
0.21346237
0.03444304
0.11084504
0.13135448
0.12668869
0.13970569
0.1669358
0.17892216
0.19487949
0.1240949
0.043197315
0.25013363
0.26975048
0.14835632
0.29667297
0.35236174
0.29910502
0.30676243
0.2379483
0.30219942
0.40487397
0.25791916
0.09065002
0.22522724
0.2558036
0.2642642
0.3540058
0.31345594
0.22958389
0.046077818
0.18356794
0.18780494
0.086359076
0.08137419
0.04491511
0.26759595
0.40150678
0.16611247
0.17173575
0.30360377
0.07243713
0.16022353
0.23542462
0.22366299
0.013740627
0.14810632
0.07813084
0.1822067
0.23198861
0.3911595
0.5308831
0.2330259
0.042279527
0.06612706
0.102410756
0.20351787
0.18775128
0.16181676
0.04495045
0.21765262
0.2587937
0.12546277
0.22053844
0.17216128
0.08941513
0.074782014
0.2117335
0.1519474
0.136054
0.19215542
0.29997224
0.28890318
0.3036782
0.19596124
0.18399967
0.49747023
0.6219733
0.21126221
0.5452379
0.16829325
0.4894836
0.57561463
0.45256346
0.35255778
0.2824563
0.29335278
0.18771629
0.2225674
0.5013872
0.44986153
0.2870461
0.15854503
0.77913165
1.0532528
1.1227236
0.88394743
0.49984232
0.39547226
0.4671804
0.5299279
0.5868098
0.3876912
0.63468957
0.37075076
0.18806283
0.37864774
0.6765042
0.42054278
0.2746102
0.3954982
0.36144033
0.36140275
0.4526598
0.23298818
0.2284093
0.24286973
0.56645674
0.7099194
0.31071708
0.10617107
0.11653233
0.21192451
0.39947903
0.8289529
0.39533752
0.6500257
0.84981155
0.2817415
0.27401674
0.28575203
0.19819504
0.2047534
0.18541561
0.32608417
0.23206359
0.22337429
0.1587243
0.15226214
0.03692522
0.06033014
0.1931447
0.34854
0.11046478
0.39511618
0.5797305
0.31054267
0.036588497
0.14729635
0.08881865
0.22610041
0.26137987
0.16080551
0.11896562
0.048631333
0.0710325
0.16291508
0.2916119
0.23625422
0.19327217
0.12631276
0.08522576
0.12853701
0.1685169
0.08848146
0.073406436
0.11898085
0.17924383
0.21892366
0.22318158
0.30422056
0.24542609
0.1362698
0.08875667
0.062465355
0.09071089
0.21103944
0.26724288
0.120985605
0.09873904
0.067861006
0.22170967
0.14517012
0.12941477
0.27227142
0.2699851
0.2736653
0.17594485
0.1843313
0.18583764
0.11995301
0.036629695
0.17071731
0.16759148
0.038704507
0.25283352
0.20972922
0.19253203
0.045175433
0.07294874
0.15259619
0.13791117
0.097604595
0.06169834
0.021056965
0.04100505
0.08165404
0.019728355
0.072945155
0.07394394
0.101577796
0.12837692
0.054195262
0.11242551
0.17941345
0.10520237
0.20206468
0.12076473
0.09376468
0.16986133
0.20012662
0.13512188
0.11286936
0.28513592
0.24603628
0.17613012
0.18027888
0.059077922
0.17877007
0.22447577
0.12283047
0.11095267
0.20614646
0.15120548
0.13299583
0.15624161
0.13108858
0.11767213
0.069811694
0.1786346
0.23806092
0.30994755
0.1452407
0.102321744
0.09595796
0.16705298
0.16538286
0.07643623
0.06128662
0.097880386
0.1425413
0.11022313
0.15353526
0.266818
0.81237847
1.3207321
2.6463053
4.2803326
3.5984135
2.7451286
3.1740212
2.4302764
1.1601776
0.29813808
0.25659725
0.16189635
0.014081527
0.12966025
0.17063506
0.101379186
0.16728495
0.15692012
0.09457064
0.12871118
0.11092358
0.15804863
0.07304049
0.19948491
0.23293243
0.21385582
0.19443013
0.19735086
0.080240756
0.06240241
0.04204433
0.08539488
0.114862554
0.04974976
0.09169014
0.28758672
0.32503054
0.18460725
0.11903194
0.07635904
0.08157934
0.082725175
0.019577872
0.0082359435
0.044712365
0.10143058
0.08395294
0.04327355
0.07640852
0.06414449
0.08197657
0.16853678
0.18896401
0.16589293
0.119297154
0.06324452
0.044995964
0.038961507
0.05135417
0.0651778
0.01661114
0.04721775
0.059501328
0.044752788
0.03528963
0.024067212
0.02099526
0.0572008
0.03197094
0.056993246
0.06564321
0.031963676
0.04864329
0.12966473
0.080477156
0.06254283
0.16169076
0.19188288
0.19560887
0.1357572
0.10233924
0.11333238
0.023743158
0.038558446
0.11255124
0.14872436
0.050320603
0.038712274
0.047464415
0.06561469
0.0979485
0.12406597
0.12517458
0.08931304
0.03914589
0.116564214
0.16369924
0.13623336
0.13595596
0.08855618
0.1129015
0.07471791
0.036595095
0.09233249
0.076252066
0.027272806
0.020628622
0.054165196
0.07418283
0.031245314
0.02183565
0.03607242
0.08650651
0.096135005
0.1147664
0.0681406
0.06878252
0.01946952
0.042533252
0.046325322
0.042335216
0.07258041
0.048312195
0.08024723
0.0953508
0.1209234
0.1577869
0.14825338
0.14132549
0.09564649
0.019400965
0.01589652
0.014913371
0.04349225
0.017586436
0.052800797
0.06305043
0.07516708
0.027011545
0.104231596
0.14505115
0.12351553
0.033224735
0.05625423
0.08154033
0.11696247
0.06592368
0.08697253
0.10835968
0.06625048
0.085123666
0.062442016
0.11920182
0.1148339
0.047767896
0.05201505
0.15722695
0.15624195
0.10458
0.10230919
0.1341787
0.0726675
0.07228686
0.073532164
0.107504584
0.10071318
0.06262943
0.03782883
0.074230134
0.14123197
0.10781447
0.01946236
0.07486974
0.10224743
0.043854225
0.0516892
0.07081085
0.0518444
0.14775467
0.070985906
0.06562366
0.029894888
0.073888876
0.10850009
0.034815095
0.07371263
0.09375607
0.08319689
0.07491258
0.08048359
0.10122126
0.06750949
0.026460595
0.0301271
0.04068402
0.030434042
0.08083662
0.103404544
0.06915445
0.049284704
0.10928699
0.09822022
0.017942697
0.048926212
0.10517131
0.07726534
0.040851105
0.04319716
0.07332534
0.095587336
0.09769994
0.060224798
0.033248205
0.071551226
0.04475812
0.012700836
0.05467486
0.04822381
0.015951255
0.021107268
0.018012712
0.08881475
0.054037347
0.086995184
0.13626753
0.036855474
0.06059949
0.09353219
0.04092013
0.048878502
0.05441244
0.04143241
0.030947527
0.033882353
0.049654394
0.057330303
0.11305234
0.057817724
0.013546417
0.05991622
0.10629656
0.05048752
0.038041893
0.032351755
0.057565223
0.03295173
0.11673733
0.07155576
0.04590154
0.03757397
0.046720088
0.088338204
0.13640304
0.09711153
0.06350356
0.10190161
0.074005224
0.09127725
0.10683613
0.06360193
0.016928967
0.017986739
0.076433524
0.086486734
0.06322654
0.071944736
0.06344721
0.05561198
0.05200278
0.10607145
0.044928715
0.024982167
0.09275991
0.11425868
0.15709102
0.10473351
0.014245903
0.033606477
0.06832083
0.050103325
0.13322996
0.11591726
0.03525428
0.0719083
0.020309996
0.10058877
0.08797327
0.026836442
0.040957488
0.06292021
0.03901518
0.1057149
0.17679296
0.1631655
0.03429324
0.10479324
0.10001532
0.06144235
0.10823178
0.06536797
0.033959635
0.043770205
0.067131795
0.109836005
0.15723659
0.10764242
0.22848088
0.4178396
0.62493837
0.5466035
0.21886767
0.18111593
0.23369932
0.12854545
0.18273363
0.03406811
0.013979797
0.0723034
0.063035116
0.11056791
0.16735397
0.11920217
0.095947795
0.11258504
0.13141643
0.15930605
0.14855774
0.15522794
0.09842911
0.015873736
0.047938764
0.100620575
0.09274279
0.045170918
0.041114863
0.0637426
0.042886768
0.06436969
0.065391295
0.051809568
0.0910159
0.053098865
0.08092441
0.13916647
0.10650925
0.08502812
0.1079529
0.13897608
0.11744841
0.093050316
0.13691798
0.048613396
0.048863556
0.14938845
0.10807212
0.049296904
0.019790497
0.091426834
0.17952737
0.13843733
0.05185938
0.046358623
0.032043226
0.08358508
0.11000648
0.076831214
0.03533297
0.07183187
0.066685215
0.04534598
0.085952185
0.1321722
0.0710721
0.08521982
0.1654187
0.1362156
0.04291471
0.03823054
0.019078521
0.02207051
0.023674043
0.0022880754
0.062485762
0.06290651
0.119885206
0.12686874
0.078790806
0.11353396
0.13367137
0.08117746
0.045370027
0.051371988
0.12608428
0.08285253
0.033669624
0.076698735
0.05961506
0.04883962
0.07929207
0.05620419
0.03277735
0.14127442
0.15924141
0.06457884
0.04559393
0.059036914
0.023726985
0.02984709
0.069748506
0.026663367
0.032376315
0.054713033
0.11416634
0.11599359
0.111185215
0.105599344
0.13013585
0.091740355
0.04603876
0.05209579
0.050279237
0.05067081
0.1190539
0.08074811
0.067887545
0.117057994
0.14475557
0.119997
0.054209244
0.15235975
0.10458783
0.09145524
0.01950455
0.092988804
0.1769173
0.1615728
0.058048602
0.018972475
0.021130655
0.03242424
0.05737984
0.103097536
0.14645325
0.09512644
0.06487841
0.10447056
0.049545426
0.03767009
0.05788628
0.09125293
0.11216154
0.058663398
0.010244621
0.032569405
0.031400766
0.031715043
0.049783785
0.07515994
0.08708539
0.09757261
0.14253101
0.13970643
0.07136024
0.06852628
0.0084940875
0.07360869
0.1095226
0.06263761
0.076694846
0.11299498
0.11571171
0.12847658
0.12146388
0.04038828
0.033532612
0.08504831
0.058431413
0.06918693
0.14551719
0.09574822
0.038271483
0.05662585
0.057661697
0.08398804
0.12989871
0.039222363
0.067978695
0.046775136
0.064363286
0.08338488
0.06403731
0.042846456
0.067361996
0.082795575
0.06385627
0.053022977
0.0267451
0.0946953
0.09352378
0.034712978
0.096555434
0.0804126
0.059336
0.10118976
0.09737616
0.02951759
0.05106389
0.06463542
0.011602771
0.05643959
0.114055686
0.16887593
0.13541993
0.07026832
0.056892827
0.0719068
0.07587852
0.0042251316
0.13906229
0.20367561
0.16804232
0.08041716
0.055367753
0.024143104
0.042491578
0.15527011
0.13323049
0.054694343
0.07701204
0.09995924
0.10100999
0.05930035
0.12425314
0.08991036
0.029755445
0.023891889
0.058718342
0.01758329
0.061477248
0.008787112
0.075612575
0.082401335
0.12431398
0.05472617
0.068177596
0.102977075
0.07247679
0.11110118
0.08584034
0.124200165
0.1190443
0.11652432
0.041620445
0.09429313
0.08424583
0.11017692
0.14445174
0.104034476
0.07512849
0.1946099
0.17292206
0.14987853
0.20929174
0.15555805
0.110077545
0.17286544
0.05491869
0.06268873
0.04338484
0.017327022
0.055890344
0.06508124
0.07180913
0.06680441
0.02784859
0.13904345
0.13055898
0.06979644
0.107256375
0.054761544
0.09019323
0.078588285
0.07035379
0.050043553
0.073620595
0.055769164
0.028754832
0.07587177
0.13956882
0.13955194
0.14281888
0.13676189
0.09413699
0.006008044
0.078150034
0.10058295
0.008707012
0.13310458
0.12934034
0.16013707
0.19763793
0.19290146
0.2560637
0.09379143
0.15437107
0.18740292
0.06448753
0.038686536
0.024950355
0.045683812
0.055126462
0.06468828
0.025756678
0.12863839
0.14112253
0.07447249
0.064735524
0.120550066
0.15479106
0.15987521
0.07221184
0.0774442
0.07571743
0.09771171
0.11554565
0.08876431
0.10439333
0.08526715
0.08650436
0.14906643
0.14121956
0.12434966
0.126017
0.1226658
0.13238531
0.10329927
0.09510062
0.048209213
0.08931203
0.097555794
0.034245197
0.09681447
0.049307305
0.060644917
0.15381782
0.2295976
0.20051578
0.13910857
0.059258837
0.101732984
0.09796239
0.10206191
0.093743555
0.16196914
0.18428235
0.14673102
0.06640326
0.13096452
0.21147542
0.11909013
0.15209407
0.16337985
0.14765286
0.08719049
0.093234025
0.155587
0.28073984
0.26768935
0.15670308
0.17392161
0.12585714
0.10466779
0.08249892
0.07751939
0.15456839
0.056244906
0.10711229
0.03244949
0.04774353
0.04634693
0.10261558
0.052668165
0.08616074
0.12512396
0.07476059
0.12706459
0.12002616
0.17219576
0.14826463
0.028400162
0.11279798
0.021737754
0.054058712
0.08205158
0.072777346
0.03706107
0.19160967
0.2000288
0.09698579
0.06930572
0.14784886
0.14907435
0.13255982
0.087684266
0.06480276
0.16736642
0.2094975
0.1250654
0.094604194
0.08450015
0.066845566
0.061127454
0.054668374
0.00449379
0.11556532
0.089254044
0.106049195
0.1365087
0.11497609
0.1388376
0.01617274
0.076534934
0.13130333
0.18297994
0.20002629
0.18616353
0.053853635
0.1336815
0.14218625
0.116202384
0.18462782
0.1667169
0.041800734
0.07526226
0.050695196
0.053295653
0.13441087
0.10025967
0.047427684
0.05945635
0.10342727
0.0870211
0.03478454
0.067786306
0.16567765
0.10652277
0.047305267
0.09988897
0.1286165
0.13080661
0.16206276
0.11153733
0.06671006
0.07524479
0.06412358
0.042096697
0.08162562
0.14181833
0.10401868
0.044573743
0.054721937
0.084844306
0.10192268
0.05568089
0.028873172
0.08038453
0.039031297
0.027241835
0.055538177
0.08106833
0.020995963
0.050215565
0.08073631
0.09906693
0.12132089
0.12328655
0.08323172
0.12105455
0.08048694
0.083629206
0.006047267
0.048522905
0.07134986
0.13993956
0.12299223
0.07037786
0.08496762
0.12732434
0.036177874
0.03679523
0.06387324
0.13669568
0.17008261
0.15891631
0.12672924
0.03751115
0.051355418
0.13344392
0.201153
0.23128015
0.20561938
0.12000904
0.106125996
0.105285704
0.10265871
0.1153596
0.14933676
0.091081895
0.16522795
0.14940327
0.0906018
0.010163196
0.07486206
0.07663513
0.06955382
0.08325751
0.092003964
0.053225726
0.07962371
0.0639502
0.10016494
0.13715
0.081184365
0.042366374
0.082056865
0.072495855
0.07289374
0.035555396
0.051672883
0.079791054
0.15314984
0.09013146
0.05914535
0.18485826
0.1873311
0.12179203
0.1656507
0.22056763
0.14298779
0.030433157
0.03977136
0.07285533
0.094945826
0.07520169
0.03232247
0.02531758
0.009696854
0.05668187
0.012532384
0.10976133
0.11563053
0.06914065
0.06643878
0.047353998
0.05934202
0.09271735
0.092181794
0.08679462
0.08540147
0.08216026
0.04482712
0.04760348
0.025314176
0.09508427
0.10694869
0.11881642
0.14012127
0.09235031
0.029645508
0.067929685
0.061334196
0.10533216
0.07498301
0.024839502
0.011381255
0.0045588864
0.026682153
0.071338505
0.04302072
0.08120585
0.06271681
0.041061975
0.073814765
0.1461581
0.10388839
0.052120224
0.010277073
0.0056976844
0.063336365
0.057775486
0.05913414
0.047581773
0.039570533
0.14979944
0.15721235
0.05533616
0.019644534
0.086948626
0.07753055
0.02982227
0.08239869
0.08587942
0.06461621
0.07959463
0.0371219
0.022675771
0.079069726
0.057992823
0.10030205
0.121951155
0.100680396
0.07955523
0.034427322
0.019702999
0.11859934
0.18967624
0.12772462
0.115391366
0.108940415
0.1542819
0.011393955
0.043501075
0.054307237
0.11110561
0.1870299
0.29637676
0.3595798
0.23257385
0.079245284
0.42716664
0.5899659
1.0854253
1.031813
1.6224761
1.8009677
2.5441644
3.0145457
10.363768
11.286652
5.0333242
5.402287
7.126724
11.321111
17.513367
12.962706
8.367863
4.1465545
2.044618
5.6930056
2.7819068
0.8089727
4.1890945
3.9962423
1.6533592
0.5198253
0.97851247
0.9714396
0.83647287
0.9026355
0.856713
0.7407609
0.33590084
0.28282028
0.120554194
0.15379602
0.15168622
0.13519435
0.21569432
0.2610747
0.20778842
0.09436767
0.10819438
0.094752274
0.039090846
0.015058242
0.11659962
0.10163287
0.0710887
0.09212069
0.06447223
0.060425773
0.15059188
0.14434083
0.12801252
0.17756294
0.15429823
0.08301718
0.09133513
0.1498738
0.10263435
0.09653936
0.11611811
0.017879298
0.032125164
0.07004373
0.1173238
0.102646425
0.10804161
0.10382271
0.05076047
0.05987563
0.17623064
0.2551888
0.1287794
0.049814887
0.085699596
0.13012818
0.08123367
0.06605824
0.060378395
0.051591013
0.06270748
0.090473294
0.032949995
0.01976737
0.034303784
0.023318954
0.084842354
0.02947738
0.119367145
0.12337179
0.042859677
0.06632255
0.043283246
0.1274352
0.20650405
0.20393163
0.12299121
0.021722062
0.060339842
0.08046232
0.049565997
0.04702917
0.05388419
0.079219066
0.09437138
0.08154079
0.059929553
0.05790837
0.06021824
0.07484308
0.05709944
0.11201322
0.06579153
0.07979019
0.024506165
0.09774456
0.09992961
0.07268419
0.038087398
0.09021621
0.11927473
0.05107443
0.0581486
0.05324099
0.09951806
0.08395008
0.04924419
0.078412816
0.07914744
0.12568627
0.13236974
0.021290751
0.114354365
0.07259537
0.03572938
0.06986273
0.052161045
0.033566114
0.03362498
0.02847294
0.0063600712
0.027672308
0.022128722
0.042318437
0.06451194
0.04590983
0.039113022
0.023446806
0.015095184
0.025357805
0.00539125
0.03158335
0.038609758
0.016013894
0.07821937
0.061729394
0.0645649
0.1292548
0.13775446
0.16671334
0.20265386
0.19028464
0.1562463
0.077725634
0.059700567
0.070759624
0.093901604
0.080252424
0.092849866
0.08732876
0.031356465
0.039926827
0.086913645
0.06834822
0.15806633
0.09764929
0.08366415
0.1455484
0.15088275
0.086236656
0.09462807
0.06317212
0.055440024
0.058762897
0.05430218
0.07143403
0.055322886
0.064561315
0.07444119
0.055768505
0.02250444
0.049597915
0.08944835
0.09653698
0.09475099
0.0829258
0.08532563
0.10392659
0.10290731
0.06730783
0.065547146
0.08404155
0.04806287
0.061735652
0.09591424
0.070960455
0.08003312
0.106344424
0.08968658
0.043124694
0.0639436
0.08827405
0.07564323
0.03934549
0.05576779
0.051938847
0.022036135
0.02362285
0.06693352
0.07441119
0.03131295
0.022138296
0.027069177
0.04105684
0.034770716
0.042745925
0.057769984
0.07384065
0.07344275
0.03596889
0.02905145
0.03432606
0.087733045
0.049123812
0.030308623
0.06596567
0.11188972
0.105954364
0.054239698
0.09930002
0.07260277
0.02161872
0.041650385
0.01806596
0.01831099
0.084575474
0.10163221
0.045131497
0.059663285
0.05244311
0.040857863
0.04926037
0.08993142
0.10749471
0.028610742
0.04396985
0.027064502
0.043912906
0.04406958
0.040259857
0.04708288
0.06784008
0.063918695
0.02837285
0.045325827
0.020043753
0.020794706
0.045170814
0.039754223
0.02952307
0.04599448
0.010774847
0.029998219
0.045014407
0.05266763
0.04014561
0.024206497
0.0272931
0.046804234
0.01074745
0.0051257
0.030149482
0.024015363
0.09164165
0.05629957
0.010491695
0.019731425
0.09421245
0.12808262
0.06945242
0.03756969
0.048708435
0.03739995
0.016601127
0.043313093
0.04926387
0.04982007
0.048105985
0.05084574
0.083630346
0.038109392
0.03724304
0.048951894
0.028083729
0.0057222466
0.014360213
0.04066738
0.04597602
0.019066073
0.052299425
0.05783335
0.06499807
0.06936353
0.07147063
0.043259557
0.042785846
0.07768825
0.08337464
0.048832823
0.01774401
0.03492879
0.019575382
0.03972072
0.04407499
0.054451253
0.030270576
0.057318494
0.05926127
0.033570316
-0.042725757
0.042725604
-0.024414517
0.00915539
0.00610355
-0.0305175
0.045775816
-0.033568576
0.039671488
-0.015258067
-0.006103141
0.012206094
-0.03661768
0.039668452
-0.04577043
0.024410408
-0.009153709
0.0
0.030510962
-0.04576531
0.033560358
-0.04271203
0.012203092
-0.003050683
-0.018303538
0.036605913
-0.030503923
0.04880461
-0.027451623
0.003050069
0.003049954
-0.030498356
0.039646275
-0.033545468
0.033544045
-0.018295955
0.0
0.015245247
-0.030489057
0.0365851
-0.04268051
0.021339172
-0.009144886
0.0
0.033527657
-0.0365736
0.036571532
-0.036569424
0.015236363
0.0
-0.018281417
0.03351384
-0.03351171
0.03960218
-0.018276723
0.012183664
0.009137124
-0.02436397
0.033498093
-0.033495687
0.0304484
-0.01522307
-0.0060887686
0.012176605
-0.033483062
0.033480417
-0.036521167
0.018259099
-0.012171729
-0.009128032
0.024339356
-0.04259021
0.036502708
-0.03649948
0.012165405
-0.0030410753
-0.015203978
0.036486153
-0.03952294
0.033439294
-0.030396419
0.0
0.0
-0.027348652
0.039499603
-0.033419315
0.03645365
-0.009112457
0.0030371633
0.027331537
-0.03036508
0.033397924
-0.03643006
0.02124849
-0.003035155
-0.006069615
0.024275655
-0.03337513
0.030337447
-0.0364006
0.012132074
-0.0030326499
-0.018193668
0.033350926
-0.030315233
0.030311406
-0.02121528
0.0
0.0030299714
-0.024236597
0.030291742
-0.030287702
0.024226902
-0.01816771
0.0
0.018162716
-0.033293676
0.027236452
-0.03933597
0.01815247
0.003024976
0.0
0.024192752
-0.030236477
0.02720878
-0.030227445
0.009066863
0.0
-0.012085453
0.033229854
-0.021142974
0.036239404
-0.018116834
0.0060379817
0.0120740235
-0.0150900865
0.036210302
-0.021119207
0.027148776
-0.006032056
0.003015522
0.0150750615
-0.024115993
0.027125843
-0.030134624
0.018077632
-0.0030124118
-0.0060237623
0.021079428
-0.030108094
0.027092414
-0.021068066
0.012036703
0.003008624
-0.009024207
0.03308261
-0.018041689
0.030063827
-0.015029068
0.0030052413
0.0030046653
-0.018024513
0.036042035
-0.015014581
0.024018612
-0.012006932
0.0
0.012002143
-0.026999388
0.023994599
-0.023989713
0.0029981
-0.0029974822
-0.002996861
0.020973654
-0.014978042
0.023959814
-0.020960392
0.0
0.0
-0.008977248
0.026925905
-0.008973345
0.026914135
-0.0179388
-0.0029891375
0.0
-0.017926812
0.026884161
-0.017918717
0.017914638
-0.011940359
-0.005968806
0.008951139
-0.023864154
0.017893935
-0.017889732
0.0029809182
0.0
-0.0059590004
0.020851502
-0.014890343
0.014886738
-0.01785974
0.0029758955
0.0059503284
-0.008923289
0.023789532
-0.008918851
0.014861027
-0.0059429146
-0.005941411
0.0
-0.017815152
0.008905291
-0.008902995
0.020768275
0.0059322487
0.005930698
0.011858281
-0.017782727
0.008889007
-0.017773282
0.008884263
0.005921251
0.0
0.026631216
-0.005916436
0.011829635
-0.0059131924
0.0029557804
0.005909922
-0.005908277
0.023626499
-0.002952483
0.023613201
0.005901628
0.0
0.0058982633
-0.014741428
0.005894872
-0.005893166
0.011782908
0.008834602
0.005888009
0.011772553
-0.017653612
0.0029413959
-0.005881039
0.00587928
0.008816271
0.0
0.008810944
-0.011744354
0.0058703846
0.0
-0.00293339
0.0058649676
-0.008794723
0.011722647
0.0
0.008786478
0.0
-0.005853955
0.0
-0.014625578
0.01169672
0.0
0.008766895
0.008764057
0.0029204036
0.008758354
-0.014592478
-0.0029175368
-0.008749723
-0.0029156092
0.0029146406
0.005827337
0.023301547
0.0
0.014553666
-0.0029097481
-0.008726279
0.0
-0.011627095
0.011623102
0.008714323
0.014518849
0.008708286
0.0
0.0
-0.011598878
0.0057973973
0.0
0.008689943
0.011582469
0.0
0.00868064
-0.0028925065
-0.0028914632
-0.002890417
-0.002889367
0.0028883142
0.0
0.008658596
0.0
0.0028840704
0.0028830015
-0.0028819295
0.002880854
-0.011519102
0.0
0.0
0.0028765209
0.0057508596
-0.0057486705
0.0
-0.011488548
0.002871033
0.0
0.0028688156
0.011470809
0.0
0.011461863
-0.0028643429
-0.011452868
-0.0057241754
-0.011443822
0.00285982
0.0028586814
0.011430158
0.0
-0.0028552467
0.0
-0.011411765
0.0
-0.00855187
0.0028494596
0.0028482927
0.005694246
0.0056919
-0.011379096
0.0028435946
-0.008527237
-0.002841227
-0.0028400384
-0.011355387
0.005675304
-0.0028364544
0.005670507
-0.0028340495
-0.005665685
-0.0028316325
-0.011321677
0.0028292031
0.0
0.008480284
0.002825536
-0.0028243074
0.0
-0.014109206
0.0028206035
-0.005638726
0.0056362385
0.005633745
0.0
0.016886218
-0.0028131139
0.002811855
-0.011242372
-0.011237311
-0.0028080598
-0.008420367
0.008416545
0.0028042379
0.011211831
-0.0028016747
-0.014001943
-0.005598199
-0.013989037
0.0027965123
0.0
0.00838174
0.0055852183
0.0
0.008369977
-0.008366038
0.0
-0.008358133
0.0
0.0055667954
-0.0027820698
0.008342218
-0.011117622
-0.0027780689
-0.008330188
-0.0027753867
0.0055480823
-0.008318078
0.008314024
-0.002769987
0.00276863
0.0
-0.00829772
0.0027645405
-0.011052687
0.0
-0.0055208504
0.0027590476
0.0055153337
0.0
0.005509794
-0.0137675395
-0.0055042314
-0.0082521625
0.005498646
0.01373961
0.005493037
0.008235335
-0.01097481
-0.0054845805
-0.013704375
-0.008218371
0.0027380362
-0.0027366127
0.010940745
0.0
0.010929298
0.0
-0.008188355
-0.0027280108
-0.010906269
0.0054502413
0.0
0.0054444387
0.008162294
0.0027193069
0.0054356926
-0.010865533
-0.002714917
-0.008140344
-0.0027119764
0.008131506
-0.0027090246
0.0027075447
-0.0027060618
0.0027045761
-0.0027030879
-0.005403193
-0.0027001027
-0.008095818
0.008091319
0.0026956042
0.016164597
0.008077775
-0.0026910813
0.0
-0.0053761043
0.0053730668
0.0
0.0053669754
0.005363922
0.0
0.005357798
-0.008032092
-0.0053516524
-0.008022858
-0.0026727428
0.0053423936
0.0053392965
0.008004291
-0.0026665432
0.0
-0.007990282
-0.010647461
-0.0026603006
-0.0079762
0.00797149
0.0053111813
0.005308031
0.0026524374
-0.007952571
0.0
-0.0026476877
0.002646099
0.0
0.0052858284
0.007923953
0.0026397186
0.002638117
-0.010546051
-0.0026349057
-0.0052665924
0.002631684
0.007890208
0.0
0.002626832
-0.005250419
0.0026235844
0.0
0.0
0.0
0.002617058
0.010461681
0.007841338
0.007836409
0.0
-0.007826528
-0.0026071917
-0.0026055383
0.0026038825
0.002602224
0.007801689
0.007796699
0.0025972337
0.002595565
-0.007781682
-0.005184441
-0.005181089
0.0025888658
0.0051743696
0.0025855012
0.0
-0.0025821265
-0.0025804355
-0.002578742
0.0
-0.0025753477
0.0
0.0051438864
0.0051404745
0.007705587
0.0025668181
-0.002565105
-0.0051267785
-0.0051233424
0.0
0.0
0.0051130042
0.0025547743
0.002553044
-0.0025513112
-0.005099152
-0.0076435157
-0.005092197
0.0050887126
0.0050852234
0.005081729
0.0
0.0
0.0
-0.0025338521
-0.002532093
-0.0050606634
-0.0025285678
0.0025268018
0.0050500664
0.01009305
0.0
-0.0025197137
-0.0025179358
-0.005032311
-0.0075431196
-0.0025125882
0.0025108012
0.0050180233
0.012536099
-0.0025054256
-0.0075108875
-0.0075054914
-0.0075000883
0.0049964525
0.0024964204
0.0024946127
-0.0024928025
0.0
0.0024891752
0.0
0.0
-0.00993487
0.0024818936
0.0024800678
0.0024782394
0.0049528177
-0.0024745762
0.0
-0.009883616
-0.0024690644
-0.004934446
-0.004930758
0.0073905988
0.0049233693
0.004919668
-0.0024579815
-0.004912253
-0.004908539
-0.0024524103
0.0024505488
-0.0024486852
0.0024468193
0.0024449513
0.012215407
0.012206045
-0.0073180036
-0.002437458
-0.009742317
0.0
0.0024318153
0.009719721
0.012140214
0.0
0.007272786
-0.0024223684
-0.007261418
-0.0024185749
0.0
0.0072443183
0.009651475
0.012054812
-0.0024090542
-0.007221431
-0.0024052311
-0.00720995
0.0096056005
0.0
0.009590243
0.009582552
0.007181139
0.009567145
-0.0047797146
0.0
-0.0071579805
0.0023840584
0.004764243
0.0
0.004756483
-0.0071288953
0.0023743534
-0.0023724062
0.0
-0.0023685063
-0.009466213
0.0047291964
-0.0047252825
0.007082047
0.0
-0.007070276
0.0
-0.007058481
0.0
-0.0046977755
0.007040745
0.0070348214
0.002342964
0.0070229573
-0.009356022
-0.0023370232
-0.009340157
0.0
0.0046621305
0.0
0.006981251
-0.0069752703
0.004646189
-0.0046421946
-0.006957294
-0.009268387
-0.018520752
0.004626178
0.0
0.009236296
-0.0023070637
-0.0115252575
-0.0046060747
-0.011505107
0.0045980075
-0.004593969
0.004589926
0.00458588
0.0
0.0045777764
-0.011434298
0.0022848293
-0.011413986
0.0
0.0045574554
-0.0045533804
0.0136479065
-0.00454522
0.0045411345
-0.0045370455
-0.0067994297
-0.0022644287
-0.011311894
0.011301638
0.0022582742
0.009024878
-0.0022541627
-0.006756313
0.0045000887
-0.013487896
0.0044918386
-0.008975416
0.0
0.0022397188
0.0
0.01341346
-0.013401018
0.0
-0.013376106
-0.0044545447
0.0044503845
-0.0022231105
0.013326162
-0.008875768
0.00886742
-0.011073834
-0.008850708
0.0022105852
-0.008833968
0.013238383
-0.0022043008
0.008808811
-0.0044002063
-0.0043960037
0.0065876977
-0.010968974
0.008766755
-0.010947906
0.0021874723
0.008741447
0.004366499
0.0152679505
-0.010895103
0.0021769037
-0.010873927
0.0021726657
0.0065116324
-0.0021684214
0.015164078
-0.0064925128
0.0064861304
-0.0043198294
-0.0064733527
0.0043113045
-0.0064605568
0.012908304
-0.0021492478
0.00644133
0.0
-0.00214283
0.010703439
-0.008554176
0.010681996
-0.010671264
0.006396314
0.010649777
0.0
0.017005218
-0.012740993
0.0021213437
-0.0063575623
0.0
0.006344611
-0.0063381293
0.0147738345
-0.008433538
0.012637318
-0.0063121608
-0.008407544
0.0
-0.012585283
0.01466763
-0.0062796087
0.012546172
-0.0020888532
-0.004173353
0.008337993
-0.018740868
0.006240414
-0.014545691
0.0
0.0062207635
-0.0020714018
0.010346073
-0.014469183
0.008259345
-0.008250581
0.002060453
0.006174778
-0.008224258
0.014377079
-0.008206684
0.00819789
-0.0020472726
-0.008180287
0.0
-0.018365992
0.008153845
-0.006108766
0.010170241
0.0060955198
-0.0020296304
0.008109679
-0.016201664
0.00809198
-0.010103904
0.006055696
0.008065395
0.0
0.012071474
-0.012058155
0.010037356
-0.008020996
0.0
0.0020008013
-0.009992878
0.01597079
-0.0079764845
0.0119513525
-0.0019896622
-0.005962293
0.0019851988
-0.013880759
0.013865118
-0.0039569912
0.009881296
0.003948043
-0.0039435662
0.009847716
-0.013771119
0.0058951825
-0.009814091
0.003921149
0.007833318
-0.0019560836
0.013676858
-0.009757944
0.011696041
-0.0038941803
0.0
0.0
-0.009701673
0.017442727
-0.003871652
0.013534992
-0.0038626273
-0.0038581118
0.0038535947
-0.011547226
0.015378218
-0.0057600476
0.0057532606
0.0019154903
-0.0038264522
0.0114657665
-0.01526956
0.0076257125
-0.0114249615
0.0038037833
0.005698866
-0.0037947032
0.015160642
-0.013249656
0.00378107
-0.009441305
-0.0037719726
0.0018837107
-0.009407171
0.011274941
-0.009384394
0.0074983994
-0.00561696
-0.003740079
0.003735516
-0.011192855
0.009315964
-0.009304545
0.009293122
0.007425356
0.0037081058
0.00925883
-0.016645305
0.0
-0.016604105
0.0018426107
0.0092016
0.0018380285
0.011014418
-0.01100066
0.0054934495
-0.005486566
0.0
0.003648529
-0.009109841
0.0072786836
-0.010904239
0.007260298
-0.0036255505
-0.0018104754
0.005424524
-0.014446989
0.005410715
-0.010807615
0.0035979317
0.003593324
-0.0017943576
0.0071682096
-0.0143179735
0.0035748808
-0.012495933
0.0035656516
0.0035610353
-0.0035564175
0.010655397
-0.008867947
0.0070851156
-0.0053069033
-0.0017666561
-0.0017643437
-0.008810154
0.010558305
-0.0070296144
0.008775446
-0.0035055482
-0.003500917
0.0034962848
-0.010474955
0.0069740345
-0.008705955
0.0034777457
0.0017365542
0.0017342351
0.008659577
-0.010377572
0.006909099
-0.008624768
0.0034452642
0.0034406201
-0.005153963
0.008578324
-0.0102800485
0.005133053
-0.00512608
-0.0034127373
0.0017040435
-0.006806872
0.0067975684
-0.0050911973
0.008473695
0.0
0.0
0.0050632693
-0.0050562844
0.0067323977
-0.010084623
0.005035323
0.0033522225
0.0016737811
0.008357253
-0.010014719
0.0033335774
-0.006657829
0.0033242507
0.0066391733
0.0
0.009930768
-0.00661118
0.004951385
-0.003296256
0.0
0.0016434599
-0.0098467525
0.0065551624
-0.004909367
0.006536481
0.0
-0.001629449
0.0032542257
-0.008123883
0.0032448804
-0.009720621
0.0048532994
0.004846288
0.0016130919
0.008053771
-0.0064336658
0.0016060785
-0.009622442
0.003202804
0.0031981268
-0.0015967247
0.0063775433
-0.0063681873
0.0047691227
-0.0015873683
0.0015850288
0.0015826892
-0.0031606988
0.0063120383
-0.006302678
0.0047199884
-0.0015709891
0.0
0.007831542
-0.0046919035
0.004684882
-0.003118573
0.0031138915
0.004663815
0.0046567917
0.006199692
-0.0030951637
0.0030904815
-0.0030857993
0.0030811168
0.0015382172
0.001535876
0.009201208
-0.0030623868
0.0061154086
0.0
-0.0015241695
0.0
-0.0060779476
0.0045514368
-0.0015148043
0.0060498524
0.0015101219
0.0
0.0015054396
-0.006012394
0.0
-0.0044952496
0.0029921513
0.0029874695
0.0029827883
0.0029781067
-0.0044601383
0.0014843723
-0.0014820319
0.0029593832
0.0014773514
0.0
0.0044180145
-0.0029406631
0.004403976
0.0
-0.001463313
-0.0029219473
-0.0058345385
0.0014562956
-0.0014539568
0.005806473
0.0014492797
0.0
0.0
-0.0057690623
0.0014399278
-0.0014375903
0.0028705061
0.001432916
0.0014305791
0.0014282425
-0.0014259062
0.00427071
-0.0014212341
0.0
-0.0028331259
-0.0028284555
0.0028237859
0.0
0.0042216717
-0.0014048899
-0.0042076684
-0.002800445
-0.0013978893
0.002791113
-0.0013932239
0.004172675
-0.0013885596
-0.001386228
0.0
0.0
0.0027584701
-0.0013769048
0.0013745748
0.0
0.001369916
0.0013675871
0.0
0.0013629305
-0.0013606028
-0.0013582754
-0.0013559485
0.0
0.0027025917
0.0040469104
0.0040399344
-0.0026886398
-0.0013419954
-0.0013396714
0.0
0.0026700494
0.0
0.0013303797
0.0
0.0013257368
0.0013234159
0.0
0.0
0.0
0.0013141374
-0.001311819
0.001309501
0.0013071836
0.0
0.0013025504
0.0013002346
-0.0012979193
-0.002591209
0.0
0.0
0.0012886636
0.001286351
0.0
0.0
-0.0012794167
-0.0012771065
-0.0025495936
-0.0012724877
0.0
-0.0012678714
0.003796692
0.003789772
0.0
-0.0012586459
-0.0012563411
0.0
0.0
0.002498861
0.0
0.0
0.0012425258
0.0
0.0
-0.0037068813
0.0
0.0
-0.0012287345
0.0
-0.002448286
0.0012218483
-0.0024391084
0.001217261
0.0
-0.0024253533
0.0
-0.0024161905
0.0024116111
0.0
0.0012012287
-0.0011989414
-0.0011966549
0.0
0.0
0.0035693997
0.0
0.0
0.0
-0.0011806712
0.0011783909
0.0
0.0
0.0
-0.0011692784
0.0
0.0
0.0023249057
0.0023203585
0.0023158134
-0.0023112698
-0.003460092
0.0
-0.0022976499
0.00343967
0.0
-0.0011420228
-0.0022795144
-0.0011374926
0.0
0.0
0.0022614084
-0.004513773
0.0
-0.0022478483
-0.002243332
0.0022388177
-0.0022343053
0.0
-0.002225286
-0.0022207797
-0.0011081374
-0.0022117721
0.0022072715
0.0
0.0010991379
-0.0021937813
0.0
0.0010923989
0.0
0.0043516452
0.001085669
0.0021668556
-0.0010811876
0.0
0.0010767104
-0.0010744734
0.0021444748
-0.0032100074
0.0021355373
-0.0021310719
-0.0010633043
0.0010610737
-0.0031765327
0.0021132317
0.0
-0.0010521624
-0.0020998747
-0.004190854
0.0
-0.001043269
0.005205242
0.0
-0.0020732216
-0.0010343937
-0.0020643554
0.003089889
0.0
0.0030766109
0.0010233257
0.0010211156
0.0010189067
-0.002033398
0.002028985
-0.0020245744
0.0020201663
0.0010078803
-0.0020113573
0.0
-0.002002558
9.990811E-4
0.0
0.0
-9.924946E-4
-0.0019806034
9.8811E-4
0.0
0.0039349217
9.815425E-4
0.0
0.0019543413
0.0
0.0029184115
0.0
0.002905327
9.6626347E-4
9.64086E-4
9.619098E-4
0.0
0.001915123
-0.002866168
0.001906437
0.0
-0.0018977617
0.0018934283
0.0
0.002827154
0.0
-9.3806075E-4
-9.3590084E-4
-9.337423E-4
0.0037263408
9.294295E-4
0.0027818256
9.251223E-4
-9.229708E-4
0.0
-9.1867207E-4
0.0027495746
0.0
0.0018244695
9.1009185E-4
9.0795045E-4
0.0
-0.0018073438
0.0018030697
0.0
0.0026917954
-8.951325E-4
-8.930013E-4
-8.908717E-4
-0.001777487
0.0026598505
-8.8449166E-4
-0.001764736
-8.802459E-4
0.0
0.0017520123
0.0
0.0017435452
-8.696581E-4
-8.6754514E-4
0.0
-0.0017266478
0.0
-0.0017182179
0.0
0.0017098004
8.527982E-4
8.506978E-4
-0.001697198
8.465018E-4
-8.4440614E-4
0.0
8.402197E-4
0.0
8.360398E-4
-8.339522E-4
-8.318663E-4
-0.001659564
-0.0016553988
-8.2561834E-4
0.0
0.0016429226
-8.193853E-4
-8.173109E-4
-0.0016304763
0.0
0.0
-0.0016180602
0.0
-0.0032195991
-8.028372E-4
0.0016015526
7.9871714E-4
0.0
-0.0023838116
-0.0023776495
-7.904975E-4
0.0
0.0015727963
7.84351E-4
0.0
-7.8026205E-4
-7.782202E-4
-7.7618007E-4
-0.0023224254
-7.7210524E-4
-7.700704E-4
7.6803745E-4
7.660062E-4
7.639768E-4
0.0015238983
0.0
0.0
-0.0015117541
-0.0030154265
-0.0015036761
0.0
0.002243419
0.0022373796
0.0014875638
-0.0014835449
-0.0029590596
-7.3775917E-4
0.0
0.0014675065
0.0021952593
0.0014595096
0.0014555168
-7.2576385E-4
0.0
0.0
7.1979157E-4
7.178046E-4
7.1581954E-4
7.138364E-4
0.0
0.0014197516
0.0
7.059229E-4
0.0
-7.0197775E-4
0.0
0.0
0.002784298
6.941107E-4
0.0
-6.901889E-4
-6.8823097E-4
6.8627496E-4
-6.84321E-4
0.001364738
6.804189E-4
0.0
6.765249E-4
-6.745808E-4
-6.7263877E-4
-0.002682795
-0.0013375215
0.0
6.6489074E-4
0.0019888764
-6.610289E-4
6.59101E-4
-6.5717514E-4
-6.552514E-4
-0.0013066592
-0.0032570497
-6.494923E-4
-6.4757676E-4
0.0012913265
6.437518E-4
-6.4184243E-4
-6.399352E-4
-0.00255212
-6.361269E-4
-0.0019026777
0.0
-6.304302E-4
6.285355E-4
0.0012532859
-6.247525E-4
0.0
-0.0031048895
-0.0012381877
-6.172119E-4
0.0
0.0012269089
-6.1157893E-4
6.097056E-4
-0.0012156687
-6.059653E-4
-0.0012081969
-0.0012044675
6.0037116E-4
-5.9851084E-4
0.001789958
0.0
0.0
5.910913E-4
-0.0011784838
5.873947E-4
-0.0017566492
0.0
-5.818664E-4
0.0
0.001734576
-5.763581E-4
0.0
-0.0017180913
0.0
-5.690451E-4
0.0
0.001696206
0.0
0.0028088402
0.0
-5.5814313E-4
-0.0011126682
-0.0022181093
5.527229E-4
-5.5092067E-4
0.0027456041
0.0
-5.4552796E-4
0.0
-0.0021677772
0.001080312
-0.0021534797
-5.365863E-4
0.0
0.0
0.0010624983
-5.294748E-4
5.277028E-4
-0.0015777994
-5.241658E-4
0.0
0.0
0.0010377562
-5.1712024E-4
0.002061459
-5.1361165E-4
0.0
-0.0010202252
-0.0025418336
0.0
-0.0015146461
0.0015094299
5.0140696E-4
0.0
4.9794157E-4
-0.0014886375
4.9448584E-4
-0.0019710464
0.0
-4.893205E-4
4.8760357E-4
0.0024294455
-9.683542E-4
0.0014474025
-0.002403802
-9.581115E-4
4.7735355E-4
-4.7565385E-4
0.002369783
-4.7226183E-4
0.0018822781
0.0
0.0
-4.655076E-4
-0.0018553011
9.242909E-4
-0.0013814043
0.0018351732
4.57121E-4
4.5545123E-4
0.0013613519
-0.0013563577
9.00914E-4
-0.0022439866
0.0
0.0
4.4383353E-4
0.003095288
4.4053706E-4
0.0013166779
-0.0013117524
0.0
0.0
0.0
0.0025842544
0.0
0.002564722
0.0
-4.242086E-4
0.0
-0.0016838957
0.0012580814
-4.1774963E-4
0.0016645656
4.1453578E-4
4.129328E-4
8.226648E-4
-4.0973467E-4
0.0020406977
-8.130941E-4
4.0495716E-4
0.0
0.0
0.002001017
-3.9862416E-4
0.0015881901
-7.909471E-4
0.0
0.0
-7.8153523E-4
0.0015568173
3.876437E-4
0.0023165145
3.845305E-4
0.0
-3.8142802E-4
-0.0018994041
3.7833632E-4
-3.7679455E-4
0.0015010218
3.737191E-4
0.0
7.413089E-4
-0.0011073787
7.3520147E-4
-0.0014643118
0.0
3.630406E-4
3.61526E-4
0.0014400567
-7.170102E-4
0.0010709963
-3.5549514E-4
0.0
3.5249625E-4
-0.0010530028
0.0
-6.960372E-4
0.001732658
0.0
3.4356592E-4
0.0
-0.001703057
3.391383E-4
-0.001350672
0.0010086015
0.0
3.3327393E-4
3.3181484E-4
-0.0013214343
3.2890512E-4
-0.0013098179
0.0
0.0
0.0
0.0012867207
-0.0012809747
3.1881002E-4
-0.0012695169
-9.478537E-4
-6.290522E-4
-9.393116E-4
3.1168445E-4
-9.3080365E-4
9.265626E-4
0.0
0.0
-9.1389095E-4
-0.0018193686
3.0182875E-4
-0.0012017292
8.971162E-4
5.952961E-4
0.0
8.846261E-4
-8.8048016E-4
2.921143E-4
-8.722143E-4
-5.7872967E-4
0.0
0.0
0.0014263123
0.0
8.476265E-4
-8.4355916E-4
-5.596671E-4
0.0
-8.3141006E-4
2.7579267E-4
-5.4890313E-4
5.4622686E-4
0.0
0.0
0.0
-8.033713E-4
7.994012E-4
-0.0010605868
2.6382925E-4
5.250296E-4
0.0
0.0012994742
-5.171786E-4
2.5728677E-4
-7.6796167E-4
-5.0938135E-4
0.0
0.0
0.0010032759
-2.4953438E-4
7.4475846E-4
-2.4697426E-4
-2.4569873E-4
0.0
-4.8631334E-4
0.0012094509
-2.406267E-4
9.5746503E-4
4.7621765E-4
-2.3685445E-4
0.0
-9.374191E-4
4.6621903E-4
-4.6373456E-4
4.612562E-4
4.5878394E-4
4.5631776E-4
9.077154E-4
-2.257019E-4
4.4895598E-4
-8.9302857E-4
-2.2203937E-4
2.2082466E-4
0.0
0.0013104269
0.0
4.319932E-4
-4.2959454E-4
-6.4080313E-4
-2.124079E-4
-4.2243573E-4
4.200618E-4
0.0
6.229989E-4
2.0648866E-4
0.0
4.0828536E-4
-4.0594873E-4
4.036183E-4
0.0
3.9897618E-4
5.9499673E-4
3.9435906E-4
9.801496E-4
1.9488347E-4
3.8748028E-4
-3.851999E-4
-1.914629E-4
3.8065796E-4
0.0
5.642118E-4
1.8694613E-4
5.574744E-4
1.8470665E-4
-1.8359163E-4
0.0
-5.4411334E-4
3.6053118E-4
0.0
5.341922E-4
5.3090416E-4
-1.7587522E-4
0.0
-8.684955E-4
0.0
-3.430714E-4
1.7045879E-4
1.6938508E-4
1.6831454E-4
6.6898885E-4
-3.3236615E-4
0.0
-4.9219327E-4
-4.890297E-4
-1.6195858E-4
-1.6091048E-4
3.197312E-4
0.0
3.155709E-4
0.0
-4.6715466E-4
-6.1875774E-4
-9.219833E-4
0.0
1.5162246E-4
4.518198E-4
1.4959398E-4
-4.457538E-4
0.0
-1.4657558E-4
1.4557593E-4
-1.4457954E-4
-1.435864E-4
0.0
-1.4160988E-4
1.4062651E-4
0.0
1.3866955E-4
-4.130879E-4
-5.469026E-4
-4.0727583E-4
-4.043845E-4
1.3383434E-4
1.3287713E-4
5.276927E-4
2.6194507E-4
-3.9007547E-4
-2.5816215E-4
-5.125611E-4
0.0
2.525371E-4
6.266882E-4
4.9764005E-4
0.0
0.0
-4.8658784E-4
1.2073255E-4
-1.19821445E-4
0.0
2.3601836E-4
1.17108015E-4
4.6484068E-4
0.0
1.1442443E-4
-1.13536546E-4
-1.12651986E-4
0.0
-2.217857E-4
4.400731E-4
1.0914704E-4
4.3311654E-4
2.1482914E-4
-1.0655334E-4
0.0
-5.242046E-4
0.0
1.0314187E-4
4.091895E-4
3.0436867E-4
1.0061843E-4
1.9956799E-4
-9.8952914E-5
-9.8125194E-5
-2.919025E-4
-9.647984E-5
1.9132442E-4
1.8969589E-4
4.7018524E-4
-9.322953E-5
-9.2425376E-5
-1.832492E-4
-2.7248161E-4
9.003318E-5
-1.7848508E-4
0.0
0.0
0.0
8.6113825E-5
-8.5340114E-5
-8.4569794E-5
-3.3521146E-4
-8.303934E-5
-8.2279206E-5
8.152247E-5
2.423074E-4
1.6003841E-4
1.5854536E-4
0.0
-1.5557968E-4
-2.3116061E-4
-1.5264128E-4
1.5118232E-4
2.9946037E-4
3.707122E-4
1.4684642E-4
0.0
-1.4399001E-4
-2.138581E-4
-7.0580485E-5
-1.3975674E-4
1.3835936E-4
6.848442E-5
1.3558517E-4
6.710419E-5
-1.3283845E-4
-6.57377E-5
-2.6023845E-4
-6.438496E-5
0.0
0.0
1.2476333E-4
6.1720784E-5
1.2212672E-4
0.0
-5.9758844E-5
-1.773353E-4
-1.7540442E-4
5.782797E-5
1.7157376E-4
1.6967398E-4
5.5928198E-5
-5.5301858E-5
-1.6403696E-4
-2.1623829E-4
-1.0688725E-4
-1.0566229E-4
1.0444427E-4
1.03233186E-4
5.1014522E-5
5.041592E-5
-9.964159E-5
-9.8458295E-5
-1.945639E-4
-9.6112555E-5
-4.747506E-5
4.6897323E-5
9.2646136E-5
0.0
9.037003E-5
-8.924243E-5
-1.321827E-4
-2.1752038E-4
-1.7180297E-4
4.24009E-5
8.37091E-5
2.4787016E-4
8.154467E-5
4.0236468E-5
-3.97041E-5
-1.5670093E-4
0.0
-7.6256E-5
3.7609636E-5
3.7094775E-5
7.316684E-5
1.0822672E-4
-3.5571233E-5
0.0
-1.3829231E-4
-3.4079265E-5
0.0
0.0
6.5237815E-5
-3.2139153E-5
3.1662912E-5
-6.238038E-5
-3.072099E-5
-9.076592E-5
-8.9379435E-5
5.866901E-5
0.0
1.4213899E-4
5.5959466E-5
2.7535194E-5
2.7094182E-5
-1.066268E-4
-5.244549E-5
-7.737697E-5
2.5365433E-5
7.4826225E-5
9.8089E-5
9.642384E-5
-4.7386413E-5
-2.3283988E-5
-6.863492E-5
-2.2476166E-5
4.415513E-5
2.1682503E-5
8.5163934E-5
4.180601E-5
2.051857E-5
-4.027536E-5
-1.9760335E-5
-1.9386534E-5
-3.8032562E-5
7.4598305E-5
1.8286419E-5
5.3780434E-5
3.5141507E-5
1.7218248E-5
1.6869293E-5
-4.9571674E-5
-3.236409E-5
-4.7531248E-5
0.0
1.5177828E-5
2.9700404E-5
5.810453E-5
-1.4205622E-5
1.3888671E-5
-5.4301116E-5
-1.3265448E-5
0.0
-1.2656468E-5
6.178662E-5
2.4123481E-5
2.3539444E-5
0.0
-2.239276E-5
-2.1830114E-5
-3.1911906E-5
1.0363114E-5
1.0092493E-5
2.9476325E-5
0.0
-9.302046E-6
-9.045704E-6
-3.5171735E-5
-8.543734E-6
-2.4894323E-5
0.0
2.345272E-5
-7.5826665E-6
1.47026685E-5
0.0
0.0
-2.0036374E-5
-1.2923525E-5
-1.2496623E-5
-6.0384377E-6
2.332857E-5
5.6294257E-6
2.715144E-5
5.2347305E-6
-5.0427525E-6
-4.854355E-6
-1.8678154E-5
8.976607E-6
4.3106506E-6
1.240974E-5
7.9321835E-6
3.7991865E-6
0.0
-6.9522544E-6
-3.3199735E-6
-1.5837022E-5
0.0
2.8730217E-6
2.7312085E-6
7.778945E-6
0.0
0.0
-6.5994573E-6
-2.075939E-6
-1.9556464E-6
0.0
6.9033E-6
3.2325934E-6
4.5310708E-6
0.0
-2.6184885E-6
-1.2140717E-6
-1.1224888E-6
2.0689913E-6
-9.5009244E-7
8.6927935E-7
0.0
0.0
6.483831E-7
-1.1638651E-6
0.0
-1.3794141E-6
-4.041277E-7
3.5204212E-7
3.0354812E-7
7.7593745E-7
2.1733533E-7
0.0
-4.3647023E-7
-3.4486652E-7
-1.7602613E-7
-6.466283E-8
2.2452419E-7
2.8739146E-8
4.8497377E-8
0.0
-1.796202E-9
-0.0
