0.29476765
0.1330068
0.5039614
1.4344794
2.8674505
2.2045498
1.0081936
0.83602667
1.3654842
1.0926347
1.1639279
1.4894671
1.1500496
0.87665087
0.5794984
0.49192828
0.9038591
0.7970069
0.40600473
0.2886377
0.60309345
0.49306497
0.239943
0.7317789
0.84326655
0.37991083
0.5436222
1.5248288
1.6196741
1.1225805
0.116283014
1.237165
0.8236961
0.5581883
0.48413935
0.34091717
0.71539664
0.66623896
0.1283689
0.16569033
0.21034946
0.48717934
0.55078924
0.2296533
0.5812496
0.579139
0.36674547
0.33193958
0.3647609
0.4804795
0.47957087
0.58265996
0.3821118
0.10338645
0.103351295
0.13227893
0.12786652
0.17016497
0.28819594
0.30001354
0.2696016
0.3613057
0.24038926
0.5464259
0.3081246
0.12736626
0.47399226
0.46408907
0.36593843
0.3570796
0.110421695
0.101733275
0.25266838
0.055390365
0.44285494
0.41230872
0.34404343
0.26509827
0.09951573
0.18533632
0.38951385
0.47679755
0.46034658
0.5480846
0.32376733
0.22406475
0.24945037
0.10764439
0.047316734
0.25765547
0.1445656
0.16669387
0.3758803
0.5687683
0.2962937
0.27762723
0.5028385
0.3507243
0.48930156
0.5613745
0.7016174
0.77932405
0.6201
0.23116858
0.1614676
0.25739533
0.48849386
0.5704317
0.15672375
0.20576978
0.093209855
0.38745168
0.37825957
0.04210861
0.19029362
0.13950911
0.4326335
0.41764963
0.33000785
0.24027129
0.40618908
0.36927432
0.11038108
0.5746873
0.5506061
0.37871873
0.31986672
0.15261534
0.07536248
0.45926425
0.6504969
0.4970857
0.410556
0.29833224
0.24209744
0.21410869
0.3440055
0.20653124
0.24020834
0.3661342
0.3479353
0.24931087
0.19492365
0.25400022
0.3291538
0.04728039
0.360416
0.23175082
0.34994745
0.3323668
0.20493834
0.4155886
0.35519657
0.3411372
0.37217498
0.32512456
0.18847607
0.15926482
0.28801072
0.45950124
0.3365308
0.03568457
0.20044374
0.20285411
0.150377
0.092333384
0.14723697
0.09172751
0.07146712
0.108677775
0.0830131
0.092216015
0.22309716
0.14326245
0.0879591
0.18997654
0.29115796
0.19028753
0.06713592
0.16441496
0.24692431
0.29640308
0.10694194
0.088943325
0.08920535
0.23533921
0.34920135
0.25619793
0.26483124
0.39478424
0.21020572
0.102779835
0.1033254
0.021148175
0.21352701
0.16260208
0.13181853
0.13271025
0.25911993
0.2522326
0.18178335
0.24856813
0.18026665
0.24296434
0.33104566
0.22207725
0.23153697
0.1634236
0.14213209
0.17823297
0.15476611
0.19110858
0.18503134
0.3558176
0.38949704
0.31360134
0.25742608
0.18640038
0.16131213
0.17683652
0.13931137
0.07605793
0.24290627
0.2180187
0.049578365
0.13647853
0.0030967938
0.16654587
0.25674307
0.34901878
0.17348628
0.1300211
0.0641445
0.28213453
0.16892429
0.12939402
0.19433175
0.11230578
0.11788105
0.17406291
0.07133392
0.16323252
0.23395516
0.21270956
0.22183843
0.309282
0.39445755
0.3396034
0.11168281
0.2776107
0.2823932
0.2921237
0.29572195
0.16840486
0.100262634
0.136674
0.1345721
0.13352713
0.071194604
0.11004537
0.08760635
0.11370431
0.076457724
0.070863895
0.11511693
0.20659159
0.24845009
0.09723193
0.18270893
0.052206375
0.111634806
0.17722937
0.25544244
0.11117777
0.25760818
0.2087978
0.12558354
0.24670902
0.3911152
0.30962235
0.6646174
0.84048194
0.23967312
0.78985095
0.8869424
0.4463729
0.1751696
0.38453346
0.51985395
0.3258498
0.059097625
0.19465922
0.2504386
0.2718583
0.39453423
0.16304809
0.2007852
0.27609622
0.19394185
0.17512584
0.12623788
0.118703395
0.12428405
0.2341543
0.30553642
0.22291121
0.04743043
0.26801088
0.31736237
0.36355808
0.21687736
0.06378316
0.13696264
0.07351635
0.15113945
0.13486369
0.06944684
0.10752084
0.15430069
0.36118197
0.5223175
0.44910464
0.2041314
0.13889988
0.21790719
0.13384928
0.21678443
0.3417381
0.21931249
0.03473625
0.12789477
0.29929003
0.28118047
0.27151996
0.19570126
0.37566966
0.40925807
0.27984288
0.18097669
0.05150647
0.08871373
0.07479417
0.1634864
0.18489361
0.14364316
0.10982291
0.15815723
0.17907162
0.08102991
0.1302627
0.29304183
0.22469719
0.25651664
0.14634186
0.24839489
0.4433492
0.54604745
0.48257247
0.20097981
0.13478369
0.26530197
0.24899599
0.17924415
0.15450433
0.12239243
0.17753415
0.29750353
0.25631702
0.14762932
0.055544358
0.36707082
0.37749764
0.2716647
0.11400632
0.10876287
0.20131224
0.28193083
0.19408388
0.10369966
0.38778064
0.18807665
0.22190969
0.38637435
0.28975552
0.27012062
0.40767443
0.358328
0.08482203
0.058593366
0.19775149
0.2521899
0.2702999
0.1720847
0.20468652
0.44756973
0.3384469
0.19148356
0.3655769
0.14506519
0.14310157
0.1209886
0.14579226
0.22738224
0.14776173
0.08186761
0.22341569
0.18556613
0.13629141
0.40253428
0.388591
0.14768513
0.08991035
0.20996517
0.31716135
0.22496547
0.20112105
0.21619187
0.05992603
0.15382376
0.033122737
0.060880367
0.09645151
0.16578999
0.12860999
0.22183491
0.35701263
0.42440248
0.35562584
0.18684605
0.25735927
0.18821575
0.21101394
0.3072723
0.076800376
0.06889438
0.18497436
0.15703191
0.11141667
0.17149843
0.12631549
0.17955106
0.21389902
0.1319481
0.016711509
0.016884368
0.07652741
0.2279316
0.38545716
0.3591724
0.40395662
0.30064306
0.32989344
0.36100036
0.06899118
0.13606969
0.11659634
0.16743119
0.21745591
0.16867441
0.2471914
0.37466434
0.27629894
0.24193868
0.3286784
0.23131779
0.18206182
0.17788647
0.31018734
0.27004322
0.12839812
0.39447054
0.35875228
0.30013517
0.29131222
0.2900158
0.20904252
0.17386486
0.047629714
0.16640712
0.16417992
0.23691961
0.19525288
0.1787721
0.12030259
0.21691345
0.31666455
0.3057328
0.16863097
0.23030296
0.097771406
0.061925486
0.1607175
0.09893236
0.21618658
0.30329186
0.2755341
0.19349256
0.1238514
0.13607307
0.2504689
0.24707355
0.12647416
0.2469146
0.26920643
0.21865453
0.33514583
0.23750326
0.23178303
0.22878923
0.10345891
0.3476099
0.62003154
0.50429964
0.1457821
0.06232264
0.26776713
0.2658735
0.22726358
0.6177919
0.5040362
0.19769308
0.044250328
0.09117846
0.10258969
0.09361597
0.02408443
0.096423134
0.04147878
0.13081218
0.26806194
0.5121498
0.69130534
0.6664864
0.5653993
0.43028086
0.24994
0.4616027
0.2823248
0.21730596
0.3806179
0.45290357
0.49851364
0.5261599
0.44715312
0.20544565
0.23809521
0.26537853
0.294988
0.07959431
0.32163468
0.22549608
0.069841094
0.2810311
0.53019047
0.5145212
0.42914587
0.24475053
0.18256253
0.3800604
0.51122683
0.37703785
0.37295344
0.228007
0.40833026
0.44900066
0.19035205
0.22064361
0.52069825
0.33581108
0.28797117
0.5190965
0.55074173
0.24527478
0.5026975
0.13006619
0.3787172
0.28350538
0.52641577
0.8872143
0.7453663
0.44980675
0.47343624
0.6051686
0.8235163
0.8501515
0.8839392
1.3967276
0.80522674
0.32402968
0.85036147
0.7119764
0.8293441
1.1623517
0.6984025
0.8808297
1.063326
0.7289954
0.7203922
0.4184671
0.48293436
0.68626386
0.29987082
0.3022214
0.77100194
0.821268
0.72582084
1.308978
0.76640654
0.6540844
0.79040235
0.47467828
0.39877415
0.13827938
0.46285638
0.53867775
0.24484842
0.6025105
0.5346421
0.30667064
0.42449412
0.96670526
0.7902167
0.18624894
0.12909625
0.49015307
0.71790224
0.80133235
1.1726744
1.5666937
1.7978221
1.594125
0.6274628
0.31858853
0.59722966
0.96561086
1.0557665
0.94445956
0.18447916
0.5576337
0.5061059
0.625227
0.61940485
0.53675544
0.8150574
1.0608169
0.84718806
0.5364923
0.2832495
0.40289828
0.6380916
0.76292413
0.9746358
1.0395317
0.77176887
1.1257948
0.9316558
0.5329712
0.4305472
0.7481466
1.3330218
1.2537333
0.827684
0.74378335
0.4973071
0.31812775
0.7330405
0.85476935
0.8497834
0.3666929
0.5623685
0.42277744
0.24491757
0.114635065
0.18055934
0.28680107
0.18884838
0.47850898
0.45678252
0.36337942
0.24933493
0.27680674
0.49661076
0.28839386
0.3854034
0.44311753
0.42696708
0.36587453
0.29418042
0.039013155
0.26036623
0.59671223
0.53419435
0.47303888
0.46336466
0.28438506
0.08937726
0.3060967
0.39159924
0.10792357
0.2611658
0.05435172
0.204678
0.20749025
0.2900328
0.20231622
0.27334076
0.38538393
0.29990375
0.43732846
0.46120328
0.4662638
0.4864701
0.31014842
0.2377516
0.20204088
0.24375077
0.25984895
0.21467957
0.59590596
0.6023875
0.32653996
0.15203673
0.15375938
0.2994767
0.2663314
0.22478588
0.27556637
0.32145745
0.34829274
0.21026076
0.285041
0.36787188
0.23328827
0.370403
0.49568945
0.42560974
0.38240814
0.16375826
0.31756073
0.2794121
0.21406151
0.3198518
0.19964334
0.12703158
0.10536078
0.17932914
0.2614272
0.25412357
0.13338996
0.2313389
0.37316066
0.2975971
0.13873626
0.16389179
0.2094814
0.3000021
0.37774777
0.3797941
0.2180084
0.10175427
0.08922888
0.14616905
0.27902263
0.24702674
0.14535676
0.10931497
0.17453481
0.20299871
0.10340441
0.17300843
0.28377408
0.2051587
0.09961259
0.0707999
0.1144413
0.18156314
0.11424922
0.03272522
0.05364778
0.049480055
0.111423835
0.034713734
0.0318956
0.26230395
0.364777
0.2368139
0.26534712
0.2450347
0.13759974
0.102950364
0.14209297
0.13987257
0.07416653
0.14523089
0.20250905
0.07021875
0.08338625
0.10021475
0.09615748
0.21869475
0.059850205
0.13528469
0.2515284
0.3498473
0.27473766
0.09343638
0.05363713
0.084304474
0.086470135
0.06595577
0.20578969
0.31798545
0.30528843
0.1587487
0.1299273
0.12707485
0.02139487
0.15054335
0.12478144
0.017630428
0.15286563
0.27676502
0.2290252
0.19490947
0.24283665
0.18048598
0.0952292
0.07222123
0.06678378
0.17535646
0.08551793
0.07140913
0.052121677
0.09950711
0.051019985
0.10639851
0.10000507
0.01771363
0.15398598
0.15401806
0.018889707
0.041032597
0.16815087
0.14605422
0.13979027
0.1352113
0.116624445
0.15260549
0.13274036
0.07716373
0.069233224
0.062337082
0.04758428
0.051541556
0.07380941
0.014758129
0.06423273
0.06139787
0.016841184
0.026757877
0.044308357
0.105685785
0.069026135
0.054643434
0.1043621
0.11958621
0.07794452
0.069896206
0.10279605
0.11178396
0.13999562
0.13062716
0.060125142
0.08468585
0.123176046
0.08809233
0.02855841
0.054530732
0.06373502
0.07694883
0.039776772
0.09901627
0.17811683
0.16243899
0.16004138
0.11108485
0.1084425
0.043653917
0.17962489
0.23840155
0.11984213
0.050732836
0.053870063
0.0089648105
0.11059916
0.17642662
0.107258596
0.055409607
0.052448034
0.07425015
0.030365996
0.053842332
0.090619154
0.07454114
0.100428365
0.094269805
0.13768378
0.13420592
0.031551834
0.041424215
0.072328344
0.062076535
0.08035452
0.124685414
0.07915006
0.055017143
0.029474793
0.12859276
0.18093106
0.12649685
0.012459929
0.057471987
0.107565105
0.100916974
0.090990104
0.1661184
0.034260064
0.10191927
0.1667445
0.17742623
0.13159133
0.0956332
0.111340255
0.21045433
0.16900721
0.11707298
0.23463744
0.13518114
0.11060866
0.050138433
0.07878314
0.019476807
0.02574002
0.059142437
0.16298121
0.12718795
0.09077549
0.1934029
0.14758588
0.13101822
0.17339942
0.15244517
0.10447905
0.12238127
0.086084425
0.022923317
0.042649888
0.10189432
0.058882143
0.06828678
0.08203511
0.052758444
0.08003869
0.08210004
0.08758408
0.06267905
0.043736342
0.05215787
0.10811031
0.11844688
0.12303811
0.07096043
0.09054926
0.086821735
0.10578049
0.14701699
0.16589764
0.17667073
0.15469405
0.086094044
0.05066947
0.060436428
0.088667065
0.05073335
0.09408888
0.14460015
0.11781915
0.12556188
0.11400209
0.07520341
0.06898677
0.06515269
0.089402206
0.14606741
0.2319969
0.14070815
0.03148114
0.053075474
0.03556602
0.024718333
0.017527107
0.057779685
0.043322362
0.04847085
0.050964475
0.07239736
0.045295615
0.0021727984
0.044079926
0.085231446
0.05225686
0.045912787
0.09992954
0.13277039
0.1407678
0.092451364
0.074296616
0.059537966
0.06492675
0.1358938
0.054741655
0.06159212
0.08828177
0.044063848
0.04621629
0.093139246
0.015524264
0.11187406
0.09727492
0.024242392
0.12459212
0.13970362
0.079925925
0.10135072
0.21259421
0.26363903
0.12663627
0.184875
0.20057872
0.0736234
0.0651979
0.1474325
0.22200134
0.15259105
0.10520237
0.055615712
0.049295224
0.01325758
0.03256596
0.09987286
0.08509905
0.08069055
0.10364555
0.18539706
0.10918055
0.074905664
0.112808175
0.11178662
0.1343278
0.10701404
0.14179799
0.09200548
0.0872836
0.1098797
0.095983475
0.07349391
0.04896026
0.04004971
0.01446842
0.081852876
0.16305333
0.16415277
0.057358064
0.091114275
0.12435013
0.15380852
0.11078092
0.024334991
0.08381485
0.014718339
0.14287025
0.12475733
0.06480621
0.112563655
0.13331446
0.0062503973
0.120324835
0.23228109
0.1912952
0.15364748
0.22411303
0.16164716
0.020854106
0.06763621
0.07330695
0.026945015
0.070810385
0.04724002
0.047014162
0.0835123
0.05919166
0.021571325
0.024591643
0.039467536
0.05197468
0.09332734
0.020173943
0.117818214
0.11635984
0.057395387
0.18975505
0.122493975
0.049218994
0.108925045
0.068616815
0.027056864
0.105882324
0.12701617
0.1469349
0.16199166
0.08045752
0.026318105
0.09487261
0.09189648
0.03801572
0.06666876
0.061770137
0.06147832
0.06814693
0.06561155
0.1331216
0.09041745
0.0977777
0.060381204
0.09050785
0.10919043
0.05899017
0.08988519
0.069616854
0.15593429
0.21755162
0.17445724
0.099436656
0.13267596
0.095616266
0.011670467
0.14447264
0.23978926
0.24548708
0.19153138
0.052001752
0.13393581
0.10663143
0.07877495
0.090522185
0.102095276
0.10728636
0.027418131
0.06856025
0.14006147
0.099090636
0.09553082
0.23022883
0.30867702
0.19136193
0.04103565
0.07489351
0.07537431
0.07640776
0.11186749
0.11809953
0.111860074
0.031848982
0.16932465
0.26057124
0.23239315
0.12665808
0.058469936
0.109350964
0.18572477
0.15527686
0.105304636
0.14089188
0.15398356
0.10734259
0.048929762
0.040814713
0.16109103
0.14502713
0.14558807
0.16517116
0.09869956
0.07688817
0.120014444
0.02811672
0.062364317
0.018183015
0.10917988
0.13050234
0.06579228
0.04544779
0.19840649
0.32919842
0.24447508
0.103331104
0.05402976
0.07014686
0.039204746
0.069645934
0.15598166
0.14967917
0.11898733
0.11853687
0.13046402
0.07959478
0.09113271
0.18463084
0.32303828
0.26966825
0.15711796
0.16077438
0.14698975
0.117490724
0.13582124
0.0916682
0.04104072
0.023312613
0.06540416
0.081008054
0.027908552
0.08000534
0.22239667
0.3021608
0.21557583
0.12740229
0.052534204
0.13155955
0.22550598
0.1799952
0.03904761
0.098894745
0.15834907
0.118243836
0.022064932
0.14108565
0.18244016
0.21550451
0.101688325
0.24571414
0.3504797
0.21949811
0.1037698
0.047050692
0.051652335
0.10970916
0.11132659
0.13677797
0.08421739
0.1002506
0.08899228
0.01736432
0.10626796
0.18071976
0.12984702
0.02103657
0.100288644
0.04910406
0.067318626
0.17354047
0.20630446
0.024485033
0.1059749
0.051743217
0.06076415
0.119149566
0.17917924
0.19499744
0.18411571
0.10158135
0.22132638
0.11318866
0.20002662
0.3284529
0.15471563
0.09640431
0.20207825
0.2717279
0.2269858
0.15479703
0.06828668
0.064700216
0.14294954
0.10975816
0.06750631
0.13629462
0.14320718
0.12988922
0.09310453
0.027755706
0.15752286
0.20082265
0.22117989
0.20278518
0.2645435
0.3326146
0.21898253
0.21987751
0.23735927
0.19575903
0.10173529
0.15430972
0.13118237
0.15066135
0.33743948
0.42434633
0.438188
0.30905008
0.12041663
0.23882306
0.20240009
0.13788682
0.23834553
0.24119829
0.14384495
0.31940418
0.35713437
0.17184927
0.10897079
0.27379778
0.34891927
0.16238181
0.24532978
0.2730552
0.13212027
0.15464693
0.16129135
0.04010228
0.031975873
0.15998991
0.13998091
0.07192115
0.037912045
0.09622779
0.1890226
0.36263424
0.28795078
0.27794117
0.21233962
0.25849393
0.16743214
0.03772217
0.10527095
0.0848784
0.1584751
0.2611887
0.24267562
0.12511893
0.34603348
0.47530085
0.42328513
0.29216656
0.26622164
0.25134495
0.1637975
0.09441296
0.18347529
0.24065378
0.19477801
0.26923832
0.24515586
0.08692514
0.046958983
0.13152874
0.29205686
0.35345876
0.14802913
0.24575388
0.20044963
0.123293385
0.1529639
0.2294012
0.23368095
0.0887598
0.16754875
0.4293878
0.45637915
0.3093465
0.28710636
0.31147856
0.2941725
0.18612924
0.1877521
0.32373005
0.2946441
0.16110377
0.09045113
0.097075365
0.08414837
0.15921865
0.36003476
0.31937304
0.077964626
0.18711667
0.09358548
0.1231061
0.10266231
0.25205714
0.22887366
0.14378116
0.112805426
0.21873304
0.28982845
0.26864162
0.30921167
0.2877374
0.20796753
0.29261476
0.16105406
0.12422937
0.120740995
0.12600395
0.19424993
0.2558156
0.18290919
0.048940558
0.13736446
0.27743375
0.24461973
0.35380903
0.20396182
0.30160242
0.38568068
0.40765285
0.31434438
0.07199478
0.16868083
0.2421835
0.3516867
0.3775887
0.15075117
0.14333007
0.19100545
0.13487385
0.22569141
0.348999
0.43846902
0.27423957
0.14719413
0.29284415
0.24992152
0.063816905
0.17901655
0.23346616
0.35850585
0.31435505
0.25589514
0.28590322
0.2533999
0.12946671
0.2860006
0.46368736
0.4747206
0.42248267
0.08540518
0.24853826
0.2725316
0.1556489
0.26676533
0.17028262
0.3732635
0.44993427
0.04583642
0.20537223
0.069490984
0.13437453
0.21025431
0.2909798
0.5686211
0.6477477
0.56184685
0.22084866
0.19057228
0.38160002
0.43433586
0.30814332
0.28672558
0.18761516
0.20299444
0.31673136
0.2989589
0.4337872
0.45082498
0.468112
0.3740996
0.26335856
0.474699
0.47560617
0.16821639
0.18074593
0.3769596
0.6146493
0.47078118
0.17764528
0.175997
0.30111217
0.44476107
0.61924314
0.46431884
0.2644947
0.6147978
0.8102571
0.931413
0.5922132
0.22547087
0.40658155
0.38651893
0.20189424
0.32664472
0.2680844
0.23072125
0.299144
0.31002465
0.25329188
0.15931578
0.16435863
0.10653815
0.18500458
0.08818533
0.13908403
0.049448475
0.2104806
0.19090122
0.17262904
0.08398887
0.15562412
0.22627412
0.15249239
0.17445084
0.06086896
0.205566
0.2545438
0.047802683
0.1640835
0.103997
0.10637349
0.17861487
0.22057635
0.14488198
0.08464985
0.22153267
0.28736717
0.11442545
0.24776137
0.29655772
0.22971499
0.06384257
0.1907986
0.10013362
0.2451363
0.27947336
0.06031916
0.17340595
0.30333242
0.32186458
0.19257294
0.14718035
0.315733
0.36984512
0.19935295
0.09655966
0.18344593
0.2933192
0.2873626
0.30779195
0.3179985
0.27157778
0.10376546
0.15676188
0.14579117
0.16031772
0.23089999
0.10973508
0.033502568
0.023938239
0.07065026
0.16238871
0.2484055
0.13196237
0.137108
0.18937968
0.06723648
0.07794867
0.10701641
0.110166214
0.17006756
0.18535075
0.13837843
0.11916383
0.20370407
0.1885343
0.052368898
0.12683892
0.12650955
0.12888953
0.02523222
0.14698191
0.28432322
0.34339517
0.24130297
0.1257831
0.11713446
0.13873003
0.07041178
0.11713531
0.115683466
0.020235373
0.11980137
0.13722225
0.108056724
0.15507066
0.25741202
0.110741705
0.085431375
0.04346239
0.005864776
0.07849569
0.14472815
0.1583216
0.111067034
0.13626213
0.12316027
0.08120856
0.14466049
0.14852315
0.18651514
0.21227376
0.24460644
0.19724476
0.14745842
0.083268836
0.09147624
0.17268573
0.20924218
0.2467365
0.18965597
0.10311765
0.097913556
0.03056177
0.10724557
0.14297912
0.145438
0.14818539
0.024765933
0.18136013
0.20266122
0.0647006
0.16474552
0.10243427
0.099146605
0.09991054
0.050950073
0.1505959
0.14778112
0.11067888
0.11987615
0.15738697
0.029816356
0.09257373
0.018103668
0.10197505
0.050813522
0.11765253
0.11764319
0.123212755
0.09558017
0.09746636
0.13383588
0.08038886
0.06309802
0.091632046
0.16164948
0.20360227
0.15938601
0.16005982
0.16431504
0.08221505
0.027050536
0.111809954
0.13151346
0.12851124
0.12928705
0.15874448
0.14072761
0.041939374
0.079261355
0.08547855
0.058779553
0.026479054
0.045770414
0.09443671
0.11742756
0.12254148
0.20445818
0.20259833
0.19832973
0.37251323
0.3063722
0.5351302
0.72838175
0.057863668
1.1353973
1.1377517
0.99603015
0.49909213
0.6815197
1.7037828
1.4932879
0.6651206
0.47432804
1.3437338
1.2398028
0.28621283
1.5441394
2.1615005
1.5622606
0.65397596
0.80044985
0.68728197
0.22261651
0.14877656
0.13683173
0.13500147
0.07960436
0.137011
0.19518165
0.21847542
0.16340251
0.07646873
0.14909643
0.12903284
0.110763006
0.14865722
0.122576565
0.059829902
0.055116247
0.081499085
0.098006904
0.049621098
0.09023612
0.143652
0.1834629
0.114677124
0.036725275
0.042553455
0.13074265
0.19942425
0.08480298
0.068887524
0.0614854
0.03943997
0.06636741
0.14635767
0.0943284
0.08507319
0.038343772
0.12007222
0.1544572
0.10312539
0.043646444
0.048209414
0.042581737
0.038683422
0.08020208
0.07562977
0.04637421
0.09647026
0.14290519
0.15981552
0.21403712
0.21491279
0.10478094
0.09699044
0.09517862
0.085438915
0.028682373
0.003929087
0.049542993
0.07888093
0.10293103
0.09359353
0.04095919
0.10215748
0.06624303
0.03842345
0.028888516
0.06624102
0.10082318
0.05468911
0.094091654
0.12460925
0.09409589
0.09745324
0.027439078
0.09193229
0.06407082
0.011210732
0.013618836
0.08290415
0.11300914
0.13505527
0.14666758
0.14398703
0.13031359
0.13608071
0.1771497
0.1838515
0.15632333
0.13212208
0.11428048
0.054548338
0.09317408
0.08759654
0.069804944
0.06525243
0.098830104
0.11291066
0.11298013
0.07600376
0.056539826
0.054500416
0.1420582
0.15310489
0.061358076
0.042593695
0.03598637
0.012342341
0.08345447
0.105100416
0.110021636
0.15993434
0.11572481
0.110992946
0.12241257
0.060586646
0.026677633
0.09180104
0.16805983
0.09013435
0.08924503
0.121743195
0.05924487
0.082752205
0.08670549
0.049964946
0.027392339
0.03568159
0.023616219
0.019519137
0.052515537
0.05494555
0.097488
0.06993932
0.019680439
0.047195215
0.060131926
0.03294352
0.08621968
0.07941152
0.09559676
0.10436363
0.12651053
0.055666834
0.069249295
0.072156996
0.065293536
0.07502722
0.020393923
0.12954253
0.13547647
0.09813807
0.06445704
0.022177303
0.04553751
0.10351156
0.04849173
0.09340889
0.11952865
0.090755075
0.12927274
0.10572927
0.0064512235
0.017646026
0.012633024
0.05699167
0.08345029
0.10855147
0.11930227
0.10356186
0.06724727
0.054996356
0.04163565
0.03883493
0.04998895
0.0760254
0.09746808
0.06403255
0.04623363
0.019203862
0.036829203
0.046741337
0.07679164
0.012354242
0.08547158
0.031966224
0.060861543
0.060168754
0.0058903107
0.056972023
0.053074237
0.03023297
0.025144948
0.05655295
0.059332043
0.028777646
0.009897579
0.01749964
0.042339344
0.05535082
0.0798541
0.05890476
0.06392909
0.058811
0.019926723
0.049945608
0.03559023
0.040434174
0.015410581
0.038383756
0.038215246
0.023841385
0.053979732
0.05302219
0.058418874
0.04005705
0.03458856
0.0408285
0.04067543
0.068855666
0.037230395
0.01600664
0.01280623
0.015716098
0.03394906
0.051398598
0.039507456
0.02331459
0.029339416
0.039209638
0.084479
0.12559853
0.105335556
0.080125675
0.05987382
0.042314366
0.025906857
0.037669204
0.08606429
0.05703938
0.006128806
0.02277741
0.052310433
0.06362831
0.06338384
0.07587993
0.07472255
0.05243257
0.009774579
0.049219772
0.085762985
0.052717667
0.03808031
0.0121641215
0.06171536
0.062879995
0.052693043
0.065707654
0.04491793
0.045170657
0.015901355
0.019852903
0.0017053433
0.031714715
0.04651391
0.03836663
0.018616067
0.047027502
0.05488756
0.021109225
0.021681968
0.045709472
0.07231702
0.05661825
0.025221525
0.018283518
0.031053372
0.04509791
0.042587403
0.0189706
0.02520995
0.04400657
0.069720306
0.058725707
0.018590303
0.029771645
0.044389535
0.01740467
0.04777212
0.023882153
0.018797837
0.020466954
0.032056894
0.04134178
0.04555693
0.05225517
0.047955
0.0081092585
0.020844681
0.03303288
0.032780886
0.02653711
0.021752706
0.04848255
0.009598396
0.030330729
0.015149531
0.066765785
0.060798097
0.038517334
0.05764185
0.03243066
0.021552475
0.014933102
0.009851436
0.051895376
0.02914315
0.06272142
0.08691498
0.092982784
0.06983216
0.003051847
-0.0061036795
-0.006103658
-0.0061036292
0.0061035934
0.00610355
0.00915525
-0.0061034425
-0.024413511
-0.009154959
-0.0030516135
0.009154711
0.015257618
0.0030514733
0.0
-0.006102724
-0.003051301
0.0030512363
0.006102336
0.003051096
0.0091530625
0.009152825
0.0
0.0
-0.006101366
-0.0030505897
0.0030504928
0.0
0.009150865
0.0030501804
-0.003050069
-0.006099908
-0.006099671
0.009149141
0.012198351
0.012197834
-0.0030493257
-0.009147568
0.0030490493
0.0
0.012195034
0.01219443
0.0
0.0
-0.009144401
-0.0030479687
0.0
0.0
-0.0030474518
0.0030472726
0.0030470896
-0.0030469028
0.0
-0.009139556
-0.0030463214
0.0
0.006091832
0.012182832
0.0030454963
0.0060905623
-0.0030450623
-0.00913452
-0.0030446139
0.0
0.0030441512
-0.0030439147
0.0
-0.0030434304
-0.0060863663
-0.0060858643
-0.01217071
0.0
-0.0030421577
0.0060837846
0.00912487
-0.009124054
-0.0030410753
-0.0060815914
-0.006081025
0.006080452
0.0
-0.012158567
-0.012157378
-0.009117131
-0.006077478
0.009115293
-0.0030381195
-0.009113412
-0.006074971
-0.0060743266
0.0060736747
0.009109524
0.0
-0.0030358385
-0.0060709966
-0.00607031
0.0030348075
0.018206742
0.01213641
0.009101234
-0.0060667666
-0.015165092
-0.0030326499
-0.006064556
0.01212761
0.00909457
-0.0060622813
-0.006061509
-0.0060607293
0.0
0.0060591493
-0.0030291742
0.0
-0.0060567255
-0.0030279518
-0.0030275374
-0.0030271192
0.0
0.006052545
0.0060516875
-0.0060508233
-0.003024976
-0.00907361
-0.006048188
-0.0030236477
0.0060463957
0.0
-0.0030222875
0.009065482
0.0030213632
0.0060417918
0.0060408497
-0.0060399007
0.0060389447
0.0060379817
0.0030185059
-0.0060360343
-0.009052576
-0.009051089
-0.0030165305
0.012064112
0.006031044
0.0030150122
-0.006028998
-0.012055931
0.0030134625
0.006025878
0.012049647
0.0060237623
-0.003011347
-0.006021619
-0.0030102683
0.009029171
0.0060183513
0.009025872
0.0
-0.0060150204
-0.0030069482
0.0030063826
0.0030058138
-0.0030052413
0.0060093305
-0.0030040857
-0.0060070055
0.0
-0.006004653
-0.003001733
-0.0060022725
-0.009001607
-0.008999796
-0.0029993248
-0.002998714
-0.0059962
0.0029974822
-0.005993722
-0.0029962363
0.0
-0.0059899534
-0.0029943418
-0.0059874067
-0.0029930614
-0.011969664
-0.0119670695
-0.00598223
-0.008971378
-0.0029898002
-0.01195655
-0.005976943
-0.002987802
0.0029871291
0.0029864528
-0.011943092
-0.008955269
-0.005968806
-0.0029837128
0.0029830192
0.0029823224
-0.002981622
-0.017885508
-0.0059604216
-0.0059590004
0.0029787861
0.011912274
-0.0029773477
-0.0029766234
-0.011903582
-0.011900657
0.0
-0.005947383
-0.0029729502
-0.005944411
-0.0059429146
-0.0029707055
-0.0029699504
-0.005938384
-0.0059368606
-0.002967665
-0.011867586
0.0029661243
-0.002965349
-0.0029645702
0.008891364
-0.008889007
0.0029622135
-0.011845685
-0.008881876
-0.0029598265
-0.002959024
0.011832872
-0.0029574088
-0.0059131924
-0.014778902
-0.011819844
0.0029541384
0.0
0.008857449
-0.0029516502
-0.008852442
-0.020649822
-0.014745658
0.0029482855
-0.01473718
-0.002946583
-0.008837181
-0.020614073
-0.008832013
-0.014715691
0.0029422687
-0.0029413959
-0.0029405195
-0.00587928
-0.011755029
-0.008813613
-0.008810944
0.0029360885
-0.0029351923
-0.0029342927
-0.00586678
-0.0058649676
0.0029315744
-0.008791985
0.0029297455
0.0
-0.005855807
-0.0029269776
-0.011704193
-0.0029251156
0.0
0.0
-0.0058445963
-0.01168541
-0.014602018
-0.020436158
-0.005836991
-0.011670147
0.0029165747
0.0
-0.0145732025
-0.0029136685
-0.011650774
0.0
0.0087322
0.0
0.0
-0.014538842
-0.008720321
-0.005811551
0.0029047744
0.008711309
0.005805524
0.0
-0.00870221
0.008699158
0.0
0.0
0.0
-0.014478086
-0.00868375
-0.00868064
0.00867752
0.0057829265
0.002890417
0.008668101
-0.008664942
-0.002887258
0.008658596
0.0028851363
0.008652211
0.005766003
-0.0028819295
-0.008642563
0.0
0.0
0.002877609
0.0028765209
-0.0057508596
0.0028743353
0.0028732377
0.011488548
0.011484132
0.0
0.0028688156
-0.011470809
0.0028665855
0.0057309316
0.0028643429
0.0085896505
-0.0028620877
0.0028609554
0.0
0.0
0.005715079
0.0057127895
0.0
-0.0028540955
0.0028529412
0.0
0.0057012467
0.011397839
0.0028482927
0.011388492
-0.008537849
-0.002844774
0.0028435946
-0.0028424123
0.008523681
0.0028400384
0.0
-0.002837652
0.0
0.0
0.0028340495
0.01133137
-0.008494898
-0.0028304192
-0.0028292031
-0.008483951
0.0028267615
-0.002825536
0.0028243074
0.0
-0.0056436826
0.0
0.0
0.0028181192
0.0028168724
0.0
0.0
0.0028131139
-0.002811855
-0.005621186
0.0028093278
-0.0056161196
0.0
-0.0028055147
-0.008412713
0.0
-0.0028016747
0.0
0.0027990995
0.0
0.0
0.0
0.0055878265
0.0027926092
-0.0027913023
-0.0055799843
-0.011154717
-0.011149453
-0.005572089
0.0
0.0
0.0
-0.0055614784
-0.008338217
-0.0027780689
-0.0055534584
0.013876934
0.0
-0.013863464
-0.011085365
-0.016619923
-0.00276863
0.0027672697
0.0
-0.0027645405
-0.008289515
-0.0082853995
-0.0055208504
0.0027590476
0.0
0.0027562834
-0.005509794
-0.0137675395
-0.0055042314
-0.0055014417
0.0
0.0054958444
0.0027465185
0.002745112
-0.008231107
0.0
0.0054817502
0.008218371
0.013690182
0.0
0.0054703723
-0.0027337568
-0.0027323244
0.0027308895
0.0027294515
-0.0027280108
-0.008179701
-0.0027251206
-0.0081710145
-0.0027222193
0.008162294
0.0054386137
0.0054356926
0.0
-0.002714917
0.0
-0.0027119764
0.0
-0.008127074
-0.010830179
-0.010824247
-0.0027045761
0.0054061757
0.005403193
0.0081003085
0.002698606
0.0
-0.008086813
0.0026940994
0.0026925916
-0.0026910813
0.002689568
-0.0026880521
-0.0053730668
0.0
0.0026834877
0.008045883
0.0026804314
0.0
0.0
-0.0026758262
0.0
0.0026727428
0.0026711968
0.0
0.0
-0.0053330865
-0.010659946
-0.007990282
-0.0053237304
-0.005320601
-0.0079762
-0.00797149
-0.007966773
-0.0026540156
0.005304875
0.002650857
0.0052985474
-0.007943063
-0.013230496
-0.005289016
-0.010571657
0.0
0.0
-0.007914351
-0.010546051
-0.010539623
-0.0052665924
0.0
0.0026300694
-0.007885356
-0.007880496
-0.013126047
-0.013117922
-0.0052439133
-0.0052406527
0.0
-0.010468232
-0.013077101
-0.007841338
-0.005224273
-0.0026104907
0.0
-0.0026071917
-0.0078166155
-0.01041553
-0.0078066722
-0.0026005632
-0.0025988996
-0.007791701
-0.01038226
-0.007781682
-0.005184441
-0.0077716336
-0.0051777316
-0.0051743696
-0.0051710024
-0.0077514458
-0.00774638
-0.007741307
-0.010314968
-0.005154092
-0.0051506953
-0.00772094
-0.0077158296
-0.007710712
-0.010274116
-0.0077004544
-0.00513021
-0.0076901675
-0.0025616712
-0.0076798517
-0.0076746824
-0.0051130042
-0.007664323
0.002553044
-0.0051026223
-0.010198304
-0.0076435157
-0.015276592
-0.012721782
-0.0076278346
-0.010163458
-0.0076173446
-0.002537363
-0.0050712177
-0.0076015564
-0.007596279
-0.007590995
-0.0050571356
-0.007580405
-0.0075751
-0.0075697876
-0.015128936
-0.012598569
-0.015107615
-0.005032311
-0.002514373
-0.010050353
-0.0050216024
-0.012545058
-0.010028879
-0.0025054256
0.0
-0.0025018305
-0.010000118
-0.009992905
-0.012482103
-0.0074838377
0.0
0.0
0.0024891752
0.0
-0.004971078
-0.0074511524
0.0024818936
0.0
0.0024782394
0.007429227
0.0024745762
-0.004945482
-0.004941808
-0.004938129
0.0
0.002465379
0.0024635328
-0.0024616846
-0.0073795025
-0.004915963
0.0024561265
0.004908539
0.0073572304
0.009802195
0.0024486852
0.0024468193
-0.0048899027
-0.0048861625
0.004882418
0.004878669
0.004874916
0.0024355792
0.0024336984
0.0024318153
0.0048598605
0.0072841286
0.009704614
0.009697048
0.0024223684
0.007261418
0.0048371498
-0.0024166747
0.0024147728
-0.0024128687
0.0
0.0024090542
-0.0024071436
-0.0024052311
-0.0024033168
0.0
0.0095979255
0.009590243
0.004791276
0.0023937132
-0.0023917863
0.0
0.004775853
0.0071579805
0.0
0.0023821215
0.004760365
0.0
0.004752597
0.0047487067
0.0047448124
0.0
0.0
-0.0023665533
0.0
0.0
0.0
0.0047174427
0.004713517
0.0
0.004705654
0.004701717
-0.0023488877
0.0
0.0
-0.002342964
0.0
0.004678011
0.0046740463
0.0
-0.0023330532
-0.0023310652
0.0
0.004654167
0.00465018
0.0
-0.0023210973
-0.004638196
-0.0046341936
0.0
0.004626178
0.004622165
-0.002309074
-0.006921191
-0.0069151544
-0.0023030373
-0.0023010215
-0.0068970113
-0.006890953
-0.006884889
-0.00229294
0.00458183
0.0045777764
-0.0022868598
0.0045696585
0.0
-0.0022807634
0.009114911
0.0068300706
0.004549302
0.0
0.0045411345
0.0045370455
0.0090659065
0.0113221435
0.0045247576
0.004520655
0.0
0.0
0.0045083254
0.004504209
0.0090001775
0.008991931
0.0
-0.004487708
-0.0067253616
0.0
0.0067129456
0.0044711535
0.0044670063
0.002231428
0.0
0.0044545447
0.0044503845
0.0022231105
0.013326162
0.004437884
0.00443371
0.0132886
0.002212677
0.008842341
0.01104246
0.0044127945
0.008817203
0.008808811
0.0022001031
0.006594006
0.010979496
0.006581384
0.010958444
0.010947906
0.0043749446
0.010926808
0.0065497486
0.0021811358
0.0065370617
0.0021769037
0.0
0.0021726657
0.0065116324
0.006505264
0.010831485
0.010820854
0.0021620435
0.0021599147
-0.0043155686
0.0021556523
0.0129211135
0.008605536
0.006447743
-0.00214711
-0.0042899414
0.00214283
0.0064220633
0.008554176
0.008545596
0.0021342526
-0.0042642094
0.0021299555
0.008511218
0.0042513045
0.014864491
0.012728062
0.0042383745
0.0063510886
0.0042297407
0.0021127097
0.0021105479
0.0021083844
0.008424879
0.008416214
0.008407544
0.008398869
0.0020975473
0.0041907514
0.008372812
0.0020910287
0.0041777063
0.0
-0.0041689966
0.0041646375
0.006240414
0.0062338677
0.0062273177
0.0020735878
0.0
0.0
0.006201078
0.0041296724
0.0
0.0
0.0
0.004112129
0.006161605
0.012310026
0.00819789
0.006141818
0.006135215
0.0040857387
0.0061219977
0.0040769223
0.0
-0.0020340483
-0.00203184
-0.0020296304
0.0020274199
0.004050416
0.006068985
0.0020207807
-0.0020185653
0.0
0.0
-0.006035737
0.0020096924
0.0060224137
0.002005249
0.0020030257
-0.008003205
-0.0019985756
-0.0039926977
-0.0039882422
0.0039837845
0.0019896622
0.001987431
-0.0019851988
-0.0059488965
0.0
0.0039569912
0.0039525186
0.003948043
0.0039435662
0.0
0.0
0.0
-0.0019628182
0.003921149
0.0019583295
0.003912167
0.0039076735
0.0019515889
0.0
0.0
0.0038896785
0.0019425874
0.0038806694
0.0058142426
0.0
0.0
0.0019313137
0.0019290559
0.005780392
0.005773613
0.0019222773
0.0
-0.0038355072
0.0
0.005739678
0.009554805
0.013360865
0.0057192845
0.0
0.0038037833
0.003799244
0.009486758
0.015160642
0.003785616
0.001890535
0.0
0.0037719726
0.007534843
0.005644303
0.0037583138
0.0
0.0018745998
0.0
0.003740079
0.007471032
0.0055964277
0.0037263858
0.0
0.0
0.003712678
0.0074162115
0.00925883
0.005548435
0.0018471899
-0.0018449007
0.0
0.00552096
0.0
0.0036714727
0.0036668868
0.0018311498
0.0036577107
0.0036531207
0.0
0.0
0.0018196709
0.0
0.0054452233
0.005438326
0.0018104754
0.005424524
0.0018058736
0.0018035716
0.0018012691
0.0017989659
0.003593324
0.0
0.0053761574
0.0
-0.0017874404
0.0017851334
0.0
0.0017805176
-0.0017782088
0.0
0.0017735894
-0.0035425578
0.0017689677
0.0
-0.0017643437
0.0035240618
0.0017597175
0.0017574036
0.003510178
0.0035055482
-0.0017504585
0.0017481424
-0.0017458257
-0.0034870172
0.001741191
-0.0017388728
0.0
0.0017342351
-0.0017319154
0.0017295954
0.0034545495
0.0
0.0
-0.0017203101
-0.0034359752
0.0017156648
0.0034266827
0.0017110176
0.0
-0.0017063686
0.0
0.001701718
0.0
0.0033941315
-0.001694739
-0.0016924118
0.0016900843
-0.0050632693
0.0
-0.0016830994
-0.0016807704
0.0
0.0
0.0016737811
0.0
-0.0033382396
-0.0016667887
0.0016644573
0.0016621253
0.0033195866
0.0016574608
0.0
0.00330559
0.0016504617
0.003296256
0.0032915883
0.0
0.0032822508
-0.0016387906
-0.0016364555
0.0
0.0
0.004888347
0.0048813387
0.0032495533
-0.0016224402
0.0
0.0
0.004846288
0.008065459
0.0016107543
0.0
-0.0016060785
0.0
0.006405608
0.007995317
0.006386899
0.0
0.0
0.0
0.0015873683
0.0031700577
0.0031653785
0.0015803494
-0.0031560191
0.0
0.0
0.0015709891
0.0062745954
0.004698925
0.0046919035
0.0031232545
-0.0015592865
0.0015569457
0.0
0.001552264
0.003099846
-0.0030951637
-0.0030904815
0.0
-0.0015405584
0.0015382172
0.003071752
0.0015335347
0.0015311934
0.0030577043
-0.0015265108
0.0
0.0030436565
0.0
0.003034291
0.0
0.0015124631
0.0015101219
0.0015077807
0.0015054396
0.0
0.00600303
0.0044952496
0.0029921513
-0.0014937348
-0.0029827883
-0.0014890534
-0.0014867128
0.0014843723
0.0
-0.0014796916
0.0
0.0
-0.0014726714
-0.0029406631
0.002935984
-0.0029313047
-0.002926626
-0.0014609736
-0.0058345385
0.0029125912
0.0029079136
0.0014516183
0.007246399
0.0014469415
-0.0028892069
-0.0014422656
-0.0028798557
0.0
0.0
-0.002865832
0.0
0.0
-0.0028518124
0.0
0.0
-0.0028377967
-0.0028331259
-0.0028284555
-0.0014118929
-0.0014095583
0.001407224
0.0014048899
-0.0014025561
-0.0014002225
-0.0013978893
-0.002791113
-0.0041796714
-0.0013908916
-0.0027771192
0.002772456
0.0055355867
0.0013815657
-0.0013792351
-0.0027538096
-0.0041237245
0.0027444905
0.002739832
0.0027351743
0.004095776
0.0
0.0013606028
-0.0013582754
0.0013559485
0.001353622
0.0013512959
0.0026979402
0.0013466448
0.0013443199
0.0026839909
0.0013396714
0.0013373479
0.0026700494
0.001332702
0.0
0.0026561162
0.0013257368
0.0013234159
0.0013210955
-0.0013187756
0.0013164562
0.0026282747
0.001311819
0.002619002
0.0013071836
0.0
0.0
0.0
-0.0025958386
0.0
0.0012932903
0.0012909767
0.0025773272
0.0
0.0
0.0012817276
-0.0025588335
0.002554213
0.0012747968
0.0012724877
0.0
0.0012678714
0.0
0.0
0.0
-0.0012586459
0.0012563411
0.0
0.0
-0.002498861
0.0
0.0037344801
0.0037275774
0.0037206765
0.0
-0.0024712542
-0.0036999865
-0.0024620628
0.0012287345
0.0012264384
0.001224143
-0.0024436966
-0.0036586628
0.0
0.0
0.0036380298
0.0024207712
0.0
0.0024116111
0.0012035168
0.0024024574
0.0035968241
0.0011966549
0.0011943692
0.0
0.0
0.0
0.0035557018
0.0011829521
0.0011806712
0.0023567819
0.0011761115
0.002347666
0.0
0.0
0.0011670024
0.0
0.0011624529
0.0
0.0
-0.0023112698
0.0
0.0
0.0
0.0
0.0022885785
0.004568091
0.0022795144
0.0011374926
0.0022704578
0.0
0.0
0.0
0.0
0.0022478483
0.0
0.0
0.0
0.0011148974
0.002225286
0.0022207797
0.0011081374
0.0
0.0
0.0
0.0010991379
0.0010968907
0.0
-0.0010923989
-0.0032704638
-0.0010879113
0.0
0.004333711
0.0043247505
0.002157897
0.0010767104
0.0
0.0
0.0021400051
0.0010677687
0.0021310719
0.0010633043
-0.0031832212
-0.0010588443
-0.0010566158
0.0010543886
0.0021043248
0.0010499373
-0.0010477134
-0.0010454906
0.001043269
0.0010410484
0.002077658
0.0020732216
-0.0010343937
-0.0010321777
0.002059926
0.0010277494
0.0010255369
0.0020466514
-0.0010211156
-0.0020378134
-0.001016699
-0.0010144925
0.0010122872
0.0010100831
-0.0010078803
0.0010056787
-0.0010034782
-0.004005116
-9.990811E-4
-9.968844E-4
-0.001989378
9.924946E-4
0.0
-9.8811E-4
-0.0019718392
-0.0019674608
-0.0029446275
-9.793559E-4
0.0
-9.749866E-4
0.0
-0.0019412448
0.0
0.0
-0.001928172
9.619098E-4
0.0
-0.001915123
-9.553893E-4
-9.532185E-4
0.0
9.4888086E-4
9.4671414E-4
0.0
-0.002827154
-0.003760888
-0.003752243
-9.3590084E-4
0.0
-9.315852E-4
-9.294295E-4
-0.003709101
-0.002775367
-9.229708E-4
0.0
0.0018373441
-9.165249E-4
-9.143791E-4
-9.1223477E-4
-0.0027302755
-0.0027238512
-9.0581045E-4
0.0
0.0
0.0
-0.0035890606
-8.951325E-4
-8.930013E-4
-8.908717E-4
8.887435E-4
-8.866168E-4
0.0
-8.82368E-4
-0.0026407377
-0.0026343758
-8.7600615E-4
0.0
-8.717726E-4
-8.696581E-4
-0.0026026354
-0.0043271687
-0.0043166196
-0.0017224313
8.591089E-4
-8.570038E-4
-8.549002E-4
-0.0017055965
-8.506978E-4
0.0
0.0
8.4440614E-4
0.0
-8.402197E-4
0.0
-8.360398E-4
0.0
-8.318663E-4
-0.001659564
-8.276994E-4
-0.0016512367
-8.23539E-4
0.0016429226
8.193853E-4
-8.173109E-4
-0.0016304763
-0.0024395015
-8.110978E-4
8.090301E-4
0.0
0.0
-0.0016056744
-0.0040038815
-0.0023961514
-0.0015933193
0.0
7.9254986E-4
-7.904975E-4
-7.88447E-4
-0.0031455925
-0.003921755
-0.0031292227
-0.0015605241
-0.0015564404
-7.7618007E-4
0.0
-0.003088421
-0.0030802817
-0.0015360749
-0.0015320124
0.0
0.0
-0.0015198466
-0.0015157985
-0.0015117541
-7.538566E-4
0.0015036761
0.0014996425
-7.4780633E-4
-0.0022373796
-0.0037189096
-0.0022253175
-7.397649E-4
-7.3775917E-4
0.0
-7.3375326E-4
-0.0014635063
-0.0021892644
-0.0021832753
-0.0014515277
0.0
-7.2178047E-4
-0.0014395831
-7.178046E-4
-0.0014316391
-7.138364E-4
7.1185513E-4
-7.098758E-4
0.0
-0.0014118458
-0.0014078987
-7.0197775E-4
-7.0000807E-4
0.0
0.0
-6.941107E-4
-0.0027685952
-0.0027607556
-6.8823097E-4
-0.0013725499
-0.001368642
-0.001364738
-0.0020412568
-0.0020354127
-0.0013530498
-6.745808E-4
-0.0020179164
-0.0013413975
-0.0013375215
-0.0020004741
-0.0019946722
-0.0013259177
-0.0019830866
-0.002636404
-0.0032858758
-0.0032762568
-0.0019599888
-0.0019542298
0.0
-6.4757676E-4
-0.0019369897
-0.0019312555
-0.0019255274
-0.0012798704
0.0
0.0
-0.0019026777
-0.001896981
-0.0018912907
0.0
6.2664296E-4
-6.247525E-4
-6.228641E-4
-0.0018629337
-0.0024763753
-0.0012344238
-0.0012306642
-0.0012269089
0.0
-0.0018291166
-0.0018235031
-0.0018178959
-0.0030204921
-0.0018067012
-0.0018011136
-0.0023940434
-0.0011933054
-0.0017843901
-0.0011858857
0.0
-0.0011784838
-0.0017621841
-0.0011710995
-0.0017511209
-0.0017455992
-0.0011600562
-0.002312768
-0.0017290744
-0.0017235795
-0.0022907883
-0.0011417399
-5.690451E-4
-5.672224E-4
0.0
-0.0011271678
-0.0016853041
-0.0016798633
-0.0022325725
-0.0011126682
-0.0011090547
-0.0022108916
-0.0016527621
-0.0010982417
-0.0016419697
-5.4552796E-4
-0.00108747
-0.001625833
-5.40156E-4
-0.0010767399
-0.0010731725
-0.0010696098
-0.0010660517
-5.3124916E-4
0.0
0.0
-5.259331E-4
-0.0010483316
-0.0015672026
-0.0010412766
0.0
5.1712024E-4
0.0
-5.1361165E-4
-0.0010237219
-0.001530338
-5.0836673E-4
-5.066232E-4
-5.04882E-4
0.0
-5.0140696E-4
-0.0014990192
-0.0014938248
-4.962125E-4
-4.9448584E-4
4.927616E-4
4.910398E-4
-4.893205E-4
-4.8760357E-4
-4.858891E-4
-0.0014525312
0.0
0.0
-4.7905574E-4
0.0
0.0
0.0
4.7226183E-4
4.7056953E-4
9.3775947E-4
4.671924E-4
-0.0013965227
4.6382527E-4
4.6214546E-4
4.6046812E-4
9.175866E-4
-4.57121E-4
-9.1090245E-4
4.5378396E-4
4.5211922E-4
9.00914E-4
4.4879733E-4
-4.471402E-4
4.4548558E-4
-8.8766706E-4
-4.42184E-4
4.4053706E-4
4.3889263E-4
8.745016E-4
0.0
-8.6794957E-4
-8.6468126E-4
-8.6141814E-4
-4.2908007E-4
8.549073E-4
0.0012774895
0.0
-4.2258998E-4
-4.2097393E-4
-4.1936047E-4
0.0
8.322828E-4
8.2907156E-4
-8.258656E-4
-4.113324E-4
-8.1946934E-4
-8.1627903E-4
4.0654704E-4
0.0
0.0
8.035707E-4
0.0
0.0
0.0
0.0
0.0
0.0
-7.8153523E-4
0.0
0.0
0.0
0.0011535914
0.0
0.0
0.0
-3.7833632E-4
0.0
0.0015010218
3.737191E-4
3.721854E-4
3.7065445E-4
0.0
0.0
0.0
3.645579E-4
0.0
0.0
0.0
-0.0014340203
-7.1399746E-4
3.5549514E-4
-3.539943E-4
0.0
-7.0200185E-4
-0.0010485252
-3.480186E-4
-3.465316E-4
0.0010351421
0.0
0.0
0.0
-3.391383E-4
0.0
0.0010086015
3.347358E-4
0.0
3.3181484E-4
-3.3035857E-4
0.0
9.823635E-4
3.2600667E-4
9.7368506E-4
3.2311952E-4
0.0
-6.4048736E-4
0.0
0.0
0.0
6.290522E-4
3.1310384E-4
9.3505334E-4
-3.1026787E-4
0.0
3.0744335E-4
0.0
6.0926063E-4
0.0
0.0
3.004323E-4
-5.980775E-4
0.0
2.9626026E-4
0.0
0.0
0.0
0.0
2.8936483E-4
5.759889E-4
5.73254E-4
8.5578737E-4
5.678017E-4
0.0
5.623728E-4
0.0
5.569673E-4
8.3141006E-4
8.2737795E-4
8.2335476E-4
2.7311343E-4
5.435565E-4
5.4089207E-4
5.382335E-4
0.0010711617
7.994012E-4
0.0
7.9148775E-4
0.0
-5.2240666E-4
5.1978964E-4
7.757679E-4
5.1457353E-4
7.6796167E-4
0.0
0.0
5.0421304E-4
5.0163793E-4
4.9906876E-4
4.9650564E-4
0.0
0.0
0.0
0.0
4.8378034E-4
0.0
4.7873252E-4
0.0
0.0
4.7120618E-4
7.030644E-4
9.3243807E-4
6.9560186E-4
2.306281E-4
0.0
2.2815888E-4
4.538577E-4
6.771057E-4
4.4895598E-4
4.4651428E-4
2.2203937E-4
2.2082466E-4
2.1961302E-4
4.3680894E-4
4.3439798E-4
8.639864E-4
0.0010739864
6.4080313E-4
6.372237E-4
2.1121786E-4
6.3009275E-4
6.265412E-4
0.0010383315
6.1946595E-4
2.0531412E-4
0.0
0.0
6.054275E-4
8.0258824E-4
5.984643E-4
5.9499673E-4
1.9717953E-4
-1.9602993E-4
1.9488347E-4
5.8122043E-4
7.703998E-4
7.658516E-4
3.8065796E-4
1.8919821E-4
3.761412E-4
7.477845E-4
7.432992E-4
7.388266E-4
3.6718327E-4
1.8247978E-4
1.813711E-4
3.6053118E-4
3.5832648E-4
1.7806406E-4
1.7696805E-4
1.7587522E-4
0.0
-1.736991E-4
1.7261581E-4
0.0
1.7045879E-4
3.3877016E-4
1.6831454E-4
3.3449443E-4
-1.6618308E-4
-3.302443E-4
0.0
0.0
3.2391716E-4
4.8273144E-4
0.0
-3.1764785E-4
0.0
0.0
3.1143645E-4
4.6406832E-4
4.6099164E-4
4.5792465E-4
3.0324492E-4
4.518198E-4
4.4878194E-4
4.457538E-4
4.427354E-4
4.3972672E-4
2.9115187E-4
4.337386E-4
4.307592E-4
4.2778952E-4
5.664395E-4
4.2187952E-4
4.189392E-4
1.3866955E-4
1.3769597E-4
1.3672565E-4
0.0
1.3479484E-4
1.3383434E-4
1.3287713E-4
-1.3192318E-4
0.0
0.0
0.0
2.5628056E-4
0.0
0.0
0.0
0.0
2.4697138E-4
2.4512934E-4
2.4329392E-4
3.6219766E-4
2.3964289E-4
3.5674096E-4
2.3601836E-4
1.17108015E-4
0.0
1.1531563E-4
3.4327328E-4
4.5414618E-4
5.6325994E-4
3.3531224E-4
2.217857E-4
2.2003656E-4
1.0914704E-4
4.3311654E-4
3.222437E-4
3.1966003E-4
2.1139091E-4
1.0484092E-4
1.0398972E-4
1.0314187E-4
1.02297374E-4
3.0436867E-4
3.018553E-4
9.9783996E-5
9.8952914E-5
0.0
9.7300835E-5
2.8943951E-4
1.9132442E-4
2.8454384E-4
9.403705E-5
0.0
9.2425376E-5
9.16246E-5
3.633088E-4
2.7009955E-4
2.6772762E-4
1.7691057E-4
1.7534282E-4
4.3445462E-4
5.166829E-4
3.4136046E-4
2.5370938E-4
8.3802865E-5
0.0
2.4683762E-4
3.2608988E-4
4.0384568E-4
3.2007683E-4
2.3781802E-4
1.5705911E-4
7.778984E-5
7.705353E-5
2.2896192E-4
2.2677348E-4
2.2459528E-4
2.2242732E-4
-7.342321E-5
0.0
7.1995004E-5
7.1286035E-5
2.1174147E-4
3.4939183E-4
2.7671873E-4
2.0545325E-4
6.7792585E-5
-6.710419E-5
1.3283845E-4
2.629508E-4
2.6023845E-4
2.5753985E-4
1.2742751E-4
1.2609197E-4
1.2476333E-4
2.4688314E-4
2.4425343E-4
2.416375E-4
1.1951769E-4
-5.9111764E-5
5.846814E-5
1.734839E-4
1.7157376E-4
2.8279E-4
3.3556917E-4
1.10603716E-4
5.4678985E-5
5.4059572E-5
0.0
1.0566229E-4
3.133328E-4
2.0646637E-4
1.02029044E-4
5.041592E-5
4.9820796E-5
1.4768743E-4
1.945639E-4
1.9222511E-4
1.8990024E-4
4.6897323E-5
9.2646136E-5
9.15046E-5
9.037003E-5
1.7848486E-4
1.321827E-4
0.0
4.295074E-5
4.24009E-5
4.185455E-5
1.6524678E-4
1.6308934E-4
1.207094E-4
0.0
0.0
3.8649865E-5
7.6256E-5
1.8804817E-4
7.418955E-5
3.658342E-5
-3.6075573E-5
0.0
0.0
1.0371923E-4
1.3631706E-4
3.3588964E-5
9.930653E-5
3.2618907E-5
3.2139153E-5
6.3325824E-5
3.119019E-5
3.072099E-5
3.0255305E-5
2.9793146E-5
2.9334506E-5
2.887939E-5
8.52834E-5
8.39392E-5
5.5070388E-5
2.7094182E-5
2.66567E-5
7.866824E-5
7.737697E-5
1.0146173E-4
7.4826225E-5
0.0
2.410596E-5
0.0
2.3283988E-5
6.863492E-5
6.7428504E-5
2.2077566E-5
0.0
0.0
0.0
2.051857E-5
4.027536E-5
3.952067E-5
1.9386534E-5
3.8032562E-5
1.8649576E-5
-1.8286419E-5
1.7926812E-5
1.7570754E-5
1.7218248E-5
3.3738586E-5
0.0
1.6182044E-5
3.16875E-5
1.5509011E-5
3.0355655E-5
4.4550605E-5
1.4526133E-5
-1.4205622E-5
-2.7777342E-5
-2.7150558E-5
1.3265448E-5
2.5918354E-5
2.5312936E-5
2.4714645E-5
-2.4123481E-5
-2.3539444E-5
-1.1481268E-5
-1.119638E-5
1.0915057E-5
1.0637302E-5
0.0
0.0
0.0
9.561959E-6
0.0
9.045704E-6
-1.7585868E-5
-1.7087468E-5
0.0
-8.056054E-6
1.5635145E-5
1.5165333E-5
-7.3513343E-6
7.1235777E-6
0.0
-6.678791E-6
-6.4617625E-6
0.0
0.0
-5.8321425E-6
-5.6294257E-6
-5.430288E-6
-1.0469461E-5
-1.0085505E-5
-4.854355E-6
-4.6695386E-6
0.0
0.0
0.0
0.0
0.0
-3.635865E-6
-3.4761272E-6
-3.3199735E-6
0.0
0.0
0.0
0.0
-5.185963E-6
0.0
0.0
-4.3996383E-6
0.0
-1.9556464E-6
-5.5168252E-6
-3.45165E-6
-1.6162967E-6
-3.0207138E-6
-1.408006E-6
-3.9277325E-6
-3.6422152E-6
-1.1224888E-6
0.0
9.5009244E-7
8.6927935E-7
-1.5841134E-6
-1.4368491E-6
0.0
0.0
1.5572191E-6
0.0
-1.212383E-6
-1.0561264E-6
-9.1064436E-7
-5.1729165E-7
-4.3467065E-7
-1.796167E-7
-1.4549008E-7
-1.14955505E-7
-8.801307E-8
-1.2932566E-7
-4.4904837E-8
-2.8739146E-8
-1.6165792E-8
0.0
-1.796202E-9
-0.0
