0.45487955
0.71394175
0.9760185
0.56661683
3.1657763
3.7227528
0.49200815
4.979456
6.379859
2.7813623
1.3327014
2.1345074
1.89882
1.5983719
0.33916852
0.70424587
1.2444156
0.3120861
0.60836387
1.0154364
0.48606503
0.4087983
0.19502705
0.32208574
0.5275943
0.27471647
0.59593064
0.82702124
0.48909262
0.6678409
0.591341
0.23150095
0.111934945
0.10684477
0.4232099
0.51224667
0.57535636
0.3166716
0.093794785
0.30279154
0.4681065
0.49739367
0.45505705
0.20891926
0.48256215
0.5754224
0.25695735
0.21968347
0.40881148
0.4563462
0.6652322
0.7361332
0.49984103
0.2730656
0.40719116
0.35534427
0.4688355
0.5584403
0.30572057
0.24279162
0.32024506
0.18645541
0.413192
0.7190268
0.4013408
0.21942292
0.64738476
0.6427013
0.12121539
0.2581729
0.20222698
0.23436609
0.28026214
0.25587788
0.30846786
0.27465668
0.27796364
0.49976692
0.42582348
0.06808224
0.090994455
0.047345918
0.20836781
0.16899353
0.12524794
0.24563406
0.3433601
0.34714583
0.113199286
0.052849654
0.20528316
0.3469061
0.40240029
0.16287896
0.13620123
0.20775703
0.24407072
0.24674883
0.24704397
0.15326717
0.23557653
0.30781
0.12049603
0.05945089
0.20535305
0.27988392
0.22272684
0.32831767
0.42766383
0.39186877
0.16767201
0.1982321
0.42547128
0.35356528
0.28382444
0.08066269
0.250498
0.26347232
0.1569763
0.15050775
0.11811414
0.27758712
0.18457834
0.10686554
0.04379831
0.28363055
0.27008364
0.10795803
0.13647428
0.09653117
0.28246084
0.26536354
0.05890104
0.10708324
0.12950642
0.14341727
0.35302043
0.29742283
0.17415915
0.043798096
0.0033831804
0.042209227
0.18053687
0.29241362
0.16853148
0.1809438
0.2837943
0.11690693
0.18753736
0.088016465
0.20234483
0.24857849
0.15259142
0.037623204
0.101921104
0.21865773
0.13532138
0.14526394
0.119330704
0.09904504
0.041184787
0.05759722
0.11309826
0.19859707
0.14882837
0.3081955
0.3355542
0.31046894
0.1403141
0.16764303
0.23239236
0.3695345
0.3589953
0.3243743
0.1859956
0.15183666
0.18435548
0.1369887
0.12591508
0.09302683
0.04710706
0.062481433
0.09903501
0.08383045
0.13859226
0.1300805
0.14761692
0.2279956
0.1861979
0.31698385
0.398933
0.32839927
0.120474026
0.16659304
0.28235
0.10607723
0.17259875
0.14143814
0.047223818
0.19883238
0.23129418
0.19489437
0.22932206
0.35051727
0.30281436
0.2343021
0.06715758
0.17864974
0.0760455
0.20136406
0.19134128
0.047331948
0.13795277
0.14211346
0.15649858
0.020292772
0.18028246
0.11984575
0.2079249
0.2011415
0.10688012
0.057102874
0.124856435
0.26769322
0.25290242
0.14810938
0.15148947
0.10196111
0.10891121
0.14511858
0.09180499
0.045720685
0.060858168
0.23126528
0.16555552
0.042302415
0.09284188
0.08962667
0.14955634
0.14316513
0.20584814
0.1763462
0.33901316
0.2746489
0.14314455
0.12874535
0.21442272
0.21802154
0.10023959
0.2363989
0.23116075
0.012376594
0.034845844
0.21374212
0.21670327
0.23024517
0.17037494
0.11420631
0.19109806
0.10732568
0.075739495
0.14068997
0.096995585
0.2498403
0.34939948
0.2863171
0.05443845
0.27707863
0.1847934
0.104001455
0.07337061
0.087648354
0.01241808
0.20776232
0.20443775
0.16215347
0.2910866
0.2034631
0.12207531
0.13680801
0.13397695
0.037348215
0.185354
0.13331011
0.11485564
0.04682157
0.055112943
0.11164677
0.17553261
0.25893688
0.23238143
0.39252576
0.2771502
0.092169136
0.08157187
0.13763778
0.091153264
0.2385801
0.20274071
0.10092642
0.23907036
0.1814891
0.2820322
0.3106463
0.16148892
0.015023655
0.04239773
0.1071589
0.24569608
0.17775851
0.110484615
0.11647485
0.14030601
0.07564014
0.100152634
0.0445907
0.20010701
0.20545964
0.10430721
0.0591476
0.053531624
0.06536061
0.18354306
0.16393171
0.116787456
0.041004967
0.032358963
0.12791194
0.1509427
0.14873144
0.22182351
0.2891375
0.25613853
0.25175524
0.24588779
0.20836598
0.0935347
0.16735215
0.20207377
0.21249923
0.08051363
0.15327801
0.16665009
0.069336735
0.3142152
0.2962404
0.19062312
0.08521352
0.034973618
0.10566579
0.1630443
0.203873
0.23209947
0.05991239
0.22729048
0.26579747
0.17365982
0.09002219
0.2623178
0.18569592
0.11313108
0.15133807
0.039524954
0.04552829
0.15819055
0.29745117
0.30883622
0.30679274
0.35087207
0.29404205
0.2746465
0.20444751
0.09299985
0.21065354
0.15759799
0.11152583
0.11655049
0.26202425
0.2345787
0.24937241
0.27677867
0.23776127
0.13974981
0.26914847
0.30053344
0.15076105
0.14385436
0.19281171
0.25417683
0.24918304
0.1324536
0.05953309
0.022851527
0.14922811
0.2145772
0.2045015
0.046362292
0.2295116
0.33658335
0.144767
0.049501926
0.11921008
0.031892736
0.14291191
0.3460108
0.3534359
0.2890414
0.25281158
0.061690975
0.023260232
0.20781271
0.13721116
0.18947278
0.30353794
0.2529085
0.13782069
0.36517894
0.3048351
0.2006722
0.22564861
0.35887954
0.29754502
0.12787755
0.08245264
0.114927426
0.016804572
0.17246048
0.20279613
0.16167784
0.20180209
0.13897304
0.07021226
0.051925637
0.20599079
0.19910198
0.06771327
0.034733623
0.0330024
0.03868078
0.16501078
0.21079975
0.06994035
0.10029813
0.22087838
0.06731152
0.11278868
0.08118827
0.25046122
0.19350617
0.1681076
0.19775604
0.1843383
0.08250131
0.0061699883
0.06335862
0.20385022
0.26719832
0.013902679
0.3482705
0.28573665
0.15361759
0.17068067
0.11903044
0.09428342
0.04879118
0.110837094
0.1007278
0.10047852
0.22039045
0.19074945
0.2119758
0.14263578
0.19601022
0.1971235
0.10522052
0.2647707
0.26158974
0.19081122
0.2474864
0.11615678
0.091081776
0.038912214
0.09273064
0.1586742
0.2135674
0.34801647
0.27569312
0.16637035
0.11642933
0.011942866
0.11374895
0.08487321
0.14862391
0.15870006
0.090509035
0.10107137
0.12418664
0.106127076
0.0569067
0.05655748
0.10103681
0.13287263
0.09201306
0.029274382
0.10451597
0.094672374
0.15502138
0.16486415
0.023389367
0.058972146
0.02654881
0.10471826
0.021171018
0.14351352
0.2236267
0.045927253
0.2759522
0.34541714
0.25572103
0.0975573
0.082219295
0.10413443
0.20022857
0.1763317
0.06856416
0.056395724
0.13097331
0.087866776
0.13482621
0.2007112
0.07018032
0.18769942
0.23606913
0.05374637
0.33177808
0.34808046
0.18292333
0.06185797
0.10719586
0.12179991
0.20490363
0.14005935
0.15190098
0.33615518
0.3438148
0.282531
0.13489543
0.35640475
0.20135239
0.14576846
0.12844706
0.0877568
0.18607056
0.17842793
0.3174904
0.41340917
0.16045694
0.15609656
0.191467
0.09375332
0.26225188
0.14570276
0.2696575
0.27507058
0.307053
0.3687166
0.37212962
0.21586487
0.20400563
0.6312012
0.59441346
0.24074684
0.1009269
0.2996917
0.2682791
0.24034014
0.5839151
0.33254948
0.27795944
0.35864758
0.19060084
0.05011967
0.25625303
0.32260644
0.11952186
0.08710766
0.16676824
0.18645796
0.20749556
0.2835851
0.115331255
0.033597413
0.029831469
0.052793
0.30498642
0.52004474
0.29740018
0.41798818
0.40087262
0.48496893
0.1915472
0.048398655
0.20299841
0.2411642
0.017894449
0.11479922
0.23167826
0.39013538
0.23107807
0.5185015
0.47216704
0.39702803
0.32631588
0.13573594
0.102301724
0.22510202
0.46925226
0.5581056
0.41099784
0.26113018
0.61821496
0.49583265
0.17944698
0.17025691
0.028992731
0.19732442
0.23024265
0.26482105
0.29869902
0.110127404
0.21017121
0.1698313
0.012385867
0.1881828
0.3763243
0.26761463
0.3220673
0.4916086
0.2347257
0.23023972
0.27951303
0.3827709
0.3536858
0.3217111
0.3421469
0.2627633
0.17374232
0.37452757
0.26978207
0.13484958
0.18115252
0.120954216
0.46071056
0.39918754
0.17936558
0.4226338
0.3348141
0.075481854
0.12341669
0.15328556
0.084918015
0.15795521
0.25355688
0.16412084
0.14997922
0.21130079
0.09988187
0.19472232
0.012091087
0.29572558
0.34633595
0.25663647
0.2581712
0.22510651
0.10189099
0.087572455
0.07534738
0.056407537
0.22034535
0.25243708
0.19804712
0.040745463
0.13955644
0.109287366
0.101098984
0.14829673
0.23222926
0.34839
0.18063056
0.20280358
0.29615143
0.21834473
0.24799187
0.27440244
0.051451072
0.26125368
0.14657532
0.035776347
0.13956219
0.24325381
0.33918297
0.2084991
0.14020067
0.011032836
0.08812598
0.06896002
0.19735876
0.31074503
0.20233409
0.16193835
0.0720538
0.11864425
0.11599194
0.07504065
0.09758839
0.03691107
0.22011422
0.26674974
0.1508439
0.13075465
0.23794974
0.22444822
0.1753074
0.055879254
0.059557065
0.027012458
0.03168155
0.06453883
0.136357
0.039894957
0.23673429
0.25315142
0.12425795
0.02937891
0.079812214
0.20441645
0.21283679
0.14081556
0.19743253
0.20734592
0.14407201
0.120541334
0.0945588
0.15139553
0.15648358
0.07310732
0.18536016
0.09965363
0.08658715
0.16264568
0.23320743
0.2233787
0.075648375
0.054690186
0.04555668
0.08043907
0.12609066
0.0158008
0.13086411
0.1816124
0.17042825
0.06104738
0.14662193
0.15602416
0.0518453
0.10753258
0.10320665
0.12952773
0.10569036
0.07648886
0.14078884
0.115672
0.048096754
0.042176176
0.112557724
0.11443698
0.11527825
0.008720066
0.17976104
0.20518637
0.08454859
0.06757381
0.10160732
0.108775645
0.062896945
0.18096204
0.07181555
0.084042706
0.11933861
0.09977429
0.05381471
0.07910401
0.025523603
0.039260518
0.022693835
0.10345596
0.072206624
0.030592779
0.049600177
0.06863978
0.017602392
0.055774383
0.01948165
0.031369235
0.02231956
0.057989735
0.027244845
0.09498755
0.087439366
0.07543441
0.1323835
0.25008354
0.20158504
0.083393194
0.08278478
0.081647314
0.10807521
0.04148356
0.09524943
0.027189298
0.06013291
0.057207864
0.012630668
0.07296483
0.06451113
0.017349984
0.10217809
0.13904007
0.0830089
0.039053854
0.15573831
0.15717599
0.0698959
2.8080854E-4
0.025797967
0.028902125
0.010992331
0.06936691
0.057704307
0.018662313
0.021784496
0.11242767
0.15794942
0.15844443
0.110588536
0.062792756
0.10284205
0.049356382
0.08380148
0.09514699
0.10114207
0.13631505
0.052369274
0.029936153
0.049804356
0.07322793
0.09722911
0.09272868
0.1215319
0.12506467
0.069817334
0.024689017
0.034886308
0.03958309
0.09914034
0.13267931
0.07254252
0.03415736
0.064468466
0.09934462
0.0733108
0.029160568
0.043088812
0.06892089
0.07254744
0.051854596
0.10843819
0.062425587
0.1325662
0.15732072
0.07335398
0.060266595
0.026885254
0.034098376
0.014904807
0.029941665
0.03585912
0.07333065
0.11240328
0.033549894
0.07732792
0.10984331
0.09697418
0.12454035
0.101505175
0.036560725
0.055501066
0.057662625
0.031128109
0.06601868
0.1585975
0.17277065
0.08917584
0.03389343
9.64027E-4
0.04785864
0.034802984
0.09913861
0.11526346
0.023080634
0.08317962
0.090819344
0.043428365
0.049293686
0.053982146
0.09314234
0.17151557
0.16911961
0.110392146
0.02489255
0.104550645
0.037641924
0.13269997
0.11133658
0.0321013
0.057170283
0.053220056
0.047763735
0.01853823
0.019469373
0.04934831
0.075418025
0.019858444
0.06550562
0.08518616
0.081719846
0.1048277
0.08088733
0.06249228
0.06340465
0.057469144
0.0778564
0.111966714
0.0572404
0.016349606
0.016085839
0.04206369
0.0356486
0.032556776
0.060992934
0.06884251
0.017238224
0.08350793
0.11672305
0.07206146
0.01266915
0.065272816
0.1091991
0.051844075
0.042095385
0.007842025
0.014638633
0.041069042
0.04077243
0.08172674
0.15122196
0.06073943
0.06520025
0.075020425
0.08427092
0.04679354
0.056664046
0.09075225
0.092941165
0.049264673
0.1225065
0.08068607
0.050989218
0.03128201
0.06897397
0.1101073
0.04947685
0.048051067
0.048252203
0.03404782
0.10015165
0.17358744
0.16654818
0.14435048
0.13758357
0.103678346
0.042092986
0.10167573
0.10768253
0.09017012
0.095618516
0.045554075
0.03683477
0.007772001
0.024987161
0.046896417
0.093112476
0.06028525
0.05253867
0.020135146
0.07798111
0.048966385
0.0369194
0.06595502
0.11212331
0.1448811
0.13267487
0.14973961
0.16451934
0.11922245
0.086794615
0.06394878
0.12970306
0.12221451
0.024866486
0.04819952
0.10597994
0.09889528
0.063113265
0.027923001
0.034696177
0.089397945
0.10833293
0.10645845
0.04128412
0.028896205
0.098718815
0.12589307
0.111858435
0.05774166
0.14796348
0.19250314
0.06969802
0.033996552
0.013394265
0.10726879
0.11517819
0.07336995
0.03075578
0.0630609
0.049689498
0.041058
0.075405255
0.0391439
0.1118884
0.083360374
0.035660215
0.06976207
0.107745424
0.033451714
0.05038077
0.06400113
0.111167975
0.08158149
0.0821354
0.11915705
0.09145051
0.06692073
0.056629553
0.10033777
0.15012795
0.20477098
0.19168209
0.054864362
0.08120673
0.16153519
0.08232132
0.013781746
0.073680684
0.0977042
0.07496218
0.06273232
0.07562659
0.15519384
0.0764487
0.06852272
0.053756695
0.058474768
0.14551435
0.11726461
0.020823516
0.05940914
0.06570378
0.1119791
0.11686463
0.048124153
0.08321541
0.07859917
0.043611545
0.03289782
0.07323009
0.06209874
0.06241673
0.065846965
0.03647894
0.03364525
0.09443286
0.09739318
0.06372799
0.010717072
0.081244774
0.10607911
0.054082464
0.14739947
0.21263234
0.1383069
0.04375357
0.095992714
0.04252495
0.10348852
0.14027825
0.0839624
0.0374005
0.06207585
0.054843314
0.033279285
0.15849248
0.15397543
0.03373569
0.1044228
0.07966103
0.090823986
0.04734656
0.014367726
0.044248447
0.09172229
0.062336545
0.06455396
0.03746816
0.046495236
0.117641345
0.15534404
0.16444264
0.21035755
0.10186134
0.17287919
0.1883755
0.059540182
0.16405743
0.18887167
0.14529686
0.02794354
0.058509663
0.06821523
0.06571914
0.11001376
0.09323456
0.07807017
0.10991013
0.101618335
0.12088533
0.08882103
0.053156484
0.05370785
0.06802743
0.11332979
0.092485756
0.07018176
0.09069297
0.042693034
0.1597207
0.12801754
0.049429942
0.0744701
0.06139587
0.09859011
0.14719482
0.14005494
0.090987995
0.053049773
0.052955464
0.038249727
0.18666247
0.12701537
0.11570111
0.16967581
0.07619077
0.123676635
0.11216408
0.037148796
0.076597944
0.08460505
0.080418944
0.22948857
0.24366252
0.12730384
0.050282914
0.052821618
0.0993743
0.13012119
0.12490523
0.213256
0.22383991
0.18677577
0.14166689
0.03462614
0.05470297
0.080846906
0.095118195
0.060458925
0.017314292
0.055499967
0.061167832
0.07987673
0.15085281
0.057200607
0.14693245
0.1338846
0.041127674
0.021518916
0.06610585
0.117151566
0.09242746
0.13174838
0.15183443
0.10335465
0.09206436
0.15461701
0.046574615
0.11844919
0.098624
0.12771106
0.16121995
0.21403249
0.22146511
0.14447491
0.09215636
0.09625126
0.13363259
0.115129076
0.101903506
0.17319259
0.10313646
0.1137078
0.051514074
0.028696723
0.07391096
0.05519982
0.0387977
0.107179075
0.10975004
0.095511995
0.0760623
0.0991747
0.06785813
0.08143161
0.06339722
0.08637263
0.20122589
0.21067323
0.1363271
0.016096618
0.1828774
0.25472227
0.21225044
0.1269782
0.17966692
0.12232332
0.15284967
0.1808834
0.14384058
0.07044611
0.09117566
0.06919448
0.12801717
0.089576595
0.05935643
0.048900463
0.18142812
0.20232794
0.037453376
0.11140043
0.13031584
0.15269455
0.13290451
0.06269215
0.074260384
0.056781996
0.17787562
0.21978341
0.076969355
0.10778663
0.09280965
0.14772071
0.073077284
0.03169966
0.05094789
0.093880914
0.111379385
0.12581737
0.19430245
0.11175125
0.03034914
0.11911597
0.15163414
0.11399917
0.03399093
0.12323352
0.18428056
0.17374942
0.16172165
0.017739492
0.12485133
0.061537214
0.06378352
0.12415792
0.020598002
0.16898125
0.14032039
0.11762507
0.21909629
0.09083629
0.07472373
0.03993001
0.0069769328
0.07331244
0.12813075
0.107321166
0.12958758
0.120357595
0.07464786
0.07682615
0.1750823
0.1852476
0.07338549
0.11086074
0.08410815
0.01716832
0.02802235
0.14017454
0.15404776
0.27880022
0.17378433
0.019169388
0.12808812
0.24859194
0.10414968
0.10080742
0.13501708
0.11695226
0.060561657
0.11802842
0.08313357
0.12418485
0.051398672
0.15319058
0.07646714
0.26384205
0.19130757
0.19842939
0.29267964
0.23393577
0.14775783
0.06252495
0.089617975
0.1327959
0.20930341
0.24566178
0.094716944
0.325414
0.4906216
0.37829283
0.09440635
0.16236122
0.24122746
0.13747294
0.11226243
0.18526474
0.14946371
0.21168454
0.2835394
0.32364067
0.17948577
0.13818228
0.29749075
0.137688
0.13428935
0.10217463
0.364141
0.3458173
0.1078431
0.18989855
0.24385343
0.1704105
0.20330425
0.05779236
0.08554846
0.10017694
0.034708545
0.16969767
0.11087238
0.10085126
0.17989329
0.15849045
0.13330485
0.18724391
0.23614617
0.10493872
0.22332534
0.103172615
0.13869476
0.0762477
0.07937227
0.297607
0.18860653
0.3565279
0.4838849
0.40892234
0.09506171
0.083599016
0.14075121
0.19740346
0.1186071
0.3947756
0.19354732
0.34020078
0.3220835
0.13092545
0.0843739
0.09338579
0.2595772
0.37565988
0.22802238
0.083961025
0.04844038
0.10783298
0.09793633
0.2921638
0.25145474
0.16179824
0.11208773
0.123629525
0.11184831
0.24013509
0.2650191
0.2648412
0.1529699
0.1370249
0.06366636
0.11719274
0.30632868
0.099623315
0.23826334
0.15198132
0.079004355
0.08871856
0.044453062
0.338759
0.4642742
0.32757902
0.18861377
0.21822849
0.1581423
0.20784742
0.11057972
0.15481173
0.010689467
0.08964922
0.09250583
0.20822035
0.24508478
0.25569516
0.33759764
0.38521558
0.3147778
0.26813808
0.2736113
0.19830774
0.1405612
0.14232329
0.19492699
0.28445244
0.1435143
0.12499906
0.11796819
0.092933446
0.081860095
0.15797456
0.1770275
0.2780754
0.36917734
0.22652651
0.12489042
0.07021504
0.24450898
0.29081798
0.2172886
0.253954
0.30190077
0.30994627
0.30761486
0.10841336
0.23804863
0.32369778
0.12120394
0.18223609
0.31622523
0.1288044
0.15841693
0.20146109
0.12840955
0.21662799
0.3939459
0.23088703
0.19504248
0.16866657
0.13059978
0.1555727
0.10357794
0.2754409
0.35672554
0.13626091
0.048614513
0.07559387
0.10819456
0.16578682
0.21728586
0.10089933
0.24156934
0.18893383
0.065539345
0.1548296
0.178346
0.19669014
0.13205983
0.13465981
0.16812266
0.062281303
0.26836827
0.18093136
0.017865492
0.075764164
0.14398786
0.26341292
0.23460431
0.15802471
0.15608612
0.19931734
0.095256254
0.17597456
0.1907142
0.12868851
0.062596
0.049312524
0.12657496
0.18314683
0.10226923
0.07202551
0.18251587
0.06679631
0.15013342
0.08689351
0.04788185
0.10998207
0.08922332
0.046435136
0.1811031
0.14026442
0.04027563
0.10023677
0.13743095
0.12651847
0.11643408
0.095338285
0.039327078
0.11138621
0.11643156
0.0065338793
0.03921294
0.1124326
0.13965337
0.08579841
0.05439637
0.073202394
0.12537162
0.14214334
0.07123916
0.07883367
0.07300332
0.086140715
0.12496268
0.088763766
0.13446984
0.052115668
0.05630968
0.18265963
0.22408885
0.047995664
0.07683411
0.03999477
0.083640926
0.0889877
0.02096219
0.07120357
0.09258231
0.10915773
0.04478295
0.057973683
0.031823397
0.14800549
0.16753192
0.07766107
0.10015719
0.114222534
0.07899099
0.045670975
0.042791925
0.08434869
0.011256299
0.13685842
0.19476472
0.14262143
0.097168796
0.103557415
0.096386515
0.061124615
0.0951342
0.14036496
0.1617361
0.12939048
0.07386865
0.058937714
0.05114936
0.1030634
0.08105135
0.08643591
0.09614044
0.023046605
0.121010974
0.20271577
0.14410914
0.06669808
0.095132165
0.048995323
0.04608955
0.18610525
0.22799446
0.11342917
0.08631679
0.13919537
0.14469723
0.15005529
0.12656817
0.044765934
0.100820765
0.09757755
0.030345304
0.1419498
0.11655799
0.032503802
0.031061433
0.10494343
0.17736897
0.093421556
0.07817301
0.07457399
0.07025331
0.08230525
0.063088246
0.04158551
0.06331344
0.08835597
0.059521593
0.07102235
0.089494795
0.06779411
0.08812642
0.08325026
0.03558897
0.065213144
0.09507559
0.090621576
0.053577807
0.12206423
0.10267315
0.13413803
0.13453762
0.048717305
0.05226455
0.07126742
0.07426333
0.0893151
0.051817264
0.10371905
0.24625939
0.23898177
0.11417742
0.038861714
0.013350688
0.041763972
0.047807023
0.037901286
0.053159945
0.041400656
0.13885121
0.114278436
0.12745433
0.16148856
0.08708818
0.110414185
0.17143211
0.11242525
0.05799317
0.08332991
0.043694727
0.046592917
0.08798836
0.096082106
0.0342167
0.17391704
0.19003753
0.15902944
0.13517646
0.183258
0.12120177
0.029235667
0.11130817
0.06990279
0.018762626
0.091977
0.13424514
0.07669519
0.017608285
0.033926714
0.050878353
0.06203267
0.07996141
0.10227652
0.022064425
0.072661445
0.10272218
0.068412125
0.07814286
0.1213704
0.04761027
0.1370378
0.1761969
0.29651853
0.763141
1.038059
0.61814064
0.16281092
0.3171966
0.5124988
0.46038428
0.86572945
1.3400569
1.43516
1.0861063
0.8046547
1.1686308
0.8945136
0.28277767
0.09698149
0.20672455
0.09215225
0.13221438
0.13923304
0.075529076
0.12922813
0.07115202
0.14830276
0.086578175
0.080905996
0.054015066
0.096961945
0.072647035
0.055849742
0.019033188
0.10739796
0.1643535
0.13477333
0.07577274
0.0593804
0.16878963
0.07735131
0.06803786
0.112976275
0.10812592
0.15870823
0.12259998
0.063417494
0.06632654
0.12751535
0.17201217
0.061283078
0.08877287
0.06511565
0.07735773
0.036882553
0.11063856
0.050937183
0.089303
0.13887057
0.16017753
0.13657343
0.08284134
0.031789575
0.06059091
0.10101734
0.14564057
0.10795955
0.06411907
0.09070993
0.06303293
0.026364507
0.01612587
0.03852731
0.12686874
0.20704846
0.20180354
0.12759706
0.09745264
0.1430091
0.10333259
0.04699511
0.05053042
0.11028086
0.07772975
0.037547674
0.10433318
0.15138961
0.031572003
0.027634848
0.09968412
0.06754741
0.030399289
0.072477624
0.06462991
0.05304016
0.020955333
0.11177188
0.07465276
0.090472974
0.041184314
0.030542023
0.01735016
0.049273394
0.07153893
0.04465093
0.088122204
0.09038673
0.08369568
0.054291748
0.031113736
0.022073684
0.028802702
0.04309417
0.057077277
0.057266086
0.09993648
0.03564944
0.07704435
0.09471787
0.08738053
0.03390502
0.05524529
0.08624575
0.055783268
0.021966487
0.058843672
0.008049749
0.072778225
0.16436873
0.17253405
0.09087916
0.009045773
0.045001104
0.042247016
0.022354687
0.06430367
0.03220961
0.030792685
0.07163042
0.09166912
0.055291835
0.012224272
0.027689831
0.07678475
0.11109094
0.09355641
0.10316845
0.037122358
0.08024662
0.06842865
0.023792254
0.00926919
0.025779823
0.07727339
0.15257785
0.16981485
0.09305156
0.07386041
0.09208101
0.03065886
0.075407065
0.031145636
0.06918777
0.024482993
0.06981426
0.08311804
0.051762946
0.024383098
0.027620373
0.09733072
0.09818281
0.03077781
0.017301563
0.043622643
0.06996583
0.07067958
0.03827114
0.044335693
0.07252433
0.08918769
0.087409854
0.09595851
0.06302192
0.020734131
0.05926125
0.0077598197
0.036392137
0.018627996
0.068597116
0.11162117
0.11621571
0.12211037
0.038703818
0.04906768
0.042252988
0.04640509
0.052426323
0.077472344
0.0809112
0.024842734
0.027024496
0.059429266
0.046395022
0.041506495
0.04520602
0.083098605
0.09044344
0.044220645
0.010295844
0.042329762
0.023489134
0.028800247
0.05922861
0.09749751
0.10055344
0.13265133
0.09336814
0.030664444
0.0122693805
0.020059021
0.018423535
0.0909426
0.123006515
0.07539917
0.016915904
0.02789957
0.026974555
0.077548765
0.045053534
0.062410407
0.057925135
0.029012475
0.07265727
0.10607528
0.081959724
0.103991374
0.101633735
0.032596573
0.029199453
0.030387739
0.057847463
0.09703819
0.0592878
0.044645708
0.049057283
0.035754323
0.035851683
0.01680245
0.0334995
0.05224345
0.044071887
0.024691775
0.030016204
0.045263626
0.043805677
0.055142455
0.0098952325
0.017775994
0.052133385
0.05424539
0.05251748
0.07520128
0.08222469
0.051053535
0.012426058
0.044956945
0.035565622
0.008825389
0.010792506
0.04699253
0.04570386
0.0563505
0.040853966
0.02515227
0.023840524
0.010340307
0.024487725
0.021229401
0.018890982
0.046157733
0.05868008
0.02920985
0.0016623526
0.029374456
0.031982005
0.091201976
0.061164208
0.027974635
0.07807444
0.12749577
0.11269014
0.052756976
0.020739391
0.07115655
0.088699855
0.016136164
0.018091375
0.019223578
0.03707594
0.029465444
0.04348151
0.026898267
0.014132548
0.05160565
0.053202268
0.033546787
0.042808197
0.073113695
0.050101303
-0.012207388
-0.0030518398
-0.006103658
0.0
0.0
-0.003051775
-0.0061035
0.0030517213
-0.003051689
-0.009154959
0.0030516135
-0.0030515704
0.0
0.0
-0.0030514195
0.003051362
-0.003051301
0.0
0.003051168
0.0
0.0030510207
0.0030509417
0.0
-0.003050773
-0.003050683
-0.0030505897
0.0030504928
0.0
-0.0030502882
-0.0030501804
-0.009150207
-0.006099908
-0.006099671
-0.009149141
-0.0091487635
-0.006098917
-0.009147977
-0.0030491892
0.0030490493
-0.0030489056
-0.0030487585
-0.0030486076
-0.012193813
-0.012193182
-0.009144401
-0.0060959375
-0.0060956003
-0.015238139
-0.012189807
-0.015236363
-0.015235447
-0.0060938057
-0.009140138
-0.009139556
-0.012185286
-0.018276723
-0.015229581
-0.009137124
-0.0060909926
-0.009135843
-0.012180249
-0.00913452
-0.0121784555
-0.012177537
-0.0030441512
-0.0060878294
-0.009131023
-0.012173722
-0.0121727325
-0.009128796
-0.0030426774
-0.0030424194
-0.009126473
-0.009125677
-0.0121664945
-0.015206756
-0.0060821506
-0.009122387
-0.006081025
-0.009120678
-0.012159742
-0.0060792835
-0.006078689
-0.0060780873
-0.006077478
-0.006076862
-0.012152478
-0.009113412
-0.009112457
-0.0060743266
-0.0030368373
-0.009109524
-0.0121447
-0.009107515
-0.015177492
-0.009105464
-0.009104423
-0.0060689137
-0.006068205
-0.009101234
-0.012133533
-0.012132074
-0.00909795
-0.003032278
-0.0030319025
-0.0060630464
-0.0030311407
-0.0030307544
-0.009091094
-0.0060599428
-0.0030295746
-0.0030291742
-0.0030287702
-0.0060567255
-0.0060559036
-0.0030275374
-0.0060542384
-0.0030266976
-0.0030262724
-0.0060516875
-0.0030254116
-0.003024976
-0.00907361
-0.003024094
-0.0060472954
0.0
0.0
-0.006044575
-0.0030218272
-0.0060427263
-0.009062687
-0.0060408497
0.0060399007
-0.0030194724
0.0
-0.0030185059
-0.009054052
-0.0060350504
0.0
-0.0030165305
0.0
0.0
-0.0030150122
-0.003014499
-0.0030139827
0.0
0.0
0.0060248235
0.0060237623
0.003011347
-0.0030108094
-0.0030102683
0.0
0.0030091756
0.009025872
0.006016138
0.0060150204
0.0030069482
0.0
0.0060116276
0.0060104826
0.0060093305
0.0
0.0
-0.0030029162
0.0
0.0
0.0
0.0060010715
0.0
0.0029993248
-0.002998714
0.0
0.0029974822
-0.002996861
0.0
0.0
0.0059899534
0.0059886836
0.0059874067
0.008979185
0.005984832
0.008975302
0.002991115
0.0059809186
0.0059796004
0.005978275
0.005976943
0.008963406
0.008961387
0.0
0.008957319
0.0059701796
0.008953209
0.008951139
0.0059660384
0.0059646447
0.005963244
0.01490459
0.0059604216
0.008938501
0.0059575723
0.005956137
0.0059546954
0.0059532467
0.008927686
0.0059503284
0.008923289
0.005947383
0.0
0.005944411
0.0059429146
0.0029707055
0.005939901
0.0
0.0
0.0
0.0
0.0029661243
0.005930698
0.0
0.002963788
0.0
0.0
0.0059228423
0.0
0.0
0.002959024
0.005916436
0.0
0.0029565962
0.0059115607
0.0
0.008862415
0.008859937
0.002952483
0.0029516502
0.0
0.0088499235
0.008847395
0.014741428
0.008842308
0.005893166
0.008837181
0.0029448674
0.008832013
0.008829415
0.0029422687
0.0029413959
0.008821559
0.00587928
0.008816271
0.011751483
0.0029369814
0.005872177
0.008805577
0.0058685853
0.008800169
0.008797452
0.0029315744
0.011722647
0.011718982
0.0058576525
0.014639517
0.01170791
0.0029260484
0.0058502313
0.00292418
0.0
0.008766895
0.0029213524
0.005840807
0.008758354
0.005836991
0.0058350735
0.0058331494
0.0029156092
0.0029146406
0.008741006
0.0029126934
0.0058234297
0.0058214664
0.0058194962
0.008726279
0.008723306
0.008720321
0.0029057756
0.005809549
-0.0058075394
-0.002902762
0.002901751
-0.0029007369
0.0028997194
0.0028986987
0.0028976747
0.0028966474
0.0028956172
0.0028945834
0.005787093
0.005785013
-0.0028914632
0.005780834
0.002889367
0.0028883142
0.005774516
-0.0028861987
-0.0028851363
-0.0028840704
0.0028830015
0.0028819295
0.002880854
0.0028797756
-0.0028786939
-0.002877609
0.0028765209
0.0028754298
0.0028743353
-0.0028732377
-0.002872137
-0.005742066
0.0
0.0028688156
0.0028677022
0.0028665855
-0.0028654658
0.0028643429
-0.002863217
0.0028620877
-0.0028609554
-0.00285982
0.0028586814
-0.0028575396
0.0028563947
0.0028552467
0.0028540955
0.0028529412
-0.0057035675
-0.0028506233
-0.0028494596
0.0028482927
-0.005694246
-0.00284595
-0.002844774
-0.0056871893
0.0056848247
-0.002841227
0.0028400384
0.0028388468
-0.005675304
-0.0028364544
-0.005670507
-0.0028340495
0.0028328425
-0.0028316325
-0.0028304192
-0.0028292031
-0.008483951
-0.005653523
-0.005651072
-0.005648615
-0.005646152
-0.008465524
-0.0028206035
-0.005638726
-0.0056362385
0.0
-0.0028156226
-0.0056287395
-0.0056262277
-0.008435564
-0.008431778
-0.0028093278
-0.0056161196
-0.0056135776
-0.0056110295
-0.008412713
-0.0028029578
-0.0056033493
-0.005600777
-0.0027990995
-0.008393423
-0.008389537
-0.008385643
-0.00838174
-0.008377828
-0.0055826046
-0.0055799843
-0.008366038
-0.00836209
-0.011144178
-0.005569445
-0.0027833977
-0.00834621
0.0
-0.005558811
-0.0111122755
-0.0055534584
-0.00832616
-0.008322123
-0.0027726928
-0.0055426825
-0.011079948
-0.00276863
-0.011069079
-0.00829772
-0.0027645405
-0.0055263434
0.0
-0.0055208504
-0.005518095
-0.0027576669
-0.005512567
-0.002754897
-0.0055070156
-0.0027521157
-0.0082521625
-0.008247969
-0.008243767
-0.008239555
-0.008235335
-0.005487405
0.0
-0.0027408751
-0.0027394572
-0.0054760724
-0.008209838
-0.0054703723
-0.00820127
-0.005464649
-0.0027308895
-0.0027294515
-0.0027280108
-0.008179701
-0.0054502413
-0.0027236715
-0.0054444387
-0.0027207646
-0.0054386137
-0.010871385
-0.0054327664
-0.002714917
0.0
0.005423953
0.0
-0.005418049
-0.0027075447
-0.008118185
0.0
0.0
-0.0027015966
0.0054002055
0.0
-0.0026971065
0.0
0.0
-0.0026925916
0.0053821625
0.002689568
0.0
0.0026865334
0.0
0.0
-0.002681961
-0.0053608627
-0.005357798
-0.002677364
-0.0026758262
-0.0053485716
-0.0053454856
-0.0053423936
-0.010678593
-0.008004291
-0.0053330865
-0.005329973
-0.007990282
-0.007985596
-0.010641202
-0.010634934
-0.005314327
-0.0026555907
0.0
-0.007957312
-0.010603428
-0.007947821
-0.0052953754
-0.002646099
0.0
-0.0026429142
-0.0052826353
-0.0026397186
-0.005276234
0.0
0.0
-0.0052665924
0.0
-0.0026300694
-0.005256904
-0.002626832
0.0
-0.0052471687
-0.0026219566
-0.0026203264
-0.005237387
-0.005234116
-0.0026154201
-0.0052275592
-0.007836409
-0.0026104907
-0.005217685
-0.007821575
-0.0052110767
-0.005207765
-0.005204448
0.0
-0.0025988996
-0.0025972337
-0.00519113
-0.005187788
0.0
-0.005181089
-0.0025888658
-0.0025871848
0.0
-0.0077514458
-0.00774638
-0.007741307
-0.010314968
0.002577046
0.0
0.0
-0.0025719432
-0.007710712
-0.007705587
-0.0077004544
-0.007695315
-0.0051267785
-0.007685013
-0.005119901
-0.0076746824
-0.0051130042
-0.0025547743
0.0
-0.0051026223
-0.002549576
-0.0076435157
-0.007638296
0.0
-0.0050852234
-0.0025408645
-0.00507823
-0.005074726
-0.0025356088
-0.0076015564
-0.002532093
-0.007590995
-0.007585704
-0.010107207
-0.0075751
0.0025232625
0.0
0.0
0.0
0.0
-0.002514373
0.0
0.0
-0.0025090117
0.0
-0.0025054256
0.0
0.0
0.0
0.0024982262
0.0024964204
-0.0024946127
-0.0024928025
0.0
0.0024891752
0.0024873582
0.002485539
0.0
-0.0024818936
-0.0049601356
0.0
-0.0024764088
0.0024745762
0.002472741
0.0
0.0
-0.004934446
0.0
0.0
0.0024616846
0.002459834
0.0
0.0
-0.004908539
0.0
0.0
0.0073460555
0.007340458
0.0024449513
0.0024430812
0.004882418
0.0024393345
0.004874916
0.007306738
0.004867397
0.0048636305
0.0072897905
0.0
0.0072784605
0.002424262
0.0
0.007261418
0.0
0.0
0.0024147728
0.0024128687
0.004821925
0.0072271624
0.004814287
0.0048104622
0.0048066336
0.0
0.0047989627
0.0047951215
0.004791276
0.0047874264
0.0047835726
0.007169572
0.004775853
0.0071579805
0.0071521755
0.0071463645
0.0071405475
0.004756483
0.0071288953
0.00712306
0.007117219
0.0071113715
-0.0023685063
0.0047331066
0.0047291964
0.0047252825
0.009442729
0.0047174427
0.004713517
0.0047095874
0.002352827
0.004701717
0.0046977755
0.0
0.0023449406
0.002342964
0.0023409857
0.009356022
0.0070110695
0.0070051174
0.0023330532
0.0
0.006987226
0.006981251
0.00930036
0.009292378
0.009284389
0.004638196
0.009268387
0.009260376
0.011565446
0.011555413
0.009236296
0.011535318
0.0046101026
0.0046060747
0.013806129
0.0045980075
0.011484922
0.013769778
0.00229294
0.0068727448
0.0022888882
0.0022868598
0.013708976
0.01597958
0.0022807634
0.006836183
0.009106761
0.0068239532
0.0068178303
0.0045411345
0.0022685227
0.0067994297
0.0067932857
0.0067871367
0.004520655
0.0067748227
0.0022562195
0.011270814
0.0112605225
0.0067501334
0.011239913
0.011229596
0.0112192705
0.008967149
0.008958875
0.004475297
0.008942307
0.011167515
0.006694284
0.013376106
0.0089090895
0.0044503845
0.008892442
0.004442054
0.008875768
0.00886742
0.008859067
0.004425354
0.0044211703
0.008833968
0.008825589
0.013225805
0.008808811
0.0088004125
0.008792007
0.008783597
0.013162768
0.010958444
0.01532707
0.015312307
0.010926808
0.008732998
0.006543407
0.008716082
0.010884519
0.0152234975
0.013035993
0.010852721
0.010842106
0.0064988905
0.010820854
0.010810218
0.010799573
0.010788921
0.010778261
0.0064605568
0.01075692
0.010746239
0.01073555
0.010724854
0.01071415
0.010703439
0.010692721
0.008545596
0.010671264
0.010660524
0.008519822
0.008511218
0.008502609
0.008493995
0.008485375
0.0063575623
0.0063510886
0.008459481
0.008450839
0.008442191
0.008433538
0.008424879
0.008416214
0.004203772
0.008398869
0.008390189
0.008381503
0.004186406
0.008364115
0.008355413
0.008346706
0.0104224915
0.014576231
0.008320552
0.008311824
0.00830309
0.0062207635
0.0041428036
0.008276858
0.0041340524
0.0041296724
0.0041252906
0.004120906
0.006174778
0.006168193
0.006161605
0.004103342
0.004098945
0.0040945453
0.0040901434
0.008171477
0.01020333
0.0061153835
0.0040725106
0.0040680966
0.00406368
0.0040592607
0.0060822596
0.006075624
0.00404599
0.0040415614
0.006055696
0.008065395
0.008056525
0.00804765
0.0040193847
0.008029886
0.0060157473
0.006009077
0.008003205
0.007994303
0.005989047
0.0039882422
0.0039837845
0.0039793244
0.005962293
0.0059555965
0.003965931
0.003961462
0.0019784956
0.0039525186
0.005922065
0.005915349
0.00590863
0.0039346055
0.0
0.0039256364
0.005881723
0.007833318
0.007824334
0.0019538368
0.0039031778
0.00779736
0.0038941803
0.007779357
0.005827762
0.0019403347
0.0038761615
0.001935826
0.0038671405
0.0057939407
0.0038581118
0.0038535947
-0.0019245378
0.0
0.0038400318
0.0038355072
0.0038309805
0.005739678
0.0057328832
0.00381739
0.0019064281
0.0038083205
0.0038037833
0.005698866
0.005692055
0.0037901604
0.001892808
-0.001890535
0.0037765221
0.0018859863
0.0037674215
0.0018814342
0.0018791569
0.0037537576
0.0037491997
0.00561696
0.0018700395
0.001867758
0.0037309516
0.0037263858
0.0
0.0018586244
0.001856339
0.0
0.0
0.0
0.0018471899
0.0018449007
0.0
0.0
0.0
0.0
0.0018334434
0.0036622996
0.0036577107
0.0036531207
0.0018242645
0.0
0.0
0.0
0.003630149
0.0036255505
0.0018104754
-0.0018081748
-0.0018058736
0.0018035716
0.0018012691
0.0017989659
0.001796662
0.0
-0.0035841048
-0.0017897467
0.0017874404
0.0035702668
0.0035656516
-0.0017805176
-0.0035564175
0.0
0.0
0.0035425578
0.0017689677
-0.0017666561
0.0
-0.0017620309
-0.0017597175
0.0017574036
0.001755089
0.0017527741
0.0
-0.0052444274
-0.0034916515
0.0
-0.001741191
0.0
0.0
-0.0017342351
-0.0017319154
-0.0017295954
0.0
0.0
0.0
-0.0017203101
-0.0017179876
0.0017156648
0.0017133413
-0.0034220351
-0.0017086933
0.0
-0.003408087
-0.001701718
-0.0016993921
-0.006788263
-0.003389478
-0.0067696474
-0.005070253
-0.0033755128
-0.0050562844
-0.0050492985
-0.0050423113
-0.006713764
-0.006704445
-0.0016737811
-0.0016714507
-0.0016691198
-0.0033335774
-0.0049933717
-0.004986376
-0.0066391733
-0.0066298433
-0.0016551281
-0.001652795
-0.0016504617
-0.001648128
-0.0016457941
-0.00493038
-0.0049233763
-0.0016387906
-0.003272911
-0.0032682405
-0.0032635694
-0.004888347
-0.0048813387
-0.0016247766
-0.0064897607
-0.0064804135
0.0
-0.006461717
-0.0016130919
-0.0032215086
-0.0048252493
-0.0048182355
-0.004811221
-0.004804206
-0.0063962536
-0.0031934495
-0.0063775433
-0.0015920468
-0.0015897077
-0.0047621047
-0.0015850288
-0.0047480674
-0.0047410484
-0.0031560191
-0.0015756695
-0.003146659
-0.0031419783
-0.0015686488
-0.0031326169
0.0015639679
-0.0031232545
-0.0046778596
-0.006227783
-0.0077730245
-0.0046567917
-0.003099846
-0.0030951637
-0.0046357224
-0.0030857993
-0.007702792
-0.0046146517
-0.001535876
-0.004600604
-0.0030623868
-0.0045865565
-0.0045795324
-0.0015241695
-0.0030436565
-0.004558461
-0.003034291
-0.0060592173
-0.0030249262
-0.0015101219
-0.004523342
-0.004516319
-0.004509296
-0.00600303
-0.002996833
-0.0014960757
-0.0029874695
-0.0029827883
-0.0029781067
-0.0014867128
-0.004453117
-0.0014820319
-0.0014796916
-0.0059094056
-0.0059000454
-0.007363357
-0.0058813263
-0.001467992
-0.0029313047
-0.004389939
-0.0029219473
-0.004375904
-0.0029125912
0.0
0.0
-0.0014492797
-0.002893883
-0.0028892069
-0.0043267966
-0.0043197838
-0.0014375903
-0.0028705061
-0.001432916
-0.0014305791
-0.0042847274
-0.005703625
-0.00427071
-0.0028424682
-0.0028377967
-0.0028331259
-0.0042426833
-0.0028237859
-0.0056382334
-0.0042216717
-0.0042146696
-0.0042076684
-0.002800445
-0.006989447
-0.0041866694
-0.0041796714
-0.006954458
-0.0013885596
-0.002772456
-0.0027677934
-0.0013815657
-0.0027584701
0.0013769048
-0.0013745748
-0.0013722453
0.0
-0.0054703485
-0.0027305172
-0.005451722
-0.0027212056
0.0013582754
-0.002711897
0.0
-0.0027025917
-0.008093821
-0.0013466448
-0.0053772796
-0.0013419954
0.0013396714
-0.0053493916
-0.0013350247
-0.001332702
-0.006651899
-0.0013280581
0.0
-0.0039702477
0.0
-0.0013187756
-0.003949369
0.0
-0.001311819
-0.003928503
0.0
-0.0026097335
-0.003907651
-0.0013002346
-0.0051916772
-0.0038868138
-0.0012932903
-0.00387293
-0.0025773272
-0.001286351
-0.002568078
-0.0012817276
-0.0038382502
-0.0038313193
-0.0025495936
0.0
-0.0012701792
0.0
-0.003796692
-0.0025265147
-0.0025219026
-0.0012586459
0.0
0.0
0.0012517334
-0.002498861
-0.0024942565
-0.0024896534
-0.0012425258
0.0
-0.003713778
-0.0012356271
0.0
-0.0024620628
0.0012287345
0.0012264384
-0.001224143
-0.0024436966
-0.0012195542
-0.002434522
-0.0024299368
0.0
-0.0012103856
0.0012080952
-0.0012058056
-0.0024070337
-0.0024024574
-0.0023978828
-0.0023933097
-0.0023887383
-0.0023841683
-0.0011898
0.0011875165
0.0
-0.0011829521
-0.0011806712
-0.0011783909
-0.0011761115
0.001173833
0.0011715553
0.0011692784
0.0023340047
0.0023294543
-0.0023249057
-0.0011601793
-0.0011579067
-0.0023112698
-0.0011533641
-0.001151094
-0.0034464747
-0.00343967
-0.0011442893
-0.0034260685
0.0011397572
-0.0011374926
-0.0022704578
-0.0033988983
-0.0033921127
0.0011284433
0.0011261832
0.0
-0.001121666
-0.0011194089
-0.0022343053
-0.0011148974
-0.001112643
0.0
0.0
0.0
-0.0011036358
0.0
0.0
0.0010968907
0.0021892886
0.0010923989
0.0
0.0021758226
0.001085669
0.0010834278
0.0032435628
0.0
0.0010767104
0.0010744734
-0.0021444748
0.0021400051
0.0010677687
0.0
0.0010633043
-0.0010610737
-0.0010588443
0.0010566158
0.0010543886
0.0
0.0020998747
0.0010477134
0.0010454906
0.0031298068
0.0010410484
0.003116487
0.0010366108
0.0
0.0010321777
0.002059926
0.0030832482
0.0020510738
0.0010233257
-0.0020422311
0.0
0.001016699
0.0010144925
0.0030368618
0.0030302494
0.003023641
0.0
0.0
0.001001279
0.0029972433
0.002990653
0.0029840667
9.924946E-4
0.0
-0.00197622
0.0
0.0
0.0029446275
9.793559E-4
-0.0019543413
-9.749866E-4
0.0
-9.706224E-4
0.0
9.6626347E-4
-9.64086E-4
9.619098E-4
0.0
0.0
9.553893E-4
-9.532185E-4
0.0
0.0
9.4671414E-4
0.0
0.0
9.40222E-4
9.3806075E-4
9.3590084E-4
0.0
9.315852E-4
9.294295E-4
9.272752E-4
0.0018502446
9.229708E-4
0.0018416415
0.0018373441
0.0018330498
9.143791E-4
9.1223477E-4
9.1009185E-4
9.0795045E-4
0.0027174314
9.036719E-4
0.0018030697
0.0017987984
8.9726516E-4
0.001790265
0.002679004
0.002672615
0.001777487
0.0017732336
8.8449166E-4
8.82368E-4
0.0017604918
0.0017562505
0.0017520123
8.738886E-4
8.717726E-4
0.0
0.0
8.654338E-4
8.633239E-4
8.6121564E-4
0.0
8.570038E-4
-8.549002E-4
0.0
0.0025520935
-8.48599E-4
8.465018E-4
8.4440614E-4
-0.0016846242
-8.402197E-4
8.3812897E-4
0.0016720796
0.0016679044
0.0016637326
-8.29782E-4
-8.276994E-4
-8.2561834E-4
0.0
0.0016429226
0.0016387706
0.0016346218
-8.1523816E-4
-0.0024395015
-0.0016221956
-0.0016180602
-0.0016139282
0.0
0.0
-0.0016015526
-7.9871714E-4
-0.0015933193
-0.0015892078
0.0
0.0
0.0
-7.8639813E-4
-7.84351E-4
-7.8230567E-4
-7.8026205E-4
0.0015564404
7.7618007E-4
7.7414175E-4
0.0
-7.700704E-4
0.0
0.0015320124
0.0022919304
0.0015238983
0.0015198466
7.5789925E-4
7.5587706E-4
7.538566E-4
-7.5183803E-4
7.4982125E-4
7.4780633E-4
-7.457932E-4
0.0
0.0
0.0
7.3775917E-4
0.002207266
0.0014675065
0.0021952593
0.0014595096
7.277584E-4
7.2576385E-4
0.0
0.0014435609
0.0
0.0014356092
0.0014316391
0.0
7.1185513E-4
0.0
0.0014157968
7.059229E-4
0.0
0.0014039555
7.0000807E-4
0.0013960806
0.001392149
0.0013882214
0.0020764465
0.0013803778
-6.8823097E-4
0.0
0.0
0.0
0.0020412568
6.784709E-4
0.0013530498
0.0020237425
6.7263877E-4
-6.7069876E-4
-6.6876074E-4
-6.6682475E-4
6.6489074E-4
0.0019888764
-6.610289E-4
6.59101E-4
6.5717514E-4
0.0
0.0019599888
0.0019542298
6.494923E-4
0.0
0.0
0.0
6.4184243E-4
0.0
0.0
0.0012722538
0.0
6.32327E-4
0.0018912907
-6.285355E-4
6.2664296E-4
0.001249505
0.0
6.2097795E-4
0.0012381877
6.172119E-4
0.0
0.0
-6.1157893E-4
-6.097056E-4
6.078344E-4
0.0012119306
0.0018122953
0.0012044675
6.0037116E-4
0.0011970217
0.001789958
0.0017843901
0.0017788287
0.0011821826
0.0011784838
0.0011747894
0.0011710995
0.0011674139
0.002909332
0.0017400843
0.001156384
0.0017290744
0.001149053
0.0011453942
0.0022834798
0.0022761803
0.0028361122
0.003392412
0.0011271678
0.0011235361
0.0027997722
0.0016744294
0.0022253364
0.003327164
0.0022108916
0.0011018413
0.0016473624
0.0021892928
0.0027276396
0.00326241
0.0027097217
0.0027007798
0.0021534797
0.0010731725
0.0016044147
0.0026651293
0.0026562458
0.002647374
0.0015831083
0.0015777994
0.002620829
0.0020896036
0.0020825532
0.0025943904
0.0015513607
5.1536475E-4
0.0010272233
0.0020474438
0.0020404505
0.002033467
0.0020264927
0.001009764
0.0015094299
5.0140696E-4
0.0
4.9794157E-4
9.92425E-4
0.0014834575
0.0014782848
0.0014731195
9.78641E-4
0.0
-4.858891E-4
9.683542E-4
4.824675E-4
4.8076038E-4
0.0014371673
4.7735355E-4
9.513077E-4
9.479132E-4
9.4452366E-4
9.4113906E-4
0.0
-4.671924E-4
0.0
4.6382527E-4
9.242909E-4
0.0018418725
4.587933E-4
9.14242E-4
4.5545123E-4
4.5378396E-4
0.0013563577
0.0013513711
4.4879733E-4
0.0
-4.4548558E-4
4.4383353E-4
0.001326552
0.0013216111
0.0013166779
4.372508E-4
0.0
0.0
4.3234063E-4
0.0012921272
8.5816014E-4
8.549073E-4
4.2582984E-4
4.242086E-4
4.2258998E-4
4.2097393E-4
0.0
8.3549926E-4
-4.161414E-4
-0.0012436074
4.129328E-4
-4.113324E-4
8.1946934E-4
0.0012244186
0.0
0.0
0.0
0.0
-0.0012006103
7.972483E-4
7.9409505E-4
0.0
3.9390224E-4
3.923336E-4
-7.8153523E-4
-7.7840866E-4
3.876437E-4
-7.721715E-4
0.0
3.8297792E-4
0.0
7.5976166E-4
0.001135009
0.0
3.7525545E-4
0.0
-0.0011165562
0.0
-3.6912624E-4
0.0
0.0
0.0
-7.260812E-4
0.0
-3.6001418E-4
-7.170102E-4
3.5699873E-4
-3.5549514E-4
-7.079886E-4
-0.0010574887
-3.5100093E-4
3.495084E-4
3.480186E-4
3.465316E-4
-3.450474E-4
-3.4356592E-4
-0.0013683491
-3.4061138E-4
0.001017415
3.37668E-4
0.0
0.0
-3.3327393E-4
-3.3181484E-4
0.0
0.0
-3.2745447E-4
0.0
-3.2456167E-4
0.0
0.0
-3.2024368E-4
0.0
6.3475844E-4
9.478537E-4
6.290522E-4
0.0
-3.1168445E-4
-3.1026787E-4
0.0
0.0
0.0
-3.0463032E-4
-9.096843E-4
-3.0182875E-4
0.0
5.980775E-4
5.952961E-4
-2.9626026E-4
-8.846261E-4
-2.934934E-4
0.0
5.814762E-4
0.0
0.0
0.0
-8.5578737E-4
-2.8390085E-4
0.0
0.0
5.596671E-4
0.0
-8.3141006E-4
-2.7579267E-4
0.0
5.4622686E-4
5.435565E-4
0.0
-2.6911675E-4
-2.6779043E-4
-2.6646708E-4
0.0
0.0
-2.625148E-4
0.0
-5.1978964E-4
0.0
0.0
0.0
-2.5469068E-4
-2.533971E-4
0.0
-2.5081896E-4
0.0
0.0
0.0
0.0
-2.444262E-4
-2.4315667E-4
-7.256705E-4
-7.218801E-4
-2.3936626E-4
-4.7621765E-4
-4.737089E-4
-4.7120618E-4
-4.6870956E-4
0.0
-2.3186728E-4
0.0
0.0
-4.5631776E-4
0.0
0.0
0.0
0.0
0.0
-6.6247396E-4
-4.3922605E-4
0.0
-4.3439798E-4
0.0
-4.2959454E-4
-4.272021E-4
-4.248158E-4
-4.2243573E-4
-4.200618E-4
-4.1769413E-4
-6.229989E-4
-2.0648866E-4
0.0
-4.0828536E-4
-2.0297436E-4
-6.054275E-4
0.0
0.0
-3.966645E-4
3.9435906E-4
-3.9205985E-4
-9.744174E-4
-5.8122043E-4
-0.0011555997
-5.7438866E-4
5.7098694E-4
-5.6759466E-4
-5.642118E-4
-1.8694613E-4
-0.0014865984
-7.388266E-4
1.8359163E-4
-5.474394E-4
0.0
0.0
-0.0012541426
-7.1225624E-4
-1.7696805E-4
-0.0010552513
-1.7478557E-4
-3.473982E-4
-0.0012083107
0.0
-5.1137636E-4
-6.775403E-4
5.0494366E-4
-1.6724721E-4
-6.647323E-4
3.302443E-4
-3.2812884E-4
-3.260198E-4
1.6195858E-4
-4.8273144E-4
-1.598656E-4
3.1764785E-4
1.5778546E-4
1.5675023E-4
-1.5571823E-4
-4.6406832E-4
-1.5366387E-4
1.5264156E-4
-1.5162246E-4
4.518198E-4
2.9918796E-4
-1.485846E-4
2.9515693E-4
2.9315116E-4
-2.9115187E-4
1.4457954E-4
1.435864E-4
0.0
2.8321976E-4
1.4062651E-4
-2.7929278E-4
0.0
0.0
1.3672565E-4
2.7151723E-4
1.3479484E-4
0.0
-1.3287713E-4
-2.6384636E-4
1.3097253E-4
1.3002516E-4
-3.8724323E-4
0.0
-1.2720277E-4
-3.7880568E-4
1.2533764E-4
1.2441001E-4
0.0
-1.2256467E-4
-3.6494088E-4
-3.6219766E-4
-1.19821445E-4
-4.7565464E-4
-1.1800918E-4
0.0
-3.486305E-4
-1.1531563E-4
1.1442443E-4
-1.13536546E-4
0.0
-1.1177075E-4
-4.435714E-4
-1.1001828E-4
-1.0914704E-4
-1.08279135E-4
0.0
-1.0655334E-4
-2.1139091E-4
-1.0484092E-4
-3.1196917E-4
-3.094256E-4
2.0459475E-4
0.0
-3.018553E-4
-1.9956799E-4
-2.9685875E-4
-2.9437558E-4
0.0
0.0
-9.566221E-5
0.0
-9.403705E-5
-2.7968857E-4
-9.2425376E-5
-2.748738E-4
-2.7248161E-4
-9.003318E-5
-8.924254E-5
-8.845529E-5
-8.767141E-5
-2.6067276E-4
-1.7222765E-4
-8.5340114E-5
-1.6913959E-4
8.3802865E-5
0.0
-3.2911683E-4
-1.6304494E-4
-2.423074E-4
-2.400576E-4
7.927268E-5
7.8529556E-5
-7.778984E-5
0.0
-7.632064E-5
-1.5118232E-4
-1.4973019E-4
-7.414244E-5
-7.342321E-5
7.270739E-5
-7.1995004E-5
-1.4257207E-4
-7.0580485E-5
-6.987837E-5
-6.917968E-5
-6.848442E-5
-6.7792585E-5
-6.710419E-5
-6.641923E-5
0.0
-1.3011922E-4
-1.2876993E-4
-6.371376E-5
-1.2609197E-4
-1.2476333E-4
-1.2344157E-4
-6.106336E-5
-1.2081875E-4
-1.1951769E-4
-1.773353E-4
-1.7540442E-4
0.0
-5.7191253E-5
-5.6557994E-5
-1.6778459E-4
-1.10603716E-4
-2.1871594E-4
-1.6217872E-4
-1.0688725E-4
-1.0566229E-4
-5.2222134E-5
-1.03233186E-4
-1.02029044E-4
-2.0166369E-4
-1.4946239E-4
-1.9691659E-4
-9.728195E-5
4.8056278E-5
-9.495012E-5
-1.8758929E-4
-9.2646136E-5
-1.372569E-4
-4.5185014E-5
8.924243E-5
-1.321827E-4
-8.700816E-5
-8.590148E-5
-2.120045E-4
-1.2556365E-4
-1.2393508E-4
-1.22317E-4
0.0
-7.94082E-5
-1.5670093E-4
-1.15949595E-4
-1.52512E-4
-7.521927E-5
-3.7094775E-5
-3.658342E-5
-1.4430229E-4
-1.7785616E-4
-7.01408E-5
-1.0371923E-4
0.0
6.717793E-5
-6.620436E-5
-9.785672E-5
-1.2855661E-4
-9.498873E-5
-6.238038E-5
0.0
0.0
-5.958629E-5
-5.866901E-5
-1.1551756E-4
-1.705668E-4
-1.1191893E-4
-2.7535194E-5
-5.4188364E-5
0.0
-7.866824E-5
-1.2896162E-4
-7.60963E-5
-4.988415E-5
-4.90445E-5
0.0
0.0
-4.6567977E-5
-4.5756617E-5
-6.7428504E-5
-2.2077566E-5
6.504751E-5
0.0
-2.0903006E-5
-6.1555715E-5
-8.055072E-5
-1.9760335E-5
-1.9386534E-5
-1.9016281E-5
-1.8649576E-5
-3.6572837E-5
-5.3780434E-5
-3.5141507E-5
-1.7218248E-5
0.0
1.6523893E-5
-4.854613E-5
-7.921875E-5
-4.652703E-5
-4.5533485E-5
-1.4850202E-5
0.0
-2.8411245E-5
-6.9443355E-5
-4.0725838E-5
-5.306179E-5
-3.887753E-5
1.2656468E-5
-3.7071968E-5
-6.0308703E-5
-4.7078887E-5
-6.888761E-5
-5.59819E-5
-2.1830114E-5
-2.1274604E-5
-2.0726227E-5
-3.0277479E-5
-5.895265E-5
-3.8247836E-5
-1.8604092E-5
-2.7137114E-5
8.792934E-6
-1.7087468E-5
-2.4894323E-5
-1.6112108E-5
-3.127029E-5
-7.5826665E-6
-7.3513343E-6
-2.1370732E-5
-2.069819E-5
-2.6715164E-5
-3.8770577E-5
-2.4993245E-5
-1.20768755E-5
-1.7496428E-5
-1.1258851E-5
-2.1721153E-5
-2.6173651E-5
-2.017101E-5
-1.941742E-5
-1.8678154E-5
-8.976607E-6
-1.2931952E-5
-2.0682899E-5
-1.1898275E-5
-1.8995932E-5
-1.454346E-5
-1.0428381E-5
-1.6599868E-5
-1.9004427E-5
-1.8110522E-5
-1.723813E-5
-5.462417E-6
-5.185963E-6
-1.4750043E-5
-1.1636432E-5
-1.5398733E-5
-1.45315735E-5
-7.822586E-6
-7.3557667E-6
-3.45165E-6
-6.4651867E-6
-9.0621415E-6
-7.04003E-6
-5.236977E-6
-7.2844305E-6
-4.4899552E-6
-3.103487E-6
-2.8502773E-6
-2.607838E-6
-3.1682268E-6
-1.4368491E-6
-1.9451493E-6
-1.7457977E-6
0.0
-1.3794141E-6
-1.6165108E-6
-1.0561264E-6
-9.1064436E-7
0.0
2.1733533E-7
-7.184668E-7
-7.2745036E-7
-4.5982202E-7
-2.6403922E-7
1.2932566E-7
-4.4904837E-8
-1.14956585E-7
-4.8497377E-8
-2.1554412E-8
-3.592404E-9
-0.0
