0.0048314673
1.6401008
3.1532812
1.0451692
10.165985
17.403456
17.964933
39.27038
29.263683
22.37838
46.341526
46.23168
10.312671
46.552948
32.50189
42.98882
30.147892
25.817617
25.463984
17.2265
14.755348
9.108755
9.226067
6.755234
3.257353
4.212756
3.9034853
3.5125318
2.9164524
2.506675
2.090168
1.5958761
2.160901
1.4403896
0.83242965
0.7563424
0.8174994
0.45831445
0.22058722
0.679652
0.5309886
0.19817989
0.18907097
0.2650621
0.47978735
0.69693816
0.6015855
0.09912487
0.37240228
0.46887305
0.5767621
0.5266428
0.38226452
0.09964759
0.078405164
0.09286355
0.22463615
0.3077595
0.19267607
0.12164059
0.10763004
0.0260054
0.10514746
0.29402834
0.112093955
0.13816842
0.14507012
0.18196696
0.10037739
0.13151322
0.12213207
0.23583983
0.2348448
0.24954365
0.18378438
0.062060047
0.11852603
0.18159828
0.16128887
0.09992025
0.10884967
0.2800642
0.21915594
0.04324738
0.21871264
0.1970276
0.15016201
0.22383872
0.08214311
0.10307239
0.11722807
0.122381605
0.29594177
0.30712673
0.083125055
0.16835693
0.15209585
0.110746905
0.1416617
0.10787684
0.17373963
0.13597989
0.12053863
0.114287786
0.17449898
0.10783687
0.11713837
0.08008412
0.13610029
0.0869048
0.14376587
0.2943031
0.28554395
0.1596064
0.17131923
0.18995167
0.13799985
0.09838508
0.115331545
0.18249764
0.15294583
0.08409385
0.13911931
0.3060086
0.3598494
0.17866258
0.09741319
0.12924078
0.2083504
0.21766575
0.04788908
0.017779583
0.07707661
0.06363381
0.043682776
0.12988652
0.16312222
0.20827329
0.22317515
0.088047974
0.050509103
0.08366729
0.08063954
0.19082625
0.032679535
0.09140215
0.12083536
0.099463694
0.16146697
0.22621721
0.12076835
0.05512339
0.10509932
0.18716848
0.21925163
0.11611616
0.082478724
0.14951609
0.1036505
0.12047418
0.13921535
0.22446561
0.20512381
0.076036945
0.10008768
0.10272088
0.07177028
0.14332113
0.20540138
0.2147153
0.23238823
0.1814516
0.11751372
0.14049765
0.11137819
0.056987718
0.07189594
0.028607622
0.015391211
0.035684444
0.07138639
0.11752253
0.05473739
0.056146853
0.110806115
0.22555904
0.116255656
0.220511
0.23961788
0.13221516
0.08683813
0.120474435
0.1300167
0.11190418
0.1436435
0.049504504
0.07204459
0.096534334
0.10932045
0.06859476
0.12934095
0.07093837
0.046384275
0.08595454
0.11188036
0.1005168
0.036438424
0.026896114
0.11356011
0.14205003
0.128638
0.08385634
0.04898444
0.046800848
0.052386947
0.08395475
0.03845801
0.014463252
0.03143008
0.06919231
0.08217385
0.17301686
0.08934056
0.04766682
0.114210226
0.10331672
0.04248704
0.07031576
0.091657534
0.08238085
0.04781559
0.09303702
0.09270091
0.052002817
0.12091271
0.20106559
0.1454071
0.08393404
0.08346217
0.056605037
0.084869556
0.13093206
0.12812908
0.22869381
0.30239594
0.22839063
0.14329259
0.1639041
0.08631555
0.061477434
0.075606555
0.081453316
0.113030285
0.15010874
0.23165536
0.12074504
0.093418404
0.08063755
0.12987617
0.20046966
0.1518749
0.062257845
0.07892948
0.041026
0.05069822
0.07591622
0.109577075
0.12946291
0.14664112
0.050942495
0.09826956
0.089995734
0.06258798
0.12860766
0.14880957
0.04267397
0.03822914
0.034616977
0.13038543
0.12284608
0.11265898
0.038471628
0.028615767
0.039770044
0.13912702
0.026667956
0.124278024
0.1498247
0.12989093
0.13971889
0.09779646
0.060210608
0.09044039
0.10513774
0.24606624
0.19875102
0.093069755
0.14533521
0.13890158
0.14634004
0.06979373
0.06114305
0.10836564
0.14273311
0.21252216
0.24422947
0.14606741
0.07477165
0.061310705
0.10183812
0.052244313
0.050538428
0.01970273
0.058173638
0.11604678
0.049031794
0.15227816
0.11129823
0.08675725
0.17846686
0.11242472
0.050330725
0.14962614
0.030234791
0.10997402
0.09499856
0.08461122
0.0499558
0.07507176
0.1550256
0.20963947
0.19616987
0.14683096
0.106518015
0.09704292
0.09616405
0.11836038
0.10481076
0.122105956
0.09510737
0.047091346
0.029265473
0.08178372
0.14955285
0.14016174
0.0798318
0.047879577
0.038583886
0.053154536
0.11633267
0.104661934
0.09346372
0.11872701
0.13368426
0.10403306
0.06616589
0.07942298
0.036705814
0.026337923
0.051517155
0.06865437
0.09252818
0.14671464
0.122925535
0.04403377
0.020109028
0.070686534
0.12716094
0.08132168
0.11338816
0.14093398
0.01996217
0.1686721
0.1934723
0.0677522
0.061767835
0.06567874
0.035297666
0.066907376
0.11366819
0.19017744
0.14517283
0.16239211
0.08951808
0.06458519
0.13442436
0.12589817
0.044181302
0.0046547554
0.039556712
0.055487607
0.034478273
0.037851457
0.052440215
0.07461015
0.012289174
0.13140969
0.17491369
0.1258066
0.01263985
0.104028955
0.14694634
0.12345811
0.06873668
0.08092961
0.07555165
0.053457156
0.04518241
0.054958947
0.13713147
0.14137597
0.13093337
0.13067421
0.0923693
0.041751478
0.016945492
0.06506305
0.054382063
0.05960483
0.22658926
0.22445989
0.07913321
0.19412084
0.13258938
0.09175361
0.0750967
0.19669025
0.22809501
0.14082152
0.12465572
0.15327768
0.121650465
0.15091753
0.05071738
0.008680475
0.08450821
0.11563094
0.12389499
0.14523633
0.13491836
0.1171804
0.08435109
0.029093781
0.068135664
0.051155042
0.063392095
0.12602176
0.16504784
0.089768544
0.10409966
0.2203308
0.2287052
0.2318937
0.18603615
0.0402562
0.04084888
0.1709266
0.19470507
0.0919496
0.053800143
0.11504264
0.18401127
0.111820504
0.10996246
0.09132385
0.022847312
0.052289758
0.13862927
0.26398075
0.1274955
0.06056319
0.07323789
0.13891582
0.11519899
0.06545378
0.08876097
0.1132248
0.10228299
0.13311683
0.1777154
0.11550475
0.16831325
0.046563957
0.094493896
0.16565481
0.22464067
0.26449078
0.20312692
0.1836265
0.13009205
0.10529935
0.1355003
0.1241507
0.09920439
0.0647194
0.15364759
0.3182031
0.3304254
0.18884028
0.2187059
0.30602276
0.30462018
0.26094842
0.15709098
0.122002594
0.26101312
0.19535798
0.08211139
0.2590463
0.20700395
0.124878176
0.11446388
0.103173085
0.095578745
0.15197164
0.19370626
0.20845787
0.08324314
0.010367891
0.053984765
0.152271
0.047431786
0.2695241
0.18569078
0.034588624
0.16641936
0.26187962
0.23796582
0.058147497
0.07047271
0.14092624
0.16206214
0.16111068
0.057388723
0.08996605
0.13690053
0.04841748
0.040879406
0.12815878
0.16440032
0.0509774
0.06352946
0.20544982
0.18145719
0.029932959
0.10725504
0.027293835
0.064188845
0.060573187
0.080544285
0.23102123
0.22634397
0.109324135
0.037746493
0.1411903
0.14499485
0.055491142
0.16766326
0.08319805
0.1943316
0.19641887
0.13911387
0.10388471
0.28001752
0.13504523
0.19471522
0.18203738
0.24079536
0.20064892
0.075733766
0.12165008
0.1357208
0.01020622
0.12388713
0.2227995
0.115272745
0.19337054
0.11125853
0.23107731
0.3476919
0.27268276
0.12215584
0.12189203
0.086854905
0.17167246
0.16297981
0.07863095
0.114980154
0.036072236
0.3024911
0.26493597
0.070418365
0.30097428
0.5005405
0.30866408
0.2735411
0.14750685
0.16860746
0.21519725
0.08930069
0.049558263
0.22412242
0.26563367
0.24114037
0.18578137
0.22914618
0.32219604
0.40238857
0.39574435
0.2516933
0.24354392
0.17866632
0.18925342
0.21966942
0.14092475
0.12541895
0.17077477
0.37742355
0.25315693
0.1643552
0.36860108
0.34968588
0.21027522
0.20852734
0.22684161
0.04701813
0.067092165
0.10451819
0.26360407
0.096089475
0.252577
0.48660502
0.4971152
0.39060086
0.12068021
0.15166184
0.18027313
0.12976158
0.062166777
0.13063112
0.2990538
0.19391818
0.1694857
0.24375266
0.2080828
0.15889436
0.054376416
0.059255034
0.0420275
0.068099506
0.1807237
0.15169214
0.19597872
0.16642408
0.15265526
0.048757885
0.12536111
0.09445689
0.0995313
0.25327
0.15071358
0.16421981
0.18253507
0.047520455
0.11328459
0.15837297
0.10909064
0.08887135
0.18606327
0.21102354
0.22407122
0.17430454
0.08358087
0.090435065
0.21758148
0.18060026
0.26447114
0.35221738
0.26915947
0.081574365
0.0649994
0.021878235
0.12031076
0.08856991
0.07932431
0.07756221
0.041121464
0.07255512
0.119275294
0.111506835
0.07783497
0.039650224
0.08567908
0.16242868
0.11294226
0.04392384
0.14727068
0.103198476
0.048918683
0.07174673
0.09931286
0.07495671
0.107074365
0.039293118
0.091035806
0.030196158
0.07277632
0.10239606
0.13229838
0.11981308
0.10139971
0.017674731
0.056979448
0.13199352
0.16810054
0.09362472
0.0463096
0.12080168
0.121475615
0.025918905
0.1305746
0.1839317
0.16136515
0.0685747
0.10916443
0.05823255
0.0777087
0.07499988
0.0565811
0.10258926
0.2171627
0.13910191
0.077921964
0.1642907
0.053216882
0.11594322
0.12935075
0.030872842
0.058697164
0.030024005
0.06315225
0.15124942
0.24198613
0.086269155
0.04771706
0.080047116
0.0825489
0.09282267
0.076330096
0.045902148
0.06965841
0.076513216
0.1422632
0.0734294
0.07547428
0.07169501
0.061182074
0.15247156
0.19637851
0.14102532
0.080161974
0.056776732
0.03991056
0.048170954
0.036517978
0.028947413
0.018082649
0.065529145
0.08129726
0.05089295
0.09344768
0.04657276
0.121594116
0.13816449
0.10957102
0.101754054
0.12295497
0.1586677
0.15048558
0.117064185
0.03310118
0.030846674
0.05388402
0.060462676
0.14347835
0.13387105
0.05206057
0.1380668
0.10812694
0.12081801
0.09859602
0.084504515
0.05012949
0.08606961
0.040697597
0.09405599
0.122883916
0.110757865
0.11122474
0.087291956
0.005999933
0.06422597
0.059011657
0.075554945
0.029013304
0.11188041
0.12846741
0.14225395
0.12402418
0.061494958
0.11408974
0.18152432
0.16495638
0.11022393
0.04146194
0.09426898
0.06416533
0.015110217
0.07230494
0.080420956
0.0695276
0.055554815
0.054936137
0.023740744
0.042871334
0.042508624
0.044295456
0.057767663
0.074177586
0.038776856
0.079536274
0.13922077
0.08628662
0.061333247
0.055199634
0.061218522
0.058509648
0.032489624
0.105868526
0.07010057
0.08316381
0.13035393
0.101229176
0.049471956
0.05047557
0.025419626
0.04390823
0.06752052
0.06347399
0.074555404
0.048514046
0.04964919
0.111774236
0.042391963
0.053235225
0.099400125
0.09712108
0.023303663
0.086205624
0.121544175
0.090903595
0.14085193
0.12575112
0.087339565
0.099236034
0.11324855
0.0938652
0.012242541
0.05793959
0.11605819
0.0747814
0.11739049
0.09726834
0.019765366
0.03880795
0.07046094
0.014012553
0.0949712
0.09546136
0.11745924
0.03792509
0.047960427
0.07330603
0.04623383
0.09262799
0.07274327
0.02847337
0.024919026
0.04154895
0.048269946
0.08262242
0.13887611
0.14703538
0.1604763
0.07988513
0.010345303
0.038619004
0.019032348
0.063776255
0.10840072
0.04171156
0.061596557
0.081105515
0.069903426
0.03659608
0.023045482
0.029993022
0.039096717
0.010608257
0.14866935
0.15533969
0.079941854
0.083279096
0.09437038
0.051831327
0.053070042
0.06357073
0.08684009
0.08917048
0.098966815
0.14441837
0.112446316
0.0877488
0.065412715
0.089999124
0.089043684
0.11410773
0.14368737
0.051183466
0.028819678
0.06944448
0.07212896
0.1224635
0.13590467
0.07969954
0.010154586
0.065187186
0.113647856
0.030957991
0.08387014
0.074072264
0.006641722
0.059788294
0.06906573
0.07154138
0.10406548
0.07409858
0.06584715
0.093801424
0.0971158
0.053226344
0.01817745
0.049293566
0.044788048
0.028419891
0.08275801
0.059276354
0.04949609
0.072517276
0.039808385
0.02620743
0.078396946
0.08469824
0.036033195
0.07297313
0.06838146
0.039806746
0.10554154
0.0824274
0.05971027
0.043835517
0.05688053
0.023280099
0.120342545
0.13035244
0.0123892445
0.09791945
0.08190609
0.055542845
0.06868257
0.10077946
0.060948245
0.081310734
0.037811458
0.033603612
0.045657206
0.16489717
0.15968277
0.049862817
0.062384658
0.05806073
0.053719975
0.060156167
0.056562107
0.024572741
0.09243739
0.06288289
0.021892307
0.063048616
0.059394866
0.14287405
0.16637067
0.09302623
0.052869048
0.0765194
0.10933731
0.08293787
0.052301683
0.07209157
0.084823795
0.07047281
0.02951621
0.08657382
0.13434263
0.09306
0.07481862
0.09840658
0.08445416
0.05967614
0.054871265
0.06887998
0.08821116
0.05628815
0.058420572
0.07168227
0.031109858
0.027913468
0.06311456
0.07977544
0.035689734
0.048030622
0.021087347
0.106761344
0.12769091
0.052201435
0.045630034
0.10938663
0.039838497
0.034023177
0.041292492
0.061000105
0.025010949
0.10982847
0.10225513
0.051593214
0.077699676
0.036155112
0.07589201
0.104768984
0.018803695
0.07814095
0.037013024
0.11592763
0.05637591
0.06148081
0.10294118
0.077907205
0.036144927
0.09428697
0.09404863
0.13557231
0.1297952
0.12929474
0.12210838
0.055152263
0.0154472925
0.016312284
0.045324944
0.08975032
0.114145756
0.11873392
0.06453583
0.0640984
0.046661064
0.021564448
0.13978262
0.16657293
0.06157247
0.03687331
0.101376124
0.061296772
0.061683346
0.07404509
0.084067896
0.12625678
0.11072916
0.118306205
0.09609033
0.059427183
0.048453517
0.023202142
0.03671983
0.02983679
0.12590902
0.11387949
0.052911583
0.040911213
0.053515155
0.01225295
0.074508175
0.054651204
0.1261801
0.14692043
0.047420632
0.05937919
0.11729807
0.17872241
0.15599182
0.08861721
0.04248456
0.012990411
0.035674542
0.053281993
0.079565495
0.06374542
0.09579652
0.10315839
0.088954374
0.13741082
0.06994347
0.06486633
0.11969774
0.06544638
0.042423334
0.004036116
0.018976582
0.023208296
0.09243263
0.16199613
0.1716823
0.13511753
0.07581259
0.079638265
0.08886554
0.064422
0.034759667
0.045888867
0.038268562
0.03517201
0.07670023
0.11861546
0.08909269
0.079533935
0.048915107
0.03314754
0.04474395
0.046579793
0.059721373
0.063675955
0.017273303
0.030589715
0.07692906
0.092250325
0.16386561
0.17367688
0.08264999
0.026342507
0.07356331
0.0887813
0.055702586
0.011184146
0.04775332
0.07591565
0.053144373
0.060851336
0.079575315
0.112159826
0.06490543
0.07220738
0.10445342
0.12566105
0.10097237
0.06599942
0.027220631
0.02589036
0.04834205
0.069621734
0.08344935
0.10527599
0.08649032
0.090396546
0.08737149
0.05743454
0.052581012
0.035470217
0.015071383
0.049000636
0.11339657
0.11323217
0.07028136
0.091842435
0.13340256
0.11169649
0.04603477
0.0671232
0.10340707
0.0439203
0.103336096
0.10401098
0.11239958
0.081254065
0.12330851
0.12094496
0.054903068
0.07170411
0.0627875
0.080177754
0.017514404
0.06309548
0.12913276
0.19480118
0.108783424
0.025099056
0.08745418
0.06836252
0.02507426
0.040222414
0.11747436
0.13838127
0.13822815
0.13330618
0.06597672
0.041807774
0.0042340974
0.07001698
0.13057722
0.12211229
0.04468972
0.1356891
0.14419506
0.019414589
0.11740966
0.14837117
0.08579978
0.08932941
0.09766725
0.07335514
0.08404603
0.09649755
0.12508038
0.09299409
0.07541202
0.033308383
0.021969806
0.014163358
0.12087148
0.19385679
0.13351637
0.04468337
0.031730637
0.06218193
0.084057994
0.011554981
0.05459252
0.0698937
0.06363959
0.11824223
0.03941197
0.06528068
0.028989451
0.07489585
0.09190067
0.037732575
0.054976024
0.046396665
0.082026735
0.05796685
0.045972306
0.09602009
0.10242783
0.104885966
0.045167904
0.044451274
0.06686089
0.034911525
0.013195376
0.06459247
0.0388649
0.049170014
0.041479405
0.026695048
0.101556845
0.12329177
0.059902154
0.08801953
0.14852983
0.15230651
0.1901916
0.15571813
0.084708385
0.061792936
0.07277893
0.092186
0.10626846
0.036507558
0.06985948
0.19705172
0.17265724
0.024937123
0.08774805
0.026221251
0.02641508
0.08263379
0.104297765
0.12729648
0.09313309
0.12109025
0.11431579
0.09617683
0.12894432
0.06663771
0.05692366
0.052005176
0.061632212
0.051340807
0.054152742
0.022653105
0.05787827
0.1604639
0.14776938
0.11211121
0.059915897
0.01639618
0.09603013
0.12967323
0.082211055
0.06550888
0.1166698
0.10013201
0.14372224
0.14982368
0.03448356
0.1450406
0.13092642
0.038593087
0.075857446
0.12277991
0.111987725
0.10109726
0.10050153
0.0981735
0.05411779
0.12071829
0.096133254
0.06489084
0.13608186
0.15032464
0.05425983
0.092147864
0.09416277
0.10736055
0.05316846
0.034845233
0.048619132
0.030673604
0.12003407
0.1627876
0.12825364
0.120175
0.11485301
0.055562116
0.04195133
0.08756226
0.15221928
0.17413306
0.21145666
0.24909754
0.26564854
0.21639265
0.15246277
0.070664905
0.105797246
0.17482787
0.2833324
0.24919435
0.21237096
0.17310362
0.05407445
0.089522995
0.05732533
0.054871086
0.048890784
0.12736239
0.20063318
0.13907251
0.15096834
0.23831245
0.20858334
0.092127256
0.20721947
0.17447974
0.18689206
0.17314455
0.1285016
0.093302675
0.026818646
0.12996888
0.14067662
0.101117596
0.0988532
0.027036153
0.09801533
0.07837927
0.049138017
0.099176645
0.21407814
0.2515239
0.08728827
0.017157946
0.08961776
0.06266993
0.25812718
0.29408056
0.16969849
0.09324658
0.11191876
0.053833984
0.03322843
0.14816941
0.28582662
0.038844038
0.2125559
0.128421
0.04143492
0.06117278
0.03601344
0.12025336
0.11102404
0.16583286
0.13324511
0.15090498
0.28286076
0.2564092
0.14054269
0.079880305
0.06309432
0.041369468
0.012547813
0.11754641
0.04956079
0.1283502
0.1663458
0.23233798
0.16045308
0.14412212
0.031193288
0.18752423
0.22340225
0.23806942
0.11998048
0.18309167
0.16545352
0.14692645
0.11955702
0.1679871
0.15489271
0.07220052
0.15434706
0.039770007
0.19313633
0.18879965
0.11135215
0.18780634
0.20537956
0.18778148
0.1439866
0.106110275
0.11957557
0.25370315
0.21546537
0.17725568
0.20344475
0.2044786
0.074488044
0.14150985
0.07458307
0.15769051
0.2352457
0.045644067
0.26874274
0.1744875
0.07639187
0.13235638
0.09609275
0.17510425
0.0752992
0.14811872
0.23931667
0.13887958
0.13620599
0.21739836
0.1717311
0.1692275
0.14448112
0.052176848
0.09594539
0.12059806
0.09057918
0.19792244
0.22188221
0.20152617
0.10144021
0.051827848
0.016312985
0.064208
0.13173439
0.04587426
0.12081963
0.16763301
0.16826403
0.20564643
0.11534666
0.07767668
0.12842622
0.16603631
0.038745064
0.068512596
0.19672558
0.26653066
0.29607055
0.27416196
0.15461034
0.0757225
0.12763557
0.16133383
0.12931068
0.23837772
0.1438524
0.15859367
0.25275412
0.2736464
0.19409256
0.11629479
0.12786101
0.2180967
0.19822203
0.13412303
0.08896669
0.07903569
0.22845441
0.25871736
0.115332335
0.21283384
0.20724833
0.026153624
0.10056533
0.070269264
0.06325067
0.07562286
0.041473377
0.0025986214
0.15560941
0.15993898
0.07210378
0.17213398
0.13925532
0.008400139
0.10820443
0.029418819
0.14103995
0.14667459
0.1343766
0.18333803
0.20764926
0.26628643
0.12150955
0.11218769
0.14459606
0.09773306
0.09287452
0.10498703
0.08322376
0.05333981
0.16906086
0.13430561
0.0788916
0.07046217
0.028211566
0.07995684
0.07489673
0.18346074
0.26914617
0.21046399
0.11767186
0.08568279
0.09375973
0.14704251
0.14262311
0.09769785
0.057306606
0.038429387
0.0152146015
0.08775755
0.13227107
0.084554434
0.103658445
0.058885437
0.06290716
0.11192748
0.08684736
0.083462074
0.043182716
0.15784442
0.17470235
0.0926275
0.12770359
0.21490727
0.23156713
0.21233727
0.13698593
0.038225308
0.029655252
0.03474563
0.088554434
0.12505798
0.06254591
0.042338934
0.017579606
0.07821116
0.06558856
0.03944689
0.08141238
0.14375916
0.13929178
0.14964047
0.08881311
0.08251161
0.078470655
0.09538254
0.11138207
0.020186804
0.046190273
0.043282785
0.0688331
0.029680744
0.04924522
0.076601036
0.16521548
0.14062572
0.060061984
0.042581744
0.048565406
0.036729172
0.062147144
0.084995955
0.021470113
0.05997129
0.03716208
0.081261426
0.045928225
0.07471104
0.070315376
0.0760811
0.05818251
0.11891769
0.113724574
0.032643855
0.15824758
0.11569724
0.0043911273
0.022153119
0.030321935
0.11665914
0.080361
0.062434636
0.12462237
0.03895209
0.045864914
0.14965507
0.147301
0.12332483
0.16581617
0.12871568
0.05825604
0.13366953
0.013170153
0.056553945
0.22126462
0.22264986
0.1810489
0.86977655
1.4611676
1.588037
1.6621509
1.8600521
1.5542526
1.1510576
0.8416486
0.44380543
0.28062397
0.27762866
0.50933045
0.09580506
0.26338106
0.20543449
0.17565724
0.07406162
0.14061181
0.123203404
0.27570838
0.25847998
0.015907377
0.12028428
0.03018734
0.14792621
0.12886772
0.12638971
0.06480808
0.0630088
0.07921932
0.045969907
0.05049255
0.04297447
0.105118506
0.09996787
0.054783393
0.03316577
0.076330364
0.038488716
0.025338698
0.016496548
0.05388734
0.069306836
0.076277874
0.065280266
0.08317019
0.09456789
0.06624157
0.06985057
0.0934993
0.12320251
0.0787453
0.17287673
0.15976356
0.12816249
0.05806079
0.00802784
0.07919818
0.16229352
0.15239407
0.08598129
0.0823554
0.039776318
0.031248314
0.032851912
0.042644147
0.020738749
0.046012927
0.113209434
0.11136908
0.05499696
0.04990107
0.075948946
0.07155869
0.017253181
0.03487153
0.080383494
0.08570969
0.0625145
0.043885782
0.09532336
0.09369451
0.09946528
0.09970163
0.055736456
0.05037151
0.11961068
0.12440741
0.09536001
0.11042498
0.17044997
0.13091652
0.05784571
0.09529656
0.04932867
0.041327376
0.11544192
0.13002057
0.023977049
0.07811277
0.1008111
0.09094268
0.056853063
0.038706034
0.042311728
0.11431715
0.068021156
0.051857796
0.09335055
0.081701644
0.0046637086
0.06599329
0.104077615
0.080872655
0.062008303
0.07394867
0.08967394
0.08801552
0.06238456
0.08171295
0.08376399
0.09192043
0.10201484
0.095637575
0.14447941
0.1837623
0.13018526
0.120184936
0.07532532
0.13017026
0.0997458
0.05066212
0.114936054
0.16259156
0.12339095
0.10249813
0.10107359
0.07992425
0.06360966
0.065821
0.09261958
0.059630923
0.043306604
0.08206345
0.11414387
0.10990441
0.04234822
0.051712632
0.071330935
0.14970516
0.11189192
0.08358193
0.06128401
0.1255052
0.15281248
0.14018315
0.052123476
0.16405912
0.08909898
0.06701666
0.022134017
0.12742662
0.10549771
0.086055905
0.09215992
0.017235832
0.03438503
0.033437353
0.102915846
0.14631927
0.13221982
0.06779573
0.06090062
0.025341861
0.00966017
0.06924782
0.039189573
0.047335513
0.038489252
0.04841253
0.013881038
0.088033825
0.07856078
0.010446262
0.028782297
0.058694102
0.11581641
0.107135214
0.013443665
0.061606023
0.039658654
0.024466088
0.016283182
0.08245319
0.08257106
0.06855117
0.02323782
0.04272356
0.016989721
0.07456856
0.09390233
0.06866973
0.067979164
0.038863577
0.014662823
0.049813397
0.110042445
0.124946505
0.12330889
0.10241377
0.10803524
0.05776409
0.027517868
0.085464105
0.093213655
0.045522016
0.017396761
0.043535307
0.024436569
0.10920235
0.058757737
0.040884074
0.051692065
0.05721292
0.031122252
0.01932588
0.055617053
0.05273172
0.0360053
0.064458795
0.08619855
0.06921139
0.042584736
0.048540086
0.0141520975
0.04974757
0.030158544
0.041925374
0.0523545
0.02905359
0.05601593
0.08507624
0.06756014
0.03691829
0.033451524
0.021853441
0.02042642
0.028299578
0.03629912
0.03270379
0.0013357032
0.0667346
0.065678015
0.056347694
0.029524446
0.024973683
0.033768605
0.03882558
0.038841173
0.019192323
0.021534288
0.05592938
0.048260935
0.054955866
0.049477413
0.031843167
0.012907634
0.03817228
0.082196265
0.059598353
0.030950725
0.02667275
0.023971638
0.051815633
0.050408702
0.042229027
0.03248943
0.04732453
0.050776742
0.052412637
0.079494745
0.07859523
0.06841029
0.039028406
0.04594631
0.021300813
0.07533743
0.10717488
0.05497298
0.022238335
0.04573318
0.039106786
0.040748257
0.017724305
0.0117433
0.025953257
0.008081177
0.011953532
0.07527906
0.09868017
0.03203505
0.020919073
0.041924138
0.09392811
0.072640814
0.08407774
0.11139083
0.061043795
0.03587248
0.04956532
0.037481282
0.024719637
0.038485732
0.019518053
0.033317924
0.04642337
0.03459298
0.05001025
0.07027496
0.061863728
0.05673724
0.07600607
0.046492897
0.061000552
0.06467555
0.048405513
0.06034215
0.049390074
0.07801615
0.094546616
0.09302698
0.074552394
0.03969521
0.05953144
0.053355154
0.017948437
0.05346386
0.046116654
0.031356227
0.042768855
0.054703284
0.06851494
0.059983924
0.044470098
0.02754331
0.027971484
0.08724584
0.075327665
0.012620495
0.019234825
0.0028046605
0.068322755
0.12734954
0.09804274
0.029293489
0.003806109
0.004799515
0.0048116976
0.03352948
0.06291233
0.09030455
0.08854197
0.06411238
0.044066984
0.012252757
0.0146451155
0.013902853
0.018141447
0.011141745
-0.012207388
-0.012207359
-0.015259145
-0.0061036292
-0.012207187
-0.015258876
-0.012207
-0.015258606
-0.012206756
-0.012206611
-0.01830968
-0.015257851
-0.018309142
-0.015257367
-0.015257097
-0.01525681
-0.0152565045
-0.021358654
-0.018307008
-0.021357672
-0.018306125
-0.015254709
-0.021356015
-0.021355411
-0.024405465
-0.024404718
-0.02135345
-0.018302353
-0.021352017
-0.018301083
-0.024400553
-0.027449587
-0.02744852
-0.021347994
-0.030495878
-0.02134621
-0.027443932
-0.030491892
-0.024392394
-0.027440151
-0.024390068
-0.027437469
-0.02743608
-0.024386363
-0.027433205
-0.027431719
-0.024382401
-0.024381023
-0.024379615
-0.030472726
-0.024376716
-0.030469028
-0.030467127
-0.02741867
-0.027416894
-0.03350733
-0.03350508
-0.03045708
-0.03350046
-0.030452812
-0.030450623
-0.03349324
-0.027401526
-0.030443843
-0.033485662
-0.027395232
-0.030436743
-0.030434305
-0.030431831
-0.027386388
-0.033469453
-0.036509033
-0.033463735
-0.03346082
-0.024332989
-0.02737216
-0.024328602
-0.024326365
-0.030405127
-0.024321808
-0.030399356
-0.027356777
-0.0273541
-0.024312349
-0.024309913
-0.024307448
-0.021266837
-0.02126463
-0.024299884
-0.021260142
-0.024294699
-0.024292063
-0.0242894
-0.02125087
-0.01821299
-0.021246083
-0.021243654
-0.021241197
-0.021238718
-0.018202469
-0.0182003
-0.01819811
-0.02122855
-0.018193668
-0.018191414
-0.021220664
-0.015155703
-0.015153772
-0.015151823
-0.0121198855
-0.015147872
-0.012116697
-0.009086311
-0.009085088
-0.0060559036
-0.0060550747
-0.0060542384
-0.006053395
-0.006052545
-0.0030258438
0.0
-0.003024976
-0.0030245367
-0.003024094
-0.0060472954
0.0
0.0
0.0
0.0030218272
0.0
0.0
0.0
0.0
0.0060389447
0.0060379817
0.009055518
0.0030180172
0.009052576
0.009051089
0.006033061
0.012064112
0.006031044
0.0090450365
0.015072496
0.009041947
0.01205385
0.009038816
0.012049647
0.018071286
0.018068083
0.018064857
0.01806161
0.018058343
0.018055053
0.018051744
0.018048413
0.021052573
0.018041689
0.018038297
0.021040697
0.02404193
0.024037322
0.0210286
0.02102452
0.021020414
0.027020937
0.03001733
0.027010225
0.027004823
0.026999388
0.023994599
0.026988426
0.026982898
0.02997482
0.03296547
0.0329586
0.03295169
0.029949768
0.029943418
0.029937033
0.032923676
0.032916576
0.029917672
0.02991115
0.035885513
0.029898
0.029891375
0.03586166
0.02987802
0.035845548
0.029864527
0.029857729
0.035821076
0.03282843
0.035804555
0.03877925
0.032805547
0.032797843
0.0327901
0.029802108
0.029795002
0.038724218
0.032758754
0.032750823
0.029766232
0.029758954
0.032726806
0.029744297
0.029736917
0.035675403
0.035666466
0.029714571
0.02673635
0.035639405
0.029691922
0.032652732
0.03561198
0.03263586
0.03262737
0.02965349
0.03261027
0.03260167
0.032593027
0.032584347
0.029614212
0.029606255
0.029598264
0.02959024
0.02958218
0.029574089
0.029565962
0.029557804
0.02954961
0.023633108
0.02657981
0.02952483
0.026564851
0.026557326
0.026549771
0.023593053
0.02653457
0.026526924
0.026519248
0.026511542
0.020614073
0.020608032
0.020601967
0.02059588
0.023531167
0.020583637
0.02351712
0.020571299
0.020565096
0.017621888
0.020552618
0.017611153
0.0146714635
0.017600339
0.02345987
0.023452595
0.023445293
0.017578473
0.017572956
0.01756742
0.017561866
0.01755629
0.017550694
0.02046926
0.011692963
0.011689193
0.01168541
0.00876121
0.011677804
0.011673982
0.014587684
0.011666299
0.014578046
0.011658562
0.005827337
0.005825387
0.011646859
0.011642933
0.0116389925
0.01163504
0.011631073
0.0058135474
0.008717326
0.008714323
0.0058075394
0.005805524
0.005803502
0.0029007369
0.0028997194
0.0028986987
0.0057953494
0.0028966474
0.0028956172
0.0028945834
0.0028935466
0.0028925065
0.0028914632
-0.002890417
-0.005778734
-0.0028883142
-0.005774516
-0.0057723974
-0.0057702726
-0.005768141
-0.0028830015
-0.008645788
-0.005761708
-0.005759551
-0.008636082
-0.005755218
-0.0028765209
0.0
-0.008623006
-0.017239425
-0.011488548
-0.020097231
-0.017219555
-0.005737631
-0.020073915
-0.014332928
-0.011461863
-0.0200504
-0.011452868
-0.011448351
-0.020026688
-0.014299099
-0.022869451
-0.020002777
-0.008569184
-0.01713148
-0.017124573
-0.014264706
-0.02281427
-0.019954363
-0.017096758
-0.01993805
-0.014235615
-0.014229749
-0.017068643
-0.019905163
-0.019896887
-0.01988859
-0.014200192
-0.017033082
-0.019863565
-0.01985518
-0.022682028
-0.019838348
-0.019829897
-0.019821428
-0.019812936
-0.019804422
-0.019795887
-0.022614092
-0.022604289
-0.019770153
-0.022584608
-0.02257473
-0.022564828
-0.025374267
-0.022544954
-0.02253498
-0.02252498
-0.025329327
-0.025318025
-0.025306694
-0.025295336
-0.022474622
-0.01965642
-0.028067889
-0.028055148
-0.028042378
-0.02522662
-0.025215073
-0.01960272
-0.025191896
-0.025180267
-0.02516861
-0.027952144
-0.022351306
-0.019548265
-0.02512172
-0.022319937
-0.027886793
-0.02508627
-0.0250744
-0.025062503
-0.022267181
-0.02503863
-0.025026653
-0.027794054
-0.022224551
-0.022213833
-0.022203093
-0.02219233
-0.024954235
-0.030484755
-0.024929883
-0.024917668
-0.030439965
-0.024893159
-0.024880866
-0.024868544
-0.024856199
-0.024843827
-0.02207238
-0.019303668
-0.019293984
-0.022039177
-0.016521048
-0.01926481
-0.022005767
-0.021994583
-0.016487533
-0.019225629
-0.019215783
-0.019205919
-0.019196032
-0.019186126
-0.016436743
-0.016428217
-0.016419675
-0.016411116
-0.01640254
-0.019126272
-0.019116225
-0.01637671
-0.016368065
-0.013632836
-0.013625603
-0.016342029
-0.016333317
-0.016324587
-0.016315842
-0.013589232
-0.0162983
-0.016289502
-0.013567241
-0.018983835
-0.01355251
-0.013545124
-0.010830179
-0.010824247
-0.016227458
-0.013515439
-0.010806386
-0.0135005135
-0.010794424
-0.010788426
-0.010782417
-0.010776398
-0.008077775
-0.010764325
-0.008068704
-0.008064156
-0.0107461335
-0.008055036
-0.010733951
-0.005363922
-0.0053608627
-0.005357798
-0.005354728
-0.008027479
-0.0053485716
-0.0026727428
-0.00801359
-0.0053392965
-0.0053361943
-0.00799963
-0.005329973
-0.0053268545
-0.0053237304
-0.0026603006
0.0
-0.0026571634
-0.0026555907
0.0
-0.005304875
0.0
-0.0026492737
-0.0026476877
0.0
-0.002644508
0.0
-0.0052826353
-0.0026397186
0.0
0.0
-0.0026349057
0.0
0.002631684
-0.0026300694
0.0
0.0
0.0
0.0052471687
0.0026219566
0.0052406527
0.0026186935
-0.002617058
0.0052308403
0.0
0.007836409
0.007831472
0.0026088424
0.0026071917
0.0
0.005207765
0.005204448
0.0052011264
0.0051977993
-0.0025972337
0.00519113
0.007781682
0.007776662
0.0077716336
0.007766598
0.010348739
0.0051710024
0.0077514458
0.005164253
0.005160871
0.010314968
0.005154092
0.0077260425
0.005147293
0.0051438864
0.0051404745
0.005137058
0.010267273
0.00513021
0.0051267785
0.0051233424
0.005119901
0.0025582276
0.0051130042
0.007664323
0.005106088
0.0051026223
0.005099152
0.0025478385
0.005092197
0.0050887126
0.012713058
0.010163458
0.0076173446
0.010149452
0.0076068263
0.012669261
0.012660465
0.010121327
0.010114271
0.007580405
0.010100133
0.01009305
0.010085957
0.012598569
0.010071743
0.010064622
0.0075431196
0.010050353
0.010043205
0.010036047
0.012536099
0.012527129
0.012518146
0.012509152
0.012500147
0.01249113
0.012482103
0.014967675
0.007478407
0.01245495
0.009956701
0.012436791
0.014913234
0.012418588
0.014891362
0.012400338
0.0123911975
0.014858454
0.009898305
0.014836447
0.01235452
0.012345322
0.014803337
0.014792274
0.0147811975
0.009846739
0.009839336
0.012289907
0.0147367595
0.012271347
0.014714461
0.012252744
0.009794741
0.009787277
0.012224757
0.009772325
0.012206045
0.014636007
0.01218729
0.012177896
0.009734794
0.0121590765
0.009719721
0.009712172
0.016983075
0.009697048
0.012111842
0.009681891
0.007255724
0.0072500245
0.009659091
0.009651475
0.007232887
0.0072271624
0.007221431
0.0072156936
0.009613267
0.012007001
0.011997407
0.0047951215
0.007186914
0.0047874264
0.0047835726
0.007169572
0.0071637793
0.011929967
0.0071521755
0.004764243
0.004760365
0.004756483
0.009505194
0.011871766
0.009489625
0.0047409143
0.0071055186
0.0023665533
0.0023645982
0.0047252825
0.009442729
0.009434885
0.011783793
0.009419175
0.004705654
0.009403434
0.009395551
0.007040745
0.011724703
0.009371856
0.0070229573
0.011695027
0.009348093
0.009340157
0.011665265
0.0046621305
0.006987226
0.011635418
0.00930036
0.011615473
0.009284389
0.006957294
0.011585484
0.009260376
0.011565446
0.011555413
0.006927222
0.009228255
0.0069151544
0.0046060747
0.011505107
0.0068970113
0.009187938
0.011474815
0.00458588
0.0068727448
0.0068666646
0.006860579
0.006854488
0.011413986
0.00684229
0.0022787277
0.0068300706
0.0068239532
0.00909044
0.011352837
0.009074091
0.0022664766
0.0067932857
0.0022623788
0.0022603276
0.009033097
0.0067686583
0.0022541627
0.004504209
0.0067501334
0.008991931
0.0067377575
0.008975416
0.013450723
0.0022397188
0.004475297
0.0044711535
0.0044670063
0.011157139
0.008917404
0.0066818176
0.008900769
0.0
0.0
0.0066568255
0.00443371
0.008859067
0.008850708
0.0
0.006625476
0.0066191917
0.0022043008
0.011011014
0.0066003096
0.0021980018
0.0065876977
0.0021937948
0.0065750666
0.0065687443
0.0021874723
0.0065560853
0.0021832495
0.0043622716
0.010895103
0.0065307114
0.006524356
0.0043453313
0.0043410882
0.006505264
0.0064988905
0.0064925128
0.0064861304
0.006479744
0.0064733527
0.006466957
0.0064605568
0.01075692
0.006447743
0.00644133
0.010724854
0.00428566
0.0064220633
0.0064156326
0.008545596
0.010671264
0.006396314
0.004259911
0.006383414
0.0042513045
0.0042469976
0.0042426875
0.0063575623
0.0063510886
0.006344611
0.0063381293
0.006331643
0.006325153
0.006318659
0.0063121608
0.0063056587
0.0041994345
0.0041950946
0.0041907514
0.004186406
0.0041820575
0.0062665595
0.004173353
0.0041689966
0.0041646375
0.0
0.0
0.004151545
0.0041471757
0.0
0.004138429
0.0041340524
0.0
0.0041252906
0.0
0.0
0.004112129
0.0
-0.002051671
0.0020494724
-0.0020472726
-0.0020450717
-0.0020428693
-0.0020406658
-0.0020384612
-0.0040725106
-0.0020340483
-0.00406368
-0.0020296304
-0.0040548397
-0.004050416
-0.00404599
-0.0040415614
-0.006055696
-0.0040326975
-0.0040282626
-0.006035737
-0.0040193847
-0.004014943
-0.004010498
-0.006009077
-0.006002404
-0.0039971513
-0.007985395
-0.005982363
-0.0059756762
-0.00994831
-0.009937155
-0.007940795
-0.007931862
-0.009903655
-0.009892479
-0.013833814
-0.01184413
-0.011830698
-0.01181726
-0.009836514
-0.013755427
-0.0137397265
-0.015684595
-0.017624965
-0.015648669
-0.015630694
-0.0175643
-0.01559472
-0.017523812
-0.019448392
-0.019425875
-0.019403346
-0.021318888
-0.021294087
-0.023202844
-0.02703839
-0.027006783
-0.025048366
-0.025018992
-0.024989605
-0.026880223
-0.026848549
-0.028732354
-0.028698392
-0.028664416
-0.03053912
-0.03050285
-0.034274887
-0.03423405
-0.03799244
-0.03415233
-0.034111444
-0.035963353
-0.035920165
-0.03776522
-0.0414917
-0.041441634
-0.043272987
-0.041341454
-0.043168213
-0.043115795
-0.04493568
-0.048621025
-0.050429467
-0.050367847
-0.050306205
-0.052105453
-0.055758733
-0.05754651
-0.055621587
-0.055552978
-0.055484347
-0.057262886
-0.062726624
-0.06080615
-0.0644112
-0.064330995
-0.062415034
-0.06600396
-0.06592139
-0.06766765
-0.07123585
-0.07114632
-0.06741282
-0.07096717
-0.07087755
-0.07078791
-0.07432379
-0.07603996
-0.07413517
-0.074040815
-0.07394644
-0.0756533
-0.0791545
-0.08084979
-0.082540445
-0.082434416
-0.0805386
-0.080434814
-0.082116134
-0.08557564
-0.08546484
-0.08891044
-0.08701907
-0.08867947
-0.08679266
-0.08844838
-0.090099454
-0.088217184
-0.08810154
-0.08798587
-0.091384985
-0.093019724
-0.0946498
-0.09627522
-0.09439969
-0.094274595
-0.09589297
-0.09054194
-0.09737688
-0.097247034
-0.09538293
-0.102183014
-0.09512774
-0.096727386
-0.0965974
-0.094744764
-0.09805767
-0.0979253
-0.097792886
-0.09766046
-0.09410597
-0.092269436
-0.09385028
-0.093722396
-0.096997924
-0.098564744
-0.09503568
-0.094905384
-0.094775066
-0.094644725
-0.09620211
-0.092698544
-0.09257047
-0.09244237
-0.090635814
-0.092186116
-0.09038418
-0.08858688
-0.08846335
-0.0883398
-0.08821623
-0.08476839
-0.08464946
-0.08121558
-0.079446144
-0.07933416
-0.07427078
-0.07416576
-0.07406073
-0.072312236
-0.068927266
-0.06882921
-0.067094676
-0.063730694
-0.0636396
-0.06191906
-0.056948952
-0.055242404
-0.053540524
-0.051843308
-0.048532993
-0.04846288
-0.046779662
-0.040268857
-0.036993578
-0.03372765
-0.030471066
-0.030426638
-0.027184078
-0.025547596
-0.020727016
-0.015920468
-0.012717661
-0.009524209
-0.007925144
-0.0047480674
0.0
0.0031560191
0.006302678
0.009439977
0.010996924
0.015686488
0.020362008
0.02189555
0.029670916
0.034304302
0.034252807
0.040419728
0.041911125
0.043397844
0.047975037
0.050992947
0.057087287
0.061622337
0.064605124
0.06757855
0.0705426
0.07349728
0.07797146
0.082431585
0.08382932
0.086744204
0.0926887
0.09406303
0.10149189
0.10133503
0.10419841
0.10705243
0.10989709
0.11724169
0.118559845
0.11987332
0.12417428
0.1284612
0.13124268
0.1310367
0.13380416
0.13804662
0.14079304
0.14353009
0.14625779
0.14897615
0.15021248
0.1529145
0.15413915
0.1568248
0.16242774
0.1607071
0.16336708
0.1645614
0.16575108
0.16983934
0.17101501
0.1707391
0.17190781
0.1759564
0.17711112
0.17538603
0.17653613
0.17768158
0.17596124
0.17853032
0.17823827
0.18221696
0.1790755
0.1787812
0.17848693
0.17536426
0.17789851
0.17760435
0.18012467
0.178421
0.17672206
0.17502782
0.17333828
0.17444456
0.17415299
0.17107967
0.16662715
0.16496113
0.1632998
0.16302475
0.16274974
0.15972094
0.15807611
0.15643595
0.15206067
0.149067
0.15017845
0.14583357
0.14286329
0.14126065
0.1369508
0.13130133
0.13242699
0.12815216
0.12523797
0.12502176
0.11675361
0.116551414
0.110999875
0.105466954
0.10661616
0.09977849
0.098276295
0.095453046
0.08734545
0.085871205
0.08044531
0.078987375
0.073591694
0.07083822
0.06678455
0.064052
0.06002387
0.054707117
0.052009385
0.048023015
0.044050556
0.04138529
0.033565395
0.03221659
0.028299723
0.023112701
0.019225914
0.014073584
0.012771064
0.0076487805
0.0050899507
0.0012701792
-0.0038036138
-0.007593384
-0.011369316
-0.015131416
-0.018879687
-0.02261414
-0.026334776
-0.031293333
-0.033734623
-0.03491959
-0.038589627
-0.043488402
-0.04712857
-0.048279114
-0.053131964
-0.05426647
-0.057858475
-0.0638942
-0.063774794
-0.06855201
-0.0684235
-0.0719537
-0.07547018
-0.07775798
-0.081249334
-0.08230621
-0.08456667
-0.08802381
-0.087856725
-0.09009215
-0.09471637
-0.09573239
-0.09793827
-0.100135066
-0.102322794
-0.10212642
-0.10430058
-0.10528274
-0.1062604
-0.10959035
-0.109378375
-0.111514136
-0.1101262
-0.11225072
-0.11203223
-0.11297853
-0.11508283
-0.114857756
-0.116948575
-0.117874764
-0.11764313
-0.11741159
-0.11832896
-0.11809533
-0.11786179
-0.11991239
-0.11853476
-0.12057422
-0.12033426
-0.12122737
-0.12098535
-0.121871874
-0.12050161
-0.12025989
-0.120018266
-0.11865734
-0.11841818
-0.11817912
-0.11794017
-0.116590925
-0.116354436
-0.115012154
-0.11477812
-0.11344279
-0.113211215
-0.11407662
-0.111653715
-0.11033229
-0.10901546
-0.10770322
-0.107481234
-0.105092496
-0.10595639
-0.10573695
-0.1033642
-0.101000495
-0.09864584
-0.09844023
-0.09716695
-0.09589823
-0.09357078
-0.09231341
-0.0910606
-0.088755734
-0.08645986
-0.08627732
-0.08399499
-0.08067393
-0.07945729
-0.07928844
-0.07703758
-0.07479569
-0.072562754
-0.06930438
-0.067091554
-0.063857704
-0.06372046
-0.061532214
-0.06139954
-0.05820359
-0.05603987
-0.05388505
-0.050724626
-0.04858979
-0.046463825
-0.045354612
-0.042238504
-0.040139128
-0.038048603
-0.03496784
-0.032897186
-0.030835357
-0.028782345
-0.025747845
-0.02470275
-0.02169023
-0.018690879
-0.01570468
-0.012731627
-0.010748876
-0.008774879
-0.0068096267
-0.0029118673
-0.0019368846
0.0019325269
0.00482043
0.005771459
0.00767788
0.010533176
0.01337545
0.015251496
0.01806993
0.018977618
0.021774424
0.02266917
0.027329156
0.029146882
0.030956004
0.03462833
0.034548465
0.035400238
0.03903604
0.04080011
0.043480746
0.04614854
0.04788268
0.048689622
0.05040887
0.05211961
0.054734085
0.056425694
0.057200875
0.05797187
0.06235336
0.06491051
0.06565615
0.06729489
0.0689252
0.0687611
0.07037886
0.071988225
0.07181596
0.07518179
0.076766014
0.07658139
0.07815315
0.078840554
0.07952386
0.08194662
0.080878206
0.08328433
0.08481251
0.08546907
0.08870521
0.085910894
0.087414384
0.08719982
0.08698542
0.088472575
0.08995149
0.09057569
0.08950705
0.09096971
0.08822307
0.09051792
0.0902923
0.09090079
0.09150529
0.089616455
0.08939153
0.08916678
0.08811867
0.08953928
0.09013238
0.0899042
0.08723048
0.087008886
0.08759856
0.08737525
0.08795909
0.08612428
0.085903585
0.084081516
0.08306658
0.08444592
0.08263881
0.082425185
0.08142125
0.08121004
0.08021261
0.07765075
0.07823057
0.07724594
0.07626558
0.07451329
0.07276933
0.07335
0.07084648
0.070659444
0.06894056
0.06646598
0.066289574
0.06383356
0.06366354
0.06273779
0.06030853
0.059395205
0.05848606
0.057581086
0.055934492
0.05429608
0.05340762
0.05104378
0.050167624
0.049295604
0.04696021
0.04463694
0.043055534
0.04148223
0.039917015
0.039083645
0.036810804
0.03598958
0.03445462
0.03221188
0.0314088
0.029897915
0.029104907
0.027608037
0.024707302
0.023934279
0.022463288
0.020300234
0.019545129
0.017401863
0.016658656
0.016611572
0.013803778
0.012388157
0.011666675
0.009580494
0.008870796
0.0068041896
0.0047492962
0.005412199
0.0033729041
0.0020179164
6.7069876E-4
-0.002006282
-0.002667299
-0.0039893445
-0.0046407115
-0.00594926
-0.007250111
-0.007886102
-0.0098287705
-0.011106604
-0.012376789
-0.013639338
-0.013599112
-0.015495918
-0.016093794
-0.01604606
-0.017918184
-0.01786484
-0.019719934
-0.020295229
-0.020234464
-0.020173766
-0.020741671
-0.023185788
-0.024365347
-0.024914566
-0.025460094
-0.025382848
-0.0259229
-0.02645928
-0.02760545
-0.02813263
-0.029875573
-0.029783882
-0.029086335
-0.030204922
-0.029509453
-0.03181967
-0.032918096
-0.032815896
-0.033308614
-0.033797745
-0.034283295
-0.034765273
-0.034656286
-0.035718534
-0.03618983
-0.03607572
-0.03654177
-0.035847902
-0.03688692
-0.03791875
-0.038370706
-0.038819157
-0.038695063
-0.038571123
-0.03844734
-0.038323704
-0.03763846
-0.038076904
-0.039070018
-0.039499722
-0.038816914
-0.03813788
-0.03911537
-0.038438458
-0.039407272
-0.03982354
-0.03914892
-0.03901999
-0.03889123
-0.039839376
-0.03970738
-0.039575562
-0.038910888
-0.03824994
-0.038122185
-0.0379946
-0.038393117
-0.038264107
-0.038135264
-0.038527235
-0.037359223
-0.037232656
-0.037106264
-0.036466427
-0.035830267
-0.036218
-0.035585668
-0.035463624
-0.035846625
-0.03522003
-0.03459708
-0.034477443
-0.033860028
-0.033246238
-0.032636065
-0.032029506
-0.03142655
-0.03082719
-0.031694233
-0.03158279
-0.030503156
-0.030395454
-0.029326385
-0.0292224
-0.02959592
-0.028539231
-0.028437397
-0.027391186
-0.026822465
-0.026726145
-0.025695583
-0.025602918
-0.02551039
-0.024955854
-0.023944343
-0.024316046
-0.023313172
-0.023228012
-0.023596765
-0.022605961
-0.02252285
-0.021093475
-0.020568449
-0.02004685
-0.019972509
-0.019456096
-0.018943094
-0.01843349
-0.017490031
-0.01742446
-0.017358992
-0.016428944
-0.015936235
-0.015446883
-0.015388332
-0.015329874
-0.014423093
-0.013945469
-0.013050191
-0.013000174
-0.012532489
-0.012068101
-0.012021538
-0.010736252
-0.01028331
-0.009833632
-0.009795349
-0.010163676
-0.009314015
-0.008874139
-0.0088392785
-0.007203662
-0.0071752346
-0.0071468554
-0.0067230505
-0.0059085335
-0.005100337
-0.005079979
-0.0042812475
-0.0042640804
-0.0038608573
-0.0034607744
-0.0026808453
-0.002669996
-0.0026591658
-0.0015133453
-0.0018839727
-0.0011257663
-3.737191E-4
-7.443708E-4
0.0
-3.6912624E-4
7.3520147E-4
7.321559E-4
0.0010936738
0.0014521624
0.002169156
0.0025200993
0.0028680407
0.0032129886
0.0031994565
0.0035399431
0.0035249623
0.0038610103
0.0048931176
0.004524242
0.0045049107
0.0051757107
0.005153489
0.0054733963
0.006131005
0.0064436276
0.006415692
0.0060516093
0.0070294524
0.0069987527
0.0069681117
0.007928606
0.0072359126
0.0072039985
0.0074981535
0.007464919
0.008401107
0.008685365
0.008966823
0.008289061
0.008569239
0.009162586
0.009121258
0.00970622
0.009350533
0.009618305
0.009574479
0.0095307445
0.010099168
0.00974817
0.010309755
0.010262178
0.010815563
0.010765394
0.010417682
0.011257891
0.010910389
0.010859255
0.011392457
0.011048048
0.011863958
0.011231784
0.01146508
0.011410498
0.011072133
0.011019144
0.010966269
0.011193342
0.0116963135
0.01163974
0.010755913
0.011252515
0.011743878
0.011414687
0.011358733
0.011033786
0.010711617
0.01092515
0.010871014
0.011344658
0.011025622
0.010970539
0.011175478
0.010343572
0.010806045
0.0107514635
0.011206389
0.0108960755
0.010588474
0.010534396
0.009981375
0.010178366
0.010372919
0.010073647
0.0102659
0.009726266
0.009675607
0.009865695
0.0098140165
0.009762462
0.009474178
0.009424124
0.008671127
0.008858161
0.008579089
0.0089944955
0.0089462865
0.00821372
0.008169439
0.00835097
0.007856729
0.008260515
0.008215456
0.007949688
0.007906069
0.0072073475
0.007384766
0.006911891
0.0068735126
0.0068352334
0.007009461
0.0065477537
0.006510958
0.006474259
0.0056069903
0.00619466
0.0061594234
0.005715995
0.005683282
0.005247038
0.0052168234
0.0051866905
0.004759974
0.0047323084
0.0045086886
0.0038976695
0.0038748027
0.0042371987
0.0038292578
0.0038065796
0.0037839643
0.0033852707
0.0033650303
0.002787372
0.0029553063
0.0029374661
0.0029196765
0.0030833087
0.0027039838
0.0021499589
0.0023148328
0.0021236166
0.0021105027
0.002097427
0.0019106901
0.0015535423
0.0013722857
0.0015341291
0.0011856955
0.0011782019
0.0011707305
0.0011632815
9.907329E-4
4.9219327E-4
4.890297E-4
4.8587576E-4
1.6091048E-4
3.197312E-4
1.5882392E-4
1.5778546E-4
0.0
0.0
0.0
-4.6099164E-4
-1.5264156E-4
-4.5486738E-4
-6.024264E-4
-8.975639E-4
-8.915076E-4
-5.9031387E-4
-0.001026029
-8.734556E-4
-7.228977E-4
-0.0010051047
-0.001140772
-0.001132879
-0.0011250121
-0.0011171711
-0.0011093564
-0.0012392637
-0.0015039821
-0.0012218275
-0.0014827432
-0.001204509
-0.0013287712
-0.0013192319
-0.0013097253
-0.0013002516
-0.0012908108
-0.0015376833
-0.0011448249
-0.0012626855
-0.0012533764
-9.952801E-4
-0.001234857
-9.805174E-4
-0.0012164696
-0.0012073255
-8.3875016E-4
-9.513093E-4
-0.0010620826
-0.0010539722
-0.0010458915
-9.2252507E-4
-9.1539545E-4
-6.812193E-4
-7.8856386E-4
-5.5885373E-4
-6.653571E-4
-6.601096E-4
-4.3658816E-4
-5.413957E-4
-4.2965828E-4
-4.2621337E-4
-4.2278183E-4
-2.0968184E-4
-2.0797944E-4
-1.0314187E-4
0.0
-1.0145623E-4
0.0
0.0
9.8952914E-5
9.8125194E-5
2.919025E-4
2.8943951E-4
2.8698661E-4
4.7423973E-4
4.7018524E-4
5.5937713E-4
5.5455224E-4
4.58123E-4
6.357904E-4
6.302323E-4
8.031829E-4
8.8455284E-4
8.7671407E-4
8.6890924E-4
8.611382E-4
8.5340114E-4
9.3026774E-4
0.0010894373
9.964721E-4
9.873505E-4
0.0011413146
0.0010499988
0.0012002881
0.0011890902
0.0011779433
0.0013224273
0.0010787494
0.0011448096
0.0013606409
0.0014973019
0.0014087064
0.0015418874
0.0015268553
0.00129591
0.0013544346
0.0012704488
0.0014674457
0.0015911326
0.0013696883
0.0013558518
0.0012749796
0.0012619654
0.0013804918
0.0014313115
0.0014164691
0.0015928438
0.0014500577
0.0013723966
0.0014195781
0.0013433938
0.0013894156
0.0014342123
0.0014186824
0.0013447672
0.0012722153
0.0013153988
0.0013008339
0.0012863486
0.0012166409
0.0013122957
0.0012974298
0.001282647
0.0012151164
0.0012011091
0.0012387983
0.001173334
0.0011595662
0.0011956991
0.0011322703
0.0011187424
0.0011052943
0.0010919264
0.0010317412
9.727845E-4
9.1504597E-4
9.0370025E-4
8.9242426E-4
8.3715713E-4
9.135856E-4
8.1606413E-4
8.056171E-4
7.5338193E-4
7.0229877E-4
7.33902E-4
6.437835E-4
6.352656E-4
6.65979E-4
6.1839784E-4
6.48176E-4
6.017542E-4
5.1932683E-4
4.7558447E-4
4.3290688E-4
4.62426E-4
4.5591517E-4
4.148769E-4
3.7487192E-4
3.6947863E-4
3.310218E-4
2.9357016E-4
3.213915E-4
2.533033E-4
2.4952152E-4
2.457679E-4
1.8153184E-4
1.7875887E-4
1.1733802E-4
1.4439695E-4
1.4213899E-4
1.1191893E-4
8.2605584E-5
8.1282546E-5
7.99701E-5
5.244549E-5
0.0
0.0
-2.4942075E-5
-4.90445E-5
-7.231788E-5
-4.7386413E-5
-4.6567977E-5
-1.1439154E-4
-6.7428504E-5
-1.3246539E-4
-1.3009502E-4
-1.4903689E-4
-1.6722405E-4
-1.6414856E-4
-2.013768E-4
-1.5808268E-4
-1.9386534E-4
-1.9016281E-4
-1.8649576E-4
-2.1943703E-4
-2.5097537E-4
-2.4599055E-4
-2.4105547E-4
-2.530394E-4
-2.4785838E-4
-2.2654861E-4
-2.535E-4
-2.4814418E-4
-2.5802306E-4
-2.5245344E-4
-2.4694426E-4
-2.557012E-4
-2.4999608E-4
-2.715056E-4
-2.6530895E-4
-2.5918355E-4
-2.6578584E-4
-2.718611E-4
-2.8948177E-4
-2.707036E-4
-2.6406915E-4
-2.5751675E-4
-2.5104632E-4
-2.7656983E-4
-2.7980405E-4
-2.825898E-4
-2.9476325E-4
-2.7729681E-4
-2.6975936E-4
-2.6232543E-4
-2.5499507E-4
-2.6485577E-4
-2.7383756E-4
-2.5779373E-4
-2.579799E-4
-2.5781067E-4
-2.4259403E-4
-2.493252E-4
-2.4147886E-4
-2.270789E-4
-2.3262345E-4
-2.186909E-4
-2.234222E-4
-2.1578927E-4
-2.0828875E-4
-2.0635095E-4
-1.9891975E-4
-1.9666734E-4
-1.8931985E-4
-1.8211201E-4
-1.7055555E-4
-1.6811538E-4
-1.6959978E-4
-1.6657585E-4
-1.5956584E-4
-1.5270633E-4
-1.4599734E-4
-1.4275886E-4
-1.3303099E-4
-1.2677367E-4
-1.2641295E-4
-1.1744197E-4
-1.114982E-4
-1.0570865E-4
-1.024006E-4
-9.8991855E-5
-9.341726E-5
-8.800409E-5
-8.0913436E-5
-7.59363E-5
-7.111705E-5
-6.947642E-5
-6.4768275E-5
-6.0225233E-5
-5.58473E-5
-5.0511997E-5
-4.6552304E-5
-4.370425E-5
-3.998685E-5
-3.564255E-5
-3.161068E-5
-2.9825624E-5
-2.6768897E-5
-2.387736E-5
-2.0691212E-5
-1.8185745E-5
-1.6193937E-5
-1.36596655E-5
-1.1897708E-5
-9.997425E-6
-7.903135E-6
-6.6925436E-6
-5.287953E-6
-3.872575E-6
-2.9098271E-6
-1.975813E-6
-1.2932616E-6
-7.112949E-7
-3.0894657E-7
-8.082909E-8
-0.0
