0.0077293115
0.007711293
0.00765748
0.0075685913
0.0074458183
0.007290807
0.00710564
0.0068928087
0.006655187
0.0063959938
0.0061187577
0.005827275
0.0055255666
0.0052178274
0.0049083726
0.004601581
0.004301816
0.004013341
0.0037402022
0.003486083
0.0032541226
0.0030467038
0.0028652314
0.0027099452
0.0025798236
0.0024726281
0.0023851136
0.0023133734
0.002253249
0.0022007236
0.0021522345
0.002104876
0.0020564983
0.0020057207
0.0019518896
0.0018949965
0.0018355775
0.0017745983
0.0017133307
0.0016532219
0.001595755
0.0015423079
0.0014940157
0.0014516512
0.0014155409
0.0013855315
0.0013610165
0.0013410192
0.0013243151
0.001309573
0.001295489
0.001280901
0.0012648713
0.0012467392
0.0012261445
0.0012030291
0.0011776176
0.0011503845
0.0011220073
0.0010933059
0.0010651744
0.0010385003
0.0010140827
9.925507E-4
9.7429735E-4
9.594364E-4
9.477925E-4
9.3892694E-4
9.3219435E-4
9.268194E-4
9.2198135E-4
9.16893E-4
9.108669E-4
9.033645E-4
8.940278E-4
8.826948E-4
8.6940033E-4
8.543658E-4
8.3797704E-4
8.207527E-4
8.033027E-4
7.8627816E-4
7.703142E-4
7.5596996E-4
7.436719E-4
7.336676E-4
7.2599883E-4
7.204992E-4
7.1681663E-4
7.1445724E-4
7.1284256E-4
7.1136974E-4
7.094683E-4
7.0664694E-4
7.0252817E-4
6.96871E-4
6.8958214E-4
6.807168E-4
6.704706E-4
6.591631E-4
6.47213E-4
6.35106E-4
6.233546E-4
6.1245356E-4
6.0283236E-4
5.9481105E-4
5.885655E-4
5.841081E-4
5.8128784E-4
5.798104E-4
5.7927385E-4
5.79214E-4
5.7915214E-4
5.7863886E-4
5.772904E-4
5.748159E-4
5.710348E-4
5.6588557E-4
5.5942655E-4
5.518293E-4
5.433651E-4
5.3438457E-4
5.252911E-4
5.165076E-4
5.0843944E-4
5.0143496E-4
4.9574964E-4
4.9151806E-4
4.887388E-4
4.8727615E-4
4.8687725E-4
4.8720272E-4
4.8786428E-4
4.884639E-4
4.8863015E-4
4.8804763E-4
4.8647943E-4
4.8378142E-4
4.7990956E-4
4.7492035E-4
4.6896536E-4
4.622798E-4
4.5516522E-4
4.479665E-4
4.4104384E-4
4.3474048E-4
4.293496E-4
4.250836E-4
4.2205054E-4
4.2024226E-4
4.1953623E-4
4.1971114E-4
4.204731E-4
4.21488E-4
4.224149E-4
4.2293678E-4
4.2278573E-4
4.2176165E-4
4.1974476E-4
4.1670154E-4
4.1268527E-4
4.078313E-4
4.02347E-4
3.9649682E-4
3.9058208E-4
3.849164E-4
3.797977E-4
3.7547908E-4
3.7214215E-4
3.6987697E-4
3.6867187E-4
3.6841567E-4
3.6891163E-4
3.6990046E-4
3.7108883E-4
3.721784E-4
3.7289242E-4
3.7299775E-4
3.723212E-4
3.707602E-4
3.682881E-4
3.649548E-4
3.6088217E-4
3.5625568E-4
3.5131074E-4
3.4631495E-4
3.4154614E-4
3.372675E-4
3.3370178E-4
3.3100764E-4
3.2926214E-4
3.2845186E-4
3.2847526E-4
3.291553E-4
3.3026E-4
3.3152782E-4
3.3269334E-4
3.3351095E-4
3.3377414E-4
3.3333007E-4
3.3208902E-4
3.300292E-4
3.2719702E-4
3.2370345E-4
3.1971603E-4
3.154469E-4
3.1113677E-4
3.070351E-4
3.0337772E-4
3.0036352E-4
2.9813353E-4
2.9675494E-4
2.9621358E-4
2.9641617E-4
2.9720174E-4
2.9836045E-4
2.9965627E-4
3.0085002E-4
3.017208E-4
3.020832E-4
3.0180035E-4
3.0079248E-4
2.9904122E-4
2.9658992E-4
2.935402E-4
2.900449E-4
2.8629715E-4
2.8251566E-4
2.7892683E-4
2.7574436E-4
2.7314803E-4
2.7126473E-4
2.7015404E-4
2.6980165E-4
2.7012127E-4
2.7096545E-4
2.7214258E-4
2.7343744E-4
2.7463245E-4
2.755267E-4
2.759519E-4
2.7578406E-4
2.749513E-4
2.7343788E-4
2.7128425E-4
2.685842E-4
2.654782E-4
2.621434E-4
2.5878038E-4
2.555964E-4
2.527868E-4
2.505158E-4
2.488987E-4
2.4798908E-4
2.4777272E-4
2.4816953E-4
2.490434E-4
2.5021797E-4
2.5149554E-4
2.5267634E-4
2.5357617E-4
2.5404082E-4
2.539569E-4
2.5325906E-4
2.519334E-4
2.5001788E-4
2.475995E-4
2.448082E-4
2.4180773E-4
2.3878318E-4
2.3592578E-4
2.3341557E-4
2.3140358E-4
2.2999564E-4
2.2924045E-4
2.2912402E-4
2.2957163E-4
2.3045695E-4
2.3161662E-4
2.3286772E-4
2.340256E-4
2.3492008E-4
2.3540884E-4
2.3538737E-4
2.347956E-4
2.3362119E-4
2.3189984E-4
2.2971263E-4
2.2718047E-4
2.2445554E-4
2.217098E-4
2.1912072E-4
2.1685533E-4
2.1505354E-4
2.1381315E-4
2.1317882E-4
2.1313695E-4
2.1361753E-4
2.145027E-4
2.1564026E-4
2.1686003E-4
2.1799024E-4
2.1887274E-4
2.193753E-4
2.1940096E-4
2.1889413E-4
2.1784368E-4
2.1628325E-4
2.1428878E-4
2.1197331E-4
2.0947903E-4
2.0696645E-4
2.0460128E-4
2.025393E-4
2.0091084E-4
1.998069E-4
1.9926876E-4
1.9928321E-4
1.9978445E-4
2.0066203E-4
2.0177348E-4
2.029596E-4
2.0405983E-4
2.0492639E-4
2.0543573E-4
2.0549742E-4
2.0505965E-4
2.041123E-4
2.0268714E-4
2.0085556E-4
1.9872369E-4
1.9642498E-4
1.9411002E-4
1.9193419E-4
1.9004347E-4
1.8855996E-4
1.8756876E-4
1.8710822E-4
1.8716567E-4
1.8767899E-4
1.8854423E-4
1.8962752E-4
1.9077926E-4
1.9184868E-4
1.9269701E-4
1.9320837E-4
1.9329785E-4
1.92917E-4
1.9205648E-4
1.907464E-4
1.8905409E-4
1.870796E-4
1.8494864E-4
1.8280307E-4
1.8078917E-4
1.7904438E-4
1.7768356E-4
1.7678663E-4
1.7638954E-4
1.7648003E-4
1.7699934E-4
1.7784933E-4
1.7890366E-4
1.8002125E-4
1.8105992E-4
1.8188888E-4
1.823989E-4
1.8251002E-4
1.8217663E-4
1.8139009E-4
1.8017895E-4
1.7860693E-4
1.7676869E-4
1.7478304E-4
1.727841E-4
1.7091012E-4
1.6929096E-4
1.6803507E-4
1.6721789E-4
1.6687319E-4
1.6698921E-4
1.6751021E-4
1.6834319E-4
1.6936856E-4
1.7045278E-4
1.7146133E-4
1.7227048E-4
1.7277687E-4
1.7290491E-4
1.7261153E-4
1.7188862E-4
1.7076333E-4
1.692962E-4
1.6757693E-4
1.6571826E-4
1.6384736E-4
1.6209536E-4
1.605853E-4
1.5942003E-4
1.5867094E-4
1.5836996E-4
1.5850578E-4
1.5902537E-4
1.5984039E-4
1.6083728E-4
1.6188927E-4
1.6286866E-4
1.63658E-4
1.6415921E-4
1.6430057E-4
1.640412E-4
1.6337351E-4
1.6232337E-4
1.6094833E-4
1.593338E-4
1.5758695E-4
1.5582876E-4
1.541839E-4
1.527694E-4
1.5168301E-4
1.5099258E-4
1.5072839E-4
1.5087955E-4
1.5139554E-4
1.521922E-4
1.5316141E-4
1.5418246E-4
1.5513384E-4
1.5590368E-4
1.5639866E-4
1.565505E-4
1.5632031E-4
1.5570092E-4
1.5471701E-4
1.5342349E-4
1.5190177E-4
1.5025408E-4
1.4859578E-4
1.470457E-4
1.4571549E-4
1.446983E-4
1.4405878E-4
1.4382578E-4
1.4398881E-4
1.4449965E-4
1.4527791E-4
1.4622041E-4
1.4721193E-4
1.481365E-4
1.4888735E-4
1.4937542E-4
1.4953554E-4
1.4933059E-4
1.4875374E-4
1.478286E-4
1.4660765E-4
1.4516871E-4
1.4360949E-4
1.4204024E-4
1.4057456E-4
1.3931916E-4
1.3836306E-4
1.3776807E-4
1.375617E-4
1.3773389E-4
1.3823848E-4
1.3899857E-4
1.3991541E-4
1.4087884E-4
1.4177785E-4
1.4251034E-4
1.4299108E-4
1.431577E-4
1.429747E-4
1.4243556E-4
1.415629E-4
1.4040695E-4
1.3904225E-4
1.375624E-4
1.36073E-4
1.346829E-4
1.334943E-4
1.3259248E-4
1.3203666E-4
1.3185316E-4
1.3203236E-4
1.3252994E-4
1.3327223E-4
1.3416454E-4
1.3510126E-4
1.3597598E-4
1.366908E-4
1.3716398E-4
1.3733571E-4
1.3717196E-4
1.3666642E-4
1.3584083E-4
1.347434E-4
1.3344563E-4
1.3203736E-4
1.3061993E-4
1.2929783E-4
1.2816918E-4
1.2731586E-4
1.267947E-4
1.2663098E-4
1.2681544E-4
1.2730555E-4
1.2803052E-4
1.2889941E-4
1.298108E-4
1.3066245E-4
1.313603E-4
1.3182583E-4
1.3200154E-4
1.3185474E-4
1.3137935E-4
1.3059622E-4
1.295517E-4
1.2831454E-4
1.2697109E-4
1.2561883E-4
1.2435824E-4
1.2328365E-4
1.2247387E-4
1.2198355E-4
1.2183701E-4
1.2202537E-4
1.2250768E-4
1.2321588E-4
1.2406247E-4
1.2494983E-4
1.2577958E-4
1.2646121E-4
1.269191E-4
1.270979E-4
1.269661E-4
1.2651784E-4
1.257732E-4
1.2477674E-4
1.235947E-4
1.2231023E-4
1.2101721E-4
1.1981245E-4
1.18786855E-4
1.1801633E-4
1.1755358E-4
1.17422045E-4
1.1761318E-4
1.18087555E-4
1.1877957E-4
1.1960492E-4
1.204695E-4
1.212785E-4
1.2194461E-4
1.2239494E-4
1.2257611E-4
1.2245766E-4
1.22033955E-4
1.21324294E-4
1.2037168E-4
1.19239965E-4
1.18009346E-4
1.167704E-4
1.1561654E-4
1.1463549E-4
1.1390053E-4
1.1346253E-4
1.1334415E-4
1.13537164E-4
1.14003546E-4
1.1467999E-4
1.15485134E-4
1.16328134E-4
1.1711743E-4
1.1776875E-4
1.18211654E-4
1.1839457E-4
1.1828808E-4
1.17886666E-4
1.1720897E-4
1.16296476E-4
1.1521085E-4
1.14029586E-4
1.1284017E-4
1.1173288E-4
1.107925E-4
1.10089866E-4
1.0967418E-4
1.0956738E-4
1.0976156E-4
1.1021997E-4
1.10881454E-4
1.11667374E-4
1.12489906E-4
1.1326053E-4
1.1389774E-4
1.1433339E-4
1.1451758E-4
1.1442182E-4
1.1404073E-4
1.13392314E-4
1.12516675E-4
1.11473426E-4
1.1033752E-4
1.09193614E-4
1.0812906E-4
1.0722593E-4
1.065528E-4
1.0615731E-4
1.06060754E-4
1.06255495E-4
1.0670602E-4
1.0735316E-4
1.08120796E-4
1.0892392E-4
1.0967683E-4
1.1030058E-4
1.10729176E-4
1.1091424E-4
1.1082816E-4
1.1046568E-4
1.0984417E-4
1.0900247E-4
1.0799828E-4
1.06904205E-4
1.05802246E-4
1.0477705E-4
1.0390814E-4
1.0326201E-4
1.0288487E-4
1.0279739E-4
1.0299222E-4
1.0343499E-4
1.0406837E-4
1.04818624E-4
1.05603336E-4
1.0633944E-4
1.0695036E-4
1.0737211E-4
1.0755773E-4
1.074804E-4
1.07135E-4
1.0653831E-4
1.0572796E-4
1.0475989E-4
1.03704486E-4
1.026413E-4
1.01652426E-4
1.0081506E-4
1.0019372E-4
9.9833305E-5
9.9753895E-5
9.994843E-5
1.003836E-4
1.0100381E-4
1.0173751E-4
1.0250476E-4
1.0322489E-4
1.038236E-4
1.04238716E-4
1.0442464E-4
1.0435527E-4
1.0402558E-4
1.0345184E-4
1.0267053E-4
1.0173593E-4
1.0071638E-4
9.968911E-5
9.873387E-5
9.7925644E-5
9.732714E-5
9.6981996E-5
9.69098E-5
9.710373E-5
9.753147E-5
9.813907E-5
9.8857025E-5
9.960768E-5
1.0031265E-4
1.0089972E-4
1.0130843E-4
1.01494436E-4
1.0143232E-4
1.0111715E-4
1.0056468E-4
9.981033E-5
9.890683E-5
9.792059E-5
9.6926684E-5
9.600265E-5
9.522141E-5
9.464398E-5
9.431285E-5
9.42471E-5
9.444017E-5
9.486068E-5
9.5456206E-5
9.615918E-5
9.6894066E-5
9.7584634E-5
9.8160606E-5
9.856315E-5
9.874906E-5
9.869357E-5
9.8391836E-5
9.785913E-5
9.7129865E-5
9.625533E-5
9.5300114E-5
9.4337265E-5
9.344225E-5
9.268607E-5
9.2128146E-5
9.180989E-5
9.174993E-5
9.194193E-5
9.2355425E-5
9.293939E-5
9.3628085E-5
9.434799E-5
9.5024865E-5
9.559026E-5
9.5986856E-5
9.617253E-5
9.612313E-5
9.583386E-5
9.5319556E-5
9.461369E-5
9.376618E-5
9.283992E-5
9.190603E-5
9.103806E-5
9.03052E-5
8.976537E-5
8.945897E-5
8.940421E-5
8.9595E-5
9.000167E-5
9.057458E-5
9.124967E-5
9.195532E-5
9.261917E-5
9.317449E-5
9.356536E-5
9.375069E-5
9.370688E-5
9.342921E-5
9.293209E-5
9.224809E-5
9.142585E-5
9.052664E-5
8.961983E-5
8.8777124E-5
8.806599E-5
8.754298E-5
8.724753E-5
8.719747E-5
8.73869E-5
8.778697E-5
8.834928E-5
8.9011424E-5
8.9703506E-5
9.0354966E-5
9.090066E-5
9.128603E-5
9.147093E-5
9.143228E-5
9.116543E-5
9.068436E-5
9.002084E-5
8.922226E-5
8.83484E-5
8.746694E-5
8.664786E-5
8.595703E-5
8.544968E-5
8.516436E-5
8.511854E-5
8.530653E-5
8.570021E-5
8.625239E-5
8.690217E-5
8.7581335E-5
8.822099E-5
8.8757515E-5
8.91376E-5
8.932199E-5
8.9288114E-5
8.903136E-5
8.856534E-5
8.792102E-5
8.714465E-5
8.6294574E-5
8.5436885E-5
8.4639934E-5
8.396811E-5
8.347538E-5
8.3199455E-5
8.315747E-5
8.334393E-5
8.373143E-5
8.427391E-5
8.4911895E-5
8.5578766E-5
8.6207176E-5
8.673495E-5
8.710995E-5
8.7293796E-5
8.726434E-5
8.701704E-5
8.6565145E-5
8.593886E-5
8.518335E-5
8.4355626E-5
8.3520266E-5
8.2744096E-5
8.2090075E-5
8.1611004E-5
8.134382E-5
8.130531E-5
8.149019E-5
8.1871716E-5
8.2404906E-5
8.303164E-5
8.3686784E-5
8.4304476E-5
8.48239E-5
8.519403E-5
8.537727E-5
8.535194E-5
8.51135E-5
8.467488E-5
8.406556E-5
8.332969E-5
8.2522994E-5
8.170865E-5
8.0952006E-5
8.03147E-5
7.984842E-5
7.958936E-5
7.955401E-5
7.973727E-5
8.011303E-5
8.063732E-5
8.125331E-5
8.189728E-5
8.2504754E-5
8.30162E-5
8.338166E-5
8.356428E-5
8.354277E-5
8.331266E-5
8.288654E-5
8.229321E-5
8.157585E-5
8.0788974E-5
7.999441E-5
7.9256155E-5
7.8634555E-5
7.8180274E-5
7.792878E-5
7.7896315E-5
7.807792E-5
7.8448116E-5
7.8963894E-5
7.9569625E-5
8.020292E-5
8.080065E-5
8.130449E-5
8.166546E-5
8.184743E-5
8.18295E-5
8.1607235E-5
8.119289E-5
8.061465E-5
7.9914746E-5
7.914658E-5
7.8370686E-5
7.7649755E-5
7.704295E-5
7.659992E-5
7.635551E-5
7.632566E-5
7.650561E-5
7.6870434E-5
7.737804E-5
7.797397E-5
7.859708E-5
7.918551E-5
7.968208E-5
8.003875E-5
8.0220074E-5
8.020549E-5
7.9990605E-5
7.958739E-5
7.9023404E-5
7.834E-5
7.75895E-5
7.683123E-5
7.612666E-5
7.553378E-5
7.510135E-5
7.486355E-5
7.48361E-5
7.501437E-5
7.537402E-5
7.587381E-5
7.646036E-5
7.707375E-5
7.765331E-5
7.814294E-5
7.849548E-5
7.8676145E-5
7.86647E-5
7.845679E-5
7.806409E-5
7.7513585E-5
7.68458E-5
7.611201E-5
7.53704E-5
7.468127E-5
7.4101554E-5
7.367909E-5
7.344748E-5
7.342221E-5
7.359883E-5
7.395347E-5
7.444577E-5
7.502336E-5
7.562747E-5
7.619856E-5
7.668155E-5
7.703014E-5
7.721014E-5
7.720166E-5
7.700033E-5
7.661759E-5
7.607984E-5
7.542684E-5
7.470888E-5
7.398304E-5
7.3308525E-5
7.2741226E-5
7.232816E-5
7.210236E-5
7.207909E-5
7.225405E-5
7.2603885E-5
7.3088995E-5
7.365801E-5
7.425325E-5
7.481624E-5
7.52929E-5
7.563771E-5
7.581706E-5
7.5811346E-5
7.561626E-5
7.524295E-5
7.471731E-5
7.407832E-5
7.3375355E-5
7.2664465E-5
7.200378E-5
7.144823E-5
7.104403E-5
7.082368E-5
7.080224E-5
7.0975555E-5
7.132075E-5
7.179897E-5
7.235979E-5
7.294655E-5
7.350181E-5
7.3972406E-5
7.43136E-5
7.44923E-5
7.448922E-5
7.430004E-5
7.393568E-5
7.342152E-5
7.279584E-5
7.21071E-5
7.141037E-5
7.07628E-5
7.021837E-5
6.9822534E-5
6.960731E-5
6.958756E-5
6.9759255E-5
7.009997E-5
7.057159E-5
7.112456E-5
7.1703216E-5
7.225109E-5
7.271589E-5
7.305362E-5
7.323169E-5
7.323109E-5
7.304752E-5
7.2691655E-5
7.218841E-5
7.1575356E-5
7.0900125E-5
7.0216855E-5
6.958171E-5
6.904781E-5
6.8659894E-5
6.8449495E-5
6.843128E-5
6.8601374E-5
6.8937785E-5
6.940306E-5
6.9948524E-5
7.051943E-5
7.106025E-5
7.151952E-5
7.185393E-5
7.2031384E-5
7.203314E-5
7.18549E-5
7.1507115E-5
7.1014234E-5
7.041319E-5
6.97508E-5
6.90803E-5
6.845695E-5
6.793305E-5
6.7552624E-5
6.734676E-5
6.7329966E-5
6.7498484E-5
6.783074E-5
6.828994E-5
6.8828216E-5
6.939172E-5
6.992578E-5
7.037976E-5
7.0710994E-5
7.0887865E-5
7.0891845E-5
7.071868E-5
7.037858E-5
6.989557E-5
6.930595E-5
6.865577E-5
6.799741E-5
6.738528E-5
6.687084E-5
6.649751E-5
6.629593E-5
6.628044E-5
6.644741E-5
6.677567E-5
6.722904E-5
6.776043E-5
6.831684E-5
6.8844456E-5
6.929338E-5
6.962159E-5
6.9797876E-5
6.980398E-5
6.9635644E-5
6.930286E-5
6.882926E-5
6.8250505E-5
6.7611945E-5
6.696514E-5
6.636366E-5
6.585823E-5
6.549162E-5
6.529407E-5
6.527979E-5
6.5445245E-5
6.576965E-5
6.621743E-5
6.6742236E-5
6.729186E-5
6.781331E-5
6.82574E-5
6.858271E-5
6.8758454E-5
6.876658E-5
6.860284E-5
6.827704E-5
6.781238E-5
6.7244E-5
6.661651E-5
6.59807E-5
6.538935E-5
6.489247E-5
6.453224E-5
6.433851E-5
6.432532E-5
6.448929E-5
6.4809996E-5
6.525241E-5
6.57709E-5
6.6314045E-5
6.682959E-5
6.726907E-5
6.759161E-5
6.776683E-5
6.7776884E-5
6.761754E-5
6.7298395E-5
6.684228E-5
6.628377E-5
6.566683E-5
6.504149E-5
6.445979E-5
6.397104E-5
6.361686E-5
6.342673E-5
6.341456E-5
6.3577085E-5
6.3894215E-5
6.4331485E-5
6.484394E-5
6.5380875E-5
6.589078E-5
6.6325854E-5
6.664574E-5
6.682047E-5
6.683237E-5
6.667722E-5
6.636443E-5
6.5916465E-5
6.536738E-5
6.476049E-5
6.414513E-5
6.3572625E-5
6.3091604E-5
6.274317E-5
6.255645E-5
6.254522E-5
6.270633E-5
6.302002E-5
6.345236E-5
6.3959014E-5
6.4490014E-5
6.4994536E-5
6.5425396E-5
6.5742766E-5
6.591702E-5
6.593069E-5
6.5779546E-5
6.5472836E-5
6.503265E-5
6.449256E-5
6.3895255E-5
6.3289415E-5
6.272566E-5
6.2252E-5
6.190903E-5
6.172553E-5
6.1715175E-5
6.1874896E-5
6.218528E-5
6.261288E-5
6.3114E-5
6.363932E-5
6.4138694E-5
6.456553E-5
6.488049E-5
6.50543E-5
6.5069675E-5
6.492237E-5
6.462146E-5
6.418871E-5
6.365721E-5
6.306906E-5
6.2472296E-5
6.1916886E-5
6.1450235E-5
6.1112456E-5
6.0932005E-5
6.0922448E-5
6.108083E-5
6.138803E-5
6.181109E-5
6.2306906E-5
6.282679E-5
6.332124E-5
6.374424E-5
6.405691E-5
6.4230306E-5
6.424731E-5
6.410368E-5
6.380832E-5
6.3382686E-5
6.285939E-5
6.2279985E-5
6.1691884E-5
6.114443E-5
6.0684455E-5
6.0351605E-5
6.0174047E-5
6.016523E-5
6.0322298E-5
6.0626448E-5
6.104515E-5
6.153588E-5
6.205057E-5
6.254032E-5
6.2959654E-5
6.327015E-5
6.3443156E-5
6.346173E-5
6.3321626E-5
6.3031584E-5
6.261275E-5
6.209729E-5
6.152624E-5
6.0946408E-5
6.0406543E-5
5.9952934E-5
5.9624777E-5
5.9449958E-5
5.9441823E-5
5.959762E-5
5.9898826E-5
6.0313356E-5
6.079922E-5
6.130894E-5
6.17942E-5
6.221004E-5
6.251846E-5
6.269112E-5
6.27112E-5
6.257449E-5
6.228954E-5
6.18772E-5
6.136925E-5
6.080618E-5
6.0234237E-5
5.9701615E-5
5.9254067E-5
5.893038E-5
5.8758156E-5
5.8750655E-5
5.8905214E-5
5.920359E-5
5.961412E-5
6.0095328E-5
6.06003E-5
6.108127E-5
6.149379E-5
6.180024E-5
6.197257E-5
6.199412E-5
6.186065E-5
6.158058E-5
6.117447E-5
6.067369E-5
6.0118247E-5
5.955385E-5
5.902814E-5
5.8586378E-5
5.826694E-5
5.809718E-5
5.809026E-5
5.8243622E-5
5.853928E-5
5.8945978E-5
5.9422728E-5
5.9923164E-5
6.040004E-5
6.0809383E-5
6.111397E-5
6.128601E-5
6.130897E-5
6.117862E-5
6.0903232E-5
6.050309E-5
6.0009173E-5
5.9461025E-5
5.8903835E-5
5.838472E-5
5.7948473E-5
5.7633082E-5
5.7465655E-5
5.7459278E-5
5.761148E-5
5.7904526E-5
5.830755E-5
5.8780035E-5
5.927614E-5
5.9749113E-5
6.015544E-5
6.0458256E-5
6.0630035E-5
6.0654373E-5
6.052702E-5
6.025612E-5
5.9861693E-5
5.9374343E-5
5.883317E-5
5.828287E-5
5.7770052E-5
5.7339064E-5
5.702753E-5
5.6862318E-5
5.685644E-5
5.7007514E-5
5.7298053E-5
5.7697558E-5
5.8165973E-5
5.8657937E-5
5.912719E-5
5.953064E-5
5.983179E-5
6.0003338E-5
6.0029008E-5
5.9904545E-5
5.9637954E-5
5.9249003E-5
5.8767942E-5
5.8233443E-5
5.768972E-5
5.7182922E-5
5.6756948E-5
5.6449084E-5
5.6285975E-5
5.6280558E-5
5.6430545E-5
5.6718676E-5
5.7114816E-5
5.7579335E-5
5.806735E-5
5.853306E-5
5.8933783E-5
5.9233353E-5
5.94047E-5
5.943167E-5
5.930999E-5
5.9047536E-5
5.8663834E-5
5.8188794E-5
5.7660676E-5
5.7123245E-5
5.662219E-5
5.6201003E-5
5.5896635E-5
5.573552E-5
5.5730532E-5
5.5879464E-5
5.616529E-5
5.6558205E-5
5.701901E-5
5.7503254E-5
5.796559E-5
5.8363727E-5
5.8661808E-5
5.8832993E-5
5.8861224E-5
5.8742222E-5
5.8483743E-5
5.8105074E-5
5.7635803E-5
5.711379E-5
5.6582372E-5
5.6086803E-5
5.5670178E-5
5.536914E-5
5.5209915E-5
5.5205328E-5
5.535324E-5
5.5636854E-5
5.6026693E-5
5.6483943E-5
5.69646E-5
5.7423727E-5
5.781941E-5
5.8116093E-5
5.8287143E-5
5.8316607E-5
5.8200192E-5
5.7945534E-5
5.757169E-5
5.7107944E-5
5.6591773E-5
5.60661E-5
5.557577E-5
5.51635E-5
5.4865628E-5
5.47082E-5
5.470398E-5
5.4850912E-5
5.513241E-5
5.55193E-5
5.5973167E-5
5.6450408E-5
5.6906483E-5
5.729984E-5
5.7595214E-5
5.7766167E-5
5.779683E-5
5.7682915E-5
5.7431927E-5
5.7062716E-5
5.6604254E-5
5.6093675E-5
5.5573495E-5
5.5088167E-5
5.4680047E-5
5.4385197E-5
5.4229477E-5
5.422559E-5
5.437158E-5
5.4651046E-5
5.503513E-5
5.548577E-5
5.5959757E-5
5.6412937E-5
5.68041E-5
5.709825E-5
5.7269128E-5
5.7300975E-5
5.7189467E-5
5.694201E-5
5.6577243E-5
5.6123852E-5
5.5618617E-5
5.5103686E-5
5.4623135E-5
5.4218974E-5
5.3926993E-5
5.377289E-5
5.376932E-5
5.39144E-5
5.4191925E-5
5.4573324E-5
5.502089E-5
5.549179E-5
5.5942226E-5
5.6331315E-5
5.662432E-5
5.679517E-5
5.682817E-5
5.6718996E-5
5.647493E-5
5.6114426E-5
5.566589E-5
5.516577E-5
5.4655855E-5
5.4179858E-5
5.3779473E-5
5.3490225E-5
5.3337655E-5
5.3334377E-5
5.347858E-5
5.375425E-5
5.4133096E-5
5.457774E-5
5.5045704E-5
5.5493547E-5
5.5880686E-5
5.617263E-5
5.6343477E-5
5.637761E-5
5.627069E-5
5.6029894E-5
5.5673478E-5
5.522959E-5
5.4734362E-5
5.422924E-5
5.375759E-5
5.33608E-5
5.3074153E-5
5.292304E-5
5.2920026E-5
5.3063388E-5
5.333729E-5
5.3713706E-5
5.4155567E-5
5.4620752E-5
5.5066143E-5
5.5451444E-5
5.5742414E-5
5.591329E-5
5.5948534E-5
5.5843797E-5
5.5606146E-5
5.5253655E-5
5.481422E-5
5.432367E-5
5.3823125E-5
5.3355623E-5
5.2962256E-5
5.2678082E-5
5.2528343E-5
5.2525582E-5
5.2668136E-5
5.2940355E-5
5.3314452E-5
5.375368E-5
5.421623E-5
5.4659307E-5
5.5042892E-5
5.533296E-5
5.5503897E-5
5.5540244E-5
5.5437617E-5
5.5202996E-5
5.485427E-5
5.4419095E-5
5.3933018E-5
5.343684E-5
5.2973293E-5
5.2583186E-5
5.2301362E-5
5.215293E-5
5.21504E-5
5.2292184E-5
5.256279E-5
5.293469E-5
5.3371423E-5
5.3831485E-5
5.4272383E-5
5.4654363E-5
5.4943604E-5
5.5114644E-5
5.5152068E-5
5.505149E-5
5.4819782E-5
5.4474673E-5
5.404358E-5
5.3561776E-5
5.3069765E-5
5.2609987E-5
5.2222982E-5
5.1943385E-5
5.1796193E-5
5.1793875E-5
5.193492E-5
5.2204E-5
5.2573814E-5
5.3008185E-5
5.34659E-5
5.390475E-5
5.428524E-5
5.457373E-5
5.47449E-5
5.4783395E-5
5.4684802E-5
5.4455904E-5
5.4114258E-5
5.3687072E-5
5.320935E-5
5.2721316E-5
5.2265124E-5
5.1881067E-5
5.160359E-5
5.1457566E-5
5.1455445E-5
5.1595784E-5
5.1863415E-5
5.223126E-5
5.2663396E-5
5.3118903E-5
5.355584E-5
5.393494E-5
5.422276E-5
5.4394095E-5
5.4433647E-5
5.433698E-5
5.4110784E-5
5.3772463E-5
5.3349013E-5
5.287519E-5
5.2390944E-5
5.1938165E-5
5.1556915E-5
5.1281444E-5
5.1136525E-5
5.1134586E-5
5.1274255E-5
5.154051E-5
5.1906485E-5
5.233652E-5
5.2789957E-5
5.3225103E-5
5.3602922E-5
5.3890148E-5
5.4061682E-5
5.410228E-5
5.400748E-5
5.378389E-5
5.344876E-5
5.3028885E-5
5.2558782E-5
5.2078147E-5
5.1628613E-5
5.125002E-5
5.097645E-5
5.0832576E-5
5.0830808E-5
5.0969837E-5
5.123479E-5
5.1599007E-5
5.2027066E-5
5.247856E-5
5.2912044E-5
5.3288688E-5
5.357539E-5
5.3747157E-5
5.378879E-5
5.3695807E-5
5.3474727E-5
5.3142656E-5
5.27262E-5
5.2259642E-5
5.178244E-5
5.133599E-5
5.095992E-5
5.068815E-5
5.054526E-5
5.0543647E-5
5.068207E-5
5.0945797E-5
5.1308358E-5
5.1734565E-5
5.218425E-5
5.261619E-5
5.299176E-5
5.327801E-5
5.3450047E-5
5.349271E-5
5.340149E-5
5.3182826E-5
5.285369E-5
5.2440497E-5
5.197732E-5
5.1503383E-5
5.1059862E-5
5.068618E-5
5.041611E-5
5.0274146E-5
5.027268E-5
5.041053E-5
5.06731E-5
5.103411E-5
5.1458584E-5
5.1906583E-5
5.2337105E-5
5.27117E-5
5.299757E-5
5.316991E-5
5.3213596E-5
5.3124095E-5
5.2907762E-5
5.2581436E-5
5.217136E-5
5.1711402E-5
5.1240568E-5
5.0799816E-5
5.0428393E-5
5.015993E-5
5.001884E-5
5.0017505E-5
5.0154817E-5
5.04163E-5
5.077586E-5
5.119872E-5
5.1645162E-5
5.2074378E-5
5.2448104E-5
5.2733663E-5
5.2906344E-5
5.2951047E-5
5.2863215E-5
5.2649128E-5
5.2325497E-5
5.1918392E-5
5.1461495E-5
5.0993604E-5
5.0555478E-5
5.018619E-5
4.991924E-5
4.9778966E-5
4.9777755E-5
4.9914557E-5
5.017503E-5
5.0533232E-5
5.0954597E-5
5.1399602E-5
5.1827632E-5
5.2200583E-5
5.2485906E-5
5.2658965E-5
5.270468E-5
5.2618474E-5
5.240655E-5
5.2085496E-5
5.168123E-5
5.122724E-5
5.0762137E-5
5.0326493E-5
4.9959217E-5
4.969369E-5
4.9554183E-5
4.9553084E-5
4.968941E-5
4.9948936E-5
5.0305884E-5
5.0725866E-5
5.1169558E-5
5.159652E-5
5.1968793E-5
5.2253945E-5
5.2427415E-5
5.247414E-5
5.238952E-5
5.2179683E-5
5.1861094E-5
5.1459527E-5
5.10083E-5
5.0545837E-5
5.0112532E-5
4.974715E-5
4.9482955E-5
4.934417E-5
4.9343176E-5
4.947906E-5
4.9737704E-5
5.009349E-5
5.0512208E-5
5.0954703E-5
5.1380703E-5
5.17524E-5
5.2037456E-5
5.221137E-5
5.2259107E-5
5.2176034E-5
5.1968203E-5
5.1651976E-5
5.1252977E-5
5.0804367E-5
5.0344395E-5
4.99133E-5
4.954969E-5
4.9286744E-5
4.9148628E-5
4.9147733E-5
4.92832E-5
4.9541035E-5
4.9895756E-5
5.0313323E-5
5.0754737E-5
5.1179893E-5
5.1551102E-5
5.183613E-5
5.201053E-5
5.2059277E-5
5.1977713E-5
5.1771818E-5
5.1457846E-5
5.1061288E-5
5.0615155E-5
5.015753E-5
4.9728504E-5
4.936656E-5
4.910478E-5
4.8967286E-5
4.896648E-5
4.910157E-5
4.935866E-5
4.9712413E-5
5.0128932E-5
5.0569386E-5
5.0993807E-5
5.1364626E-5
5.1649695E-5
5.1824616E-5
5.1874376E-5
5.1794283E-5
5.159025E-5
5.127843E-5
5.0884195E-5
5.04404E-5
4.9984985E-5
4.95579E-5
4.9197508E-5
4.8936814E-5
4.87999E-5
4.879918E-5
4.8933918E-5
4.919033E-5
4.95432E-5
4.9958784E-5
5.0398394E-5
5.082219E-5
5.119271E-5
5.147789E-5
5.1653373E-5
5.1704144E-5
5.1625488E-5
5.1423252E-5
5.1113493E-5
5.0721454E-5
5.027986E-5
4.982652E-5
4.940125E-5
4.9042304E-5
4.878261E-5
4.864623E-5
4.864559E-5
4.8780013E-5
4.903581E-5
4.9387894E-5
4.9802653E-5
5.024153E-5
5.066481E-5
5.1035127E-5
5.1320487E-5
5.1496565E-5
5.1548355E-5
5.1471106E-5
5.1270596E-5
5.0962797E-5
5.057284E-5
5.013332E-5
4.968192E-5
4.9258335E-5
4.890073E-5
4.8641967E-5
4.8506077E-5
4.8505506E-5
4.8639646E-5
4.8894894E-5
4.9246282E-5
4.966032E-5
5.0098584E-5
5.0521452E-5
5.0891664E-5
5.117727E-5
5.1353985E-5
5.1406798E-5
5.133092E-5
5.1132076E-5
5.0826144E-5
5.0438146E-5
5.0000574E-5
4.9550985E-5
4.9128965E-5
4.87726E-5
4.851469E-5
4.8379246E-5
4.8378744E-5
4.8512633E-5
4.8767393E-5
4.9118175E-5
4.9531605E-5
4.996936E-5
5.039193E-5
5.0762123E-5
5.1048046E-5
5.1225437E-5
5.127928E-5
5.1204748E-5
5.1007504E-5
5.0703347E-5
5.03172E-5
4.9881448E-5
4.943354E-5
4.9012968E-5
4.8657737E-5
4.84006E-5
4.826557E-5
4.826513E-5
4.8398797E-5
4.8653143E-5
4.9003407E-5
4.941633E-5
4.985369E-5
5.0276067E-5
5.0646337E-5
5.0932646E-5
5.1110754E-5
5.116563E-5
5.1092415E-5
5.0896713E-5
5.059424E-5
5.0209837E-5
4.9775783E-5
4.932943E-5
4.8910188E-5
4.855599E-5
4.829956E-5
4.8164893E-5
4.816452E-5
4.8297996E-5
4.855198E-5
4.890182E-5
4.931434E-5
4.9751423E-5
5.0173712E-5
5.054415E-5
5.083092E-5
5.100978E-5
5.10657E-5
5.0993774E-5
5.0799557E-5
5.0498686E-5
5.0115912E-5
4.9683433E-5
4.923851E-5
4.8820482E-5
4.8467224E-5
4.8211426E-5
4.807709E-5
4.807677E-5
4.8210088E-5
4.8463786E-5
4.8813283E-5
4.922551E-5
4.966242E-5
5.0084735E-5
5.045543E-5
5.074273E-5
5.092239E-5
5.0979357E-5
5.0908697E-5
5.0715902E-5
5.0416547E-5
5.00353E-5
4.9604278E-5
4.9160666E-5
4.8743736E-5
4.8391317E-5
4.8136084E-5
4.800204E-5
4.800177E-5
4.8134967E-5
4.8388432E-5
4.8737682E-5
4.914972E-5
4.9586568E-5
5.000901E-5
5.0380062E-5
5.0667957E-5
5.084846E-5
5.090649E-5
5.0837072E-5
5.0645645E-5
5.034772E-5
4.9967897E-5
4.9538212E-5
4.909579E-5
4.8679845E-5
4.8328173E-5
4.807343E-5
4.793964E-5
4.7939426E-5
4.807253E-5
4.832583E-5
4.867492E-5
4.908687E-5
4.9523773E-5
4.9946448E-5
5.0317947E-5
5.060651E-5
5.0787894E-5
5.0846997E-5
5.07788E-5
5.058869E-5
5.029211E-5
4.9913608E-5
4.948515E-5
4.9043796E-5
4.8628728E-5
4.8277707E-5
4.802339E-5
4.7889815E-5
4.7889647E-5
4.802269E-5
4.8275895E-5
4.8624912E-5
4.9036884E-5
4.9473947E-5
4.9896964E-5
5.0269005E-5
5.055831E-5
5.0740622E-5
5.0800805E-5
5.0733808E-5
5.0544957E-5
5.024965E-5
4.9872364E-5
4.9445014E-5
4.900462E-5
4.8590315E-5
4.8239854E-5
4.7985894E-5
4.7852496E-5
4.785238E-5
4.79854E-5
4.8238566E-5
4.8587597E-5
4.8999693E-5
4.943703E-5
4.9860497E-5
5.023317E-5
5.052329E-5
5.0706574E-5
5.0767856E-5
5.0702034E-5
5.0514398E-5
5.022028E-5
4.984411E-5
4.941776E-5
4.89782E-5
4.8564554E-5
4.821456E-5
4.796089E-5
4.7827638E-5
4.782757E-5
4.796059E-5
4.8213788E-5
4.8562928E-5
4.897525E-5
4.9412974E-5
4.9837E-5
5.02104E-5
5.050141E-5
5.068571E-5
5.07481E-5
5.068344E-5
5.0496965E-5
5.0203962E-5
4.982881E-5
4.940334E-5
4.896451E-5
4.855141E-5
4.8201793E-5
4.7948346E-5
4.7815203E-5
4.781518E-5
4.7948248E-5
4.8201535E-5
4.8550868E-5
4.8963528E-5
4.9401748E-5
4.982644E-5
5.020067E-5
5.0492636E-5
5.0678E-5
5.074152E-5
0.0
0.0
0.0
0.0
0.0
0.0
0.0
0.0
0.0
0.0
0.0
0.0
0.0
0.0
0.0
0.0
0.0
0.0
0.0
0.0
0.0
0.0
0.0
0.0
0.0
0.0
0.0
0.0
0.0
0.0
0.0
0.0
0.0
0.0
0.0
0.0
0.0
0.0
0.0
0.0
0.0
0.0
0.0
0.0
0.0
0.0
0.0
0.0
0.0
0.0
0.0
0.0
0.0
0.0
0.0
0.0
0.0
0.0
0.0
0.0
0.0
0.0
0.0
0.0
0.0
0.0
0.0
0.0
0.0
0.0
0.0
0.0
0.0
0.0
0.0
0.0
0.0
0.0
0.0
0.0
0.0
0.0
0.0
0.0
0.0
0.0
0.0
0.0
0.0
0.0
0.0
0.0
0.0
0.0
0.0
0.0
0.0
0.0
0.0
0.0
0.0
0.0
0.0
0.0
0.0
0.0
0.0
0.0
0.0
0.0
0.0
0.0
0.0
0.0
0.0
0.0
0.0
0.0
0.0
0.0
0.0
0.0
0.0
0.0
0.0
0.0
0.0
0.0
0.0
0.0
0.0
0.0
0.0
0.0
0.0
0.0
0.0
0.0
0.0
0.0
0.0
0.0
0.0
0.0
0.0
0.0
0.0
0.0
0.0
0.0
0.0
0.0
0.0
0.0
0.0
0.0
0.0
0.0
0.0
0.0
0.0
0.0
0.0
0.0
0.0
0.0
0.0
0.0
0.0
0.0
0.0
0.0
0.0
0.0
0.0
0.0
0.0
0.0
0.0
0.0
0.0
0.0
0.0
0.0
0.0
0.0
0.0
0.0
0.0
0.0
0.0
0.0
0.0
0.0
0.0
0.0
0.0
0.0
0.0
0.0
0.0
0.0
0.0
0.0
0.0
0.0
0.0
0.0
0.0
0.0
0.0
0.0
0.0
0.0
0.0
0.0
0.0
0.0
0.0
0.0
0.0
0.0
0.0
0.0
0.0
0.0
0.0
0.0
0.0
0.0
0.0
0.0
0.0
0.0
0.0
0.0
0.0
0.0
0.0
0.0
0.0
0.0
0.0
0.0
0.0
0.0
0.0
0.0
0.0
0.0
0.0
0.0
0.0
0.0
0.0
0.0
0.0
0.0
0.0
0.0
0.0
0.0
0.0
0.0
0.0
0.0
0.0
0.0
0.0
0.0
0.0
0.0
0.0
0.0
0.0
0.0
0.0
0.0
0.0
0.0
0.0
0.0
0.0
0.0
0.0
0.0
0.0
0.0
0.0
0.0
0.0
0.0
0.0
0.0
0.0
0.0
0.0
0.0
0.0
0.0
0.0
0.0
0.0
0.0
0.0
0.0
0.0
0.0
0.0
0.0
0.0
0.0
0.0
0.0
0.0
0.0
0.0
0.0
0.0
0.0
0.0
0.0
0.0
0.0
0.0
0.0
0.0
0.0
0.0
0.0
0.0
0.0
0.0
0.0
0.0
0.0
0.0
0.0
0.0
0.0
0.0
0.0
0.0
0.0
0.0
0.0
0.0
0.0
0.0
0.0
0.0
0.0
0.0
0.0
0.0
0.0
0.0
0.0
0.0
0.0
0.0
0.0
0.0
0.0
0.0
0.0
0.0
0.0
0.0
0.0
0.0
0.0
0.0
0.0
0.0
0.0
0.0
0.0
0.0
0.0
0.0
0.0
0.0
0.0
0.0
0.0
0.0
0.0
0.0
0.0
0.0
0.0
0.0
0.0
0.0
0.0
0.0
0.0
0.0
0.0
0.0
0.0
0.0
0.0
0.0
0.0
0.0
0.0
0.0
0.0
0.0
0.0
0.0
0.0
0.0
0.0
0.0
0.0
0.0
0.0
0.0
0.0
0.0
0.0
0.0
0.0
0.0
0.0
0.0
0.0
0.0
0.0
0.0
0.0
0.0
0.0
0.0
0.0
0.0
0.0
0.0
0.0
0.0
0.0
0.0
0.0
0.0
0.0
0.0
0.0
0.0
0.0
0.0
0.0
0.0
0.0
0.0
0.0
0.0
0.0
0.0
0.0
0.0
0.0
0.0
0.0
0.0
0.0
0.0
0.0
0.0
0.0
0.0
0.0
0.0
0.0
0.0
0.0
0.0
0.0
0.0
0.0
0.0
0.0
0.0
0.0
0.0
0.0
0.0
0.0
0.0
0.0
0.0
0.0
0.0
0.0
0.0
0.0
0.0
0.0
0.0
0.0
0.0
0.0
0.0
0.0
0.0
0.0
0.0
0.0
0.0
0.0
0.0
0.0
0.0
0.0
0.0
0.0
0.0
0.0
0.0
0.0
0.0
0.0
0.0
0.0
0.0
0.0
0.0
0.0
0.0
0.0
0.0
0.0
0.0
0.0
0.0
0.0
0.0
0.0
0.0
0.0
0.0
0.0
0.0
0.0
0.0
0.0
0.0
0.0
0.0
0.0
0.0
0.0
0.0
0.0
0.0
0.0
0.0
0.0
0.0
0.0
0.0
0.0
0.0
0.0
0.0
0.0
0.0
0.0
0.0
0.0
0.0
0.0
0.0
0.0
0.0
0.0
0.0
0.0
0.0
0.0
0.0
0.0
0.0
0.0
0.0
0.0
0.0
0.0
0.0
0.0
0.0
0.0
0.0
0.0
0.0
0.0
0.0
0.0
0.0
0.0
0.0
0.0
0.0
0.0
0.0
0.0
0.0
0.0
0.0
0.0
0.0
0.0
0.0
0.0
0.0
0.0
0.0
0.0
0.0
0.0
0.0
0.0
0.0
0.0
0.0
0.0
0.0
0.0
0.0
0.0
0.0
0.0
0.0
0.0
0.0
0.0
0.0
0.0
0.0
0.0
0.0
0.0
0.0
0.0
0.0
0.0
0.0
0.0
0.0
0.0
0.0
0.0
0.0
0.0
0.0
0.0
0.0
0.0
0.0
0.0
0.0
0.0
0.0
0.0
0.0
0.0
0.0
0.0
0.0
0.0
0.0
0.0
0.0
0.0
0.0
0.0
0.0
0.0
0.0
0.0
0.0
0.0
0.0
0.0
0.0
0.0
0.0
0.0
0.0
0.0
0.0
0.0
0.0
0.0
0.0
0.0
0.0
0.0
0.0
0.0
0.0
0.0
0.0
0.0
0.0
0.0
0.0
0.0
0.0
0.0
0.0
0.0
0.0
0.0
0.0
0.0
0.0
0.0
0.0
0.0
0.0
0.0
0.0
0.0
0.0
0.0
0.0
0.0
0.0
0.0
0.0
0.0
0.0
0.0
0.0
0.0
0.0
0.0
0.0
0.0
0.0
0.0
0.0
0.0
0.0
0.0
0.0
0.0
0.0
0.0
0.0
0.0
0.0
0.0
0.0
0.0
0.0
0.0
0.0
0.0
0.0
0.0
0.0
0.0
0.0
0.0
0.0
0.0
0.0
0.0
0.0
0.0
0.0
0.0
0.0
0.0
0.0
0.0
0.0
0.0
0.0
0.0
0.0
0.0
0.0
0.0
0.0
0.0
0.0
0.0
0.0
0.0
0.0
0.0
0.0
0.0
0.0
0.0
0.0
0.0
0.0
0.0
0.0
0.0
0.0
0.0
0.0
0.0
0.0
0.0
0.0
0.0
0.0
0.0
0.0
0.0
0.0
0.0
0.0
0.0
0.0
0.0
0.0
0.0
0.0
0.0
0.0
0.0
0.0
0.0
0.0
0.0
0.0
0.0
0.0
0.0
0.0
0.0
0.0
0.0
0.0
0.0
0.0
0.0
0.0
0.0
0.0
0.0
0.0
0.0
0.0
0.0
0.0
0.0
0.0
0.0
0.0
0.0
0.0
0.0
0.0
0.0
0.0
0.0
0.0
0.0
0.0
0.0
0.0
0.0
0.0
0.0
0.0
0.0
0.0
0.0
0.0
0.0
0.0
0.0
0.0
0.0
0.0
0.0
0.0
0.0
0.0
0.0
0.0
0.0
0.0
0.0
0.0
0.0
0.0
0.0
0.0
0.0
0.0
0.0
0.0
0.0
0.0
0.0
0.0
0.0
0.0
0.0
0.0
0.0
0.0
0.0
0.0
0.0
0.0
0.0
0.0
0.0
0.0
0.0
0.0
0.0
0.0
0.0
0.0
0.0
0.0
0.0
0.0
0.0
0.0
0.0
0.0
0.0
0.0
0.0
0.0
0.0
0.0
0.0
0.0
0.0
0.0
0.0
0.0
0.0
0.0
0.0
0.0
0.0
0.0
0.0
0.0
0.0
0.0
0.0
0.0
0.0
0.0
0.0
0.0
0.0
0.0
0.0
0.0
0.0
0.0
0.0
0.0
0.0
0.0
0.0
0.0
0.0
0.0
0.0
0.0
0.0
0.0
0.0
0.0
0.0
0.0
0.0
0.0
0.0
0.0
0.0
0.0
0.0
0.0
0.0
0.0
0.0
0.0
0.0
0.0
0.0
0.0
0.0
0.0
0.0
0.0
0.0
0.0
0.0
0.0
0.0
0.0
0.0
0.0
0.0
0.0
0.0
0.0
0.0
0.0
0.0
0.0
0.0
0.0
0.0
0.0
0.0
0.0
0.0
0.0
0.0
0.0
0.0
0.0
0.0
0.0
0.0
0.0
0.0
0.0
0.0
0.0
0.0
0.0
0.0
0.0
0.0
0.0
0.0
0.0
0.0
0.0
0.0
0.0
0.0
0.0
0.0
0.0
0.0
0.0
0.0
0.0
0.0
0.0
0.0
0.0
0.0
0.0
0.0
0.0
0.0
0.0
0.0
0.0
0.0
0.0
0.0
0.0
0.0
0.0
0.0
0.0
0.0
0.0
0.0
0.0
0.0
0.0
0.0
0.0
0.0
0.0
0.0
0.0
0.0
0.0
0.0
0.0
0.0
0.0
0.0
0.0
0.0
0.0
0.0
0.0
0.0
0.0
0.0
0.0
0.0
0.0
0.0
0.0
0.0
0.0
0.0
0.0
0.0
0.0
0.0
0.0
0.0
0.0
0.0
0.0
0.0
0.0
0.0
0.0
0.0
0.0
0.0
0.0
0.0
0.0
0.0
0.0
0.0
0.0
0.0
0.0
0.0
0.0
0.0
0.0
0.0
0.0
0.0
0.0
0.0
0.0
0.0
0.0
0.0
0.0
0.0
0.0
0.0
0.0
0.0
0.0
0.0
0.0
0.0
0.0
0.0
0.0
0.0
0.0
0.0
0.0
0.0
0.0
0.0
0.0
0.0
0.0
0.0
0.0
0.0
0.0
0.0
0.0
0.0
0.0
0.0
0.0
0.0
0.0
0.0
0.0
0.0
0.0
0.0
0.0
0.0
0.0
0.0
0.0
0.0
0.0
0.0
0.0
0.0
0.0
0.0
0.0
0.0
0.0
0.0
0.0
0.0
0.0
0.0
0.0
0.0
0.0
0.0
0.0
0.0
0.0
0.0
0.0
0.0
0.0
0.0
0.0
0.0
0.0
0.0
0.0
0.0
0.0
0.0
0.0
0.0
0.0
0.0
0.0
0.0
0.0
0.0
0.0
0.0
0.0
0.0
0.0
0.0
0.0
0.0
0.0
0.0
0.0
0.0
0.0
0.0
0.0
0.0
0.0
0.0
0.0
0.0
0.0
0.0
0.0
0.0
0.0
0.0
0.0
0.0
0.0
0.0
0.0
0.0
0.0
0.0
0.0
0.0
0.0
0.0
0.0
0.0
0.0
0.0
0.0
0.0
0.0
0.0
0.0
0.0
0.0
0.0
0.0
0.0
0.0
0.0
0.0
0.0
0.0
0.0
0.0
0.0
0.0
0.0
0.0
0.0
0.0
0.0
0.0
0.0
0.0
0.0
0.0
0.0
0.0
0.0
0.0
0.0
0.0
0.0
0.0
0.0
0.0
0.0
0.0
0.0
0.0
0.0
0.0
0.0
0.0
0.0
0.0
0.0
0.0
0.0
0.0
0.0
0.0
0.0
0.0
0.0
0.0
0.0
0.0
0.0
0.0
0.0
0.0
0.0
0.0
0.0
0.0
0.0
0.0
0.0
0.0
0.0
0.0
0.0
0.0
0.0
0.0
0.0
0.0
0.0
0.0
0.0
0.0
0.0
0.0
0.0
0.0
0.0
0.0
0.0
0.0
0.0
0.0
0.0
0.0
0.0
0.0
0.0
0.0
0.0
0.0
0.0
0.0
0.0
0.0
0.0
0.0
0.0
0.0
0.0
0.0
0.0
0.0
0.0
0.0
0.0
0.0
0.0
0.0
0.0
0.0
0.0
0.0
0.0
0.0
0.0
0.0
0.0
0.0
0.0
0.0
0.0
0.0
0.0
0.0
0.0
0.0
0.0
0.0
0.0
0.0
0.0
0.0
0.0
0.0
0.0
0.0
0.0
0.0
0.0
0.0
0.0
0.0
0.0
0.0
0.0
0.0
0.0
0.0
0.0
0.0
0.0
0.0
0.0
0.0
0.0
0.0
0.0
0.0
0.0
0.0
0.0
0.0
0.0
0.0
0.0
0.0
0.0
0.0
0.0
0.0
0.0
0.0
0.0
0.0
0.0
0.0
0.0
0.0
0.0
0.0
0.0
0.0
0.0
0.0
0.0
0.0
0.0
0.0
0.0
0.0
0.0
0.0
0.0
0.0
0.0
0.0
0.0
0.0
0.0
0.0
0.0
0.0
0.0
0.0
0.0
0.0
0.0
0.0
0.0
0.0
0.0
0.0
0.0
0.0
0.0
0.0
0.0
0.0
0.0
0.0
0.0
0.0
0.0
0.0
0.0
0.0
0.0
0.0
0.0
0.0
0.0
0.0
0.0
0.0
0.0
0.0
0.0
0.0
0.0
0.0
0.0
0.0
0.0
0.0
0.0
0.0
0.0
0.0
0.0
0.0
0.0
0.0
0.0
0.0
0.0
0.0
0.0
0.0
0.0
0.0
0.0
0.0
0.0
0.0
0.0
0.0
0.0
0.0
0.0
0.0
0.0
0.0
0.0
0.0
0.0
0.0
0.0
0.0
0.0
0.0
0.0
0.0
0.0
0.0
0.0
0.0
0.0
0.0
0.0
0.0
0.0
0.0
0.0
0.0
0.0
0.0
0.0
0.0
0.0
0.0
0.0
0.0
0.0
0.0
0.0
0.0
0.0
0.0
0.0
0.0
0.0
0.0
0.0
0.0
0.0
0.0
0.0
0.0
0.0
0.0
0.0
0.0
0.0
0.0
0.0
0.0
0.0
0.0
0.0
0.0
0.0
0.0
0.0
0.0
0.0
0.0
0.0
0.0
0.0
0.0
0.0
0.0
0.0
0.0
0.0
0.0
0.0
0.0
0.0
0.0
0.0
0.0
0.0
0.0
0.0
0.0
0.0
0.0
0.0
0.0
0.0
0.0
0.0
0.0
0.0
0.0
0.0
0.0
0.0
0.0
0.0
0.0
0.0
0.0
0.0
0.0
0.0
0.0
0.0
0.0
0.0
0.0
0.0
0.0
0.0
0.0
0.0
0.0
0.0
0.0
0.0
0.0
0.0
0.0
0.0
0.0
0.0
0.0
0.0
0.0
0.0
0.0
0.0
0.0
0.0
0.0
0.0
0.0
0.0
0.0
0.0
0.0
0.0
0.0
0.0
0.0
0.0
0.0
0.0
0.0
0.0
0.0
0.0
0.0
0.0
0.0
0.0
0.0
0.0
0.0
0.0
0.0
0.0
0.0
0.0
0.0
0.0
0.0
0.0
0.0
0.0
0.0
0.0
0.0
0.0
0.0
0.0
0.0
0.0
0.0
0.0
0.0
0.0
0.0
0.0
0.0
0.0
0.0
0.0
0.0
0.0
0.0
0.0
0.0
0.0
0.0
0.0
0.0
0.0
0.0
0.0
0.0
0.0
0.0
0.0
0.0
0.0
0.0
0.0
0.0
0.0
0.0
0.0
0.0
0.0
0.0
0.0
0.0
0.0
0.0
0.0
0.0
0.0
0.0
0.0
0.0
0.0
0.0
0.0
0.0
0.0
0.0
0.0
0.0
0.0
0.0
0.0
0.0
0.0
0.0
0.0
0.0
0.0
0.0
9.8125194E-5
9.7300835E-5
9.647984E-5
9.566221E-5
9.484794E-5
9.403705E-5
9.322953E-5
9.2425376E-5
9.16246E-5
9.08272E-5
9.003318E-5
8.924254E-5
8.845529E-5
8.767141E-5
8.689092E-5
8.6113825E-5
8.5340114E-5
8.4569794E-5
8.3802865E-5
8.303934E-5
8.2279206E-5
8.152247E-5
8.076914E-5
8.001921E-5
7.927268E-5
7.8529556E-5
7.778984E-5
7.705353E-5
7.632064E-5
7.559116E-5
7.486509E-5
7.414244E-5
7.342321E-5
7.270739E-5
7.1995004E-5
7.1286035E-5
7.0580485E-5
6.987837E-5
6.917968E-5
6.848442E-5
6.7792585E-5
6.710419E-5
6.641923E-5
6.57377E-5
6.505961E-5
6.438496E-5
6.371376E-5
6.304598E-5
6.238167E-5
6.1720784E-5
6.106336E-5
6.0409377E-5
5.9758844E-5
5.9111764E-5
5.846814E-5
5.782797E-5
5.7191253E-5
5.6557994E-5
5.5928198E-5
5.5301858E-5
5.4678985E-5
5.4059572E-5
5.3443626E-5
5.2831147E-5
5.2222134E-5
5.1616593E-5
5.1014522E-5
5.041592E-5
4.9820796E-5
4.9229147E-5
4.8640974E-5
4.8056278E-5
4.747506E-5
4.6897323E-5
4.6323068E-5
4.57523E-5
4.5185014E-5
4.4621214E-5
4.40609E-5
4.350408E-5
4.295074E-5
4.24009E-5
4.185455E-5
4.1311694E-5
4.0772335E-5
4.0236468E-5
3.97041E-5
3.9175233E-5
3.8649865E-5
3.8128E-5
3.7609636E-5
3.7094775E-5
3.658342E-5
3.6075573E-5
3.5571233E-5
3.50704E-5
3.4573077E-5
3.4079265E-5
3.3588964E-5
3.310218E-5
3.2618907E-5
3.2139153E-5
3.1662912E-5
3.119019E-5
3.072099E-5
3.0255305E-5
2.9793146E-5
2.9334506E-5
2.887939E-5
2.84278E-5
2.7979733E-5
2.7535194E-5
2.7094182E-5
2.66567E-5
2.6222746E-5
2.5792324E-5
2.5365433E-5
2.4942075E-5
2.452225E-5
2.410596E-5
2.3693206E-5
2.3283988E-5
2.2878308E-5
2.2476166E-5
2.2077566E-5
2.1682503E-5
2.1290984E-5
2.0903006E-5
2.051857E-5
2.013768E-5
1.9760335E-5
1.9386534E-5
1.9016281E-5
1.8649576E-5
1.8286419E-5
1.7926812E-5
1.7570754E-5
1.7218248E-5
1.6869293E-5
1.6523893E-5
1.6182044E-5
1.584375E-5
1.5509011E-5
1.5177828E-5
1.4850202E-5
1.4526133E-5
1.4205622E-5
1.3888671E-5
1.3575279E-5
1.3265448E-5
1.2959177E-5
1.2656468E-5
1.2357323E-5
1.2061741E-5
1.1769722E-5
1.1481268E-5
1.119638E-5
1.0915057E-5
1.0637302E-5
1.0363114E-5
1.0092493E-5
9.825441E-6
9.561959E-6
9.302046E-6
9.045704E-6
8.792934E-6
8.543734E-6
8.298108E-6
8.056054E-6
7.817573E-6
7.5826665E-6
7.3513343E-6
7.1235777E-6
6.8993963E-6
6.678791E-6
6.4617625E-6
6.2483114E-6
6.0384377E-6
5.8321425E-6
5.6294257E-6
5.430288E-6
5.2347305E-6
5.0427525E-6
4.854355E-6
4.6695386E-6
4.4883036E-6
4.3106506E-6
4.1365797E-6
3.9660918E-6
3.7991865E-6
3.635865E-6
3.4761272E-6
3.3199735E-6
3.1674044E-6
3.0184206E-6
0.0
0.0
0.0
0.0
0.0
0.0
0.0
0.0
0.0
0.0
0.0
0.0
0.0
0.0
0.0
0.0
0.0
0.0
0.0
0.0
0.0
0.0
0.0
0.0
0.0
0.0
0.0
0.0
0.0
0.0
0.0
0.0
0.0
0.0
0.0
0.0
0.0
0.0
0.0
0.0
0.0
