0.11892273
0.08469518
0.17551519
0.24638347
0.09144553
0.22695906
0.3213828
0.7671848
0.8626431
1.0370793
1.2622246
0.6548076
0.074882984
0.22708543
0.68140215
1.0545448
0.7346573
0.725393
0.73238146
1.0284196
0.57870597
0.50909275
0.93906003
1.0267226
0.58552736
0.50873166
0.5573633
0.4167797
0.71627337
0.43018216
1.20796
1.3481504
0.9212716
0.10042069
0.39962012
0.30650145
0.5413089
0.7902741
0.4561113
0.17193851
0.6454923
0.2851591
0.5145465
0.5417757
0.32124895
0.3919379
0.19126537
0.12812383
0.22940245
0.13482472
0.17964062
0.72518283
0.40945435
0.34002393
0.5040787
0.62492514
0.5721447
0.40680814
0.41621563
0.5181567
0.40442935
0.5229358
0.39174843
0.2057264
0.54992944
0.5993022
0.30907312
0.42418012
0.25277418
0.37198833
0.6481304
0.5341712
0.2714967
0.24669772
0.20038876
0.51051
0.29163164
0.18156938
0.3363865
0.38014045
0.18951225
0.17256846
0.14954774
0.28107423
0.6828551
0.68123436
0.09374462
0.19486669
0.10690678
0.18523091
0.32556605
0.59966576
0.54378265
0.5009488
0.186985
0.11772039
0.31641424
0.33613324
0.046304077
0.3319896
0.3559161
0.16090946
0.15055501
0.13967201
0.16229482
0.09932714
0.11138833
0.17802395
0.18784377
0.2068655
0.16343692
0.28823805
0.21212222
0.097626105
0.10839813
0.031386353
0.17276396
0.04466768
0.22789375
0.19270295
0.1466128
0.18501492
0.24074267
0.09742887
0.24626298
0.15715653
0.2083949
0.031736247
0.19115663
0.28264138
0.16186903
0.15650003
0.21842223
0.29174167
0.2569036
0.31399786
0.37515423
0.33498862
0.24883851
0.36824062
0.27617648
0.107690245
0.14372006
0.22793864
0.3243685
0.14942926
0.058410883
0.19332017
0.16554773
0.05868804
0.035442155
0.22512966
0.32551062
0.21855481
0.28384796
0.30977967
0.299757
0.29040045
0.28176874
0.15598212
0.23126471
0.046293598
0.27429911
0.26286855
0.18590677
0.1238825
0.08996775
0.11650962
0.09797895
0.05066974
0.21747538
0.21225972
0.09823065
0.29914573
0.13639756
0.08297035
0.17505829
0.18680754
0.15295693
0.09814677
0.13488741
0.14284356
0.11210701
0.2601326
0.11422859
0.1561954
0.2628039
0.28579974
0.27840889
0.25311515
0.23434182
0.17986862
0.16800985
0.17736098
0.22523494
0.17565182
0.12813266
0.27879867
0.1477155
0.060730077
0.16220039
0.17696351
0.16336945
0.12549238
0.05083974
0.11468735
0.091254696
0.1379195
0.13490203
0.22001977
0.22705911
0.16262242
0.15882406
0.29214323
0.1101252
0.12598498
0.23432781
0.37714162
0.3228675
0.0651106
0.05908109
0.14140035
0.29393062
0.39380577
0.2576394
0.20816289
0.18706326
0.15165967
0.15370892
0.09406532
0.0550903
0.03834432
0.15708621
0.10135417
0.09853391
0.046195023
0.06983419
0.053867
0.09821581
0.17943485
0.11494978
0.11338426
0.098401874
0.1546853
0.47667024
0.35748518
0.12058966
0.16705641
0.06254662
0.124702536
0.14984974
0.20876433
0.2528805
0.35059708
0.3407119
0.26186714
0.12671643
0.24284312
0.19966923
0.07121401
0.24632813
0.27776742
0.15313572
0.12350839
0.08703951
0.054246243
0.09579851
0.24647503
0.2171289
0.16114454
0.076244995
0.053813502
0.19650216
0.19055635
0.066610456
0.08362364
0.2619899
0.19732699
0.19630706
0.25800994
0.21123049
0.12151552
0.23616102
0.2285494
0.108629175
0.08895955
0.05100801
0.04807998
0.17010836
0.15993561
0.23719049
0.3309579
0.3600564
0.2071919
0.03179972
0.118269734
0.17543142
0.1545972
0.09876482
0.23183538
0.10440292
0.04293437
0.11040833
0.08422033
0.06994287
0.24998438
0.22164837
0.092616275
0.064866416
0.17197788
0.2121636
0.13463531
0.21860808
0.051384777
0.105654545
0.06331714
0.100321844
0.2408426
0.27911153
0.12820932
0.0763064
0.12695622
0.07050058
0.025692202
0.0913854
0.09390103
0.12966461
0.17530213
0.07365786
0.25453925
0.1502924
0.06557842
0.15940881
0.17677557
0.2367203
0.100706995
0.1207828
0.08765705
0.11760843
0.0891057
0.16474761
0.1988328
0.09647486
0.26641116
0.18956418
0.14298107
0.18462862
0.16438577
0.278061
0.14360994
0.25905573
0.33076778
0.052858848
0.21648808
0.108458474
0.0980326
0.08831968
0.17426269
0.119017474
0.14694959
0.21947098
0.24836095
0.17604195
0.16601798
0.21177039
0.17776465
0.15608901
0.052597363
0.079060465
0.24390377
0.15573457
0.11778102
0.113231525
0.16468278
0.15763153
0.15051195
0.13622898
0.15901317
0.11047735
0.04204746
0.100058004
0.15878497
0.21918212
0.10646131
0.22984669
0.19082618
0.18154237
0.15379742
0.04745782
0.09029009
0.19427298
0.24421528
0.31550378
0.18941371
0.038700815
0.21911697
0.20401043
0.13111828
0.14439179
0.14883325
0.04303511
0.08481917
0.10557635
0.14545739
0.16693716
0.06993087
0.05601423
0.047187265
0.14145735
0.043450862
0.29241657
0.4784477
0.5489425
0.33906782
0.24842726
0.46405807
0.39866576
0.11740171
0.25667477
0.36888617
0.34561163
0.063499756
0.2571615
0.13241574
0.094712906
0.14296155
0.0964636
0.20006166
0.30221826
0.2663092
0.20742609
0.16958223
0.10474057
0.103825584
0.31081223
0.16757868
0.05421215
0.10210856
0.20356776
0.37039793
0.3477441
0.28530696
0.1289097
0.25433254
0.27921796
0.28035763
0.3574347
0.2400086
0.2306893
0.2408884
0.3088613
0.26816916
0.35187355
0.31430253
0.16447462
0.3382514
0.42160574
0.18116541
0.19096513
0.4378157
0.61472476
0.43939933
0.30712855
0.23154444
0.13119808
0.3562245
0.3704191
0.047534242
0.29760227
0.49981174
0.45387724
0.13126169
0.06115984
0.25267446
0.4402196
0.39024773
0.086681426
0.17997813
0.04792159
0.19458514
0.17083125
0.16531767
0.12730618
0.11003853
0.2681374
0.31344298
0.15316454
0.13004205
0.03973183
0.067017905
0.010813344
0.09017493
0.084222
0.009197629
0.09746804
0.17851144
0.28072885
0.27761304
0.18447116
0.3047081
0.04048627
0.39220908
0.42200682
0.2463222
0.058352143
0.11422602
0.05005234
0.32351077
0.49143687
0.47969335
0.23133942
0.073181525
0.12054135
0.2448135
0.18898174
0.105134115
0.23313604
0.058379453
0.14716797
0.17780675
0.12632117
0.25963083
0.061918706
0.17182685
0.16328733
0.12345234
0.3890388
0.41503975
0.11605365
0.2942842
0.2654208
0.25828293
0.19863556
0.40315336
0.4495303
0.66513056
0.538956
0.034639977
0.17227508
0.11637755
0.21532133
0.28748047
0.41396132
0.27222914
0.20708774
0.053377654
0.12165336
0.31127405
0.22114114
0.37541756
0.5607499
0.41787994
0.19746564
0.09005177
0.185519
0.33357602
0.46456987
0.44160762
0.3133605
0.4313803
0.75046515
0.5884723
0.43016946
0.3351798
0.26913223
0.35643587
0.50022835
0.500487
0.21861194
0.2757805
0.5470289
0.4985813
0.08119926
0.26798454
0.23450483
0.15296109
0.26651055
0.4260581
0.4668778
0.33187726
0.13018258
0.13117294
0.15645438
0.13104346
0.16168046
0.32439655
0.4908863
0.66776145
0.408198
0.3903994
0.683111
0.3584883
0.4394526
0.7606379
0.5755967
0.32105443
0.478206
0.6329391
0.46611074
0.17417724
0.34238628
0.33599833
0.42712665
0.20058951
0.49107715
0.4259588
0.21902186
0.34146085
0.49257135
0.474708
0.6918358
0.81609315
0.43378955
0.21842661
0.04487694
0.23974006
0.5813249
0.7144712
0.56147087
0.20524003
0.6317964
0.8156785
0.5323116
0.6904472
0.70720804
0.2286096
0.2546563
0.3928823
0.40491506
0.36782724
0.33730507
0.13014778
0.20266551
0.31070855
0.5442509
0.4534397
0.24094522
0.2831307
0.40451655
0.31115195
0.21022964
0.52105474
0.31263763
0.25190175
0.41180882
0.34066018
0.48822436
0.33043972
0.33425668
0.5105225
0.26689154
0.51298445
0.28528485
0.17476344
0.43091297
0.3536462
0.18969333
0.12134909
0.31143656
0.1931212
0.27208483
0.5924467
0.721764
0.60798055
0.38922074
0.2281288
0.22133528
0.23077683
0.119345866
0.13188392
0.18269654
0.22444613
0.10372812
0.3065379
0.19759676
0.1881719
0.2856184
0.3101378
0.5698276
0.63509846
0.44534844
0.30571747
0.31079105
0.14034295
0.20471527
0.25973332
0.15173209
0.056128617
0.114899755
0.21418001
0.076084346
0.16929308
0.13300878
0.11581846
0.02681088
0.33726797
0.43409687
0.22695653
0.17556033
0.27396435
0.35568973
0.48834318
0.32885453
0.1506328
0.27737933
0.1233707
0.09786912
0.110132374
0.19326316
0.12033832
0.09086362
0.2225258
0.35780472
0.40615723
0.32994595
0.48491478
0.39786178
0.19110382
0.10089392
0.07044875
0.15775329
0.30390242
0.24553978
0.122342706
0.09613437
0.20312631
0.2379061
0.12528194
0.29218185
0.2573995
0.053596567
0.17346054
0.18889576
0.23640881
0.1891874
0.021532007
0.18630518
0.06992209
0.10778815
0.100505255
0.107076876
0.076742224
0.04580408
0.18158157
0.24025589
0.1224295
0.1624078
0.12213406
0.19945596
0.17225304
0.1360538
0.29124272
0.24794193
0.09982089
0.084588535
0.062918216
0.15450299
0.25670844
0.19203927
0.12081135
0.05886335
0.02158521
0.11922011
0.08548533
0.14896755
0.14177138
0.13598366
0.01806601
0.10945159
0.08651208
0.21381758
0.14709513
0.063457236
0.08908003
0.07629015
0.063997954
0.11953652
0.004232564
0.0973342
0.0077280295
0.14635593
0.23915459
0.15183581
0.07413616
0.07173896
0.16189487
0.14220172
0.13690199
0.06677403
0.09661621
0.0917745
0.06768157
0.10169174
0.104366496
0.096690215
0.09845934
0.05940428
0.21608797
0.16702977
0.08524275
0.07182971
0.09071445
0.08252938
0.1826793
0.27754244
0.24049184
0.13712591
0.094459064
0.070350744
0.04100974
0.048994504
0.037426554
0.08738387
0.107126996
0.09656714
0.101968534
0.0195171
0.0917793
0.112129286
0.043025963
0.02665525
0.117198266
0.110004276
0.08655768
0.2062271
0.16562343
0.087580025
0.10523243
0.054575298
0.055513408
0.12609608
0.08071039
0.13413595
0.1436539
0.05517042
0.15317845
0.24187173
0.20069042
0.14226499
0.18562706
0.09673302
0.11740015
0.1096694
0.061132163
0.052968938
0.08437366
0.16824694
0.15048376
0.1403036
0.06917211
0.18278009
0.14535786
0.1646028
0.091868974
0.08813229
0.09872028
0.03666124
0.14375281
0.17445622
0.12592448
0.06250922
0.07198947
0.018833417
0.11919739
0.032714047
0.06784689
0.08969025
0.07994867
0.071469985
0.076041654
0.10687718
0.10019998
0.08375015
0.05754723
0.053007253
0.12209687
0.17270394
0.08126274
0.013525734
0.09027866
0.13041998
0.12683043
0.046413064
0.08291541
0.13582805
0.10565404
0.110319674
0.10505301
0.09024366
0.08183667
0.06864445
0.04936619
0.037059113
0.051401578
0.12337478
0.08130988
0.2714823
0.23379447
0.14190178
0.17317437
0.20152408
0.17627122
0.17287688
0.13441241
0.05539246
0.044487044
0.012949958
0.074344814
0.092496075
0.11710371
0.061020788
0.061799835
0.063123934
0.0561486
0.06369892
0.09106626
0.07842053
0.06657018
0.08517118
0.11768514
0.047975063
0.104450814
0.14337058
0.07458511
0.10361835
0.11915721
0.033824626
0.048839882
0.102287106
0.22622345
0.24082506
0.14216255
0.14155479
0.054809924
0.11138052
0.1022673
0.11320568
0.15650797
0.11548001
0.15993235
0.0418136
0.13183104
0.17139941
0.1238601
0.08214532
0.11288992
0.10105101
0.03704006
0.06674148
0.06153332
0.09525028
0.11983186
0.04393465
0.044827227
0.06582722
0.0175554
0.12033817
0.15200788
0.03278742
0.09931273
0.090372555
0.1165588
0.07515394
0.017111735
0.07299287
0.05581189
0.09019718
0.09347947
0.053894196
0.079690695
9.048166E-4
0.11759747
0.16986273
0.18969405
0.12730905
0.12168176
0.057641618
0.003618387
0.11383462
0.10092381
0.06941708
0.09181484
0.06706655
0.009393016
0.055894405
0.041883342
0.07490348
0.11531213
0.08251401
0.058419593
0.03085086
0.08266395
0.14925303
0.116053246
0.11439949
0.066697635
0.03995207
0.052194837
0.07310207
0.10468437
0.15420502
0.10644511
0.031613
0.024544535
0.041358028
0.040409956
0.101434976
0.08381242
0.1232009
0.14126666
0.14529613
0.1917128
0.20631006
0.10651282
0.06270676
0.039578214
0.1141282
0.19215484
0.088838734
0.03392836
0.050222885
0.061811112
0.12518461
0.117361546
0.11463087
0.0736621
0.025098365
0.07763054
0.09869108
0.13634415
0.17870413
0.14391853
0.099390455
0.14686349
0.13734154
0.0771182
0.0508375
0.094121985
0.080263324
0.031687673
0.116964564
0.10160732
0.043304913
0.049649425
0.1134222
0.11774474
0.109820694
0.16564672
0.13154621
0.097162366
0.063292354
0.06878662
0.0891166
0.017085882
0.034172
0.1098903
0.14359601
0.09329261
0.1048048
0.10434137
0.09621334
0.15181074
0.18146852
0.09153903
0.096803434
0.17516935
0.115272
0.046622857
0.08815036
0.13198565
0.08847853
0.11456465
0.21591654
0.18678229
0.17466103
0.19011776
0.12399618
0.022418154
0.044342183
0.042583257
0.021338101
0.016084578
0.09247784
0.12690236
0.052353498
0.015073958
0.09514747
0.110818386
0.13003637
0.1506437
0.092078455
0.036336455
0.11967054
0.2388776
0.22820008
0.117781766
0.10147999
0.0919986
0.16231324
0.09316745
0.1950311
0.19728443
0.11645639
0.058711745
0.030360049
0.07707863
0.11768905
0.1422759
0.09202155
0.09177188
0.07547773
0.034402966
0.07398574
0.05840155
0.062274225
0.056910846
0.07761742
0.062417816
0.10846576
0.19562455
0.20486243
0.21790631
0.21386272
0.11481631
0.08709908
0.14867032
0.13989697
0.13582823
0.08298604
0.07094872
0.039405387
0.039490845
0.05981124
0.15874584
0.16851434
0.056128055
0.03146267
0.06339623
0.04188067
0.13605109
0.13546325
0.14078294
0.19150367
0.15838137
0.08187697
0.04061895
0.042641576
0.08742428
0.12356673
0.10296044
0.077622615
0.13424553
0.096244246
0.06777438
0.03920936
0.08291904
0.10926577
0.11475187
0.12032802
0.11370282
0.072468266
0.12151619
0.10946411
0.08836479
0.074466005
0.08857253
0.19675606
0.11056178
0.016027505
0.07437779
0.06352403
0.05686844
0.07224506
0.119824655
0.120849244
0.04875024
0.046116386
0.06698967
0.20957264
0.17616114
0.04616827
0.070259675
0.16117518
0.1432274
0.09415643
0.072348356
0.12537958
0.12349676
0.07290195
0.14843154
0.16594473
0.12080808
0.023149686
0.11052582
0.081877835
0.12747793
0.19985129
0.19145983
0.16205515
0.19322595
0.12431482
0.03458882
0.047395937
0.05438522
0.11839544
0.069735736
0.13371648
0.073155716
0.05322633
0.14400499
0.17160955
0.10999689
0.03891094
0.027501224
0.07529505
0.03097223
0.08729894
0.11965686
0.032064382
0.104012094
0.16335543
0.09770004
0.05079235
0.09046481
0.17472592
0.055998873
0.060057208
0.06893529
0.06121865
0.03631041
0.03356639
0.0199336
0.10311662
0.14066523
0.081686646
0.13959128
0.14646545
0.10602403
0.1876607
0.08760602
0.097584926
0.13103583
0.11393426
0.1158187
0.047370017
0.030698083
0.0571317
0.13651957
0.14895059
0.106836885
0.016817529
0.067118175
0.029750941
0.12504657
0.11357726
0.028562082
0.075144775
0.05429116
0.122469805
0.13714662
0.09831879
0.116599806
0.13666221
0.07411791
0.045783848
0.07030582
0.018554268
0.072449476
0.13328464
0.061299905
0.16850884
0.23526227
0.1664842
0.05122535
0.05277451
0.17960513
0.14396629
0.036287975
0.070750766
0.047726355
0.040961802
0.061162904
0.15096703
0.104748994
0.10682183
0.11836813
0.09882001
0.060862403
0.13731681
0.08216663
0.07104443
0.11163597
0.12191147
0.2844622
0.27677476
0.19945362
0.17554459
0.17749067
0.0828737
0.06342296
0.21772233
0.26326647
0.22923933
0.20272192
0.13748688
0.021918373
0.1796904
0.09017776
0.06948756
0.022935035
0.045822617
0.059917375
0.048746772
0.069908895
0.1778564
0.18587641
0.13762115
0.17806478
0.2291054
0.092993766
0.11144553
0.047946006
0.026136028
0.17255747
0.17023367
0.09956455
0.09062006
0.0650808
0.078597985
0.15977655
0.20332928
0.16119882
0.16324377
0.08058974
0.11763566
0.096724525
0.16012444
0.19612916
0.1788673
0.08843252
0.027819887
0.116852686
0.18171996
0.042826198
0.11547704
0.1711779
0.21313238
0.17067944
0.22501986
0.30965638
0.15931894
0.17924802
0.23427938
0.1854818
0.069460385
0.08338722
0.14046763
0.1942674
0.1895747
0.09983701
0.19869843
0.15054266
0.16493127
0.1718189
0.17470893
0.1355437
0.18271129
0.19096553
0.15762457
0.28640333
0.18826158
0.1537017
0.2050112
0.26895872
0.21292204
0.11261564
0.20969275
0.14557827
0.12291015
0.22943868
0.24477991
0.17581905
0.09756911
0.12158719
0.18889174
0.14011596
0.09750607
0.009442949
0.07747093
0.14753208
0.2506178
0.22455575
0.2103412
0.15278564
0.07578204
0.08384901
0.08911057
0.14766243
0.12770492
0.05468433
0.0779081
0.13702022
0.12926489
0.006406099
0.18664037
0.33006418
0.3967679
0.4165958
0.29536155
0.27127066
0.27713218
0.14324059
0.11451745
0.17679332
0.2714988
0.23224917
0.22546118
0.1317951
0.023927111
0.1903996
0.2854804
0.15218438
0.052702576
0.20259778
0.18799283
0.12637508
0.16677193
0.1413622
0.2894097
0.3473393
0.3372082
0.18941385
0.20724055
0.30255848
0.22753023
0.03618303
0.085243165
0.17805089
0.29897535
0.22888438
0.034199793
0.24640577
0.26394787
0.09036062
0.079753436
0.12696329
0.1720278
0.12311623
0.15023479
0.06671134
0.22725932
0.23342605
0.2342499
0.29687503
0.26901382
0.33632785
0.22468373
0.20157228
0.27845293
0.21129507
0.061784875
0.05476312
0.09022354
0.2078928
0.33142695
0.19758733
0.1659778
0.25212014
0.12636626
0.10027532
0.23049161
0.16668688
0.018157408
0.16909085
0.12976195
0.14977905
0.14162296
0.053400643
0.10524496
0.085683316
0.27695236
0.28910908
0.08945859
0.1724976
0.25727916
0.1417962
0.14224133
0.16133095
0.2568038
0.36719567
0.2030473
0.036105115
0.051657457
0.10864695
0.14080812
0.15785468
0.22739433
0.23504011
0.46997878
0.49911684
0.20302823
0.19136511
0.20940495
0.104210064
0.16256297
0.31784493
0.27597967
0.28592893
0.041110925
0.27650204
0.25605404
0.17019479
0.080795154
0.07879343
0.3308656
0.4843089
0.34382063
0.28936014
0.15245438
0.1402769
0.12459487
0.13246848
0.03946593
0.12426234
0.13470688
0.0852737
0.12599665
0.16185927
0.21259233
0.05327246
0.16853476
0.16598195
0.08399309
0.10735131
0.09716686
0.07824759
0.07877791
0.07758439
0.06402579
0.10240827
0.18782255
0.24082687
0.17945077
0.11628754
0.23805271
0.21097168
0.20898755
0.16735135
0.0799458
0.12270756
0.15060101
0.14015914
0.10668985
0.12917934
0.016804364
0.20664957
0.11970672
0.013753022
0.16698554
0.24038377
0.1784737
0.0627407
0.073493384
0.06834039
0.14838949
0.1760252
0.1147658
0.21220648
0.29600045
0.16823004
0.03552999
0.08239474
0.07489345
0.124178514
0.1103983
0.13903952
0.050456103
0.024495475
0.071244836
0.049323525
0.070373975
0.10720245
0.042732712
0.13568018
0.03390164
0.035511203
0.050971936
0.044072486
0.047255743
0.058394022
0.13800374
0.17719117
0.15463178
0.06702286
0.088195845
0.14065048
0.1938495
0.21851663
0.17004143
0.16280164
0.09943874
0.08750995
0.12819482
0.13985412
0.21905683
0.16488557
0.11517914
0.20298947
0.16880202
0.14408807
0.17993274
0.08560096
0.07053001
0.037172023
0.16446763
0.1333895
0.07446797
0.052293863
0.12763588
0.086717844
0.20157602
0.31120884
0.16872299
0.11874751
0.09245512
0.052469302
0.14024948
0.11694377
0.054194666
0.11468447
0.10965895
0.05157405
0.08578602
0.12005254
0.104135856
0.13827264
0.07345111
0.03820074
0.13484076
0.10250828
0.04913567
0.09548184
0.1026518
0.10697144
0.060488395
0.08769031
0.06474036
0.027783532
0.01972977
0.07728891
0.13144813
0.11912432
0.09747776
0.094256416
0.043867316
0.018054081
0.039752122
0.03315573
0.07926506
0.08565454
0.056262467
0.059699897
0.04874882
0.06420655
0.052789304
0.056307334
0.021149354
0.046053737
0.119380765
0.15763572
0.108963646
0.088998996
0.12363102
0.042515922
0.03968475
0.11546154
0.13871169
0.11331982
0.020151509
0.03984199
0.04527519
0.07546107
0.034716804
0.11922399
0.13350101
0.05263083
0.08383634
0.1187259
0.17147556
0.13719037
0.07287856
0.057168443
0.06529156
0.06936384
0.12357144
0.03055413
0.05297976
0.03481879
0.032926057
0.033214383
0.07639905
0.02922215
0.13026668
0.15644641
0.08182699
0.025616359
0.07585318
0.0914958
0.062879995
0.030464642
0.027735231
0.058316607
0.09410878
0.10803867
0.12883443
0.100850016
0.04382091
0.02936263
0.020524152
0.082886055
0.14636673
0.07274039
0.042116724
0.056927674
0.08482471
0.062970564
0.061163437
0.086094484
0.07195199
0.068544775
0.07998404
0.05862546
0.008030778
0.056904525
0.094036214
0.03761748
0.028927373
0.04562581
0.012229885
0.059455175
0.08674196
0.0066128112
0.04878055
0.04629272
0.045065586
0.08875289
0.03414437
0.05724192
0.0596645
0.039570536
0.091645174
0.113544695
0.034208108
0.011951272
0.06925062
0.07784763
0.09708373
0.0794216
0.055943318
0.07812136
0.012556377
0.0203157
0.054999653
0.073977776
0.093896195
0.1368155
0.0644194
0.019687565
0.04285083
0.08670323
0.080348596
0.06301134
0.041967303
0.10214486
0.12849511
0.119737364
0.07425797
0.06870484
0.05820907
0.042816386
0.0073224693
0.10108059
0.093602724
0.10139907
0.17188267
0.079599194
0.06688959
0.060408372
0.02271865
0.11903003
0.12648512
0.06782458
0.05558222
0.074991785
0.055650633
0.048524145
0.012173554
0.012562002
0.02972633
0.05136334
0.09880002
0.15454036
0.08429937
0.031696275
0.04057117
0.05335673
0.02425992
0.07742369
0.027865974
0.16728422
0.15451588
0.10716335
0.03169765
0.03610093
0.0908593
0.11853086
0.06578329
0.033038057
0.09592267
0.10870992
0.09063557
0.07869365
0.044300348
0.02861639
0.08704164
0.018336456
0.093081184
0.057490002
0.045273405
0.015019618
0.06011503
0.11171212
0.10257374
0.019800806
0.040799174
0.026855454
0.03898855
0.016579933
0.093745045
0.05257566
0.063638814
0.06356865
0.045064088
0.025583208
0.008319626
0.021846708
0.033180196
0.078360744
0.062364545
0.046030536
0.031968366
0.059806626
0.04502174
0.02594637
0.085066505
0.08401211
0.06740349
0.06450103
0.045224767
0.049048815
0.06673091
0.04889697
0.08602311
0.057711214
0.038756095
0.017827675
0.08203368
0.08173998
0.09172598
0.060937088
0.088744625
0.11185199
0.09503678
0.056746148
0.0026489988
0.07862695
0.13806497
0.121801965
0.10813559
0.12408545
0.06758957
0.019137006
0.026466297
0.037030704
0.0268963
0.041371513
0.06949376
0.073780365
0.08744578
0.023237787
0.02230091
0.039375525
0.051681727
0.06428953
0.062516965
0.029990098
0.057756513
0.06812392
0.020062089
0.019143444
0.02244237
0.028266357
0.02280126
0.0082370965
0.04657714
0.056087077
0.061662823
0.047638
0.04170072
0.040837213
0.03121663
0.13133726
0.12800594
0.07403237
0.019338408
0.040507004
0.07021507
0.04671861
0.054626048
0.050138403
0.027160991
0.03369075
0.054786164
0.061775587
0.061797712
0.0590177
0.03390666
0.018077765
0.029587407
0.045200538
0.05514649
0.050350253
0.075921185
0.07933084
0.0147755155
0.060409363
0.07422793
0.033980377
0.013433733
0.015609208
0.006944654
0.020921508
0.039924294
0.08800353
0.07271746
0.058189105
0.0105797695
0.032066967
0.037094846
0.059115544
0.060861133
0.03149903
0.027917162
0.05280073
0.062428996
0.04068323
0.030390782
0.0041554216
0.026213504
0.011239381
0.016868837
0.013510687
0.025690572
0.010473741
0.021268308
0.026669636
0.004356581
0.008266491
0.022823798
0.040180247
0.03316306
0.046656433
0.027084205
0.023402726
0.045258533
0.014581067
0.0060304683
0.029102955
0.032119934
0.00670522
0.06446557
0.081757024
0.055554625
0.053217165
0.046701793
0.015234018
0.03329442
0.022365762
0.037766714
0.07702125
0.062778205
0.049396854
0.023701336
0.032879908
0.03238606
0.004114987
0.05477806
0.093306616
0.05853944
0.04311131
0.04406694
0.04047031
0.09322814
0.056501232
0.03747436
0.041550662
0.02293918
0.028344512
0.04127886
0.0586769
0.045818716
0.023893753
0.055151884
0.02486992
0.04934617
0.041586287
0.029730754
0.027258972
0.010040228
0.03572449
0.035826534
0.042977173
0.011984964
0.01907514
0.03152997
0.032225713
0.0625235
0.07452521
0.049860585
0.03000059
0.054536387
0.083396435
0.08799334
0.032498624
0.06493692
0.1011489
0.06882015
0.024939068
0.013428713
0.012124504
0.048171405
0.03520843
0.0499315
0.06780416
0.05011968
0.04023768
0.037065633
0.030215442
0.031037109
-0.003051847
0.0
0.009155487
0.0061036292
0.0061035934
0.0
-0.00305175
0.0061034425
0.003051689
0.0
0.0030516135
-0.0030515704
-0.0030515236
-0.0030514733
-0.0030514195
0.0
0.003051301
0.0
0.0
0.006102192
-0.0030510207
0.0
0.0
-0.006101546
0.003050683
0.0030505897
0.0
0.0
-0.009150865
-0.015250902
-0.006100138
0.0
-0.0030498356
-0.0030497136
-0.0091487635
-0.006098917
0.0030493257
0.0030491892
0.0
0.0
-0.006097517
-0.006097215
0.0
0.0
0.009144401
0.0060959375
0.0
-0.0030476279
0.0
0.0
0.009141268
0.012187611
0.0
0.0
-0.0030463214
0.0030461205
0.006091832
0.003045708
0.0
-0.0060905623
-0.0060901246
-0.00608968
-0.0030446139
0.0
0.0030441512
0.009131744
0.006087349
-0.006086861
-0.009129549
-0.0060858643
-0.0030426774
-0.0030424194
0.0030421577
0.0030418923
-0.0060832473
-0.009124054
-0.0060821506
-0.009122387
-0.006081025
-0.006080452
-0.0030399356
-0.0060792835
-0.006078689
-0.0030390436
-0.003038739
-0.006076862
-0.006076239
-0.0030378043
-0.012149942
-0.012148653
-0.0030368373
0.0030365079
0.003036175
-0.0030358385
-0.0030354983
-0.00607031
-0.006069615
-0.0030344569
0.0030341025
0.0030337449
0.0030333833
-0.0030330184
-0.0030326499
0.0
-0.0030319025
-0.0030315232
-0.0060622813
-0.006061509
0.0
0.0030299714
0.0060591493
0.0030291742
-0.0030287702
-0.0030283628
0.0
-0.0030275374
0.0060542384
0.01210679
0.009078817
0.0030258438
0.0
0.003024976
0.0030245367
0.006048188
0.0030236477
0.0030231979
0.0
-0.0030222875
0.0030218272
0.0030213632
0.0030208959
0.0030204249
0.0030199504
0.0030194724
0.0
0.0030185059
0.0060360343
0.0060350504
0.009051089
0.006033061
0.006032056
0.012062088
0.012060049
0.0
0.0030139827
0.006026925
0.0
0.009037235
0.009035643
0.009034041
0.0030108094
0.0030102683
0.0030097237
0.009027527
0.012034496
0.009024207
0.009022531
0.0
-0.0030063826
0.0
0.0030052413
0.0030046653
0.0030040857
0.0
0.0
0.0
0.0
-0.0030011362
0.0
0.0
0.0
0.002998714
0.0029981
0.008992447
0.008990583
0.0029962363
0.0029956084
0.0029949767
0.0059886836
0.00898111
0.0
0.0
0.0029917674
0.0
0.0
-0.0059796004
-0.005978275
0.0
0.0
0.0029871291
0.0029864528
-0.005971546
-0.0059701796
0.0
0.0
0.0029830192
0.008946967
0.002981622
-0.0059618363
0.0
0.0
0.0059575723
0.008934205
0.0
0.0059532467
0.0
0.0
0.008923289
0.008921075
0.008918851
0.005944411
-0.0059429146
-0.005941411
0.0029699504
0.005938384
0.0059368606
0.00593533
0.0029668964
-0.0059322487
0.0
0.0
0.005927576
0.005926005
0.0
0.0
0.0
0.0
0.0
0.0
0.0
0.0
-0.0059115607
0.005909922
0.005908277
0.011813249
0.011809932
0.0
0.0
0.0
-0.0058982633
0.0
0.005894872
0.0
0.0
0.0
0.0
0.0
0.0058845375
0.0
0.0
0.0
0.0
0.0
0.005873963
0.008808265
0.0
-0.0058685853
-0.00586678
-0.0058649676
0.0
0.0058613233
0.005859491
0.0029288263
-0.005855807
-0.005853955
0.0
0.0058502313
0.00877254
0.0
0.0
0.0
0.0
0.002919451
0.008755486
0.0029175368
0.0
-0.0058312183
-0.005829281
0.0
0.0
0.0029117148
0.0
-0.0058194962
0.0
0.0
0.008720321
0.008717326
0.0029047744
0.0
0.0
-0.005803502
0.0
0.0028997194
0.0
0.0
0.0028966474
0.0028956172
0.0
-0.005787093
-0.005785013
0.0
0.0
0.0
-0.0028883142
-0.002887258
-0.0057723974
-0.008655408
-0.0028840704
-0.0028830015
0.0
0.002880854
-0.0028797756
-0.0028786939
-0.005755218
-0.0057530417
0.0
-0.0028743353
0.0028732377
-0.002872137
-0.011484132
-0.002869926
0.0
0.0
0.0028665855
-0.008596398
-0.008593029
-0.0085896505
-0.0028620877
0.011443822
0.00857946
-0.0028586814
-0.0028575396
-0.008569184
-0.0028552467
0.0028540955
0.0028529412
0.0028517838
-0.0028506233
-0.011397839
-0.0028482927
-0.002847123
0.0
0.005689548
0.011374379
0.0028424123
-0.008523681
-0.0028400384
0.0028388468
0.002837652
0.0028364544
0.0028352535
0.0
-0.0028328425
0.0
0.0028304192
0.008487609
0.0028279838
0.0
0.0
0.0
0.0
0.0056436826
0.0
-0.002819363
0.0028181192
-0.0028168724
0.0
0.0028143697
0.0
0.0
0.0
-0.0028093278
0.0
0.0
-0.0028055147
-0.0028042379
-0.0028029578
-0.008405024
-0.0028003885
-0.005598199
-0.0027978073
0.0
-0.0027952143
-0.0027939132
-0.0055852183
-0.0055826046
0.0
-0.0027886792
-0.0027873632
0.005572089
0.0
-0.0027833977
0.0027820698
-0.0027807392
-0.005558811
-0.0027780689
-0.0027767292
0.0
0.0
-0.0027726928
-0.0027713412
-0.005539974
0.0
0.0027672697
-0.005531813
-0.005529081
0.0
0.0
0.0055208504
0.005518095
-0.0027576669
0.0
0.0
0.0
0.0055042314
0.0027507208
-0.002749323
0.0
-0.008239555
-0.005490224
-0.0027437026
-0.0054845805
0.0
0.0
0.0
-0.0027366127
0.0027351861
0.0027337568
0.0027323244
0.005461779
-0.0027294515
-0.0054560215
-0.0054531344
-0.0054502413
-0.0027236715
-0.0027222193
0.0
0.0027193069
0.0
-0.0027163832
-0.002714917
-0.0027134481
0.0
0.005421004
0.005418049
-0.0027075447
-0.0027060618
-0.0027045761
0.0
0.0027015966
0.0
0.0
0.0
-0.0026956042
-0.005388199
0.0
0.0026910813
0.0
0.0
-0.0026865334
-0.008055036
-0.0053669754
-0.002681961
-0.0026804314
-0.005357798
-0.010709456
-0.010703305
-0.010697143
-0.0053454856
0.0
-0.0026696483
-0.010672389
-0.010666173
-0.00799496
-0.0053268545
-0.0026618652
0.0
-0.0079762
-0.013285817
-0.010622363
-0.010616062
-0.0026524374
0.0
-0.0026492737
-0.0052953754
-0.007938297
-0.007933524
-0.0052858284
-0.0026413177
0.0026397186
0.0
-0.0026365127
0.0026349057
-0.0052665924
-0.005263368
0.0026300694
-0.002628452
-0.002626832
-0.005250419
-0.007870753
-0.0052439133
-0.0026203264
-0.0026186935
0.005234116
-0.0026154201
-0.0026137796
-0.005224273
-0.0052209813
-0.0026088424
-0.0026071917
0.0
0.0
0.0
0.0
-0.0051977993
0.0
0.0
0.0
0.0
0.0025905445
-0.0025888658
0.0
0.0051710024
0.0
0.005164253
0.005160871
-0.002578742
0.002577046
0.0051506953
0.0025736466
0.0
0.0
0.0
0.0
0.0
0.0
0.0025616712
0.005119901
0.0051164553
0.0025565021
0.0025547743
0.0076591317
0.0
0.002549576
0.005095677
0.005092197
0.0050887126
0.0025426117
0.0025408645
0.0
0.0
0.0025356088
0.0050677042
0.007596279
0.0050606634
0.0025285678
0.007580405
0.0075751
0.0075697876
0.0050429786
0.0
0.0
0.0
0.002514373
0.0025125882
0.0025108012
-0.0025090117
-0.0025072198
0.0
0.0
0.0
0.0025000295
0.0
0.0
0.0049892254
0.0
0.00249099
0.0
0.0
0.002485539
0.0024837174
0.0
-0.0024800678
0.0
0.0
0.0
0.0
0.0
0.0
0.002467223
0.0
-0.0024635328
0.0024616846
0.0
0.0024579815
0.0024561265
0.0024542694
0.0
-0.0024505488
0.0024486852
-0.0024468193
0.0
0.0
-0.002441209
0.0
0.002437458
0.0024355792
0.004867397
0.0
-0.0024299303
0.0
0.0024261535
0.004848524
0.004844737
0.0048409454
0.0
-0.0024166747
-0.0024147728
-0.0024128687
0.0
0.0048181084
0.009628574
0.0048104622
0.0024033168
0.0
-0.0023994814
0.0
-0.002395638
-0.007181139
-0.0023917863
-0.0023898573
0.0
0.0023859935
-0.0023840584
-0.0023821215
-0.0023801825
-0.0023782414
0.0023762984
0.0023743534
-0.0023724062
0.0
-0.0071055186
-0.0023665533
0.0070937946
0.0070879236
0.0047213645
0.0023587213
0.0023567586
0.0023547937
0.002352827
0.004701717
0.0046977755
0.0
0.0023449406
0.002342964
0.0023409857
0.0023390055
0.0046740463
0.0023350392
0.0023330532
0.0069931955
0.0023290752
0.004654167
0.0
-0.0023230945
0.0023210973
0.0
0.0023170968
0.0069452818
0.002313089
0.0
0.002309074
0.0
0.0
0.0046060747
0.0023010215
0.0
0.004593969
0.0
0.0
0.0
0.0
0.0
0.0
0.0
0.0
0.0
0.0
0.002274651
0.00227261
0.0
0.0022685227
0.0045329533
0.0
0.0045247576
0.0022603276
0.0
0.0
0.0
-0.004504209
0.0
0.0
-0.0044918386
0.0
0.0
-0.0044794376
0.0
0.0
0.0
-0.004462856
-0.004458702
-0.0044545447
-0.0044503845
0.0
0.0
-0.004437884
-0.00443371
-0.0044295336
-0.004425354
0.0
0.0
0.0
0.0
-0.0044044056
0.0
0.0
0.0
0.0
-0.0043833777
-0.008758325
0.0
0.0
0.0
0.0
0.0
0.0
-0.0043495707
0.0
0.0
0.0
0.0043325936
0.004328342
0.0021620435
0.0
0.0043155686
0.0043113045
0.0043070377
0.002151384
0.0
0.0
0.0
0.00214283
0.0
0.0
-0.004272798
0.0
-0.0042642094
0.0
0.0021278046
-0.0042513045
0.0021234988
0.0021213437
0.0
0.0021170296
0.0
0.0
0.0
0.0
0.0021062198
0.0021040535
-0.002101886
0.0
0.0020975473
0.0
0.0
0.0
0.0
0.0
0.0
0.0
-0.002080138
-0.002077956
0.0
-0.0020735878
0.0
0.0020692146
0.0
0.0
-0.0020626453
-0.002060453
0.0020582592
0.0
0.0
0.0
-0.0020494724
0.0
0.006135215
0.0020428693
0.0
-0.0020384612
-0.0020362553
0.0020340483
0.00203184
0.0020296304
0.0
-0.002025208
-0.002022995
0.0
0.0020185653
0.0060490468
0.0060423934
0.004023825
0.0020096924
-0.0020074714
0.0
0.0020030257
0.0020008013
0.0019985756
0.0019963488
0.0019941211
0.0019918922
0.0039793244
0.003974862
0.0039703976
0.003965931
0.001980731
0.0
0.0
-0.0019740216
-0.0019717831
0.0019695433
0.0019673028
-0.0019650608
-0.0019628182
0.0
0.0
0.0
0.0
0.0
-0.00194934
-0.0038941803
-0.0019448393
-0.0019425874
-0.0019403347
-0.0019380808
-0.001935826
-0.0019335703
-0.0019313137
-0.0019290559
0.0
-0.0019245378
-0.0019222773
-0.0038400318
-0.0038355072
-0.0019154903
-0.005739678
-0.001910961
0.0
-0.0019064281
0.0
-0.0019018917
-0.003799244
-0.0075894063
-0.005685241
-0.001892808
0.001890535
0.0037765221
0.0037719726
0.0
0.0
0.0
-0.0018768788
0.0018745998
0.0018723201
0.0
0.001867758
0.0
-0.0018631929
0.001860909
0.0037172488
0.0
0.0018540529
-0.001851766
-0.0018494782
-0.0018471899
-0.0036898013
-0.0018426107
-0.00184032
-0.003676057
-0.0036714727
0.0
0.0
0.0
0.0
-0.003648529
-0.0036439362
-0.005459013
-0.0036347462
-0.0018150745
-0.0036255505
-0.0036209507
-0.005424524
-0.0018058736
0.0018035716
0.0
0.0
-0.001796662
-0.005383073
-0.0035841048
0.0017897467
0.0
0.0
0.0017828258
-0.0017805176
0.0
-0.0017758994
-0.0017735894
0.0
0.0
0.0017666561
-0.0017643437
-0.0017620309
-0.0017597175
0.0
0.001755089
0.0017527741
0.0017504585
0.0017481424
0.0017458257
0.0017435086
0.001741191
0.0
0.0
0.0
-0.0017319154
0.0017295954
0.0017272747
0.0017249536
0.0
-0.0017203101
-0.0017179876
0.0017156648
0.0017133413
0.0034220351
0.0
-0.0017063686
0.0
0.001701718
0.0016993921
0.0016970658
0.001694739
-0.0016924118
-0.0016900843
0.0
0.0016854281
0.0016830994
-0.0016807704
0.0
-0.0016761112
-0.0033475622
0.0
-0.0016691198
0.0
0.0
-0.0016621253
-0.0016597933
0.0
-0.0016551281
-0.00330559
-0.0033009234
-0.003296256
-0.0016457941
0.0
0.0
0.0
0.0
-0.0016341202
-0.0032635694
-0.004888347
-0.0016271129
0.0
0.0016224402
0.0016201034
0.0
-0.004846288
-0.0064523676
0.0
0.0
0.0
0.0
-0.001601402
0.0
0.0
-0.0031887717
-0.0031840936
0.0
0.0
0.0
0.0
0.0
-0.0031560191
-0.003151339
0.0
0.0
0.0015686488
0.0031326169
0.0015639679
0.0
0.0015592865
0.0
0.0015546049
0.001552264
-0.001549923
-0.0030951637
-0.0015452408
-0.0030857993
-0.0015405584
0.0015382172
0.001535876
0.0015335347
0.0015311934
0.0
-0.0030530216
-0.003048339
0.0
0.0
0.0015171455
0.0015148043
0.0
0.0
-0.0030155615
-0.0015054396
0.0015030985
0.0015007575
0.0
0.0
-0.0029874695
-0.0029827883
0.0
0.0
0.0014843723
0.0014820319
0.0
-0.0029547028
-0.0029500227
0.0
0.0029406631
0.004403976
0.0029313047
0.001463313
-0.0029219473
0.0
0.0
0.0014539568
0.0043548546
0.0014492797
0.002893883
0.0014446034
0.0
0.0014399278
0.0014375903
0.0014352531
0.001432916
0.0014305791
0.0
-0.0014259062
0.00142357
0.0014212341
0.0014188983
0.0028331259
0.0014142278
0.0014118929
0.0014095583
0.002814448
0.0042146696
0.0028051122
0.002800445
0.0027957787
0.0013955565
0.0027864478
0.004172675
0.0041656788
0.002772456
0.0027677934
0.0013815657
0.0
0.0
0.0013745748
0.0013722453
-0.001369916
-0.0041027614
-0.0013652586
0.0
0.0
0.0013582754
0.002711897
0.0
0.0
0.0
0.0013466448
0.0013443199
0.0013419954
0.0013396714
-0.0026746958
0.0
0.0
0.0
0.0013280581
0.0013257368
0.0
0.0013210955
0.0013187756
-0.0026329125
0.0013141374
0.002623638
0.001309501
0.0
-0.0039146002
-0.003907651
0.0
0.0012979193
0.0012956045
0.003879871
0.0
0.0
0.0
0.0
0.0038451827
0.0012794167
0.0
0.0012747968
-0.0025449754
0.0
0.0
0.0
0.003789772
0.0012609513
0.0
0.003769023
0.0012540369
0.0
0.0012494305
-0.0024942565
0.0
0.0
0.0
0.003713778
0.0037068813
0.0036999865
0.0012310314
0.0
-0.002452877
0.0
0.0
0.0
0.001217261
0.0
0.0
0.0024207712
0.0
0.0
0.0
-0.0012012287
-0.0011989414
-0.0011966549
0.0
0.0
0.0
-0.002375033
0.0
0.0
0.0
0.0
0.0
0.0
0.0
0.0011692784
0.0011670024
0.0
0.0
0.0
0.0
-0.0023112698
-0.003460092
-0.001151094
-0.0022976499
-0.0011465566
-0.0011442893
-0.0022840456
-0.0011397572
-0.0045499704
-0.0045409156
-0.0022659323
0.0
-0.0011284433
0.0
0.0
-0.001121666
0.0
-0.0022343053
0.0
0.0
-0.0022207797
0.0
-0.0011058861
-0.0022072715
0.0011013864
0.0010991379
0.0
0.0
-0.0010923989
0.0
0.0
0.0
0.0
0.0
-0.0010789485
0.0
0.0
0.0
0.0
0.0
-0.0010655359
0.0
0.0021221475
0.0021176885
0.0021132317
0.0021087772
0.0
0.0
0.0
0.0
0.0
0.0020820969
0.002077658
0.0
0.0020687873
0.0
0.0
0.0020554988
0.0020510738
0.0020466514
0.0030633467
0.0
0.0
0.0
0.0
0.0020201663
0.0
0.0020113573
0.0
0.0
0.0019981621
0.0
0.001989378
0.0019849893
0.0
9.8811E-4
0.0029577587
9.837304E-4
0.001963085
0.0019587118
0.0
-9.749866E-4
0.0
0.0
0.0
9.6626347E-4
0.0
0.0
-0.00191947
-9.575615E-4
0.0019107786
0.0
0.0
0.0
-9.4671414E-4
-0.0018890974
-9.423847E-4
9.40222E-4
9.3806075E-4
9.3590084E-4
-9.337423E-4
-0.0018631704
-9.294295E-4
0.0
0.0
9.229708E-4
9.2082075E-4
0.0
-9.165249E-4
-9.143791E-4
-9.1223477E-4
9.1009185E-4
0.0018159009
0.0
0.0
-9.0153486E-4
-8.993992E-4
0.0
-0.001790265
8.930013E-4
0.0017817434
8.887435E-4
8.866168E-4
8.8449166E-4
8.82368E-4
0.0017604918
8.7812525E-4
8.7600615E-4
0.0017477772
8.717726E-4
0.0017393162
0.0017350903
8.654338E-4
8.633239E-4
0.0
0.0
8.570038E-4
8.549002E-4
8.527982E-4
0.0
0.0
8.465018E-4
8.4440614E-4
8.423121E-4
8.402197E-4
8.3812897E-4
8.360398E-4
8.339522E-4
0.0
0.0
0.0
0.0016512367
0.001647078
8.214613E-4
8.193853E-4
0.0
0.0
0.0
8.110978E-4
8.090301E-4
0.0
0.0016097996
0.0
-8.007763E-4
7.9871714E-4
0.0
-7.946039E-4
0.0
0.0
-7.88447E-4
7.8639813E-4
-7.84351E-4
-7.8230567E-4
0.0
0.0
0.0
0.0
7.7210524E-4
0.0015401408
0.0023041123
7.660062E-4
0.0
0.0
-7.599233E-4
7.5789925E-4
0.0022676312
7.538566E-4
7.5183803E-4
0.0
0.0
7.457932E-4
0.0
0.0014835449
0.0014795298
0.0014755183
0.0014715106
0.0
0.0
0.0
0.0
0.0
0.0
7.2178047E-4
7.1979157E-4
0.0
0.0
-0.0014276728
-7.1185513E-4
0.0
-7.078984E-4
0.0
0.0
-7.0197775E-4
7.0000807E-4
0.0
0.0
0.0
-6.921488E-4
0.0
6.8823097E-4
0.0
0.0
6.82369E-4
0.0
0.0
0.0
0.0
-6.7263877E-4
-6.7069876E-4
6.6876074E-4
0.0013336495
0.0013297815
6.6295883E-4
0.0
0.0
0.0
-6.552514E-4
-6.533296E-4
0.0
-0.0012989846
0.0
0.0
-6.437518E-4
-6.4184243E-4
-6.399352E-4
0.0
-6.361269E-4
0.0
6.32327E-4
6.304302E-4
6.285355E-4
0.0012532859
6.247525E-4
0.0
-6.2097795E-4
0.0
6.172119E-4
6.153321E-4
6.1345444E-4
0.0
0.0
0.0
6.059653E-4
0.0
0.0
6.0037116E-4
5.9851084E-4
0.0011933054
5.947967E-4
0.0011858857
5.910913E-4
0.0
0.0
5.8554974E-4
0.0
5.818664E-4
5.800281E-4
0.0
0.0011527162
0.001149053
5.726971E-4
0.0
-5.690451E-4
-5.672224E-4
5.6540204E-4
5.635839E-4
0.0
-0.0011199089
-5.5814313E-4
-0.0011126682
-0.0011090547
-5.527229E-4
0.0
-5.491208E-4
-5.473232E-4
0.0
0.0
0.0
5.40156E-4
0.0
0.0
0.0
-5.330258E-4
5.3124916E-4
5.294748E-4
5.277028E-4
5.259331E-4
0.0
-5.224009E-4
0.0
0.0
0.0015513607
0.0010307295
-5.1361165E-4
-5.1186094E-4
-5.101126E-4
0.0
0.0015198695
5.04882E-4
5.031433E-4
0.0
0.0
4.9794157E-4
4.962125E-4
0.0014834575
9.855232E-4
4.910398E-4
0.0
9.7520713E-4
9.717782E-4
9.683542E-4
9.64935E-4
0.0
0.0
0.0
0.0
0.0
0.0
0.0
0.0
0.0
0.0
0.0
-4.6214546E-4
0.0
0.0
0.0
0.0
0.0
-4.5211922E-4
-9.00914E-4
0.0
0.0
0.0
8.8766706E-4
4.42184E-4
4.4053706E-4
0.0
4.372508E-4
0.0
4.3397478E-4
8.6468126E-4
4.3070907E-4
8.5816014E-4
4.2745366E-4
0.0
4.242086E-4
4.2258998E-4
0.0
0.0
0.0
4.161414E-4
4.1453578E-4
0.0
0.0
0.0
0.0
0.0
4.0495716E-4
0.0
0.0
0.0
0.0
0.0
3.9547356E-4
3.9390224E-4
0.0011770008
7.8153523E-4
0.0
7.752874E-4
0.0
0.0
7.6595583E-4
7.6285604E-4
0.0
7.5667264E-4
0.0
0.0
7.474382E-4
0.0
0.0
-3.6912624E-4
-7.3520147E-4
-7.321559E-4
-3.645579E-4
0.0
0.0
0.0
-3.585051E-4
-3.5699873E-4
-3.5549514E-4
-7.079886E-4
0.0
-3.5100093E-4
-3.495084E-4
3.480186E-4
0.0
-3.450474E-4
-3.4356592E-4
-3.4208727E-4
0.0
6.782766E-4
6.75336E-4
6.7240105E-4
3.347358E-4
-3.3327393E-4
3.3181484E-4
3.3035857E-4
-3.2890512E-4
3.2745447E-4
3.2600667E-4
6.4912334E-4
6.4623903E-4
3.2168019E-4
3.2024368E-4
3.1881002E-4
3.1737922E-4
3.1595124E-4
3.145261E-4
-3.1310384E-4
6.233689E-4
3.1026787E-4
0.0
-3.0744335E-4
-3.060354E-4
3.0463032E-4
6.064562E-4
3.0182875E-4
3.004323E-4
-2.9903874E-4
-2.9764805E-4
-2.9626026E-4
2.9487538E-4
2.934934E-4
0.0011684572
0.0011629524
2.8936483E-4
2.8799445E-4
2.86627E-4
2.8526245E-4
2.8390085E-4
2.8254214E-4
2.811864E-4
2.7983356E-4
2.7848364E-4
2.7713669E-4
5.5158534E-4
2.7445157E-4
-2.7311343E-4
-2.7177826E-4
-2.7044603E-4
2.6911675E-4
2.6779043E-4
2.6646708E-4
2.651467E-4
2.6382925E-4
2.625148E-4
2.6120333E-4
2.5989482E-4
2.585893E-4
2.5728677E-4
2.5598722E-4
2.5469068E-4
7.601913E-4
7.5631955E-4
2.5081896E-4
0.0012476719
7.4475846E-4
2.4697426E-4
4.9139746E-4
2.444262E-4
7.2947E-4
7.256705E-4
4.812534E-4
7.180988E-4
7.143265E-4
-2.3685445E-4
2.3560309E-4
2.3435478E-4
2.3310952E-4
0.0011593364
2.306281E-4
6.881759E-4
2.2815888E-4
0.0
2.257019E-4
2.2447799E-4
2.2325714E-4
4.4407873E-4
2.2082466E-4
-2.1961302E-4
2.1840447E-4
4.3439798E-4
4.319932E-4
2.1479727E-4
2.1360104E-4
2.124079E-4
2.1121786E-4
6.3009275E-4
4.1769413E-4
-2.0766631E-4
-2.0648866E-4
-2.0531412E-4
-2.0414268E-4
2.0297436E-4
2.0180915E-4
2.0064706E-4
1.9948809E-4
-1.9833224E-4
-1.9717953E-4
1.9602993E-4
-1.9488347E-4
-1.9374014E-4
-1.9259995E-4
-1.914629E-4
1.9032898E-4
1.8919821E-4
-1.880706E-4
-1.8694613E-4
-1.858248E-4
-1.8470665E-4
-1.8359163E-4
-1.8247978E-4
-1.813711E-4
-1.8026559E-4
-1.7916324E-4
-1.7806406E-4
1.7696805E-4
0.0
0.0
1.736991E-4
0.0
0.0
-1.7045879E-4
-1.6938508E-4
3.3662908E-4
3.3449443E-4
3.3236615E-4
1.6512215E-4
0.0
0.0
0.0
0.0
1.598656E-4
3.1764785E-4
3.155709E-4
1.5675023E-4
0.0
1.5468943E-4
0.0
1.5264156E-4
1.5162246E-4
0.0
2.9918796E-4
0.0
-1.4757847E-4
2.9315116E-4
0.0
1.4457954E-4
1.435864E-4
-2.85193E-4
2.8321976E-4
1.4062651E-4
0.0
1.3866955E-4
1.3769597E-4
0.0
1.3575862E-4
0.0
-2.6766869E-4
2.6575426E-4
0.0
0.0
0.0
-2.5816215E-4
-2.5628056E-4
-2.5440555E-4
0.0
0.0
1.2441001E-4
-1.2348569E-4
0.0
-1.2164696E-4
0.0
0.0
0.0
0.0
-1.17108015E-4
-1.1621017E-4
1.1531563E-4
0.0
0.0
-1.12651986E-4
-2.235415E-4
-1.1089285E-4
-1.1001828E-4
0.0
0.0
0.0
0.0
-3.1708638E-4
-2.0968184E-4
-1.0398972E-4
-2.0628374E-4
-1.02297374E-4
-1.0145623E-4
-2.0123686E-4
-2.99352E-4
-2.9685875E-4
0.0
0.0
0.0
-9.566221E-5
-1.8969589E-4
-1.880741E-4
-9.322953E-5
0.0
0.0
0.0
0.0
0.0
0.0
0.0
0.0
-8.6113825E-5
-8.5340114E-5
-8.4569794E-5
-8.3802865E-5
-8.303934E-5
-8.2279206E-5
-2.445674E-4
-8.076914E-5
-8.001921E-5
-2.3781802E-4
-7.8529556E-5
-1.5557968E-4
-7.705353E-5
0.0
0.0
0.0
0.0
-7.342321E-5
-7.270739E-5
0.0
0.0
7.0580485E-5
0.0
-6.917968E-5
0.0
-1.3558517E-4
-6.710419E-5
-6.641923E-5
-1.314754E-4
-1.9517883E-4
0.0
0.0
-6.304598E-5
6.238167E-5
-1.2344157E-4
-1.2212672E-4
-1.2081875E-4
-5.9758844E-5
-5.9111764E-5
-5.846814E-5
-5.782797E-5
-1.1438251E-4
-1.1311599E-4
-1.11856396E-4
-5.5301858E-5
-1.6403696E-4
-5.4059572E-5
-5.3443626E-5
-1.5849344E-4
-1.566664E-4
-1.03233186E-4
-1.5304357E-4
-1.0083184E-4
0.0
-9.8458295E-5
-9.728195E-5
-1.4416884E-4
-9.495012E-5
-4.6897323E-5
-9.2646136E-5
-9.15046E-5
-9.037003E-5
-8.924243E-5
-1.321827E-4
-1.3051223E-4
-8.590148E-5
-8.48018E-5
-4.185455E-5
-4.1311694E-5
0.0
0.0
-7.94082E-5
0.0
3.8649865E-5
-3.8128E-5
-3.7609636E-5
-7.418955E-5
-7.316684E-5
-3.6075573E-5
-3.5571233E-5
0.0
3.4573077E-5
0.0
0.0
0.0
0.0
0.0
0.0
0.0
3.072099E-5
3.0255305E-5
0.0
0.0
0.0
-8.52834E-5
0.0
0.0
-5.4188364E-5
-2.66567E-5
-2.6222746E-5
-5.1584648E-5
0.0
2.4942075E-5
-2.452225E-5
-2.410596E-5
-7.1079616E-5
-6.9851965E-5
-2.2878308E-5
-2.2476166E-5
-2.2077566E-5
0.0
-4.2581967E-5
-2.0903006E-5
-2.051857E-5
-4.027536E-5
-3.952067E-5
0.0
-1.9016281E-5
-7.4598305E-5
-5.4859258E-5
-5.3780434E-5
-5.271226E-5
-5.1654744E-5
-5.060788E-5
-4.9571674E-5
-4.854613E-5
-4.7531248E-5
-4.652703E-5
-4.5533485E-5
-4.4550605E-5
-4.35784E-5
-2.8411245E-5
-1.3888671E-5
-4.0725838E-5
-3.979634E-5
-1.2959177E-5
-1.2656468E-5
-3.7071968E-5
-2.4123481E-5
-3.5309167E-5
-3.4443805E-5
-4.478552E-5
-3.274517E-5
-1.0637302E-5
-1.0363114E-5
-1.0092493E-5
-1.9650883E-5
-3.8247836E-5
-4.651023E-5
-2.7137114E-5
-3.5171735E-5
-2.5631203E-5
-1.6596216E-5
-1.6112108E-5
-1.5635145E-5
-1.5165333E-5
-2.2054004E-5
-2.849431E-5
-2.069819E-5
-2.0036374E-5
-6.4617625E-6
-6.2483114E-6
-6.0384377E-6
-1.1664285E-5
-1.6888278E-5
-1.6290864E-5
-1.0469461E-5
-1.0085505E-5
-1.4563065E-5
-9.339077E-6
-1.3464912E-5
-1.2931952E-5
-8.273159E-6
-7.9321835E-6
-3.7991865E-6
0.0
-3.4761272E-6
-3.3199735E-6
-6.334809E-6
-1.2073682E-5
-5.7460434E-6
-5.462417E-6
-1.0371926E-5
-7.3750216E-6
-6.9818593E-6
-6.5994573E-6
-4.151878E-6
-3.911293E-6
-3.6778833E-6
-5.177475E-6
-4.84889E-6
-4.5310708E-6
-1.408006E-6
-1.3092442E-6
-1.2140717E-6
-1.1224888E-6
-2.0689913E-6
-3.8003698E-6
-2.607838E-6
-3.1682268E-6
-2.8736981E-6
-1.9451493E-6
-2.3277303E-6
-2.076292E-6
-4.598047E-7
-1.212383E-6
-3.5204212E-7
-9.1064436E-7
-1.2932292E-6
-6.5200595E-7
-5.3885014E-7
0.0
-1.14955505E-7
0.0
-6.466283E-8
-1.3471451E-7
0.0
-1.6165792E-8
-7.1848034E-9
0.0
-0.0
