0.16935048
0.078587584
0.117024355
0.067313634
0.32360068
0.22924754
0.49200392
0.27064952
0.2558221
0.3485557
0.4703306
0.73862123
0.84674
0.10680705
1.1177087
1.0759052
2.4754612
2.640102
2.4270153
2.600412
2.7322345
3.1886263
1.3613552
0.638967
2.5515676
4.3116765
6.1858554
9.016579
10.920086
9.986592
7.4553094
4.088358
2.204551
4.1351724
7.369412
9.936363
11.874133
12.871749
13.627693
12.655477
8.933368
6.4178424
8.016016
7.5218854
4.1338263
2.949775
5.524999
9.999928
12.452423
10.114398
4.1008897
4.0109315
8.855527
10.626785
9.768682
7.66545
4.418297
2.6416142
4.766416
6.126078
6.5508204
5.8636
3.8083131
0.74595314
2.299486
4.117527
3.9310036
2.4692142
3.6873038
6.063131
6.9211655
5.5844936
3.1349878
1.3621652
2.0452986
3.0605302
2.9322898
1.9250335
0.8074236
0.5514643
0.20862028
1.1391346
1.5841807
2.2433815
3.365196
3.5644898
2.9326384
1.9231976
2.413667
3.865828
4.7745914
4.996316
4.766503
3.8502285
2.9603696
1.7207435
0.5233977
0.8462502
2.193073
3.4501162
4.536252
4.754647
4.5009522
3.4970284
2.8312917
2.9473233
2.7262866
2.374389
1.597216
0.61596435
0.21451092
0.54343814
0.5855485
0.33654687
0.3421146
0.50789315
0.35951704
0.48968637
0.45600986
0.7092884
0.6902664
0.5688558
0.507838
0.26763818
0.20453463
0.016247869
0.13236508
0.2054026
0.23053548
0.2746056
0.30089098
0.15994805
0.07067047
0.103354156
0.012748156
0.19759293
0.18712896
0.33485517
0.38125965
0.21964309
0.37663248
0.25056326
0.34699947
0.4683444
0.3701738
0.26852
0.3149496
0.336847
0.13890325
0.056843854
0.11524544
0.12133147
0.16672103
0.5660455
0.7346778
0.811234
0.6124682
0.51873994
0.6703826
0.6499752
1.2155992
1.6960343
1.982509
1.7142838
1.0954653
0.1488278
1.0482627
1.6513538
1.402021
0.5982683
0.28713337
0.37749147
0.726905
1.2542558
1.219326
1.6128916
1.6420487
1.2582935
0.80902874
0.4156326
0.19058764
0.19124097
0.17616351
0.54635364
0.97970086
1.2663513
0.8982421
0.67344224
0.5461951
0.2080633
0.031865254
0.19588529
0.403452
0.39124322
0.103012905
0.08936434
0.16732521
0.08710437
0.2652823
0.28060818
0.1486425
0.25167635
0.13446845
0.1758664
0.3678779
0.4804293
0.5098573
0.51709497
0.33541825
0.074945815
0.3029485
0.2379857
0.042249158
0.13497321
0.23400608
0.08565942
0.18868001
0.10122284
0.32842925
0.23405726
0.26839492
0.16955756
0.29903394
0.06472044
0.14951777
0.12880638
0.059263583
0.15245642
0.2006457
0.16562381
0.3278403
0.3164375
0.27581823
0.23294567
0.33895445
0.46929124
0.39534116
0.18231997
0.16842972
0.017976353
0.14188436
0.22656135
0.25868148
0.27831206
0.33099374
0.44931307
0.420067
0.345254
0.42954206
0.52046674
0.25198445
0.22019796
0.031620204
0.12356133
0.14869629
0.08963098
0.09698995
0.1399366
0.2560291
0.39659438
0.26239923
0.21909246
0.32242084
0.27292195
0.20459685
0.37171662
0.39074394
0.2560114
0.13958834
0.012494794
0.08265849
0.13916582
0.42089942
0.54238296
0.30375305
0.14420158
0.11989732
0.051846024
0.0622108
0.13453712
0.015363174
0.06776938
0.16325325
0.20327413
0.1378587
0.11304188
0.051868472
0.055435568
0.025401626
0.10684706
0.076646194
0.16822204
0.14450133
0.105006956
0.22684015
0.2956628
0.29313514
0.1990424
0.046203546
0.2507786
0.1651566
0.16181
0.22681402
0.16900058
0.10192799
0.18975809
0.26185414
0.11909687
0.11639336
0.109836325
0.096924685
0.10059988
0.1995869
0.31058633
0.41467834
0.45525557
0.32654473
0.52628577
0.38962165
0.36135662
0.33788142
0.14792179
0.27966943
0.37388587
0.62798184
0.48150703
0.11996227
0.19714577
0.15456107
0.4190375
0.51310676
0.5672962
0.62759286
0.5278211
0.56810176
0.45535645
0.19396804
0.13542172
0.3435698
0.3481064
0.19736801
0.12044015
0.11483207
0.06809822
0.08888958
0.11595317
0.08897758
0.09846367
0.1466633
0.18351679
0.11997641
0.44778755
0.55355144
0.3403408
0.27596408
0.1851007
0.11902243
0.13275224
0.20713879
0.25219852
0.2720819
0.18063003
0.117152534
0.17658953
0.2755925
0.2500523
0.3470576
0.22500508
0.16548435
0.098403655
0.049822915
0.09209638
0.17753719
0.20473136
0.19393581
0.19923013
0.10637164
0.15580636
0.07083714
0.057970054
0.028653547
0.09874421
0.3082938
0.4189382
0.45961875
0.4500746
0.38600343
0.20267111
0.21007696
0.22917978
0.22998592
0.27478537
0.4797666
0.41644228
0.22659399
0.34289423
0.5524655
0.5773804
0.5249691
0.5261535
0.3485358
0.07997227
0.026488574
0.041330375
0.12731966
0.31070974
0.41804844
0.62545645
0.6326938
0.5735094
0.6527392
0.7032847
0.7564436
0.5545509
0.3700692
0.31177154
0.6406361
0.6417363
0.5331306
0.30325562
0.02416329
0.21932107
0.41840136
0.46730343
0.24175029
0.009398786
0.1230935
0.25820038
0.26909757
0.48221773
0.76946646
1.0517508
1.2732041
1.0766575
0.7750134
0.5496948
0.29323882
0.21933225
0.11690508
0.1245043
0.34284934
0.45213434
0.36434895
0.6177906
0.64494175
0.8090504
0.84724605
0.71503747
0.4253798
0.15247823
0.11968118
0.30575198
0.33501175
0.25650403
0.22752182
0.1737545
0.25814945
0.42856896
0.30605635
0.3157608
0.5910334
0.73973924
0.5185365
0.31985608
0.62014526
0.8637612
0.7495818
0.5474407
0.45010418
0.8049378
1.0497706
1.0548909
1.0534096
0.7952238
0.31115094
0.31784463
0.5319448
0.45168978
0.38421166
0.40567756
0.42014053
0.26967317
0.018886423
0.12074294
0.08874416
0.22843927
0.31058565
0.58630395
0.5833827
0.5791994
0.63040835
0.7133557
0.7484026
0.8421717
0.7629153
0.8898211
1.0023388
0.847034
0.8500068
1.0177124
1.4174117
1.735934
1.6424692
1.318155
0.71700466
0.56055176
0.58737075
0.5978408
0.46464986
0.168734
0.198903
0.40321326
0.31099546
0.1846333
0.38029036
0.5464702
0.61063135
0.4245957
0.17556752
0.39550236
0.3811723
0.2323394
0.1772053
0.3132045
0.2240723
0.15007125
0.20538904
0.15256242
0.1847968
0.49515647
0.68466216
0.6773354
0.8839814
1.3899736
1.5598466
1.2226533
0.9305544
0.7875264
0.6235615
0.6413777
1.2557048
1.6928852
1.6778021
1.7418476
1.5291544
1.1611624
0.9980331
0.9949542
1.2499442
1.4548951
1.1973199
0.68399584
0.35020015
0.81675404
1.2774229
1.3577112
1.19356
1.6832608
2.0633354
1.8188592
1.6981903
1.2906363
1.0730356
0.8667602
0.6693203
0.13001761
0.3546224
0.7431135
0.89801407
0.48902193
0.38443467
0.795114
1.2272731
1.1182777
0.8994775
0.87114686
1.1196401
1.4539818
1.1071982
0.34677374
0.31106558
0.64066136
0.6418685
0.16523221
1.1334321
1.5174874
1.5618782
1.5731486
1.7411096
2.1447053
2.6972141
3.3391879
3.6983204
3.3455837
2.5822966
2.0412457
1.3219517
0.60556114
1.2420275
2.1526997
2.52965
2.7285187
2.8655362
2.6514988
2.106042
1.6244448
1.7514883
2.699519
3.7009583
4.2407136
3.8916023
2.7451155
1.6734161
1.2253382
1.220011
1.2421262
1.4722981
1.2591716
0.8499266
1.1122745
1.4299271
1.4913999
1.3751945
1.5725737
1.8602582
1.3786848
1.256239
1.6946253
2.157121
2.5819201
2.6433372
2.7015016
2.9416714
3.4390848
2.9968839
2.090194
1.3773012
2.4539719
2.544909
0.9537875
1.3694906
3.5434697
3.9962091
3.2151322
2.8542209
2.8327124
2.6086457
2.6711504
3.2287421
3.4207866
2.6290224
1.8690339
1.5977043
1.3675032
1.0265758
0.6672135
0.9515173
0.9149167
0.64314634
0.6681625
1.3497986
1.2612952
0.9067483
0.71640605
0.6254919
0.37062106
0.46768466
0.7842004
0.8899422
0.9183818
0.52269423
0.21801801
0.40828353
0.47491452
0.45298773
0.41294974
0.36075887
0.4398403
0.6209642
0.6455409
0.60353553
0.69181234
0.47052968
0.12038669
0.19396181
0.48533025
0.7332043
0.73681617
0.31441656
0.54054946
0.7026013
0.94744986
1.002842
0.77700734
0.70357615
0.70298713
0.70786184
0.7666894
0.641185
0.52886003
0.44805685
0.6800661
0.6795231
0.48313037
0.348518
0.5520918
0.58789045
0.72550863
1.0182222
1.1397197
1.3051738
1.1480967
0.8416823
0.52079535
0.34815136
0.20278995
0.1618716
0.39959702
0.44224066
0.53086686
0.3994141
0.16241993
0.15133286
0.19075276
0.04694534
0.25437093
0.19721507
0.11158456
0.155014
0.3375304
0.5993212
0.64373344
0.7391518
0.71301025
0.66893303
0.58771235
0.3505304
0.20021707
0.21206105
0.11321817
0.05798931
0.18882354
0.2683561
0.44129008
0.4483416
0.41641164
0.21919669
0.11534517
0.024148583
0.114205204
0.15689898
0.19079657
0.042598415
0.22211929
0.28526273
0.24967822
0.26017866
0.2989751
0.29925576
0.19253935
0.123499624
0.21597156
0.4905377
0.60971355
0.6015549
0.6362609
0.46611992
0.26102877
0.33792025
0.4287221
0.46082777
0.19446994
0.11060886
0.23257163
0.38825753
0.33969516
0.20371339
0.09941034
0.18876275
0.28015715
0.27522948
0.23706846
0.35607323
0.3324884
0.13122028
0.18326984
0.14666644
0.1269486
0.1649131
0.18768631
0.09228839
0.11026785
0.23426804
0.29576018
0.30959406
0.29039788
0.15794887
0.09946504
0.27890998
0.30407014
0.4215547
0.32825285
0.31212527
0.2823425
0.26524886
0.29171976
0.24232376
0.19334789
0.08520831
0.0912843
0.17484939
0.1221414
0.20611265
0.21224876
0.096422024
0.070491806
0.079948075
0.14910902
0.24210617
0.21950518
0.06372752
0.07323769
0.039859068
0.101167284
0.15806109
0.23193687
0.34441456
0.44962373
0.30500728
0.20285644
0.16968387
0.064996056
0.069292195
0.103809096
0.0465504
0.08487599
0.05855386
0.057831254
0.0759809
0.15796785
0.16513109
0.021313004
0.10129941
0.07412377
0.03660149
0.044739317
0.1327346
0.08841129
0.077333674
0.06497427
0.03460885
0.03821584
0.059383903
0.09063111
0.08196075
0.050554868
0.03698592
0.018017082
0.05363226
0.105606444
0.13283998
0.19071534
0.19509427
0.1110135
0.121619515
0.11373939
0.06923313
0.09147877
0.08457724
0.051547267
0.09119042
0.053506758
0.1204818
0.20472056
0.065725036
0.18005328
0.20041971
0.2598517
0.26453876
0.21086846
0.15000412
0.10644756
0.09227071
0.059186324
0.20499924
0.15198798
0.09987779
0.13056593
0.05196396
0.06273005
0.03287703
0.09562901
0.045208756
0.1528275
0.18594699
0.10013557
0.09936399
0.111903235
0.037700333
0.05751184
0.08987289
0.10044875
0.07765751
0.041827135
0.048679475
0.017361553
0.037808307
0.07769544
0.15930967
0.19834307
0.11343005
0.044316746
0.072934285
0.104965314
0.014326663
0.02248824
0.107459016
0.09416607
0.019692015
0.033206053
0.18215573
0.1691197
0.030910924
0.04547565
0.023983074
0.077656776
0.09586784
0.13887085
0.08763779
0.042485923
0.07591722
0.06055391
0.02483799
0.021376302
0.08163579
0.09662778
0.03994987
0.13454317
0.20759618
0.2332816
0.15276617
0.053086683
0.022418713
0.09877643
0.08314291
0.117342316
0.05145964
0.12542585
0.09194892
0.057191502
0.08558177
0.040478442
0.07514968
0.05306839
0.07590329
0.15520585
0.09418662
0.028023448
0.0773995
0.07932051
0.045275096
0.055996038
0.028750835
0.04271195
0.056154195
0.08122475
0.065836184
0.07097184
0.046087217
0.0726056
0.12754215
0.12336085
0.13345334
0.10234244
0.06990163
0.053039666
0.09602298
0.1290867
0.026287094
0.10385659
0.075675756
0.08087097
0.11132045
0.051805314
0.015930822
0.090363
0.05636786
0.08298226
0.17385447
0.1721361
0.11717821
0.10265319
0.0914331
0.07008173
0.06339279
0.081268
0.11180999
0.086610794
0.08796491
0.14859085
0.11922096
0.06018441
0.026362289
0.07136499
0.046322394
0.056814186
0.050703205
0.049875606
0.08584164
0.014920555
0.046821646
0.06116167
0.06376846
0.15588556
0.1300442
0.056839515
0.0387863
0.09402959
0.14669667
0.15012403
0.17990495
0.15419483
0.1030791
0.14581285
0.102651775
0.069009736
0.09517443
0.108740546
0.056042023
0.05513617
0.005295772
0.030448077
0.053423062
0.098168194
0.100707084
0.09549206
0.104212455
0.028531538
0.014495197
0.02483264
0.050557666
0.014703937
0.063863456
0.052884903
0.071304254
0.09452587
0.09600932
0.0721118
0.072576374
0.11634497
0.031852312
0.043011077
0.05354952
0.059629634
0.12825608
0.06954509
0.07676744
0.14504102
0.1059287
0.18097973
0.16995586
0.13991629
0.13694409
0.07482013
0.09205382
0.13840881
0.05682306
0.044310372
0.041886322
0.033563685
0.07224926
0.118359655
0.053814452
0.059769385
0.102448925
0.07891821
0.02224199
0.08048423
0.08007343
0.06620055
0.09173287
0.1374211
0.12879413
0.10036231
0.10092444
0.069113865
0.09319886
0.1359809
0.034026947
0.07714556
0.028022094
0.18136215
0.31203887
0.27763185
0.22960207
0.21877809
0.26736
0.12103724
0.12923308
0.13174212
0.17457406
0.17215464
0.113060474
0.07625517
0.14653017
0.14083353
0.16706403
0.10424697
0.12254104
0.14099671
0.037583563
0.051207896
0.030528605
0.0760952
0.22142617
0.12665094
0.08489331
0.09333542
0.048096787
0.10881255
0.113351926
0.037904486
0.060340583
0.09534332
0.14691973
0.09842334
0.10547682
0.14364646
0.08811749
0.20919916
0.15806189
0.09795899
0.07766136
0.043767285
0.065508604
0.045095656
0.13639872
0.20338476
0.24610841
0.22845294
0.14520204
0.20312713
0.101565756
0.047465224
0.1339026
0.13942723
0.106108725
0.14447992
0.09448234
0.22004321
0.12460569
0.17457925
0.2679592
0.20549215
0.11920145
0.07494532
0.09521619
0.10098204
0.09068437
0.026416043
0.048517525
0.07888467
0.09273404
0.17858297
0.10084376
0.11790723
0.010679738
0.09480331
0.1080131
0.19624032
0.2226434
0.2742703
0.17712471
0.15302287
0.17950892
0.14729953
0.20835358
0.22081101
0.16442232
0.17175116
0.1221246
0.042212263
0.056981254
0.06634196
0.07473663
0.12135487
0.14480771
0.11145588
0.17229316
0.12945658
0.104066946
0.09256826
0.08724515
0.17401534
0.15468287
0.110585645
0.03690451
0.118718095
0.017211705
0.10507402
0.119951
0.0872753
0.16359442
0.18538348
0.072701395
0.08346473
0.21205299
0.28733447
0.2581362
0.30014446
0.17855252
0.14428982
0.23881085
0.19279307
0.15340905
0.054328717
0.112059385
0.032142702
0.10264517
0.15696448
0.1660681
0.042626593
0.09397144
0.19483232
0.1668711
0.032330133
0.05829682
0.068185516
0.0974478
0.06914014
0.17297626
0.21826772
0.107120074
0.08248833
0.09910618
0.10100078
0.1706242
0.07799531
0.1611019
0.08243985
0.15042299
0.19378464
0.26102993
0.23605326
0.24639556
0.23499742
0.2395137
0.15193288
0.08274281
0.11043224
0.05078245
0.08631146
0.114671305
0.1484616
0.21377249
0.21312787
0.10021585
0.1061893
0.09076225
0.10882346
0.06596912
0.09222172
0.033357166
0.13710004
0.15593533
0.109359264
0.0926024
0.03198132
0.019245652
0.061832063
0.0078489445
0.02366277
0.04609177
0.122858025
0.1756635
0.15749465
0.14271037
0.194484
0.2180213
0.19194363
0.15085478
0.12534827
0.06481214
0.1553753
0.033160504
0.09043871
0.10235585
0.0847799
0.042787064
0.04897497
0.056178994
0.1094952
0.20540594
0.20999518
0.14356764
0.1262311
0.020689337
0.10706455
0.20257118
0.16068155
0.039193153
0.09719142
0.0729727
0.11136644
0.20849667
0.22489671
0.07168315
0.054042984
0.110258125
0.22273788
0.15558137
0.099976234
0.030210223
0.04854425
0.105123945
0.18103062
0.1780644
0.20136225
0.1538304
0.09932101
0.04731955
0.033652045
0.050144624
0.08200069
0.13368776
0.074269205
0.09307072
0.14726284
0.19446534
0.20475857
0.08645889
0.07171277
0.19866106
0.15540196
0.1083632
0.10787774
0.23971547
0.32613152
0.28615656
0.14427058
0.18840842
0.11871136
0.11779695
0.24601397
0.25888643
0.33811247
0.20959227
0.1650453
0.19734637
0.288004
0.4281957
0.40148753
0.33387196
0.18506329
0.16432703
0.38948944
0.41771016
0.27826414
0.23361528
0.21610053
0.34909102
0.4223923
0.27686352
0.17553172
0.06736686
0.19422714
0.3600177
0.3745406
0.50296396
0.45301744
0.2209787
0.18848222
0.22908893
0.38536772
0.4525105
0.49180132
0.4125885
0.414144
0.44027233
0.31257334
0.13414145
0.1275615
0.05828266
0.30667332
0.16947445
0.066519916
0.1836791
0.46903312
0.6020635
0.48552737
0.39560497
0.27728805
0.2568507
0.18202649
0.10848422
0.19703357
0.2249196
0.12042087
0.12334144
0.1752178
0.3634443
0.50847334
0.4384237
0.5078839
0.33594903
0.114447415
0.08471447
0.2786294
0.36374086
0.3637918
0.33814552
0.44435608
0.53774697
0.6048398
0.5794941
0.5458588
0.5908025
0.6140135
0.6430319
0.6905893
0.62898105
0.3721183
0.18111081
0.08290089
0.23821837
0.22605054
0.18991466
0.27286467
0.48823994
0.6451525
0.6529647
0.57002413
0.40549
0.18201543
0.11870402
0.20607463
0.2432574
0.10355016
0.19540088
0.3947004
0.433365
0.21328783
0.39377537
0.4508974
0.4772431
0.30689114
0.17802563
0.34374586
0.538002
0.51469636
0.39832187
0.22155355
0.225007
0.15585993
0.036686108
0.23489708
0.43565476
0.475852
0.36555773
0.26893017
0.3065723
0.29734442
0.17817149
0.11362199
0.10760415
0.33877268
0.43174177
0.449676
0.34851575
0.08834222
0.10838838
0.07571294
0.12423404
0.07294993
0.22076751
0.38511664
0.31743714
0.2514525
0.2911949
0.1849233
0.24003763
0.28532726
0.15820476
0.082094915
0.20656703
0.2012109
0.09734268
0.18297166
0.1941977
0.15232247
0.23115283
0.19042619
0.20179158
0.3043248
0.33912006
0.3023163
0.29716286
0.32234022
0.17105001
0.22973643
0.29889524
0.45418075
0.44684303
0.19218613
0.18486524
0.14267977
0.13133448
0.12234237
0.2057238
0.09798346
0.033505984
0.010636987
0.088790625
0.121384785
0.051582117
0.1261322
0.17791502
0.27202258
0.29714417
0.2008086
0.016575206
0.12310449
0.31580618
0.29953116
0.35888836
0.2961886
0.21362494
0.21546596
0.2392219
0.22488965
0.17609048
0.20990437
0.20881696
0.12138666
0.059571147
0.23218837
0.116679974
0.17094216
0.10157414
0.18670674
0.101938814
0.23450842
0.27388158
0.16553047
0.107830755
0.09703465
0.08362718
0.064110704
0.09094182
0.09011186
0.14948048
0.2347461
0.21645464
0.40264246
0.3998917
0.2160904
0.09083833
0.17601615
0.24906832
0.1089817
0.052693605
0.06519538
0.08844788
0.026396822
0.10445912
0.051337212
0.09479317
0.14574984
0.2577813
0.1971209
0.08651702
0.16817574
0.19359535
0.19844048
0.19766635
0.08805672
0.15761466
0.36261213
0.35264814
0.29726815
0.22123367
0.07586366
0.10623523
0.14088425
0.17806862
0.0621336
0.10329379
0.09599747
0.09937149
0.17389013
0.1383646
0.119334176
0.079112664
0.07514144
0.157933
0.16454631
0.10246327
0.09539496
0.061786823
0.0961201
0.07115482
0.07779677
0.0715812
0.08081624
0.048602577
0.102018915
0.096360266
0.061823744
0.026857616
0.030281419
0.07826272
0.06225598
0.03066943
0.010982842
0.09411
0.14806026
0.12660512
0.089787066
0.047706243
0.050085217
0.049875665
0.07785428
0.051012456
0.20170379
0.15742633
0.07294802
0.08845556
0.10433628
0.10227969
0.048130017
0.16520971
0.20219634
0.105400294
0.0025683725
0.04725333
0.12765454
0.14185135
0.18499906
0.1546171
0.07261512
0.16787264
0.27622187
0.29520324
0.23328863
0.09373143
0.05218983
0.07674004
0.053935282
0.09410968
0.07264876
0.08977486
0.15855394
0.22952549
0.20937751
0.03026341
0.06326089
0.04467964
0.070607014
0.022690456
0.12505414
0.12462759
0.13493392
0.23256168
0.1814619
0.107865356
0.14870273
0.12769544
0.10621287
0.13053942
0.09173754
0.049962703
0.098766565
0.09552858
0.124753326
0.06417078
0.13648205
0.08485781
0.07583146
0.06611584
0.0678764
0.061687835
0.033462707
0.048789274
0.014476071
0.03802951
0.08109566
0.15258437
0.14754961
0.051656403
0.08017067
0.11502161
0.09656862
0.0930136
0.014414375
0.052988898
0.002635576
0.03010789
0.046609573
0.038963072
0.08612925
0.068438694
0.024346625
0.07559316
0.15966076
0.11858617
0.060966916
0.06452079
0.040569846
0.009354626
0.056400646
0.12989183
0.067595996
0.04284728
0.0544376
0.11973358
0.17753105
0.066476874
0.09849542
0.12569317
0.06969531
0.05398341
0.058049735
0.031871673
0.054059416
0.042001873
3.7134456E-4
0.04263501
0.081121676
0.08501203
0.09436486
0.13744752
0.14278546
0.12722075
0.11615864
0.07700792
0.031084972
0.04831936
0.07298301
0.01711422
0.070335336
0.08902844
0.12312686
0.18944487
0.16878113
0.100152075
0.03727181
0.032432046
0.05357021
0.06949408
0.08518165
0.04165697
0.02183834
0.027887408
0.052834287
0.105095305
0.0961755
0.03831752
0.055072453
0.093068674
0.11617984
0.11269741
0.10063725
0.0243946
0.023544192
0.041888185
0.12340747
0.13422267
0.003612186
0.09395048
0.12006499
0.0664055
0.06127704
0.095783666
0.0942476
0.054899164
0.07962058
0.13726729
0.059663113
0.008050534
0.022753073
0.09942689
0.1393341
0.1199706
0.049324945
0.057473242
0.055123843
0.065910526
0.021254905
0.051833272
0.015706593
0.039441876
0.055818535
0.05011361
0.16493566
0.1231266
0.025206927
0.030722411
0.061657216
0.0146374
0.056188583
0.069364265
0.069220975
0.0923627
0.09418586
0.070342325
0.048102077
0.030394997
0.04308006
0.03636383
0.08111746
0.08851519
0.072766304
0.054208543
0.071244195
0.04214303
0.035557173
0.0706497
0.07300571
0.06283214
0.051168058
0.061430752
0.08736316
0.0922926
0.05653081
0.076851316
0.027869187
0.0663258
0.028256837
0.043049343
0.037326284
0.06794706
0.114967294
0.11575289
0.060500383
0.07373636
0.07308053
0.049160924
0.061146274
0.1270789
0.10556969
0.033767693
0.053809457
0.06790279
0.049286395
0.024112701
0.05814062
0.013707018
0.07059942
0.049415685
0.072851695
0.068308905
0.09197786
0.073945776
0.076500714
0.07912481
0.07451998
0.038556416
0.06751877
0.11667546
0.10728406
0.04800679
0.0047846683
0.039186362
0.019343048
0.07269126
0.089731514
0.07974488
0.12991215
0.15321188
0.13813056
0.07406677
0.051841147
0.04112866
0.03824006
0.027711175
0.052666564
0.04514199
0.027647557
0.013627018
0.019840121
0.035727516
0.011656737
0.05623392
0.060960673
0.08257062
0.077328295
0.06888223
0.03668752
0.015067582
0.014441251
0.07540188
0.052635092
0.05692343
0.09100854
0.07844921
0.04380727
0.007894468
0.046759207
0.0849044
0.11937717
0.1280846
0.10543417
0.09252962
0.035845112
0.0775527
0.08065972
0.04642643
0.018283563
0.036260687
0.058719274
0.08261199
0.061147824
0.062131204
0.05064877
0.039887387
0.09987323
0.040404283
0.023878735
0.02663742
0.04182157
0.034442488
0.053857792
0.04258708
0.06607665
0.059406992
0.034219623
0.037872516
0.009972354
0.06700564
0.10164245
0.06772386
0.049312126
0.012879467
0.022462755
0.047541287
0.04840904
0.027072722
0.028860642
0.036843944
0.027774129
0.05511282
0.07015856
0.06257868
0.06096831
0.029086025
0.04587856
0.06083577
0.07418975
0.06331862
0.04211651
0.0036250318
0.037402947
0.062384594
0.08171627
0.06356106
0.015701124
0.031681273
0.05435351
0.04018589
0.07347258
0.049546126
0.051083043
0.045177333
0.036769222
0.014732093
0.011002216
0.025783947
0.026217995
0.04392379
0.011768622
0.041565064
0.07609738
0.0713199
0.043037757
0.029132867
0.032744393
0.05156614
0.042550366
0.030667525
0.022497082
0.029482089
0.041830774
0.041408766
0.018220643
0.0151580265
0.044752065
0.035070103
0.0486308
0.06923699
0.04245595
0.06920486
0.06103739
0.023178196
0.0113739995
0.058118124
0.07583327
0.09651954
0.08090869
0.048246834
0.035145335
0.094449654
0.10457521
0.06429023
0.025643427
0.008368033
0.04719329
0.086963266
0.08077498
0.03100686
0.010371768
0.01489445
0.015698068
0.033722617
0.028402463
0.008506015
0.03153942
0.06521877
0.03217666
0.036673307
0.061555628
0.07808503
0.08215374
0.10077176
0.082409404
0.03182031
0.048404507
0.060565397
0.047784653
0.007590085
0.050405663
0.08193731
0.054867532
0.019722378
0.025572294
0.028381083
0.034515783
0.045171358
0.014096929
0.013214744
0.026595367
0.043747097
0.027118191
0.017939432
0.03607078
0.02057347
0.014644046
0.010660219
0.04068719
0.056073193
0.003051847
0.0
0.003051829
0.0030518146
0.0030517967
0.00610355
0.00305175
0.0
0.003051689
0.0030516528
0.0030516135
0.0030515704
-0.0030515236
-0.0030514733
0.0
0.0
0.003051301
0.0
-0.003051168
-0.003051096
0.0
0.0
0.003050859
0.0
-0.003050683
0.0
0.0
0.0030503923
0.0061005764
0.0030501804
0.006100138
0.003049954
0.0
0.0
0.0
0.0030494586
0.0030493257
0.0
0.0030490493
0.0
-0.0030487585
0.0
0.0
-0.0030482954
-0.0030481338
-0.0030479687
-0.0030478002
-0.0030476279
0.0
0.0
-0.0030470896
-0.0030469028
-0.0030467126
0.0
-0.0030463214
0.0
0.003045916
-0.003045708
-0.0030454963
-0.0060905623
0.0
0.0
-0.0030446139
-0.0030443843
-0.0030441512
0.0
0.0
0.0
0.0
0.0
0.0
0.0
0.0
0.0
0.0
0.0030413512
0.0
0.0
0.0
-0.003040226
0.0030399356
0.0
0.0
0.0
0.0
0.0
0.0030381195
0.0
0.0
0.0030371633
0.0030368373
0.0030365079
0.0
0.0030358385
0.0
0.0
0.0
0.0
0.0030341025
0.0030337449
0.0030333833
0.0030330184
0.0060652997
0.006064556
0.0030319025
0.0
0.0
0.0030307544
0.0030303646
0.0030299714
0.0
0.0
0.0
0.0
-0.0030279518
-0.0030275374
0.0
0.0
0.0
0.0
-0.0030254116
-0.003024976
0.0
-0.003024094
0.0
-0.0030231979
-0.0030227446
0.0
-0.0030218272
-0.0030213632
-0.0030208959
-0.0030204249
-0.0030199504
-0.0030194724
-0.0030189909
-0.0030185059
-0.0060360343
-0.0030175252
-0.0030170297
-0.006033061
-0.009048084
-0.006031044
-0.0060300245
-0.006028998
-0.0030139827
0.0
-0.006025878
-0.0030124118
-0.0030118811
-0.003011347
-0.0030108094
-0.0030102683
-0.0030097237
-0.0030091756
-0.003008624
-0.003008069
-0.0030075102
-0.0060138963
-0.0030063826
0.0060116276
0.0
0.0060093305
0.0
-0.0030035027
0.0030029162
0.0030023265
0.006003466
-0.0030011362
0.0060010715
0.002999932
-0.0029993248
0.0
0.0
0.0059949644
0.005993722
0.0029962363
0.0029956084
0.0029949767
0.0
0.0059874067
0.0
0.002992416
0.0059835347
0.0
0.0029904593
0.0
0.0
0.0029884714
0.002987802
-0.0029871291
0.0029864528
0.0
0.0
0.0
0.0029837128
0.0
-0.0029823224
-0.002981622
-0.0059618363
0.0
-0.0029795002
-0.008936359
-0.005956137
-0.0029773477
-0.0059532467
-0.005951791
-0.0059503284
-0.008923289
-0.008921075
-0.008918851
-0.008916616
-0.008914372
-0.005941411
-0.005939901
-0.008907576
-0.008905291
-0.008902995
-0.008900689
-0.0059322487
-0.005930698
-0.0059291404
-0.008891364
-0.008889007
-0.008886641
-0.008884263
-0.0029606256
-0.005919653
-0.005918048
-0.008874654
-0.0059148176
-0.0029565962
0.0
0.0
0.0
0.0
0.0
0.0029516502
0.005901628
0.0088499235
0.008847395
0.008844857
0.005894872
0.011786332
0.014728635
0.0147243375
0.017664026
0.01765883
0.014711344
0.014706979
0.017643118
0.01763784
0.020571299
0.020565096
0.017621888
0.01761653
0.017611153
0.017605757
0.02053373
0.020527387
0.017589446
0.01758397
0.011718982
0.017572956
0.01756742
0.014634888
0.014630241
0.011700463
0.01169672
0.011692963
0.0058445963
0.005842705
0.005840807
0.002919451
0.0
0.0029175368
-0.0029165747
-0.0058312183
-0.011658562
-0.017482013
-0.011650774
-0.011646859
-0.0087322
-0.008729245
-0.02036132
-0.03198545
-0.034881283
-0.03196353
-0.017428646
-0.011615079
-0.017416572
-0.031919263
-0.03770958
-0.049295228
-0.04637918
-0.034772098
-0.026069827
-0.028956171
-0.04052417
-0.05208384
-0.06363515
-0.05204634
-0.04335625
-0.04045114
-0.046213027
-0.057745162
-0.054837774
-0.06058786
-0.049029198
-0.03459602
-0.046110872
-0.054736227
-0.05183596
-0.048937798
-0.023020873
-0.008629563
-0.011501719
-0.017246012
-0.031605616
-0.031593505
-0.005742066
0.017219555
0.034425788
0.037280127
0.014332928
0.0
0.0057286858
0.02863217
0.045793403
0.06294102
0.06577586
0.054314945
0.057150792
0.06855347
0.07709166
0.08276877
0.08844118
0.08270173
0.08266807
0.08548379
0.09114537
0.1110378
0.122375846
0.12232528
0.11658738
0.09664202
0.10228417
0.09940135
0.0908431
0.09364252
0.08509363
0.08505761
0.102025785
0.09914949
0.07362244
0.050947547
0.02829203
0.02262387
0.053708468
0.064987324
0.053661842
0.04799229
-0.008465524
-0.019744225
0.0
-0.011272477
0.02253498
0.014078112
-0.033772435
-0.030944252
-0.036554113
-0.05059067
-0.019665295
-0.01965642
-0.04490862
-0.05330478
-0.07010595
-0.07567986
-0.044826794
-0.04200583
-0.05878109
-0.06714738
-0.097877935
-0.08944686
-0.05308435
-0.04747436
-0.06140865
-0.06137983
-0.0808717
-0.09477036
-0.06965111
-0.047340285
-0.050101157
-0.03338484
-0.050053306
-0.063926324
-0.052783307
-0.055534583
-0.055507734
-0.036062535
-0.038817696
-0.03602744
-0.041549806
-0.041529447
-0.035974506
-0.024893159
-0.011058162
-0.024868544
-0.024856199
-0.035885528
-0.038626663
-0.013788335
0.0
-0.002754897
-0.0137675395
-0.027521158
-0.03575937
-0.021994583
-0.008243767
0.0027465185
0.005490224
-0.0027437026
-0.013711452
-0.019186126
-0.027394572
-0.024642326
-0.010946451
-0.0054703723
0.0
-0.008196973
-0.030039784
-0.03548287
-0.035464138
-0.024539104
-0.010900483
-0.010894686
-0.010888877
-0.019045353
-0.021754455
-0.010871385
-0.0027163832
0.008144751
0.0054268963
-0.005423953
-0.01355251
-0.005418049
0.008122634
0.021648495
0.037864067
0.032437053
0.010806386
0.0081003085
0.016191635
0.026971066
0.05660769
0.048493788
0.0323111
0.02152865
0.008068704
0.026880521
0.051044133
0.051015228
0.050986268
0.02950157
-0.0026804314
0.018752294
0.037483096
0.056192353
0.080228575
0.053454854
0.024040772
0.013348241
0.0053361943
0.03199852
0.06129469
0.063922256
0.04525171
0.013301503
-0.0026587334
-0.0026571634
0.021244725
0.050426293
0.039786562
0.013254284
-0.013246368
-0.026476877
0.005292198
0.034378603
0.042286627
0.03697845
-0.0026397186
-0.023743052
-0.013182564
0.0052698115
0.026332961
0.036843576
0.023670623
0.0
-0.01313416
-0.018376466
0.0
0.013109784
0.0052406527
-0.00785608
-0.034021754
-0.052308403
-0.028751574
-0.010448546
0.0052209813
0.005217685
-0.036500685
-0.04689969
-0.033850472
-0.033828914
-0.0052011264
0.0051977993
-0.018180635
-0.028551217
-0.036314517
-0.03629109
-0.015543267
-0.010355463
-0.0077615543
-0.010342005
-0.023254337
-0.036149774
-0.030965228
-0.01289371
0.002577046
0.012876738
0.005147293
-0.020575546
-0.023132136
-0.007705587
0.0051336363
0.033346362
0.03588745
0.015370026
0.0076798517
-0.0025582276
0.0051130042
0.028102517
0.035742614
0.051026225
0.040793218
0.012739193
0.007638296
-0.0050887126
0.0
0.030490374
0.04062584
0.030448357
0.0025356088
-0.015203113
-0.02532093
-0.0050606634
0.010114271
0.017687613
0.0075751
-0.012616312
-0.020171914
-0.010078855
0.0
0.007548467
0.012571866
-0.0025125882
-0.0050216024
-0.0025090117
-0.010028879
0.010021702
0.022532662
0.020014644
0.017500207
0.01249113
0.004992841
0.014967675
0.027420826
0.034873858
0.039826803
0.02736094
0.02485539
0.024837175
0.024818936
0.059521623
0.076825425
0.052004587
0.027220339
0.009890964
0.01235452
0.046912227
0.08388558
0.06656523
0.022171795
-0.017231792
-0.039357346
-0.01720587
0.022105139
0.026996965
0.0024524103
-0.036758233
-0.08080661
-0.08074504
-0.056233883
-0.04397546
-0.039059345
-0.06586203
-0.09749832
-0.102294326
-0.08761314
-0.058363568
-0.04373874
-0.05827303
-0.08491537
-0.10424326
-0.104161836
-0.082296066
-0.04595292
-0.04591682
-0.048295457
-0.06756032
-0.07956176
-0.055408243
-0.036107156
-0.026457544
-0.0144199
-0.0312182
-0.038391702
-0.028770728
-0.016769465
0.0
0.009567145
0.0
0.0
0.0023859935
0.004768117
0.0333497
0.042843282
0.026160656
0.016634088
0.00712306
0.009489625
0.02607503
0.03079058
0.023665532
0.016552188
0.009450565
0.0047213645
0.023587214
0.028281104
0.01883835
0.021175442
0.0023508584
-0.009395551
0.01408149
0.03282917
0.042173352
0.051501688
0.035085082
0.014022139
0.021015352
0.025663584
0.055945564
0.08384671
0.06981251
0.055802163
0.039492607
0.027853167
0.060296547
0.08573259
0.09028866
0.0855843
0.06471031
0.041563332
0.062290717
0.07837175
0.08521238
0.07823473
0.045980077
0.032157782
0.02983452
0.034394097
0.0458183
0.048066653
0.036589757
0.025133124
0.011413986
0.00684229
0.006836183
0.0068300706
0.009098604
-0.01136305
-0.022705674
-0.03402784
-0.038530104
-0.024908716
-0.022623789
-0.024863603
-0.018066194
-0.029330852
-0.045083255
-0.06080682
-0.074251465
-0.06294351
-0.044918384
-0.03365781
-0.02465966
-0.03359578
-0.067129456
-0.07600961
-0.060304582
-0.05355427
-0.04458702
-0.03786363
-0.053404614
-0.06669331
-0.053304646
-0.053254604
-0.033252828
-0.024362436
-0.046466213
-0.05526463
-0.059629284
-0.059572723
-0.03086021
-0.024224231
-0.037401754
-0.054950047
-0.08344417
-0.08775179
-0.06794236
-0.04817079
-0.034999557
-0.03933651
-0.061130986
-0.08070202
-0.06537062
-0.03483046
-0.008699141
0.008690663
-0.01519381
-0.047705267
-0.05415742
-0.049775932
-0.010810218
0.025918975
0.028051196
0.008622609
-0.010767595
-0.012908304
0.0042984956
0.02361821
0.03217456
0.02999962
0.017125502
0.004277088
0.014954794
0.025611032
0.034113675
0.04046915
0.025533656
0.021256523
0.025481986
0.048790906
0.06781399
0.06562792
0.06133124
0.054930452
0.042210955
0.06535992
0.07793013
0.07574593
0.07146413
0.050393216
0.054536227
0.0691474
0.0711689
0.071094975
0.06475445
0.05216691
0.054196954
0.060387243
0.056163725
0.054026853
0.053970084
0.051839694
0.062142055
0.07242251
0.062010784
0.06194509
0.057754066
0.05563223
0.05968952
0.061681934
0.051346708
0.04103342
0.02459367
0.014330909
0.032721147
0.046985995
0.03469132
0.018346151
-0.006108766
-0.020340482
-0.0121910395
0.0040592607
0.016219359
0.010126039
-0.00404599
-0.016166246
-0.028259914
-0.01613079
0.0060423934
0.0160953
0.036174465
0.03011207
-0.004010498
-0.024036309
-0.018007211
0.0019985756
0.03593428
0.05184715
0.031870276
0.0
-0.029811464
-0.03374838
-0.011897793
0.0
0.011870974
0.007905037
-0.027636303
-0.03352031
-0.039390866
-0.064920984
-0.06484701
-0.058884542
-0.056856655
-0.03720826
-0.035209507
-0.050799757
-0.081966735
-0.11501106
-0.11098414
-0.073903896
-0.058277622
-0.048508365
-0.060080506
-0.09485548
-0.10634637
-0.09656568
-0.07137507
-0.05009673
-0.065434285
-0.08842476
-0.094080776
-0.07479239
-0.026816864
0.013392583
0.007643844
-0.03435651
-0.0610057
-0.06664561
-0.032332156
0.022795465
0.04553644
0.030321283
-0.003785616
-0.017014815
0.005664783
0.03583374
0.060278744
0.05644303
0.01879157
-0.0018768788
0.0074983994
0.02059552
0.04301091
0.04669395
0.020520234
-0.0037263858
-0.013026363
-0.014868995
0.011138034
0.02595674
0.014814128
-0.0018494782
-0.024013467
-0.02582861
0.0036852213
0.03128544
0.0257324
0.012850154
-0.0073337737
-0.031129546
-0.018288555
0.009132802
0.031012498
0.03826133
0.014557367
-0.01817373
-0.038116563
-0.03444273
-0.0018104754
0.04158802
0.043340966
0.01082143
-0.012608884
-0.032381386
-0.028746592
-0.005383073
0.0071682096
-0.0035794934
-0.017874403
-0.023206733
-0.019611083
-0.010683105
-0.016003879
-0.021310793
-0.02837743
-0.03188302
-0.014151742
0.0035333121
-0.0035286874
-0.022906402
-0.043992937
-0.042177685
-0.012285624
0.019280514
0.026256878
-0.0017481424
-0.026187386
-0.02615263
0.001741191
0.04173295
0.06251595
0.045090113
0.0225149
0.024214335
0.020727297
0.051748607
0.09819003
0.092896745
0.08418139
0.08406757
0.056540266
0.051330525
0.087143354
0.09896938
0.10905878
0.096997924
0.050981764
0.045820776
0.06778956
0.084620595
0.106475316
0.082700066
0.02696685
0.0067323977
0.010084623
0.041961025
0.08212945
0.0619299
0.008357253
-0.033382397
-0.06000439
-0.04327589
-0.0016621253
0.00497938
-0.009944765
-0.039723072
-0.07272298
-0.0775717
-0.056036353
-0.037853263
-0.041086495
-0.059080515
-0.07866195
-0.08509569
-0.065364815
-0.039162833
-0.02933008
-0.042304937
-0.055242404
-0.064897604
-0.058323722
-0.037208628
-0.025846869
-0.022583285
-0.03060433
-0.043427244
-0.05139451
-0.05452717
-0.03843365
-0.015990634
-0.019160697
-0.02710456
-0.033432983
-0.049280938
-0.044446312
-0.030115547
-0.025323028
-0.02528559
-0.03629422
-0.029937722
-0.014159964
-0.012567913
-0.007843244
-0.0125304675
-0.025023486
-0.024986036
-0.014033578
0.0015569457
0.0031092097
-0.0077613196
-0.012399384
-0.013928237
-0.009271445
0.0030857993
0.012324467
0.026149692
0.032253396
0.023003021
0.029092675
0.030577043
0.029003706
0.05182176
0.06696044
0.06685742
0.074340135
0.07574022
0.05898606
0.061915
0.066342354
0.06925022
0.08567662
0.08704393
0.061435077
0.04189012
0.029874697
0.026845094
0.047649708
0.052034948
0.03117182
0.00741016
-0.011837533
-0.013296163
0.0029500227
0.023562742
0.024995638
0.0073399595
-0.016122175
-0.029266259
-0.023375578
-0.010210442
-0.004368887
0.0043618707
-0.005806473
-0.028985595
-0.033279654
-0.039004292
-0.04471023
-0.044637762
-0.050315663
-0.048798606
-0.045853313
-0.042917375
-0.02856485
-0.025666311
-0.03274211
-0.032688383
-0.03405356
-0.025498133
-0.016970733
-0.018354608
-0.019733816
-0.023922807
-0.026692906
-0.015428117
-0.00560089
-0.013978894
-0.018142235
-0.023684805
-0.031990506
-0.030548312
-0.024952102
-0.01660676
-0.008289394
-0.012413115
-0.020653572
-0.020618621
-0.0150946975
-0.005479664
0.016411046
0.023209397
0.010903444
0.013606028
0.009507928
0.010847588
0.04196228
0.05540313
0.058005717
0.059252374
0.03764096
0.03220789
0.052247185
0.057505958
0.06274616
0.0666351
0.049224053
0.04648203
0.045075048
0.03440881
0.03831177
0.03956327
0.044759512
0.055193767
0.05772003
0.056308545
0.03660114
0.026097335
0.027353559
0.026004693
0.04283134
0.042754952
0.021985935
0.010327813
0.0025773272
0.002572702
0.014124429
0.006408638
0.0
-0.0038313193
-0.02804553
-0.039447118
-0.039375555
-0.03676827
-0.0316391
-0.041687492
-0.041611392
-0.047828544
-0.05653535
-0.043891292
-0.0413072
-0.04747836
-0.047390874
-0.054772373
-0.057156187
-0.04464812
-0.038375705
-0.032126304
-0.030833222
-0.032006815
-0.030718364
-0.031887397
-0.030603575
-0.025658814
-0.018293314
-0.021910697
-0.024299368
-0.023040855
-0.029049253
-0.014497142
-0.0072348337
-0.013238685
-0.0060061435
-0.005994707
-0.008376584
0.0071662148
0.021457514
0.021416398
0.022562813
0.010667105
-0.0023659042
0.0070840265
0.015319082
0.025874455
0.025824325
0.016401773
0.0105235055
0.008169017
0.010482544
0.008137169
0.004640717
-0.0023158134
-0.010400714
-0.0103802765
-0.006906564
0.0
0.018344905
0.01602005
0.009136182
-0.0022795144
-0.02616233
-0.027245494
-0.011329661
0.012437746
0.02031198
0.010135649
-0.008991393
-0.030284984
-0.023507586
-0.0033514579
0.016723461
0.026703434
0.014435067
0.009973237
0.008847089
0.011036357
0.022027727
0.024181036
0.020840922
0.019703597
0.014201186
0.019622782
0.022846138
0.02388472
0.033586264
0.031354442
0.024815815
0.02799447
0.023638414
0.021444747
0.02140005
0.011745456
0.011720896
0.018076172
0.019099327
0.022235729
0.022188934
0.011598274
0.0042086495
0.0
-0.0031431403
-0.0031364718
-0.008346152
-0.010410484
-0.014543606
-0.019695604
-0.01965348
-0.015482666
-0.018539334
-0.01644399
-0.025638424
-0.035816398
-0.029612353
-0.028529389
-0.025417475
-0.012173911
-0.01822117
-0.031312577
-0.03124429
-0.043244183
-0.03913565
-0.014017907
-0.0069935676
-9.968844E-4
-0.0059681335
-0.03175983
-0.036641162
-0.023714641
-0.011831035
0.004918652
0.008833882
-0.008814204
-0.020520583
-0.018524745
-0.011673646
0.0067943567
0.01258975
0.008696372
0.007712688
-0.0038476393
-0.004798675
0.007660492
0.01337545
0.021924024
0.027580421
0.025619784
0.021774424
0.012279133
0.004711923
0.007521776
0.009380607
0.018718017
0.027078528
0.013973778
9.294295E-4
-0.009272752
-0.013876834
9.229708E-4
0.01289149
0.019292114
0.018330498
-0.0027431373
-0.013683521
-0.0045504593
-9.0795045E-4
0.0045290524
0.010844063
-0.0027046045
-0.008993993
-8.9726516E-4
-0.0026853974
0.002679004
0.0044543585
-0.007998692
-0.009752785
-0.008844917
-0.015882624
-0.007922213
-0.008781252
-0.014016098
-0.00611722
-0.008717726
-0.010435897
-0.013013178
-0.022501277
-0.022446422
-0.018085528
-0.014604852
-0.0059990264
-0.007694102
-0.01876156
-0.017864654
-0.011031787
-0.0067720143
0.0033776246
0.008423122
0.003360879
0.0025143868
0.0016720796
0.0016679044
0.008318663
0.009127602
0.0074492944
0.009081802
0.007411851
0.0049287677
0.0065550823
8.173109E-4
-0.0040761908
-0.004879003
-0.0032443912
0.0056632105
0.012104462
0.010463698
0.007225535
-0.0032031052
0.0
0.011949895
0.016686682
0.027739245
0.02529592
0.011826704
0.011795972
0.008627861
0.013299196
0.02652891
0.024124825
0.014747422
0.010063843
0.003088421
-7.700704E-4
0.005376262
0.007660062
0.0045838607
7.6194917E-4
-0.0045595397
-0.006063194
-0.0037793852
-0.00226157
-0.0030073521
-0.008248034
-0.015703933
-0.011186898
-0.0022313457
0.004450635
0.0022192947
-0.007377592
-0.01250784
-0.009538792
0.0021952593
0.013135587
0.012371893
-7.2576385E-4
-0.01158034
-0.012270268
-0.0057583326
0.0043068277
0.0057265563
-0.004996855
-0.014948958
-0.021296274
-0.016281663
0.0
0.009855291
0.00912571
7.0000807E-4
-0.009074524
-0.013225416
0.0
0.014535125
0.020015478
0.019958697
0.0075490247
-6.84321E-4
6.82369E-4
0.0074846083
0.016961772
0.018942697
0.00876955
-0.00538111
-0.013413975
-0.015381496
-0.010002371
-0.002659563
-0.0053036707
-0.010576462
-0.017795727
-0.021029605
-0.015070781
-0.0150265815
-0.013028199
-0.013639338
-0.016836995
-0.005810969
0.0051500145
0.0096276365
0.007039287
-0.00574227
-0.013358665
-0.011416066
6.32327E-4
0.016391186
0.016341923
0.0025065718
-0.011870297
-0.01806306
-0.009314669
0.003714563
0.010492602
0.0024613284
-0.007974908
-0.01100842
-0.00548735
0.012764521
0.018784925
0.013290165
0.0072268047
-0.0036022272
5.9851084E-4
0.016706275
0.02319707
0.020753002
0.005910913
-0.008249386
-0.008223526
-0.0017566492
0.0099230185
0.012801061
-0.0011600562
-0.015611184
-0.021325251
-0.017235795
-0.0045815767
0.0028543498
-0.0034142705
-0.013613338
-0.022050679
-0.018034685
-0.0028088402
0.007839362
0.011162863
0.005563341
-0.0044362186
-0.009396289
-0.0066110482
0.0016473624
0.008209849
0.0076373913
-5.43735E-4
-0.009213054
-0.008642496
-0.0026918498
0.0026829313
0.0064176586
0.0010660517
-0.009562485
-0.01217792
-0.006860136
-5.259331E-4
0.0068141557
0.0052240086
-0.0015619149
-0.006745415
-0.008791044
-5.1536475E-4
0.008731399
0.011260941
0.009182028
-0.0010167335
-0.009119217
-0.004543938
0.0010062866
0.006518291
0.007495096
9.958831E-4
-4.962125E-4
0.0
0.0014782848
0.005892478
0.0063611665
0.003413225
0.0038871127
0.006294302
0.01157922
0.014903572
0.010539226
0.0066829496
0.0071348078
0.009953088
0.017001426
0.023528477
0.023443988
0.017753312
0.01349972
0.010204156
0.015712945
0.021642001
0.024774838
0.023770293
0.014574439
0.0068067596
0.006329669
0.006756855
0.012566325
0.016097046
0.00801874
0.0017753341
-0.003095288
-0.0030837592
0.0043889266
0.010494019
0.010890287
0.0065096216
-0.0021617033
-0.0051685087
-0.0025744804
-8.549073E-4
0.002554979
0.0016968345
-0.0025355397
-0.0063146087
-0.010903372
-0.007101744
-0.0049936967
-0.00787618
-0.008258656
-0.012751305
-0.0151601825
-0.014284884
-0.016668428
-0.011743758
-0.009680878
-0.011651776
-0.0112056965
-0.015944965
-0.018264186
-0.017005363
-0.018513406
-0.016870344
-0.015630705
-0.016346581
-0.014342817
-0.015443429
-0.019226523
-0.018382939
-0.017545689
-0.014435471
-0.010593417
-0.00828948
-0.007505109
-0.008969258
-0.010793377
-0.010378325
-0.008489903
-0.004043608
-0.0014643118
-7.291158E-4
-3.630406E-4
-3.61526E-4
-3.6001418E-4
7.170102E-4
0.0039269864
0.0056879222
0.0053099147
0.00563994
0.006318017
0.007339676
0.01009254
0.009009821
0.008626184
0.009619846
0.006841745
0.007834062
0.00813932
0.007091028
0.0070602107
0.005355773
0.0039992873
0.0029863336
0.0019821515
0.0023023358
0.0013098179
-3.2600667E-4
-9.7368506E-4
-0.0029080757
-0.001930081
-3.2024368E-4
3.1881002E-4
0.0022216544
9.478537E-4
6.290522E-4
9.393116E-4
0.0018701067
0.0040334826
0.0043239584
0.005226537
0.0036724247
0.0018277819
0.0015161404
0.0021128014
0.0036051876
0.004485581
0.0020835365
0.0
8.846261E-4
0.002347947
0.0043817144
0.0072684526
0.0060766614
0.0028799446
0.002293016
0.0022820996
0.0045424136
0.007346096
0.0047801686
0.0016790013
-8.3545095E-4
-0.0019399568
5.5158534E-4
0.0030189673
0.0030042478
-8.153348E-4
-0.0067611504
-0.009419086
-0.009104875
-0.0063952096
-0.0023863201
-0.003165951
-0.007612929
-0.010970539
-0.011175478
-0.006981911
-0.0020582941
-0.0015359233
-0.0035656693
-0.0068417215
-0.009075834
-0.006270474
-0.001996275
4.9650564E-4
9.87897E-4
-0.002456987
-0.005377376
-0.00510629
-0.0033864623
-4.812534E-4
9.5746503E-4
-9.524353E-4
-0.0028422533
-0.0037696494
-0.002109193
4.6621903E-4
0.0011593364
6.918843E-4
-2.2939197E-4
-4.5631776E-4
0.0020423597
0.004062634
0.0040406035
0.0033488572
0.0017763149
0.001987422
0.0043922607
0.0056785163
0.006733169
0.006263901
0.0036515538
0.0027768137
0.005310198
0.008026279
0.008821298
0.007936188
0.004568659
0.0022713752
0.0030797117
0.0042869966
0.005886256
0.007870557
0.0052168234
0.0035907857
0.004164977
0.0031548725
0.0047047185
0.0056516207
0.004262283
0.0030815993
0.0015317032
0.0015226319
0.0028379732
0.0026329884
0.002991138
0.0013007736
-0.0011082399
-0.0011015498
-7.299191E-4
7.254844E-4
7.2106236E-4
-0.0014333059
-0.0014245125
-0.003185425
-0.0036933797
-6.991423E-4
-8.684955E-4
-0.0015535423
-0.0018868928
-0.004091011
-0.0032183165
-0.0013465163
-6.6898885E-4
4.9854926E-4
-3.302443E-4
-0.0021328374
-0.0032601978
-0.0032391716
-0.0017700152
0.0
4.7647176E-4
-0.0012622837
-0.0031350045
-0.0034258007
-0.0029390992
-7.683194E-4
1.5264156E-4
-0.0015162246
-0.0028615254
-0.0040390375
-0.0038631996
-0.0017709417
-7.328779E-4
-2.9115187E-4
-7.228977E-4
-0.0025845552
-0.003137123
-0.0031154172
-0.0029531566
-0.002513635
-0.0026347213
-0.0030293113
-0.003965044
-0.0047515514
-0.004313435
-0.0041488647
-0.004119191
-0.003561926
-0.0035362584
-0.00403078
-0.003485189
-0.0034597875
-0.0031800694
-0.002525371
-0.002757428
-0.0029858404
-0.0022227424
-0.0011030821
-3.6494088E-4
2.414651E-4
9.5857156E-4
0.0017837049
0.0018881469
0.0022250523
0.002207993
0.0023063128
0.0028606106
0.0031790233
0.0033795596
0.0032413518
0.002883214
0.0033005483
0.0039292932
0.0043311655
0.0040817535
0.0036228136
0.0035936455
0.003774273
0.0042635784
0.0044351006
0.004194192
0.0037538805
0.0038235004
0.0042907116
0.004848693
0.0047100093
0.0036974316
0.0027014355
0.002391555
0.0028454384
0.0030091857
0.0028901154
0.0021257836
9.16246E-4
4.54136E-4
1.8006636E-4
4.462127E-4
7.076423E-4
5.2602845E-4
-3.4756368E-4
-0.0011194797
-0.001536122
-0.0012685469
-2.514086E-4
-8.303934E-5
-4.1139603E-4
-4.891348E-4
-6.461531E-4
-7.2017283E-4
-3.1709071E-4
-3.9264778E-4
-8.5568824E-4
-0.001001696
-0.0012211303
-0.0011338674
-8.983811E-4
-0.001186279
-0.0016153106
-0.0018176849
-0.00244783
-0.002352439
-0.0020468342
-0.0022361078
-0.0023521092
-0.0028078612
-0.0029150813
-0.002549959
-0.0022582537
-0.001972131
-0.0018867287
-0.0022534737
-0.0023574089
-0.0022066096
-0.0015595416
-9.258118E-4
-0.001038077
-0.0012685969
-0.0016732477
-0.001773353
-0.0014617034
-8.674195E-4
-6.8629504E-4
-6.786959E-4
-0.0010626357
-0.0012166409
-7.6550577E-4
-3.78417E-4
-1.0688725E-4
-1.5849344E-4
-2.6111066E-4
-2.5808296E-4
2.0405809E-4
8.0665475E-4
0.0010462367
8.861246E-4
3.891278E-4
1.9222511E-4
5.2222563E-4
0.0010786385
0.0015286613
0.001372569
7.681452E-4
4.0159092E-4
3.965481E-4
0.001131106
0.0018039312
0.001696036
0.0010463637
5.37052E-4
2.8540634E-4
7.2425645E-4
0.0014690517
0.0017237102
0.0016232943
0.001067584
4.5131563E-4
4.8223208E-4
9.1458554E-4
0.0012987206
0.0014228493
9.1183034E-4
2.7658461E-4
6.815853E-5
2.687117E-4
5.296349E-4
7.502349E-4
5.4636557E-4
9.498873E-5
-1.8714114E-4
-2.1504692E-4
-3.0255305E-5
5.958629E-5
2.9334506E-5
-2.0215573E-4
-4.2641698E-4
-5.036352E-4
-5.782391E-4
-4.876953E-4
-5.064773E-4
-7.080142E-4
-7.99562E-4
-9.6388644E-4
-9.97683E-4
-8.337565E-4
-7.954967E-4
-7.818758E-4
-8.3822355E-4
-9.608889E-4
-7.866658E-4
-6.181718E-4
-5.4206257E-4
-4.6840162E-4
-4.8076911E-4
-5.334828E-4
-4.8330432E-4
-4.14967E-4
-2.3263841E-4
-7.6065124E-5
-3.7299153E-5
3.6572837E-5
3.5853624E-5
0.0
8.609124E-5
2.0243152E-4
2.9743006E-4
3.3982293E-4
3.0103125E-4
2.791622E-4
2.7320092E-4
3.1185424E-4
3.7767945E-4
4.5457992E-4
4.722148E-4
4.479842E-4
4.3775977E-4
4.017345E-4
3.670376E-4
3.336477E-4
2.8948177E-4
3.1778248E-4
3.559193E-4
3.2469502E-4
2.9470655E-4
2.4465795E-4
1.554467E-4
1.513874E-4
1.9650883E-4
1.7211527E-4
1.20926605E-4
7.2365634E-5
2.63788E-5
2.5631203E-5
4.9788647E-5
4.028027E-5
1.5635145E-5
-6.0661332E-5
-4.410801E-5
0.0
2.7597585E-5
5.343033E-5
1.2923525E-5
-5.6234803E-5
-7.2461255E-5
-4.665714E-5
-5.6294257E-6
5.430288E-6
-2.6173651E-5
-7.5641285E-5
-9.7087104E-5
-8.4051695E-5
-6.2836254E-5
-5.172781E-5
-5.791212E-5
-9.915229E-5
-1.0257804E-4
-7.2717296E-5
-4.5189652E-5
-2.3239814E-5
-2.850664E-5
-4.829473E-5
-5.171439E-5
-3.823692E-5
-1.2964907E-5
1.9666724E-5
1.3963719E-5
-1.0999095E-5
-1.8683451E-5
-1.1733879E-5
1.10336505E-5
3.45165E-5
3.0709638E-5
1.2082855E-5
-1.2672054E-5
-1.7020175E-5
1.2140717E-6
1.6837332E-5
2.5862391E-5
1.7101664E-5
0.0
-6.3364537E-6
-6.465821E-6
3.2419155E-6
1.3384449E-5
1.3495899E-5
7.8166795E-6
1.6165108E-6
-1.0561264E-6
6.0709624E-7
3.6210415E-6
3.912036E-6
2.8738673E-6
2.9098015E-7
-9.1964404E-7
-8.801307E-7
-3.2331414E-7
1.7961935E-7
2.0117403E-7
-4.8497377E-8
-1.2214166E-7
-5.0293654E-8
-0.0
