0.0023256629
0.0030346334
0.004491863
0.0060888994
0.007618096
0.008990064
0.010155091
0.011084691
0.011766424
0.012201932
0.0124055715
0.012402816
0.012228116
0.011922074
0.011527917
0.011087418
0.010636595
0.010201917
0.009797897
0.009426908
0.009081377
0.0087477155
0.008410687
0.00805695
0.007677072
0.007265904
0.006821689
0.0063445163
0.005834739
0.005291897
0.0047144685
0.004100533
0.003449177
0.0027624257
0.0020479586
0.0013259131
6.729627E-4
5.737644E-4
0.0011529969
0.0018104333
0.0024276418
0.0029710014
0.0034218372
0.0037690736
0.0040080915
0.0041403035
0.004172515
0.004115887
0.003984542
0.003793963
0.003559421
0.00329473
0.0030116274
0.0027200223
0.002429204
0.0021498736
0.001896543
0.0016890591
0.0015503772
0.0014970838
0.0015263685
0.0016136352
0.001724461
0.0018270888
0.0018974822
0.0019195491
0.0018839935
0.0017871121
0.0016297802
0.0014166768
0.0011560079
8.609172E-4
5.591903E-4
3.5603478E-4
4.8665924E-4
8.180829E-4
0.0011917095
0.0015664741
0.0019242645
0.0022518355
0.0025376247
0.0027713226
0.0029442008
0.003049685
0.0030839585
0.0030464646
0.0029402215
0.0027718947
0.0025516038
0.0022924712
0.0020099313
0.0017208282
0.0014422766
0.0011901553
9.769601E-4
8.089048E-4
6.83508E-4
5.9109036E-4
5.2261195E-4
4.8051903E-4
4.83311E-4
5.5062934E-4
6.8020634E-4
8.519715E-4
0.0010439581
0.0012377645
0.0014184946
0.001574248
0.001695979
0.0017775614
0.001815886
0.0018109133
0.0017656516
0.0016860658
0.0015809154
0.0014614861
0.0013410521
0.0012336771
0.0011517949
0.001102561
0.0010847406
0.0010889207
0.001101323
0.0011082757
0.0010989412
0.0010661986
0.0010065564
9.1976876E-4
8.084815E-4
6.7812204E-4
5.3743925E-4
4.0100812E-4
2.9708093E-4
2.720893E-4
3.3368185E-4
4.3105092E-4
5.2829535E-4
6.1117025E-4
6.757281E-4
7.2430354E-4
7.644587E-4
8.0798066E-4
8.6827524E-4
9.5589604E-4
0.0010744801
0.0012199479
0.001382777
0.0015509248
0.001711902
0.0018539492
0.0019667111
0.0020416921
0.002072609
0.0020556739
0.0019898003
0.0018767228
0.0017210231
0.0015300801
0.0013139937
0.0010856092
8.609159E-4
6.602491E-4
5.0963776E-4
4.3372894E-4
4.2749918E-4
4.4900292E-4
4.5772764E-4
4.320874E-4
3.6483517E-4
2.6000827E-4
1.489318E-4
1.8028075E-4
3.5668397E-4
5.645547E-4
7.7305455E-4
9.656806E-4
0.001129321
0.0012532467
0.0013292845
0.0013520892
0.0013192964
0.001231515
0.0010921992
9.075595E-4
6.870809E-4
4.476435E-4
2.471437E-4
3.0033986E-4
5.505615E-4
8.322706E-4
0.0011087866
0.0013651089
0.0015902173
0.0017744704
0.0019093138
0.0019876803
0.0020047664
0.0019591195
0.0018541024
0.0016999831
0.0015171928
0.0013410939
0.0012246027
0.0012223327
0.0013483134
0.0015626804
0.0018090128
0.0020413264
0.0022273725
0.0023457734
0.002383851
0.0023365002
0.0022055055
0.0019989023
0.0017302332
0.0014177631
0.0010840762
7.576804E-4
4.8354833E-4
3.560324E-4
4.311302E-4
5.725463E-4
6.903699E-4
7.6274003E-4
7.9147646E-4
7.9036754E-4
7.810776E-4
7.8734657E-4
8.247659E-4
8.923292E-4
9.748396E-4
0.0010524082
0.0011076346
0.0011284428
0.0011087479
0.0010486349
9.549228E-4
8.4288593E-4
7.39702E-4
6.858474E-4
7.1796076E-4
8.353474E-4
0.0010048776
0.0011922712
0.0013729654
0.0015300605
0.0016515438
0.0017288368
0.0017562343
0.0017308014
0.001652496
0.0015244083
0.0013531087
0.0011492657
9.2912203E-4
7.184748E-4
5.613143E-4
5.1645556E-4
5.9131073E-4
7.2165113E-4
8.529678E-4
9.603532E-4
0.0010369291
0.0010876037
0.0011265088
0.001173836
0.0012494369
0.0013643162
0.0015157291
0.00168943
0.0018656744
0.0020243055
0.002147646
0.0022218958
0.0022377847
0.0021908386
0.002081381
0.001914304
0.0016986491
0.0014470731
0.0011753868
9.02633E-4
6.5296626E-4
4.6195535E-4
3.786246E-4
4.0740264E-4
4.7672266E-4
5.311412E-4
5.5019616E-4
5.303819E-4
4.7677156E-4
4.0074388E-4
3.21127E-4
2.675326E-4
2.6977478E-4
3.2058655E-4
3.8625416E-4
4.4242735E-4
4.7671344E-4
4.8350738E-4
4.613135E-4
4.1163282E-4
3.3883104E-4
2.5209942E-4
1.7642009E-4
1.7704777E-4
2.7306372E-4
4.0770488E-4
5.5297575E-4
6.970824E-4
8.3203026E-4
9.507942E-4
0.001046779
0.0011139449
0.0011471959
0.001142876
0.0010993012
0.0010173174
9.0099307E-4
7.588674E-4
6.070555E-4
4.7730518E-4
4.2572233E-4
4.897297E-4
6.289625E-4
7.888953E-4
9.381808E-4
0.001059395
0.0011416819
0.001178036
0.0011643519
0.0010990741
9.830486E-4
8.194408E-4
6.136542E-4
3.7321815E-4
1.0772478E-4
1.725917E-4
4.5419074E-4
7.2475383E-4
9.7120536E-4
0.0011812535
0.0013441269
0.0014513462
0.0014974164
0.0014803719
0.0014021146
0.0012685065
0.0010892061
8.772942E-4
6.488854E-4
4.2355972E-4
2.3082443E-4
1.5023442E-4
2.1910941E-4
2.9323768E-4
3.2296352E-4
3.0681922E-4
2.7301256E-4
2.9633052E-4
4.3226336E-4
6.4634957E-4
8.9599186E-4
0.0011526006
0.0013938409
0.0016007948
0.0017577652
0.0018527912
0.0018782474
0.0018313162
0.0017142966
0.0015348471
0.0013065094
0.0010505347
8.019798E-4
6.2483235E-4
6.051319E-4
7.387151E-4
9.308298E-4
0.0011150202
0.0012597882
0.001350114
0.0013796053
0.0013476736
0.0012583497
0.0011197124
9.438342E-4
7.478933E-4
5.588209E-4
4.260652E-4
4.1657544E-4
5.197836E-4
6.590484E-4
7.865909E-4
8.808388E-4
9.3148986E-4
9.3400973E-4
8.877919E-4
7.954636E-4
6.6268514E-4
4.9871375E-4
3.2065852E-4
1.8626165E-4
2.5106975E-4
4.3430616E-4
6.280243E-4
8.0567924E-4
9.5569226E-4
0.0010710168
0.0011475341
0.0011837116
0.0011804276
0.0011407342
0.0010694963
9.72904E-4
8.57881E-4
7.3143665E-4
6.000451E-4
4.6921053E-4
3.4360372E-4
2.2913888E-4
1.4394378E-4
1.4254052E-4
2.2342285E-4
3.2932643E-4
4.3992783E-4
5.4731284E-4
6.452921E-4
7.2767417E-4
7.8831177E-4
8.215568E-4
8.227941E-4
7.889626E-4
7.190784E-4
6.149377E-4
4.8275178E-4
3.3944007E-4
2.4170653E-4
3.0037778E-4
4.7545225E-4
6.8197004E-4
8.8826794E-4
0.0010789857
0.001243718
0.0013748698
0.0014673553
0.0015186748
0.0015289997
0.0015011413
0.0014403495
0.0013539167
0.0012505793
0.0011397132
0.0010303514
9.3011686E-4
8.4432296E-4
7.7565864E-4
7.2480465E-4
6.9177523E-4
6.7703775E-4
6.8134064E-4
7.041485E-4
7.419644E-4
7.8800984E-4
8.333929E-4
8.688026E-4
8.8593824E-4
8.784641E-4
8.425614E-4
7.7717245E-4
6.8398885E-4
5.672212E-4
4.3319023E-4
2.8984388E-4
1.4678751E-4
3.6545767E-5
1.2420655E-4
2.2314594E-4
2.9761464E-4
3.439809E-4
3.620579E-4
3.543899E-4
3.2632137E-4
2.8656743E-4
2.4856525E-4
2.3070481E-4
2.471709E-4
2.9408798E-4
3.5688884E-4
4.236023E-4
4.868829E-4
5.422432E-4
5.868354E-4
6.191333E-4
6.3936214E-4
6.505549E-4
6.5993564E-4
6.7963294E-4
7.2465354E-4
8.069216E-4
9.291499E-4
0.0010841653
0.0012587676
0.0014375903
0.0016053669
0.0017482464
0.0018548545
0.0019173825
0.0019327707
0.001903987
0.0018413347
0.0017634409
0.0016967129
0.0016706857
0.0017074527
0.0018103062
0.001962176
0.0021348267
0.0022991295
0.0024306804
0.0025116808
0.0025312284
0.002485124
0.002375548
0.0022106997
0.0020044793
0.0017762956
0.0015509543
0.0013577617
0.0012259101
0.0011726276
0.0011906778
0.0012521321
0.0013255342
0.0013874877
0.0014245976
0.0014315754
0.0014091118
0.0013623931
0.0013002495
0.0012346902
0.0011803046
0.0011525444
0.00116403
0.0012199975
0.0013163858
0.0014422303
0.0015837706
0.0017273582
0.0018606982
0.0019731945
0.0020560352
0.0021022838
0.0021070433
0.0020676833
0.0019841301
0.0018592393
0.0016993295
0.0015150487
0.0013228392
0.0011470213
0.0010204026
9.755071E-4
0.0010218467
0.0011353794
0.0012785608
0.0014201192
0.0015392876
0.0016237844
0.0016676129
0.0016696326
0.0016326145
0.0015624859
0.0014676111
0.0013580347
0.0012446359
0.001138111
0.0010476859
9.795917E-4
9.357567E-4
9.1354694E-4
9.0698403E-4
9.0877205E-4
9.120085E-4
9.1106794E-4
9.018497E-4
8.8176876E-4
8.4970973E-4
8.059916E-4
7.5229764E-4
6.915262E-4
6.275784E-4
5.6520395E-4
5.101287E-4
4.6958984E-4
4.5266305E-4
4.6850365E-4
5.2190525E-4
6.10555E-4
7.27022E-4
8.619007E-4
0.0010053789
0.0011478196
0.0012802462
0.0013949779
0.0014863447
0.0015513422
0.0015900834
0.0016059142
0.0016050608
0.001595703
0.0015864718
0.0015846195
0.0015944387
0.0016166246
0.0016488798
0.0016873593
0.0017281744
0.0017683527
0.0018061189
0.0018407364
0.0018722999
0.0019018105
0.0019316389
0.0019661612
0.0020120388
0.002077476
0.0021700808
0.0022938014
0.002446311
0.0026182004
0.0027942378
0.002955875
0.0030840014
0.003161362
0.0031744493
0.0031148568
0.0029800981
0.002773903
0.0025060016
0.0021914635
0.0018497318
0.0015036663
0.0011792313
9.068704E-4
7.2380016E-4
6.637844E-4
7.2221446E-4
8.590833E-4
0.0010437705
0.0012632518
0.0015094783
0.0017715278
0.0020342153
0.0022799307
0.0024914409
0.0026546435
0.0027609328
0.0028090547
0.0028063194
0.0027688406
0.0027201008
0.0026868095
0.002691634
0.002744933
0.0028403504
0.0029574495
0.003069057
0.0031485276
0.0031743983
0.0031325128
0.003016561
0.0028277843
0.0025742995
0.0022703644
0.0019359656
0.0015973387
0.00128924
0.0010578227
9.511844E-4
9.783774E-4
0.0010893217
0.0012224909
0.0013380693
0.0014158073
0.0014471513
0.0014305911
0.0013695456
0.0012717034
0.0011493519
0.0010205014
9.0994046E-4
8.4642024E-4
8.496143E-4
9.140482E-4
0.0010128806
0.0011157849
0.0011988817
0.0012458238
0.001246498
0.0011958516
0.0010930724
9.4092515E-4
7.451225E-4
5.1379413E-4
2.5818817E-4
6.951716E-5
3.180481E-4
5.978855E-4
8.6949306E-4
0.0011236848
0.001353127
0.0015512428
0.0017119403
0.0018295952
0.0018992814
0.0019172672
0.0018817745
0.0017940088
0.001659555
0.0014904408
0.0013084537
0.0011497416
0.0010649462
0.0010968155
0.0012420429
0.0014570378
0.0016953301
0.0019233453
0.002119257
0.0022695966
0.0023670015
0.002408803
0.0023959496
0.0023320282
0.00222234
0.0020730859
0.0018907647
0.0016818864
0.0014530676
0.0012115677
9.664172E-4
7.307981E-4
5.279083E-4
4.0242073E-4
4.0125262E-4
4.8860145E-4
5.9171556E-4
6.7223137E-4
7.1626017E-4
7.235003E-4
7.055017E-4
6.869494E-4
7.0235186E-4
7.781719E-4
9.124572E-4
0.0010800287
0.0012503862
0.0013966361
0.0014974206
0.001537422
0.0015082482
0.0014102088
0.0012559559
0.0010785946
9.4635214E-4
9.5730263E-4
0.0011514379
0.0014669946
0.00182685
0.002177656
0.0024837155
0.0027202072
0.0028705215
0.0029254495
0.0028828948
0.0027475397
0.0025302477
0.0022471454
0.0019184155
0.0015669075
0.0012167564
8.92369E-4
6.184762E-4
4.2177367E-4
3.2589817E-4
3.1744232E-4
3.4789694E-4
3.967699E-4
4.7385597E-4
5.8850035E-4
7.3427684E-4
8.9364505E-4
0.0010461415
0.0011726776
0.0012573513
0.0012883486
0.0012584374
0.0011651571
0.0010107595
8.0209906E-4
5.514317E-4
2.8657957E-4
1.9354823E-4
4.480771E-4
7.544358E-4
0.001052843
0.001326944
0.0015668536
0.001765846
0.0019196642
0.0020261854
0.0020851414
0.0020978556
0.002067001
0.0019963833
0.0018907276
0.0017554511
0.0015963851
0.0014194327
0.0012301647
0.0010333926
8.327954E-4
6.3071895E-4
4.283341E-4
2.2691728E-4
5.6507863E-5
2.0248196E-4
4.0908027E-4
6.1808684E-4
8.2387537E-4
0.001020844
0.001202459
0.0013616062
0.001491157
0.0015845612
0.0016363837
0.00164274
0.001601608
0.0015130135
0.0013791077
0.0012041924
9.948373E-4
7.6057395E-4
5.174257E-4
3.0905876E-4
2.856556E-4
4.7439904E-4
7.1043964E-4
9.3934365E-4
0.0011436987
0.0013141633
0.0014447123
0.0015316759
0.0015735556
0.0015710142
0.0015268832
0.0014461343
0.0013358184
0.0012050157
0.0010648896
9.289575E-4
8.134524E-4
7.3661096E-4
7.141236E-4
7.5112365E-4
8.40252E-4
9.695125E-4
0.0011291454
0.0013123982
0.0015135937
0.0017263977
0.0019430426
0.0021543705
0.0023503802
0.0025210062
0.002656943
0.0027503895
0.0027956401
0.002789467
0.0027312706
0.0026229867
0.0024687655
0.0022744562
0.0020469588
0.0017935281
0.0015211412
0.0012360546
9.4373594E-4
6.496009E-4
3.6333126E-4
1.5256068E-4
3.0151304E-4
5.6655885E-4
8.294262E-4
0.0010735837
0.0012892729
0.0014677354
0.0016009633
0.0016822218
0.0017067053
0.0016721695
0.0015795183
0.0014334723
0.0012437364
0.0010278993
8.193922E-4
6.838622E-4
7.0680305E-4
8.8994566E-4
0.0011566208
0.0014488053
0.0017355403
0.001998605
0.0022255082
0.002406796
0.0025350198
0.0026043975
0.0026108273
0.0025521016
0.0024282315
0.002241818
0.001998435
0.0017070787
0.0013810168
0.0010403305
7.216008E-4
5.129193E-4
5.507688E-4
7.687746E-4
0.0010204955
0.0012456368
0.0014208489
0.0015353702
0.0015846922
0.0015684825
0.0014895226
0.0013528921
0.001165239
9.3414396E-4
6.67649E-4
3.7410954E-4
6.700746E-5
2.6684697E-4
5.929415E-4
9.1341167E-4
0.0012181982
0.0014972042
0.0017401584
0.0019370138
0.0020785178
0.0021568544
0.0021662703
0.0021036086
0.0019686897
0.0017645048
0.0014972178
0.0011760268
8.1311574E-4
4.255218E-4
1.13076596E-4
4.2460902E-4
8.110757E-4
0.0011721764
0.0014908242
0.0017545896
0.0019537196
0.0020811355
0.0021326256
0.002107018
0.0020062837
0.0018355432
0.0016029587
0.0013195048
9.986492E-4
6.5616285E-4
3.122214E-4
1.0322003E-4
3.7248715E-4
6.4442976E-4
8.684146E-4
0.0010336648
0.0011353669
0.0011739623
0.0011557884
0.0010942396
0.0010114812
9.396246E-4
9.1595465E-4
9.6497306E-4
0.0010806582
0.0012344767
0.0013952638
0.0015385328
0.0016472434
0.0017105421
0.001722632
0.0016819591
0.0015905674
0.001453513
0.0012783118
0.001074473
8.5332413E-4
6.288457E-4
4.2256474E-4
2.845893E-4
3.002502E-4
4.2692467E-4
5.728881E-4
7.0635905E-4
8.183589E-4
9.067313E-4
9.7193057E-4
0.0010153842
0.0010385546
0.00104235
0.0010268587
9.91406E-4
9.348869E-4
8.56264E-4
7.550964E-4
6.319835E-4
4.8885716E-4
3.2914855E-4
1.5845548E-4
4.3838405E-5
2.097451E-4
3.8488203E-4
5.508923E-4
7.0266164E-4
8.368275E-4
9.515431E-4
0.0010463919
0.0011221524
0.0011804013
0.0012230104
0.0012516426
0.0012673689
0.0012705115
0.0012607615
0.0012375439
0.0012005479
0.0011503227
0.0010888538
0.0010200565
9.5008995E-4
8.87247E-4
8.40907E-4
8.1901E-4
8.246137E-4
8.539329E-4
8.977292E-4
9.446599E-4
9.840282E-4
0.0010070838
0.0010073693
9.806958E-4
9.2504465E-4
8.405018E-4
7.293044E-4
5.96211E-4
4.500554E-4
3.1045655E-4
2.331081E-4
2.9163298E-4
4.323802E-4
5.903242E-4
7.415138E-4
8.752244E-4
9.851344E-4
0.0010672486
0.001119326
0.0011406718
0.0011320126
0.0010953648
0.0010338752
9.5162564E-4
8.534131E-4
7.44526E-4
6.305743E-4
5.174935E-4
4.1199496E-4
3.2295974E-4
2.636636E-4
2.4887442E-4
2.7875375E-4
3.361816E-4
4.0490774E-4
4.7512513E-4
5.4041005E-4
5.954291E-4
6.3517224E-4
6.550098E-4
6.511567E-4
6.2139746E-4
5.6617695E-4
4.906525E-4
4.095123E-4
3.56756E-4
3.8191953E-4
4.954445E-4
6.62658E-4
8.530718E-4
0.001048385
0.0012366333
0.001409148
0.0015594619
0.0016828842
0.0017762501
0.0018376848
0.0018663524
0.0018622202
0.0018258865
0.0017585193
0.0016619393
0.0015388587
0.001393283
0.0012311048
0.0010609907
8.9575304E-4
7.5411424E-4
6.6041737E-4
6.344344E-4
6.721397E-4
7.4618135E-4
8.2702254E-4
8.9405535E-4
9.35189E-4
9.4435003E-4
9.197522E-4
8.6284726E-4
7.7758625E-4
6.697832E-4
5.4650626E-4
4.1551774E-4
2.8497024E-4
1.646166E-4
8.090573E-5
1.0926838E-4
1.8732567E-4
2.6475516E-4
3.3926248E-4
4.1546067E-4
4.9837807E-4
5.9101934E-4
6.934249E-4
8.029301E-4
9.150358E-4
0.0010243377
0.0011252655
0.0012125986
0.0012818077
0.0013292668
0.0013523753
0.0013496116
0.0013205394
0.0012657794
0.0011869607
0.001086664
9.6836983E-4
8.364301E-4
6.9610233E-4
5.5374956E-4
4.1751316E-4
2.993383E-4
2.1936794E-4
2.0042324E-4
2.2950409E-4
2.679484E-4
2.9285747E-4
2.9552434E-4
2.745054E-4
2.3446885E-4
1.9064077E-4
1.786714E-4
2.3029906E-4
3.2621232E-4
4.3776794E-4
5.4796226E-4
6.4567523E-4
7.2263693E-4
7.727077E-4
7.918431E-4
7.78193E-4
7.3215E-4
6.5628433E-4
5.551581E-4
4.350801E-4
3.0407275E-4
1.7379712E-4
8.4331135E-5
1.4118139E-4
2.4404938E-4
3.3791887E-4
4.1560506E-4
4.7702822E-4
5.2535604E-4
5.6595705E-4
6.0528936E-4
6.494016E-4
7.0240593E-4
7.656181E-4
8.3774637E-4
9.1581326E-4
9.961854E-4
0.0010753156
0.0011501445
0.0012182731
0.0012780365
0.0013285602
0.0013698243
0.0014027093
0.0014289621
0.0014510062
0.0014715435
0.0014929648
0.0015166837
0.0015425965
0.0015688678
0.0015921316
0.001608037
0.0016119621
0.0015997059
0.001568029
0.0015149864
0.0014400494
0.0013440539
0.0012290229
0.0010979294
9.54475E-4
8.0297457E-4
6.4850616E-4
4.9770484E-4
3.614041E-4
2.6222572E-4
2.38808E-4
2.9359933E-4
3.7927876E-4
4.643567E-4
5.3561764E-4
5.8699015E-4
6.155157E-4
6.201103E-4
6.0109433E-4
5.598922E-4
4.9873133E-4
4.2031592E-4
3.2753483E-4
2.2340413E-4
1.12625225E-4
4.901878E-5
1.5658257E-4
2.878678E-4
4.229921E-4
5.573143E-4
6.862957E-4
8.04767E-4
9.070807E-4
9.875165E-4
0.0010408027
0.0010626756
0.0010504316
0.0010034686
9.238878E-4
8.174025E-4
6.951926E-4
5.780238E-4
5.022479E-4
5.1030744E-4
6.06909E-4
7.5565954E-4
9.215954E-4
0.0010829977
0.0012265524
0.0013435862
0.0014283888
0.0014775153
0.0014894896
0.0014646723
0.0014052007
0.0013149682
0.00119964
0.0010667369
9.2584244E-4
7.88971E-4
6.7080837E-4
5.872673E-4
5.491943E-4
5.5313227E-4
5.817272E-4
6.149823E-4
6.380868E-4
6.42347E-4
6.237534E-4
5.816141E-4
5.1761896E-4
4.3521175E-4
3.3916737E-4
2.3545355E-4
1.3244183E-4
5.900151E-5
1.03374E-4
1.8179142E-4
2.5096795E-4
3.0655047E-4
3.507327E-4
3.9043493E-4
4.3652623E-4
5.007804E-4
5.9101684E-4
7.0820976E-4
8.475218E-4
0.0010009632
0.0011594191
0.0013137573
0.0014554351
0.0015768962
0.0016718619
0.0017355377
0.0017647356
0.0017579176
0.0017151881
0.0016382809
0.0015306134
0.0013975247
0.0012468747
0.001090281
9.452157E-4
8.369217E-4
7.9429155E-4
8.322168E-4
9.370627E-4
0.001079264
0.0012317114
0.0013749856
0.0014960034
0.0015862391
0.0016406844
0.0016573054
0.0016367016
0.0015818017
0.001497535
0.001390499
0.0012686987
0.0011414868
0.0010198209
9.1671984E-4
8.4701565E-4
8.243781E-4
8.551357E-4
9.3437976E-4
0.0010493953
0.0011858002
0.0013307482
0.0014733913
0.0016045121
0.0017162404
0.0018019979
0.0018565902
0.001876355
0.001859316
0.001805339
0.0017163311
0.001596573
0.0014533374
0.0012980154
0.0011479127
0.0010279282
9.6787576E-4
9.886196E-4
0.0010853729
0.0012318842
0.0013983741
0.0015610971
0.0017031855
0.0018133114
0.0018846599
0.0019144266
0.0019036115
0.001856915
0.0017826078
0.0016922507
0.0016000451
0.0015214247
0.0014704723
0.0014564189
0.0014809284
0.0015382916
0.0016184956
0.0017108428
0.0018061982
0.0018976335
0.0019801208
0.002049895
0.0021038598
0.002139194
0.0021532038
0.0021433868
0.0021076545
0.0020446468
0.0019541048
0.0018372991
0.0016975689
0.0015410755
0.0013779275
0.0012237045
0.0011005168
0.0010340983
0.0010421111
0.0011202941
0.001244572
0.0013856462
0.0015184386
0.0016239027
0.0016882413
0.0017021082
0.0016602421
0.0015614168
0.0014086058
0.0012094596
9.777233E-4
7.380057E-4
5.4164353E-4
4.87183E-4
6.129086E-4
8.196266E-4
0.0010303366
0.0012112419
0.0013465291
0.0014293261
0.0014593041
0.0014421516
0.001389518
0.0013187416
0.0012513527
0.0012087174
0.0012042631
0.0012365249
0.0012897634
0.0013415999
0.001370672
0.0013606987
0.0013019221
0.0011917176
0.0010357291
8.5144467E-4
6.787268E-4
5.967902E-4
6.794583E-4
8.8751066E-4
0.001139916
0.0013860101
0.001596549
0.0017526408
0.0018417344
0.0018563594
0.0017936954
0.0016553341
0.0014470861
0.001179017
8.668093E-4
5.4117444E-4
3.2188362E-4
4.8397595E-4
8.316361E-4
0.0012001116
0.0015521826
0.0018716003
0.002147728
0.0023727512
0.0025409125
0.002648261
0.0026926086
0.002673609
0.0025929075
0.0024543186
0.00226398
0.0020304641
0.0017648868
0.0014811923
0.001197114
9.369617E-4
7.3737657E-4
6.4677664E-4
6.8486115E-4
8.076516E-4
9.6059684E-4
0.0011133816
0.0012527239
0.0013726905
0.0014696285
0.0015398442
0.0015788309
0.0015814818
0.0015428875
0.0014593619
0.0013294069
0.0011544165
9.390329E-4
6.912277E-4
4.228482E-4
1.6153435E-4
1.9108245E-4
4.486317E-4
7.0127385E-4
9.3315815E-4
0.0011424451
0.00133286
0.0015117547
0.0016876752
0.0018673486
0.002053033
0.0022412704
0.002423398
0.002587361
0.0027200344
0.00280944
0.0028465707
0.0028267633
0.0027506568
0.002624819
0.0024620974
0.0022816362
0.0021081194
0.0019690606
0.0018885384
0.0018781611
0.0019314988
0.0020279756
0.002142654
0.0022539385
0.0023465124
0.0024112025
0.0024436996
0.002443105
0.002410684
0.0023489946
0.0022614894
0.0021526495
0.0020286324
0.0018983238
0.0017744547
0.0016739777
0.0016161524
0.0016169512
0.0016816808
0.001801858
0.0019593108
0.0021330782
0.0023041805
0.0024575396
0.002582307
0.0026715882
0.0027219628
0.0027329065
0.0027061452
0.0026449754
0.002553629
0.002436783
0.0022993428
0.0021466215
0.0019850077
0.0018231638
0.0016736067
0.001553964
0.0014859422
0.0014892835
0.0015720057
0.0017256931
0.0019308784
0.0021656286
0.0024105043
0.0026498751
0.0028717285
0.0030671787
0.003230026
0.0033563878
0.003444362
0.003493698
0.003505484
0.0034818698
0.0034258738
0.0033413153
0.0032329145
0.0031065799
0.0029698552
0.0028324125
0.002706314
0.0026055558
0.0025442762
0.0025334272
0.0025769174
0.0026693908
0.0027971265
0.002941311
0.0030817045
0.0031993992
0.0032785032
0.0033070778
0.0032776704
0.0031876506
0.0030395018
0.0028412607
0.002607402
0.0023605763
0.002134246
0.0019739987
0.0019298118
0.0020326695
0.0022745188
0.0026184502
0.0030222484
0.0034499692
0.003872802
0.00426717
0.0046133418
0.0048949593
0.0050991797
0.0052170763
0.0052440376
0.005180026
0.005029666
0.0048022573
0.004511932
0.0041782563
0.003827574
0.0034949863
0.0032253964
0.0030689838
0.0030654648
0.0032228602
0.0035119597
0.0038828682
0.0042845546
0.0046746004
0.00502152
0.0053044846
0.005512532
0.005643544
0.0057028253
0.005701193
0.0056528
0.005573237
0.0054785814
0.0053858673
0.0053146672
0.0052884365
0.005333389
0.005473211
0.0057206526
0.0060705817
0.0064991973
0.006969941
0.007442696
0.007882719
0.008267499
0.008590964
0.008864731
0.009116185
0.009383746
0.009711018
0.010142997
0.010727452
0.01152153
0.012598669
0.014047888
0.01596063
0.018409008
0.021426054
0.024996238
0.029056773
0.03350555
0.03821178
0.043027345
0.047798134
0.0523749
0.056622982
0.060430232
0.06371235
0.066415094
0.068513006
0.07000487
0.07090666
0.07124306
0.071039334
0.07031511
0.06908146
0.06734186
0.06509668
0.062350202
0.05911833
0.055435497
0.05135928
0.046971973
0.04237887
0.037703536
0.033080738
0.028647799
0.024535129
0.020856429
0.017698688
0.015112084
0.013101279
0.011622578
0.010592952
0.00991109
0.00948016
0.009220071
0.00906706
0.008967645
0.008874415
0.008746332
0.008552049
0.00827361
0.007908628
0.007470254
0.0069850376
0.0064890604
0.0060226633
0.0056240377
0.0053222845
0.0051315674
0.0050488054
0.005056245
0.005127269
0.0052321157
0.005341489
0.0054282728
0.00546853
0.0054425914
0.0053364243
0.005143057
0.0048637562
0.004508813
0.004097961
0.0036606353
0.0032361012
0.0028723918
0.0026201115
0.002515624
0.0025597895
0.0027161157
0.0029332712
0.0031663734
0.003383725
0.0035650462
0.0036980333
0.0037757102
0.0037948445
0.0037551224
0.0036587135
0.0035099334
0.003314822
0.0030805785
0.0028149176
0.0025255128
0.0022197668
0.0019052069
0.0015909264
0.0012908574
0.0010304179
8.5592066E-4
8.2385645E-4
9.3799934E-4
0.0011368631
0.0013606924
0.0015738208
0.0017564094
0.0018977064
0.0019931877
0.002043415
0.0020534294
0.0020321861
0.0019917996
0.0019464191
0.0019105818
0.0018970377
0.0019144795
0.0019660778
0.0020495881
0.0021588576
0.0022857497
0.0024216028
0.0025579818
0.0026869301
0.0028010325
0.0028934854
0.0029582577
0.0029903336
0.002985994
0.0029430804
0.0028612022
0.0027418544
0.0025884327
0.0024061545
0.0022018927
0.0019839597
0.0017618677
0.0015460863
0.0013477533
0.0011781203
0.0010472381
9.6141367E-4
9.2024176E-4
9.159861E-4
9.3686103E-4
9.715828E-4
0.0010119379
0.0010530244
0.0010923782
0.0011289138
0.0011620559
0.0011911445
0.0012151141
0.001232408
0.0012410788
0.0012390222
0.0012242835
0.0011953843
0.0011516244
0.001093321
0.0010219596
9.402395E-4
8.5200457E-4
7.62052E-4
6.7579944E-4
5.987589E-4
5.357487E-4
4.898816E-4
4.617364E-4
4.4943046E-4
4.4979216E-4
4.5975493E-4
4.7694714E-4
4.993538E-4
5.2463653E-4
5.497066E-4
5.707749E-4
5.837695E-4
5.848954E-4
5.711672E-4
5.408474E-4
4.93811E-4
4.3197165E-4
3.6016043E-4
2.8854542E-4
2.3823949E-4
2.4050138E-4
3.0244477E-4
3.99923E-4
5.1324297E-4
6.3309324E-4
7.5519487E-4
8.772159E-4
9.972679E-4
0.0011130724
0.001221531
0.00131864
0.0013997166
0.0014598732
0.0014946659
0.0015008512
0.0014772086
0.0014254289
0.0013511009
0.0012647827
0.0011828132
0.0011264838
0.0011169078
0.0011652859
0.0012663046
0.0014021216
0.0015514194
0.0016952351
0.0018187107
0.001911034
0.001964979
0.0019764763
0.0019442644
0.0018696096
0.0017560823
0.0016094275
0.0014376139
0.0012512415
0.0010646138
8.9772907E-4
7.778082E-4
7.329038E-4
7.708034E-4
8.6887175E-4
9.944992E-4
0.0011226645
0.0012376184
0.0013298807
0.0013939341
0.0014269965
0.0014284457
0.001399597
0.0013436911
0.0012660308
0.0011742408
0.0010785704
9.919179E-4
9.2871086E-4
9.014033E-4
9.151187E-4
9.648194E-4
0.0010383697
0.0011222028
0.0012050045
0.0012787897
0.0013386771
0.0013822928
0.0014091344
0.0014199618
0.0014162298
0.0013995788
0.0013714259
0.0013327042
0.0012837781
0.0012245387
0.0011546392
0.0010738097
9.821809E-4
8.805585E-4
7.70618E-4
6.550124E-4
5.3741893E-4
4.2259492E-4
3.1660288E-4
2.2750188E-4
1.6618377E-4
1.4120925E-4
1.4218349E-4
1.455902E-4
1.3611958E-4
1.0835564E-4
6.588277E-5
5.4820586E-5
1.268438E-4
2.2765635E-4
3.4159186E-4
4.6284698E-4
5.871091E-4
7.108166E-4
8.3106995E-4
9.4554713E-4
0.0010523321
0.0011496767
0.0012357599
0.001308521
0.0013656346
0.0014046622
0.0014233764
0.001420225
0.0013948835
0.00134885
0.0012860345
0.0012132677
0.0011405228
0.0010803265
0.001045493
0.0010448773
0.0010792159
0.0011406546
0.0012163927
0.0012930728
0.0013594147
0.001407104
0.0014307832
0.0014277186
0.0013973856
0.001341064
0.0012614946
0.001162672
0.0010498798
9.3013793E-4
8.132574E-4
7.134505E-4
6.498355E-4
6.407363E-4
6.9060206E-4
7.8561937E-4
9.0492505E-4
0.0010302655
0.0011478553
0.0012473899
0.0013211071
0.0013633261
0.0013702856
0.0013400997
0.0012727142
0.0011698122
0.0010346528
8.718595E-4
6.872239E-4
4.8775293E-4
2.8335617E-4
1.1209599E-4
1.9174315E-4
3.7987405E-4
5.6354067E-4
7.296545E-4
8.723101E-4
9.873596E-4
0.0010717666
0.0011235407
0.0011417951
0.0011268228
0.0010801518
0.0010045647
9.0410816E-4
7.8419875E-4
6.521491E-4
5.190446E-4
4.05354E-4
3.5027738E-4
3.918011E-4
5.128519E-4
6.7496824E-4
8.5650105E-4
0.001047022
0.0012399058
0.0014292445
0.0016087753
0.001771684
0.001910836
0.0020192212
0.0020904841
0.0021194464
0.0021025662
0.0020382965
0.00192734
0.0017728229
0.0015804755
0.0013590298
0.0011213643
8.877915E-4
6.943544E-4
6.015661E-4
6.5407425E-4
8.1198604E-4
0.0010091983
0.0012063954
0.0013836006
0.0015297364
0.0016381112
0.0017046294
0.0017270421
0.0
0.0
0.0
0.0
0.0
0.0
0.0
0.0
0.0
0.0
0.0
0.0
0.0
0.0
0.0
0.0
0.0
0.0
0.0
0.0
0.0
0.0
0.0
0.0
0.0
0.0
0.0
0.0
0.0
0.0
0.0
0.0
0.0
0.0
0.0
0.0
0.0
0.0
0.0
0.0
0.0
0.0
0.0
0.0
0.0
0.0
0.0
0.0
0.0
0.0
0.0
0.0
0.0
0.0
0.0
0.0
0.0
0.0
0.0
0.0
0.0
0.0
0.0
0.0
0.0
0.0
0.0
0.0
0.0
0.0
0.0
0.0
0.0
0.0
0.0
0.0
0.0
0.0
0.0
0.0
0.0
0.0
0.0
0.0
0.0
0.0
0.0
0.0
0.0
0.0
0.0
0.0
0.0
0.0
0.0
0.0
0.0
0.0
0.0
0.0
0.0
0.0
0.0
0.0
0.0
0.0
0.0
0.0
0.0
0.0
0.0
0.0
0.0
0.0
0.0
0.0
0.0
0.0
0.0
0.0
0.0
0.0
0.0
0.0
0.0
0.0
0.0
0.0
0.0
0.0
0.0
0.0
0.0
0.0
0.0
0.0
0.0
0.0
0.0
0.0
0.0
0.0
0.0
0.0
0.0
0.0
0.0
0.0
0.0
0.0
0.0
0.0
0.0
0.0
0.0
0.0
0.0
0.0
0.0
0.0
0.0
0.0
0.0
0.0
0.0
0.0
0.0
0.0
0.0
0.0
0.0
0.0
0.0
0.0
0.0
0.0
0.0
0.0
0.0
0.0
0.0
0.0
0.0
0.0
0.0
0.0
0.0
0.0
0.0
0.0
0.0
0.0
0.0
0.0
0.0
0.0
0.0
0.0
0.0
0.0
0.0
0.0
0.0
0.0
0.0
0.0
0.0
0.0
0.0
0.0
0.0
0.0
0.0
0.0
0.0
0.0
0.0
0.0
0.0
0.0
0.0
0.0
0.0
0.0
0.0
0.0
0.0
0.0
0.0
0.0
0.0
0.0
0.0
0.0
0.0
0.0
0.0
0.0
0.0
0.0
0.0
0.0
0.0
0.0
0.0
0.0
0.0
0.0
0.0
0.0
0.0
0.0
0.0
0.0
0.0
0.0
0.0
0.0
0.0
0.0
0.0
0.0
0.0
0.0
0.0
0.0
0.0
0.0
0.0
0.0
0.0
0.0
0.0
0.0
0.0
0.0
0.0
0.0
0.0
0.0
0.0
0.0
0.0
0.0
0.0
0.0
0.0
0.0
0.0
0.0
0.0
0.0
0.0
0.0
0.0
0.0
0.0
0.0
0.0
0.0
0.0
0.0
0.0
0.0
0.0
0.0
0.0
0.0
0.0
0.0
0.0
0.0
0.0
0.0
0.0
0.0
0.0
0.0
0.0
0.0
0.0
0.0
0.0
0.0
0.0
0.0
0.0
0.0
0.0
0.0
0.0
0.0
0.0
0.0
0.0
0.0
0.0
0.0
0.0
0.0
0.0
0.0
0.0
0.0
0.0
0.0
0.0
0.0
0.0
0.0
0.0
0.0
0.0
0.0
0.0
0.0
0.0
0.0
0.0
0.0
0.0
0.0
0.0
0.0
0.0
0.0
0.0
0.0
0.0
0.0
0.0
0.0
0.0
0.0
0.0
0.0
0.0
0.0
0.0
0.0
0.0
0.0
0.0
0.0
0.0
0.0
0.0
0.0
0.0
0.0
0.0
0.0
0.0
0.0
0.0
0.0
0.0
0.0
0.0
0.0
0.0
0.0
0.0
0.0
0.0
0.0
0.0
0.0
0.0
0.0
0.0
0.0
0.0
0.0
0.0
0.0
0.0
0.0
0.0
0.0
0.0
0.0
0.0
0.0
0.0
0.0
0.0
0.0
0.0
0.0
0.0
0.0
0.0
0.0
0.0
0.0
0.0
0.0
0.0
0.0
0.0
0.0
0.0
0.0
0.0
0.0
0.0
0.0
0.0
0.0
0.0
0.0
0.0
0.0
0.0
0.0
0.0
0.0
0.0
0.0
0.0
0.0
0.0
0.0
0.0
0.0
0.0
0.0
0.0
0.0
0.0
0.0
0.0
0.0
0.0
0.0
0.0
0.0
0.0
0.0
0.0
0.0
0.0
0.0
0.0
0.0
0.0
0.0
0.0
0.0
0.0
0.0
0.0
0.0
0.0
0.0
0.0
0.0
0.0
0.0
0.0
0.0
0.0
0.0
0.0
0.0
0.0
0.0
0.0
0.0
0.0
0.0
0.0
0.0
0.0
0.0
0.0
0.0
0.0
0.0
0.0
0.0
0.0
0.0
0.0
0.0
0.0
0.0
0.0
0.0
0.0
0.0
0.0
0.0
0.0
0.0
0.0
0.0
0.0
0.0
0.0
0.0
0.0
0.0
0.0
0.0
0.0
0.0
0.0
0.0
0.0
0.0
0.0
0.0
0.0
0.0
0.0
0.0
0.0
0.0
0.0
0.0
0.0
0.0
0.0
0.0
0.0
0.0
0.0
0.0
0.0
0.0
0.0
0.0
0.0
0.0
0.0
0.0
0.0
0.0
0.0
0.0
0.0
0.0
0.0
0.0
0.0
0.0
0.0
0.0
0.0
0.0
0.0
0.0
0.0
0.0
0.0
0.0
0.0
0.0
0.0
0.0
0.0
0.0
0.0
0.0
0.0
0.0
0.0
0.0
0.0
0.0
0.0
0.0
0.0
0.0
0.0
0.0
0.0
0.0
0.0
0.0
0.0
0.0
0.0
0.0
0.0
0.0
0.0
0.0
0.0
0.0
0.0
0.0
0.0
0.0
0.0
0.0
0.0
0.0
0.0
0.0
0.0
0.0
0.0
0.0
0.0
0.0
0.0
0.0
0.0
0.0
0.0
0.0
0.0
0.0
0.0
0.0
0.0
0.0
0.0
0.0
0.0
0.0
0.0
0.0
0.0
0.0
0.0
0.0
0.0
0.0
0.0
0.0
0.0
0.0
0.0
0.0
0.0
0.0
0.0
0.0
0.0
0.0
0.0
0.0
0.0
0.0
0.0
0.0
0.0
0.0
0.0
0.0
0.0
0.0
0.0
0.0
0.0
0.0
0.0
0.0
0.0
0.0
0.0
0.0
0.0
0.0
0.0
0.0
0.0
0.0
0.0
0.0
0.0
0.0
0.0
0.0
0.0
0.0
0.0
0.0
0.0
0.0
0.0
0.0
0.0
0.0
0.0
0.0
0.0
0.0
0.0
0.0
0.0
0.0
0.0
0.0
0.0
0.0
0.0
0.0
0.0
0.0
0.0
0.0
0.0
0.0
0.0
0.0
0.0
0.0
0.0
0.0
0.0
0.0
0.0
0.0
0.0
0.0
0.0
0.0
0.0
0.0
0.0
0.0
0.0
0.0
0.0
0.0
0.0
0.0
0.0
0.0
0.0
0.0
0.0
0.0
0.0
0.0
0.0
0.0
0.0
0.0
0.0
0.0
0.0
0.0
0.0
0.0
0.0
0.0
0.0
0.0
0.0
0.0
0.0
0.0
0.0
0.0
0.0
0.0
0.0
0.0
0.0
0.0
0.0
0.0
0.0
0.0
0.0
0.0
0.0
0.0
0.0
0.0
0.0
0.0
0.0
0.0
0.0
0.0
0.0
0.0
0.0
0.0
0.0
0.0
0.0
0.0
0.0
0.0
0.0
0.0
0.0
0.0
0.0
0.0
0.0
0.0
0.0
0.0
0.0
0.0
0.0
0.0
0.0
0.0
0.0
0.0
0.0
0.0
0.0
0.0
0.0
0.0
0.0
0.0
0.0
0.0
0.0
0.0
0.0
0.0
0.0
0.0
0.0
0.0
0.0
0.0
0.0
0.0
0.0
0.0
0.0
0.0
0.0
0.0
0.0
0.0
0.0
0.0
0.0
0.0
0.0
0.0
0.0
0.0
0.0
0.0
0.0
0.0
0.0
0.0
0.0
0.0
0.0
0.0
0.0
0.0
0.0
0.0
0.0
0.0
0.0
0.0
0.0
0.0
0.0
0.0
0.0
0.0
0.0
0.0
0.0
0.0
0.0
0.0
0.0
0.0
0.0
0.0
0.0
0.0
0.0
0.0
0.0
0.0
0.0
0.0
0.0
0.0
0.0
0.0
0.0
0.0
0.0
0.0
0.0
0.0
0.0
0.0
0.0
0.0
0.0
0.0
0.0
0.0
0.0
0.0
0.0
0.0
0.0
0.0
0.0
0.0
0.0
0.0
0.0
0.0
0.0
0.0
0.0
0.0
0.0
0.0
0.0
0.0
0.0
0.0
0.0
0.0
0.0
0.0
0.0
0.0
0.0
0.0
0.0
0.0
0.0
0.0
0.0
0.0
0.0
0.0
0.0
0.0
0.0
0.0
0.0
0.0
0.0
0.0
0.0
0.0
0.0
0.0
0.0
0.0
0.0
0.0
0.0
0.0
0.0
0.0
0.0
0.0
0.0
0.0
0.0
0.0
0.0
0.0
0.0
0.0
0.0
0.0
0.0
0.0
0.0
0.0
0.0
0.0
0.0
0.0
0.0
0.0
0.0
0.0
0.0
0.0
0.0
0.0
0.0
0.0
0.0
0.0
0.0
0.0
0.0
0.0
0.0
0.0
0.0
0.0
0.0
0.0
0.0
0.0
0.0
0.0
0.0
0.0
0.0
0.0
0.0
0.0
0.0
0.0
0.0
0.0
0.0
0.0
0.0
0.0
0.0
0.0
0.0
0.0
0.0
0.0
0.0
0.0
0.0
0.0
0.0
0.0
0.0
0.0
0.0
0.0
0.0
0.0
0.0
0.0
0.0
0.0
0.0
0.0
0.0
0.0
0.0
0.0
0.0
0.0
0.0
0.0
0.0
0.0
0.0
0.0
0.0
0.0
0.0
0.0
0.0
0.0
0.0
0.0
0.0
0.0
0.0
0.0
0.0
0.0
0.0
0.0
0.0
0.0
0.0
0.0
0.0
0.0
0.0
0.0
0.0
0.0
0.0
0.0
0.0
0.0
0.0
0.0
0.0
0.0
0.0
0.0
0.0
0.0
0.0
0.0
0.0
0.0
0.0
0.0
0.0
0.0
0.0
0.0
0.0
0.0
0.0
0.0
0.0
0.0
0.0
0.0
0.0
0.0
0.0
0.0
0.0
0.0
0.0
0.0
0.0
0.0
0.0
0.0
0.0
0.0
0.0
0.0
0.0
0.0
0.0
0.0
0.0
0.0
0.0
0.0
0.0
0.0
0.0
0.0
0.0
0.0
0.0
0.0
0.0
0.0
0.0
0.0
0.0
0.0
0.0
0.0
0.0
0.0
0.0
0.0
0.0
0.0
0.0
0.0
0.0
0.0
0.0
0.0
0.0
0.0
0.0
0.0
0.0
0.0
0.0
0.0
0.0
0.0
0.0
0.0
0.0
0.0
0.0
0.0
0.0
0.0
0.0
0.0
0.0
0.0
0.0
0.0
0.0
0.0
0.0
0.0
0.0
0.0
0.0
0.0
0.0
0.0
0.0
0.0
0.0
0.0
0.0
0.0
0.0
0.0
0.0
0.0
0.0
0.0
0.0
0.0
0.0
0.0
0.0
0.0
0.0
0.0
0.0
0.0
0.0
0.0
0.0
0.0
0.0
0.0
0.0
0.0
0.0
0.0
0.0
0.0
0.0
0.0
0.0
0.0
0.0
0.0
0.0
0.0
0.0
0.0
0.0
0.0
0.0
0.0
0.0
0.0
0.0
0.0
0.0
0.0
0.0
0.0
0.0
0.0
0.0
0.0
0.0
0.0
0.0
0.0
0.0
0.0
0.0
0.0
0.0
0.0
0.0
0.0
0.0
0.0
0.0
0.0
0.0
0.0
0.0
0.0
0.0
0.0
0.0
0.0
0.0
0.0
0.0
0.0
0.0
0.0
0.0
0.0
0.0
0.0
0.0
0.0
0.0
0.0
0.0
0.0
0.0
0.0
0.0
0.0
0.0
0.0
0.0
0.0
0.0
0.0
0.0
0.0
0.0
0.0
0.0
0.0
0.0
0.0
0.0
0.0
0.0
0.0
0.0
0.0
0.0
0.0
0.0
0.0
0.0
0.0
0.0
0.0
0.0
0.0
0.0
0.0
0.0
0.0
0.0
0.0
0.0
0.0
0.0
0.0
0.0
0.0
0.0
0.0
0.0
0.0
0.0
0.0
0.0
0.0
0.0
0.0
0.0
0.0
0.0
0.0
0.0
0.0
0.0
0.0
0.0
0.0
0.0
0.0
0.0
0.0
0.0
0.0
0.0
0.0
0.0
0.0
0.0
0.0
0.0
0.0
0.0
0.0
0.0
0.0
0.0
0.0
0.0
0.0
0.0
0.0
0.0
0.0
0.0
0.0
0.0
0.0
0.0
0.0
0.0
0.0
0.0
0.0
0.0
0.0
0.0
0.0
0.0
0.0
0.0
0.0
0.0
0.0
0.0
0.0
0.0
0.0
0.0
0.0
0.0
0.0
0.0
0.0
0.0
0.0
0.0
0.0
0.0
0.0
0.0
0.0
0.0
0.0
0.0
0.0
0.0
0.0
0.0
0.0
0.0
0.0
0.0
0.0
0.0
0.0
0.0
0.0
0.0
0.0
0.0
0.0
0.0
0.0
0.0
0.0
0.0
0.0
0.0
0.0
0.0
0.0
0.0
0.0
0.0
0.0
0.0
0.0
0.0
0.0
0.0
0.0
0.0
0.0
0.0
0.0
0.0
0.0
0.0
0.0
0.0
0.0
0.0
0.0
0.0
0.0
0.0
0.0
0.0
0.0
0.0
0.0
0.0
0.0
0.0
0.0
0.0
0.0
0.0
0.0
0.0
0.0
0.0
0.0
0.0
0.0
0.0
0.0
0.0
0.0
0.0
0.0
0.0
0.0
0.0
0.0
0.0
0.0
0.0
0.0
0.0
0.0
0.0
0.0
0.0
0.0
0.0
0.0
0.0
0.0
0.0
0.0
0.0
0.0
0.0
0.0
0.0
0.0
0.0
0.0
0.0
0.0
0.0
0.0
0.0
0.0
0.0
3.6001418E-4
0.0
0.0
0.0
0.0
0.0
0.0
0.0
0.0
0.0
0.0
0.0
3.4208727E-4
0.0
0.0
0.0
0.0
3.347358E-4
0.0
0.0
0.0
0.0
3.2745447E-4
0.0
0.0
0.0
0.0
0.0
0.0
0.0
0.0
0.0
0.0
0.0
0.0
0.0
0.0
0.0
0.0
0.0
0.0
0.0
0.0
0.0
0.0
0.0
0.0
0.0
0.0
0.0
0.0
0.0
0.0
0.0
0.0
0.0
0.0
0.0
0.0
0.0
0.0
0.0
0.0
0.0
0.0
0.0
0.0
0.0
0.0
0.0
0.0
0.0
0.0
0.0
0.0
0.0
0.0
0.0
0.0
0.0
0.0
0.0
0.0
0.0
0.0
0.0
0.0
0.0
0.0
0.0
0.0
0.0
0.0
0.0
0.0
0.0
2.2815888E-4
0.0
0.0
0.0
0.0
2.2203937E-4
0.0
2.1961302E-4
0.0
0.0
2.159966E-4
0.0
2.1360104E-4
0.0
0.0
2.100309E-4
0.0
2.0766631E-4
0.0
2.0531412E-4
0.0
0.0
2.0180915E-4
0.0
1.9948809E-4
0.0
0.0
1.9602993E-4
0.0
1.9374014E-4
0.0
0.0
1.9032898E-4
0.0
1.880706E-4
0.0
1.858248E-4
1.8470665E-4
0.0
1.8247978E-4
-1.813711E-4
1.8026559E-4
0.0
0.0
1.7696805E-4
-1.7587522E-4
1.7478557E-4
0.0
0.0
1.715357E-4
-1.7045879E-4
3.3877016E-4
-1.6831454E-4
1.6724721E-4
1.6618308E-4
-1.6512215E-4
3.2812884E-4
-1.630099E-4
1.6195858E-4
0.0
0.0
3.1764785E-4
-1.5778546E-4
3.1350047E-4
0.0
0.0
3.0732775E-4
-1.5264156E-4
3.0324492E-4
-1.506066E-4
1.4959398E-4
1.485846E-4
-1.4757847E-4
2.9315116E-4
-1.4557593E-4
1.4457954E-4
0.0
-1.425965E-4
2.8321976E-4
-2.8125301E-4
2.7929278E-4
0.0
0.0
2.734513E-4
-2.7151723E-4
4.043845E-4
-1.3383434E-4
0.0
1.3192318E-4
-2.6194507E-4
3.9007547E-4
-2.5816215E-4
1.2814028E-4
0.0
-1.2626855E-4
3.760129E-4
-3.7323005E-4
3.704571E-4
0.0
-1.2164696E-4
3.6219766E-4
-4.7928578E-4
3.5674096E-4
-1.1800918E-4
0.0
1.1621017E-4
-3.459469E-4
4.5769772E-4
-3.4060964E-4
1.12651986E-4
1.1177075E-4
-3.3267855E-4
4.400731E-4
-4.3658816E-4
3.248374E-4
0.0
-1.0655334E-4
3.1708638E-4
-4.1936367E-4
3.1196917E-4
-6.188512E-4
0.0
5.0728116E-4
-0.0011068027
7.9827197E-4
-0.0010884821
1.9625039E-4
2.919025E-4
-8.6831854E-4
8.609599E-4
-0.0012330232
3.761482E-4
-1.8645906E-4
-6.469776E-4
8.246214E-4
-0.0011807536
7.2026544E-4
-5.3545524E-4
-4.4227642E-4
5.2602845E-4
-0.0010426911
0.0010333658
-7.68061E-4
-8.4569794E-5
1.6760573E-4
-9.964721E-4
8.2279206E-4
-9.782696E-4
4.846148E-4
-8.001921E-5
-7.134541E-4
7.06766E-4
-0.0010890578
6.934818E-4
-2.2896192E-4
-2.2677348E-4
5.240556E-4
-0.0010379942
7.342321E-4
-7.2707393E-4
-7.1995004E-5
3.5643016E-4
-8.469659E-4
8.3854044E-4
-8.9933584E-4
2.0545325E-4
0.0
-6.710419E-4
7.306115E-4
-0.0010518032
5.8553653E-4
-1.9315489E-4
-1.9114125E-4
5.6741387E-4
-8.733433E-4
6.789286E-4
-6.106336E-4
0.0
3.5855308E-4
-7.093412E-4
8.1855396E-4
-8.0959155E-4
1.1438251E-4
0.0
-6.1521016E-4
7.7422603E-4
-8.2018477E-4
4.3247658E-4
-1.6033088E-4
-4.2264917E-4
5.222213E-4
-8.258655E-4
6.121743E-4
-4.0332737E-4
-9.964159E-5
3.9383318E-4
-6.8097364E-4
5.7667535E-4
-6.646508E-4
1.4069198E-4
1.389692E-4
-5.490276E-4
7.229602E-4
-6.693182E-4
3.084263E-4
-8.700816E-5
-4.2950743E-4
4.664099E-4
-7.1152736E-4
4.5442863E-4
-3.2617868E-4
-1.6094587E-4
3.5733692E-4
-5.876285E-4
6.1839784E-4
-4.19408E-4
1.5043854E-4
2.5966341E-4
-4.3900104E-4
6.132847E-4
-4.979972E-4
2.454928E-4
-3.4573077E-5
-3.7487192E-4
4.030676E-4
-5.6273706E-4
3.9142687E-4
-1.9283491E-4
-1.2665165E-4
3.119019E-4
-5.836988E-4
3.9331897E-4
-3.873109E-4
5.866901E-5
2.3103513E-4
-4.2641698E-4
4.19696E-4
-4.130279E-4
1.8965927E-4
2.66567E-5
-3.1467297E-4
3.3530022E-4
-4.565778E-4
2.7436283E-4
-1.2261125E-4
-1.205298E-4
2.6062527E-4
-3.958278E-4
3.4317462E-4
-2.022855E-4
4.415513E-5
1.9514254E-4
-3.1936474E-4
3.344481E-4
-3.0777857E-4
1.006884E-4
3.952067E-5
-2.1325187E-4
3.232768E-4
-2.9839322E-4
1.828642E-4
-8.963406E-5
-1.4056603E-4
2.2383723E-4
-2.699087E-4
2.4785838E-4
-1.4563839E-4
-4.7531248E-5
1.2407209E-4
-2.5802306E-4
2.5245344E-4
-1.743136E-4
7.102811E-5
5.5554683E-5
-1.7647863E-4
2.520435E-4
-2.0734683E-4
1.3922116E-4
-3.7071968E-5
-1.20617406E-4
1.7654583E-4
-2.0666282E-4
1.9033845E-4
-7.64054E-5
-4.2549207E-5
1.1399425E-4
-1.9175737E-4
1.5720706E-4
-1.1474351E-4
4.651023E-5
8.141134E-5
-1.055152E-4
1.4524348E-4
-1.2447161E-4
7.250448E-5
1.5635145E-5
-4.5496E-5
1.2497269E-4
-1.2822439E-4
8.969215E-5
-4.675154E-5
-2.584705E-5
8.747636E-5
-1.02653445E-4
9.914642E-5
-7.3182535E-5
1.0860576E-5
5.2347303E-5
-6.555578E-5
1.01941456E-4
-7.471262E-5
2.6929823E-5
8.621301E-6
-4.5502376E-5
7.535574E-5
-6.0786984E-5
5.090211E-5
-1.3904509E-5
-2.3239814E-5
3.8008853E-5
-5.433157E-5
4.8841368E-5
-2.4580877E-5
2.5929814E-6
1.7208384E-5
-4.4218443E-5
3.9596744E-5
-2.9063147E-5
1.3689525E-5
9.194709E-6
-2.07099E-5
2.5860747E-5
-2.7186425E-5
1.6896072E-5
-2.6184885E-6
-8.498502E-6
1.6837332E-5
-1.8620922E-5
1.3301294E-5
-8.692794E-6
-2.37617E-6
7.1842455E-6
-9.077364E-6
1.1056719E-5
-6.7479496E-6
1.3794141E-6
1.6165108E-6
-4.5765473E-6
5.767414E-6
-3.8796875E-6
2.173353E-6
-3.592334E-7
-1.1639206E-6
1.9542435E-6
-1.4082091E-6
9.052796E-7
-3.592387E-7
-1.7243488E-7
1.7782372E-7
-1.3651128E-7
3.2331634E-8
-0.0
