0.5931058
0.28959286
0.3106831
0.30703393
0.97693235
1.3385894
1.3791435
0.54713553
1.3856349
2.0683386
1.6678264
1.4029366
1.4985517
0.97459054
0.19143553
0.39466256
0.7862696
0.65805286
0.5282195
0.63621235
0.66620743
0.83320796
0.91426116
0.65869015
0.8120134
1.2642317
2.2766812
3.2317927
3.296663
3.5959425
3.5301042
1.1879874
1.4536371
2.3038194
2.619058
2.4422245
1.916948
1.5973893
1.5946779
0.98280233
0.44850725
0.9271502
0.78852385
0.7244288
0.79312557
1.2712342
1.7319698
1.8371357
1.4152625
1.1559883
1.3052433
1.0203191
0.3930608
0.68813145
0.44850296
0.48247027
0.7145234
0.46481556
0.23612103
0.3824551
0.52677304
0.34339005
0.40507916
0.6976983
0.72902673
0.63273984
0.6145256
0.8247508
0.95615536
0.9164733
0.6906279
0.15356015
0.4746858
0.81575656
0.45820874
0.283909
0.44649416
0.49368578
0.8048533
1.0817869
1.2481171
0.8837617
0.117321566
0.6193446
0.6260955
0.40909073
0.30945158
0.41652283
1.1507474
1.7499958
1.6357718
1.1542906
0.47383294
0.33529666
0.6245806
0.69791573
0.7602189
0.51335114
0.31584832
0.7304833
0.9192599
0.8989235
0.97426033
0.8423407
0.48180178
0.3318022
0.53441364
0.68571514
0.8353981
0.75498956
0.5495319
0.41274703
0.27052373
0.7659453
1.2648617
1.7467182
1.8985759
2.0805798
2.363242
2.220713
1.7753085
0.8790411
0.9531759
1.3551534
1.5326258
1.3338268
0.9550686
0.7194312
0.3285056
0.10912169
0.33392295
0.6128986
0.9624335
1.1313894
1.2671735
0.86837274
0.5820959
1.0600766
1.1992126
1.1925128
1.0742054
0.86658156
0.64195037
0.6387126
0.7422729
0.7478145
0.80318296
0.6688746
0.15538543
0.18701774
0.2612792
0.2084041
0.24221632
0.15432812
0.20332272
0.16290079
0.39497343
0.43477908
0.26691633
0.03386246
0.20421128
0.3217663
0.3136868
0.15017611
0.26226205
0.41925156
0.5261684
0.39826578
0.21597081
0.1422719
0.26328093
0.44215682
0.4483633
0.41261846
0.53478414
0.7215753
0.64093345
0.42682925
0.22738571
0.20228398
0.29322436
0.34742913
0.28517386
0.23610242
0.3753787
0.25195155
0.060904093
0.05980123
0.05197711
0.17612086
0.3304124
0.31677482
0.2977169
0.328034
0.3368929
0.20658503
0.20388241
0.19383815
0.119212046
0.060023967
0.25597265
0.62651783
0.6464109
0.3636834
0.056494318
0.2424176
0.18027711
0.16979751
0.28251472
0.15711117
0.24401231
0.11340247
0.26352066
0.9153598
1.4220196
0.9810515
0.4496618
0.31576467
0.23590782
0.19061874
0.08984218
0.30928758
0.6586699
0.5776929
0.13542926
0.40824625
0.65826243
0.6453531
0.58840543
0.40695962
0.11239678
0.09899722
0.097365364
0.084539495
0.2959094
0.5311221
0.36409387
0.22470531
0.3242558
0.21467872
0.18904278
0.19567885
0.23789345
0.13015148
0.1235201
0.09846805
0.1538197
0.35567033
0.48137766
0.39122817
0.132578
0.18741575
0.13363323
0.30608228
0.52584666
0.6115936
0.53585124
0.37579358
0.22148861
0.1108259
0.17749672
0.1829857
0.20840636
0.18567814
0.20902266
0.26756066
0.31440052
0.21712816
0.31581208
0.46593705
0.27587014
0.04719551
0.24176802
0.4888896
0.42814508
0.18121733
0.13335846
0.08649137
0.13355894
0.12887749
0.115429126
0.25198808
0.44615462
0.38370842
0.16395576
0.20975134
0.32783845
0.30076966
0.3056406
0.18460637
0.36132157
0.5456246
0.5551936
0.34871614
0.17130525
0.11366869
0.063719235
0.14250125
0.29672387
0.5188146
0.5056235
0.22276317
0.20530438
0.13808233
0.035704188
0.049217008
0.13664462
0.16159762
0.072607934
0.1735046
0.14763194
0.11777422
0.20245746
0.0057292306
0.32538196
0.4431331
0.08514818
0.38578147
0.43364695
0.48269013
0.4708247
0.40220314
0.37286097
0.3653996
0.31422222
0.32901487
0.44335195
0.52842915
0.48301086
0.29057318
0.23602127
0.18955688
0.028868958
0.14871302
0.17158826
0.097658955
0.2860433
0.36364108
0.25543466
0.12421135
0.23624526
0.41821757
0.43722686
0.47047973
0.43154773
0.3132894
0.23746271
0.1726735
0.08500161
0.16681077
0.3738713
0.37160087
0.2934655
0.07623063
0.14854544
0.20984262
0.24956852
0.38425502
0.47558498
0.46570405
0.4653178
0.4433589
0.45780182
0.46081242
0.30603313
0.34058937
0.33978957
0.06491883
0.27195728
0.34432942
0.2516277
0.20636076
0.21117252
0.16838755
0.34068444
0.43646622
0.29172936
0.20437233
0.1909995
0.28650114
0.35178733
0.46872404
0.77403843
0.6981242
0.29522198
0.10434672
0.13235803
0.18964973
0.3136757
0.49487695
0.48263496
0.34279838
0.30552354
0.2187654
0.13084692
0.15989366
0.122880116
0.20066662
0.10613907
0.1799988
0.25602484
0.16258267
0.07328544
0.064307384
0.24446876
0.31191027
0.22490227
0.02957265
0.17973119
0.20103528
0.08964697
0.097229466
0.11984262
0.37853056
0.23707996
0.089163765
0.23864713
0.20575139
0.12555662
0.12318595
0.13531537
0.17527175
0.2130711
0.3446977
0.3301186
0.2792539
0.28379282
0.19617449
0.11052728
0.037526067
0.26124543
0.36662814
0.30071464
0.17444885
0.14139055
0.118394494
0.12579536
0.35534152
0.4461797
0.32231605
0.2457431
0.29439774
0.38592672
0.34881863
0.2938201
0.3394735
0.24268484
0.18784775
0.3082768
0.29434866
0.32886627
0.495932
0.6678501
0.48330933
0.2823055
0.3422857
0.23699786
0.107615
0.12903923
0.11711015
0.03218171
0.09057982
0.13198169
0.062539645
0.067784525
0.12784736
0.1729609
0.22876312
0.1851477
0.15627038
0.116552666
0.27083585
0.16939008
0.21669677
0.12948051
0.3719374
0.26613265
0.26425645
0.32335582
0.35249496
0.19297633
0.15820597
0.21687813
0.19107111
0.13574903
0.33025926
0.447329
0.23284575
0.1059486
0.1285665
0.16274123
0.2331666
0.4452893
0.52085793
0.2622944
0.12177599
0.026052186
0.15050402
0.42022285
0.35766232
0.07964666
0.098536305
0.07981415
0.08258411
0.13587244
0.19887991
0.37972352
0.21346013
0.14088538
0.100040324
0.148197
0.13924667
0.18310376
0.37711847
0.45329386
0.3049105
0.26430705
0.41597414
0.10166674
0.32442087
0.6838431
0.7441527
0.6199736
0.59814113
0.6187937
0.63578624
0.69889635
0.50624615
0.37456065
0.49843118
0.5046084
0.5016677
0.44734776
0.23803985
0.04898594
0.25243255
0.26776373
0.19186896
0.21741274
0.31330094
0.38853294
0.50225633
0.41734377
0.35357735
0.31841
0.39748356
0.28288624
0.14284895
0.19315395
0.25341037
0.13464814
0.116658695
0.26367941
0.25605193
0.24818763
0.30014634
0.32386315
0.50887555
0.45174584
0.309826
0.42256752
0.28223816
0.063260384
0.21228895
0.07097542
0.22633332
0.20380536
0.31358278
0.69133794
0.8793815
0.4251768
0.43585613
0.48439607
0.23040475
0.53218895
0.53873265
0.4159685
0.1874359
0.23084334
0.5691166
0.5502361
0.358494
0.38419458
0.6160075
0.59440225
0.38319877
1.1359798
0.8510843
0.33649257
0.5189224
0.74083155
0.9456134
0.9245072
0.5855362
0.14488776
0.49771073
0.9445105
1.0825198
0.8496665
0.7541356
1.0898694
1.3263465
0.5963634
0.78450096
1.3837055
1.4235696
1.4233836
1.4594795
1.3404602
0.5013392
0.72576237
0.862259
0.7457695
1.0875005
1.1709673
0.6908451
0.80493534
0.937623
0.8258221
0.72768664
0.7572058
0.9719179
1.0704666
0.8831681
0.78103215
0.5902894
0.42524615
0.37923875
0.10990469
0.51721096
0.51550716
0.21621014
0.31320068
0.54516023
0.6995995
0.54328114
0.41286892
0.28676647
0.46174365
0.81795925
0.6342082
0.59177995
0.574136
0.44686857
0.14008385
0.77893573
1.3059515
1.4501318
1.5644665
1.3609498
1.1072421
0.8422208
0.5367859
0.59138805
0.5122307
0.3210624
0.4003678
0.18080053
0.52459025
0.83251894
0.06510916
1.0608228
0.71774614
0.2986796
0.5061171
0.4284982
0.39820224
0.51358104
0.75261015
0.6660728
0.2750371
0.18343301
0.2045455
0.085226454
0.11217844
0.12552327
0.38295126
0.60194486
0.62943846
0.3154501
0.43601328
0.5512167
0.4406179
0.5374003
0.4491835
0.3547025
0.16232882
0.18303545
0.2344082
0.09964668
0.038373683
0.074713945
0.26132318
0.45541155
0.49428073
0.4927687
0.37700683
0.304894
0.5645437
0.75234914
0.52599365
0.204854
0.26418927
0.40678352
0.22454417
0.35722014
0.3334023
0.114787325
0.02403724
0.032642026
0.048740543
0.27444467
0.40979615
0.24043708
0.20731147
0.35115737
0.43413764
0.41192177
0.32903686
0.2582794
0.26875934
0.22838168
0.30551663
0.26097333
0.13722534
0.16173325
0.17069991
0.33189908
0.40312558
0.4216702
0.42027357
0.4637676
0.31565425
0.05572117
0.05530488
0.078610666
0.04937376
0.2144663
0.46968126
0.43150336
0.3219538
0.28042114
0.18854214
0.1353515
0.12953654
0.41961783
0.38817534
0.2225122
0.2206919
0.18749751
0.29693037
0.329016
0.2871249
0.34632775
0.31575045
0.18882716
0.2136795
0.30214706
0.40104753
0.4558711
0.4584991
0.30538094
0.12694725
0.1350327
0.15612026
0.07226005
0.36364743
0.48258504
0.30466664
0.16867185
0.24006146
0.11838318
0.26433623
0.40395492
0.31390586
0.32770658
0.28694955
0.24819942
0.3331447
0.19577728
0.16118301
0.3851805
0.5635373
0.46164674
0.33410725
0.39812914
0.32300705
0.096590586
0.14932026
0.26084363
0.28167096
0.18346204
0.095409624
0.06810823
0.07003039
0.16325194
0.23758826
0.2129127
0.23087113
0.3045642
0.23431906
0.14836617
0.03585701
0.09648254
0.13975401
0.17072196
0.0762983
0.059290763
0.20468023
0.37000826
0.28414884
0.1066958
0.10627642
0.14958163
0.09658661
0.1360221
0.15696685
0.06100288
0.02940082
0.09031447
0.10817135
0.12626919
0.21725103
0.19383062
0.07034387
0.065968536
0.10915736
0.17088632
0.22767146
0.18074496
0.049107894
0.14925188
0.27859914
0.33625916
0.2803519
0.2822923
0.27304485
0.15565614
0.083817825
0.12603739
0.08179879
0.042838328
0.059582222
0.15182851
0.20607588
0.12569214
0.04798651
0.010276586
0.10433272
0.08395891
0.05325269
0.05822079
0.0601417
0.059211828
0.14846203
0.13756827
0.0786735
0.09093242
0.062459655
0.079361334
0.07618397
0.09078585
0.13801475
0.14990239
0.09332449
0.068924546
0.10224611
0.02182753
0.21459265
0.27233085
0.18963164
0.040758096
0.110364236
0.1257024
0.08127889
0.10987951
0.10329997
0.092542015
0.063055724
0.18376851
0.22411531
0.2061292
0.11301542
0.11450162
0.13625689
0.25052184
0.35824665
0.32128868
0.14990596
0.12337316
0.28754368
0.26850593
0.12112249
0.18215413
0.16736133
0.19203812
0.23220529
0.24598692
0.20601347
0.15308276
0.21758564
0.1815185
0.11916249
0.12652197
0.15565729
0.1498544
0.19741346
0.1679349
0.08284074
0.11266829
0.120150834
0.049960893
0.0879331
0.11765697
0.06729573
0.013937699
0.140659
0.16172266
0.11781769
0.1986351
0.20264801
0.17573847
0.1335524
0.17305394
0.1784019
0.079423286
0.040861107
0.095563225
0.07243308
0.07380273
0.17376159
0.18582046
0.12453766
0.080180876
0.11199752
0.07200679
0.068480045
0.15285394
0.119932584
0.037812084
0.06602184
0.1731784
0.1974249
0.106106065
0.18303433
0.27450126
0.20637538
0.10879477
0.091121554
0.04064569
0.062344715
0.090556175
0.1423282
0.17665558
0.16200595
0.124067076
0.07103538
0.2246115
0.25480205
0.12420256
0.065744705
0.115326226
0.096365385
0.13160957
0.13291226
0.050182458
0.10211829
0.12347823
0.101178356
0.12002306
0.10824316
0.10480992
0.11391086
0.08757267
0.08374991
0.08050098
0.1448443
0.24744813
0.23487152
0.13166599
0.06395684
0.08813204
0.09149905
0.12171671
0.17323734
0.19573022
0.12515445
0.08958592
0.15969604
0.15227428
0.04616114
0.18482046
0.12834942
0.18363325
0.22382101
0.17953382
0.08045014
0.09217396
0.14036864
0.15769675
0.17298383
0.19832033
0.20069948
0.2015486
0.091524936
0.15779202
0.23282216
0.1166134
0.065291025
0.05192621
0.094038986
0.12996006
0.11342747
0.19947177
0.12291751
0.05419507
0.06398142
0.09252094
0.069115
0.09838168
0.1206092
0.030529039
0.11212488
0.1633161
0.13427275
0.024031252
0.03254803
0.018056126
0.05347653
0.06991772
0.08242867
0.08554285
0.12468356
0.12743755
0.0860631
0.09002988
0.09541981
0.033764485
0.032326456
0.09947106
0.20575158
0.19021648
0.1548133
0.14655547
0.03348448
0.10037885
0.07588598
0.07042742
0.09204574
0.07004301
0.084998034
0.07700008
0.029870013
0.10629283
0.09754232
0.065066054
0.043957595
0.09272191
0.14843655
0.18592574
0.16302313
0.1129448
0.037655115
0.092941016
0.120203294
0.050053168
0.0881446
0.080644526
0.052766424
0.118072
0.065445036
0.13767603
0.14431415
0.07629174
0.09980124
0.07597161
0.09996263
0.09561303
0.1361515
0.16907896
0.10432698
0.14155108
0.13646905
0.10848927
0.20298386
0.19983764
0.12731832
0.049103275
0.030680103
0.06379437
0.089058734
0.07854384
0.012705322
0.09516109
0.192044
0.19523074
0.2420047
0.19502534
0.16461462
0.17032258
0.15866917
0.08363921
0.05873004
0.018517544
0.11089376
0.1713007
0.0631701
0.061452374
0.13662982
0.08008094
0.04727533
0.16741511
0.1922102
0.058853887
0.10099133
0.17339881
0.1396149
0.0920927
0.044011228
0.02458034
0.0077801514
0.05009429
0.04258757
0.0633448
0.10631807
0.14448884
0.11952176
0.12778829
0.21253884
0.14323956
0.17880781
0.23977713
0.19225809
0.12570053
0.11768144
0.0678164
0.08859991
0.09461565
0.050493285
0.07094655
0.03890732
0.046864193
0.09171017
0.12821819
0.121609084
0.20725708
0.20079681
0.14396782
0.058817953
0.03268879
0.06274017
0.10035126
0.14573765
0.09204147
0.09542593
0.048164118
0.080770366
0.0984713
0.087664336
0.057230778
0.06958187
0.15891409
0.13545297
0.06603897
0.0568594
0.15109587
0.16615604
0.13632256
0.13654937
0.08368468
0.03699943
0.089922786
0.1077656
0.16983351
0.107167415
0.120131515
0.19153172
0.14106755
0.07811512
0.1754019
0.1661016
0.0860435
0.03315116
0.020136012
0.05559542
0.06489507
0.11557343
0.12416202
0.036602695
0.099699706
0.15664868
0.16400324
0.18638349
0.1359583
0.06698534
0.19015755
0.26190042
0.24171092
0.1393596
0.097214505
0.19890095
0.21139175
0.19016936
0.08010582
0.007958311
0.047475025
0.0786859
0.08616009
0.036097623
0.01924581
0.094978586
0.10379615
0.077881426
0.02992754
0.076923065
0.11301551
0.05479765
0.050792847
0.103655025
0.0907162
0.13389769
0.23382014
0.186294
0.07197038
0.10149687
0.10132168
0.1211763
0.07503955
0.061759524
0.06645958
0.10208447
0.123889364
0.1612587
0.136628
0.030973341
0.049896013
0.10361304
0.09719372
0.069721304
0.111087956
0.1562895
0.1744915
0.1125431
0.071705565
0.043619752
0.091345094
0.12291051
0.13594621
0.01507678
0.1143637
0.031659
0.10019896
0.009078233
0.058873784
0.19357277
0.25003943
0.12755437
0.030936483
0.10543827
0.047080293
0.11561645
0.040893987
0.063747644
0.21657558
0.2713273
0.21604732
0.18293878
0.16348761
0.10299595
0.13149346
0.1803728
0.25151375
0.27316186
0.25323212
0.26438576
0.25082347
0.14928843
0.06008803
0.068443894
0.0463428
0.0699825
0.06223554
0.16158757
0.2630247
0.25465977
0.20486026
0.21059749
0.22727644
0.15739535
0.17339087
0.13301025
0.102119625
0.12220569
0.15814209
0.06728933
0.07544031
0.13787869
0.110446446
0.06455999
0.04645906
0.022274924
0.09518006
0.06527799
0.119687624
0.15936817
0.13046256
0.019010263
0.060803924
0.108895354
0.23437427
0.13861439
0.054291077
0.13869491
0.16062132
0.25458074
0.26807266
0.1976586
0.16786012
0.06388606
0.06459287
0.14379677
0.18801509
0.13027686
0.18205553
0.22985576
0.22576746
0.12345656
0.10808655
0.07236686
0.15086736
0.11585366
0.12166762
0.14523074
0.081943676
0.03318035
0.061315883
0.10856261
0.13543673
0.045286246
0.018492572
0.10636909
0.10353863
0.12917249
0.11647801
0.12037899
0.07509392
0.15039022
0.2569454
0.24076952
0.119126685
0.23225558
0.24650829
0.23354897
0.23981845
0.15675414
0.055973947
0.17826651
0.20939064
0.1422589
0.11741782
0.056642484
0.019602703
0.13756724
0.09476475
0.19906422
0.2846356
0.24354714
0.024152828
0.22257744
0.1636996
0.027749991
0.09063219
0.13715139
0.03903736
0.23012342
0.3023148
0.20264494
0.057746198
0.20123503
0.20550874
0.17439662
0.09943613
0.122985
0.17676724
0.15431553
0.14682817
0.2950583
0.4129124
0.32333818
0.11565206
0.10493869
0.23870984
0.3430676
0.25470242
0.14102685
0.36460197
0.29987636
0.18112008
0.15289135
0.02253501
0.101472385
0.08427341
0.15548296
0.15473692
0.05996086
0.09432027
0.21826585
0.25397107
0.2566657
0.31063634
0.32292908
0.48149362
0.50771105
0.3375109
0.2434621
0.033909887
0.4019857
0.6462501
0.36221826
0.087138504
0.16173
0.20483312
0.33164236
0.2703324
0.3341785
0.44151136
0.38449457
0.25604385
0.09931857
0.054412037
0.11885117
0.15267919
0.19494942
0.31306228
0.34665236
0.12569499
0.23353592
0.15503988
0.078605525
0.05684805
0.1581508
0.24044259
0.21146153
0.11654334
0.19091326
0.24522407
0.48032087
0.6484683
0.67695594
0.4666093
0.2146282
0.1755162
0.31430832
0.36239904
0.47423866
0.44869974
0.18689655
0.14671218
0.27371413
0.28402644
0.22090238
0.10482684
0.3321526
0.45556048
0.31542623
0.24312045
0.32258514
0.33712846
0.26522595
0.14827845
0.14729153
0.15733771
0.1316947
0.048073124
0.3030308
0.4564995
0.3201866
0.34182873
0.46441904
0.57784367
0.5149439
0.36927286
0.2547225
0.1203049
0.13482286
0.22639665
0.2658452
0.369126
0.29701504
0.47482455
0.37251133
0.07636332
0.030110965
0.11569565
0.14984538
0.2643213
0.5633326
0.69634855
0.5584231
0.42380443
0.37871245
0.38299698
0.35101962
0.30968675
0.17426968
0.22145078
0.2665003
0.40109015
0.3901974
0.25662696
0.25378034
0.57047105
0.6887754
0.40211514
0.35563222
0.38040394
0.31455535
0.13101064
0.15007089
0.22370915
0.14787549
0.22227868
0.44518656
0.4123513
0.16333723
0.27668992
0.46627313
0.3223813
0.11666576
0.2039258
0.25731802
0.23499471
0.21391848
0.15504454
0.15040158
0.24304044
0.065401234
0.03847634
0.038429905
0.053755254
0.13155475
0.104761064
0.09041877
0.256316
0.3015392
0.25409648
0.19937888
0.16747919
0.17487814
0.16473907
0.29737544
0.2663863
0.113778986
0.108018026
0.12433593
0.23506162
0.26650393
0.15358035
0.12624177
0.11025951
0.046285365
0.025213856
0.09357254
0.21503934
0.100863
0.13471241
0.07057186
0.08191447
0.10335272
0.16650687
0.084132746
0.2864396
0.14914106
0.10401915
0.1274356
0.077948235
0.012108254
0.16107993
0.17285953
0.16263533
0.21286932
0.14509763
0.20422874
0.26733562
0.3102919
0.2523304
0.12935528
0.15454148
0.06771508
0.083079316
0.059392583
0.10194007
0.038346484
0.16335888
0.16933694
0.07491173
0.05657556
0.07582949
0.037635155
0.06794979
0.18927415
0.0787645
0.24407992
0.18830734
0.25451046
0.25874242
0.2302063
0.10182629
0.19099607
0.30371827
0.26434618
0.23539785
0.19048513
0.04100643
0.15625364
0.22395222
0.120587975
0.047757592
0.038124707
0.039165765
0.1401956
0.23702693
0.19648531
0.13530184
0.1064711
0.09216065
0.10689553
0.1720922
0.14547405
0.1105703
0.060538787
0.120761305
0.116087675
0.03948598
0.06335362
0.075692415
0.123404555
0.06818867
0.07013501
0.06405471
0.16278906
0.08337834
0.02393775
0.20828281
0.1562384
0.030812772
0.10305615
0.10394205
0.05946965
0.15332755
0.17764893
0.21225123
0.33012187
0.3374942
0.20628761
0.11988278
0.14915843
0.07911298
0.17922668
0.12921233
0.18822977
0.1935645
0.26644725
0.15949234
0.09305004
0.040278763
0.28405944
0.17391844
0.25948787
0.96887153
0.7079606
0.51387745
0.407637
1.8646226
0.7474252
4.662921
4.302733
4.1433353
6.1266823
8.198196
9.84467
6.750207
2.79491
1.5431387
2.3963854
2.4618835
2.4737656
4.4926834
4.50608
4.9291825
6.387806
5.795679
3.8802838
2.8629763
1.8830726
0.769321
0.16390742
0.25750822
0.28877994
0.2445622
0.26061046
0.09813187
0.24361902
0.17146157
0.23499474
0.30905452
0.1987849
0.19748776
0.045259625
0.21486558
0.26448566
0.20432407
0.15475947
0.14932092
0.109984286
0.1093867
0.21198344
0.13206728
0.1020846
0.076878786
0.043152925
0.1000627
0.07457274
0.06591699
0.09068765
0.0316822
0.031812347
0.078125805
0.14116567
0.031558
0.1689309
0.081076995
0.27306795
0.30067068
0.18427627
0.14833415
0.12791735
0.08473386
0.040820744
0.11571658
0.14360863
0.06773497
0.06359212
0.13437319
0.118792094
0.10582507
0.05140202
0.22369133
0.19801532
0.051145107
0.04659805
0.11856707
0.12746853
0.03467305
0.015435472
0.10293764
0.13559417
0.13974592
0.1594054
0.09814174
0.017607436
0.021498822
0.073967926
0.14735116
0.07584172
0.08939234
0.10484431
0.07063229
0.10182266
0.1535178
0.15667626
0.15027322
0.13167728
0.08285554
0.023812205
0.031379383
0.032043535
0.04806072
0.038822602
0.061003186
0.07264552
0.014429189
0.15074214
0.16677852
0.077837996
0.08073489
0.100189775
0.08439044
0.09971559
0.022617776
0.08449343
0.15908119
0.1436976
0.11462348
0.09783299
0.0318355
0.060236584
0.09811258
0.027588721
0.01341863
0.100755475
0.04158665
0.12859264
0.08393414
0.09504398
0.083123654
0.05265061
0.13459015
0.15236156
0.13694079
0.12291706
0.02836431
0.1323081
0.19092302
0.1849805
0.13015917
0.08333733
0.0568251
0.094581194
0.11429891
0.16256516
0.20983465
0.12237827
0.06366702
0.08883052
0.010966274
0.042101678
0.06582949
0.14779939
0.23915756
0.1504908
0.052271023
0.12842017
0.19194683
0.10735446
0.06995016
0.07709656
0.12359483
0.094465785
0.062699325
0.06749547
0.09088455
0.09612306
0.093004584
0.10728035
0.06296924
0.035788063
0.04536715
0.0777694
0.04362571
0.027401673
0.0929468
0.09260659
0.05917146
0.031123897
0.1820807
0.19260757
0.09962521
0.010593582
0.0943819
0.026507713
0.049911365
0.055044852
0.039520174
0.043408263
0.13945305
0.18707907
0.09261265
0.010205656
0.07392779
0.038105074
0.07426867
0.10191684
0.05817558
0.096635275
0.12275239
0.067450844
0.034174588
0.057979535
0.020116067
0.043086715
0.08944583
0.08068229
0.051176853
0.061939973
0.05305261
0.025095098
0.042305864
0.06957414
0.10159656
0.1341318
0.097630955
0.072757974
0.103074886
0.10100645
0.04649592
0.052991875
0.06349111
0.032111675
0.058350448
0.07441928
0.023424134
0.05283285
0.061218154
0.031266812
0.012176745
0.030589914
0.10356637
0.12083869
0.039087594
0.055175383
0.061599012
0.069877476
0.063900374
0.031996325
0.036816627
0.040525105
0.036231454
0.07302098
0.03794822
0.022447217
0.04739237
0.050581466
0.032942593
0.035226133
0.02587346
0.057338547
0.05736472
0.019681925
0.04203007
0.02917262
0.026443841
0.02816451
0.064784326
0.0424848
0.03369326
0.037441093
0.043228354
0.014026856
0.030722717
0.038793657
0.023644665
0.0669397
0.105680294
0.051802628
0.05911096
0.033849876
0.035136722
0.059308905
0.09032634
0.0744177
0.015760172
0.026149044
0.036817275
0.01583028
0.006944383
0.034781788
0.026982326
0.055959042
0.049388457
0.05216262
0.04333794
0.01634847
0.038288254
0.07713448
0.09279062
0.075764276
0.036967017
0.047523513
0.030378943
0.024473783
0.013454822
0.05271441
0.0705588
0.04983076
0.004333891
0.016885335
0.00894537
0.022838252
0.02124023
0.0449666
0.02636359
0.007627555
0.06020273
0.037059784
0.05466325
0.072937824
0.04679101
0.027120821
0.024183877
0.025867067
0.058224462
0.046603445
0.026784036
0.05679381
0.044868078
0.05133304
0.040865596
0.020884946
0.02804994
0.07344832
0.0600483
0.016711406
0.023537682
0.047698453
0.073560946
0.07409098
0.056366894
0.03521965
0.03024053
0.049416382
0.05811572
0.098852016
0.07465362
0.045719974
0.018648732
0.013452753
0.05811815
0.084000275
0.080350235
0.04611871
0.044376437
0.10956251
0.0714062
0.025091048
0.051155806
0.10425063
0.09890558
0.027975159
0.02422343
0.019563759
0.028648723
0.049722567
0.07114969
0.025666215
0.03095491
0.031415492
0.038429204
0.023867097
0.04421346
0.053111054
0.03311917
0.046308722
0.05022257
0.044683542
0.033980574
0.03308646
0.018667236
0.028160976
-0.015259234
-0.009155519
-0.015259145
-0.0122072585
-0.0061035934
-0.021362426
-0.0183105
-0.018310327
-0.0274652
-0.015258265
-0.006103227
-0.015257851
-0.009154571
-0.0061029466
-0.018308517
-0.006102724
-0.012205204
-0.027461126
-0.018307008
-0.027459865
-0.021357145
0.0
-0.009152577
0.003050773
0.0
-0.0061011794
0.0
0.0030503923
0.0030502882
0.0
0.003050069
-0.006099908
0.0030498356
0.0030497136
-0.0091487635
0.006098917
-0.0060986513
-0.0060983784
0.0
-0.027440151
-0.015243792
-0.021340255
-0.0152422665
0.0
-0.015240669
-0.0030479687
-0.012191201
-0.0060952557
0.0060949037
0.006094545
0.021329626
0.012187611
0.006093425
-0.003046519
0.0030463214
0.021322845
0.027413245
0.04263991
0.018272977
0.012181125
0.015225312
0.00608968
0.033490755
0.02131069
0.018264908
0.018263487
-0.006087349
0.015217152
0.0121727325
0.012171729
0.01217071
-0.009127258
-0.012168631
-0.018251354
-0.0121664945
-0.012165405
-0.012164301
-0.009122387
-0.021283587
-0.012160904
-0.018239614
-0.0060792835
0.006078689
-0.009117131
0.0
-0.012153724
0.0030381195
0.018226825
0.018224914
0.030371632
0.0060736747
0.0060730157
0.00607235
0.0030358385
0.024283987
0.018210929
0.027313268
0.0060689137
0.0
0.0060674897
0.0
0.024264148
0.0121305995
0.012129112
-0.006063805
-0.00909457
0.012124563
-0.012123018
0.009091094
-0.0030299714
-0.024236597
-0.012116697
-0.027258933
0.0
0.0
0.0
-0.0060542384
-0.021186883
0.006052545
0.009077531
0.0121016465
0.012099904
0.0060490733
0.012096376
0.0
0.024185583
0.021159211
0.01208915
0.018130964
-0.0090640895
-0.0030208959
-0.0060408497
-0.009059851
0.0
-0.021132937
-0.0060370117
-0.021126121
-0.012070101
-0.009051089
-0.024132244
0.0
-0.018093131
-0.012060049
-0.006028998
-0.009041947
0.006026925
-0.006025878
0.0030124118
-0.0060237623
-0.003011347
0.018064857
0.009030805
0.012038895
0.0
0.006017248
0.015040345
0.009022531
0.030069483
-0.0030063826
0.009017441
0.009015723
-0.015023326
0.018024513
-0.0060070055
0.0060058325
-0.0030023265
-0.012006932
0.0
-0.015002679
0.002999932
-0.0029993248
-0.002998714
0.0
-0.0059949644
0.008990583
-0.011984945
0.0
0.0029949767
-0.011977367
0.011974813
-0.0029930614
0.005984832
0.008975302
-0.002991115
0.017942756
-0.0029898002
0.014945688
0.0
-0.002987802
0.014935645
-0.0029864528
0.02090041
0.008955269
0.014922015
0.014918565
0.0029830192
0.026840901
0.002981622
0.01490459
0.0059604216
0.0029795002
0.020851502
0.0029780685
0.017864086
0.00892987
0.0029758955
0.008925493
-0.008923289
0.005947383
-0.0029729502
0.0029722054
0.0059429146
-0.011882822
0.008909851
-0.002969192
0.014842152
0.014838325
-0.011867586
0.0059322487
-0.011861396
0.0
0.0
-0.0029630025
0.0029622135
-0.014807106
0.005921251
0.0
0.011836096
0.017749308
0.0029574088
0.008869789
-0.008867341
0.002954961
0.0
0.0029533124
0.02066738
0.008854951
0.023606513
0.0088499235
0.0029491317
0.014741428
-0.002947436
0.011786332
-0.008837181
-0.0029448674
0.0029440045
-0.0058862767
0.02059588
-0.0029413959
0.0029405195
-0.00293964
-0.011755029
0.008813613
-0.008810944
0.008808265
0.0
-0.0029342927
0.01173356
-0.0058649676
0.017589446
-0.0029306617
-0.005859491
0.0029288263
-0.005855807
0.017561866
-0.0058520967
0.0029251156
0.00292418
-0.011692963
0.014611491
0.0029213524
0.020442825
0.011677804
0.0029184956
0.008752611
-0.014582873
0.0029156092
-0.0145732025
-0.008741006
-0.0029126934
-0.020382004
0.0029107332
-0.01745849
0.00290876
0.0029077684
-0.014533868
0.011623102
-0.02033342
-0.0058075394
-0.008708286
-0.017410506
0.0116029475
-0.008699158
0.008696096
0.0
-0.0028966474
0.017373703
0.0028945834
0.020254826
-0.00867752
-0.0028914632
-0.002890417
-0.02022557
0.011553257
-0.017323548
-0.0057723974
-0.011540545
-0.025956634
-0.0028830015
-0.023055436
0.002880854
0.0
-0.0028786939
0.0
-0.034518253
-0.0028754298
-0.022994682
-0.011492951
0.011488548
-0.014355165
0.005739852
-0.017212894
-0.0057354043
0.005733171
-0.0057309316
0.0
-0.031495385
-0.008586263
-0.005721911
-0.00857946
0.008576044
-0.005715079
0.028563946
-0.011420987
-0.019978669
0.0057058823
-0.019962486
0.025655609
0.0056989193
-0.0028482927
0.002847123
-0.028459499
0.0
-0.0028435946
0.0056848247
-0.002841227
-0.011360154
0.0
-0.031214174
0.008509363
0.0028352535
0.0
0.014164213
-0.016989795
0.0056608384
-0.016975218
-0.008483951
0.0028267615
-0.011302144
0.008472922
-0.016938455
-0.0056436826
-0.019744225
-0.028193628
0.014090596
0.005633745
0.02252498
0.0056287395
-0.011252455
-0.002811855
-0.011242372
0.022474622
0.022464478
0.008420367
0.008416545
-0.0112169515
0.011211831
0.008405024
0.01960272
0.016794598
0.0055956147
0.011186049
-0.016771287
0.0027939132
0.0
0.0027913023
0.030689916
0.0
-0.0055747265
-0.0250744
-0.027847225
-0.0055667954
-0.0055641397
0.016684435
-0.005558811
-0.0111122755
-0.008330188
-0.01665232
0.013870206
-0.0027726928
0.0027713412
0.005539974
-0.013843149
-0.0027672697
-0.00829772
0.011058162
0.01657903
0.0082853995
0.013802125
-0.0027590476
0.008273001
0.011025134
0.013774485
0.019274555
-0.0027521157
0.0
-0.016495937
-0.008243767
0.005493037
-0.002745112
0.005487405
-0.013711452
-0.013704375
-0.0191762
-0.02190429
0.0027366127
-0.008205558
0.0054675136
-0.005464649
-0.013654447
-0.0027294515
-0.016368065
-0.0027265672
-0.0054502413
-0.0136183575
-0.010888877
-0.021766117
-0.0054386137
0.0
-0.00814915
-0.002714917
-0.016280688
-0.01627186
-0.018973514
-0.010836098
-0.008122634
-0.018942432
0.0
-0.016218526
-0.013507983
-0.021600822
-0.03238327
-0.018879745
-0.026956044
-0.018858695
-0.026925916
-0.02421973
-0.018826976
-0.03763273
-0.0161192
-0.024165107
-0.0053669754
0.018773727
-0.018763019
-0.005357798
-0.008032092
-0.013379131
0.008022858
-0.008018228
0.0053423936
-0.0053392965
-0.0053361943
-0.0053330865
-0.0026649865
0.021307418
0.013309327
0.015961803
-0.005317467
-0.01594298
0.0053111813
0.010616062
0.018567063
0.002650857
-0.0026492737
-0.0052953754
-0.021168793
-0.002644508
-0.0052858284
-0.0026413177
-0.007919156
-0.023743052
-0.013182564
-0.015809435
0.0
0.002631684
-0.015780415
-0.01314226
-0.028895153
-0.013126047
-0.010494337
-0.00786587
-0.0026203264
-0.013093468
0.002617058
-0.0026154201
0.0052275592
0.007836409
-0.0052209813
0.01043537
-0.0052143834
0.0078166155
0.02083106
0.005204448
0.026005631
0.010395599
0.0051944675
0.0129778255
0.007781682
0.018145544
0.012952723
0.020710927
0.010348739
0.0077565038
0.0051676305
-0.005164253
0.010321742
-0.002578742
-0.002577046
0.0077260425
-0.018015526
0.0025719432
-0.007710712
-0.010274116
0.0
-0.012825524
0.0051267785
-0.007685013
-0.005119901
0.0
-0.0051130042
0.01788342
0.005106088
0.0025513112
-0.002549576
0.0
0.007638296
0.0050887126
0.020340893
0.012704322
0.02031292
0.015224178
-0.0076068263
0.012669261
0.005064186
0.010121327
0.025285678
0.0
0.0075751
0.0025232625
0.007564468
0.012598569
0.0050358716
0.012580778
0.0
0.0025125882
-0.0025108012
-0.0050180233
0.0025072198
-0.0025054256
0.0075108875
-0.012509152
-0.010000118
0.0024982262
-0.009985682
0.009978451
0.004985605
0.00249099
0.0
-0.007462075
0.002485539
-0.0074511524
0.009927575
0.0049601356
0.0
0.0
-0.017322034
0.0
-0.009883616
0.0024690644
0.012336114
-0.004930758
0.0024635328
-0.014770107
-0.009839336
0.004915963
-0.004912253
0.004908539
-0.017166872
-0.022054939
-0.014692111
-0.024468193
-0.009779805
-0.02198773
-0.014647254
-0.012196673
-0.02193712
-0.009742317
-0.009734794
-0.0024318153
-0.0024299303
0.002428043
0.0072784605
0.0
0.0024223684
-0.0024204727
0.007255724
0.0072500245
0.0024147728
0.021715818
0.00964385
0.016863378
0.016850006
0.0048104622
0.019226534
0.0096056005
0.014396888
0.0119878035
0.0
0.0047874264
0.0047835726
0.014339144
0.004775853
0.0071579805
0.0071521755
-0.004764243
0.0071405475
0.0071347244
0.016634088
0.00712306
0.007117219
0.016593201
0.0071055186
0.021298978
0.014187589
0.01653849
0.025967505
0.0141523285
0.025924344
0.025902731
0.021175442
0.021157725
0.0140933255
0.01877532
0.014069643
0.016400749
0.0163869
0.016373038
0.021033209
0.016345274
0.01633137
0.009324261
0.009316301
0.011635418
0.00930036
0.006969284
0.0023210973
0.0
-0.0046341936
-0.0069452818
-0.004626178
-0.011555413
-0.004618148
-0.011535318
-0.01613536
-0.009212149
-0.011505107
-0.0068970113
-0.0022969844
-0.002294963
-0.00458588
-0.002290915
-0.0022888882
0.0
0.0
0.0
-0.0022807634
-0.011393638
-0.013660141
-0.011373255
-0.0136356605
-0.006811702
-0.011342614
-0.0090659065
-0.0067932857
-0.01809903
-0.00904131
-0.0067748227
-0.004512439
-0.0067624883
-0.018016836
-0.018000355
-0.008991931
-0.0044918386
-0.008975416
-0.0044835745
-0.008958875
-0.013425891
-0.0111778835
-0.013401018
0.0
0.006688053
0.0022272724
0.0
-0.008892442
-0.006663081
-0.004437884
0.00443371
0.008859067
0.002212677
0.008842341
-0.004416984
0.0
0.0044086017
0.0
0.0066003096
-0.0043960037
-0.0021958991
-0.0043875896
-0.0021916889
0.008758325
0.0
0.0065560853
0.0021832495
0.0
0.013074123
0.0065307114
0.017398283
0.013035993
0.013023265
0.017347371
0.010831485
0.0129850255
0.0064861304
0.012959488
0.010788921
0.006466957
0.015074632
0.006454152
0.017193982
0.00644133
0.0042899414
0.01499981
0.0042813756
0.014969809
0.010681996
0.006402758
0.010660524
0.0021299555
0.010639023
0.006376957
0.01698799
0.010606719
0.0042383745
0.014819207
0.0021148704
0.008450839
0.0042210957
-0.0021083844
0.006318659
0.0
0.01050943
0.0041994345
0.010487736
0.012572254
0.0
0.008364115
0.0
0.004173353
0.0041689966
-0.0020823188
0.006240414
-0.008311824
-0.004151545
-0.0041471757
-0.010357009
-0.0020692146
-0.014469183
-0.0020648362
-0.008250581
-0.004120906
0.0041165184
-0.004112129
0.006161605
-0.010258355
-0.004098945
-0.0020472726
-0.008180287
0.0122572165
-0.0020406658
0.0040769223
0.0020362553
-0.008136193
0.00203184
-0.0060888915
0.008109679
0.008100832
-0.002022995
0.0020207807
-0.014129957
-0.0040326975
-0.0040282626
-0.0020119124
0.0040193847
-0.0060224137
0.002005249
-0.008012103
0.0
0.0039971513
0.0019963488
0.011964726
0.0
0.00994831
0.005962293
0.0019851988
0.011897793
0.0059421933
0.011870974
0.0039525186
0.003948043
0.0078871325
0.0
0.007869211
0.0019650608
0.007851273
0.005881723
-0.003916659
0.005868251
-0.007815347
0.0039031778
0.00389868
-0.0038941803
0.007779357
-0.009712937
0.0
-0.0038761615
-0.005807478
0.009667852
-0.0038626273
0.0019290559
-0.0077071893
-0.005773613
-0.0019222773
-0.0076800636
0.0057532606
-0.0057464708
0.0038264522
-0.0057328832
-0.01145217
0.0038128563
-0.007616641
0.0038037833
0.001899622
0.0
0.007580321
-0.001892808
0.005671605
0.0018882611
0.0
0.0
0.0
0.0018791569
-0.009384394
0.0037491997
-0.0018723201
-0.003740079
0.007471032
-0.0055964277
0.0055895783
0.003721818
-0.0018586244
0.007425356
0.0
0.003703532
0.0018494782
0.0018471899
0.0018449007
-0.0018426107
0.00184032
0.0
0.0073429453
0.0073337737
0.0036622996
0.009144277
-0.0018265604
0.003648529
0.0018219681
-0.0036393418
0.0054521193
-0.0054452233
0.0036255505
0.0
0.0
0.0036117472
-0.0036071432
0.0036025383
-0.0035979317
-0.001796662
0.0017943576
-0.0071682096
0.0017897467
0.0035748808
0.0017851334
0.0035656516
-0.0017805176
0.0
-0.0017758994
0.0017735894
0.0
0.0
0.005299968
-0.0035286874
0.005286093
-0.003519435
-0.0017574036
0.003510178
-0.0035055482
0.007001834
0.0017481424
0.0
-0.005230526
-0.010447146
-0.0034777457
-0.010419325
-0.0034684702
-0.0069276616
-0.012107167
-0.008636373
-0.010349722
-0.0034452642
-0.0068812403
-0.005153963
-0.0051469943
-0.008566706
0.0017110176
-0.00512608
-0.0034127373
-0.0017040435
-0.015315462
-0.0067975684
-0.01187946
-0.010168434
0.0016924118
-0.0067603374
-0.0050632693
-0.00842714
-0.010098597
-0.008403852
-0.005035323
0.0016761112
-0.0016737811
-0.0016714507
-0.010014719
-0.005000366
0.0
-0.0033242507
0.0016597933
-0.0033149216
-0.0016551281
0.00330559
0.006601847
0.009888768
0.0032915883
0.0032869198
0.0016411254
0.0016387906
0.006545822
0.006536481
0.008158924
0.006517796
0.0032542257
0.00487433
0.0016224402
0.0048603103
0.006471066
0.009692576
0.012904735
0.006443017
0.009650499
0.0048182355
0.0016037404
0.003202804
0.0
0.0031934495
0.0031887717
0.0031840936
0.0047691227
0.0047621047
0.0047550863
-0.0015826892
0.0015803494
-0.0031560191
-0.006302678
0.0
-0.0015709891
0.0015686488
0.0015663084
0.0
0.0031232545
0.0
0.0015569457
0.0015546049
-0.001552264
0.001549923
-0.0015475819
-0.0030904815
0.0
-0.0015405584
-0.0030764344
0.001535876
0.0030670695
0.0015311934
0.0
-0.0045795324
-0.006096678
-0.0015218282
-0.0015194869
0.003034291
0.0
-0.004537389
-0.0030202437
-0.006031123
-0.0030108793
-0.0015030985
-0.00600303
-0.005993666
-0.0074803783
-0.005974939
-0.0029827883
-0.00446716
-0.0059468513
-0.0074218614
-0.0059281276
-0.004439075
-0.0029547028
-0.0014750113
-0.0029453428
-0.0014703316
-0.005871968
-0.0014656524
-0.001463313
-0.0029219473
0.0058345385
-0.0029125912
-0.0014539568
-0.0043548546
-0.007246399
0.0
-0.0014446034
0.0014422656
0.0
0.0
0.0057410123
0.001432916
0.0042917375
0.0042847274
0.0
0.00427071
-0.0028424682
-0.0014188983
0.0028331259
0.0
0.0056475718
0.0014095583
0.001407224
0.0
-0.0014025561
0.0042006676
0.0013978893
0.005582226
0.0027864478
0.006954458
0.0055542383
0.0
0.0055355867
0.0
0.0027584701
0.0068845237
0.0054982994
0.009605716
0.001369916
0.0013675871
0.0027305172
-0.0013629305
0.005442411
0.0013582754
0.0013559485
-0.001353622
-0.0013512959
0.0040469104
0.0013466448
0.0053772796
0.0040259864
0.0013396714
0.0
-0.004005074
-0.001332702
-0.0026607595
0.0013280581
0.0
0.0
0.0013210955
-0.0065938784
0.0
-0.0013141374
-0.001311819
0.0
-0.0065359185
-0.0039146002
-0.0052102017
-0.0039007037
-0.0012979193
-0.005182418
-0.0025865806
-0.009036836
-0.0038659906
-0.003859053
-0.007704234
0.0
-0.0076765004
-0.005108426
-0.005099187
-0.007634926
-0.0012701792
-0.0050714854
-0.002531128
-0.003789772
-0.0012609513
0.0
-0.003769023
0.0025080738
-0.0037552002
-0.0012494305
0.0012471282
-0.0037344801
0.0
-0.004960902
0.0
0.0
-0.0024666577
0.0024620628
-0.0036862036
0.0012264384
0.0
0.0
0.006097771
0.0
0.0036449053
0.0
0.0024207712
0.0024161905
0.0
0.006017584
0.0
0.005994707
0.0023933097
0.0011943692
0.0059604207
0.0
0.005937583
0.0047409358
0.0023659042
0.0059033553
0.0011783909
0.0070566693
0.002347666
0.0
0.005846392
0.0023340047
0.00815309
0.0034873583
0.004640717
0.004631627
0.0
0.008073548
0.003453282
0.0068929493
0.00687934
0.0022885785
0.006852137
0.0011397572
0.0045499704
0.0034056867
0.0033988983
0.0067842253
0.0011284433
0.009009466
0.0033717726
0.002243332
0.006716453
0.0011171526
0.0066893846
0.001112643
0.0044415593
0.0044325497
-0.0011058861
0.004414543
-0.0022027728
0.0021982759
0.0021937813
-0.0021892886
0.0054619946
-0.0021803093
0.0
-0.003257007
-0.004333711
0.0021623753
-0.002157897
0.005383552
0.0
0.0021444748
0.0021400051
-0.0053388434
0.0021310719
-0.004253217
-0.0010610737
0.0
-0.005283079
0.0
-0.005260812
-0.0010499373
-0.0031431403
-0.005227453
-0.001043269
-0.007287339
-0.003116487
-0.0020732216
-0.0041375747
-0.0010321777
-0.006179778
-0.0010277494
-0.0051276847
-0.003069977
-0.0030633467
-0.008151254
-0.002033398
-0.005072463
-0.0010122872
-0.0040403325
-0.007055162
-0.0020113573
-0.007024348
-0.001001279
-0.0029972433
-0.002990653
0.0
-0.0049624736
9.903017E-4
0.0
0.0
0.0
-0.004907713
-9.793559E-4
-0.0029315117
-9.749866E-4
9.7280386E-4
-9.706224E-4
0.002905327
-0.0028987904
0.001928172
0.0
-0.002879205
0.003830246
0.0
0.003812874
0.0
-9.4888086E-4
-9.4671414E-4
-0.0056672925
0.0
-0.002820666
0.0
9.3590084E-4
-0.002801227
0.0027947556
-0.001858859
0.0
9.251223E-4
-0.0027689124
0.0027624622
-0.0018373441
-9.165249E-4
0.0
0.0
0.0027302755
-9.0795045E-4
0.0018116209
0.0
9.0153486E-4
0.003597597
0.0
0.00358053
-8.930013E-4
-8.908717E-4
0.001777487
0.0
0.0035379666
8.82368E-4
0.0026407377
8.7812525E-4
-8.7600615E-4
0.004369443
8.717726E-4
0.0034786323
8.6754514E-4
0.0
0.0034532957
0.0
0.0034364357
8.570038E-4
0.0
0.0017055965
0.0
0.002545797
0.0
0.0025332184
8.423121E-4
0.0016804395
0.0033525159
-0.0016720796
8.339522E-4
8.318663E-4
-8.29782E-4
0.002483098
-8.2561834E-4
0.0
-8.214613E-4
-0.0016387706
8.173109E-4
-8.1523816E-4
0.0
-0.0016221956
-0.0016180602
-0.0024208922
-0.0024146994
0.0
-0.0016015526
0.0015974343
0.0
-0.0015892078
7.9254986E-4
-0.0023714926
-7.88447E-4
-7.8639813E-4
-0.002353053
0.0
-0.0015605241
7.782202E-4
7.7618007E-4
0.0
0.0015442105
-0.0015401408
-0.0015360749
-0.003830031
-0.0015279535
-7.6194917E-4
-0.0022797699
0.0
-0.0030235082
-0.0015077132
-0.002255514
-0.0022494637
0.0
-0.002983173
-7.437819E-4
-0.0022253175
-0.0029590596
-7.3775917E-4
-0.0036787763
-0.0014675065
-7.317531E-4
-0.0021892644
-7.277584E-4
-0.0036288192
-0.0014475425
-0.0021653413
-0.0014395831
-7.178046E-4
-0.0028632781
-0.0014276728
-0.0028474205
-0.0014197516
-0.002123695
-0.0014118458
0.0
-0.0014039555
0.0
-0.0027921612
-0.0020882236
-0.0013882214
-0.0020764465
0.0
-0.0020646928
-0.0013725499
6.84321E-4
-6.82369E-4
0.0020412568
0.0
-6.765249E-4
0.0
-0.0020179164
6.7069876E-4
0.0
6.6682475E-4
6.6489074E-4
0.0013259177
0.0026441156
0.0
0.0019715256
6.552514E-4
6.533296E-4
0.0013028198
6.494923E-4
0.0012951535
6.4566324E-4
0.0012875036
0.0025673697
0.0019198055
0.00446621
0.0031806345
0.0019026777
0.003161635
0.0025217207
0.003771213
0.0037598575
0.0043732673
0.0024914565
0.0012419559
0.0012381877
6.172119E-4
0.0012306642
6.1345444E-4
6.1157893E-4
6.097056E-4
-6.078344E-4
0.0
0.0
0.0018067012
0.0012007423
0.0
0.0011933054
-5.947967E-4
0.0
5.910913E-4
0.0017677257
0.0023495788
0.0011710995
5.8370695E-4
-5.818664E-4
0.0
0.0
5.763581E-4
5.745265E-4
-0.0011453942
-5.7086995E-4
-0.0011380902
-0.0017016672
-0.0011308041
-0.0016907518
-0.0011235361
-0.0011199089
-0.0016744294
-0.0011126682
-0.0022181093
-0.0011054458
-0.0011018413
-0.0016473624
-0.0010946464
-0.0010910559
-0.001631205
-0.0027097217
-0.0027007798
-0.0026918498
-0.0026829313
-0.0016044147
-0.0015990776
-0.0015937474
-0.0015884244
-0.002638514
-0.0015777994
-0.0010483316
-5.224009E-4
0.0
0.0
-0.0010342405
-0.002061459
-0.001540835
-0.0010237219
-5.101126E-4
-5.0836673E-4
-0.0010132464
-0.001009764
-0.0015094299
-0.0010028139
-9.993461E-4
0.0
0.0
-0.0014834575
-0.0014782848
-0.0024551991
-0.0024466023
-4.8760357E-4
9.717782E-4
0.0
-9.64935E-4
-0.0019230415
-0.0023952788
-9.547071E-4
0.0
-4.739566E-4
0.0
-4.7056953E-4
-9.3775947E-4
0.0
0.0
4.6382527E-4
9.242909E-4
0.0
0.0
4.57121E-4
4.5545123E-4
9.075679E-4
4.5211922E-4
4.50457E-4
8.9759467E-4
8.942804E-4
0.0017819423
0.0017753341
8.84368E-4
0.0
-0.0017555705
-0.0013117524
0.0
8.6794957E-4
0.0
4.3070907E-4
-8.5816014E-4
-0.001282361
8.516597E-4
4.242086E-4
8.4517995E-4
8.4194785E-4
4.1936047E-4
8.3549926E-4
8.322828E-4
8.2907156E-4
0.0016517312
8.226648E-4
0.001229204
8.1627903E-4
8.130941E-4
8.099143E-4
0.0
8.035707E-4
0.0
7.972483E-4
0.0011911426
7.909471E-4
0.0011817068
0.0011770008
7.8153523E-4
7.7840866E-4
7.752874E-4
7.721715E-4
0.0011535914
0.0019148896
0.001144284
0.0011396424
3.7833632E-4
0.0
7.505109E-4
3.737191E-4
7.443708E-4
0.0011119634
7.382525E-4
7.3520147E-4
-3.6607796E-4
3.645579E-4
7.260812E-4
7.23052E-4
7.2002836E-4
3.585051E-4
3.5699873E-4
-3.5549514E-4
0.0
3.5249625E-4
0.0010530028
0.001747542
0.0013920744
0.0010395948
3.450474E-4
0.0
6.8417453E-4
0.0
3.391383E-4
3.37668E-4
0.0
3.347358E-4
0.0
0.0
-6.6071714E-4
-6.5781025E-4
-6.5490894E-4
-6.5201335E-4
-9.7368506E-4
-9.6935855E-4
-9.650405E-4
-9.6073106E-4
-9.564301E-4
-9.5213763E-4
-0.001263805
-9.435784E-4
-0.0015655193
-0.0015584222
-6.2053575E-4
-9.265626E-4
-6.148867E-4
-9.181062E-4
-0.0015231515
-0.0015161404
-0.0015091439
-6.008646E-4
-5.980775E-4
0.0
-2.9626026E-4
-5.8975077E-4
-8.8048016E-4
-8.763429E-4
0.0
0.0
-2.8799445E-4
-2.86627E-4
-5.705249E-4
-5.678017E-4
-5.650843E-4
-0.0011247456
-0.0011193343
-0.0011139346
-0.0011085467
-0.0011031707
-0.0010978063
-8.1934035E-4
-0.001087113
-5.4089207E-4
-0.0016147005
-0.0010711617
-7.994012E-4
-5.302934E-4
2.6382925E-4
-5.250296E-4
-2.6120333E-4
-5.1978964E-4
-2.585893E-4
2.5728677E-4
2.5598722E-4
2.5469068E-4
-2.533971E-4
-2.5210652E-4
-7.5245684E-4
2.4953438E-4
9.930113E-4
7.4092275E-4
4.9139746E-4
2.444262E-4
-2.4315667E-4
2.4189017E-4
2.406267E-4
2.3936626E-4
7.143265E-4
4.737089E-4
2.3560309E-4
-2.3435478E-4
2.3310952E-4
2.3186728E-4
2.306281E-4
6.881759E-4
4.5631776E-4
-2.2692885E-4
-2.257019E-4
2.2447799E-4
-2.2325714E-4
2.2203937E-4
8.8329864E-4
4.3922605E-4
4.3680894E-4
8.6879596E-4
6.479898E-4
8.591891E-4
4.272021E-4
6.372237E-4
4.2243573E-4
2.100309E-4
6.265412E-4
4.1533262E-4
8.2595466E-4
4.1062824E-4
2.0414268E-4
2.0297436E-4
4.036183E-4
4.0129412E-4
3.9897618E-4
3.966645E-4
0.0
0.0
-5.8465044E-4
-5.8122043E-4
3.851999E-4
3.829258E-4
5.7098694E-4
3.7839642E-4
-3.761412E-4
0.0
0.0
0.0
1.8359163E-4
1.8247978E-4
-1.813711E-4
1.8026559E-4
5.374897E-4
5.341922E-4
7.078722E-4
7.035009E-4
1.7478557E-4
1.736991E-4
1.7261581E-4
6.861428E-4
6.8183517E-4
8.4692537E-4
5.0494366E-4
1.6724721E-4
6.647323E-4
4.9536646E-4
6.562577E-4
4.890297E-4
0.0
1.6091048E-4
1.598656E-4
6.352957E-4
6.311418E-4
3.1350047E-4
1.5571823E-4
-3.0937887E-4
0.0
1.5264156E-4
4.5486738E-4
6.024264E-4
1.4959398E-4
1.485846E-4
1.4757847E-4
1.4657558E-4
2.9115187E-4
2.8915907E-4
5.743456E-4
5.70386E-4
2.8321976E-4
5.6250603E-4
1.3964639E-4
1.3866955E-4
4.130879E-4
5.469026E-4
5.4303446E-4
1.3479484E-4
4.0150303E-4
1.3287713E-4
1.3192318E-4
0.0
0.0
0.0
-1.2814028E-4
-1.2720277E-4
0.0
1.2533764E-4
0.0
0.0
0.0
-2.4329392E-4
-1.2073255E-4
0.0
-1.1891366E-4
-1.1800918E-4
-3.5132404E-4
-2.3242034E-4
-1.1531563E-4
-1.1442443E-4
-1.13536546E-4
0.0
-1.1177075E-4
-1.1089285E-4
0.0
-1.0914704E-4
-2.1655827E-4
-1.0741457E-4
-2.1310669E-4
-1.0569546E-4
1.0484092E-4
-1.0398972E-4
-1.0314187E-4
-1.02297374E-4
-1.0145623E-4
0.0
-1.9956799E-4
-9.8952914E-5
-1.9625039E-4
-9.7300835E-5
-9.647984E-5
-1.9132442E-4
-9.484794E-5
-1.880741E-4
-1.8645906E-4
-1.8485075E-4
-1.832492E-4
-9.08272E-5
-9.003318E-5
0.0
0.0
0.0
8.689092E-5
1.7222765E-4
2.5602034E-4
2.5370938E-4
1.6760573E-4
1.6607868E-4
1.6455841E-4
3.2608988E-4
4.0384568E-4
3.2007683E-4
3.1709071E-4
2.3558867E-4
3.889492E-4
3.8526766E-4
4.5792383E-4
3.779558E-4
2.9946037E-4
2.2242732E-4
2.2026962E-4
3.6353696E-4
2.8798002E-4
2.8514414E-4
3.5290243E-4
2.0963511E-4
2.7671873E-4
2.7393768E-4
3.3896294E-4
4.6972933E-4
3.9851537E-4
3.944262E-4
2.6023845E-4
2.5753985E-4
3.1856875E-4
4.413219E-4
3.7429E-4
2.4688314E-4
6.106336E-5
0.0
1.1951769E-4
1.1822353E-4
1.1693628E-4
5.782797E-5
5.7191253E-5
1.1311599E-4
1.11856396E-4
1.10603716E-4
1.6403696E-4
1.6217872E-4
5.3443626E-5
1.5849344E-4
1.0444427E-4
1.5484978E-4
1.5304357E-4
0.0
4.9820796E-5
0.0
0.0
9.6112555E-5
9.495012E-5
4.6897323E-5
0.0
-4.57523E-5
-9.037003E-5
-8.924243E-5
0.0
-4.350408E-5
-8.590148E-5
-1.272027E-4
-1.674182E-4
-1.2393508E-4
-1.22317E-4
-1.207094E-4
-7.94082E-5
-3.9175233E-5
0.0
-3.8128E-5
0.0
0.0
0.0
-3.6075573E-5
-7.1142465E-5
-7.01408E-5
-3.4573077E-5
-6.815853E-5
-6.717793E-5
0.0
0.0
3.2139153E-5
3.1662912E-5
-3.119019E-5
-3.072099E-5
-9.076592E-5
-8.9379435E-5
-5.866901E-5
-8.6638174E-5
-5.68556E-5
-2.7979733E-5
-8.2605584E-5
-1.0837673E-4
-1.066268E-4
-7.866824E-5
-1.03169295E-4
-1.0146173E-4
-9.97683E-5
-1.2261125E-4
-7.231788E-5
-7.1079616E-5
-6.9851965E-5
-4.5756617E-5
-2.2476166E-5
-2.2077566E-5
0.0
-2.1290984E-5
-4.180601E-5
-2.051857E-5
2.013768E-5
1.9760335E-5
5.8159603E-5
3.8032562E-5
3.7299153E-5
5.4859258E-5
1.7926812E-5
1.7570754E-5
1.7218248E-5
0.0
1.6523893E-5
3.236409E-5
0.0
0.0
0.0
-2.9700404E-5
-2.9052266E-5
0.0
-2.7777342E-5
-1.3575279E-5
-1.3265448E-5
-1.2959177E-5
-1.2656468E-5
-2.4714645E-5
-1.2061741E-5
0.0
1.1481268E-5
2.239276E-5
1.0915057E-5
1.0637302E-5
0.0
1.0092493E-5
1.9650883E-5
2.8685878E-5
1.8604092E-5
1.8091408E-5
8.792934E-6
8.543734E-6
0.0
8.056054E-6
1.5635145E-5
7.5826665E-6
1.47026685E-5
0.0
-6.8993963E-6
-1.3357582E-5
0.0
0.0
-6.0384377E-6
0.0
-1.1258851E-5
-1.0860576E-5
-5.2347305E-6
-5.0427525E-6
9.70871E-6
0.0
0.0
4.3106506E-6
4.1365797E-6
3.9660918E-6
7.598373E-6
1.09075945E-5
1.7380635E-5
1.3279894E-5
3.1674044E-6
3.0184206E-6
8.619065E-6
8.193626E-6
1.0371926E-5
7.3750216E-6
2.3272864E-6
4.3996383E-6
4.151878E-6
3.911293E-6
3.6778833E-6
3.45165E-6
3.2325934E-6
1.5103569E-6
1.408006E-6
1.3092442E-6
0.0
1.1224888E-6
0.0
0.0
0.0
-7.920567E-7
7.1842453E-7
1.2967662E-6
1.1638651E-6
5.19073E-7
0.0
-8.082554E-7
-3.5204212E-7
0.0
-5.1729165E-7
0.0
0.0
-2.9098015E-7
-1.14955505E-7
-8.801307E-8
0.0
-4.4904837E-8
0.0
0.0
-2.1554412E-8
-3.592404E-9
-0.0
