0.27516857
0.12064981
0.15263312
0.4746
1.4767015
1.150388
0.38773242
1.4654933
1.4942212
1.854287
0.24821948
1.3525133
1.5121716
2.2693248
0.6406792
0.56022274
1.8919543
1.7847543
0.3362746
0.23534828
0.41186973
0.51882493
0.16477138
0.16542464
0.4149325
0.57936144
0.58328193
0.7227633
0.5553452
0.3864634
0.23124093
0.31839985
1.1421701
1.2908658
0.5181429
0.9677649
1.1256256
1.0688655
2.0264897
1.6155206
1.1552892
0.5311247
0.9078215
0.67227006
0.3775037
0.27910194
0.19739513
0.31637037
0.35817158
0.2119968
0.44328132
0.5672447
0.17111468
0.5863337
0.6618339
0.41098583
0.258348
0.31722245
0.49936104
0.6118952
0.17625333
0.39332068
0.04995504
0.46008232
0.34822026
0.26531452
0.28961137
0.18342093
0.3006115
0.17398442
0.3669333
0.65360147
0.22635654
0.5393575
0.51371384
0.42784518
0.41554406
0.58715606
0.4884863
0.17501196
0.2988353
0.18772566
0.4078603
0.4304009
0.44509244
0.33705926
0.24875206
0.35101295
0.3514659
0.10959077
0.22875567
0.07410201
0.105019175
0.19982952
0.07660627
0.10751287
0.114305824
0.076284826
0.09100647
0.07841217
0.1385557
0.09667942
0.2114843
0.11335105
0.23350494
0.17176771
0.028797787
0.09928953
0.082855985
0.1700586
0.05421029
0.11270006
0.12654513
0.1454582
0.19830282
0.17173992
0.20518373
0.15753376
0.27854902
0.21103165
0.083468124
0.103326134
0.11711999
0.26576376
0.203103
0.060700994
0.08482812
0.18539603
0.0868892
0.02431828
0.17192039
0.13826965
0.09342444
0.092695735
0.030113533
0.08679336
0.14008674
0.19188306
0.2947014
0.44051433
0.29364637
0.23159835
0.123742156
0.1885883
0.35319912
0.25365046
0.4679547
0.17561704
0.10749693
0.26380172
0.17177798
0.097381674
0.0683111
0.19054633
0.19552499
0.23199165
0.28267014
0.29991573
0.16731603
0.24352896
0.2693574
0.14154105
0.05829824
0.07860114
0.06438709
0.13290013
0.2131601
0.102126166
0.10895644
0.15934525
0.058510095
0.018743642
0.03956479
0.061539587
0.04153406
0.037249554
0.085476205
0.09637835
0.1002642
0.012842795
0.12468629
0.19325165
0.22166245
0.121152595
0.061755948
0.17518684
0.12426456
0.03382046
0.05666454
0.14451219
0.15242085
0.055770397
0.11041282
0.16989277
0.05161951
0.049742002
0.0411374
0.09153319
0.09851491
0.18801993
0.1509958
0.07169128
0.20867705
0.33464056
0.25944296
0.3187407
0.38717502
0.2892374
0.09830173
0.16561331
0.06726825
0.05316241
0.2598012
0.27636653
0.11623935
0.21087357
0.14620149
0.119932875
0.15535022
0.031941865
0.039995342
0.19975023
0.25999668
0.034516893
0.23899688
0.06522186
0.25594482
0.23676829
0.0545461
0.23341621
0.2726577
0.12803937
0.03950533
0.09296626
0.04240856
0.17162505
0.18540946
0.05901608
0.07638625
0.19707514
0.09748234
0.16241871
0.32987028
0.31997028
0.14433731
0.09640413
0.1714576
0.20791994
0.09989358
0.1643562
0.061493374
0.08437965
0.14616159
0.12934402
0.23963962
0.2292521
0.30359104
0.078654945
0.12633754
0.15005012
0.31954983
0.28572363
0.13470091
0.058969773
0.117288
0.4113151
0.34190822
0.113740295
0.150815
0.083068445
0.068580285
0.105082
0.24135162
0.25758952
0.2944378
0.27720582
0.23781745
0.25434512
0.24812415
0.22835913
0.07117349
0.051174738
0.20575105
0.17517671
0.19088465
0.18931513
0.28822777
0.30711508
0.12324694
0.28032234
0.057656657
0.20610026
0.13812526
0.106882244
0.088332735
0.16786923
0.14382671
0.116948225
0.22086538
0.11016023
0.21529962
0.23237838
0.0521634
0.20026982
0.27211022
0.32979366
0.2282508
0.1365852
0.020204088
0.17014267
0.2106996
0.15422912
0.063422084
0.071414225
0.18286
0.3401309
0.28442633
0.2140261
0.09106088
0.29894215
0.4042317
0.32589054
0.2827503
0.325133
0.3926765
0.4301492
0.40251583
0.24545057
0.21473446
0.26022527
0.25845984
0.10004502
0.024097782
0.098866075
0.13686629
0.098997325
0.119937725
0.03276072
0.16984303
0.13751116
0.02568407
0.2128013
0.3108647
0.21653853
0.05748565
0.10580378
0.09375662
0.13711514
0.10361152
0.24633574
0.2671222
0.2434223
0.31485814
0.30502474
0.17184258
0.054674193
0.12159914
0.21953046
0.4181823
0.14890184
0.34664175
0.42059782
0.22172402
0.28257126
0.1419111
0.1110398
0.110656574
0.30649075
0.28560603
0.2985506
0.61829454
0.7380073
0.38174638
0.1416049
0.20964958
0.16954792
0.09054066
0.1989862
0.16587628
0.44186375
0.59896743
0.49743077
0.29095197
0.106279574
0.062445614
0.08781782
0.22429079
0.1612269
0.15814136
0.17178966
0.12429659
0.26734084
0.27765644
0.046430197
0.080302425
0.14922488
0.39138946
0.63143945
0.67513376
0.27820626
0.19287074
0.22040881
0.2977298
0.3661993
0.3379198
0.42791498
0.43963262
0.37040314
0.28578055
0.2178526
0.2607501
0.17624748
0.2371749
0.29062566
0.29465577
0.3398491
0.36385998
0.23615043
0.2352467
0.21811767
0.13067463
0.019541912
0.18716499
0.17241612
0.28359285
0.18735541
0.17277195
0.14266178
0.39710298
0.27399942
0.07411172
0.057625916
0.1300891
0.19757408
0.12393696
0.06582879
0.17141654
0.14721204
0.13896917
0.12608238
0.14794885
0.098315015
0.10935642
0.102711566
0.07874475
0.08226494
0.041316323
0.018122062
0.10943586
0.15779042
0.01991114
0.1032668
0.227558
0.022337107
0.19524945
0.08104067
0.032559697
0.07984974
0.10281245
0.040578548
0.12607002
0.11176649
0.0937295
0.14652213
0.11070428
0.23040283
0.20893052
0.073447905
0.23161663
0.14698426
0.051010527
0.043308605
0.11642174
0.18125856
0.18833657
0.20645468
0.30163133
0.25757888
0.15879859
0.105079025
0.12649293
0.11794894
0.016563479
0.14333169
0.027835676
0.15541148
0.22786394
0.13552724
0.07103659
0.118619256
0.2084218
0.19637562
0.07218151
0.063673064
0.2029328
0.24062131
0.059986856
0.045148537
0.08100957
0.101519175
0.1472852
0.12436941
0.038005065
0.11483819
0.17807575
0.18551019
0.079950236
0.06212058
0.21293177
0.065377876
0.29284582
0.22477533
0.11558284
0.21387678
0.14945115
0.041610442
0.14339073
0.21627453
0.14256087
0.28299493
0.28789464
0.32186174
0.44632992
0.28849694
0.16687754
0.09740997
0.21295677
0.24114028
0.07475216
0.10609258
0.077388115
0.1860472
0.3182594
0.26295605
0.14658701
0.18952602
0.38105413
0.3962649
0.38424835
0.39352614
0.2571613
0.45584202
0.53838134
0.41330218
0.21463464
0.2106945
0.42486125
0.5228466
0.30471414
0.4201738
0.41271624
0.47213066
0.5492048
0.15560539
0.34674916
0.27620026
0.29236853
0.2731995
0.10109173
0.16421501
0.4953984
0.4526963
0.17767522
0.2840817
0.18269539
0.07291149
0.24280635
0.32453144
0.4424709
0.46966758
0.5367386
0.6680696
0.53380233
0.27958167
0.21031195
0.35952464
0.3045581
0.22243905
0.07146109
0.10412022
0.086642705
0.16718064
0.13921623
0.23044345
0.39535967
0.07166511
0.21893148
0.40776742
0.7527074
0.7188864
0.07511829
0.05767982
0.54607314
0.21562442
0.4509358
0.4396615
0.47267377
0.62585706
0.54557985
0.34050885
0.33543652
0.07979341
0.23908255
0.21123335
0.53245354
0.42852142
0.18210372
0.13684905
0.26675397
0.3974846
0.27376902
0.17689371
0.34137776
0.75790274
0.7231409
0.2723478
0.2255349
0.24692598
0.68663186
0.36161494
0.2928186
0.3823535
0.14223559
0.5573585
0.64278275
0.7710809
0.900523
0.58411664
0.17469661
0.20255269
0.14754863
0.35043117
0.7148852
1.0363597
0.7903141
0.3787935
0.27395543
0.6952485
1.2862622
1.2468541
0.2534751
0.8180139
0.71383035
0.59678185
0.6984664
0.6052792
0.6454578
0.7211238
0.7351663
0.49096167
0.22970663
0.21215056
0.17689674
0.32912233
0.061887685
0.22541435
0.13425076
0.30472124
0.26013663
0.14675038
0.29554093
0.10168094
0.3337449
0.4842788
0.38134956
0.018434593
0.23157057
0.40078086
0.41248748
0.21669571
0.08766093
0.05256067
0.10912443
0.14247541
0.10238444
0.31161824
0.41543674
0.27350298
0.17130549
0.21416952
0.27005568
0.31476393
0.24989906
0.29943392
0.1997462
0.16312222
0.23065165
0.22456025
0.18903758
0.27461407
0.23001498
0.13164961
0.084143974
0.08221472
0.22069417
0.24661028
0.15290156
0.33579037
0.42127421
0.26527894
0.09481266
0.19537702
0.21798867
0.086875096
0.14645253
0.13931254
0.17597762
0.22063999
0.20455322
0.24791469
0.47784793
0.46563077
0.24791668
0.06687786
0.20254956
0.22382413
0.17740798
0.23293719
0.39520335
0.21570235
0.111404136
0.17774698
0.17049058
0.29378697
0.23013496
0.14869866
0.38248357
0.38392076
0.22542393
0.17408729
0.056059208
0.1064779
0.27309602
0.28108367
0.16039962
0.08643281
0.159961
0.15862307
0.15460323
0.11200828
0.0073379735
0.08575622
0.06281851
0.05424389
0.1672851
0.1836941
0.067161255
0.024394926
0.15723148
0.15440345
0.08142639
0.13433409
0.1966614
0.03614742
0.1068824
0.09389235
0.19242822
0.15346533
0.09474211
0.10692106
0.04862598
0.07525786
0.041356273
0.07150051
0.08726067
0.0939928
0.03796162
0.09743976
0.12924945
0.041005958
0.080969125
0.21011366
0.25982615
0.16234763
0.09988375
0.11136341
0.08300467
0.17423198
0.26205093
0.19779275
0.17001405
0.113243185
0.10065858
0.19115488
0.13721038
0.022541502
0.023319632
0.11863595
0.25620082
0.27149954
0.12000276
0.12704417
0.13453425
0.22698472
0.19863549
0.012609338
0.06805341
0.0926958
0.051709723
0.12418984
0.13751553
0.12788151
0.06702488
0.040470667
0.11207854
0.17472862
0.055776816
0.09169268
0.03442776
0.070525736
0.11450057
0.11349597
0.05569493
0.082642265
0.14556497
0.18745445
0.086278774
0.10920622
0.19270964
0.15204993
0.06861303
0.13856487
0.07385077
0.07416301
0.0044198395
0.07018291
0.08375229
0.04397962
0.071337044
0.02359315
0.037669845
0.07585813
0.116120435
0.079742104
0.085712165
0.16627695
0.18182778
0.099419855
0.04985451
0.12405123
0.10799998
0.025600951
0.04506548
0.15172702
0.1327016
0.06166559
0.011278188
0.065040186
0.046018325
0.026800279
0.07956618
0.02360387
0.047343772
0.027081639
0.1217879
0.0776269
0.051729687
0.114399806
0.10247728
0.05016315
0.06517288
0.11945291
0.07938548
0.1014667
0.13827801
0.19018134
0.23873533
0.21483637
0.19969152
0.042382192
0.07768971
0.023864161
0.11021085
0.005092183
0.15710485
0.16498128
0.17669132
0.1747508
0.07858829
0.055277225
0.04419673
0.10834003
0.097099505
0.019573906
0.060182117
0.06811924
0.12524481
0.03727327
0.086610176
0.087094955
0.09206884
0.065968975
0.08687431
0.05229834
0.1401832
0.08382123
0.20807402
0.26908386
0.1515745
0.071214885
0.14217076
0.13264707
0.065065704
0.09033861
0.027222244
0.08221258
0.0882805
0.0322977
0.027754994
0.038110502
0.08381563
0.068462364
0.028784614
0.023357254
0.10525279
0.11723334
0.14880732
0.12998492
0.12150148
0.1607331
0.18703665
0.09403888
0.077284
0.12398864
0.18104732
0.14681841
0.03470549
0.054303717
0.044113025
0.036422063
0.07663383
0.008298748
0.033110898
0.093670934
0.052688193
0.20241891
0.23920974
0.07055624
0.060693834
0.15580235
0.13738264
0.10839562
0.04430658
0.14662853
0.13170052
0.09837829
0.13932987
0.03284895
0.06080937
0.07936151
0.12715365
0.10676737
0.12666188
0.051846027
0.049292512
0.09607102
0.037209656
0.11140559
0.070394434
0.09945335
0.03778411
0.04710269
0.06766303
0.06207895
0.0272929
0.07973904
0.07003249
0.06672111
0.08828646
0.2346404
0.2464411
0.15661664
0.007832827
0.04790918
0.0809565
0.14638612
0.098080665
0.024914106
0.096935965
0.08698366
0.05199515
0.09667321
0.063524194
0.078717045
0.06486179
0.07483769
0.047128122
0.11242055
0.21417397
0.20502469
0.13509575
0.030553624
0.05810535
0.032519024
0.079832286
0.06273157
0.069426574
0.07236771
0.039804433
0.08162149
0.06976342
0.07946172
0.1077299
0.04192855
0.09466782
0.06208449
0.13952838
0.08052602
0.06945048
0.010124411
0.036615536
0.14630419
0.13264385
0.053124633
0.048037417
0.08635241
0.109126575
0.0778565
0.02717579
0.05050909
0.08075313
0.089539275
0.05595288
0.058063973
0.031367052
0.09366558
0.06749069
0.103193656
0.1239423
0.12731053
0.12507123
0.078274205
0.1667788
0.17200717
0.09100905
0.11702838
0.1008027
0.04323904
0.059217904
0.020023422
0.13205689
0.09094352
0.062732436
0.06765878
0.059828192
0.06248781
0.051369097
0.07416187
0.07797099
0.063384645
0.03858773
0.02767841
0.04307394
0.06658249
0.046288673
0.07411181
0.07357228
0.06911555
0.06558196
0.11723217
0.16574033
0.15781783
0.046912737
0.13093945
0.06678985
0.008465488
0.1133945
0.121552706
0.021213103
0.027615884
0.08181041
0.11593288
0.090206474
0.040670093
0.029399961
0.08517302
0.12468054
0.11535362
0.056402482
0.046845935
0.03899827
0.10404591
0.15022583
0.07722488
0.044007067
0.095833264
0.073065944
0.04206955
0.014264082
0.014025515
0.05406729
0.03430594
0.13053577
0.13575327
0.1462898
0.10532734
0.09510051
0.21429095
0.1543859
0.08358548
0.04677534
0.06694309
0.08504774
0.04337087
0.15228605
0.12167672
0.048667215
0.053692523
0.09844359
0.21255115
0.13339227
0.021216484
0.08183035
0.121174216
0.12895454
0.10387346
0.01976278
0.059448816
0.05910256
0.088546686
0.050720677
0.033255678
0.09763086
0.0843066
0.06973939
0.08133682
0.08746533
0.118147805
0.07091032
0.059447587
0.0974983
0.11305103
0.10057841
0.10412848
0.13860162
0.078320965
0.061061323
0.060770404
0.0766254
0.05054067
0.029776385
0.045897447
0.036930718
0.08459785
0.0588012
0.064327724
0.041706234
0.054081142
0.072888814
0.116034426
0.070439845
0.1831291
0.15175341
0.12286693
0.099623926
0.06985165
0.07264441
0.07925257
0.10330653
0.072553724
0.07975989
0.04044901
0.029396394
0.032649744
0.0558215
0.06461068
0.11503462
0.15054509
0.16050921
0.15121056
0.17629668
0.22255632
0.19456083
0.10141242
0.111557305
0.15880443
0.100555286
0.01869451
0.08309734
0.15468508
0.0884059
0.12006703
0.26722875
0.24827717
0.12186157
0.035371114
0.039121654
0.075509
0.20284535
0.15368313
0.01294753
0.027167924
0.06179394
0.049758725
0.026616303
0.023453997
0.041816834
0.06705409
0.053288467
0.032247152
0.09335764
0.080824494
0.054952905
0.12712139
0.07470764
0.04816396
0.11936665
0.14424245
0.058863163
0.023452714
0.123213306
0.095561884
0.053598907
0.049297515
0.07584933
0.003155481
0.07659986
0.13165796
0.16351235
0.09537378
0.0813653
0.08064623
0.05611777
0.021208609
0.02849656
0.04395647
0.06091171
0.033508137
0.035759807
0.055278488
0.022716338
0.055167884
0.034147125
0.052903343
0.09071331
0.1336815
0.08663177
0.044745475
0.03804945
0.034769032
0.050900694
0.14191416
0.08771596
0.060692262
0.060743846
0.051337637
0.027609939
0.033112783
0.08952937
0.088916436
0.09325211
0.124889165
0.064157054
0.04436464
0.16902542
0.16529326
0.068479
0.025358193
0.02563832
0.058854137
0.06745291
0.05215964
0.187345
0.19774197
0.11886081
0.029629406
0.069579035
0.100098945
0.03732405
0.032133967
0.05848342
0.044098735
0.08468682
0.08637109
0.069489405
0.11200511
0.097451754
0.05079578
0.059317444
0.07977034
0.099491745
0.12935762
0.068569526
0.07543619
0.08190985
0.04685991
0.07107353
0.065812916
0.18289092
0.15864919
0.14767312
0.0907178
0.0708913
0.09076398
0.11049269
0.08137046
0.08254092
0.0875052
0.20606671
0.28990668
0.120392226
0.07386865
0.11974341
0.16212508
0.13586839
0.14325443
0.0481593
0.12023937
0.16360041
0.13483584
0.058266144
0.10433107
0.16433662
0.053797416
0.12173891
0.17625761
0.15367955
0.09628691
0.081431225
0.13385987
0.12949058
0.1204035
0.1345563
0.12867613
0.17093498
0.13200317
0.09316392
0.18338968
0.115922585
0.044835974
0.05388717
0.021858824
0.060864963
0.05867949
0.023694575
0.13493198
0.105098926
0.13643529
0.13197091
0.10030005
0.0076938285
0.14971343
0.1729628
0.22285056
0.11533378
0.11685082
0.1158133
0.056687385
0.11766791
0.13979986
0.014704074
0.13016023
0.16556305
0.03688529
0.13483272
0.09692946
0.122395836
0.2515728
0.15920582
0.036874972
0.09603918
0.1589742
0.08377244
0.16843078
0.2417584
0.15174206
0.077401124
0.19466124
0.070230305
0.067667775
0.058444142
0.10895436
0.011868992
0.042045202
0.09972444
0.08802789
0.14048524
0.1589686
0.043345675
0.1250755
0.115867935
0.15436414
0.14691587
0.048170734
0.09156955
0.17030618
0.22628073
0.23897369
0.17629434
0.17292503
0.18341471
0.24197248
0.14922117
0.015227689
0.15420489
0.11472742
0.090521365
0.14275709
0.14680792
0.089644745
0.11425394
0.018600166
0.12707654
0.16457103
0.016070956
0.0850089
0.021076728
0.20359091
0.1905024
0.094702795
0.061660156
0.0344755
0.14589627
0.21561188
0.095523454
0.08411326
0.12008939
0.2650236
0.23242041
0.13646315
0.120687015
0.14187978
0.19850771
0.1341217
0.2887616
0.21481511
0.15329581
0.19634171
0.10298216
0.08536127
0.05904987
0.18591896
0.24626271
0.03828646
0.2321533
0.084189825
0.06412607
0.061398085
0.08925485
0.22698106
0.20382854
0.042559974
0.09753885
0.1383853
0.16175753
0.19850208
0.22958905
0.25862795
0.20494974
0.19326036
0.037078682
0.12814987
0.18856086
0.22604112
0.16205207
0.014111097
0.12957166
0.108805165
0.123797394
0.11106711
0.15945318
0.25964156
0.14635633
0.06575032
0.07312683
0.041235473
0.045339048
0.08405834
0.16192432
0.0846142
0.15600665
0.11644124
0.14254086
0.06513266
0.14972647
0.12511048
0.09014634
0.34834754
0.22974461
0.14554712
0.12238898
0.13397251
0.33496132
0.31478387
0.119395256
0.23895472
0.1707551
0.08450575
0.15836
0.01159999
0.19138195
0.18146622
0.19320445
0.20769961
0.23526825
0.2838799
0.1561391
0.07655746
0.036834195
0.11233989
0.22205107
0.21356077
0.1393876
0.081643276
0.052935585
0.14741124
0.25712192
0.19028823
0.33091077
0.17219608
0.04742805
0.16806746
0.16610439
0.14492066
0.06078582
0.10254984
0.08846094
0.22643568
0.14626919
0.0476458
0.10530807
0.08400593
0.08755455
0.09367341
0.07178809
0.054986194
0.021890799
0.07556742
0.20376065
0.15092643
0.085381374
0.182438
0.11357965
0.12849824
0.1806419
0.17954783
0.19713604
0.02152247
0.062723525
0.2097318
0.13729557
0.08061886
0.1427883
0.057522852
0.042538915
0.03564125
0.057370447
0.04306557
0.066743195
0.10911188
0.15597405
0.067976564
0.14705105
0.2326036
0.12940459
0.054348193
0.08058194
0.03823986
0.014723976
0.04501502
0.053697813
0.07743667
0.0949515
0.16295013
0.18445045
0.19739726
0.109103315
0.038972106
0.031405434
0.02447411
0.11485933
0.14053279
0.11819804
0.08255792
0.111428864
0.030329725
0.057843216
0.09098004
0.108718544
0.0222632
0.21993631
0.16479138
0.07188311
0.04441862
0.030416988
0.08745585
0.123285264
0.056231014
0.04193692
0.08495795
0.079899475
0.15775226
0.06210368
0.09388963
0.059372734
0.07361998
0.093635194
0.111282356
0.029585488
0.09631599
0.11861269
0.11166125
0.046037816
0.116825484
0.17583925
0.076829135
0.018323753
0.033726566
0.06846855
0.18436961
0.13752186
0.08234481
0.055708677
0.052724328
0.057570267
0.039030004
0.03239242
0.04176742
0.11358902
0.09715674
0.08212761
0.098750964
0.079151094
0.0515737
0.10101767
0.09502164
0.050694734
0.062396668
0.053850375
0.08887808
0.081481926
0.07504775
0.09013118
0.08317775
0.07253535
0.058996327
0.024698501
0.013764337
0.052874748
0.07438422
0.048863787
0.04368778
0.09214098
0.10390782
0.06650612
0.016040612
0.014426068
0.06639625
0.11125144
0.0032274865
0.071817525
0.058553115
0.06878695
0.06883423
0.010928312
0.043799296
0.09865238
0.09802411
0.060529925
0.022521958
0.012391811
0.10206324
0.024481224
0.12957628
0.09215766
0.07467828
0.07257293
0.11077432
0.08003354
0.14464974
0.18876152
0.05517178
0.05882013
0.053305328
0.17862257
0.12486304
0.04197592
0.11066904
0.1257695
0.08988811
0.17262436
0.11397279
0.12214233
0.09393833
0.05125823
0.06235974
0.10795758
0.15483832
0.1096776
0.06537859
0.062176086
0.07350375
0.086886585
0.11746518
0.036898755
0.060781594
0.14263146
0.06880246
0.11105899
0.066096075
0.08784296
0.08871417
0.016024524
0.04107918
0.020908792
0.08091443
0.1073079
0.052481014
0.0957436
0.06430416
0.056070402
0.028459027
0.11053761
0.08471503
0.10609408
0.107369505
0.14310616
0.040149365
0.11801479
0.066326104
0.11349287
0.12778008
0.04022418
0.03985192
0.042302612
0.032378986
0.12725492
0.12745339
0.08575346
0.09237119
0.12413287
0.069050044
0.058635
0.07991383
0.07448561
0.084318414
0.03592443
0.07056758
0.0454342
0.024355773
0.026165377
0.03583332
0.12598053
0.12864873
0.14528088
0.050663285
0.122957334
0.10367618
0.09447557
0.09669696
0.042214308
0.024247987
0.06407849
0.04808523
0.044236865
0.12936465
0.14052889
0.14667757
0.11610906
0.055305928
0.04184473
0.078475475
0.084947325
0.03783324
0.080643564
0.086764306
0.1060226
0.11203149
0.09966935
0.12586829
0.08529112
0.017041609
0.12358493
0.14205875
0.11067986
0.13582852
0.15124163
0.12809248
0.108627304
0.07987107
0.10375423
0.08773447
0.108780354
0.1279479
0.0930178
0.08420431
0.07137023
0.11589898
0.016458359
0.05046294
0.045887887
0.030155368
0.029532285
0.051404566
0.03144514
0.082077995
0.05400703
0.02450709
0.058108654
0.10265972
0.1106925
0.052904285
0.11458708
0.15000777
0.12403278
0.021253629
0.1489854
0.10766085
0.024269802
0.06257054
0.065098055
0.019988434
0.032535102
0.04136635
0.0120313
0.04608172
0.063619584
0.013553866
0.02632739
0.041901212
0.08289579
0.1787022
0.2276736
0.1499747
0.059337236
0.09177103
0.13755627
0.04305062
0.06022873
0.045906305
0.0241697
0.03238184
0.08162129
0.106724605
0.07308485
0.0795774
0.06917558
0.02856796
0.033075254
0.043713436
0.058231037
0.025060475
0.0059148706
0.017281212
0.0541702
0.08164202
0.06304659
0.06832128
0.015399552
0.014889713
0.07436294
0.10657132
0.11548245
0.06166749
0.018685997
0.034401212
0.04166276
0.076749705
0.051462974
0.05611657
0.04340772
0.044241093
0.0999955
0.10504233
0.041147735
0.06472035
0.058104176
0.0073221712
0.035664383
0.073364936
0.067404576
0.051585577
0.059940293
0.03622812
0.038586713
0.05438335
0.04735326
0.08446892
0.058888804
0.017960692
0.009487326
0.0114261145
0.026675133
0.045835994
0.04435713
0.079612136
0.047368873
0.0536229
0.108261034
0.03748109
0.050741274
0.0672393
0.038871225
0.03227766
0.026622836
0.09538576
0.08623782
0.010824661
0.013727606
0.022543706
0.043594435
0.08035033
0.03677244
0.028866868
0.027047748
0.025826752
0.039997764
0.055492125
0.011372878
0.07722748
0.060756255
0.034650374
0.023377558
0.023553222
0.040906623
0.038426314
0.052671865
0.03967788
0.028591271
0.07162264
0.05467544
0.044884417
0.08139395
0.067223884
0.0088794865
0.0069444925
0.024677759
0.06148003
0.014913088
0.06996676
0.0831774
0.03336151
0.009017177
0.0507176
0.10631702
0.066026084
0.029321192
0.02822795
0.038974006
0.04820582
0.019243555
0.059965376
0.031154621
0.009601902
0.03934
0.07230232
0.047939047
0.025771849
0.028142452
0.040372472
0.032944866
0.072566345
0.0802174
0.058338765
0.03990068
0.049775936
0.09803955
0.050229818
0.018768324
0.009089115
0.05873483
0.08946485
0.07095891
0.095734365
0.10508999
0.045000173
0.014147577
0.03290365
0.043913897
0.04586892
0.035123356
0.026678054
0.02025488
0.040093824
0.043395497
0.031208701
0.04008185
0.03883892
0.020966541
0.016720852
0.025014991
0.04048738
0.057680458
0.046375275
0.04688584
0.08886064
0.059955172
0.07026876
0.057174124
0.04137898
0.05305806
0.07884532
0.09285236
0.054191492
0.028008135
0.050726168
0.05644028
0.021848002
0.05887562
0.033326946
0.03776323
0.055256814
0.01568901
0.035322994
0.039137457
0.02649832
0.051078577
0.061068185
0.030226761
0.04872389
0.031103628
0.037675366
0.043498117
0.009421666
0.0302419
0.06647966
0.0476108
0.033023164
0.05485852
0.063057795
0.062256973
0.06703389
0.046572354
0.02852719
0.06579363
0.04759101
0.024681533
0.0093109105
0.033245843
0.022192217
0.026210688
0.014103183
0.028372822
0.07093206
0.074388534
0.042157855
0.06204002
0.087725274
0.0918001
0.06407731
0.027330277
0.024787147
0.02685317
0.032752663
0.018242663
0.025738921
0.03325027
0.036720127
0.07818199
-0.003051847
0.0030518398
0.0
-0.0061036292
-0.0030517967
-0.00610355
0.0
0.0061034425
0.0
0.0
-0.0030516135
-0.009154711
-0.006103047
-0.0030514733
0.0030514195
0.0
-0.003051301
-0.0030512363
0.0
0.003051096
0.0061020413
0.0061018835
0.0
-0.003050773
-0.009152049
0.0
0.0030504928
0.0030503923
0.0030502882
0.0030501804
-0.003050069
-0.006099908
0.0030498356
-0.0030497136
-0.0030495878
-0.006098917
-0.009147977
-0.0060983784
0.0
0.0030489056
0.0
0.0
-0.0030484532
0.0
0.0
0.0
-0.0030478002
-0.0060952557
-0.0060949037
-0.006094545
-0.0030470896
0.0
0.0
0.003046519
-0.0030463214
-0.006092241
-0.006091832
-0.006091416
0.0030454963
0.009135843
0.0
-0.00304484
-0.0060892277
-0.0030443843
0.0
0.0060878294
0.006087349
0.0
0.0
-0.0030429321
-0.0030426774
0.0
0.0060843155
0.0030418923
-0.0030416236
-0.0030413512
-0.0030410753
0.009122387
0.01216205
0.009120678
0.009119807
0.0
0.0030393444
0.0060780873
0.0091162175
0.009115293
0.0030381195
-0.0060756085
-0.006074971
0.0060743266
0.009110512
0.0121460315
0.0121447
0.0
-0.0030354983
0.003035155
0.0030348075
0.0060689137
0.009102308
0.0030337449
0.0060667666
0.006066037
0.0060652997
0.009096834
0.009095707
0.00909457
0.0090934215
0.0030307544
-0.0030303646
-0.0030299714
0.0030295746
0.012116697
0.0060575404
0.0030283628
0.0
0.0
0.0060542384
0.015133488
0.015131363
0.009077531
0.0060508233
0.003024976
0.0
0.006048188
0.0151182385
0.0060463957
0.006045489
0.0030222875
0.0
0.0060427263
0.0120835835
0.012081699
0.0060399007
0.0030194724
0.0030189909
0.0030185059
0.0030180172
0.0030175252
0.0030170297
0.0030165305
0.006032056
0.006031044
0.0060300245
0.006028998
0.0030139827
0.006026925
0.003012939
0.0060248235
0.0060237623
0.0
-0.0030108094
0.0030102683
0.0030097237
0.0030091756
0.003008624
0.003008069
0.0030075102
0.0030069482
0.0030063826
0.0030058138
0.0060104826
0.0060093305
0.009012257
0.0060070055
0.0030029162
0.0030023265
0.0
0.0
0.0030005358
0.0
0.0
0.002998714
0.0
0.0029974822
0.002996861
-0.0029962363
-0.0059912167
-0.0059899534
-0.0059886836
0.0029937034
0.005986123
0.002992416
0.0059835347
0.0
0.0
0.0
0.0029891375
0.011953886
0.002987802
-0.0029871291
-0.0059729056
-0.005971546
0.0
0.008953209
0.011934851
0.008949058
0.0029823224
-0.005963244
0.0
0.008940632
0.008938501
0.0119151445
0.0029780685
0.0029773477
0.0029766234
0.0029758955
0.008925493
0.008923289
0.008921075
0.008918851
0.005944411
0.0
0.0
0.008909851
0.008907576
0.008905291
0.00593533
0.005933793
0.0059322487
0.005930698
0.0059291404
0.005927576
0.005926005
0.005924427
0.0059228423
0.0029606256
0.0
-0.002959024
0.002958218
0.0
0.0029565962
0.0059115607
0.0
0.0
0.0059066247
0.0
0.0
0.0
0.0
0.0029491317
0.0
0.0
0.0
0.0
0.0
0.005888009
0.0058862767
0.0
0.0
-0.005881039
0.0
0.0
-0.0058757416
0.0
-0.005872177
-0.0058703846
0.0
0.0
0.0058649676
0.0058631487
0.0058613233
0.0
-0.0058576525
-0.005855807
0.0
-0.0058520967
0.0
-0.00584836
-0.011692963
-0.008766895
-0.005842705
-0.00876121
-0.005838902
-0.005836991
-0.008752611
-0.0058331494
-0.008746828
-0.005829281
0.0
-0.005825387
-0.0058234297
-0.0087322
-0.01454874
-0.008726279
-0.0058155367
-0.008720321
-0.008717326
-0.008714323
-0.017422618
-0.008708286
-0.005803502
0.0
0.0028997194
-0.0057973973
-0.0086930245
-0.008689943
-0.0057912343
0.0
-0.005787093
-0.00867752
-0.00867439
-0.005780834
0.0
0.0
0.0
-0.0057723974
-0.0057702726
-0.005768141
0.0
0.0
-0.005761708
-0.005759551
0.0
0.0
0.0028765209
0.0028754298
0.0028743353
0.0
0.0
-0.005742066
0.0
0.0028688156
0.0
-0.0028665855
-0.0028654658
0.0
0.002863217
0.0028620877
0.005721911
0.00571964
0.0
0.0
-0.008569184
-0.0028552467
0.0028540955
0.0
0.0057035675
0.0
0.0
0.0056965854
0.0
0.00284595
0.005689548
0.0028435946
-0.0056848247
0.0
0.0028400384
0.008516541
0.014188261
0.0028364544
0.0028352535
-0.0028340495
-0.0028328425
0.005663265
0.0056608384
0.008487609
0.0056559676
0.0
0.0
0.005648615
0.008469228
0.008465524
0.005641207
-0.002819363
0.0
0.0028168724
0.0028156226
0.011257479
0.0056262277
0.002811855
0.0
0.0
0.0028080598
0.008420367
0.011222059
0.0056084758
0.0028029578
-0.0028016747
-0.0028003885
0.0027990995
0.008393423
0.0055930247
0.0055904286
0.0
-0.0055852183
-0.0055826046
-0.0027899921
0.008366038
0.0055747265
0.0027860445
0.0
-0.0055667954
0.0
-0.0027807392
0.0027794056
0.0
-0.0055534584
-0.00832616
-0.0055480823
0.0
0.0055426825
0.005539974
-0.00276863
-0.008301809
-0.005531813
0.0
0.0027631717
0.0
0.0
-0.005518095
-0.0055153337
-0.005512567
0.002754897
0.008260524
0.008256347
0.0027507208
-0.002749323
-0.0027479222
-0.0027465185
0.005490224
0.005487405
0.0054845805
0.0027408751
-0.0054789144
-0.0027380362
0.0
0.0027351861
0.00820127
0.005464649
0.0
0.005458903
0.0027280108
0.0027265672
0.008175362
0.0027236715
0.0027222193
0.0027207646
0.0
0.0
0.0054327664
0.002714917
0.0054268963
0.0
0.0
0.0027090246
0.0027075447
0.0054121236
0.0027045761
0.0027030879
0.0
0.0
0.002698606
0.008091319
0.008086813
0.008082299
0.0053851833
-0.0026910813
-0.002689568
0.0
0.0026865334
0.002685012
0.008050463
0.002681961
0.0026804314
0.005357798
0.002677364
0.008027479
0.0053485716
0.0053454856
0.0053423936
0.0026696483
0.0
-0.0026665432
0.0
0.0
0.0053237304
0.0026603006
0.005317467
0.0
-0.0053111813
0.0
0.0026524374
0.005301714
0.0052985474
0.0026476877
0.002646099
-0.002644508
-0.0052858284
0.0
0.0026397186
0.0
0.0
-0.0026349057
0.0
-0.002631684
0.0
0.0
-0.005253664
-0.005250419
0.0
0.0
-0.0026203264
-0.0026186935
-0.005234116
-0.0052308403
-0.0026137796
-0.005224273
0.0
-0.0026088424
-0.0052143834
-0.0052110767
-0.0078116474
0.0
-0.0026005632
-0.0025988996
-0.0025972337
-0.00519113
-0.002593894
-0.005184441
-0.0025905445
0.0
-0.0025871848
-0.0051710024
0.0
0.0
0.0
-0.002578742
-0.002577046
-0.0051506953
-0.005147293
0.0
0.0
0.0
-0.0025668181
-0.007695315
-0.0051267785
-0.0025616712
-0.0025599506
0.0
-0.0025565021
-0.0025547743
-0.002553044
-0.0051026223
0.0
0.0025478385
0.0025460985
0.0025443563
-0.0025426117
-0.005081729
-0.002539115
-0.002537363
0.0025356088
0.0025338521
0.002532093
0.0
-0.0025285678
0.0025268018
0.0
0.005046525
0.0025214893
-0.0025197137
0.0
0.0
0.0
0.010050353
0.0050216024
0.0025090117
0.0
-0.0025054256
0.0
-0.0025018305
0.0
0.0024982262
0.0
0.0024946127
0.0024928025
-0.00249099
0.0
0.0
-0.002485539
0.0
0.0
-0.0024800678
-0.0049564787
-0.0049528177
-0.0024745762
0.0
0.002470904
-0.0074071935
-0.0074016685
-0.002465379
0.0
0.0049233693
0.004919668
-0.0024579815
-0.0073683797
-0.0024542694
-0.0049048206
-0.0024505488
0.0024486852
0.0
0.0
0.0
0.0
0.004878669
0.0
-0.0024355792
-0.0024336984
-0.007295446
-0.0072897905
-0.002428043
-0.0024261535
0.0
0.0
0.0
0.0024185749
0.0048333495
0.0048295455
0.0048257373
0.0024109625
0.0024090542
0.0024071436
0.0024052311
0.0048066336
0.0
0.0023994814
0.0047951215
0.004791276
0.0023937132
0.0023917863
0.0047797146
0.0023879264
0.004771987
0.004768117
0.0023821215
0.0023801825
0.004756483
0.0023762984
-0.0023743534
0.0023724062
-0.0023704572
-0.0023685063
0.0023665533
-0.0023645982
0.0047252825
0.0023606822
-0.0023587213
-0.0023567586
-0.0023547937
-0.002352827
-0.0023508584
-0.0023488877
-0.002346915
0.0023449406
0.002342964
0.0046819714
0.0023390055
-0.0023370232
0.0
0.0023330532
0.0046621305
0.0023290752
-0.0023270836
-0.00465018
-0.0023230945
0.0
0.006957294
0.009268387
0.0069452818
0.004626178
0.0
0.002309074
0.0046141273
0.0046101026
0.0023030373
0.004602043
0.0
0.0022969844
0.004589926
0.00458588
0.00458183
0.0045777764
0.0022868598
-0.0022848293
0.0
0.0022807634
0.009114911
0.0045533804
0.002274651
0.00454522
0.0045411345
0.0045370455
0.0022664766
0.0045288573
0.0022623788
0.0022603276
0.0
-0.0022562195
0.0045083254
0.004504209
0.0045000887
0.0044959653
0.0044918386
0.0
0.0022417873
0.0044794376
0.004475297
0.0
-0.0022335032
0.0
-0.002229351
0.0022272724
0.0044503845
0.0
0.004442054
0.0
0.0
0.0022147668
0.0066380305
0.0044211703
0.002208492
0.0
-0.0022043008
0.0
0.0022001031
0.0021980018
0.0
0.0021937948
0.0
0.0
-0.0021874723
-0.0021853617
0.0
0.0021811358
-0.0021790206
-0.0043538073
-0.0043495707
-0.0043453313
0.0
0.0
0.0
0.0
0.0
-0.0043198294
0.0
0.0
0.0
0.0
0.0
-0.00429422
-0.0042899414
0.0
0.0
0.0
0.002136399
0.0
0.0
0.0
0.0021278046
0.0
0.0042469976
0.0
0.0
0.0042340592
0.0
0.0
0.0
0.0
0.0
0.0021040535
0.002101886
0.0
0.0
0.0041907514
0.0
0.0020910287
0.0020888532
-0.0020866764
0.0
0.0
-0.002080138
0.002077956
0.0
-0.0020735878
-0.0020714018
0.0
0.0
0.0
-0.0020626453
-0.002060453
-0.0020582592
0.0
0.0
0.0
0.0
-0.006141818
-0.0020450717
0.0
-0.0040813317
0.0
0.0
-0.0020340483
0.0
0.0
-0.0020274199
0.0
-0.00404599
-0.0040415614
-0.0040371306
-0.0020163488
-0.0020141313
-0.0020119124
-0.0020096924
-0.004014943
-0.002005249
0.0
-0.0020008013
-0.0019985756
-0.0039926977
-0.0039882422
-0.0039837845
-0.0019896622
0.0
0.0019851988
-0.0019829655
-0.003961462
-0.0039569912
-0.0039525186
0.0
0.0
0.0
-0.0019673028
-0.0039301217
-0.0019628182
-0.0019605744
-0.003916659
-0.0019560836
-0.0039076735
-0.009757944
-0.0058480203
-0.0058412706
-0.005834518
-0.005827762
-0.005821004
-0.0038761615
-0.003871652
-0.0038671405
-0.0038626273
-0.0038581118
-0.005780392
-0.0038490756
-0.005766832
-0.0038400318
-0.0057532606
-0.0057464708
-0.0038264522
-0.0057328832
-0.005726085
-0.0076257125
-0.0057124807
-0.0057056746
-0.005698866
-0.0037947032
-0.0037901604
-0.003785616
-0.001890535
-0.0037765221
-0.0037719726
0.0
-0.0018814342
-0.0037583138
-0.0037537576
-0.0056237993
-0.0037446402
-0.0018700395
-0.003735516
-0.0037309516
-0.0037263858
-0.001860909
-0.0037172488
-0.005569017
-0.0037081058
-0.001851766
-0.0036989565
-0.0036943797
-0.0036898013
-0.0036852213
-0.00552096
-0.0018380285
-0.0018357363
-0.0018334434
-0.0018311498
-0.0018288554
-0.005479681
-0.0054727937
-0.0054659043
-0.005459013
0.0
-0.0018150745
-0.0018127753
-0.0018104754
-0.0036163495
-0.0054176208
-0.0036071432
-0.0018012691
-0.0017989659
-0.001796662
-0.0017943576
-0.0053761574
-0.0017897467
0.0
0.0
0.0
-0.0035610353
-0.0053346264
-0.0071035977
-0.0053207683
-0.0017712789
-0.0035379354
-0.005299968
-0.005293031
-0.005286093
-0.003519435
-0.0035148072
-0.005265267
-0.0035055482
-0.0017504585
-0.0017481424
0.0
-0.0017435086
-0.005223573
-0.0034777457
-0.0052096625
-0.0017342351
-0.0017319154
-0.0017295954
0.0
-0.0034499073
0.0
0.0
0.0
0.0017156648
0.0
0.0
0.0017086933
-0.0017063686
-0.0017040435
0.0
-0.0033987842
-0.0033941315
0.0
-0.0016924118
0.0016900843
0.0
-0.0016854281
-0.0033661989
-0.0016807704
-0.001678441
-0.0016761112
0.0
-0.0016714507
-0.0016691198
-0.0016667887
-0.0033289145
-0.0033242507
-0.0033195866
0.0
-0.0016551281
-0.001652795
-0.0016504617
-0.004944384
-0.0049373824
-0.0032869198
0.0
0.0
-0.0016364555
-0.004902361
-0.004895354
-0.001629449
0.0
-0.0016247766
-0.0032448804
-0.0032402067
-0.006471066
-0.004846288
-0.0032261838
0.0016107543
0.0016084164
-0.003212157
-0.0032074808
-0.003202804
-0.0015990634
0.0
0.0015943858
0.0
-0.0015897077
0.0
0.0
-0.0015826892
-0.0015803494
-0.0015780096
-0.0015756695
-0.0015733294
0.0015709891
0.0015686488
0.0
-0.0015639679
0.0015616273
0.0
0.0015569457
0.0
-0.003104528
-0.001549923
-0.0015475819
0.0
0.0015428996
0.0015405584
0.0
0.0
-0.0015335347
0.0015311934
0.0
0.0015265108
0.003048339
0.0015218282
0.0030389738
0.0015171455
0.0
0.0015124631
0.0015101219
0.0
0.0015054396
0.0015030985
0.0015007575
0.0014984165
0.0014960757
0.0029874695
0.0029827883
0.0029781067
0.0014867128
0.0014843723
0.0029640638
0.0014796916
0.0014773514
0.0044250344
0.0014726714
-0.0014703316
0.001467992
0.0014656524
0.001463313
0.0029219473
0.0014586346
0.0014562956
0.0029079136
0.0029032365
0.0028985594
0.002893883
0.0043338104
0.0028845312
0.0028798557
0.0
0.0
0.0
0.0
0.0014282425
0.0
0.00284714
0.0014212341
0.0014188983
0.0014165629
0.0014142278
0.0014118929
0.0014095583
0.0
0.0014048899
0.0014025561
0.0
0.0027957787
0.0
0.0013932239
0.0
0.0013885596
0.002772456
0.0013838967
0.0027631314
0.004137705
0.0027538096
0.0027491497
0.0027444905
0.001369916
0.0027351743
0.004095776
0.0040887916
0.0040818085
0.0027165508
0.0
0.002707244
0.0027025917
0.0053958804
0.0053865793
0.0026886398
0.0040259864
0.0013396714
0.0026746958
0.005340099
0.005330808
0.005321519
0.0026561162
0.005302947
0.0026468318
0.005284382
0.0079126535
0.006582281
0.007884824
0.006559095
0.006547505
0.0065359185
0.0026097335
0.0052102017
0.0052009383
0.0064895963
0.006478023
0.005173161
0.0051639066
0.006443318
0.003859053
0.006420195
0.010253821
0.008955917
0.006385532
0.005099187
0.003817463
0.0050807167
0.0050714854
0.005062256
0.0050530294
0.005043805
0.0037759377
0.003769023
0.0050161476
0.0050069336
0.0062471526
0.004988513
0.004979307
0.004970103
0.0037206765
0.004951704
0.0037068813
0.0036999865
0.0024620628
0.0036862036
0.003679315
0.004896572
0.004887393
0.0036586628
0.0036517829
0.0036449053
0.0036380298
0.0036311566
0.0060404763
0.006029028
0.006017584
0.0060061435
0.0035968241
0.0035899647
0.0047774767
0.0047683367
0.0059489994
0.0035625496
0.0035557018
0.0059147603
0.0035420132
0.0023567819
0.0035283347
0.001173833
0.0023431105
0.003507835
0.0011670024
0.0011647271
0.0023249057
0.0011601793
0.0023158134
0.0023112698
0.0011533641
0.001151094
0.0022976499
0.0022931132
0.0022885785
0.0034260685
0.0022795144
0.0022749852
0.0
0.0
0.0
0.0
0.0
0.0
0.0
0.0
0.0022343053
0.0022297949
0.0
0.0022207797
0.0
0.0
0.0
-0.0011013864
0.0
0.0
0.0
0.0
-0.0021803093
0.0
0.0
0.0
0.0021623753
0.002157897
0.0021534208
0.0021489467
0.0
0.0
0.0021355373
0.0021310719
0.0031899128
0.004244295
0.0
0.0
0.0010543886
0.0010521624
0.003149812
0.002095427
0.0020909812
0.0031298068
0.0020820969
0.002077658
0.0010366108
0.0010343937
0.0010321777
0.0
0.0010277494
0.0010255369
0.0010233257
0.0
0.0
0.0
-0.0010144925
0.0
-0.0010100831
-0.0010078803
-0.0010056787
0.0
0.0
-0.0019981621
9.968844E-4
0.0
0.0
0.0
0.0
-0.0029577587
-0.0029511913
-0.0029446275
-0.0029380678
0.0
0.0
-0.0019456077
-0.0029118673
-0.002905327
-0.0028987904
0.0
0.0
-0.002879205
-0.0028726845
-0.002866168
-0.0028596555
-0.002853147
-0.0018977617
0.0
0.0
-0.0018847694
-0.002820666
-0.0028141823
-9.3590084E-4
0.0
-0.0018631704
-0.001858859
-9.272752E-4
-0.002775367
-0.0018459416
-0.0027624622
-0.0036746883
-0.0027495746
-0.0027431373
-0.003648939
-0.0027302755
-0.0027238512
-0.0036232418
-0.0027110158
-0.0036061394
-0.003597597
-0.0026917954
-0.00358053
-0.0035720053
-0.0035634867
-0.0026662305
-0.0026598505
-0.002653475
-0.002647104
-0.0017604918
-0.0017562505
-0.0017520123
-0.0026216658
-0.0026153177
-0.0026089742
-8.6754514E-4
0.0
0.0
-8.6121564E-4
-0.0025773267
-0.0025710114
-0.0025647006
-0.0025583946
-8.506978E-4
-0.001697198
-0.0025395053
-0.0016888123
-0.0025269364
-0.0025206592
-0.0025143868
-0.0025081192
-0.0025018565
-0.002495599
-0.001659564
0.0
8.2561834E-4
8.23539E-4
-0.0016429226
-0.0024581559
-0.0024519328
0.0
-8.1316713E-4
0.0
-8.090301E-4
0.0
8.048998E-4
0.0
8.007763E-4
7.9871714E-4
-7.966597E-4
7.946039E-4
7.9254986E-4
0.0
7.88447E-4
0.0
0.0
0.0015646113
0.0
7.782202E-4
7.7618007E-4
0.0
0.0
0.0
-7.6803745E-4
7.660062E-4
0.0015279535
7.6194917E-4
7.599233E-4
-7.5789925E-4
-7.5587706E-4
0.0
7.5183803E-4
0.0022494637
7.4780633E-4
-7.457932E-4
7.437819E-4
7.4177247E-4
7.397649E-4
0.0014755183
0.0
7.3375326E-4
0.0014635063
7.297548E-4
7.277584E-4
0.0
0.0
0.0
7.1979157E-4
7.178046E-4
0.0014316391
7.138364E-4
-7.1185513E-4
0.0
-7.078984E-4
7.059229E-4
0.0014078987
0.0014039555
0.0014000161
0.0
-6.960745E-4
0.0
0.0013842976
6.901889E-4
0.0013764619
6.8627496E-4
0.0
6.82369E-4
0.0
6.784709E-4
0.0
-6.745808E-4
-6.7263877E-4
-6.7069876E-4
6.6876074E-4
0.0013336495
0.0
-6.6295883E-4
-6.610289E-4
-6.59101E-4
6.5717514E-4
6.552514E-4
6.533296E-4
6.514099E-4
6.494923E-4
6.4757676E-4
6.4566324E-4
0.0012875036
0.0012836849
0.0019198055
0.00127606
6.361269E-4
6.342259E-4
6.32327E-4
0.0012608604
0.001257071
6.2664296E-4
0.001249505
6.228641E-4
0.0
0.0012381877
0.0018516358
0.0018459962
6.1345444E-4
6.1157893E-4
6.097056E-4
6.078344E-4
0.0012119306
0.0018122953
6.0223375E-4
6.0037116E-4
0.0011970217
0.0011933054
0.0011895933
0.0011858857
5.910913E-4
5.892419E-4
0.0
-0.0011710995
5.8370695E-4
5.818664E-4
0.0
5.78192E-4
5.763581E-4
0.0
-5.726971E-4
-5.7086995E-4
-5.690451E-4
-5.672224E-4
-5.6540204E-4
0.0011271678
5.617681E-4
5.5995444E-4
0.0
-0.0011126682
0.0
0.0
0.0
5.491208E-4
0.0010946464
0.0
0.0
-5.419443E-4
-5.40156E-4
5.3836993E-4
0.0
0.0
0.0
-0.0015937474
-0.0010589496
-5.277028E-4
0.0
5.241658E-4
-0.0010448018
0.0
-5.188781E-4
-5.1712024E-4
-5.1536475E-4
-5.1361165E-4
0.0
-0.0010202252
-5.0836673E-4
-5.066232E-4
0.0
0.0
-0.0010028139
-9.993461E-4
-4.9794157E-4
0.0
0.0
0.0
0.0
-9.78641E-4
-9.7520713E-4
-4.858891E-4
0.0
9.64935E-4
0.0
-4.7905574E-4
0.0
-4.7565385E-4
-4.739566E-4
-4.7226183E-4
0.0
4.6887973E-4
0.0
0.0
4.6382527E-4
0.0
4.6046812E-4
4.587933E-4
0.0
4.5545123E-4
4.5378396E-4
4.5211922E-4
4.50457E-4
4.4879733E-4
4.471402E-4
4.4548558E-4
0.0013315006
4.42184E-4
8.810741E-4
4.3889263E-4
0.0
4.356115E-4
4.3397478E-4
0.0
-4.3070907E-4
4.2908007E-4
0.0
4.2582984E-4
8.484172E-4
4.2258998E-4
0.0012629217
0.0
4.1774963E-4
4.161414E-4
-4.1453578E-4
8.258656E-4
8.226648E-4
8.1946934E-4
-4.0813952E-4
-4.0654704E-4
4.0495716E-4
0.0
0.0016071415
4.0020343E-4
0.0
3.9704752E-4
-7.909471E-4
3.9390224E-4
3.923336E-4
0.0
3.8920433E-4
-0.0011629311
0.0
-3.845305E-4
3.8297792E-4
-3.8142802E-4
-3.7988083E-4
3.7833632E-4
-0.0011303836
0.0011257663
0.0
3.721854E-4
0.0011119634
-0.001476505
3.6760073E-4
-7.321559E-4
0.0
0.0
-0.001084578
7.2002836E-4
-0.0017925254
3.5699873E-4
-3.5549514E-4
-3.539943E-4
0.001409985
-0.0010530028
0.0010485252
-0.0010440558
-3.465316E-4
0.0
-6.8713183E-4
6.8417453E-4
-0.0013624455
0.0
-6.75336E-4
-6.7240105E-4
0.0010042074
-9.998218E-4
3.3181484E-4
-0.0013214343
-9.867154E-4
0.0
-9.7802E-4
6.4912334E-4
-6.4623903E-4
0.0
-3.2024368E-4
-9.564301E-4
-6.3475844E-4
-6.319025E-4
3.145261E-4
-3.1310384E-4
-6.233689E-4
-3.1026787E-4
-6.1770837E-4
0.0
3.060354E-4
-6.0926063E-4
0.0
-3.0182875E-4
-0.0012017292
0.0
-2.9764805E-4
-2.9626026E-4
-2.9487538E-4
-8.8048016E-4
-2.921143E-4
-8.722143E-4
-2.8936483E-4
-5.759889E-4
-2.86627E-4
0.0
-0.0014195042
-2.8254214E-4
-8.4355916E-4
0.0
8.3545095E-4
-8.3141006E-4
-2.7579267E-4
-0.001372258
-5.4622686E-4
-2.7177826E-4
-2.7044603E-4
8.0735027E-4
-5.3558085E-4
5.3293415E-4
-5.302934E-4
0.0
7.875444E-4
-5.2240666E-4
5.1978964E-4
-7.757679E-4
-2.5728677E-4
-2.5598722E-4
-5.0938135E-4
2.533971E-4
-5.0421304E-4
5.0163793E-4
-2.4953438E-4
0.0
7.4092275E-4
-4.9139746E-4
4.888524E-4
-2.4315667E-4
0.0
2.406267E-4
-2.3936626E-4
4.7621765E-4
-2.3685445E-4
2.3560309E-4
-2.3435478E-4
0.0
0.0
-6.918843E-4
4.5878394E-4
0.0
0.0
2.257019E-4
-2.2447799E-4
6.6977146E-4
2.2203937E-4
0.0
-2.1961302E-4
-6.5521343E-4
-2.1719899E-4
-2.159966E-4
2.1479727E-4
0.0
0.0
2.1121786E-4
-4.200618E-4
2.0884706E-4
-2.0766631E-4
0.0
2.0531412E-4
-6.1242806E-4
-2.0297436E-4
-2.0180915E-4
-2.0064706E-4
0.0
3.966645E-4
0.0
-1.9602993E-4
1.9488347E-4
-1.9374014E-4
1.9259995E-4
5.7438866E-4
-1.9032898E-4
1.8919821E-4
-1.880706E-4
0.0
0.0
-1.8470665E-4
1.8359163E-4
0.0
1.813711E-4
-1.8026559E-4
0.0
0.0
0.0
5.2762567E-4
0.0
0.0
0.0
0.0
1.7045879E-4
0.0
0.0
-3.3449443E-4
-4.9854926E-4
-3.302443E-4
-1.6406442E-4
1.630099E-4
0.0
0.0
1.598656E-4
0.0
0.0
0.0
0.0
0.0
-1.5366387E-4
1.5264156E-4
0.0
0.0
4.4878194E-4
0.0
1.4757847E-4
0.0
0.0
0.0
0.0
0.0
0.0
2.8125301E-4
0.0
2.773391E-4
0.0
-2.734513E-4
-1.3575862E-4
0.0
1.3383434E-4
0.0
-1.3192318E-4
1.3097253E-4
0.0
1.2908108E-4
0.0
-1.2720277E-4
1.2626855E-4
1.2533764E-4
0.0
1.2348569E-4
-1.2256467E-4
0.0
0.0
0.0
1.1891366E-4
0.0
0.0
-1.1621017E-4
-1.1531563E-4
-1.1442443E-4
-1.13536546E-4
1.12651986E-4
-2.235415E-4
0.0
0.0
-1.0914704E-4
1.08279135E-4
-1.0741457E-4
1.0655334E-4
-1.0569546E-4
0.0
2.0797944E-4
0.0
1.02297374E-4
-1.0145623E-4
0.0
9.9783996E-5
-9.8952914E-5
9.8125194E-5
-2.919025E-4
0.0
-1.9132442E-4
0.0
1.880741E-4
-1.8645906E-4
2.7727612E-4
-1.832492E-4
-9.08272E-5
-9.003318E-5
-8.924254E-5
2.6536584E-4
-8.767141E-5
8.689092E-5
-1.7222765E-4
0.0
0.0
-2.514086E-4
1.6607868E-4
-2.4683762E-4
0.0
-8.076914E-5
-1.6003841E-4
1.5854536E-4
-7.8529556E-5
2.3336952E-4
0.0
-1.5264128E-4
7.559116E-5
-2.2459528E-4
7.414244E-5
-1.4684642E-4
0.0
0.0
-2.138581E-4
1.4116097E-4
-2.7951348E-4
0.0
6.848442E-5
-1.3558517E-4
2.0131258E-4
-1.9925769E-4
1.314754E-4
-1.3011922E-4
-6.438496E-5
6.371376E-5
-3.1522993E-4
2.4952667E-4
-1.2344157E-4
6.106336E-5
6.0409377E-5
-2.3903538E-4
1.1822353E-4
-2.3387256E-4
5.782797E-5
0.0
-1.6967398E-4
5.5928198E-5
-1.10603716E-4
1.6403696E-4
-5.4059572E-5
0.0
1.5849344E-4
-1.0444427E-4
1.03233186E-4
-1.5304357E-4
-5.041592E-5
-4.9820796E-5
-9.8458295E-5
1.4592292E-4
-4.8056278E-5
4.747506E-5
-4.6897323E-5
-1.8529227E-4
-4.57523E-5
-1.3555503E-4
-8.924243E-5
4.40609E-5
-1.3051223E-4
0.0
-4.24009E-5
-1.2556365E-4
8.262339E-5
-8.154467E-5
8.0472935E-5
0.0
-7.8350466E-5
7.729973E-5
-2.28768E-4
1.1282891E-4
-3.7094775E-5
-7.316684E-5
1.0822672E-4
-2.1342738E-4
1.7535199E-4
-1.0371923E-4
3.4079265E-5
3.3588964E-5
-1.9861307E-4
1.3047563E-4
-2.2497406E-4
1.2665165E-4
-3.119019E-5
-1.5360494E-4
1.2102122E-4
-2.0855201E-4
1.7600703E-4
-8.6638174E-5
-2.84278E-5
2.7979733E-5
-2.2028155E-4
1.0837673E-4
-1.599402E-4
5.244549E-5
0.0
-1.0146173E-4
7.4826225E-5
-1.96178E-4
9.642384E-5
-4.7386413E-5
-2.3283988E-5
6.863492E-5
-1.3485701E-4
4.415513E-5
-1.0841252E-4
-2.1290984E-5
4.180601E-5
-8.207428E-5
6.041304E-5
-9.880167E-5
0.0
-3.8032562E-5
-5.5948727E-5
3.6572837E-5
-5.3780434E-5
5.271226E-5
-3.4436496E-5
0.0
-1.6523893E-5
-4.854613E-5
3.16875E-5
-6.2036044E-5
-1.5177828E-5
-1.4850202E-5
-4.35784E-5
2.8411245E-5
-5.5554683E-5
1.3575279E-5
1.3265448E-5
-3.887753E-5
-1.2656468E-5
-6.178662E-5
0.0
-3.5309167E-5
-1.1481268E-5
1.119638E-5
-3.274517E-5
1.0637302E-5
-6.217868E-5
-2.0184985E-5
-9.825441E-6
-2.8685878E-5
1.8604092E-5
-3.6182817E-5
0.0
-2.5631203E-5
-1.6596216E-5
8.056054E-6
-2.345272E-5
0.0
-2.2054004E-5
-2.1370732E-5
-6.8993963E-6
-2.0036374E-5
0.0
-6.2483114E-6
-6.0384377E-6
0.0
-2.814713E-5
-5.430288E-6
-1.0469461E-5
-5.0427525E-6
4.854355E-6
-4.6695386E-6
4.4883036E-6
0.0
4.1365797E-6
3.9660918E-6
-7.598373E-6
3.635865E-6
-1.0428381E-5
-3.3199735E-6
9.502213E-6
-1.2073682E-5
5.7460434E-6
-1.0924834E-5
-2.5929814E-6
4.916681E-6
-9.309146E-6
6.5994573E-6
-6.227817E-6
-1.9556464E-6
-5.5168252E-6
-8.629125E-6
4.84889E-6
-4.5310708E-6
5.632024E-6
-3.9277325E-6
-1.2140717E-6
3.3674664E-6
-6.206974E-6
4.7504623E-6
-3.4771174E-6
1.5841134E-6
7.1842453E-7
-1.9451493E-6
3.4915954E-6
-2.076292E-6
1.8392188E-6
4.041277E-7
-7.0408424E-7
9.1064436E-7
-1.5518749E-6
6.5200595E-7
-3.592334E-7
0.0
0.0
-5.2807843E-7
2.586513E-7
-2.2452419E-7
8.621744E-8
1.6165792E-8
-2.1554412E-8
1.0777212E-8
-0.0
