0.100823976
0.78253865
1.060392
2.0408065
1.2913706
3.644547
6.232413
6.9370008
2.1717062
1.5630091
7.2713675
6.588455
1.8860062
1.3263531
1.0664827
1.0257741
1.7364844
1.6184343
0.52133226
0.2957283
0.33046746
0.07249164
0.2567848
0.46280164
0.18215725
0.6066799
0.31067187
0.19178449
0.116478
0.43410265
0.259074
0.33124003
0.17310682
0.12977402
0.37846342
0.3940442
0.45963594
0.65165085
0.31379232
0.30707458
0.6241236
0.68091005
0.4164486
0.12869462
0.40512452
0.3134826
0.14117937
0.27161348
0.6527118
0.38415676
0.059313804
0.25714675
0.32130644
0.36377555
0.26446784
0.48285943
0.16523798
0.5006453
0.4628388
0.52491504
0.11124612
0.3753557
0.20602798
0.14128315
0.1722581
0.314688
0.3360225
0.31607753
0.020145878
0.4042785
0.2972356
0.31846502
0.38856664
0.13975626
0.31125924
0.21535763
0.21149252
0.40976945
0.39071047
0.17874289
0.15796366
0.10565665
0.06863265
0.3631352
0.56398606
0.28225225
0.0456002
0.076293625
0.080983534
0.11357275
0.17052719
0.14533997
0.20509821
0.15721385
0.1483601
0.17623487
0.22081694
0.22065851
0.16561498
0.1103505
0.16422194
0.13108043
0.31832686
0.22871716
0.18830058
0.06854941
0.15859224
0.08933968
0.16776055
0.2629104
0.16259347
0.029853042
0.14054662
0.17303915
0.10710464
0.04707539
0.11399266
0.012753132
0.06655634
0.07209776
0.23073739
0.27346367
0.1355096
0.121998176
0.17883658
0.18704675
0.20430295
0.1724718
0.19491658
0.22610982
0.3097232
0.13890442
0.061080936
0.12222856
0.1381551
0.12744616
0.18003222
0.20829393
0.10324765
0.14962675
0.0780926
0.22630984
0.19451715
0.05009393
0.21104138
0.29956764
0.243914
0.061651137
0.08856294
0.14540082
0.16705245
0.28524935
0.25404862
0.26239276
0.3025566
0.052342433
0.23568328
0.1490055
0.12384603
0.30867454
0.2094533
0.15620084
0.17072177
0.18896072
0.1895596
0.18605097
0.16837163
0.20213948
0.21561508
0.19259
0.1486043
0.17436434
0.14308524
0.20822674
0.19686897
0.20186098
0.18208471
0.18621509
0.12171728
0.07016212
0.051608536
0.11020041
0.028848568
0.12171505
0.19880264
0.1930274
0.133667
0.039394006
0.051370174
0.0644896
0.11254043
0.061295476
0.044207655
0.08258593
0.06833695
0.12836705
0.14115386
0.07214552
0.14762338
0.18082428
0.06242479
0.046219263
0.15260011
0.12720263
0.20630603
0.22349118
0.21015038
0.28320828
0.19821674
0.10253356
0.08288625
0.06319622
0.06291861
0.134438
0.16523612
0.22781052
0.29975212
0.38885736
0.2426808
0.07077197
0.095079936
0.25460038
0.26611912
0.19354112
0.13741145
0.10871913
0.166499
0.07496321
0.081308
0.1092447
0.09445948
0.057021555
0.018292801
0.1458066
0.1750195
0.112356596
0.06208587
0.07554103
0.115116134
0.033842765
0.19290964
0.33697397
0.33877468
0.24409953
0.17166926
0.0917986
0.15299286
0.10772159
0.02615879
0.13489045
0.21053481
0.15597355
0.07510124
0.09409646
0.046978176
0.046749588
0.12805972
0.0508032
0.1538286
0.24078211
0.09975561
0.118291914
0.09565268
0.07780074
0.035227768
0.056049947
0.12847629
0.015190267
0.21566555
0.24817933
0.2348599
0.16451892
0.095985465
0.19051152
0.24003668
0.2242779
0.17183445
0.35897905
0.30742598
0.36915734
0.37338138
0.28520688
0.20736523
0.007813713
0.16910066
0.34470758
0.26949328
0.20167553
0.48490527
0.35550806
0.11595412
0.30938601
0.34854418
0.16792847
0.15050368
0.20892474
0.19271238
0.16977558
0.1302705
0.047299135
0.02815314
0.057337966
0.073248245
0.17290641
0.16383842
0.1935758
0.21192196
0.1292633
0.09828809
0.14570516
0.22349718
0.14247698
0.30354944
0.26271883
0.1111944
0.20446658
0.3733822
0.3557785
0.26460904
0.14139546
0.063629396
0.11345316
0.24614424
0.24416363
0.21032307
0.15960681
0.15642822
0.09840425
0.050382856
0.19888775
0.17551503
0.02659916
0.10420737
0.27014017
0.3621656
0.23994066
0.08148183
0.14861287
0.11390824
0.025838532
0.12622905
0.25083077
0.30285928
0.16478983
0.06559642
0.1620386
0.25565374
0.06626431
0.113016985
0.1823353
0.38202798
0.3592533
0.31529194
0.12786298
0.02282367
0.099366814
0.18205735
0.16623855
0.23290566
0.30996966
0.3655389
0.32533738
0.25258616
0.29875144
0.3773202
0.39222315
0.28800488
0.103067085
0.46533108
0.43869603
0.06859284
0.16686587
0.3031786
0.26580572
0.18419953
0.11726032
0.1956725
0.036448594
0.18357038
0.22431216
0.29682732
0.34335715
0.27115837
0.35304362
0.38704982
0.35358533
0.28513467
0.20694102
0.397886
0.48815554
0.34988087
0.31620523
0.4396955
0.4466104
0.35828587
0.4245694
0.3681396
0.21001884
0.07534789
0.34076577
0.32408834
0.26909974
0.32544547
0.35729715
0.31431857
0.37372637
0.28375864
0.4232914
0.7694663
0.74255955
0.31543583
0.12849683
0.22599873
0.10481263
0.15128231
0.20341861
0.41412002
0.5217215
0.38544703
0.25537515
0.33658057
0.48806348
0.41206875
0.4508241
0.37251005
0.06535294
0.16336215
0.11932581
0.1582165
0.1679376
0.3124081
0.25309855
0.37439877
0.29633415
0.33531094
0.25954297
0.3308911
0.20736335
0.09809309
0.10957456
0.15591718
0.49282184
0.30036932
0.15910403
0.16513117
0.08705023
0.0811889
0.110167176
0.38078985
0.57245404
0.32869312
0.104853116
0.031561825
0.16769606
0.08952714
0.054547217
0.3048134
0.4501201
0.23139554
0.2558281
0.29342115
0.20169744
0.013198152
0.14013809
0.3016299
0.46299514
0.20909019
0.16848135
0.20851482
0.23721227
0.10886458
0.4090022
0.59156036
0.36311203
0.3397326
0.50466746
0.37989286
0.16502078
0.21948637
0.042556923
0.22836864
0.23156153
0.20863986
0.10358026
0.17733467
0.17615531
0.4008476
0.29342538
0.19056444
0.36840844
0.49573302
0.24828486
0.11600911
0.10938467
0.25909057
0.20261662
0.31468526
0.4120791
0.21296418
0.42468777
0.29696843
0.33491173
0.4989076
0.4072238
0.24555358
0.5165121
0.40538728
0.38720286
0.4374452
0.27893162
0.2215441
0.24435833
0.2250737
0.12292239
0.26745802
0.42024034
0.17159085
0.34351778
0.4532939
0.22224423
0.33067954
0.51101065
0.39760068
0.13487293
0.14721142
0.19919679
0.22744709
0.09936726
0.35748225
0.58391
0.70992005
0.64657074
0.55217916
0.6229407
0.66142786
0.5777298
0.24861246
0.32068115
0.62570417
0.58381
0.4765609
0.37574878
0.2721153
0.2873455
0.6615339
0.5785328
0.30926135
0.28674918
0.30030426
0.55772984
0.919329
0.91444844
0.70902556
0.30402792
0.26387474
0.10311039
0.06839219
0.14271642
0.16210853
0.19657
0.3100697
0.29738662
0.4838655
0.29902986
0.25488082
0.38845605
0.24222621
0.38204584
0.7506099
1.1021478
1.2086288
0.57711524
0.60035306
1.0874531
0.7005551
0.5603302
0.6153686
0.46622008
0.3294815
0.187695
0.20811899
0.48824704
0.71698254
0.1725249
0.43303275
0.1878563
0.45924264
0.6154927
0.43632784
0.22895029
0.042195912
0.1629247
0.12223789
0.5529715
0.60742456
0.52683806
0.597198
0.60485774
0.4516016
0.25468788
0.32872048
0.5024227
0.49949914
0.20402417
0.6205289
0.5871156
0.9930141
0.6545025
0.2527418
0.39584345
0.21834299
0.36905196
0.81127703
0.80266935
0.6556966
0.5998644
0.47409952
0.54821706
1.6947845
2.1790888
2.1394486
2.144584
2.2984538
2.1690915
1.4654645
1.1363748
1.0643909
1.8933469
3.2845042
3.9847903
4.761541
1.7085643
2.7341728
3.9988468
2.235347
0.333318
1.0319774
0.89798534
0.5834962
0.4505048
0.3212586
0.50768805
0.58879757
0.6858679
0.592002
1.1931075
2.1222475
1.7425258
1.2438993
1.0154372
1.3599552
2.3899198
2.2487903
0.84018147
0.26695815
0.0984139
0.1199876
0.3604445
0.8628092
0.8412992
0.37933448
0.72108734
0.5545135
0.27984577
0.17121418
0.33652967
0.49148703
0.64355785
0.4748645
0.4961017
0.6802852
0.6771102
0.36581343
0.17194636
0.4624656
0.6631613
1.1169891
1.0894462
0.35100502
0.45820683
0.24188516
0.33144754
0.5555188
0.5598831
0.15108313
0.35889992
0.5987693
0.49277443
0.15504976
0.42567432
0.41446945
0.5283122
0.3951624
0.015043636
0.15486865
0.20221579
0.61841446
0.49925658
0.090194896
0.18655746
0.54098946
0.27043948
0.20157847
0.32452396
0.296084
0.19496915
0.2385468
0.34688506
0.385689
0.52841693
0.5048733
0.48236024
0.016963694
0.10915863
0.33445793
0.41217747
0.38528955
0.18886645
0.08081839
0.2619442
0.3327066
0.28554693
0.1711146
0.22254805
0.36980096
0.39140454
0.31884825
0.10631649
0.13895978
0.41828638
0.32611555
0.14789778
0.23248468
0.22384912
0.13370278
0.07557263
0.19652104
0.08531694
0.16245694
0.056174845
0.22796786
0.2784056
0.13943435
0.33399218
0.30884513
0.19858304
0.10065557
0.35760283
0.2698453
0.22429946
0.33421096
0.35637894
0.22462964
0.30230615
0.17764351
0.13726057
0.28961283
0.21161042
0.015282257
0.11009624
0.0909048
0.3207715
0.40896243
0.1350577
0.2452596
0.17926048
0.18006846
0.052203946
0.30967408
0.15307322
0.16986632
0.22443692
0.26289105
0.072835766
0.4090774
0.4303808
0.44677997
0.42099917
0.21866211
0.20296651
0.22627343
0.29725695
0.16718756
0.09840214
0.21475221
0.20625612
0.079807855
0.18164343
0.2799011
0.17567164
0.037876192
0.11667079
0.21609797
0.20981249
0.06677214
0.044623252
0.240382
0.451839
0.44321805
0.24837299
0.14655475
0.20339781
0.03681704
0.14252338
0.18977371
0.13743125
0.2086163
0.47668424
0.47015512
0.19723766
0.25806722
0.31255567
0.36701825
0.3845362
0.28197
0.27915275
0.20125718
0.07725557
0.016285293
0.06672906
0.04868123
0.060877964
0.10731197
0.21096234
0.24132043
0.1950064
0.16813298
0.17593987
0.24393743
0.13328427
0.33077615
0.2987985
0.1158968
0.12799625
0.10753386
0.122079626
0.12953916
0.10802663
0.17267911
0.15171002
0.12598856
0.07748925
0.06289271
0.05923659
0.16605055
0.30932236
0.3485091
0.31366813
0.2219093
0.22990866
0.12796977
0.10503443
0.094603844
0.057462316
0.17620395
0.23432142
0.2880367
0.179001
0.09692164
0.12542881
0.26562905
0.31956592
0.31791008
0.19055542
0.1833514
0.08271853
0.09875185
0.105338134
0.27023107
0.34072083
0.31590763
0.10933684
0.12946105
0.03461858
0.20651731
0.29584
0.2443798
0.23132971
0.17455527
0.23670119
0.22898394
0.035305947
0.25936306
0.2206341
0.12381399
0.035002746
0.10229521
0.10981546
0.03528381
0.053765617
0.13252293
0.118563026
0.17006853
0.30348897
0.18047106
0.15738209
0.120549746
0.08395714
0.17814718
0.15677007
0.046892203
0.17039177
0.30231464
0.20130631
0.04090395
0.1661443
0.03801899
0.12266328
0.08480313
0.2417566
0.2461592
0.21224266
0.04112686
0.177986
0.1559173
0.10456052
0.17622471
0.15962055
0.09067893
0.17700458
0.0986403
0.15861118
0.059486695
0.058614854
0.18495487
0.24381259
0.04303072
0.23697063
0.2747943
0.40214318
0.34187883
0.17547603
0.041690204
0.19323553
0.25458637
0.20694813
0.116591915
0.044007897
0.12489017
0.1356115
0.20979202
0.24297379
0.15806755
0.015366643
0.11819239
0.044405695
0.16074413
0.16195937
0.16294155
0.15650801
0.14333613
0.115922846
0.19956562
0.20159015
0.11946441
0.20907208
0.12386451
0.06120165
0.098596215
0.12868862
0.14420776
0.09371455
0.10673007
0.076423846
0.10217727
0.15381779
0.09048778
0.07504923
0.12651959
0.18601608
0.23559977
0.19422746
0.23549445
0.14693362
0.10689593
0.14920351
0.1610205
0.16722707
0.11924914
0.1422843
0.09137608
0.10304869
0.08691735
0.136567
0.17598328
0.15824585
0.030937163
0.05841061
0.15609403
0.14885794
0.16688763
0.2112214
0.16946146
0.11550691
0.058122825
0.012702084
0.056095157
0.042547762
0.10112795
0.25983644
0.22351666
0.14492424
0.20849878
0.106671445
0.0446413
0.06748583
0.23042536
0.25359654
0.02196475
0.18629706
0.13576925
0.1387555
0.12481566
0.17628767
0.07026309
0.13238761
0.12914558
0.061896715
0.0823959
0.046534583
0.05354837
0.13515131
0.17273585
0.21004677
0.14382803
0.14006619
0.14519699
0.040669486
0.1886468
0.27581292
0.15242293
0.17490348
0.123217374
0.10219158
0.07676198
0.23460391
0.21803321
0.067134865
0.03800683
0.05895782
0.030388976
0.07375072
0.05949312
0.0472814
0.20410219
0.21690618
0.029003944
0.036338497
0.11912445
0.20446658
0.21915208
0.04896101
0.10331509
0.09580851
0.17295073
0.004813453
0.10879931
0.21394214
0.13190523
0.09254542
0.14951298
0.15428112
0.16469607
0.21345031
0.12395008
0.06397538
0.12928534
0.08075444
0.15371247
0.13902503
0.05222193
0.23051707
0.28923845
0.08425831
0.3118762
0.28763142
0.21429919
0.23497692
0.32104072
0.28687295
0.1840411
0.08342088
0.2335442
0.321073
0.30074394
0.2081617
0.067466535
0.020903908
0.09514348
0.19895351
0.13770568
0.07323541
0.08329369
0.11189474
0.14492464
0.15160169
0.09665669
0.20450224
0.063640766
0.15364963
0.10309257
0.040752895
0.050181612
0.09429227
0.11314436
0.09333104
0.14580847
0.049601093
0.14378381
0.17616099
0.19178168
0.13642715
0.0725925
0.12083828
0.16924015
0.23208572
0.24400362
0.09462369
0.081084035
0.028916182
0.094551586
0.064531416
0.033482406
0.10015968
0.2611858
0.26082015
0.11479648
0.11658738
0.095150016
0.07575356
0.068619326
0.07793705
0.096170545
0.021333585
0.23137306
0.2315451
0.10355056
0.045574464
0.07810751
0.16555715
0.24815866
0.21113159
0.048520517
0.067514196
0.09645628
0.11855334
0.21187113
0.31236577
0.051480807
0.253953
0.22873841
0.17974435
0.099344596
0.20824192
0.3436549
0.21746807
0.16861092
0.13911149
0.07984367
0.153465
0.22447166
0.16167976
0.15272829
0.21305221
0.08005701
0.17238092
0.1503844
0.075602554
0.10182702
0.33080295
0.3094378
0.1580349
0.13681537
0.111465804
0.050318558
0.07571098
0.12693216
0.19340938
0.062230106
0.120928064
0.17196813
0.17440204
0.1026543
0.07992557
0.18814902
0.23216988
0.16131018
0.12271577
0.1510372
0.085537374
0.07003432
0.05145907
0.044613067
0.109499484
0.09183689
0.18560153
0.09997915
0.05647943
0.011165125
0.15298206
0.3303566
0.29158166
0.106670976
0.048600577
0.10398079
0.030305846
0.12576306
0.19166616
0.19731478
0.17488481
0.12601893
0.05236719
0.094005875
0.15635182
0.12847109
0.24987577
0.32405657
0.14995505
0.0997684
0.14615364
0.29517096
0.36316898
0.37391782
0.23949398
0.18795508
0.37988967
0.362502
0.18269238
0.060517497
0.1375514
0.30319306
0.2618701
0.16070746
0.13149714
0.09669867
0.2759249
0.26456404
0.15476303
0.120919816
0.11988308
0.1399365
0.14439365
0.18083563
0.19836429
0.2125897
0.08259349
0.15915619
0.16220964
0.058319908
0.19064356
0.34350416
0.2793716
0.08326179
0.12944184
0.07920522
0.13235523
0.12542166
0.25084013
0.1507799
0.048398457
0.09515108
0.054353815
0.11668445
0.1586669
0.10528292
0.1960815
0.16342081
0.12127993
0.042074118
0.16670631
0.20272177
0.042290647
0.08857407
0.12744303
0.21868701
0.09484672
0.070495665
0.10111504
0.15983233
0.19785787
0.20326708
0.2621658
0.15374242
0.11951209
0.21031645
0.24699321
0.22066842
0.28225377
0.25683773
0.13623823
0.13162246
0.18757372
0.23938411
0.1366313
0.17753433
0.2150098
0.13905892
0.19274233
0.20348522
0.38234684
0.41684034
0.3479506
0.27453613
0.1439641
0.054176405
0.18550995
0.35884872
0.33390585
0.28282395
0.3456073
0.19617184
0.14033891
0.14740123
0.0059328647
0.08837027
0.13391405
0.19020626
0.17457318
0.1340482
0.26370007
0.3216343
0.15193813
0.5042384
0.5934972
0.28543854
0.073162936
0.14900781
0.18142381
0.14419992
0.3388313
0.44567448
0.37749565
0.23376745
0.20579253
0.20381637
0.3169773
0.42577335
0.40182015
0.35710356
0.18026887
0.035161767
0.093002774
0.2129254
0.24553819
0.15057313
0.10145167
0.19632402
0.33561158
0.2917766
0.19021171
0.09046923
0.1960042
0.19437277
0.31848818
0.25875983
0.1282678
0.11515487
0.3502732
0.28782216
0.12682721
0.31283385
0.11169599
0.06845663
0.23482966
0.46599576
0.26366165
0.37560138
0.5117389
0.25882557
0.13832863
0.38906097
0.38056213
0.19793496
0.23352121
0.3917602
0.13121404
0.21642728
0.15367769
0.37640777
0.71538746
0.83994204
0.6319701
0.42835572
0.2963114
0.23864979
0.28785503
0.5419711
0.5311036
0.5124625
0.2735044
0.20053264
0.36388484
0.40563497
0.24148996
0.30716702
0.32122788
0.3627709
0.232178
0.30929217
0.17969
0.33577853
0.115559734
0.43627977
0.1830659
0.23966077
0.25821775
0.12208148
0.411778
0.61644423
0.47543025
0.43117806
0.544928
0.301925
0.3332397
0.4671338
0.48170403
0.32775155
0.2783239
0.3721856
0.4654862
0.6076504
0.5739461
0.430656
0.5925319
0.45462492
0.07613554
0.46532068
0.5291461
0.38836163
0.07651453
0.21931939
0.4628265
0.46044683
0.23716213
0.45447275
0.3331638
0.017618353
0.16105337
0.48630524
0.61152637
0.2455047
0.30071908
0.5822927
0.699988
0.55731386
0.42739275
0.5319228
0.416939
0.80676943
0.8571616
0.47183305
0.40109387
0.52491874
0.5368938
0.3594838
0.22995888
0.08028461
0.4148932
0.32032692
0.25379303
0.45747486
0.47407392
0.43198723
0.15434922
0.3818896
0.45904714
0.49210697
0.1963359
0.41774958
0.82733834
1.0033561
0.95580536
0.9908238
1.0519766
0.66667026
0.24258736
0.22887138
0.46749553
0.6134824
0.845772
0.52150524
0.10137106
0.1391593
0.58477443
0.8287256
0.45157883
0.86469346
0.6408887
0.38368154
0.31701675
0.38864
0.33917585
0.09941329
0.075056076
0.28286278
0.51904184
0.36290747
0.046515945
0.09221583
0.2925496
0.41603282
0.39068475
0.21340972
0.1904177
0.27508155
0.22657007
0.16934536
0.23298843
0.2973499
0.4484363
0.44472733
0.14407179
0.38904956
0.2013541
0.13485469
0.18027905
0.25412953
0.15439534
0.10090654
0.19996034
0.37160084
0.25016764
0.28115255
0.5938851
0.48258114
0.30623
0.23435512
0.15846552
0.094353355
0.24362846
0.3427108
0.13551965
0.19871064
0.07852629
0.31189054
0.33218357
0.2364487
0.49563316
0.39479145
0.16303061
0.17234445
0.2904663
0.33338088
0.3437919
0.20462236
0.09973587
0.09115386
0.110558465
0.1432842
0.12450173
0.33052075
0.28444323
0.18331279
0.14456344
0.22467792
0.1972642
0.26053473
0.2342485
0.18856938
0.11199865
0.4210781
0.67692703
0.43448284
0.29395747
0.075335085
0.2486389
0.29710433
0.5919441
0.5200636
0.42328042
0.62371975
0.4824171
0.34032416
0.39346498
0.3804599
0.16048765
0.11152952
0.16330127
0.26555714
0.2823117
0.23152393
0.16013804
0.33030394
0.32862258
0.15478358
0.13724512
0.24848463
0.13634947
0.14269683
0.11455968
0.25698155
0.19235706
0.09682198
0.36202955
0.35062495
0.25039202
0.20070992
0.18251985
0.051810227
0.19061182
0.25979638
0.14814621
0.1916785
0.3582909
0.1980457
0.054648217
0.1739196
0.09009729
0.19411288
0.21110097
0.17863369
0.1945391
0.13224787
0.14488313
0.30725926
0.20040265
0.11375889
0.20213608
0.15555921
0.07492661
0.10593813
0.082692415
0.052060723
0.1023095
0.13726011
0.16854155
0.057492804
0.10204339
0.23184858
0.33565617
0.3464751
0.17634997
0.14171907
0.13529605
0.0901875
0.014578543
0.09685031
0.013503358
0.08207629
0.12402209
0.22002915
0.15226832
0.10556341
0.06901333
0.16071525
0.045541767
0.15239137
0.09882521
0.08416942
0.070374705
0.107182756
0.11705103
0.13406204
0.0059048426
0.17857926
0.23107113
0.093867846
0.22027822
0.18648598
0.03122452
0.10118674
0.017752796
0.13963386
0.11408663
0.087443106
0.07100181
0.095908046
0.12324422
0.08140754
0.14865437
0.14588948
0.032598257
0.14067625
0.11247234
0.032381725
0.05917053
0.10491012
0.10079868
0.060102277
0.17699662
0.1086441
0.06528135
0.08794722
0.061247196
0.02081912
0.008597757
0.078725755
0.08540563
0.20609303
0.16953167
0.034692433
0.14174828
0.15422335
0.14750223
0.21537884
0.21017087
0.07741841
0.03746683
0.137959
0.14845297
0.027092744
0.115822166
0.09700128
0.2084387
0.10968708
0.07538324
0.10251982
0.019002799
0.1227609
0.1139547
0.028000336
0.07646359
0.20349543
0.14125378
0.14253275
0.17076726
0.055896368
0.13624145
0.18941969
0.17439097
0.101820245
0.07729113
0.143518
0.18613581
0.15724051
0.18167183
0.13272491
0.08199608
0.103014626
0.038391236
0.13017893
0.1775211
0.20503707
0.20767412
0.05889009
0.018181533
0.032044888
0.025945729
0.10999069
0.2234642
0.21715789
0.14966485
0.10042758
0.014539724
0.10149457
0.107516766
0.112284064
0.059645962
0.09957699
0.12461084
0.11894734
0.20943217
0.17507924
0.14738373
0.16294901
0.056719262
0.13615048
0.059389822
0.084687844
0.023998972
0.08541465
0.052601703
0.1380437
0.12966214
0.07630309
0.08434274
0.095779
0.08842468
0.021462662
0.07131498
0.04489662
0.09045581
0.16876335
0.18545403
0.17687297
0.12506622
0.15170178
0.14749742
0.11288416
0.0233919
0.0385304
0.14362118
0.07146265
0.08241361
0.1808083
0.22550514
0.24758126
0.15794925
0.06378252
0.08018121
0.1361517
0.09851696
0.22787294
0.23891483
0.2355599
0.15764368
0.061798092
0.023203922
0.027270325
0.10040829
0.10134805
0.045786187
0.09279163
0.17663194
0.13763696
0.079488106
0.068602055
0.056783825
0.056628987
0.046707217
0.13709798
0.093822
0.09825335
0.14967851
0.12896757
0.06075704
0.11715534
0.11585021
0.06416481
0.13256949
0.1263013
0.12441059
0.052886706
0.071441926
0.11390113
0.0653249
0.04103006
0.16178815
0.14778513
0.15167864
0.115497
0.055847373
0.04590097
0.016132616
0.012573418
0.023124594
0.14387836
0.1407984
0.043936238
0.02207721
0.11034352
0.1292438
0.07409749
0.068846
0.092526324
0.09572955
0.029747002
0.05307451
0.03136419
0.0037881653
0.06057751
0.13654234
0.13076437
0.08381567
0.049402047
0.10865315
0.15494728
0.033467576
0.064581834
0.11034199
0.15068212
0.07230312
0.11615148
0.059689466
0.05854584
0.13455147
0.08319383
0.06551797
0.07393171
0.073016465
0.06667818
0.162193
0.15988605
0.077422254
0.012814558
0.03154928
0.037323873
0.116727255
0.059549294
0.17927082
0.12921625
0.013581425
0.018750815
0.038171317
0.038391978
0.025412524
0.0205657
0.06014911
0.04253601
0.031412695
0.05652895
0.09469108
0.04595011
0.0414225
0.051059555
0.07033647
0.07858188
0.07148217
0.034366895
0.021563271
0.068205856
0.056416385
0.03995862
0.07432545
0.06890306
0.016344095
0.015157702
0.072476774
0.07933014
0.09134747
0.08165798
0.06515009
0.077135175
0.055610638
0.025530986
0.018229969
0.046174534
0.035649955
0.039267108
0.094997086
0.08611452
0.0666145
0.08888977
0.053707987
0.03646828
0.06229368
0.04386422
0.028793575
0.06615262
0.08000275
0.02914246
0.074774094
0.033878613
0.045912843
0.0104361465
0.06308496
0.0076062037
0.059495736
0.065352686
0.019747972
0.010657663
0.06254945
0.12872069
0.11800042
0.07308208
0.052508917
0.045574237
0.054502126
0.05881967
0.051867656
0.028910326
0.048250902
0.087410524
0.037484612
0.031831417
0.020033892
0.08350739
0.05398329
0.055702742
0.0569108
0.022177545
0.019455755
0.008798206
0.013374286
0.053128373
0.020304069
0.04657639
0.060467195
0.02234867
0.012013794
0.029772911
0.015618628
0.008401091
0.010025298
0.024981469
0.032134507
0.023063287
0.037353735
0.07229467
0.0769165
0.04477447
0.026001317
0.036679793
0.016416734
0.024143735
0.08451071
0.06601563
0.07899689
0.05740665
0.028076679
0.02449701
0.034281068
0.017594846
0.016985299
0.03298755
0.050298255
0.04301211
0.07076758
0.075129725
0.00951695
0.025123665
0.054975078
0.07004551
0.04123442
0.020945268
0.07562773
0.07195235
0.02715075
0.012734934
0.016607374
0.029234473
0.02690578
0.030160256
0.04723593
0.02458534
0.04739742
0.05526519
0.04594385
0.024679082
0.058993477
0.06553266
0.048510212
0.029086044
0.033839386
0.011891792
0.0356545
0.02975324
0.08641924
0.07998514
0.03341205
0.035365384
0.017780786
0.016164009
0.009395003
0.04038953
0.06505614
0.04042088
0.036368366
0.04994986
0.027743384
0.060708612
0.04432243
0.017474284
0.056266576
0.06958877
0.016877346
0.02312831
0.04497998
0.059938505
0.027466621
0.021362878
0.006103658
-0.009155444
-0.0061035934
0.0122071
0.012207
0.018310327
0.012206756
-0.0030516528
0.012206454
0.009154711
0.0
0.01830884
0.006102839
0.003051362
0.003051301
-0.018307418
-0.003051168
0.012204384
0.0091530625
0.012203767
0.003050859
-0.015253864
-0.012202732
0.0061011794
0.009151478
0.015251962
0.0061005764
-0.012200722
-0.012200276
-0.009149862
0.006099671
0.015248568
0.0091487635
-0.015247293
-0.015246629
-0.012196757
0.0030490493
0.015244529
-0.0030487585
0.0
-0.012193813
-0.021338068
-0.0030481338
0.0030479687
0.0091434
0.009142883
-0.012189807
-0.015236363
-0.0030470896
0.0
0.015233563
0.018279113
-0.009138965
-0.027415086
-0.015229581
-0.006091416
0.0030454963
0.009135843
0.0
-0.00913452
-0.01522307
-0.015221922
-0.0030441512
0.0
-0.006087349
-0.018260583
-0.0121727325
-0.012171729
-0.009128032
0.006084839
0.0
-0.009125677
-0.00912487
-0.0060827024
0.0030410753
0.0030407957
-0.015202563
-0.009120678
-0.018239614
-0.024317134
0.006078689
0.0060780873
0.0091162175
0.003038431
-0.021266837
-0.018226825
-0.009112457
-0.00911149
-0.0030368373
-0.0030365079
-0.0121447
0.0
-0.0060709966
-0.01214062
0.0
-0.0030344569
-0.009102308
-0.0030337449
-0.0060667666
-0.015165092
-0.00909795
-0.0151613895
-0.01212761
0.0060630464
-0.0030311407
-0.006061509
-0.0060607293
-0.018179828
-0.0030295746
-0.0060583483
-0.015143851
0.0060567255
-0.0060559036
-0.024220299
-0.021189835
-0.021186883
-0.01210509
-0.0030258438
-0.0121016465
-0.021174831
-0.021171756
-0.021168657
-0.0030236477
-0.0060463957
-0.006045489
0.0
-0.015109136
-0.018128179
-0.015104479
-0.009061274
-0.0030199504
-0.0030194724
-0.021132937
-0.018111035
-0.012072069
-0.009052576
-0.0030170297
-0.009049592
-0.018096168
-0.012062088
-0.021105086
-0.006028998
0.009041947
-0.009040387
-0.009038816
-0.021086883
-0.039154455
-0.018068083
-0.006021619
0.0030102683
0.009029171
-0.015045878
-0.027077615
-0.021056483
-0.0150375515
0.0
-0.0030063826
-0.012023255
-0.02704717
-0.03906065
-0.012016343
0.009010509
0.009008749
0.0030023265
-0.018010398
-0.0330125
-0.030005358
-0.01499966
0.0
0.002998714
-0.014990499
-0.020982375
-0.020978026
-0.011984945
-0.0029956084
0.0029949767
0.0029943418
-0.023949627
-0.029930614
-0.017954497
-0.008975302
0.01196446
0.014952296
0.0
-0.026902238
-0.044827074
-0.020914614
-0.0029871291
0.008959359
0.005971546
-0.0059701796
-0.02984403
-0.02983713
-0.011932077
0.0059646447
0.020871354
0.0029809182
-0.023841687
-0.0327745
-0.02978786
0.0
0.017864086
0.0029766234
-0.008927686
-0.029751644
-0.035693157
-0.014868459
0.0029729502
0.005944411
-0.0029714573
-0.017824233
-0.023759604
-0.020784345
0.0
0.014838325
0.008900689
-0.008898373
-0.023722792
-0.026681133
-0.008891364
0.008889007
0.014811068
0.0029614212
-0.017763752
-0.026638437
-0.01479512
0.011832872
0.008872227
0.008869789
-0.008867341
-0.038414493
-0.008862415
0.0
0.0
0.020661552
-0.002950814
-0.03244972
-0.023593053
-0.020637998
0.0
0.032412414
0.014728635
-0.0029448674
-0.017664026
-0.029431382
-0.0058845375
0.008824187
0.0029405195
0.00587928
-0.011755029
-0.017627226
-0.011747926
0.0
0.008805577
0.0029342927
-0.00586678
-0.0058649676
-0.014657872
-0.014653308
0.0029297455
0.0
-0.0029279036
-0.0029269776
-0.020482337
-0.014625578
0.00292418
0.0
0.0
0.0
-0.014602018
-0.005838902
0.0
0.0058350735
0.008749723
-0.0058312183
-0.011658562
-0.014568343
-0.00873808
0.0
0.0029107332
0.0
0.0
-0.0058155367
-0.0058135474
-0.008717326
-0.008714323
0.0029037697
0.008708286
0.002901751
0.0
0.0
-0.008696096
0.0086930245
0.01158659
0.0
0.005789167
-0.005787093
-0.005785013
0.0057829265
0.0
0.002889367
0.0028883142
0.0
0.0028861987
-0.0057702726
-0.0028840704
0.008649005
0.0028819295
0.002880854
0.0
-0.0057573877
0.008632827
0.017259127
0.008626289
0.0028743353
-0.0057464754
-0.017232822
0.0
0.017219555
0.017212894
0.011470809
0.0
-0.011461863
-0.0114573715
0.002863217
0.017172527
0.022887643
0.014299099
0.0028586814
0.0
-0.0028563947
0.00856574
0.014270477
0.019970588
0.014258918
-0.0028506233
-0.0056989193
-0.0056965854
0.005694246
0.0227676
0.022758191
0.011374379
0.0
-0.002841227
0.0028400384
0.022710774
0.028376522
0.017018726
0.011341014
0.0028340495
-0.0028328425
0.005663265
0.011321677
0.014146015
0.011311935
0.0
0.002825536
0.008472922
0.014115379
0.016931048
0.005641207
0.002819363
0.0028181192
0.0
0.01126249
0.008443109
-0.0028131139
0.002811855
0.0
-0.0028093278
0.00842418
0.008420367
0.014027574
0.0112169515
-0.011211831
-0.0056033493
-0.0028003885
-0.0027990995
0.013989037
0.0055930247
-0.0055904286
0.0027939132
0.0
0.0055826046
0.019529946
0.008366038
0.0
-0.0027860445
-0.005569445
0.013916989
0.01669242
0.008342218
-0.0027794056
-0.0111122755
-0.0027767292
0.0055507733
0.011096165
0.011090771
0.0
-0.002769987
0.0
0.0027672697
0.019361347
0.019351784
0.008289515
-0.0027617998
-0.008281276
-0.0027590476
0.0055153337
0.019293984
0.011019588
0.0
-0.008256347
-0.0055014417
0.01924526
0.024731299
0.013732593
0.0
-0.008231107
-0.0054845805
0.0
0.008218371
0.010952145
-0.0027366127
-0.0054703723
0.0
0.0027323244
0.016385335
0.01910616
0.0027280108
-0.0027265672
-0.010900483
-0.010894686
0.008166659
0.008162294
0.010877227
0.008153539
-0.0162983
-0.010859668
0.0027134481
0.0027119764
0.01355251
0.013545124
0.0
-0.010824247
-0.0027045761
0.0
0.0027015966
0.0054002055
-0.002698606
-0.005394213
-0.0026956042
0.0
0.0053851833
-0.0026910813
-0.002689568
-0.0053761043
-0.013432667
0.002685012
0.010733951
0.005363922
0.0026804314
-0.010715596
-0.01338682
-0.008027479
-0.0053485716
0.0053454856
0.0
-0.008008945
-0.0053361943
-0.0053330865
-0.005329973
0.0026634273
0.0053237304
0.0
0.0026587334
-0.0026571634
-0.010622363
0.0026540156
0.0026524374
0.005301714
0.007947821
-0.0026476877
-0.002646099
0.002644508
0.0052858284
0.0052826353
0.0026397186
-0.005276234
-0.0052730255
0.0026349057
0.007899889
0.007895052
0.007890208
-0.005256904
-0.010507328
-0.005250419
-0.0026235844
0.00786587
0.0052406527
0.00785608
0.002617058
-0.00784626
-0.0026137796
0.0
0.0
0.0026088424
0.0
-0.0052110767
-0.01041553
-0.0078066722
0.0
0.007796699
0.007791701
-0.00519113
-0.010375576
-0.007776662
-0.0077716336
0.0
0.0025871848
-0.0025855012
-0.0051676305
-0.005164253
-0.007741307
-0.005157484
0.0077311383
0.0051506953
0.0025736466
-0.010287773
-0.015421424
-0.005137058
0.0025668181
0.007695315
-0.0025633893
0.0
0.0025599506
0.0051164553
0.0051130042
-0.0025547743
-0.005106088
0.0025513112
0.002549576
-0.005095677
0.0025460985
-0.0025443563
-0.0050852234
0.0025408645
-0.002539115
0.002537363
0.0025356088
0.0
0.005064186
0.0025303317
0.0
0.0050536036
-0.0075751
-0.005046525
0.010085957
0.0
-0.0025179358
0.0025161556
-0.0075431196
0.0025125882
0.0075324033
0.0
0.010028879
0.007516277
-0.015021775
-0.010007322
0.0025000295
0.0049964525
0.014978523
0.012473064
-0.004985605
-0.00498198
-0.012445876
-0.007462075
0.014913234
0.004967435
0.0024818936
-0.0049601356
-0.0123911975
0.0
0.0074237287
0.012363706
0.009883616
0.0
-0.009868892
-0.002465379
0.0073905988
0.0073850537
0.004919668
0.0
-0.004912253
0.004908539
0.012262051
0.007351646
0.014692111
0.0024468193
-0.007334854
0.0048861625
0.004882418
0.009757338
0.0073123737
-0.009742317
-0.007301095
-0.0024318153
0.0
0.012140214
0.016983075
0.007272786
0.0024223684
0.0
-0.0024185749
0.0048333495
0.0144886365
0.012064343
0.0024109625
0.0048181084
0.007221431
0.0096209245
0.012016583
0.0
-0.0023994814
0.0023975607
0.002395638
0.009574853
0.016742503
0.009559429
0.0023879264
-0.0023859935
-0.0071521755
0.0
0.0071405475
0.0071347244
0.0071288953
0.00712306
0.0023724062
-0.0023704572
0.0023685063
0.011832766
0.0047291964
0.014175847
0.011803412
-0.0023587213
0.004713517
0.0047095874
0.002352827
0.011754291
0.0140933255
0.007040745
0.009379762
0.004685928
-0.0023409857
0.014034033
0.0070110695
0.0046700784
0.006999159
0.0
-0.0023290752
0.0023270836
0.00232509
0.004646189
0.0046421946
0.004638196
0.0023170968
0.002315094
0.0069392673
0.016177578
0.011545369
0.006921191
0.0
-0.0023030373
0.009204086
0.0068970113
0.006890953
0.0
-0.00687882
0.00458183
0.0022888882
0.0045737196
0.009139317
0.0
0.0
0.0045574554
0.0068300706
0.0068239532
0.00454522
0.0
-0.0068055685
-0.0022664766
0.0067932857
0.009049515
0.004520655
0.0
-0.0022562195
-0.0022541627
0.006756313
0.0067501334
0.006743948
0.008983677
0.002243854
-0.0044835745
-0.0022397188
-0.0022376485
-0.0022355767
0.0044670063
0.004462856
0.004458702
0.0022272724
-0.0044503845
-0.0022231105
0.008884108
0.0
0.00443371
0.0044295336
-0.008850708
0.0022105852
-0.002208492
-0.0022063972
0.0066129025
0.0
0.0
0.0021980018
-0.0021958991
0.0
0.0021916889
0.0043791626
0.006562417
0.0
-0.0021832495
-0.0021811358
-0.004358041
0.0043538073
0.008699141
-0.0043453313
-0.0043410882
-0.008673686
-0.0021662968
0.008656684
0.0
-0.0043198294
-0.008631137
-0.006466957
0.0021535188
0.0
-0.0042984956
0.0
-0.010724854
-0.01071415
-0.0042813756
-0.0064156326
-0.002136399
0.004268505
0.0
-0.006389866
-0.004255609
0.0
-0.0021234988
0.0
-0.0021191873
-0.0063510886
-0.006344611
-0.0063381293
-0.0021105479
0.004216769
-0.0042124395
-0.008416214
-0.008407544
-0.0020997173
0.0020975473
0.0020953757
-0.004186406
-0.006273086
-0.0062665595
-0.006260029
-0.0041689966
0.0041646375
-0.002080138
-0.004155912
-0.004151545
-0.008294351
-0.0041428036
0.004138429
0.0041340524
0.006194509
-0.0020626453
-0.010302264
-0.010291297
-0.006168193
-0.0020538683
0.0
0.004098945
-0.0020472726
-0.01227043
-0.0061286082
-0.0020406658
0.0020384612
0.0
-0.0040680966
-0.0101592
-0.0060888915
-0.0040548397
-0.002025208
0.00404599
-0.0040415614
-0.006055696
-0.0060490468
-0.0060423934
-0.006035737
-0.0020096924
0.0
-0.0060157473
-0.008012103
-0.008003205
-0.0059957267
-0.0039926977
-0.0039882422
-0.007967569
-0.007958649
-0.005962293
-0.0019851988
0.003965931
0.0
-0.0079139825
-0.009881296
-0.01184413
-0.0078871325
0.0
0.0019673028
0.0019650608
-0.0039256364
-0.007842298
-0.011749977
-0.007824334
-0.0019538368
-0.0039031778
-0.00389868
-0.0077883606
-0.011669036
-0.005827762
-0.0038806694
-0.007752323
-0.003871652
-0.007734281
-0.015450509
-0.017361503
-0.017341176
-0.0038490756
0.0
0.0
-0.0057532606
-0.015323922
-0.01913226
-0.013376727
-0.005726085
0.0
-0.0038083205
-0.015215133
-0.013297354
-0.015178813
0.0
0.001892808
-0.005671605
-0.011329566
-0.02074585
-0.018837107
-0.007525737
-0.0056374706
-0.0018768788
-0.0074983994
-0.018723201
-0.014960316
-0.0056032743
-0.0037309516
0.0
-0.007443636
-0.01672762
-0.014850712
-0.0111243175
-0.0055552977
-0.0036989565
-0.0036943797
-0.0073796026
-0.014740885
-0.01288224
-0.003676057
-0.0018357363
-0.009167217
-0.010986899
-0.012801988
-0.014612483
-0.007297058
-0.0018219681
-0.005459013
-0.010904239
-0.014520596
-0.012689427
-0.0072419015
-0.0036163495
-0.0072234944
-0.0072142864
-0.010807615
-0.012592761
-0.010779972
-0.008971788
-0.0071682096
-0.008948733
-0.012512082
-0.012495933
-0.007131303
-0.0035610353
-0.0053346264
-0.012431296
-0.014188715
-0.012398952
-0.010613807
-0.0035333121
-0.0017643437
-0.010572186
-0.012318023
-0.012301825
-0.012285624
-0.010516644
-0.008752292
-0.008740712
-0.008729129
-0.013948069
-0.010447146
-0.008694365
-0.010419325
-0.0069369404
-0.012123408
-0.013836763
-0.008636373
-0.008624768
-0.0051678964
0.0
-0.0068719503
-0.012009653
-0.01199339
-0.010266106
-0.00512608
-0.008531843
-0.008520218
-0.00850859
-0.011895744
-0.006788263
-0.005084217
-0.010154471
-0.0084504215
-0.0050632693
-0.0016854281
0.0016830994
-0.0033615408
-0.006713764
-0.0083805565
-0.011716467
-0.010028704
-0.0066764792
-0.005000366
-0.0049933717
-0.0066485014
-0.0066391733
-0.0066298433
-0.009930768
-0.008263975
-0.004951385
-0.004944384
-0.009874765
-0.00986076
-0.0049233763
-0.0032775812
-0.0016364555
-0.004902361
-0.0114224935
-0.009776694
-0.0065084514
-0.00487433
0.0016224402
-0.0016201034
-0.006471066
-0.004846288
-0.0064523676
-0.0032215086
0.0
-0.006424314
-0.0064149615
-0.009608412
-0.011193444
-0.0015967247
0.0015943858
-0.0015920468
-0.0031794154
-0.009524209
-0.007925144
-0.0015826892
-0.0031606988
-0.0047340286
-0.003151339
-0.003146659
-0.0047129677
-0.0047059464
-0.0015663084
-0.0015639679
-0.0031232545
0.0
-0.0015569457
-0.0015546049
0.0
-0.003099846
-0.0015475819
0.0030904815
-0.0030857993
-0.0061622337
-0.0015382172
-0.001535876
0.0
0.0030623868
-0.0015288522
-0.0015265108
-0.0015241695
-0.0030436565
0.0030389738
0.0045514368
0.0015148043
-0.0015124631
-0.0030202437
-0.0015077807
0.0015054396
0.003006197
0.00600303
0.002996833
-0.004488227
-0.0029874695
-0.0029827883
0.0029781067
0.008920277
0.0014843723
0.0
-0.004439075
-0.007386757
0.0
0.0029453428
0.0044109947
0.004403976
-0.0029313047
-0.002926626
-0.0014609736
0.0014586346
0.0058251824
0.0029079136
0.0
-0.0014492797
0.0
0.0
0.0057690623
0.0086395675
0.0014375903
-0.0014352531
-0.001432916
-0.0014305791
0.00571297
0.0085554365
0.00711785
0.0028424682
-0.0014188983
-0.0014165629
0.0014142278
0.004235679
0.004228675
0.0042216717
0.0028097797
0.0
0.002800445
0.0027957787
0.002791113
0.0041796714
0.006954458
0.0041656788
0.0
0.0
0.0027631314
0.006896175
0.008261428
0.008247449
0.005488981
0.002739832
0.0027351743
0.004095776
0.005451722
0.006803014
0.0054331017
0.005423794
0.004060866
0.0013512959
0.0040469104
0.0067332243
0.0067215995
0.0040259864
0.008038029
0.0053493916
0.004005074
0.00666351
0.005321519
0.00664029
0.0039772103
0.0013234159
0.002642191
0.0079126535
0.005265825
0.0065706866
0.0039354567
0.002619002
0.003921551
0.0078292005
0.0052102017
0.0039007037
0.003893758
0.002591209
0.003879871
0.0051639066
0.007731981
0.009004457
0.003852117
0.0025634551
0.0012794167
0.002554213
0.0076487805
0.0063624387
0.0038105375
0.0025357427
-0.001265564
-0.0012632573
0.003782854
0.010069167
0.01130707
0.0037621106
0.0025034668
0.002498861
0.0024942565
0.0074689602
0.009940206
0.007441353
0.004951704
0.0
0.0
0.003693094
0.0073724072
0.012264384
0.007344858
0.0
0.0
0.0
0.0048598736
0.01091409
0.009683085
0.007248571
0.0036174168
0.0
0.003603686
0.0071936483
0.009573239
0.0071662148
0.0059604207
0.0023796
0.0035625496
0.0071114036
0.0070977127
0.008264698
0.0058919545
0.002352223
0.002347666
0.0058577764
0.005846392
0.008169017
0.005823636
0.0034873583
0.003480538
0.0023158134
0.0034669049
0.009226913
0.008057658
0.0057441243
0.005732783
0.0022885785
0.0034260685
0.003419272
0.005687463
0.0034056867
0.0022659323
0.0022614084
0.0022568866
0.0033785498
0.005619621
0.00560833
0.0033582265
0.0
0.0011148974
0.002225286
0.0033311693
0.0033244123
0.0033176583
0.0011036358
-0.0022027728
0.0
0.0021937813
0.004378577
0.0054619946
0.0043606185
0.0
-0.0054283454
-0.0010834278
0.0
0.0032368454
0.0064602625
-0.0010744734
-0.0021444748
-0.0021400051
-0.0021355373
0.0042621437
0.0063798255
0.0
-0.0031765327
-0.005283079
-0.0042175543
0.0021043248
0.005249687
0.004190854
-0.0010454906
0.0
-0.0020820969
-0.003116487
0.0020732216
0.0020687873
0.0020643554
0.002059926
-0.0020554988
-0.0030766109
-0.0020466514
-0.0020422311
0.0
0.0
-0.002028985
-0.0030368618
-0.0060604988
-0.006047282
-0.0010056787
-0.0020069564
-0.003003837
-0.0029972433
-0.002990653
-0.0049734446
-9.924946E-4
9.903017E-4
-0.00197622
-0.0019718392
-0.0029511913
-0.005889255
-0.0019587118
0.0
-0.0029249596
0.0
-0.0058237347
-0.005810654
0.0
-0.001928172
9.619098E-4
0.0
-0.0047878074
-0.0038215572
-0.0047660926
-0.002853147
0.0018977617
9.4671414E-4
-0.0018890974
-0.0018847694
-0.00470111
-0.0028141823
-0.0018718017
-0.0018674847
0.0
-0.0027882885
-0.0018545504
-0.0018502446
-0.0018459416
-9.2082075E-4
-9.1867207E-4
-0.0018330498
-9.143791E-4
-0.003648939
-0.005460551
-9.0795045E-4
-0.0018116209
0.0018073438
0.0
-0.0053963955
-0.0044863257
-0.005370795
-0.002679004
0.0
-8.887435E-4
-8.866168E-4
-0.0017689833
-0.00441184
-0.0017604918
-8.7812525E-4
-8.7600615E-4
-8.738886E-4
-0.0034870903
-0.0034786323
-0.0026026354
-8.654338E-4
-8.633239E-4
-8.6121564E-4
-0.0017182179
-0.004285019
-0.0017098004
-0.0017055965
-0.0025520935
-0.001697198
-0.0050790105
-0.0033776246
-0.0016846242
-0.0016804395
-8.3812897E-4
-0.0025081192
-0.005003713
-0.004991198
-0.003319128
8.276994E-4
8.2561834E-4
-0.001647078
-0.0024643838
-0.004096926
-0.0032692435
0.0
0.0
-0.0016221956
-0.0040451507
-0.0048417845
-0.004024499
-8.028372E-4
-8.007763E-4
-7.9871714E-4
-0.0015933193
-0.0039730193
-0.003962749
-0.003952488
0.0
-7.8639813E-4
-0.001568702
-0.0015646113
-0.0039013103
-0.0031128807
-7.7618007E-4
-7.7414175E-4
0.0
-7.700704E-4
-0.0046082246
-0.0015320124
-7.639768E-4
0.0
7.599233E-4
-0.0015157985
-0.0037793852
-0.0052769966
-0.004511028
-7.4982125E-4
0.0
0.0
-0.0014875638
-0.004450635
-0.0022192947
-0.0022132776
-7.357553E-4
0.0
-7.317531E-4
-0.0029190192
-0.0043665506
-0.0029030554
-0.0014475425
-7.2178047E-4
-0.0021593748
-7.178046E-4
-0.0028632781
-0.0028553456
-0.0014237103
-7.098758E-4
-7.078984E-4
-0.0014118458
-0.0035197467
-0.0042118663
-0.0028000323
-0.0013960806
-6.960745E-4
-0.0013882214
-0.0027685952
-0.0034509446
-0.0041293856
-0.0027450998
-0.001368642
-0.0020471069
-0.0027216757
-0.0027138835
-0.0027060995
-0.0026983232
-0.0020179164
6.7069876E-4
-0.0013375215
-0.002667299
-0.0013297815
-0.0026518353
-0.0013220578
0.0
6.5717514E-4
6.552514E-4
-0.0019599888
-0.0019542298
-0.0019484769
6.4757676E-4
0.0012913265
0.0012875036
-6.4184243E-4
-0.0012798704
0.0
6.361269E-4
0.0019026777
0.0
6.304302E-4
0.0
-6.2664296E-4
0.001249505
0.0012457282
6.2097795E-4
0.0012381877
-6.172119E-4
6.153321E-4
0.0018403633
6.1157893E-4
0.0
0.0
6.059653E-4
0.0012081969
0.0018067012
0.0024014846
5.9851084E-4
0.0
0.0
-5.929429E-4
0.0011821826
0.0017677257
0.0017621841
0.0017566492
0.0
-5.818664E-4
0.0011600562
0.001734576
0.0017290744
0.001149053
5.726971E-4
5.7086995E-4
0.0
0.0017016672
0.0022616081
0.0011271678
0.0016853041
0.0
0.0
0.0011126682
0.0011090547
5.527229E-4
5.5092067E-4
0.0
5.473232E-4
0.0010910559
0.00108747
0.0021677772
0.001080312
5.3836993E-4
0.0
5.348049E-4
0.0010660517
0.0015937474
0.0021178992
0.0015831083
0.0010518662
0.0010483316
0.0010448018
0.0010412766
0.0020755124
0.0010342405
0.0
0.0010272233
0.0010237219
0.0010202252
0.002033467
0.0020264927
5.04882E-4
5.031433E-4
0.0010028139
0.0019986923
0.002489708
0.00198485
4.9448584E-4
4.927616E-4
9.820797E-4
0.0014679615
0.0029256213
0.0024294455
0.0029050624
0.00192987
0.0014422812
0.001916223
0.0023867679
0.003329577
0.0018958264
0.0014167855
0.0028234173
0.0028132785
0.0028031545
0.002327538
0.0013914758
0.0018485818
0.0027628087
0.0022939665
0.0027427261
0.0013663537
0.0018151358
0.0027127154
0.0022522851
0.002692784
0.0026828412
0.0026729135
0.0022191675
0.00221092
0.0035242965
0.003511141
0.002186254
0.001742446
0.002169874
0.0017293625
0.0030149636
0.0025744804
0.0017098146
0.002554979
0.0016968345
0.0016903599
0.0025258434
0.0020968025
0.0012532489
0.0016645656
0.0020726789
0.0024775967
0.002879327
0.002458408
0.0016325581
8.130941E-4
8.099143E-4
0.0020168498
0.0028124976
0.002001017
0.0015944967
0.0015881901
0.0015818942
0.0019695112
0.0015693344
0.0011723029
0.001167613
0.0
0.0011582572
0.0023071829
0.0015319117
0.0015257121
0.0011396424
7.5667264E-4
0.0015071782
0.0015010218
0.0018685954
0.0018609271
0.0011119634
7.382525E-4
7.3520147E-4
7.321559E-4
0.0021873475
0.002541284
0.001446104
0.0010800426
3.585051E-4
0.0010709963
0.002488466
0.0024779602
0.0021149775
0.0010530028
6.990168E-4
0.0013920744
6.930632E-4
6.900948E-4
0.0013742637
6.8417453E-4
0.0013624455
6.782766E-4
0.001013004
0.0013448021
6.694716E-4
6.6654786E-4
9.954446E-4
6.6071714E-4
0.0
9.823635E-4
9.7802E-4
9.7368506E-4
0.0012924781
0.0012867207
3.2024368E-4
6.3762005E-4
9.5213763E-4
6.319025E-4
0.0
-3.1310384E-4
6.233689E-4
6.2053575E-4
9.265626E-4
0.0012297734
6.120708E-4
6.0926063E-4
6.064562E-4
9.054863E-4
6.008646E-4
5.980775E-4
0.0
-5.925205E-4
5.8975077E-4
5.869868E-4
5.842286E-4
0.0011629524
2.8936483E-4
2.8799445E-4
8.59881E-4
2.8526245E-4
2.8390085E-4
8.476265E-4
2.811864E-4
2.7983356E-4
8.3545095E-4
8.3141006E-4
0.0013789634
0.001372258
0.0
0.0
5.4089207E-4
5.382335E-4
5.3558085E-4
7.994012E-4
5.302934E-4
5.276585E-4
5.250296E-4
5.2240666E-4
0.0012994742
0.0010343572
0.0010291471
5.1197445E-4
5.0938135E-4
0.0010135884
5.0421304E-4
0.0012540948
9.981375E-4
7.4475846E-4
7.4092275E-4
2.4569873E-4
7.332785E-4
0.0012157833
0.0012094509
7.218801E-4
7.180988E-4
4.7621765E-4
2.3685445E-4
9.4241236E-4
0.0011717739
9.3243807E-4
6.9560186E-4
4.612562E-4
2.2939197E-4
6.8447663E-4
4.538577E-4
6.771057E-4
4.4895598E-4
4.4651428E-4
4.4407873E-4
4.4164932E-4
4.3922605E-4
4.3680894E-4
4.3439798E-4
4.319932E-4
2.1479727E-4
0.0
-4.248158E-4
4.2243573E-4
4.200618E-4
0.0
4.1533262E-4
4.1297733E-4
2.0531412E-4
6.1242806E-4
4.0594873E-4
6.054275E-4
6.019412E-4
1.9948809E-4
5.9499673E-4
3.9435906E-4
5.880898E-4
5.8465044E-4
1.9374014E-4
0.0
0.0
5.7098694E-4
1.8919821E-4
5.642118E-4
5.608384E-4
1.858248E-4
5.5411994E-4
1.8359163E-4
1.8247978E-4
3.627422E-4
1.8026559E-4
1.7916324E-4
5.341922E-4
1.7696805E-4
0.0
6.991423E-4
6.947964E-4
3.4523162E-4
5.146071E-4
8.52294E-4
6.775403E-4
8.415727E-4
6.6898885E-4
1.6618308E-4
3.302443E-4
1.6406442E-4
1.630099E-4
3.2391716E-4
4.8273144E-4
7.99328E-4
6.352957E-4
1.5778546E-4
1.5675023E-4
1.5571823E-4
1.5468943E-4
6.146555E-4
4.5792465E-4
6.0648983E-4
3.012132E-4
1.4959398E-4
5.943384E-4
5.9031387E-4
1.4657558E-4
5.8230374E-4
1.4457954E-4
1.435864E-4
5.70386E-4
2.8321976E-4
4.2187952E-4
4.189392E-4
4.1600864E-4
5.507839E-4
5.469026E-4
1.3575862E-4
4.043845E-4
4.0150303E-4
3.9863138E-4
6.5961597E-4
1.3097253E-4
1.3002516E-4
5.163243E-4
0.0
0.0
0.0
0.0
0.0
1.2348569E-4
0.0
0.0
0.0
0.0
2.3782732E-4
2.3601836E-4
2.3421603E-4
-1.1621017E-4
-1.1531563E-4
1.1442443E-4
1.13536546E-4
3.3795595E-4
4.47083E-4
1.1089285E-4
1.1001828E-4
2.1829408E-4
2.1655827E-4
3.222437E-4
3.1966003E-4
1.0569546E-4
1.0484092E-4
0.0
1.0314187E-4
1.02297374E-4
-2.0291246E-4
0.0
9.9783996E-5
9.8952914E-5
0.0
9.7300835E-5
9.647984E-5
1.9132442E-4
1.8969589E-4
9.403705E-5
9.322953E-5
0.0
0.0
9.08272E-5
1.8006636E-4
1.7848508E-4
1.7691057E-4
0.0
8.689092E-5
8.6113825E-5
0.0
8.4569794E-5
1.6760573E-4
8.303934E-5
0.0
0.0
8.076914E-5
0.0
7.927268E-5
1.5705911E-4
7.778984E-5
0.0
0.0
-1.5118232E-4
-7.486509E-5
0.0
7.342321E-5
1.4541479E-4
0.0
-1.4257207E-4
-1.4116097E-4
-1.3975674E-4
6.917968E-5
6.848442E-5
0.0
6.710419E-5
-6.641923E-5
0.0
-6.505961E-5
-6.438496E-5
0.0
-6.304598E-5
-6.238167E-5
-6.1720784E-5
-6.106336E-5
-6.0409377E-5
1.1951769E-4
1.1822353E-4
5.846814E-5
-5.782797E-5
-1.1438251E-4
0.0
5.5928198E-5
5.5301858E-5
0.0
0.0
-1.0688725E-4
-5.2831147E-5
5.2222134E-5
1.03233186E-4
1.02029044E-4
5.041592E-5
4.9820796E-5
0.0
-4.8640974E-5
0.0
0.0
0.0
0.0
0.0
4.5185014E-5
4.4621214E-5
4.40609E-5
8.700816E-5
4.295074E-5
0.0
1.2556365E-4
1.2393508E-4
1.22317E-4
1.6094587E-4
0.0
0.0
0.0
0.0
3.7609636E-5
0.0
-3.658342E-5
7.2151146E-5
0.0
-7.01408E-5
3.4573077E-5
0.0
3.3588964E-5
6.620436E-5
0.0
0.0
-3.1662912E-5
3.119019E-5
0.0
-6.051061E-5
0.0
-2.9334506E-5
-5.775878E-5
0.0
-5.5959466E-5
-5.5070388E-5
-2.7094182E-5
-1.066268E-4
-7.866824E-5
-5.1584648E-5
-7.60963E-5
0.0
-4.90445E-5
-1.205298E-4
-7.1079616E-5
-6.9851965E-5
-6.863492E-5
-4.4952332E-5
-6.623269E-5
-1.0841252E-4
-1.06454914E-4
-8.361202E-5
-8.207428E-5
-6.041304E-5
-5.9281003E-5
-9.693267E-5
-5.7048845E-5
-1.8649576E-5
-1.8286419E-5
-3.5853624E-5
-7.0283015E-5
-8.609124E-5
-1.0121576E-4
-4.9571674E-5
-4.854613E-5
-4.7531248E-5
-4.652703E-5
-9.106697E-5
-7.425101E-5
-4.35784E-5
-4.2616866E-5
-1.3888671E-5
-1.3575279E-5
-5.306179E-5
-5.183671E-5
-3.7969407E-5
-3.7071968E-5
-1.2061741E-5
-2.3539444E-5
-5.740634E-5
-4.478552E-5
-3.274517E-5
-2.1274604E-5
0.0
-1.0092493E-5
-3.9301765E-5
-3.8247836E-5
-3.7208185E-5
-4.5228524E-5
-3.5171735E-5
-3.4174936E-5
-3.319243E-5
-2.4168161E-5
-3.127029E-5
-7.5826665E-6
-1.47026685E-5
-7.1235777E-6
-2.069819E-5
-3.3393957E-5
-2.584705E-5
-1.8744935E-5
-1.8115314E-5
-1.1664285E-5
-1.1258851E-5
-2.715144E-5
-2.0938922E-5
-1.51282575E-5
-1.941742E-5
-1.4008616E-5
-8.976607E-6
-1.7242603E-5
-1.6546319E-5
-1.1898275E-5
-1.5196746E-5
-3.635865E-6
-6.9522544E-6
-9.95992E-6
-9.502213E-6
-1.8110522E-5
-1.4365109E-5
-8.193626E-6
-1.0371926E-5
-4.916681E-6
-4.654573E-6
-1.31989145E-5
-1.2455634E-5
-1.3689525E-5
-1.4711533E-5
-8.629125E-6
-8.081483E-6
-9.0621415E-6
-8.448036E-6
-7.855465E-6
-6.0703587E-6
-5.612444E-6
-3.103487E-6
-3.8003698E-6
-5.215676E-6
-5.544397E-6
-5.028972E-6
-3.8902986E-6
-2.9096627E-6
-2.5953652E-6
-2.7588283E-6
-2.8288937E-6
-3.168379E-6
-2.1248368E-6
-1.5518749E-6
-1.5213473E-6
-8.9808356E-7
-7.2745036E-7
-8.046885E-7
-7.921176E-7
-5.173026E-7
-3.1433387E-7
-2.0117403E-7
-1.13160546E-7
-5.0293625E-8
-1.4369616E-8
-0.0
