0.006502341
0.102373295
0.12491615
0.082021035
0.15675667
0.09479726
0.23432621
0.10542981
0.53675914
0.38798544
0.20460354
0.39390048
0.47602832
0.8227915
0.6309152
0.108596705
0.18346095
0.16616802
0.20788376
0.21904711
0.5755753
0.28249854
0.2512156
0.69243735
0.9947426
0.72188205
0.7229027
0.34762916
0.47702914
0.86912274
0.9120172
0.7627017
0.36883873
0.22561513
0.34451884
0.23009153
0.28052726
0.5278986
0.49173972
0.1802304
0.24228787
0.09321943
0.20703822
0.45969233
0.37150693
0.08727187
0.18361956
0.52631044
0.54658467
0.16132435
0.42502385
0.29228142
0.26045525
0.44047305
0.67434263
0.52168393
0.22097951
0.17083244
0.19503184
0.67726225
0.7477903
0.3254459
0.04727087
0.24127902
0.6684146
0.8543414
0.7589476
0.3608291
0.08518338
0.26685667
0.30989075
0.26561612
0.23167953
0.4445835
0.09405875
0.30644476
0.09545126
0.25357896
0.106833614
0.27026257
0.21220216
0.3489133
0.37520993
0.1869922
0.17108764
0.04257854
0.25078344
0.14707117
0.20492764
0.103561215
0.16153891
0.1379671
0.13076061
0.33737096
0.24809438
0.20554765
0.15173814
0.08666021
0.15358947
0.3080458
0.22171406
0.09805406
0.1205033
0.089792036
0.12346829
0.32257044
0.31933922
0.2366072
0.36059117
0.22418734
0.0541892
0.06353232
0.20915334
0.15870146
0.106483236
0.089765884
0.032913513
0.16975337
0.27359745
0.21445313
0.22128431
0.21708275
0.20971054
0.08462373
0.115607016
0.06859791
0.09779831
0.23765188
0.20782517
0.24153583
0.23174213
0.2082509
0.036767796
0.0932004
0.23350509
0.2505343
0.21275575
0.13388592
0.17364553
0.22891243
0.056773737
0.05371603
0.1156129
0.15315112
0.21695407
0.27378505
0.2690022
0.21873397
0.1782882
0.2440487
0.15817131
0.20903201
0.24107212
0.10895264
0.24373426
0.06721908
0.108204566
0.2620589
0.13745369
0.51447815
0.50384164
0.42726117
0.29396656
0.16645569
0.07766456
0.06030517
0.11596308
0.19949022
0.23152184
0.15624101
0.13220267
0.02801067
0.20932488
0.18161692
0.06826644
0.17467636
0.17072637
0.08510639
0.09841786
0.042941775
0.14834537
0.26305506
0.26315194
0.16343577
0.25247383
0.14216445
0.14839593
0.066700466
0.09661167
0.06907567
0.1262606
0.24017571
0.4038882
0.3745842
0.24281001
0.15315677
0.19753769
0.0621269
0.26106519
0.30723572
0.32178298
0.3154521
0.274658
0.38015875
0.2844977
0.044555232
0.273487
0.31209293
0.2645798
0.04361129
0.0190363
0.08956165
0.21985658
0.28548232
0.11380077
0.08622338
0.13617526
0.19862223
0.12887526
0.030843763
0.064256065
0.02182234
0.09646025
0.060111914
0.09256892
0.1645175
0.273823
0.118213885
0.16332303
0.24721463
0.26647198
0.2663851
0.15337077
0.050093018
0.061338227
0.09667342
0.09465561
0.13092497
0.29165334
0.28641468
0.14212531
0.16452278
0.15085602
0.2860191
0.20908906
0.28960508
0.4080467
0.26277852
0.14693928
0.10046178
0.12081331
0.1695117
0.14500068
0.019115422
0.041915823
0.08156847
0.102768406
0.18459433
0.14688727
0.12689188
0.18889703
0.2701694
0.23731968
0.119916804
0.11996221
0.08551417
0.13733034
0.22949502
0.27503937
0.1375118
0.15564653
0.10465022
0.10663648
0.019334728
0.09793861
0.03004719
0.051460046
0.10668712
0.24280024
0.25163886
0.19319099
0.09691359
0.114685826
0.15490723
0.105445705
0.37870374
0.35412022
0.29601344
0.20897387
0.11568461
0.09443762
0.07293516
0.15724094
0.14648779
0.032192517
0.376515
0.30402634
0.5126094
0.6786295
0.8340677
0.34001666
0.3625898
0.1749149
0.1639152
0.31474665
0.23833789
0.26573744
0.24378671
0.25294903
0.4735899
0.22671364
0.19726442
0.2650527
0.13760893
0.077151075
0.18667856
0.08053958
0.1957835
0.24418105
0.07798671
0.18483669
0.26732194
0.18931691
0.33784014
0.2524077
0.23682682
0.24346066
0.09266897
0.06779657
0.15403612
0.16974676
0.069477975
0.049053114
0.12864657
0.051307987
0.2114662
0.23467731
0.13038431
0.094989225
0.16970693
0.055080272
0.034500364
0.12348178
0.08902528
0.18652005
0.33633474
0.2689422
0.19747253
0.22916923
0.16042322
0.16239509
0.26907912
0.22863308
0.24003136
0.26100078
0.2950533
0.033427432
0.2393366
0.1554434
0.23821047
0.24706325
0.20711973
0.068578474
0.21693394
0.18729706
0.13235742
0.113102235
0.03758903
0.17731065
0.32148194
0.20906292
0.09803367
0.09004243
0.17172445
0.18065578
0.22031821
0.099685155
0.15361905
0.24458529
0.37154475
0.25956017
0.11016854
0.028427083
0.18278953
0.36997816
0.32633376
0.09363848
0.22366545
0.30069634
0.46085182
0.30421895
0.2859375
0.3781884
0.16664344
0.19519363
0.1198246
0.17369334
0.3725119
0.28015774
0.15923317
0.28162214
0.36280483
0.505208
0.62907916
0.3355865
0.15547499
0.1726198
0.04624087
0.19863313
0.26442116
0.38362512
0.348904
0.18123126
0.22015059
0.19140925
0.183705
0.12602939
0.0504946
0.12589195
0.2874921
0.15772565
0.25691494
0.15241955
0.21322829
0.1637492
0.26796666
0.32904187
0.31826985
0.1505574
0.13152915
0.09703051
0.14859174
0.18945773
0.08776704
0.32671213
0.23552437
0.12581438
0.28130627
0.08153929
0.18323551
0.25403413
0.0443289
0.11162308
0.2315748
0.19943528
0.07625782
0.24847172
0.11489747
0.22726575
0.14778039
0.09593396
0.2012549
0.07929946
0.0770309
0.10185708
0.08501199
0.20576243
0.104054645
0.27520758
0.29304284
0.07623574
0.22109996
0.1256054
0.10900508
0.25562555
0.06451547
0.1342704
0.064092316
0.10728389
0.0971746
0.12519377
0.20225658
0.28656
0.20985343
0.2675356
0.13980538
0.20943621
0.18778116
0.04058932
0.1896478
0.100415446
0.21331978
0.26984805
0.25370878
0.32005987
0.34595746
0.3769454
0.19997622
0.041705977
0.044278618
0.16060421
0.23644948
0.14946853
0.17556119
0.014961713
0.30189294
0.25753564
0.2694461
0.16401912
0.13589203
0.27931505
0.22483882
0.31919074
0.4037918
0.21351454
0.20698056
0.22533913
0.13179769
0.26794863
0.18156353
0.25403902
0.28955916
0.28461084
0.17529002
0.24395962
0.2975198
0.33054447
0.18812983
0.23065403
0.20222555
0.124613106
0.08812876
0.16503872
0.15809916
0.032390364
0.21380933
0.4865748
0.27918467
0.057426568
0.1426292
0.19230989
0.10970284
0.3326283
0.35694063
0.2922649
0.38179144
0.47337967
0.2889306
0.09480832
0.12416183
0.20798938
0.110975556
0.27466112
0.3836373
0.1761318
0.3786018
0.3768248
0.3242614
0.3885467
0.43037337
0.3788313
0.2085982
0.35548267
0.41055718
0.42816377
0.37663192
0.22980443
0.17297941
0.26876628
0.31330335
0.35958117
0.39798352
0.17561783
0.09180366
0.07187
0.18966886
0.26526305
0.22722945
0.15495135
0.10942555
0.21318899
0.2907127
0.4384998
0.2221403
0.08232911
0.099555954
0.20312126
0.25381088
0.53467995
0.49848276
0.19433232
0.15767275
0.3955575
0.6787202
0.3970817
0.5720386
0.43622234
0.18726864
0.5696776
0.6629256
0.28857526
0.36013326
0.36327773
0.12287955
0.32255623
0.17792231
0.2252871
0.02379777
0.14849885
0.7053441
0.3639516
0.35001937
0.67709094
0.5562576
0.35733867
0.59948134
0.50952166
0.3381401
0.13517189
0.24008062
0.20572941
0.26931632
0.51045996
0.8577118
0.5144234
0.3985795
0.19570194
0.113035835
0.2208216
0.0635071
0.3044539
0.23027042
0.41836154
0.43545905
0.2186803
0.15578823
0.5875347
0.5624003
0.07082454
0.42980537
0.44214046
0.35889852
0.43244597
0.32207537
0.31779304
0.3491323
0.403878
0.30394283
0.38786763
0.53171706
0.41235855
0.19605576
0.18354742
0.4917179
0.5107901
0.24685463
0.31666112
0.3022938
0.29760242
0.45045054
0.20777851
0.24431285
0.518114
0.3759179
0.27493688
0.18457235
0.31821838
0.49431488
0.47403753
0.31559357
0.42611852
0.4099555
0.09414185
0.28968
0.18346629
0.3596554
0.29574603
0.05667082
0.16690646
0.2173192
0.1685484
0.348363
0.51879174
0.34653288
0.05646341
0.21905152
0.28796497
0.12253573
0.21085078
0.29269615
0.4154663
0.19097923
0.07590111
0.029000945
0.2202327
0.15823264
0.15684858
0.10314244
0.09881723
0.24373744
0.14602163
0.2137413
0.23677307
0.07259947
0.06483796
0.18163778
0.052949823
0.30406696
0.16389349
0.17387906
0.12702274
0.18855207
0.33539295
0.1522166
0.091720164
0.16622914
0.25422966
0.18063404
0.1480171
0.24498554
0.13901311
0.06365197
0.0328199
0.108064264
0.17440602
0.25634372
0.15958677
0.31501672
0.24260753
0.20025387
0.16926679
0.08332335
0.12986226
0.2562453
0.28463295
0.12060464
0.054189045
0.18307881
0.16826907
0.09041954
0.19458431
0.21547666
0.21232137
0.18084662
0.18159625
0.14595786
0.07917585
0.10852924
0.13480312
0.29095778
0.35949627
0.35440958
0.08746359
0.09100251
0.045395155
0.12945059
0.06577882
0.10532534
0.20678464
0.12773438
0.123647
0.1920631
0.10222669
0.05997207
0.11648636
0.09086887
0.06020823
0.17486213
0.28017765
0.17424664
0.013455049
0.08146769
0.11918256
0.15635574
0.1294379
0.15475011
0.15957905
0.1154354
0.022804068
0.05569613
0.097931616
0.17703906
0.15214315
0.03707277
0.07618444
0.16340382
0.14021337
0.18765935
0.100481436
0.30342132
0.30155748
0.13308187
0.12206493
0.114748634
0.040607873
0.082140096
0.060738634
0.09963676
0.15020499
0.079617605
0.02347502
0.023681028
0.031890757
0.13658419
0.12032162
0.07560498
0.0631255
0.10466834
0.17998542
0.1186999
0.077774875
0.026010983
0.12843804
0.20641653
0.11125072
0.078968294
0.07434307
0.04264712
0.020276094
0.025420519
0.07577988
0.097498156
0.04801761
0.07552144
0.16981804
0.15877037
0.08583176
0.050544113
0.08998334
0.0997072
0.12884302
0.016930733
0.11996709
0.0740304
0.043554615
0.12707986
0.1087227
0.023486516
0.042142265
0.038368437
0.059588227
0.07879529
0.137124
0.18833293
0.11701848
0.1506566
0.017976861
0.12232807
0.09705865
0.083806895
0.08093209
0.06123925
0.10160925
0.13160601
0.0876094
0.039520193
0.015231117
0.10474519
0.12374026
0.07090074
0.059623007
0.03979067
0.08689201
0.045157243
0.03949479
0.11482715
0.14636776
0.071530186
0.061181616
0.03706496
0.034485847
0.02429034
0.06211945
0.0545787
0.043523017
0.049489446
0.13019654
0.13770117
0.109414235
0.037561014
0.09050742
0.036231298
0.16239701
0.17451744
0.08736542
0.0651157
0.08143513
0.048197657
0.08136448
0.11317193
0.02446406
0.07734933
0.04461881
0.038024448
0.111252084
0.11141011
0.023845132
0.02026192
0.076345585
0.12990291
0.15657936
0.059478603
0.043521784
0.043123495
0.063272774
0.09365122
0.11194698
0.07418585
0.023033662
0.024651805
0.022970634
0.0542395
0.06565983
0.09086025
0.085463196
0.13405173
0.12117306
0.053881653
0.07504961
0.1074783
0.07489014
0.047407337
0.035760585
0.045218192
0.02488862
0.04438703
0.04053509
0.075346716
0.09288074
0.12573871
0.16565752
0.14448221
0.115459315
0.16711998
0.12322427
0.03507458
0.008128117
0.03552052
0.10120366
0.09864098
0.061317157
0.1409122
0.17520936
0.12517738
0.07335568
0.052707825
0.06106129
0.071990855
0.02757501
0.054023754
0.043361664
0.07002905
0.03930575
0.123907655
0.088858895
0.042803552
0.10759485
0.090609215
0.070223704
0.11691923
0.09936274
0.009154995
0.072986364
0.108183496
0.11211528
0.08738202
0.07257016
0.08039388
0.09780946
0.12088047
0.11429433
0.046572752
0.07350841
0.06903301
0.034028444
0.09942254
0.058384843
0.047986086
0.06512608
0.09802849
0.05395421
0.03380787
0.15571988
0.13054164
0.03913165
0.038264677
0.04449711
0.04109234
0.07316775
0.08890838
0.08765874
0.10748492
0.06820682
0.09567334
0.12866734
0.07431614
0.0314091
0.070382416
0.03902751
0.09658891
0.0632149
0.051056657
0.07694662
0.09672281
0.13784939
0.15839049
0.14004546
0.09555642
0.10732984
0.15639652
0.18117037
0.18238765
0.10591499
0.034111593
0.09487321
0.14066838
0.08418214
0.09314936
0.18436383
0.1173175
0.1645646
0.026796436
0.12640302
0.081128865
0.04929255
0.14619072
0.21516876
0.16359144
0.04603967
0.04322029
0.103876494
0.12451365
0.09227175
0.044626135
0.13720717
0.12437494
0.10792491
0.15217902
0.13183767
0.15307309
0.0545144
0.03234119
0.029313415
0.046725716
0.0713555
0.075059496
0.12990455
0.028033363
0.073622584
0.06416364
0.08040144
0.052372202
0.09743775
0.14680818
0.04747001
0.085608594
0.15463504
0.09000264
0.06385997
0.10453353
0.0154513335
0.07994684
0.03127222
0.101960324
0.10376338
0.032449536
0.02608227
0.015230546
0.08312511
0.08192405
0.13658954
0.1368762
0.08137263
0.10474932
0.12715256
0.08754746
0.11355723
0.05315886
0.065291815
0.11230557
0.122079186
0.036806718
0.13187212
0.08838531
0.13584247
0.09965485
0.055496108
0.061765514
0.07017033
0.051083777
0.03715023
0.11833841
0.11761995
0.053791184
0.026009127
0.025472922
0.027410775
0.018893931
0.07071946
0.10422788
0.12230474
0.13302344
0.1206101
0.060721297
0.083987445
0.13504419
0.072085716
0.08540166
0.09916755
0.06499606
0.084352076
0.12112124
0.097930916
0.042223014
0.047500186
0.083978415
0.08316184
0.0434987
0.016911872
0.0965897
0.16142723
0.12616208
0.028815607
0.10880936
0.1159213
0.062469974
0.03305287
0.01512588
0.09702518
0.0794998
0.10111085
0.12858348
0.0418307
0.11156883
0.16340858
0.08131135
0.03715791
0.10300089
0.087441586
0.05177747
0.10993162
0.07130433
0.050792735
0.032512184
0.0907901
0.087516524
0.04104662
0.044457197
0.035255473
0.07665468
0.12687953
0.17204182
0.12566142
0.04788118
0.10640908
0.014924795
0.03497008
0.08735306
0.15153226
0.079240195
0.06502897
0.084099315
0.07969376
0.11200894
0.13359915
0.15934882
0.18780942
0.1537651
0.10406953
0.086969264
0.048872586
0.072440065
0.06458995
0.058041345
0.02780995
0.01143376
0.022655549
0.055596787
0.08753571
0.12246792
0.0568836
0.14481345
0.20123218
0.1546373
0.07233656
0.08375942
0.13652384
0.16340606
0.14252195
0.09993881
0.08209263
0.09541332
0.01913064
0.07553601
0.20534325
0.16410895
0.020262858
0.07271212
0.02649052
0.10422633
0.11175966
0.036407303
0.075349264
0.07844287
0.06783035
0.068052106
0.1108742
0.10106602
0.13198963
0.059731357
0.12581077
0.18873085
0.13754249
0.011116978
0.09586359
0.03490548
0.20265517
0.28465787
0.09419802
0.051786702
0.014902723
0.037758768
0.061342053
0.056965422
0.033041928
0.11741238
0.21540795
0.118528
0.04026035
0.08907044
0.1054943
0.24517319
0.18452308
0.046568584
0.029674323
0.026013866
0.0984306
0.07520356
0.016385876
0.13181439
0.10458926
0.03429977
0.06427273
0.15638418
0.19675766
0.11233317
0.081439815
0.1261637
0.14302096
0.040167198
0.118013375
0.072289266
0.0031065594
0.026008612
0.07177867
0.025744157
0.032894343
0.07034377
0.07777117
0.030422026
0.102052264
0.1458605
0.12494484
0.10866527
0.03229605
0.115638986
0.085561134
0.16222864
0.07781738
0.09247904
0.055564556
0.11598298
0.11718005
0.112567894
0.15184818
0.14373428
0.17794117
0.23724613
0.11560213
0.02483695
0.12788045
0.17188148
0.10380449
0.034871202
0.08672396
0.18454431
0.14087279
0.015324532
0.03716315
0.04154382
0.04255176
0.09208818
0.13682576
0.10828505
0.12269508
0.1373433
0.079708055
0.11394062
0.17041619
0.16479257
0.08686404
0.06898639
0.07108096
0.08471933
0.13054499
0.059932504
0.07313313
0.07972944
0.10443749
0.051980004
0.0076622036
0.06552878
0.08793028
0.21407424
0.18553789
0.031825576
0.031701624
0.122489646
0.15488105
0.030716095
0.13744156
0.16763426
0.07658291
0.0788215
0.1772365
0.12727506
0.028733019
0.1394641
0.23687483
0.22013776
0.11248109
0.19746022
0.13738357
0.12578703
0.08551855
0.06303648
0.079726785
0.07047384
0.06465096
0.06095282
0.07469197
0.039746523
0.07237322
0.09896734
0.081218176
0.10470122
0.06170042
0.057864193
0.17763393
0.15792583
0.10771076
0.115867816
0.15794612
0.30905056
0.3118623
0.09355278
0.019232307
0.1828481
0.20712367
0.16203529
0.16850382
0.20720407
0.2101544
0.065989494
0.15352479
0.15694277
0.07519619
0.1353941
0.16756876
0.040052023
0.06356934
0.10069037
0.15399967
0.11252794
0.043250192
0.16332632
0.27650377
0.22723742
0.095743835
0.21189107
0.19274916
0.119743146
0.09542003
0.093023255
0.029612174
0.15978356
0.15963095
0.08694062
0.072436936
0.086177975
0.0142842885
0.10188641
0.053491358
0.12391479
0.16545343
0.069953956
0.06778633
0.113491505
0.12503844
0.132268
0.21270241
0.10283845
0.13514364
0.14567189
0.09891249
0.15916497
0.084402435
0.05416172
0.107809596
0.075327426
0.13145828
0.118378095
0.090305425
0.10362427
0.017668486
0.047634985
0.117480874
0.11873629
0.12033609
0.122282
0.17104794
0.13114384
0.15570728
0.24238518
0.23383231
0.21279652
0.15182464
0.04342203
0.1093546
0.2385642
0.25223807
0.14254786
0.08743794
0.14332841
0.105002254
0.08348825
0.2851711
0.34091353
0.18676615
0.096662946
0.21486104
0.32825828
0.18641515
0.079114616
0.14971407
0.25571433
0.28748557
0.20490217
0.055082146
0.13711487
0.16647401
0.10607894
0.08818879
0.23777851
0.2584134
0.33594137
0.38016146
0.20101653
0.15433949
0.010644751
0.059288725
0.07733093
0.054372247
0.09548091
0.15874134
0.26812473
0.33393863
0.09862301
0.039623354
0.09435072
0.098029144
0.09883801
0.053708427
0.12760654
0.21774094
0.2315973
0.1427752
0.15818273
0.17928411
0.2089865
0.14627685
0.1801015
0.14528187
0.22737117
0.092959836
0.08628502
0.046107545
0.073806904
0.09936334
0.069000624
0.21757676
0.22670561
0.15211791
0.028288003
0.20322943
0.27334377
0.16240951
0.025160817
0.12209396
0.2938597
0.29265204
0.1831556
0.108685404
0.08293999
0.13912188
0.06442726
0.017564697
0.12836428
0.21443942
0.23509096
0.23095888
0.11892457
0.12230683
0.025749039
0.13911228
0.13950658
0.13668182
0.30840388
0.39596555
0.29052442
0.17906033
0.0304961
0.13462333
0.0559505
0.124206156
0.1022002
0.064171426
0.030661838
0.06254108
0.13474713
0.20210065
0.14425683
0.25089115
0.054889433
0.14010106
0.15989763
0.20512667
0.19667433
0.15749954
0.16866744
0.15352842
0.13305166
0.07057198
0.13838495
0.15500325
0.1068653
0.09950049
0.16908024
0.2190732
0.15049578
0.0470797
0.06348301
0.07068941
0.058229484
0.08732637
0.046982605
0.02274781
0.084172234
0.06408979
0.07344605
0.10872787
0.027862266
0.0866584
0.08919217
0.069367126
0.13197683
0.1903225
0.19330905
0.1602331
0.066080466
0.14084375
0.1882459
0.10869342
0.013613121
0.09457227
0.16240999
0.08553687
0.12042906
0.13794638
0.07242398
0.116249435
0.099220894
0.027526202
0.09210122
0.032132465
0.07650692
0.092849806
0.04955132
0.074649625
0.016818551
0.09939535
0.029310301
0.03672051
0.054172423
0.12086822
0.17704664
0.14632663
0.1702785
0.08960006
0.016701521
0.055274777
0.033174247
0.11143435
0.023600444
0.051054224
0.17008421
0.18007238
0.22218592
0.11114305
0.09313317
0.21289752
0.19704503
0.055289753
0.15158802
0.16306292
0.06168995
0.055852752
0.038750593
0.070098154
0.035544634
0.079228304
0.13468313
0.11459468
0.12281366
0.114694595
0.03046425
0.06958428
0.09387616
0.06468872
0.10493792
0.1255699
0.09721757
0.11426114
0.09035956
0.1554127
0.1477757
0.13012241
0.059451737
0.07605224
0.09652875
0.10515779
0.03127059
0.058944546
0.030252058
0.18819377
0.2378201
0.20046125
0.16936329
0.12202105
0.12068004
0.09877142
0.11976154
0.0343631
0.06596833
0.1859501
0.15019648
0.046352174
0.14415327
0.15282463
0.04284054
0.072839685
0.07082049
0.08892857
0.08664106
0.17694174
0.17989719
0.112130314
0.09260987
0.100490056
0.111083
0.05593356
0.070688054
0.15368284
0.14996813
0.01797196
0.05616552
0.051345903
0.10212496
0.27735716
0.16964513
0.1083506
0.13847758
0.11581572
0.15890014
0.11479658
0.013575411
0.21658628
0.1950315
0.09499121
0.12609904
0.124062926
0.13667679
0.29424244
0.25337473
0.2904266
0.33379966
0.23215024
0.44149405
0.04450877
0.7155906
1.1024837
0.9216716
2.5490909
4.0123076
3.036691
4.131094
3.255921
8.016077
8.300849
2.5961168
4.0259976
5.536323
10.158176
4.9649353
3.605384
6.408558
7.3614483
6.5557375
3.766442
1.3675585
0.5431829
0.27242064
0.39539564
0.5757207
0.29159907
0.32000878
0.25416005
0.10751755
0.14408784
0.081475526
0.061850976
0.11982934
0.12555857
0.059472382
0.039302785
0.07297654
0.10094253
0.035285857
0.1111133
0.057094507
0.039111815
0.08641051
0.07109226
0.047164552
0.09341423
0.13454486
0.08724706
0.032846786
0.08279861
0.08015208
0.10355947
0.030271346
0.0654852
0.0367543
0.07455763
0.01858666
0.05882425
0.1652376
0.13187012
0.12120631
0.018712366
0.04293529
0.050244104
0.04972568
0.052171245
0.026650995
0.04179528
0.098539665
0.12666607
0.13828717
0.12827644
0.056629434
0.027946712
0.043616366
0.039684135
0.091127366
0.012236963
0.06820093
0.08438395
0.16700882
0.1262796
0.11225607
0.08859112
0.034279313
0.07201679
0.04983985
0.02889912
4.168833E-4
0.04594602
0.063355386
0.0198429
0.1160419
0.11742048
0.12674831
0.15726686
0.20986924
0.23582348
0.04263325
0.07619992
0.12747431
0.15697202
0.14799681
0.12449454
0.063744195
0.07816638
0.11927368
0.048719194
0.041451592
0.06290255
0.078640595
0.008476534
0.03539973
0.028274043
0.04504064
0.019785624
0.023509948
0.09310774
0.085357845
0.08366574
0.047090594
0.024050638
0.010734108
0.07626929
0.10514782
0.05225771
0.08260045
0.037773266
0.060464796
0.019833134
0.031915255
0.12865931
0.17183752
0.15443327
0.08600512
0.023487328
0.144174
0.16032737
0.13144752
0.072731115
0.028848484
0.03800761
0.14632429
0.114158005
0.072592646
0.056803953
0.033544194
0.03162943
0.070950545
0.123666935
0.07131024
0.039910525
0.045421235
0.10833027
0.072092146
0.049859706
0.055523936
0.030925564
0.06651388
0.05768762
0.05452329
0.057635523
0.069663815
0.04260845
0.016367871
0.06554952
0.07892005
0.05502798
0.071447544
0.09833807
0.058060594
0.07890788
0.09588245
0.1367294
0.1564184
0.05491449
0.05122212
0.04831566
0.05924373
0.08743793
0.14554994
0.117916636
0.06324265
0.020029314
0.06539748
0.014126519
0.1255465
0.13717413
0.056926556
0.02514141
0.022134678
0.018632635
0.03910208
0.02954132
0.07657987
0.073722236
0.05751393
0.080425
0.055698052
0.021665579
0.03737558
0.03611238
0.027122779
0.009340744
0.06425499
0.06665253
0.09534449
0.0922653
0.047111575
0.032497194
0.045347903
0.034815628
0.053815104
0.11777388
0.093194075
0.04028951
0.037755113
0.07574612
0.07255984
0.07738361
0.04290713
0.12246842
0.09268842
0.08680386
0.11708077
0.07521742
0.043060776
0.051012326
0.06374791
0.03320458
0.06171768
0.07584685
0.049201474
0.02946432
0.054839857
0.0062237405
0.051803328
0.05352485
0.056109026
0.06032439
0.041547578
0.03687809
0.050848246
0.033544917
0.033435415
0.055479787
0.03634206
0.03835162
0.04390541
0.009664467
0.050735857
0.070203796
0.019467944
0.062084004
0.048080154
0.05441201
0.022405706
0.029466752
0.014620717
0.045202024
0.044608455
0.04485007
0.046603817
0.018581772
0.029227179
0.06272212
0.058610782
0.04637721
0.03328888
0.060529497
0.08457118
0.024024207
0.042953912
0.044172253
0.0058124987
0.02831026
0.05301852
0.06182831
0.059835333
0.046782475
0.044964466
0.029800074
0.019628638
0.02276587
0.041233905
0.03709692
0.047786254
0.04736797
0.06600986
0.06573179
0.020802304
0.061875403
0.045067724
0.030059299
0.06415417
0.043390874
0.014334831
0.02264133
0.017727764
0.011809691
0.004002164
0.025555125
0.042183273
0.06208008
0.0140341325
0.047206596
0.024392875
0.04302447
0.029619241
0.011967707
0.013355492
0.043901313
0.048118103
0.016826892
0.045276806
0.017052298
0.032224845
0.037652697
0.04356693
0.032875083
0.022558464
0.041721646
0.03370168
0.04805855
0.044510003
0.010147543
0.037403755
0.06416923
0.018068384
0.050238032
0.08552854
0.05430187
0.025170552
0.02507227
0.031190204
0.07138449
0.05044325
0.047059674
0.05023335
0.056315463
0.06134209
0.019443432
0.023481078
0.0242766
0.0350596
0.05323703
0.04087453
0.025693143
0.006785442
0.01069858
0.028294135
0.018929344
0.028318062
0.080028355
0.05793227
0.02143457
0.04138752
0.06544857
0.038970917
0.010013512
0.012207388
-0.012207359
0.0
0.0030518146
-0.00915539
0.015258876
-0.01525875
0.0030517213
-0.006103378
-0.0030516528
0.0030516135
-0.006103141
0.018309142
-0.0061029466
0.012205678
-0.003051362
-0.006102602
0.009153709
-0.018307008
0.012204384
-0.0061020413
0.0
0.009152577
-0.006101546
0.018304098
-0.009151769
0.009151478
-0.0030503923
-0.009150865
0.012200722
-0.015250345
0.009149862
-0.009149507
-0.0030497136
0.0060991757
-0.006098917
0.018295955
-0.0060983784
0.0030490493
-0.009146717
-0.009146275
0.01219443
-0.00914536
0.012193182
-0.009144401
-0.0030479687
0.0
-0.015238139
0.009142356
-0.01218909
0.0030470896
-0.0030469028
-0.009140138
0.009139556
-0.0152316075
0.006092241
-0.006091832
-0.003045708
0.0030454963
-0.015226406
0.009135187
-0.01217936
0.009133842
0.0
-0.009132454
0.009131744
-0.009131023
0.009130292
-0.009129549
-0.0030429321
0.0030426774
-0.012169678
0.015210789
-0.012167569
0.0
-0.0060827024
-0.009123226
0.009122387
-0.015202563
0.012160904
0.0030399356
0.0030396418
0.0030393444
-0.0060780873
0.006077478
-0.024307448
0.021266837
-0.0030378043
-0.006074971
0.021260142
-0.018221024
0.009109524
-0.00607235
-0.0030358385
0.0060709966
-0.00607031
0.009104423
-0.012137827
0.0030341025
-0.0060674897
-0.00910015
0.009099055
-0.0060652997
0.024258224
0.0
-0.0030315232
-0.0030311407
-0.024246035
0.0030303646
-0.0121198855
0.009088724
0.0
-0.009086311
0.0
-0.024223614
0.0
-0.012108477
-0.0030266976
0.0
-0.018155063
0.0121016465
-0.01512488
0.0030245367
0.0
-0.0030236477
0.0120927915
-0.0151137225
0.009066863
-0.012087309
0.0030213632
0.0
-0.015102124
0.015099752
-0.027175251
0.0030189909
0.0
-0.012072069
0.009052576
-0.027153267
0.0030165305
-0.003016028
0.009046566
0.0090450365
-0.006028998
0.015069913
-0.0241077
0.012051756
0.0030124118
-0.0030118811
0.015056735
-0.024086475
0.009030805
-0.009029171
0.0
0.01504312
-0.012032276
0.012030041
-0.018041689
0.006012765
0.0
-0.0030052413
0.018027991
-0.018024513
0.015017514
-0.012011665
0.0
0.009005199
-0.018006817
0.024004286
-0.011999728
0.014996624
0.002998714
-0.0029981
0.02697734
-0.008990583
0.017977418
-0.0059912167
0.0
0.011977367
-0.011974813
0.02095143
-0.01496208
0.0059835347
0.0
-0.0059809186
0.026908202
-0.014945688
0.023907771
-0.008963406
-0.0059742583
0.011945811
-0.017914638
0.023880718
-0.014922015
0.0
-0.0059660384
-0.014911612
0.01490811
-0.01490459
0.020861477
-0.0059590004
0.0
0.014890343
-0.020841433
0.023812987
-0.014879477
0.0059503284
0.0059488593
-0.011894766
0.026756553
-0.014861027
0.020800201
-0.005941411
-0.005939901
0.014845961
-0.020779012
0.020773655
-0.011867586
0.0
0.0
-0.020751992
0.017782727
-0.020741018
0.011848854
0.0029614212
0.0
0.017758958
-0.017754143
0.023665745
-0.017744454
0.0
0.008867341
-0.017729767
0.023633108
-0.023626499
0.008857449
-0.0059033004
-0.017704884
0.017699847
-0.01769479
0.023586284
-0.008842308
0.0
0.005891454
-0.017669205
0.023552036
-0.020601967
0.011769075
-0.0058827917
-0.017643118
0.01763784
-0.020571299
0.020565096
-0.008810944
0.0
0.014675962
-0.0146714635
0.02640051
-0.014662419
0.014657872
0.0
-0.014648728
0.020501783
-0.020495325
0.026342798
-0.008778145
0.0
0.014620899
-0.023385925
0.023378385
-0.017528115
0.00876121
0.0
-0.02042947
0.020422757
-0.023332598
0.020409264
-0.0029146406
0.0
0.00873808
-0.029117148
0.0174644
-0.020368237
0.008726279
0.008723306
-0.017440641
0.02034043
-0.02614297
0.017422618
-0.002902762
0.0
0.023205895
-0.017398316
0.026088288
-0.020283723
0.0
0.008686852
-0.020262085
0.02604192
-0.020247547
0.00867439
-0.00867125
-0.011557468
0.017329885
-0.023098065
0.020203391
-0.011540545
0.0
0.008649005
-0.017291576
0.023046833
-0.0143988775
0.014393469
0.0
-0.011506083
0.020128008
-0.014371676
0.02585914
-0.008616411
-0.002871033
0.002869926
-0.022950524
0.02580932
-0.014332928
0.017192796
0.0028643429
-0.011452868
0.022896701
-0.017165732
0.025738379
-0.0028586814
0.0028575396
0.017138368
-0.022841973
0.025686858
-0.014264706
0.011407135
0.00855187
-0.0056989193
0.028482929
-0.017082738
0.02561355
-0.002844774
-0.0028435946
0.014212062
-0.025571043
0.019880269
-0.014194234
0.011350608
0.014182272
-0.005670507
0.022672396
-0.019829897
0.014158162
-0.0056608384
-0.0056584063
0.019795887
-0.01978733
0.022604289
-0.01129723
0.005646152
0.014109206
-0.008461811
0.025374267
-0.019726835
0.008450617
-0.005631245
-0.008443109
0.019691797
-0.019682985
0.01967415
-0.0056186556
0.0
0.0056135776
-0.01683309
0.02523814
-0.019620704
0.011206699
0.0
-0.0139954975
0.019584652
-0.022372099
0.0195665
-0.0027939132
0.0027926092
0.008373907
-0.022319937
0.019520756
-0.013936817
0.011144178
0.005569445
-0.0083501935
0.01947449
-0.022245914
0.016676433
-0.008334206
-0.0027767292
0.00832616
-0.02496637
0.013863464
-0.01939939
0.005539974
0.00553726
-0.016603619
0.011063626
-0.027645405
0.0027631717
-0.0082853995
-0.0055208504
0.013795237
-0.016546002
0.013781417
-0.01928428
-0.0027535078
0.0027521157
-0.016504325
0.016495937
-0.019235454
0.010986074
-0.002745112
-0.013718513
0.008226871
-0.024667876
0.010957829
-0.008214109
-0.008209838
-0.0054703723
-0.019136297
0.010929298
-0.013654447
0.010917806
-0.0027280108
-0.010906269
0.008175362
-0.024513043
0.013611097
-0.010883058
-0.0054386137
0.0
-0.021731066
0.016289502
-0.024421033
0.005423953
-0.002710502
-0.013545124
0.018952813
-0.021648495
0.0108183045
-0.0054061757
-0.0027015966
0.0081003085
-0.016191635
0.013485533
-0.01886923
-0.0026940994
0.0
-0.010764325
0.01344784
-0.016128313
0.013432667
-0.005370024
-0.008050463
0.008045883
-0.018763019
0.0133944955
-0.010709456
-0.0026758262
0.0026742858
-0.010690971
0.01602718
-0.008008945
0.013340485
0.0
-0.00799496
0.010653709
-0.015971191
0.015961803
0.0026587334
0.005314327
0.010622363
-0.010616062
0.013262187
-0.007952571
0.013246368
0.0026476877
-0.002646099
0.01322254
-0.0132145705
0.013206589
-0.0026397186
0.005276234
0.015819076
-0.0052698115
0.018433074
-0.010526736
0.0026300694
0.002628452
-0.010507328
0.007875629
-0.010494337
0.00786587
-0.0052406527
0.0026186935
0.007851174
-0.013077101
0.007841338
-0.015672818
0.0052209813
0.007826528
-0.0026071917
0.015633231
-0.005207765
0.010408896
-0.0026005632
0.0025988996
0.010388935
-0.0077866954
0.012969471
-0.012961103
0.0
0.0051777316
-0.0051743696
0.012927506
-0.0051676305
0.00774638
-0.005160871
-0.005157484
0.0077311383
-0.0051506953
0.018015526
-0.0025719432
0.0051404745
0.010274116
-0.0077004544
0.01026042
-0.012816946
0.0025616712
-0.0025599506
-0.0025582276
0.01278251
-0.007664323
0.0076591317
-0.0051026223
-0.002549576
0.005095677
-0.0025460985
0.010177425
-0.0050852234
0.0076225935
-0.002539115
-0.005074726
0.010142435
-0.012669261
0.007596279
-0.007590995
-0.007585704
0.0050536036
-0.010100133
0.0025232625
-0.007564468
0.0050394274
0.0025179358
0.0
0.0075431196
-0.010050353
-0.0025108012
-0.012545058
-0.010028879
0.005010851
-0.0050072586
0.010007322
0.0025000295
0.0
0.0
-0.0074838377
-0.0024928025
-0.017436929
0.0049783504
-0.0049747163
-0.004971078
0.004967435
-0.014891362
0.007440203
-0.0049564787
0.0
0.0024745762
-0.0074182237
0.002470904
-0.012345322
0.0
-0.002465379
0.0
0.012308423
0.0
0.0073739444
-0.0024561265
-0.0024542694
0.0
0.0
0.0122434255
0.0
0.012224757
0.0048861625
-0.002441209
0.0073180036
-0.002437458
0.0024355792
-0.0024336984
-0.0048636305
0.0
-0.002428043
0.014556921
0.007272786
0.01453421
0.0024204727
-0.0096742995
0.0
-0.01690341
0.0
-0.0024109625
-0.0048181084
0.0
-0.0024052311
0.009613267
0.0
0.0023994814
0.0
-0.002395638
0.0047874264
0.0
0.009559429
-0.0023879264
0.0023859935
0.0071521755
-0.004764243
0.00952073
0.0
0.004752597
0.0
-0.0023724062
0.0023704572
-0.009474025
0.0023665533
-0.0023645982
0.0047252825
0.007082047
-0.0070761642
0.004713517
-0.007064381
0.0
0.004701717
0.0
0.007040745
-0.009379762
-0.002342964
-0.0023409857
0.004678011
0.0070110695
-0.0023350392
0.0
-0.013986391
-0.006987226
0.0
0.0
0.009292378
0.0
0.004638196
0.0
-0.0069452818
0.004626178
-0.004622165
0.011545369
0.0023070637
0.0
0.0
-0.011505107
0.009196015
0.0
0.011474815
0.00687882
-0.0068727448
0.0
-0.006860579
0.006854488
0.0045655943
0.0045615267
0.0045574554
-0.0045533804
0.0
-0.00454522
0.0045411345
-0.0045370455
0.0
0.0067932857
-0.0045247576
0.0067809825
0.0
0.0
0.0045083254
-0.006756313
0.0045000887
-0.0044959653
0.0022459193
0.0067315623
0.0
0.0044794376
0.0
0.0044711535
0.0044670063
0.004462856
0.0
-0.0089090895
0.0
-0.008892442
0.008884108
0.004437884
0.0
0.0044295336
-0.013276061
0.0
-0.004416984
0.0
0.0044086017
-0.0044044056
0.0044002063
-0.0043960037
0.0065876977
0.0043875896
0.0
0.0043791626
-0.0021874723
0.0065560853
0.0
0.0021811358
0.0021790206
-0.010884519
0.0
0.0
0.0065116324
0.006505264
0.0
0.002164171
-0.015134305
-0.0043198294
-0.0043155686
0.0
0.0064605568
-0.002151384
0.006447743
-0.00644133
0.0
0.0
-0.008562751
0.0
-0.010681996
0.0
-0.0042642094
-0.006389866
0.0
-0.006376957
0.0021234988
-0.0021213437
0.0021191873
0.0021170296
-0.0042297407
0.0063381293
-0.006331643
0.0
-0.0042124395
-0.004208107
0.008407544
0.0
0.008390189
-0.006286127
-0.004186406
-0.0020910287
-0.0062665595
0.012520058
0.0
0.0
-0.004160276
-0.004155912
-0.0020757725
-0.008294351
0.008285607
-0.004138429
0.0
0.0
-0.006187936
0.008241812
-0.008233037
0.0020560645
0.0
-0.006155013
0.0020494724
-0.0081890905
0.0020450717
-0.0020428693
0.0020406658
0.0040769223
-0.008145021
0.0
-0.00812736
0.0
0.0020274199
0.004050416
0.010114974
-0.008083123
0.0
-0.0060490468
-0.0040282626
0.00804765
0.0
0.008029886
-0.002005249
0.0
0.0020008013
0.0
0.009981744
-0.0019941211
0.0019918922
-0.0039793244
0.0
0.0019851988
-0.0019829655
0.009903655
-0.0019784956
0.009881296
0.0
-0.0039435662
0.01181726
-0.0039346055
0.0039301217
0.0039256364
-0.0019605744
0.009791647
0.0
0.0039076735
-0.0039031778
-0.00194934
0.0019470901
-0.0038896785
0.009712937
0.0
0.0058142426
0.001935826
-0.0019335703
0.0038626273
-0.0057871677
0.005780392
0.0019245378
0.0
0.0038400318
0.0
0.007661961
-0.0038264522
0.001910961
-0.001908695
-0.0038128563
0.0019041602
-0.0057056746
0.007598488
0.0
-0.0018950802
0.0
-0.00756214
0.005664783
-0.005657959
0.005651132
0.0037628685
-0.0037583138
0.0037537576
-0.0056237993
0.0074892803
0.0
0.001867758
0.0055964277
-0.0037263858
0.005582727
-0.0055758734
0.001856339
0.0037081058
-0.003703532
0.0018494782
-0.009235949
0.0
-0.0036852213
-0.00184032
0.007352114
-0.0036714727
0.0036668868
-0.0036622996
0.0018288554
-0.0018265604
-0.0054727937
0.0018219681
-0.010918026
0.0054521193
0.003630149
-0.0018127753
0.005431426
-0.007232699
-0.0018058736
-0.0072142864
-0.0018012691
0.0035979317
-0.007186648
0.0
-0.0071682096
0.0
0.0
-0.0035702668
0.0017828258
-0.010683105
0.0
-0.0053276983
-0.0017735894
0.0035425578
-0.0088448385
0.0017666561
-0.008821718
0.0
0.0052791527
0.0017574036
0.007020356
-0.0070110965
-0.003500917
-0.0052444274
0.0
0.0069740345
0.0
0.0052166185
-0.006946217
-0.0017342351
0.0
-0.005188786
0.006909099
-0.0034499073
0.0051678964
0.0
-0.0017179876
0.006862659
-0.0051400242
0.0068440703
-0.0017086933
-0.0017063686
0.0017040435
-0.006806872
0.0067975684
-0.0033941315
0.003389478
0.0033848237
-0.0016900843
0.0033755128
-0.00842714
0.0050492985
0.0
0.001678441
0.006704445
-0.0050213435
0.005014352
-0.0050073597
0.0016667887
0.0033289145
-0.0066485014
0.00497938
-0.0033149216
0.004965384
0.0
-0.0016504617
0.003296256
-0.009874765
0.0
-0.0065645017
-0.0032775812
0.0
-0.0016341202
0.0032635694
-0.006517796
0.0048813387
-0.0016247766
-0.0032448804
0.0064804135
-0.0048532994
0.0016154293
-0.0064523676
0.0
0.0032168329
0.0
0.0064149615
-0.006405608
0.0031981268
0.0015967247
-0.0031887717
0.0047761407
-0.0015897077
0.0063494733
-0.0015850288
0.0
0.0015803494
-0.0078900475
0.003151339
-0.0047199884
0.0047129677
0.0047059464
-0.0062652337
0.0031279358
-0.006246509
0.003118573
0.0015569457
0.004663815
0.0046567917
-0.006199692
0.0
-0.009271445
0.0015428996
0.0046216752
-0.0015382172
0.003071752
-0.0076676738
-0.0030623868
-0.0045865565
0.0
0.0076208473
-0.0030436565
0.0030389738
-0.006068582
-0.004544413
-0.0015124631
-0.0015101219
0.0075389035
-0.0015054396
0.0015030985
-0.0015007575
-0.0044952496
0.0029921513
-0.0014937348
0.0074569704
-0.0014890534
-0.0014867128
0.0
-0.008892192
0.0029593832
-0.0014773514
0.0029500227
0.0
-0.0044109947
0.001467992
-0.0043969573
0.005853252
0.0029219473
0.0029172692
0.004368887
-0.0058158273
-0.0029032365
-0.010144958
0.0
0.0028892069
0.0
0.0043197838
-0.010063132
-0.0014352531
-0.005731664
-0.0028611582
0.0042847274
-0.0042777183
0.00142357
-0.009948638
-0.00851339
-0.004249689
-0.0070711393
0.0028237859
-0.004228675
-0.001407224
-0.0070244493
-0.0070127803
0.0042006676
-0.0027957787
0.002791113
-0.0041796714
-0.006954458
-0.0013885596
-0.005544912
0.0027677934
0.0
0.004137705
0.0027538096
-0.0013745748
0.0041167354
-0.002739832
0.0027351743
0.0013652586
0.0
0.0013606028
-0.0067913774
-0.0040678456
-0.0067681097
0.0
0.0013489701
0.0
0.0040329597
-0.0067099775
0.0026793429
0.0
-0.0013350247
0.005330808
-0.005321519
0.0
-0.0026514735
0.0026468318
0.002642191
-0.0039563267
0.0026329125
-0.0013141374
0.005247276
-0.001309501
-0.0013071836
0.005219467
-0.003907651
0.006501173
0.0025958386
-0.0012956045
0.0
-0.006454883
-0.0012886636
-0.002572702
0.005136156
0.0038451827
0.0
0.0012771065
-0.005099187
0.0012724877
-0.0012701792
0.0
0.001265564
-0.007579544
-0.0012609513
-0.0037759377
0.0
0.0037621106
0.0012517334
0.0037482914
-0.004988513
0.0012448267
0.0012425258
0.004960902
0.008665482
0.0
0.0012333288
-0.0049241255
-0.002457469
0.0
0.002448286
0.0073310896
0.0
0.001217261
-0.0024299368
-0.0036380298
0.0012103856
0.0
0.0036174168
0.0
-0.0024024574
-0.0035968241
-0.0035899647
0.0011943692
0.0
0.0023796
0.002375033
0.0
0.0011829521
0.0
0.0035351727
0.002352223
-0.002347666
-0.0023431105
-0.0046771136
-0.0011670024
0.0023294543
0.0034873583
0.0023203585
0.0
0.0046225395
0.0
0.003453282
0.0034464747
0.0
0.0011442893
-0.0034260685
-0.003419272
-0.005687463
0.0
0.0022659323
0.0022614084
0.004513773
0.0
0.0
0.0
0.0
0.0022343053
-0.0022297949
0.002225286
0.0011103898
0.0
0.0011058861
-0.004414543
0.0
0.0
0.0021937813
0.004378577
0.0
0.0021803093
0.0
0.001085669
0.0021668556
0.0
0.002157897
-0.0021534208
0.0010744734
0.0010722374
0.0021400051
0.003203306
0.0
0.004253217
0.0
0.0
0.0
-0.0021087772
0.0
-0.0020998747
0.0
-0.0010454906
0.0
0.0
-0.001038829
0.0020732216
0.0
-0.0010321777
0.0
-0.0020554988
0.0
0.0
0.0
0.0020378134
0.002033398
0.0010144925
-0.0010122872
0.0010100831
-0.0020157606
0.0
0.0
0.0
0.0029972433
-9.968844E-4
0.0
9.924946E-4
0.0
9.8811E-4
-0.0029577587
-9.837304E-4
-0.001963085
-9.793559E-4
-9.771707E-4
-9.749866E-4
0.0
0.0
0.002905327
0.0038650539
0.001928172
0.0
-0.00383894
-9.575615E-4
-9.553893E-4
-9.532185E-4
0.0
-0.0028466426
-9.4671414E-4
-9.445487E-4
-9.423847E-4
0.001880444
0.0028141823
0.0028077026
-9.337423E-4
-9.315852E-4
-0.003717718
-0.003709101
0.0
0.0
9.2082075E-4
0.0
-9.165249E-4
9.143791E-4
9.1223477E-4
0.0
0.0
0.0
-9.036719E-4
0.0
0.0
-8.9726516E-4
8.951325E-4
-8.930013E-4
-8.908717E-4
8.887435E-4
-8.866168E-4
8.8449166E-4
0.0
-8.802459E-4
0.0
-8.7600615E-4
0.0
8.717726E-4
0.0
0.0
-8.654338E-4
-8.633239E-4
-0.0034448626
-8.591089E-4
0.0
8.549002E-4
0.004263991
8.506978E-4
8.48599E-4
-8.465018E-4
8.4440614E-4
0.0016846242
8.402197E-4
0.0016762579
0.0
-8.339522E-4
-8.318663E-4
-8.29782E-4
8.276994E-4
0.0
8.23539E-4
8.214613E-4
8.193853E-4
8.173109E-4
0.0
-8.1316713E-4
-8.110978E-4
8.090301E-4
0.0
0.0
8.028372E-4
0.0
7.9871714E-4
0.0015933193
7.946039E-4
0.0015850997
-7.904975E-4
7.88447E-4
7.8639813E-4
7.84351E-4
0.0015646113
7.8026205E-4
0.0015564404
7.7618007E-4
0.0
7.7210524E-4
-7.700704E-4
0.0
0.0
0.0015279535
0.0022858474
7.599233E-4
7.5789925E-4
-0.0022676312
-0.0015077132
-7.5183803E-4
0.0
7.4780633E-4
0.0
0.0
-7.4177247E-4
-7.397649E-4
0.0014755183
0.0014715106
7.3375326E-4
7.317531E-4
7.297548E-4
0.0
-7.2576385E-4
0.0
-7.2178047E-4
0.0
0.0
-7.1581954E-4
0.0
0.0
0.0021296274
0.002123695
7.059229E-4
7.0394936E-4
-7.0197775E-4
-7.0000807E-4
0.0
-6.960745E-4
0.0
0.0
0.0
-0.0013764619
-0.0013725499
6.84321E-4
0.0
0.0013608378
6.784709E-4
6.765249E-4
-0.0013491616
-0.0020179164
-6.7069876E-4
-0.002006282
-0.0020004741
-0.0013297815
0.0
6.610289E-4
0.001318202
6.5717514E-4
6.552514E-4
0.0
-0.0013028198
-6.494923E-4
-6.4757676E-4
6.4566324E-4
0.0019312555
-6.4184243E-4
0.0
0.0
-0.0025445076
6.342259E-4
6.32327E-4
0.0012608604
0.0018856066
-6.2664296E-4
-0.0018742575
-0.0024914565
-6.2097795E-4
6.1909383E-4
0.0018516358
0.0012306642
-6.1345444E-4
0.0
-0.0012194111
6.078344E-4
0.0012119306
6.0409843E-4
0.0018067012
-6.0037116E-4
5.9851084E-4
-5.966527E-4
-0.0011895933
5.929429E-4
-0.0011821826
0.0011784838
5.873947E-4
0.0011710995
0.0023348278
0.0011637328
0.0017400843
5.78192E-4
0.0011527162
0.0
0.0
0.0011417399
-5.690451E-4
-5.672224E-4
-0.0011308041
-5.635839E-4
0.0
-0.0011199089
0.0
-0.0016690022
-5.5452733E-4
0.0
-0.0011018413
5.491208E-4
-0.0010946464
-5.4552796E-4
-0.00108747
0.0
5.40156E-4
-5.3836993E-4
0.0010731725
-5.348049E-4
0.0010660517
5.3124916E-4
-5.294748E-4
-5.277028E-4
-0.0026296657
-0.0010483316
-0.0015672026
-0.0010412766
0.0
-5.1712024E-4
0.0
-0.0010272233
5.1186094E-4
5.101126E-4
-5.0836673E-4
5.066232E-4
-5.04882E-4
-5.031433E-4
-0.0010028139
-9.993461E-4
-9.958831E-4
-9.92425E-4
0.0
-0.0014782848
0.0
0.0
-0.0014628107
4.858891E-4
-9.683542E-4
-4.824675E-4
-4.8076038E-4
-0.001916223
-0.0014320607
-0.0019026154
0.0
0.0
0.0
0.0
-9.343848E-4
0.0
-9.2765054E-4
0.0
4.6046812E-4
4.587933E-4
0.0013713631
-4.5545123E-4
0.0013613519
0.0
0.0
4.4879733E-4
-0.0013414206
4.4548558E-4
0.0
4.42184E-4
0.0013216111
0.0
0.0
0.0
4.3397478E-4
0.0
4.3070907E-4
-4.2908007E-4
-0.001282361
0.0
-8.484172E-4
4.2258998E-4
4.2097393E-4
-8.3872094E-4
4.1774963E-4
-4.161414E-4
0.0
4.129328E-4
0.0
4.0973467E-4
0.0
8.130941E-4
4.0495716E-4
8.067399E-4
8.035707E-4
0.0
7.972483E-4
-7.9409505E-4
7.909471E-4
3.9390224E-4
0.0
0.0015630705
0.0
3.876437E-4
-3.8608574E-4
0.0
7.6595583E-4
7.6285604E-4
0.0022792849
3.7833632E-4
-3.7679455E-4
-3.7525545E-4
-3.737191E-4
7.443708E-4
0.0
7.382525E-4
3.6760073E-4
0.0
3.645579E-4
-0.0010891218
0.0
0.0
0.0
3.5699873E-4
0.0
0.0
-3.5249625E-4
-3.5100093E-4
0.0
3.480186E-4
3.465316E-4
0.0
0.0
-0.0013683491
-3.4061138E-4
0.0
0.0
0.0016810026
0.0010042074
0.0
-3.3181484E-4
-6.6071714E-4
0.0
0.0
9.7802E-4
3.2456167E-4
-3.2311952E-4
0.0
-6.4048736E-4
0.0
0.0
3.1595124E-4
3.145261E-4
-3.1310384E-4
0.0
-3.1026787E-4
0.0
0.0
0.0
3.0463032E-4
-9.096843E-4
0.0
-9.012969E-4
-2.9903874E-4
2.9764805E-4
5.925205E-4
8.846261E-4
0.0
8.763429E-4
2.907381E-4
2.8936483E-4
5.759889E-4
0.0
8.5578737E-4
0.0
0.0
0.0
-5.596671E-4
2.7848364E-4
0.0
0.0
0.0
0.0
0.0
-5.4089207E-4
0.0
-2.6779043E-4
0.0
2.651467E-4
0.0
5.250296E-4
0.0
5.1978964E-4
0.0
-5.1457353E-4
2.5598722E-4
-2.5469068E-4
5.067942E-4
0.0
-5.0163793E-4
-4.9906876E-4
-7.4475846E-4
0.0
-4.9139746E-4
0.0
0.0
-4.8378034E-4
-2.406267E-4
-4.7873252E-4
0.0
0.0
0.0
2.3435478E-4
0.0
4.6373456E-4
0.0
4.5878394E-4
0.0
-4.538577E-4
0.0
-4.4895598E-4
0.0
2.2203937E-4
4.4164932E-4
2.1961302E-4
-4.3680894E-4
0.0
0.0
0.0
0.0
-4.248158E-4
0.0
-4.200618E-4
0.0
-2.0766631E-4
0.0
0.0
-4.0828536E-4
0.0
-4.036183E-4
-2.0064706E-4
0.0
-3.966645E-4
-3.9435906E-4
-7.841197E-4
-5.8465044E-4
-1.9374014E-4
1.9259995E-4
3.829258E-4
-5.7098694E-4
-1.8919821E-4
-5.642118E-4
-3.7389225E-4
3.716496E-4
0.0
3.6718327E-4
-5.474394E-4
-3.627422E-4
0.0
-1.7916324E-4
3.5612812E-4
-3.539361E-4
3.5175044E-4
0.0
0.0
5.178474E-4
1.715357E-4
5.1137636E-4
-5.081552E-4
-1.6831454E-4
0.0
-3.3236615E-4
4.9536646E-4
0.0
0.0
-1.6195858E-4
-1.6091048E-4
0.0
0.0
0.0
-4.702507E-4
1.5571823E-4
-4.6406832E-4
-1.5366387E-4
4.5792465E-4
0.0
4.518198E-4
0.0
1.485846E-4
4.427354E-4
0.0
1.4557593E-4
0.0
1.435864E-4
1.425965E-4
0.0
4.2187952E-4
-1.3964639E-4
1.3866955E-4
0.0
5.469026E-4
9.5031026E-4
1.3479484E-4
4.0150303E-4
0.0
-2.6384636E-4
-1.3097253E-4
3.9007547E-4
7.7448646E-4
0.0
0.0
-2.525371E-4
-1.2533764E-4
1.2441001E-4
0.0
3.6769404E-4
0.0
-1.2073255E-4
0.0
-1.1891366E-4
2.3601836E-4
-1.17108015E-4
1.1621017E-4
0.0
-2.2884886E-4
1.13536546E-4
-2.2530397E-4
1.1177075E-4
0.0
1.1001828E-4
2.1829408E-4
0.0
2.1482914E-4
0.0
1.0569546E-4
1.0484092E-4
1.0398972E-4
2.0628374E-4
-2.0459475E-4
1.0145623E-4
-2.0123686E-4
0.0
1.9790583E-4
0.0
4.8650417E-4
-9.647984E-5
0.0
-9.484794E-5
-9.403705E-5
4.6614764E-4
0.0
2.748738E-4
9.08272E-5
-9.003318E-5
0.0
-2.6536584E-4
8.767141E-5
-2.6067276E-4
8.6113825E-5
8.5340114E-5
0.0
2.514086E-4
0.0
1.6455841E-4
0.0
-8.076914E-5
-8.001921E-5
-2.3781802E-4
-7.8529556E-5
-1.5557968E-4
7.705353E-5
7.632064E-5
0.0
7.486509E-5
-2.9656975E-4
-7.342321E-5
-7.270739E-5
0.0
1.4257207E-4
-1.4116097E-4
6.987837E-5
-6.917968E-5
-6.848442E-5
0.0
-6.710419E-5
6.641923E-5
-6.57377E-5
6.505961E-5
0.0
-1.2742751E-4
0.0
-1.2476333E-4
0.0
-1.2212672E-4
0.0
-5.9758844E-5
-1.1822353E-4
0.0
-2.8913983E-4
-5.7191253E-5
-5.6557994E-5
-1.11856396E-4
1.6590559E-4
-5.4678985E-5
1.08119144E-4
5.3443626E-5
5.2831147E-5
1.0444427E-4
-5.1616593E-5
5.1014522E-5
-1.0083184E-4
0.0
4.9229147E-5
0.0
1.4416884E-4
0.0
4.6897323E-5
0.0
0.0
9.037003E-5
-8.924243E-5
-4.40609E-5
-1.7401631E-4
-4.295074E-5
0.0
0.0
2.0655847E-4
-8.154467E-5
0.0
0.0
-7.8350466E-5
3.8649865E-5
-7.6256E-5
3.7609636E-5
0.0
7.316684E-5
1.0822672E-4
0.0
3.50704E-5
-1.3829231E-4
-6.815853E-5
-6.717793E-5
-9.930653E-5
6.5237815E-5
-3.2139153E-5
6.3325824E-5
0.0
-3.072099E-5
6.051061E-5
2.9793146E-5
5.866901E-5
0.0
0.0
-1.1191893E-4
-5.5070388E-5
2.7094182E-5
-2.66567E-5
7.866824E-5
0.0
0.0
4.988415E-5
-4.90445E-5
2.410596E-5
0.0
-2.3283988E-5
0.0
-2.2476166E-5
4.415513E-5
0.0
4.2581967E-5
0.0
-4.103714E-5
0.0
-3.952067E-5
1.9386534E-5
0.0
1.8649576E-5
1.8286419E-5
0.0
3.5141507E-5
-1.7218248E-5
1.6869293E-5
0.0
0.0
4.7531248E-5
1.5509011E-5
6.071131E-5
1.4850202E-5
2.9052266E-5
2.8411245E-5
1.3888671E-5
4.0725838E-5
1.3265448E-5
3.887753E-5
2.5312936E-5
-1.2357323E-5
0.0
-1.1769722E-5
3.4443805E-5
1.119638E-5
1.0915057E-5
1.0637302E-5
-3.108934E-5
0.0
-9.825441E-6
9.561959E-6
0.0
0.0
3.5171735E-5
1.7087468E-5
2.4894323E-5
0.0
-7.817573E-6
-7.5826665E-6
-2.2054004E-5
0.0
-6.8993963E-6
6.678791E-6
-6.4617625E-6
-1.2496623E-5
0.0
-1.1664285E-5
5.6294257E-6
0.0
5.2347305E-6
0.0
-9.70871E-6
0.0
-8.976607E-6
0.0
-4.1365797E-6
-7.9321835E-6
3.7991865E-6
-3.635865E-6
-3.4761272E-6
-3.3199735E-6
-3.1674044E-6
-3.0184206E-6
-5.7460434E-6
0.0
0.0
0.0
2.3272864E-6
-2.1998192E-6
0.0
0.0
1.8389417E-6
-1.725825E-6
0.0
3.0207138E-6
-1.408006E-6
1.3092442E-6
0.0
-1.1224888E-6
1.0344957E-6
-1.9001849E-6
0.0
0.0
0.0
-6.483831E-7
-5.8193257E-7
-5.19073E-7
-1.3794141E-6
-4.041277E-7
-3.5204212E-7
0.0
2.5864583E-7
0.0
-1.796167E-7
-2.9098015E-7
-1.14955505E-7
0.0
0.0
0.0
2.8739146E-8
0.0
-7.1848034E-9
-3.592404E-9
-0.0
