0.22619756
0.074907534
0.14769025
0.15787147
0.12582292
0.15821747
0.27637807
0.36744675
1.1276741
2.3417604
1.8960738
1.7538763
1.9496342
0.74782103
1.9935766
3.637321
6.23999
8.891439
9.248389
9.922713
9.316822
8.203003
12.254147
13.175338
8.5666485
1.1307545
9.976273
14.677733
19.895988
22.092758
16.909689
20.649586
19.032082
6.646082
3.2027593
5.315545
4.73298
5.3211536
6.18742
7.438186
6.1699686
3.9183848
1.7867546
0.8822354
1.2192218
1.4174727
2.1432102
0.30979204
1.8287667
1.5483953
0.27292663
1.460031
1.3996236
0.6366963
1.3141056
0.89393806
0.64645255
1.3038199
1.889606
1.6477685
1.4464176
1.0233033
0.24537975
0.37495264
0.6703412
0.41765672
0.08518109
0.18523397
0.34734693
0.32294446
0.24414389
0.19798739
0.13755907
0.22262184
0.17127602
0.2066614
0.33214775
0.29451805
0.14566888
0.16859548
0.24504614
0.25555667
0.16290423
0.12459998
0.1392079
0.0737715
0.11610851
0.1854358
0.24478787
0.18144023
0.1651157
0.039671693
0.09442872
0.060343448
0.12469603
0.157041
0.15718839
0.16071957
0.2295441
0.12201181
0.17168204
0.25347695
0.3567057
0.2105675
0.19060068
0.46881786
0.49083194
0.26138917
0.20257665
0.14481045
0.14565115
0.045774035
0.19993362
0.24170116
0.17727196
0.16344957
0.18452094
0.23869455
0.3386549
0.40646404
0.21628869
0.34234026
0.36062312
0.31349322
0.36836234
0.061968368
0.36185244
0.34254265
0.11818122
0.019636359
0.04268535
0.014297027
0.059514754
0.3986013
0.45290282
0.45089534
0.47062752
0.4216774
0.24448311
0.18747827
0.35877022
0.31337053
0.35263035
0.24525517
0.2660033
0.48148754
0.41928917
0.359013
0.25001106
0.11756773
0.15124397
0.11187948
0.118142895
0.24951419
0.3600894
0.2882008
0.23660912
0.18383636
0.39177006
0.34156877
0.27375612
0.16259155
0.17681982
0.10910463
0.16799688
0.33214742
0.4833341
0.35471684
0.11536661
0.23495771
0.23881894
0.18078694
0.27022797
0.24936333
0.34920594
0.36871663
0.22698969
0.1597741
0.32028192
0.13900481
0.087159805
0.14201148
0.16818663
0.18374127
0.07549596
0.078718476
0.07187259
0.099855505
0.24938412
0.2932658
0.1675187
0.10110883
0.11930895
0.14763305
0.106389835
0.10153137
0.20216225
0.14056766
0.07546366
0.2613964
0.30357444
0.21339138
0.13861032
0.105634324
0.1070496
0.14433083
0.19209939
0.1325565
0.2284026
0.2297695
0.19535619
0.22136194
0.18741144
0.14314756
0.09542617
0.12660381
0.18719529
0.12428019
0.077791736
0.0437246
0.071844496
0.18385966
0.2169474
0.17610393
0.15352814
0.28042284
0.35649604
0.3781377
0.3233316
0.2784852
0.076526895
0.17774025
0.21460848
0.26010722
0.17362429
0.15221278
0.18486218
0.11127048
0.1773606
0.16243368
0.13123895
0.07163076
0.23676279
0.26668504
0.23708381
0.15814222
0.13575065
0.17185198
0.28829128
0.31670204
0.1673847
0.25269333
0.2269086
0.17887916
0.062427524
0.0673732
0.13914387
0.12018796
0.060206916
0.14046924
0.22044133
0.26232624
0.14882448
0.033783846
0.055553813
0.11585525
0.1888663
0.30843922
0.44851047
0.37711674
0.2490933
0.4671165
0.4583158
0.27736446
0.053386014
0.30677935
0.4796096
0.40493792
0.19844934
0.22595523
0.50005287
0.44582325
0.31031483
0.2120526
0.14293267
0.45384252
0.4307778
0.40656394
0.40700358
0.34864905
0.25101396
0.17001006
0.089298725
0.30897707
0.17782216
0.32404158
0.6256523
0.68281084
0.47943252
0.20062785
0.39945894
0.3306629
0.37866935
0.08566663
0.19843714
0.10479493
0.1646002
0.18556032
0.25652626
0.18422349
0.19158052
0.17821626
0.20306861
0.48588932
0.52806205
0.38273883
0.11718256
0.0669587
0.13428304
0.11541025
0.19867703
0.30491436
0.20844212
0.12822317
0.09414901
0.10659033
0.054627158
0.12397583
0.1659979
0.12674771
0.38895032
0.5411469
0.45402402
0.33956087
0.16488086
0.18115857
0.121434055
0.0863294
0.14299904
0.12731983
0.20507823
0.10364495
0.040086064
0.16065384
0.12732264
0.29857618
0.61723506
0.8391241
0.6177207
0.16239089
0.07991362
0.23579615
0.29796106
0.28131646
0.2333044
0.18142249
0.15110087
0.082604796
0.07306424
0.06839675
0.20879601
0.30520225
0.27192757
0.22952577
0.4046327
0.5157595
0.33029014
0.21023816
0.39122635
0.5240144
0.44206652
0.37934276
0.46193537
0.6214546
0.4847115
0.34272975
0.3552089
0.307558
0.41660622
0.4908313
0.47968936
0.35791165
0.2037309
0.08211651
0.015592521
0.052752238
0.015403232
0.061694723
0.034759402
0.021759104
0.06716551
0.06551375
0.10538114
0.14763214
0.09161423
0.18458167
0.3800451
0.2604422
0.16635881
0.28023532
0.32095358
0.07280682
0.25082824
0.33457777
0.28255853
0.25943288
0.13137943
0.098830335
0.14897206
0.2775516
0.41716784
0.2893669
0.12264183
0.09700224
0.33757612
0.4317812
0.30681318
0.16271906
0.20704453
0.33533946
0.3353366
0.23814629
0.24993497
0.08772871
0.15337527
0.2597336
0.25551915
0.20270376
0.22803892
0.17872675
0.124790445
0.28035766
0.304806
0.09299651
0.048678506
0.087068066
0.18990624
0.28522673
0.21510175
0.08192966
0.25500637
0.3739532
0.32532507
0.23889656
0.12166969
0.13784531
0.31952855
0.5100309
0.49100605
0.22632375
0.1558994
0.3947976
0.44832525
0.38881284
0.3897116
0.20024033
0.17919396
0.23185468
0.16038175
0.09320562
0.11452947
0.19861396
0.1308622
0.36454076
0.44015756
0.47749507
0.36754888
0.22299795
0.012854299
0.10795288
0.17179851
0.2500421
0.23072429
0.25210965
0.30080754
0.2917845
0.21266721
0.16041006
0.21186069
0.22271034
0.06712469
0.11225549
0.07709324
0.13130024
0.17463979
0.14570627
0.10826435
0.015418424
0.04306318
0.027135668
0.1546363
0.13703303
0.13798591
0.18180877
0.22090775
0.20855646
0.10808151
0.17520411
0.18296835
0.22634657
0.22973795
0.20671038
0.24276316
0.23355949
0.15750831
0.10679505
0.193436
0.24892151
0.036605816
0.34381026
0.2611542
0.26979432
0.31301472
0.21172011
0.18902023
0.1343516
0.23389958
0.2098875
0.11161606
0.2685207
0.37266076
0.36135653
0.2700557
0.25458536
0.13515851
0.12452268
0.28547093
0.33833307
0.1664171
0.23913845
0.28520322
0.16445328
0.40235358
0.5004465
0.4855009
0.111088336
0.1687789
0.24016328
0.21258469
0.10759108
0.119924456
0.25480402
0.08474674
0.17845652
0.096132055
0.17035018
0.2556936
0.25793093
0.20192502
0.22724922
0.26308373
0.13392682
0.15982875
0.024657648
0.21162705
0.35352227
0.24746631
0.23835987
0.45303777
0.5708704
0.5236332
0.56306964
0.5447841
0.16542019
0.18192154
0.2247101
0.4216732
0.5465834
0.53962857
0.34647793
0.23160627
0.25647047
0.395112
0.59103197
0.7307854
0.5812328
0.26699403
0.5019721
0.60222155
0.47075942
0.46070877
0.39880845
0.30463547
0.31801742
0.29943305
0.35380918
0.36884952
0.35357368
0.39276892
0.41205364
0.51867115
0.6776229
0.52714765
0.17479433
0.3728068
0.45582342
0.5422486
0.61165917
0.61756885
0.67373466
0.68107116
0.5036207
0.8235155
1.018705
0.70233375
0.4621625
0.8827681
1.027741
0.7622331
0.82418454
0.60138106
0.27049777
0.50411147
1.0063215
0.8921842
0.042638723
0.45996982
0.6515115
0.6187713
0.58971184
0.82347476
0.7164758
0.06499928
0.57591987
0.31054
0.43874153
0.40996587
0.21475966
0.31148866
0.44815442
0.36426514
0.41983542
0.1955496
0.27497163
0.16924495
0.065126255
0.14831433
0.32725734
0.41367072
0.1552635
0.37743354
0.8589714
0.5850473
0.20730712
0.5154005
0.85501045
0.86130047
0.7043205
0.333127
0.22632298
0.23931332
0.33779848
0.49821118
0.65670764
0.6509145
0.25749505
0.46925715
0.85223335
0.77396685
0.5367409
0.39483833
0.40957347
0.8190146
0.652826
0.22217412
0.24182342
0.6559179
0.8326275
0.66135746
0.46328825
0.4955137
0.5543526
0.5835523
0.30790776
0.35059366
0.49537054
0.5236767
0.2621147
0.16089298
0.4411615
0.66271836
0.70437366
0.3909992
0.15382223
0.24412715
0.3564365
0.4417213
0.057545073
0.34251094
0.26380724
0.08131056
0.08547619
0.1931746
0.26859587
0.26798236
0.26692006
0.30636376
0.30844873
0.3693717
0.3343205
0.053184297
0.24104835
0.22259657
0.19623366
0.2183627
0.09893711
0.17704372
0.16905347
0.19655253
0.1886098
0.15669702
0.2630241
0.34983426
0.25099915
0.17382292
0.33608598
0.50363517
0.5073653
0.46075895
0.45947158
0.43711713
0.41641104
0.48078093
0.46377477
0.31799138
0.26667276
0.3385156
0.35806143
0.26048395
0.18678014
0.17699133
0.1408324
0.09777794
0.087387174
0.13307345
0.13333534
0.1487132
0.13519217
0.05367088
0.12280628
0.19381656
0.42698383
0.50279135
0.3051726
0.20589902
0.18829903
0.14899696
0.12578441
0.14824545
0.25271463
0.28146687
0.26425126
0.3229637
0.33886188
0.36646533
0.24487436
0.098314896
0.11682113
0.018450703
0.042375
0.01621991
0.10345382
0.10527889
0.17247365
0.23575151
0.20635176
0.15872854
0.099205256
0.052357867
0.14001505
0.22485478
0.23638687
0.15794644
0.040728014
0.09273403
0.07878039
0.095338725
0.1269769
0.045475576
0.09799038
0.21163252
0.31744796
0.38572508
0.26505998
0.16117005
0.19464259
0.20803586
0.12457824
0.1539266
0.124735326
0.08675304
0.035599656
0.052935023
0.13889296
0.14614944
0.08179713
0.07472107
0.038214464
0.102509126
0.1496054
0.052601393
0.17712756
0.19938451
0.15094906
0.09561752
0.09044252
0.067929894
0.058540612
0.04839388
0.07914952
0.06252455
0.07790356
0.06820404
0.108600296
0.16612962
0.12920475
0.0932968
0.106790274
0.08973163
0.03749979
0.07100762
0.088356614
0.0781602
0.04812316
0.15039371
0.050304554
0.16174747
0.16185243
0.16169778
0.25850666
0.23690018
0.13860197
0.033784892
0.04278546
0.055596642
0.11142769
0.15548323
0.19234191
0.13289244
0.10433636
0.1461145
0.2571691
0.3089624
0.21853438
0.08216873
0.0684773
0.12721233
0.08856437
0.038544863
0.10256824
0.15783101
0.1651821
0.09726086
0.078134984
0.041855074
0.018232515
0.08909262
0.19540706
0.17586698
0.061212696
0.021414991
0.028826447
0.030504175
0.055263262
0.011570467
0.08843188
0.111599416
0.12068249
0.12427221
0.10402492
0.113789186
0.04246866
0.04922611
0.034905575
0.053632762
0.077161275
0.04631282
0.13431844
0.17741357
0.18721141
0.1678008
0.038610995
0.10839382
0.15890822
0.10057013
0.056947786
0.030594751
0.144529
0.12798725
0.15126228
0.19482058
0.1700148
0.118986376
0.08464318
0.06530633
0.03852929
0.11016314
0.13851172
0.077624924
0.058289744
0.1124531
0.12254115
0.12283782
0.11180385
0.11144686
0.13798936
0.1452512
0.121851064
0.09828377
0.058774658
0.061615683
0.106911235
0.10508868
0.07813183
0.12203116
0.13788058
0.14531678
0.14593068
0.09197125
0.09337781
0.13038985
0.10612799
0.037818182
0.07075506
0.13694802
0.12688693
0.0365485
0.10833369
0.07573993
0.012544071
0.07492162
0.065393485
0.066895254
0.13059327
0.119582586
0.117272966
0.17079
0.17514059
0.16803227
0.15165612
0.083304286
0.12429338
0.091501884
0.1449681
0.09482706
0.06545862
0.057911575
0.035519354
0.11354077
0.16614628
0.12582026
0.089416325
0.10560271
0.16198154
0.19505684
0.11947525
0.123601444
0.13584335
0.18824638
0.22230716
0.15655622
0.07147343
0.05933734
0.18300837
0.15939035
0.095342524
0.09913739
0.15133627
0.14608143
0.053664032
0.10008245
0.09966029
0.07660325
0.14908573
0.068606116
0.11636918
0.1347739
0.08450307
0.020282751
0.15945815
0.19570047
0.11145223
0.08441286
0.124913365
0.18479016
0.11925795
0.06807105
0.069329195
0.08091543
0.05420437
0.007271974
0.08940836
0.08533659
0.076324835
0.13102724
0.16437368
0.11207864
0.09542963
0.1053204
0.104971215
0.11876324
0.066466406
0.19685055
0.2136765
0.15491523
0.14753115
0.011186634
0.08022284
0.04902213
0.04869291
0.09297472
0.075122334
0.03331566
0.045595214
0.018995693
0.00790558
0.04807021
0.059262745
0.03129335
0.09494561
0.13383743
0.08312914
0.041831598
0.025493177
0.11123493
0.11371051
0.004011694
0.03864647
0.038296122
0.014772837
0.01762039
0.026404649
0.07511998
0.07022985
0.040870916
0.104069285
0.05362182
0.008280722
0.062737755
0.055802144
0.047372557
0.08086335
0.048440587
0.03901858
0.08012827
0.0600539
0.010761083
0.06593784
0.10281485
0.09446204
0.046937775
0.060666606
0.042441033
0.02533105
0.0884137
0.12825213
0.10204645
0.1919539
0.1914948
0.080355294
0.04159224
0.04240423
0.13008463
0.2022922
0.15168938
0.09170794
0.050731473
0.044046648
0.027635815
0.03843554
0.12347992
0.2029426
0.1590227
0.08359494
0.05364507
0.08804221
0.030966887
0.04562213
0.031973254
0.10041335
0.0844682
0.0419535
0.063639835
0.120949164
0.11353136
0.09142166
0.052136444
0.05019517
0.11321824
0.10531268
0.06714614
0.03713704
0.0446242
0.07926788
0.011432606
0.052210465
0.03527625
0.0419671
0.047858737
0.087512225
0.09678382
0.040976975
0.048893455
0.08982825
0.07853517
0.06266995
0.07728057
0.12795335
0.17314515
0.14656496
0.112685315
0.05754204
0.07069265
0.040094737
0.034284193
0.030284557
0.0420892
0.05747794
0.11736129
0.1938167
0.14862107
0.1303971
0.11458435
0.07800163
0.122566804
0.13258049
0.05188642
0.0140456725
0.10007996
0.1038426
0.053475328
0.07544599
0.050069224
0.07965525
0.08197742
0.062722236
0.096158706
0.05976022
0.048663106
0.09420252
0.08512542
0.09084307
0.09101424
0.08898314
0.081184216
0.02390825
0.074810244
0.02276782
0.07502404
0.039027467
0.11747366
0.04974613
0.035097275
0.044929568
0.09821911
0.16166455
0.14127006
0.10619943
0.11575193
0.14592277
0.044307914
0.07375467
0.06379339
0.18657736
0.18325551
0.10281044
0.06557647
0.07568015
0.12635791
0.12685218
0.024232017
0.13787954
0.1383911
0.03428693
0.037398428
0.044160023
0.114699855
0.13209
0.08931008
0.14643385
0.21010034
0.19433686
0.1626189
0.17062502
0.15870969
0.11492784
0.07663887
0.07686326
0.10901536
0.15304437
0.11267839
0.058773246
0.068142764
0.07605606
0.10857376
0.12649898
0.12764813
0.06548704
0.05118672
0.11205211
0.042287115
0.078664094
0.11432027
0.09901328
0.07889136
0.02063665
0.028878514
0.0700648
0.09674842
0.0928171
0.07122642
0.093054235
0.1698703
0.16314481
0.12156136
0.054889947
0.10485898
0.16636036
0.13881682
0.10371297
0.09593292
0.117248826
0.12630415
0.079629086
0.05284498
0.077303536
0.05484369
0.047058526
0.07129144
0.07528897
0.16532278
0.12558147
0.02859426
0.09907378
0.054780055
0.005071796
0.040327933
0.114948705
0.04126607
0.06766586
0.11540991
0.092580296
0.05714509
0.087463774
0.103131235
0.0926957
0.10972105
0.16534026
0.1593052
0.08774448
0.06782327
0.06643894
0.028833635
0.08676761
0.03379857
0.0624037
0.09271083
0.021841872
0.040254258
0.029900352
0.016354358
0.033393756
0.10644346
0.17902979
0.13978831
0.04747587
0.050556973
0.14080942
0.08882172
0.05037708
0.05767971
0.051033355
0.13779339
0.15485133
0.13792822
0.16751076
0.08092839
0.044271015
0.10603029
0.1554051
0.21574028
0.13764767
0.12575306
0.23476478
0.25984836
0.24921787
0.14361618
0.037389502
0.20335561
0.2589285
0.057822373
0.116488546
0.18151559
0.13842441
0.10588644
0.10529003
0.08225871
0.107535735
0.07300105
0.045201167
0.026555227
0.07495053
0.11429392
0.082291886
0.036995217
0.08086364
0.12618802
0.11595056
0.027010227
0.026359351
0.050950095
0.085695505
0.044887226
0.03279445
0.13377492
0.18717228
0.115066566
0.114641756
0.14286979
0.12063293
0.116899125
0.121475115
0.15143721
0.04611298
0.08681905
0.13558577
0.22172473
0.31126785
0.2500274
0.10459839
0.040253107
0.0676265
0.16781345
0.1997007
0.13866961
0.051917844
0.12336061
0.20465778
0.09865399
0.12709929
0.20038831
0.14198601
0.0969798
0.12510517
0.14186783
0.088323325
0.0598122
0.05056353
0.13125181
0.18305576
0.14580177
0.12464468
0.05194118
0.11232263
0.09005431
0.07822843
0.20243879
0.24604759
0.18524474
0.08109456
0.023823947
0.0150812045
0.08122746
0.11319822
0.042690013
0.12706414
0.26530614
0.2625417
0.24302742
0.2563348
0.11353329
0.18072563
0.2125625
0.2290866
0.06368284
0.053911418
0.063557506
0.020881182
0.09105891
0.18500097
0.30334282
0.39925775
0.33670446
0.24383844
0.18788783
0.19641078
0.21111518
0.16285956
0.26706523
0.3251733
0.3130518
0.34707695
0.39026693
0.28683993
0.028862096
0.16264708
0.09985363
0.16525249
0.32299665
0.37989962
0.29659593
0.20798483
0.25003654
0.28743115
0.33514214
0.14036877
0.11948032
0.22229698
0.28868708
0.24965721
0.14305088
0.090272404
0.1891395
0.21194558
0.17865062
0.019679004
0.2792079
0.31111386
0.28269878
0.29214114
0.16309544
0.24839444
0.28024682
0.14264622
0.09621108
0.067837745
0.105976745
0.16242787
0.18061598
0.28461224
0.2941854
0.28651002
0.14626966
0.12418667
0.14131874
0.1642837
0.20055313
0.16476238
0.13775168
0.08737574
0.04147692
0.046843477
0.10785602
0.21757953
0.14452726
0.03805694
0.026919104
0.22995666
0.29256004
0.06806547
0.15883353
0.11201765
0.14814666
0.24520585
0.25724134
0.227519
0.1804907
0.07990125
0.1193883
0.22029951
0.30081064
0.24361041
0.1671484
0.18665889
0.24387555
0.41433096
0.5235746
0.37759218
0.34870207
0.3768521
0.43175018
0.45697013
0.3559574
0.32252517
0.16161074
0.0767621
0.19712499
0.1736089
0.08540907
0.14765674
0.22002688
0.117444396
0.07055613
0.08424153
0.057981487
0.11808886
0.17619382
0.08477727
0.106372364
0.1766699
0.043836854
0.17026871
0.20900965
0.29736307
0.3454928
0.38793075
0.5152323
0.42925304
0.398749
0.45213145
0.48053473
0.55503017
0.31142747
0.012646247
0.112183325
0.21775186
0.1655972
0.27278116
0.3523484
0.24523064
0.0776523
0.14036089
0.20327269
0.075100504
0.14557889
0.2987369
0.23730704
0.03531551
0.10588411
0.059970558
0.23071012
0.2732828
0.123697676
0.026836878
0.06039823
0.07469516
0.24233684
0.33902338
0.18808524
0.1054166
0.15617059
0.096681714
0.06284842
0.04796849
0.14984082
0.1095633
0.1568778
0.1640823
0.20995052
0.15079738
0.04099243
0.16734819
0.11962934
0.047969684
0.10188847
0.096163996
0.06468926
0.044130214
0.04042671
0.07181649
0.08907306
0.10995991
0.1261192
0.10930703
0.19735539
0.24695604
0.2545136
0.1819272
0.1949822
0.35553923
0.40183008
0.30448183
0.21119362
0.047857005
0.019067716
0.2200632
0.37054014
0.32774886
0.27890494
0.32343718
0.2448614
0.14945294
0.111423984
0.03557727
0.14890747
0.22995298
0.23391092
0.1751595
0.11596031
0.12668884
0.13979475
0.13778397
0.08188571
0.071007505
0.068895064
0.13626657
0.27569208
0.31803465
0.31070766
0.3304401
0.19426405
0.13732895
0.23370875
0.18597083
0.034177493
0.10987174
0.14254238
0.133969
0.089481734
0.12608041
0.18554664
0.1549817
0.17560178
0.23518237
0.16192397
0.06243104
0.13158053
0.11819294
0.049951915
0.091951035
0.022620486
0.15709317
0.17491563
0.21201387
0.14645204
0.10039165
0.079285726
0.087401785
0.12045683
0.11711348
0.173913
0.3149622
0.373324
0.27305296
0.15859361
0.09704949
0.13255364
0.15132223
0.19939406
0.20593102
0.14096047
0.08925137
0.10667131
0.19111226
0.2331125
0.19057778
0.18593428
0.14187084
0.10658517
0.155621
0.16922452
0.16576129
0.11575054
0.05011016
0.09604621
0.18452835
0.12718835
0.02821317
0.12270724
0.16408576
0.04957467
0.085738495
0.095322855
0.020976104
0.057941224
0.11827102
0.1494533
0.111267254
0.12455514
0.19118547
0.11166212
0.12609833
0.06540126
0.06775872
0.019448632
0.110246
0.22068831
0.12128776
0.066670194
0.10826569
0.06945749
0.027209837
0.0067901732
0.039423224
0.008828338
0.06039241
0.070162006
0.123514436
0.14977124
0.11877641
0.12681785
0.13206442
0.12895548
0.040254213
0.063355364
0.0852258
0.07391943
0.03083037
0.06269391
0.12089523
0.09106721
0.10245451
0.17032765
0.23113085
0.23959087
0.15662389
0.11011908
0.072693326
0.08817049
0.059421454
0.092809014
0.1136436
0.13986789
0.23208213
0.27812263
0.17354539
0.06691537
0.0842971
0.032748505
0.06385241
0.07257011
0.13828522
0.1233529
0.10802598
0.06431438
0.12407632
0.08857944
0.03471112
0.053227447
0.060386054
0.024325112
0.038369637
0.12596022
0.15209152
0.046475746
0.10025033
0.18343823
0.13919821
0.092514776
0.16165882
0.20179647
0.13469107
0.11638273
0.041160364
0.019798469
0.05562593
0.040929005
0.06356796
0.108841546
0.15020002
0.056265622
0.07649619
0.059381492
0.05182101
0.10481797
0.1298439
0.07396149
0.106383875
0.21201618
0.21375713
0.14291462
0.044349268
0.06699646
0.11218814
0.11846754
0.12012938
0.17745605
0.24080952
0.27089125
0.26423767
0.15427022
0.18627077
0.13993512
0.19432357
0.15158436
0.14851856
0.14905415
0.09959529
0.0967125
0.041578595
0.004204658
0.04730063
0.074628316
0.07346547
0.13390286
0.036810562
0.19404359
0.32520172
0.33074218
0.22508194
0.083074756
0.09396272
0.18351723
0.15646039
0.018087162
0.09532805
0.08707317
0.095374025
0.0744063
0.07957263
0.11839272
0.08085939
0.11999468
0.1983935
0.29150158
0.30841097
0.21793805
0.116117164
0.21730351
0.35319373
0.3593244
0.3527616
0.37772387
0.27492616
0.15609287
0.119023934
0.085841596
0.07259993
0.04875785
0.058677137
0.102332115
0.17960681
0.1285464
0.111684315
0.09304946
0.12301265
0.15767933
0.073468335
0.044546723
0.04766885
0.11879229
0.15440075
0.082986675
0.15286514
0.09121005
0.036614884
0.11732961
0.2677263
0.3013115
0.16177243
0.06932776
0.08132052
0.10902717
0.14983165
0.048925124
0.042621527
0.0703061
0.08218464
0.05803672
0.09360866
0.15499295
0.14008029
0.134107
0.16617714
0.11143157
0.090474136
0.09796065
0.10961893
0.09871893
0.063290976
0.11340768
0.16760013
0.19921601
0.10551131
0.13812067
0.13454452
0.1529218
0.15695012
0.08446165
0.059743106
0.10383154
0.12406713
0.078089856
0.047010932
0.06290582
0.06373907
0.03698487
0.1049981
0.16953388
0.18092962
0.058627173
0.07277045
0.08516753
0.058457702
0.03867493
0.05015665
0.12456038
0.100645006
0.08362884
0.09490873
0.020031678
0.053357217
0.022248633
0.036351055
0.11467299
0.083025314
0.07137867
0.12577371
0.12702215
0.078485444
0.05714166
0.08872549
0.16664718
0.13121699
0.12534212
0.14736992
0.1126658
0.027547175
0.055541236
0.09226984
0.041748416
0.050595213
0.10089193
0.045906823
0.07826432
0.12274173
0.1040809
0.09490406
0.10202706
0.06616104
0.041619107
0.07253315
0.05729743
0.032128137
0.05593813
0.091493994
0.09049805
0.032527287
0.07259432
0.08806442
0.035395127
0.047706548
0.06367413
0.0042546163
0.056705628
0.04874788
0.037450008
0.040635806
0.08132717
0.024894137
0.046288818
0.060137548
0.068821065
0.030075798
0.023416443
0.039229874
0.05304254
0.0764627
0.054901294
0.064895794
0.06778
0.022668727
0.0478213
0.017905012
0.025393838
0.027564684
0.0092343725
0.008347932
0.010367285
0.022928828
0.03870602
0.030810216
0.018637689
0.030052574
0.024608321
0.027078371
0.027265351
0.015204104
0.050772134
0.047123723
0.044421423
0.04923897
0.018249352
0.018257987
0.018371077
0.008835139
0.021961916
0.03562324
0.066385545
0.09950441
0.08926467
0.08899977
0.078159094
0.07777339
0.03199537
0.039845157
0.031866875
0.039170552
0.05794456
0.03697956
0.026673479
0.053417154
0.015023496
0.03461743
0.056395374
0.044567965
0.01562894
0.00838508
0.046883788
0.04104606
0.011807336
0.016463278
0.014089581
0.013871188
0.022185411
0.020790508
0.043785796
0.07897984
0.060170818
0.013941099
0.045223866
0.020742027
0.03729688
0.04775456
0.020566877
0.011184835
0.027504837
0.020470243
0.01109381
0.054610852
0.07825999
0.041710336
0.01145538
0.039051086
0.04356458
0.034709696
0.03440904
0.031313144
0.03452128
0.033775378
0.07400203
0.08466714
0.037508603
0.050327837
0.05917002
0.019933214
0.031193838
0.037322547
0.044183064
0.054897208
0.030927964
0.013233226
0.058795583
0.07214157
0.022104055
0.0038274224
0.036543373
0.043264724
0.0363105
0.02553751
0.052602813
0.06277897
0.044774596
0.031866856
0.032134872
0.043644518
0.05180789
0.042295843
0.067032404
-0.07019248
-0.079347834
-0.08545121
-0.09155444
-0.08545031
-0.0854497
-0.085448995
-0.09155163
-0.097654045
-0.1037562
-0.09765163
-0.09154711
-0.08849418
-0.08238978
-0.09154258
-0.09154086
-0.10069293
-0.094588324
-0.08848387
-0.082379594
-0.06712246
-0.076273546
-0.076271474
-0.079320095
-0.08846981
-0.079315335
-0.070161335
-0.07015902
-0.06405605
-0.061003607
-0.06100138
-0.05184922
-0.051847205
-0.045745704
-0.033545468
-0.036593504
-0.03659191
-0.04268865
-0.04573574
-0.042684678
-0.021341309
-0.006097215
-0.0030484532
0.0
-0.009144401
0.0
-0.0030478002
0.0060952557
0.018284712
0.018283635
0.009141268
0.015234514
0.021326989
0.03351171
0.051787466
0.04873793
0.051780574
0.039594203
0.045682445
0.051769778
0.057856183
0.07307616
0.07611535
0.07306523
0.07305963
0.07914178
0.0821792
0.094346344
0.09433868
0.09737383
0.091280326
0.08518774
0.09734905
0.10342434
0.10949845
0.11557134
0.109478705
0.11250944
0.109458454
0.10336768
0.10943768
0.106387466
0.10333771
0.10940557
0.10331713
0.10026822
0.097219825
0.09720974
0.10934948
0.112375036
0.10932615
0.09716825
0.0850129
0.08500348
0.097135946
0.09712496
0.08193981
0.07282697
0.06371616
0.07584362
0.084934734
0.06975942
0.06368565
0.06367784
0.04851044
0.04547285
0.05456053
0.039399806
0.051516198
0.033329684
0.018177448
0.033320915
0.015143851
0.021198539
0.01816771
0.009082612
0.0
-0.0030266976
0.0
-0.009077531
-0.009076235
-0.01512488
-0.0030245367
-0.024192752
-0.027212828
-0.03930157
-0.051386654
-0.0241783
-0.039283752
-0.036256358
-0.036250748
-0.054367647
-0.051339157
-0.05133103
-0.057360824
-0.05735161
-0.060360346
-0.06940308
-0.060340595
-0.06636367
-0.04524042
-0.054279394
-0.06331526
-0.06631898
-0.07534956
-0.060269248
-0.06628466
-0.063260645
-0.06927326
-0.07227233
-0.06021619
-0.060205366
-0.05718475
-0.066201866
-0.069198355
-0.07520172
-0.063157715
-0.05412507
-0.051108506
-0.05711046
-0.060104825
-0.05708864
-0.051069457
-0.05406305
-0.054052494
-0.04203257
-0.045025997
-0.036013633
-0.03600643
-0.04499898
-0.044989873
-0.04498071
-0.0479696
-0.032972302
-0.02996861
-0.0329586
-0.020969259
-0.020964837
-0.029943418
-0.02694333
-0.026937554
-0.026931744
-0.014958836
-0.01794669
-0.017942756
-0.014949
-0.017934825
-0.005976943
0.0
-0.0059742583
0.0
-0.005971546
-0.008955269
0.0
0.0
0.011932077
0.014911612
0.0
0.0
-0.008940632
0.0
0.0119151445
0.011912274
0.011909391
0.0
0.0029758955
0.011900657
0.0118977185
0.026763225
0.026756553
0.011888822
0.008914372
0.0029707055
0.0029699504
0.020784345
0.023747442
0.014838325
0.011867586
0.008898373
0.011861396
0.020751992
0.017782727
0.017778015
0.011848854
0.008884263
0.005921251
0.011839306
0.01479512
0.002958218
0.008872227
0.0029565962
0.014778902
0.014774805
0.0029541384
0.0029533124
0.0
0.0
-0.002950814
-0.005899949
-0.0058982633
-0.005896571
-0.011789744
-0.00883975
-0.011782908
-0.017669205
-0.017664026
-0.01765883
-0.014711344
-0.011765583
-0.017643118
-0.01763784
-0.020571299
-0.023502966
-0.014684906
-0.020552618
-0.020546345
-0.026408635
-0.029333899
-0.029324839
-0.02638417
-0.020514632
-0.023437964
-0.035145912
-0.032206938
-0.029269775
-0.023408387
-0.011700463
-0.02339344
-0.023385925
-0.026300684
-0.026292173
-0.014602018
-0.017516708
-0.02042947
-0.020422757
-0.020416023
-0.020409264
-0.0145732025
-0.014568343
-0.014563467
-0.014558574
-0.0087322
-0.008729245
-0.008726279
-0.017446611
-0.014533868
-0.008717326
-0.0029047744
0.0058075394
-0.002902762
-0.011607004
-0.0116029475
-0.0028997194
-0.0028986987
0.0028976747
0.0028966474
-0.0057912343
-0.005789167
0.0028935466
0.011570026
0.0057829265
0.002890417
0.002889367
0.0028883142
0.014436291
0.020203391
0.014425681
0.011536282
0.008649005
0.008645788
0.014404271
0.020158429
0.020150857
0.023020873
0.0143826045
0.014377149
0.022994682
0.017239425
0.020104958
0.025839297
0.022959407
0.022950524
0.02580932
0.0200661
0.020058261
0.025779087
0.025768952
0.028620878
0.028609553
0.028598199
0.025728133
0.022860317
0.031420343
0.03426296
0.03710324
0.04564706
0.03992497
0.03420748
0.028494596
0.025634635
0.042706843
0.04838115
0.048361156
0.045497514
0.03695136
0.034094725
0.0369205
0.0482604
0.053915393
0.05105618
0.04819931
0.042510744
0.04249264
0.042474486
0.053777967
0.05375486
0.048075724
0.048054945
0.042383038
0.039540306
0.04799229
0.050793145
0.050770864
0.053567898
0.045089908
0.042253084
0.04223434
0.042215545
0.042196706
0.03936597
0.036537707
0.03933059
0.03650478
0.039295044
0.039277207
0.03645509
0.039241407
0.033620097
0.036405053
0.030790094
0.013989037
0.016779074
0.013976072
0.013969567
0.027926093
0.022330418
0.013949961
0.008366038
0.0
0.005572089
0.01113889
0.0027833977
0.0
-0.008342218
-0.022235245
-0.013890344
-0.016660376
-0.01665232
-0.011096165
-0.022181543
-0.030484755
-0.036009833
-0.03322356
-0.038741775
-0.035956785
-0.035939027
-0.041447576
-0.044188797
-0.057968926
-0.05518095
-0.05515334
-0.060638238
-0.052343044
-0.057823665
-0.066050775
-0.055014417
-0.060485102
-0.06320221
-0.05767689
-0.07137291
-0.060361456
-0.068557255
-0.071262754
-0.0575286
-0.0602368
-0.06294209
-0.065644465
-0.068343915
-0.065575786
-0.06554134
-0.060047932
-0.057288226
-0.06543761
-0.057227533
-0.065368116
-0.054444388
-0.051694527
-0.059824754
-0.04620339
-0.062476814
-0.051583424
-0.054268964
-0.048815574
-0.035236526
-0.043344393
-0.04061317
-0.04329699
-0.037864067
-0.03514014
-0.021612773
-0.027001027
-0.02698606
-0.026971066
-0.03234725
-0.018858695
-0.021540733
-0.013455406
-0.01344784
-0.013440261
-0.0080596
-0.005370024
-0.0053669754
0.0
0.008041294
0.002678899
0.008032092
0.008027479
0.0026742858
0.008018228
0.013355984
0.021357186
0.029349068
0.026665432
0.02398488
0.023970846
0.021294922
0.034583908
0.039881002
0.034543123
0.03452268
0.037156217
0.037134126
0.04241371
0.047686927
0.04765838
0.055568084
0.05024565
0.04492954
0.055467673
0.044875216
0.050124224
0.06591282
0.057967927
0.060565814
0.05263368
0.049971316
0.055197492
0.055163473
0.060379818
0.060342442
0.057683047
0.060267508
0.054992564
0.060192335
0.057539243
0.05750315
0.054854866
0.054820307
0.046959165
0.041715067
0.04689969
0.044266004
0.049442258
0.05721239
0.046780195
0.04155574
0.03893348
0.028532835
0.041475527
0.038858168
0.028477525
0.028459033
0.010342005
0.010335261
0.018074887
0.007741307
0.015472452
0.023193415
0.012876738
0.010294586
0.0025719432
-0.0051404745
-0.002568529
-0.010267273
-0.01539063
-0.015380335
-0.017931698
-0.017919654
-0.017907593
-0.020452017
-0.020438194
-0.017871307
-0.030615734
-0.035694066
-0.038217578
-0.048375875
-0.045798413
-0.040681787
-0.03811297
-0.043164954
-0.045672536
-0.045640957
-0.053210896
-0.05064186
-0.043015637
-0.050571356
-0.04042883
-0.04040053
-0.045418724
-0.042865317
-0.047874562
-0.03776904
-0.037742335
-0.037715595
-0.042714
-0.04268362
-0.04767122
-0.060173273
-0.047603086
-0.04005807
-0.040029287
-0.032500383
-0.03247694
-0.03744631
-0.027440738
-0.03240643
-0.04732881
-0.034848455
-0.042285092
-0.037283085
-0.022353457
-0.02730083
-0.014880406
-0.009912957
-0.017334862
-0.012372881
-0.009890964
-0.017296327
-0.009876258
-0.0074016685
0.0
0.009854131
0.0049233693
-0.002459834
0.0024579815
0.004912253
0.0
0.019619282
0.012252744
0.0122434255
0.012234096
0.0024449513
0.0024430812
0.004882418
0.014636007
0.0
0.0048711584
0.019469587
0.0121590765
0.019439442
0.029136514
0.031539995
0.038788192
0.038757894
0.024204725
0.029022897
0.026583424
0.021732954
0.045844503
0.043397322
0.033726756
0.03370001
0.02164708
0.024033166
0.043225203
0.03359274
0.021578046
0.028747655
0.021543417
0.026309649
0.033458002
0.031043043
0.026245927
0.03337682
0.030967578
0.033322554
0.038051862
0.026139282
0.02849224
0.023724062
0.018963657
0.03079058
0.033131745
0.02601058
0.023626413
0.023606824
0.025945935
0.035351377
0.028257525
0.03293958
0.0282103
0.011744439
0.01877532
0.011724703
0.014057784
0.021068871
0.0070170164
0.0046740463
0.011675196
0.006999159
0.009324261
0.011645377
0.004654167
0.00232509
0.0
0.0023210973
-0.002319098
-0.0023170968
-0.0069452818
-0.016191624
-0.013866494
-0.009236296
-0.0023070637
-0.0046101026
-0.01612126
-0.020709194
-0.013794023
-0.013781906
-0.009179852
-0.00917176
-0.0137454895
-0.016022218
-0.020581737
-0.020563465
-0.011413986
-0.01368458
-0.018229822
-0.029596973
-0.036394417
-0.0227261
-0.022705674
-0.011342614
-0.011332383
-0.022644287
-0.031673305
-0.031644586
-0.022582743
-0.020305974
-0.01577914
-0.031529464
-0.024750488
-0.029223774
-0.024705112
-0.017950833
-0.017934298
-0.01791775
-0.022376485
-0.022355767
-0.026802037
-0.022314278
-0.024522861
-0.020045452
-0.02002673
-0.020007994
-0.019989243
-0.019970477
-0.015517986
-0.022147669
-0.022126768
-0.017684681
-0.015459444
-0.015444781
-0.013225805
-0.022022028
-0.022001032
-0.017584015
-0.021958992
-0.013162768
-0.008766755
-0.01532707
-0.015312307
-0.024038978
-0.028382244
-0.0152679505
-0.015253144
-0.013061423
-0.013048712
-0.019553991
-0.021705441
-0.017347371
-0.017330375
-0.008656684
-0.004324087
-0.012959488
-0.008631137
-0.015089566
-0.01938167
-0.012908304
-0.012895486
-0.01288266
-0.008579883
-0.01071415
-0.012844127
-0.004277088
-0.0064091976
-0.010671264
-0.008528419
-0.006389866
0.0
-0.0021256523
0.0021234988
0.0
-0.0021191873
0.0
-0.0021148704
-0.0021127097
0.0
0.0
0.0
0.0
0.002101886
-0.0020997173
0.0062926416
0.012572254
0.01465242
0.020910287
0.012533119
0.006260029
0.0
0.0
0.0
0.008311824
0.010378863
0.008294351
0.008285607
0.0020692146
0.008268105
0.014453854
0.016501162
0.018544076
0.018524334
0.014392451
0.016430946
0.01846504
0.018445252
0.020472726
0.018405644
0.016342955
0.018365992
0.01630769
0.016290043
0.020340482
0.0203184
0.018266674
0.016219359
0.012151248
0.00404599
0.010103904
0.016148522
0.018147139
0.01812718
0.020119123
0.010048462
0.008029886
0.02005249
0.018027231
0.022008814
0.029978635
0.023956187
0.01994121
0.01991892
0.013927635
0.021861741
0.023822386
0.013880759
0.011884387
0.0019784956
0.009881296
0.027636303
0.029576745
0.02954315
0.02950954
0.017685547
0.0137397265
0.019605743
0.017624965
0.017604753
0.011723021
0.0
0.0
0.0058412706
0.013613875
0.019425875
0.02522435
0.021318888
0.021294087
0.027069984
0.02124445
0.02314867
0.019267974
0.0076981513
0.005766832
0.0038400318
0.0038355072
0.015323922
0.01913226
0.013376727
0.01526956
0.011438569
0.013329122
0.017117025
0.011397732
0.015178813
0.011370482
0.013249656
0.005671605
0.0037765221
0.005657959
0.0037674215
0.0018814342
-0.0018791569
0.0
0.0074983994
0.0074892803
0.003740079
0.003735516
-0.0055964277
-0.0055895783
-0.005582727
-0.0074344976
0.003712678
0.0018540529
0.001851766
-0.0018494782
-0.009235949
-0.011069404
-0.012898275
-0.00368064
-0.003676057
0.0018357363
-0.0018334434
-0.009155748
-0.0073154215
-0.014612483
-0.012769852
-0.014575745
-0.01637704
-0.010904239
-0.012705522
-0.016314978
-0.016294278
-0.021698097
-0.027088104
-0.023446431
-0.025217768
-0.02158759
-0.01796662
-0.021532292
-0.025088735
-0.02147696
-0.023236724
-0.0214216
-0.017828258
-0.026707763
-0.032007758
-0.028414391
-0.024830252
-0.021255346
-0.019458644
-0.019433217
-0.026465157
-0.022906402
-0.022876328
-0.029875861
-0.021061068
-0.021033289
-0.024506418
-0.017481424
-0.017458258
-0.022665612
-0.019153101
-0.020866474
-0.02083865
-0.017342351
-0.020782985
-0.01902555
-0.017272746
-0.017249536
-0.015503689
-0.013762481
-0.02233384
-0.02230364
-0.017133413
-0.013688141
-0.01025216
-0.008531843
-0.010224261
-0.015315462
-0.013595137
-0.010182395
-0.008473695
-0.0050772354
-0.0033801687
-0.010126539
-0.00842714
-0.0033661989
0.0
0.005035323
-0.0050283335
-0.008368906
-0.0066858027
-0.0016691198
0.0016667887
0.008322286
0.0033242507
0.0016597933
0.0033149216
0.0066205123
0.011569565
0.013203694
0.013185024
0.0065831766
0.0016434599
-0.0016411254
0.009832744
0.016364556
0.021243563
0.021213202
0.011406142
0.013016903
0.01462299
0.021091722
0.025921654
0.021030964
0.017769722
0.01774401
0.01932905
0.025734663
0.027303334
0.028867327
0.030426638
0.020787824
0.019160697
0.020727016
0.019104563
0.023845615
0.023810524
0.017435318
0.023740338
0.020544542
0.017358106
0.023635043
0.020453282
0.02042286
0.020392435
0.0187957
0.023459518
0.024986036
0.024948584
0.02179724
0.017100653
0.021731695
0.021698922
0.021666147
0.023178611
0.012343197
0.010783909
0.0123057375
0.009215256
0.0107347425
0.010718354
0.009173113
0.007632554
0.006096678
0.006087313
0.0060779476
0.006068582
0.004544413
0.0030249262
0.0015101219
0.0
0.0015054396
-0.0015030985
-0.0045022727
-0.005993666
-0.01047253
-0.005974939
-0.0029827883
-0.0059562135
-0.008920277
-0.013359351
-0.01482032
-0.014796916
-0.014773514
-0.014750114
-0.016199386
-0.019114312
-0.019083895
-0.021984786
-0.019023068
-0.017531684
-0.021879518
-0.02330073
-0.026171222
-0.02467751
-0.023188476
-0.026044948
-0.02455826
-0.02307625
-0.025918702
-0.024439037
-0.027269809
-0.03152415
-0.025750425
-0.027136609
-0.0228145
-0.02135355
-0.02131851
-0.019864578
-0.01983188
-0.018384961
-0.016942715
-0.0169147
-0.018293912
-0.018263567
-0.018233228
-0.01680267
-0.009785226
-0.009768895
-0.006966119
-0.0055635665
-0.009719918
-0.009703596
-0.006919483
-0.005526263
0.0
0.0013769048
0.0
0.0
0.001369916
0.0054703485
0.006826293
0.005451722
0.005442411
0.0054331017
0.0067797424
0.0135362195
0.017566847
0.014838671
0.010773159
0.010754559
0.0107359635
0.017415728
0.022734914
0.02269542
0.021323232
0.019955697
0.01328058
0.014583104
0.019851238
0.022458624
0.023737961
0.019746844
0.015769647
0.014430008
0.018333014
0.022222122
0.022182735
0.022143357
0.022103988
0.01817087
0.019434068
0.021985935
0.01936465
0.016752627
0.015436212
0.01284039
0.016662458
0.021750085
0.02171081
0.020396749
0.015269852
0.012701792
0.015214455
0.01265564
0.013895831
0.013870465
0.010069167
0.006281705
0.008778258
0.006258667
0.007496583
0.009977026
0.0062241335
0.006212629
0.0037206765
0.002475852
0.0012356271
-0.0012333288
-0.0012310314
-0.0012287345
0.0012264384
-0.001224143
0.0
-0.0012195542
-0.001217261
-0.0012149684
-0.0036380298
-0.0024207712
-0.0036242856
-0.006029028
-0.0048140674
-0.0024024574
-0.0023978828
-0.0011966549
-0.0011943692
-0.0035762524
-0.0059489994
-0.007125099
-0.0071114036
-0.0047318083
-0.0035420132
-0.0035351727
-0.005880558
-0.009390664
-0.010543997
-0.008184949
-0.007002014
-0.0034941814
-0.008137169
-0.008121255
-0.01042116
-0.009245079
-0.008073548
-0.00575547
-0.0057441243
-0.009172453
-0.009154314
-0.0114202285
-0.006838544
-0.005687463
-0.0045409156
-0.0045318645
-0.00791493
-0.011284432
-0.011261833
-0.008991393
-0.004486664
-0.0033582265
-0.005585763
-0.005574487
-0.0077885017
-0.0033311693
-0.0033244123
-0.0033176583
-0.0066218143
-0.011013864
-0.0087931035
-0.0076782345
-0.0032839328
0.0010923989
-0.0010901546
-0.0043516452
-0.009771021
-0.007583995
-0.0043247505
-0.002157897
0.0021534208
-0.0021489467
-0.0064334245
-0.0074900175
-0.007474381
-0.0042621437
0.0
0.0010610737
-0.0010588443
-0.0021132317
-0.0042175543
-0.0021043248
-0.0010499373
-0.0010477134
0.0020909812
-0.002086538
-0.0020820969
-0.002077658
-0.0010366108
0.0041375747
0.0020643554
0.002059926
-0.0020554988
-0.0010255369
-0.003069977
0.0020422311
0.008151254
0.003050097
0.0030434777
0.0
-0.0020201663
0.0020157606
0.006034072
0.009031304
0.008010232
9.990811E-4
-0.002990653
-0.0049734446
-9.924946E-4
0.006932112
0.00790488
0.004929598
9.837304E-4
-0.0029446275
-0.0019587118
0.0019543413
0.0058499193
0.005836823
0.0019412448
-0.0019368846
-0.0028987904
9.64086E-4
0.0019238197
0.00191947
0.001915123
-0.0019107786
-0.001906437
0.0
9.4888086E-4
0.0028401425
0.0018890974
-0.0018847694
-0.006581554
-0.007504486
-0.0046795043
-0.0037349693
-0.0018631704
-0.0027882885
-0.0064909263
-0.009251223
-0.010152679
-0.009208207
-0.0055120327
-0.005499149
-0.008229412
-0.009122347
-0.011831194
-0.013619256
-0.0117755355
-0.009940391
-0.010818418
-0.010792791
-0.0152535075
-0.017007517
-0.015181023
-0.01603569
-0.008887435
-0.008866169
-0.0132673755
-0.014117888
-0.014083934
-0.015806254
-0.012264086
-0.0096127745
-0.014820133
-0.015653845
-0.019953538
-0.018174108
-0.012949859
-0.011195803
-0.010309307
-0.010284046
-0.012823503
-0.011939175
-0.011059072
-0.009334589
-0.0050790105
-0.0075996555
-0.009265433
-0.010082637
-0.010057547
-0.006688318
-0.0025018565
0.0
-8.29782E-4
-0.0016553988
-8.2561834E-4
0.0
0.0032858453
0.0024581559
0.0024519328
0.0024457145
0.004065836
0.0064887824
0.008899331
0.012911426
0.010463698
0.009634047
0.012011644
0.012779474
0.015933193
0.017481286
0.017436096
0.017390946
0.02049962
0.02044635
0.021177476
0.022686863
0.021847337
0.021790165
0.024837762
0.023224253
0.023935262
0.023872184
0.021505048
0.023746192
0.024447257
0.025144322
0.025837392
0.023494877
0.022676311
0.024123412
0.024058817
0.024744103
0.025425415
0.02311959
0.020825895
0.021511402
0.020713417
0.021395016
0.022808414
0.020545091
0.021952594
0.01970338
0.01819396
0.018144097
0.015199196
0.01587917
0.015115623
0.012202678
0.012168933
0.00999371
0.008542262
0.00851851
0.009202679
0.0091769975
0.008447392
0.004913844
0.0035000402
0.0034902014
0.002784298
0.0027764428
0.0027685952
-6.901889E-4
-0.0020646928
-6.8627496E-4
-6.84321E-4
-0.001364738
-0.0027216757
-0.0047492962
-0.0067652487
-0.007420389
-0.0094169425
-0.010060481
-0.008025128
-0.008668722
-0.009973361
-0.009944382
-0.012559549
-0.01318202
-0.013800679
-0.013760279
-0.011759933
-0.013679609
-0.014938323
-0.013599112
-0.01614158
-0.016093794
-0.014762376
-0.015358444
-0.01467469
-0.012722538
-0.01395297
-0.015175848
-0.014499894
-0.015084852
-0.01503943
-0.014369307
-0.013080147
-0.010556625
-0.012381877
-0.012344238
-0.012306642
-0.012882543
-0.011619999
-0.011584406
-0.011548853
-0.010907375
-0.01147787
-0.012646908
-0.012007424
-0.011371706
-0.009546443
-0.0083271535
-0.0071153147
-0.008275278
-0.008838628
-0.008223526
-0.009368796
-0.008755605
-0.008727997
-0.008700421
-0.006938304
-0.005187223
-0.003447159
-0.00400888
-0.0039960896
-0.0034142705
-0.003970557
-0.003392412
-0.0028179195
-0.0033706082
-0.0022398178
-5.5814313E-4
0.0011126682
0.0022181093
0.0011054458
5.5092067E-4
0.0
5.473232E-4
0.0021821118
0.002718675
0.0037936103
0.0027007798
0.0021534797
0.00429269
0.004813244
0.006929336
0.0063749896
0.004765273
0.0058047306
0.0052593313
0.005241658
0.008358414
0.009371489
0.00830205
0.008791044
0.0077304714
0.008217786
0.010237219
0.010202252
0.0106757
0.00962584
0.0095927585
0.008553436
0.008523919
0.0089941155
0.008962949
0.00992425
0.010384203
0.008869709
0.007856637
0.008807769
0.008776864
0.009231892
0.010167719
0.00964935
0.007211406
0.005748669
0.005728243
0.0076104617
0.009479132
0.009917499
0.008470252
0.005626557
0.0046719243
0.0041895686
0.006493554
0.006470036
0.0055256174
0.0032115532
0.0013713631
0.0013663537
0.0022689197
0.005425431
0.0049550273
0.0022439866
0.0013414206
0.0
4.4383353E-4
0.001768736
8.810741E-4
4.3889263E-4
-0.0026235047
-0.003484892
-0.0026038487
-0.002594044
-0.0012921272
-0.0021454003
-0.00470199
-0.005109958
-0.005514712
-0.0050710794
-0.0046307133
-0.004612965
-0.005848495
-0.0074905455
-0.008705252
-0.009084522
-0.007815315
-0.0077849585
-0.008162791
-0.008944035
-0.009718972
-0.009277509
-0.009642849
-0.009204679
-0.008769731
-0.009529141
-0.010677786
-0.01063536
-0.012162342
-0.0117230285
-0.009730108
-0.009691092
-0.008879972
-0.009613262
-0.010723381
-0.010298557
-0.010636663
-0.0098367445
-0.009043069
-0.0090061305
-0.009342977
-0.010049006
-0.010378325
-0.009597282
-0.008822418
-0.008053715
-0.007291158
-0.0072608115
-0.0072305202
-0.0072002835
-0.0068115965
-0.005354981
-0.004976932
-0.004601926
-0.004582451
-0.004563012
-0.0038445923
-0.0020881116
-0.001732658
-0.0020702842
-0.0017178296
-0.0017104363
-0.0010218342
3.391383E-4
3.37668E-4
3.3620052E-4
6.694716E-4
3.3327393E-4
9.954446E-4
0.0019821515
0.002631241
0.0045843627
0.0045640934
0.0045438637
0.0051699122
0.0041818423
0.005123899
0.0066950107
0.007617101
0.008846635
0.007863153
0.0072013885
0.0068570576
0.007446429
0.009574479
0.010145631
0.011017274
0.010966691
0.009703299
0.00965852
0.009914266
0.011363472
0.011608275
0.011554151
0.010910389
0.0105657615
0.010224001
0.010757309
0.0124426875
0.011807772
0.01146508
0.010269448
0.008800926
0.010171518
0.0106850825
0.011193342
0.011139346
0.009422647
0.007997987
0.007959096
0.0076471763
0.008153347
0.0081133805
0.007535269
0.0069625513
0.006128743
0.005037787
0.005276585
0.0047252667
0.0036568465
0.0028588432
0.0015515358
7.718603E-4
7.6796167E-4
7.64072E-4
5.067942E-4
2.5210652E-4
-0.0012540948
-0.001996275
-0.0022342755
-0.0027167168
-0.0029483845
-0.0036663928
-0.00510629
-0.0060472544
-0.006978174
-0.006941621
-0.0061908294
-0.0066319243
-0.007303696
-0.007733708
-0.008625052
-0.009274691
-0.009225124
-0.009634462
-0.009810832
-0.009757941
-0.010607989
-0.010774943
-0.010269828
-0.010879929
-0.010820408
-0.010980652
-0.011357033
-0.011294347
-0.011015826
-0.010954661
-0.010893653
-0.010407988
-0.010349675
-0.010501546
-0.010442353
-0.009967983
-0.010117944
-0.009239135
-0.008573993
-0.008118974
-0.008072366
-0.008025883
-0.0075805476
-0.0075366255
-0.006309745
-0.0060769278
-0.0056516207
-0.0046497635
-0.0042371987
-0.004212184
-0.0032355927
-0.0032163695
-0.0026329884
-0.0020564073
-0.0016724232
-5.5411994E-4
-7.3436653E-4
-5.474394E-4
-1.813711E-4
5.407968E-4
0.0014333059
0.0016025765
0.0021236166
0.0022863778
0.0026217834
0.0033002829
0.0039701634
0.0042883926
0.004772846
0.004234627
0.004376178
0.004850169
0.0048193093
0.0059443973
0.0059063192
0.0055423365
0.005830509
0.0059536877
0.006394624
0.0069882525
0.007100346
0.00674026
0.0066958833
0.006806335
0.0069148745
0.007174153
0.0071262554
0.0072291167
0.0070309173
0.006686307
0.0067886095
0.0070356275
0.006987645
0.007228977
0.007322906
0.0067020357
0.006655664
0.006468819
0.006284088
0.006656138
0.0063340142
0.005879203
0.0059733787
0.0057961782
0.0054872083
0.0057137166
0.005672697
0.0053698737
0.004940956
0.0047759996
0.0044849096
0.0043248944
0.004545668
0.004512155
0.0044787605
0.0043219994
0.0039220694
0.003649409
0.0033805114
0.003235179
0.0032106687
0.0030682387
0.0030448083
0.0029052543
0.002536944
0.002174064
0.0019301212
0.0018024318
0.0016765613
0.0015524998
0.0015402558
0.0012006174
0.0010827914
8.5931655E-4
3.1966003E-4
4.2278183E-4
3.1452274E-4
1.0398972E-4
0.0
-1.02297374E-4
-6.0873735E-4
-7.0432905E-4
-6.98488E-4
-7.916233E-4
-6.8687636E-4
-6.811058E-4
-0.0010612783
-0.0016262576
-0.0018969589
-0.001974778
-0.0018645906
-0.0018485076
-0.0020157413
-0.0028156433
-0.0027910287
-0.0027665189
-0.0029190243
-0.0028931566
-0.0028674004
-0.0032723253
-0.0033282645
-0.0033827918
-0.0033521147
-0.0029894162
-0.003208889
-0.0033424213
-0.003553842
-0.0037609027
-0.0034879977
-0.0036123595
-0.0035783327
-0.0036985697
-0.003816032
-0.003855149
-0.0038181196
-0.003855407
-0.0037445836
-0.0036353697
-0.003815735
-0.0036355876
-0.0037407659
-0.0035637969
-0.003666523
-0.0035611896
-0.0033218367
-0.0032881054
-0.0032545421
-0.0033526227
-0.0033830998
-0.003476788
-0.003313115
-0.0032783912
-0.0030567015
-0.0027774354
-0.002747851
-0.0027184219
-0.0024501127
-0.002482694
-0.0023971938
-0.0022552907
-0.002230459
-0.0018098558
-0.0017897023
-0.0016590558
-0.0014763325
-0.0014055489
-0.001282647
-0.0011622852
-0.001148887
-9.807153E-4
-7.142033E-4
-7.058229E-4
-4.4838717E-4
-5.907497E-4
-6.3233264E-4
-4.325065E-4
-3.7980048E-4
-4.6897323E-5
2.3161536E-4
9.15046E-5
1.3555503E-4
0.0
4.40609E-5
3.4803263E-4
5.5835966E-4
5.936126E-4
6.696728E-4
5.783637E-4
4.4849567E-4
6.8401993E-4
7.94082E-4
9.793808E-4
0.0010435464
9.532E-4
9.4024086E-4
8.902746E-4
0.0010243357
0.0012265694
0.0012449931
0.0011923936
0.0011063385
0.001022378
0.0010412579
0.0011916785
0.0011742807
0.0012534269
0.0011715278
0.0010604665
0.0010752346
0.0010891911
0.0011023463
0.0010853767
0.0010685375
9.381174E-4
8.9535146E-4
8.260558E-4
8.670138E-4
9.329845E-4
8.6535065E-4
8.511467E-4
7.3559757E-4
7.482622E-4
7.601898E-4
7.231788E-4
7.581826E-4
6.9851964E-4
6.177143E-4
6.293327E-4
5.740167E-4
5.637451E-4
5.7485653E-4
5.434781E-4
4.719271E-4
4.6316662E-4
3.9520668E-4
4.0711722E-4
3.993419E-4
3.916411E-4
3.840148E-4
3.4060943E-4
3.1627357E-4
2.582737E-4
2.361701E-4
2.3133449E-4
2.4273066E-4
2.535E-4
2.3263517E-4
1.8213394E-4
1.3365182E-4
1.1620906E-4
8.523373E-5
1.11109366E-4
1.0860223E-4
7.959268E-5
7.775506E-5
6.328234E-5
3.7071968E-5
4.8246962E-5
3.5309167E-5
1.1481268E-5
3.358914E-5
2.1830114E-5
0.0
2.0726227E-5
-2.0184985E-5
-2.9476325E-5
-3.8247836E-5
-7.441637E-5
-6.331993E-5
-7.91364E-5
-5.980614E-5
-5.8086753E-5
-4.028027E-5
-4.690544E-5
-8.340933E-5
-9.5567346E-5
-1.06853666E-4
-8.969215E-5
-7.3466705E-5
-7.107939E-5
-9.372467E-5
-1.2076875E-4
-1.2830713E-4
-1.1258852E-4
-9.7745185E-5
-9.9459874E-5
-9.58123E-5
-1.06795815E-4
-1.0272985E-4
-1.0323099E-4
-9.4834315E-5
-9.927792E-5
-1.03118386E-4
-1.139756E-4
-1.0907595E-4
-9.385543E-5
-8.963928E-5
-8.235252E-5
-8.451577E-5
-8.906367E-5
-9.0129884E-5
-8.2975406E-5
-7.375022E-5
-6.74913E-5
-6.159493E-5
-6.8505986E-5
-6.2580686E-5
-5.8846133E-5
-5.3500575E-5
-4.364001E-5
-3.9269282E-5
-3.660816E-5
-3.404035E-5
-3.1565865E-5
-2.9184708E-5
-2.37934E-5
-2.1852125E-5
-1.6516307E-5
-1.4257021E-5
-1.2931642E-5
-1.1022513E-5
-9.310921E-6
-7.2670227E-6
-5.977461E-6
-4.041277E-6
-3.5204212E-6
-2.7319331E-6
-1.8105208E-6
-6.5200595E-7
-1.796167E-7
1.4549008E-7
9.1964404E-7
6.160915E-7
4.526398E-7
4.939532E-7
1.7243488E-7
1.7782372E-7
1.14956855E-7
3.0535432E-8
0.0
