4.29182E-6
4.2918773E-6
4.292049E-6
4.2923352E-6
4.292735E-6
4.293248E-6
4.2938727E-6
4.2946085E-6
4.2954543E-6
4.2964084E-6
4.297469E-6
4.2986344E-6
4.2999027E-6
4.3012715E-6
4.302738E-6
4.304301E-6
4.3059563E-6
4.307702E-6
4.3095347E-6
4.3114514E-6
4.3134487E-6
4.3155233E-6
4.317672E-6
4.31989E-6
4.322175E-6
4.3245223E-6
4.326928E-6
4.329388E-6
4.3318983E-6
4.334455E-6
4.3370533E-6
4.339689E-6
4.3423584E-6
4.345056E-6
4.347778E-6
4.3505197E-6
4.353277E-6
4.356045E-6
4.358819E-6
4.361595E-6
4.3643686E-6
4.367135E-6
4.369889E-6
4.372628E-6
4.3753466E-6
4.37804E-6
4.380705E-6
4.3833365E-6
4.385931E-6
4.388484E-6
4.3909918E-6
4.39345E-6
4.3958557E-6
4.3982045E-6
4.400493E-6
4.402717E-6
4.4048743E-6
4.4069607E-6
4.4089734E-6
4.410909E-6
4.412765E-6
4.414538E-6
4.416226E-6
4.417826E-6
4.4193357E-6
4.4207527E-6
4.4220747E-6
4.4233E-6
4.4244266E-6
4.425453E-6
4.426377E-6
4.4271974E-6
4.4279127E-6
4.4285225E-6
4.4290246E-6
4.429419E-6
4.4297044E-6
4.429881E-6
4.429947E-6
4.4299027E-6
4.429748E-6
4.429483E-6
4.4291073E-6
4.4286217E-6
4.4280255E-6
4.42732E-6
4.4265053E-6
4.425582E-6
4.4245517E-6
4.4234143E-6
4.4221715E-6
4.420824E-6
4.419373E-6
4.4178205E-6
4.416167E-6
4.4144144E-6
4.4125645E-6
4.410619E-6
4.408579E-6
4.4064477E-6
4.404226E-6
4.4019157E-6
4.3995196E-6
4.3970394E-6
4.3944774E-6
4.391836E-6
4.389117E-6
4.3863233E-6
4.383457E-6
4.3805203E-6
4.3775162E-6
4.374447E-6
4.3713153E-6
4.368123E-6
4.3648733E-6
4.3615687E-6
4.3582113E-6
4.3548043E-6
4.3513496E-6
4.3478503E-6
4.344309E-6
4.340728E-6
4.3371106E-6
4.333458E-6
4.3297737E-6
4.32606E-6
4.3223195E-6
4.3185546E-6
4.314768E-6
4.3109617E-6
4.307138E-6
4.3032996E-6
4.2994493E-6
4.2955885E-6
4.29172E-6
4.2878455E-6
4.283968E-6
4.280089E-6
4.276211E-6
4.272336E-6
4.2684655E-6
4.2646025E-6
4.260748E-6
4.2569045E-6
4.2530737E-6
4.2492575E-6
4.245457E-6
4.2416755E-6
4.237913E-6
4.234172E-6
4.2304546E-6
4.2267616E-6
4.223095E-6
4.219456E-6
4.2158463E-6
4.2122674E-6
4.2087204E-6
4.205207E-6
4.2017286E-6
4.1982867E-6
4.194882E-6
4.1915164E-6
4.1881913E-6
4.184907E-6
4.1816656E-6
4.1784683E-6
4.175316E-6
4.1722096E-6
4.1691505E-6
4.1661406E-6
4.16318E-6
4.1602702E-6
4.1574126E-6
4.1546077E-6
4.151857E-6
4.1491617E-6
4.1465228E-6
4.143941E-6
4.1414182E-6
4.138955E-6
4.136552E-6
4.134211E-6
4.1319327E-6
4.129718E-6
4.1275684E-6
4.1254843E-6
4.1234675E-6
4.1215185E-6
4.1196386E-6
4.1178287E-6
4.1160893E-6
4.114422E-6
4.1128274E-6
4.111307E-6
4.109861E-6
4.108491E-6
4.1071967E-6
4.10598E-6
4.104842E-6
4.1037824E-6
4.102803E-6
4.101904E-6
4.1010853E-6
4.100349E-6
4.0996947E-6
4.0991235E-6
4.0986356E-6
4.0982313E-6
4.097911E-6
4.0976756E-6
4.0975247E-6
4.0974587E-6
4.0974774E-6
4.097581E-6
4.0977693E-6
4.0980426E-6
4.0984005E-6
4.098842E-6
4.0993673E-6
4.0999757E-6
4.100667E-6
4.1014396E-6
4.102293E-6
4.1032263E-6
4.1042385E-6
4.105328E-6
4.106494E-6
4.107735E-6
4.109049E-6
4.110434E-6
4.111889E-6
4.1134117E-6
4.1149997E-6
4.116651E-6
4.1183634E-6
4.120134E-6
4.12196E-6
4.123839E-6
4.1257676E-6
4.1277435E-6
4.1297626E-6
4.1318217E-6
4.1339176E-6
4.1360468E-6
4.1382045E-6
4.1403882E-6
4.1425924E-6
4.144814E-6
4.1470475E-6
4.14929E-6
4.1515354E-6
4.1537796E-6
4.1560174E-6
4.158245E-6
4.160456E-6
4.162645E-6
4.1648077E-6
4.1669387E-6
4.1690314E-6
4.171081E-6
4.1730814E-6
4.1750272E-6
4.176912E-6
4.1787303E-6
4.180475E-6
4.1821418E-6
4.1837225E-6
4.185212E-6
4.186604E-6
4.1878916E-6
4.1890685E-6
4.1901285E-6
4.1910653E-6
4.1918715E-6
4.192541E-6
4.1930675E-6
4.193444E-6
4.193664E-6
4.193721E-6
4.1936087E-6
4.19332E-6
4.1928483E-6
4.1921876E-6
4.191331E-6
4.1902717E-6
4.1890034E-6
4.1875205E-6
4.1858157E-6
4.183883E-6
4.181716E-6
4.1793087E-6
4.176655E-6
4.1737485E-6
4.1705835E-6
4.167154E-6
4.163455E-6
4.15948E-6
4.155223E-6
4.1506796E-6
4.1458434E-6
4.14071E-6
4.1352737E-6
4.1295298E-6
4.123473E-6
4.1170993E-6
4.110403E-6
4.103381E-6
4.0960276E-6
4.088339E-6
4.080312E-6
4.071942E-6
4.0632253E-6
4.0541586E-6
4.0447385E-6
4.0349614E-6
4.024825E-6
4.014326E-6
4.0034615E-6
3.9922297E-6
3.9806278E-6
3.968654E-6
3.956306E-6
3.9435827E-6
3.930482E-6
3.917003E-6
3.9031447E-6
3.888906E-6
3.8742864E-6
3.8592852E-6
3.843903E-6
3.8281387E-6
3.8119933E-6
3.7954671E-6
3.7785608E-6
3.7612751E-6
3.7436116E-6
3.7255713E-6
3.7071563E-6
3.688368E-6
3.6692088E-6
3.6496813E-6
3.6297877E-6
3.6095314E-6
3.5889152E-6
3.5679425E-6
3.5466173E-6
3.5249434E-6
3.502925E-6
3.4805666E-6
3.4578732E-6
3.4348493E-6
3.4115008E-6
3.3878332E-6
3.3638523E-6
3.3395643E-6
3.3149759E-6
3.2900934E-6
3.2649248E-6
3.2394767E-6
3.213757E-6
3.1877742E-6
3.161536E-6
3.1350517E-6
3.1083298E-6
3.08138E-6
3.0542121E-6
3.0268357E-6
2.9992616E-6
2.9715004E-6
2.9435632E-6
2.9154617E-6
2.8872073E-6
2.8588126E-6
2.83029E-6
2.801653E-6
2.7729143E-6
2.7440883E-6
2.7151889E-6
2.686231E-6
2.6572295E-6
2.6282E-6
2.5991587E-6
2.5701215E-6
2.5411055E-6
2.512128E-6
2.4832068E-6
2.4543601E-6
2.4256065E-6
2.3969653E-6
2.368456E-6
2.3400987E-6
2.3119142E-6
2.283923E-6
2.2561471E-6
2.228608E-6
2.2013285E-6
2.1743308E-6
2.1476385E-6
2.121275E-6
2.0952639E-6
2.0696298E-6
2.0443968E-6
2.0195898E-6
1.9952338E-6
1.9713534E-6
1.947974E-6
1.9251204E-6
1.9028176E-6
1.8810907E-6
1.859964E-6
1.8394616E-6
1.8196074E-6
1.8004243E-6
1.781935E-6
1.7641609E-6
1.7471225E-6
1.7308395E-6
1.7153301E-6
1.7006113E-6
1.6866983E-6
1.6736051E-6
1.6613434E-6
1.6499234E-6
1.6393532E-6
1.6296387E-6
1.6207838E-6
1.6127898E-6
1.605656E-6
1.5993793E-6
1.593954E-6
1.5893723E-6
1.585624E-6
1.5826964E-6
1.5805749E-6
1.5792424E-6
1.5786801E-6
1.5788668E-6
1.5797799E-6
1.581395E-6
1.5836861E-6
1.5866259E-6
1.5901857E-6
1.594336E-6
1.5990462E-6
1.6042852E-6
1.610021E-6
1.6162211E-6
1.6228532E-6
1.6298845E-6
1.6372821E-6
1.6450133E-6
1.6530454E-6
1.6613463E-6
1.669884E-6
1.678627E-6
1.6875445E-6
1.6966059E-6
1.7057816E-6
1.7150426E-6
1.7243603E-6
1.7337074E-6
1.743057E-6
1.7523829E-6
1.7616601E-6
1.7708641E-6
1.7799712E-6
1.7889588E-6
1.797805E-6
1.8064886E-6
1.8149894E-6
1.8232881E-6
1.831366E-6
1.8392053E-6
1.846789E-6
1.8541008E-6
1.8611253E-6
1.8678479E-6
1.8742546E-6
1.8803323E-6
1.8860686E-6
1.8914518E-6
1.8964707E-6
1.9011153E-6
1.9053757E-6
1.9092433E-6
1.9127096E-6
1.9157674E-6
1.9184095E-6
1.9206295E-6
1.9224221E-6
1.9237825E-6
1.9247059E-6
1.9251886E-6
1.925228E-6
1.924821E-6
1.9239662E-6
1.9226622E-6
1.9209083E-6
1.9187046E-6
1.9160514E-6
1.9129502E-6
1.9094025E-6
1.9054108E-6
1.9009781E-6
1.8961078E-6
1.8908044E-6
1.8850723E-6
1.8789171E-6
1.8723449E-6
1.865362E-6
1.857976E-6
1.8501947E-6
1.8420264E-6
1.8334804E-6
1.8245664E-6
1.8152948E-6
1.8056768E-6
1.7957241E-6
1.785449E-6
1.7748646E-6
1.7639846E-6
1.7528237E-6
1.7413968E-6
1.7297199E-6
1.7178094E-6
1.7056826E-6
1.6933576E-6
1.6808531E-6
1.6681885E-6
1.655384E-6
1.6424606E-6
1.6294398E-6
1.6163441E-6
1.6031966E-6
1.5900209E-6
1.5768419E-6
1.5636845E-6
1.5505748E-6
1.537539E-6
1.5246045E-6
1.5117989E-6
1.4991504E-6
1.4866874E-6
1.4744393E-6
1.4624353E-6
1.4507051E-6
1.4392785E-6
1.4281856E-6
1.4174557E-6
1.4071189E-6
1.3972044E-6
1.3877412E-6
1.3787577E-6
1.3702813E-6
1.3623389E-6
1.3549562E-6
1.3481576E-6
1.341966E-6
1.3364031E-6
1.3314885E-6
1.32724E-6
1.3236736E-6
1.3208027E-6
1.3186389E-6
1.3171909E-6
1.3164656E-6
1.3164668E-6
1.3171957E-6
1.3186515E-6
1.3208303E-6
1.3237258E-6
1.3273293E-6
1.3316298E-6
1.3366138E-6
1.3422656E-6
1.3485676E-6
1.3555002E-6
1.3630422E-6
1.3711706E-6
1.3798609E-6
1.3890877E-6
1.3988242E-6
1.4090429E-6
1.4197151E-6
1.430812E-6
1.4423039E-6
1.4541611E-6
1.4663534E-6
1.4788507E-6
1.4916228E-6
1.5046398E-6
1.5178717E-6
1.5312891E-6
1.5448625E-6
1.5585633E-6
1.5723632E-6
1.5862344E-6
1.6001495E-6
1.6140818E-6
1.6280055E-6
1.6418949E-6
1.6557252E-6
1.6694726E-6
1.6831133E-6
1.6966246E-6
1.7099848E-6
1.723172E-6
1.7361659E-6
1.7489465E-6
1.7614942E-6
1.7737907E-6
1.785818E-6
1.7975586E-6
1.8089962E-6
1.8201147E-6
1.8308989E-6
1.841334E-6
1.8514063E-6
1.8611022E-6
1.8704089E-6
1.8793146E-6
1.8878077E-6
1.8958771E-6
1.9035127E-6
1.910705E-6
1.9174443E-6
1.9237227E-6
1.929532E-6
1.9348647E-6
1.9397144E-6
1.9440747E-6
1.9479398E-6
1.951305E-6
1.9541653E-6
1.956517E-6
1.9583565E-6
1.9596812E-6
1.9604886E-6
1.9607771E-6
1.9605452E-6
1.9597924E-6
1.9585186E-6
1.9567242E-6
1.9544102E-6
1.951578E-6
1.94823E-6
1.9443683E-6
1.9399965E-6
1.9351182E-6
1.929738E-6
1.9238603E-6
1.9174909E-6
1.9106355E-6
1.9033009E-6
1.8954944E-6
1.8872236E-6
1.8784967E-6
1.869323E-6
1.8597118E-6
1.8496735E-6
1.8392188E-6
1.8283592E-6
1.8171069E-6
1.8054744E-6
1.7934753E-6
1.781124E-6
1.7684348E-6
1.7554236E-6
1.7421063E-6
1.7285003E-6
1.714623E-6
1.7004928E-6
1.6861293E-6
1.6715524E-6
1.656783E-6
1.6418426E-6
1.6267538E-6
1.61154E-6
1.5962255E-6
1.5808353E-6
1.5653952E-6
1.5499323E-6
1.5344742E-6
1.5190494E-6
1.5036875E-6
1.4884187E-6
1.4732741E-6
1.4582857E-6
1.4434863E-6
1.4289093E-6
1.4145886E-6
1.4005592E-6
1.386856E-6
1.3735148E-6
1.3605716E-6
1.3480624E-6
1.3360233E-6
1.3244903E-6
1.3134994E-6
1.3030857E-6
1.2932836E-6
1.2841269E-6
1.2756483E-6
1.2678786E-6
1.2608475E-6
1.2545826E-6
1.2491096E-6
1.2444515E-6
1.2406293E-6
1.2376609E-6
1.2355613E-6
1.2343427E-6
1.2340137E-6
1.23458E-6
1.2360442E-6
1.2384049E-6
1.2416582E-6
1.2457964E-6
1.2508091E-6
1.2566828E-6
1.2634014E-6
1.2709459E-6
1.2792949E-6
1.2884253E-6
1.2983118E-6
1.3089272E-6
1.3202432E-6
1.3322301E-6
1.3448574E-6
1.3580938E-6
1.3719072E-6
1.3862656E-6
1.4011364E-6
1.4164874E-6
1.4322862E-6
1.448501E-6
1.4651002E-6
1.4820528E-6
1.499328E-6
1.5168963E-6
1.5347285E-6
1.5527962E-6
1.571072E-6
1.589529E-6
1.6081415E-6
1.6268845E-6
1.6457338E-6
1.6646665E-6
1.68366E-6
1.7026931E-6
1.721745E-6
1.7407962E-6
1.7598277E-6
1.7788216E-6
1.7977607E-6
1.8166286E-6
1.8354095E-6
1.854089E-6
1.8726527E-6
1.8910872E-6
1.90938E-6
1.9275192E-6
1.9454933E-6
1.963292E-6
1.9809052E-6
1.9983233E-6
2.015538E-6
2.0325408E-6
2.0493244E-6
2.0658815E-6
2.0822056E-6
2.0982911E-6
2.1141323E-6
2.1297244E-6
2.1450628E-6
2.1601436E-6
2.1749634E-6
2.1895187E-6
2.2038073E-6
2.217827E-6
2.2315755E-6
2.2450517E-6
2.2582547E-6
2.2711833E-6
2.2838378E-6
2.296218E-6
2.3083244E-6
2.3201574E-6
2.3317182E-6
2.343008E-6
2.3540285E-6
2.3647817E-6
2.3752698E-6
2.385495E-6
2.3954601E-6
2.4051683E-6
2.414622E-6
2.4238254E-6
2.4327817E-6
2.4414946E-6
2.4499684E-6
2.4582068E-6
2.4662145E-6
2.4739957E-6
2.4815552E-6
2.4888975E-6
2.496028E-6
2.502951E-6
2.5096722E-6
2.5161964E-6
2.522529E-6
2.5286756E-6
2.5346415E-6
2.540432E-6
2.5460527E-6
2.5515094E-6
2.5568077E-6
2.561953E-6
2.5669508E-6
2.5718073E-6
2.5765275E-6
2.5811178E-6
2.5855832E-6
2.5899296E-6
2.5941622E-6
2.598287E-6
2.6023092E-6
2.6062341E-6
2.6100672E-6
2.6138136E-6
2.617479E-6
2.6210678E-6
2.6245852E-6
2.6280366E-6
2.6314265E-6
2.6347595E-6
2.6380405E-6
2.641274E-6
2.6444643E-6
2.647616E-6
2.6507325E-6
2.6538187E-6
2.6568782E-6
2.6599148E-6
2.662932E-6
2.6659338E-6
2.6689233E-6
2.6719038E-6
2.6748785E-6
2.6778505E-6
2.6808227E-6
2.6837977E-6
2.6867783E-6
2.6897671E-6
2.6927662E-6
2.695778E-6
2.6988046E-6
2.7018482E-6
2.7049102E-6
2.7079927E-6
2.7110975E-6
2.7142257E-6
2.717379E-6
2.7205583E-6
2.723765E-6
2.7270003E-6
2.730265E-6
2.73356E-6
2.7368858E-6
2.7402432E-6
2.7436326E-6
2.7470544E-6
2.750509E-6
2.753997E-6
2.7575177E-6
2.7610718E-6
2.7646588E-6
2.7682786E-6
2.7719311E-6
2.7756157E-6
2.7793321E-6
2.7830797E-6
2.7868577E-6
2.7906656E-6
2.7945023E-6
2.7983672E-6
2.8022587E-6
2.806176E-6
2.810118E-6
2.814083E-6
2.8180698E-6
2.8220768E-6
2.826102E-6
2.830144E-6
2.8342008E-6
2.8382701E-6
2.8423503E-6
2.8464387E-6
2.850533E-6
2.854631E-6
2.8587299E-6
2.8628265E-6
2.8669185E-6
2.8710026E-6
2.8750756E-6
2.8791342E-6
2.8831748E-6
2.8871941E-6
2.8911882E-6
2.8951529E-6
2.8990844E-6
2.9029784E-6
2.9068306E-6
2.9106363E-6
2.9143907E-6
2.9180892E-6
2.9217263E-6
2.9252972E-6
2.9287962E-6
2.9322182E-6
2.9355567E-6
2.9388066E-6
2.9419614E-6
2.9450148E-6
2.9479606E-6
2.9507924E-6
2.953503E-6
2.956086E-6
2.958534E-6
2.9608402E-6
2.9629969E-6
2.9649966E-6
2.9668317E-6
2.9684948E-6
2.9699777E-6
2.9712721E-6
2.9723703E-6
2.9732637E-6
2.9739442E-6
2.974403E-6
2.9746316E-6
2.9746213E-6
2.9743633E-6
2.9738487E-6
2.9730688E-6
2.9720145E-6
2.9706766E-6
2.9690464E-6
2.9671141E-6
2.9648713E-6
2.9623084E-6
2.9594164E-6
2.956186E-6
2.9526084E-6
2.9486741E-6
2.944374E-6
2.9396997E-6
2.9346415E-6
2.929191E-6
2.923339E-6
2.9170772E-6
2.9103967E-6
2.9032892E-6
2.8957465E-6
2.8877603E-6
2.8793224E-6
2.8704253E-6
2.8610611E-6
2.8512225E-6
2.8409024E-6
2.8300938E-6
2.8187899E-6
2.8069844E-6
2.7946712E-6
2.7818444E-6
2.7684985E-6
2.7546284E-6
2.7402293E-6
2.7252968E-6
2.709827E-6
2.6938162E-6
2.6772614E-6
2.66016E-6
2.6425098E-6
2.6243094E-6
2.6055575E-6
2.586254E-6
2.5663985E-6
2.5459924E-6
2.525037E-6
2.5035342E-6
2.4814876E-6
2.4589008E-6
2.4357782E-6
2.4121255E-6
2.3879493E-6
2.363257E-6
2.3380574E-6
2.3123598E-6
2.286176E-6
2.2595173E-6
2.232398E-6
2.2048332E-6
2.1768392E-6
2.1484348E-6
2.1196402E-6
2.0904774E-6
2.0609707E-6
2.0311466E-6
2.001034E-6
1.9706647E-6
1.940073E-6
1.9092959E-6
1.8783743E-6
1.8473523E-6
1.816278E-6
1.7852033E-6
1.7541845E-6
1.7232828E-6
1.6925644E-6
1.6621007E-6
1.6319686E-6
1.6022516E-6
1.5730387E-6
1.5444263E-6
1.5165166E-6
1.4894191E-6
1.4632501E-6
1.4381324E-6
1.4141948E-6
1.3915723E-6
1.3704041E-6
1.3508334E-6
1.3330056E-6
1.3170663E-6
1.3031595E-6
1.291425E-6
1.2819955E-6
1.2749947E-6
1.2705335E-6
1.2687078E-6
1.2695965E-6
1.273259E-6
1.2797342E-6
1.2890396E-6
1.3011719E-6
1.3161069E-6
1.3338016E-6
1.3541954E-6
1.3772128E-6
1.4027654E-6
1.4307548E-6
1.4610748E-6
1.4936138E-6
1.528257E-6
1.5648884E-6
1.6033918E-6
1.6436526E-6
1.6855587E-6
1.7290012E-6
1.7738749E-6
1.820079E-6
1.8675166E-6
1.9160955E-6
1.9657282E-6
2.0163309E-6
2.0678247E-6
2.1201342E-6
2.173188E-6
2.226919E-6
2.2812621E-6
2.336157E-6
2.3915452E-6
2.4473716E-6
2.5035836E-6
2.5601307E-6
2.6169653E-6
2.6740408E-6
2.7313135E-6
2.7887413E-6
2.8462832E-6
2.9039004E-6
2.961555E-6
3.0192111E-6
3.076833E-6
3.134387E-6
3.1918405E-6
3.2491614E-6
3.306319E-6
3.3632832E-6
3.420025E-6
3.4765162E-6
3.5327291E-6
3.5886371E-6
3.644214E-6
3.6994347E-6
3.7542745E-6
3.8087092E-6
3.8627154E-6
3.9162705E-6
3.969352E-6
4.021938E-6
4.074008E-6
4.125541E-6
4.1765175E-6
4.2269176E-6
4.276723E-6
4.3259147E-6
4.374475E-6
4.4223866E-6
4.469633E-6
4.516198E-6
4.5620654E-6
4.60722E-6
4.651648E-6
4.695334E-6
4.7382655E-6
4.7804288E-6
4.8218117E-6
4.8624015E-6
4.902188E-6
4.9411587E-6
4.9793043E-6
5.016615E-6
5.0530807E-6
5.0886933E-6
5.123445E-6
5.1573275E-6
5.190334E-6
5.222458E-6
5.2536943E-6
5.2840364E-6
5.3134804E-6
5.342022E-6
5.3696576E-6
5.3963845E-6
5.4222E-6
5.447103E-6
5.4710913E-6
5.494165E-6
5.516324E-6
5.5375695E-6
5.557902E-6
5.577324E-6
5.5958376E-6
5.6134463E-6
5.6301537E-6
5.645964E-6
5.660882E-6
5.674914E-6
5.6880654E-6
5.7003435E-6
5.711756E-6
5.72231E-6
5.7320153E-6
5.7408806E-6
5.7489156E-6
5.756131E-6
5.762538E-6
5.768148E-6
5.772974E-6
5.7770276E-6
5.780323E-6
5.7828743E-6
5.784696E-6
5.785803E-6
5.7862107E-6
5.785936E-6
5.784995E-6
5.7834054E-6
5.781185E-6
5.778352E-6
5.7749244E-6
5.770922E-6
5.766365E-6
5.7612724E-6
5.755666E-6
5.7495654E-6
5.7429925E-6
5.735969E-6
5.728517E-6
5.7206585E-6
5.7124166E-6
5.7038137E-6
5.6948734E-6
5.6856184E-6
5.676073E-6
5.6662607E-6
5.6562053E-6
5.645931E-6
5.6354615E-6
5.6248214E-6
5.6140343E-6
5.6031245E-6
5.5921164E-6
5.5810333E-6
5.5698993E-6
5.5587384E-6
5.547573E-6
5.5364276E-6
5.525324E-6
5.5142855E-6
5.5033333E-6
5.4924903E-6
5.481777E-6
5.4712145E-6
5.460823E-6
5.450622E-6
5.440631E-6
5.430868E-6
5.4213506E-6
5.412096E-6
5.4031198E-6
5.394438E-6
5.386065E-6
5.378014E-6
5.370298E-6
5.3629287E-6
5.355917E-6
5.349272E-6
5.3430035E-6
5.337118E-6
5.3316235E-6
5.3265244E-6
5.3218255E-6
5.3175304E-6
5.3136414E-6
5.3101594E-6
5.307085E-6
5.304416E-6
5.3021513E-6
5.3002873E-6
5.29882E-6
5.2977434E-6
5.2970518E-6
5.296737E-6
5.296791E-6
5.297204E-6
5.2979663E-6
5.299066E-6
5.30049E-6
5.3022272E-6
5.3042622E-6
5.3065805E-6
5.309167E-6
5.3120057E-6
5.315079E-6
5.31837E-6
5.3218605E-6
5.325532E-6
5.3293656E-6
5.3333415E-6
5.3374392E-6
5.3416397E-6
5.345921E-6
5.3502627E-6
5.3546437E-6
5.3590425E-6
5.3634376E-6
5.3678077E-6
5.37213E-6
5.3763833E-6
5.380546E-6
5.3845965E-6
5.3885124E-6
5.392272E-6
5.395855E-6
5.399239E-6
5.4024026E-6
5.405326E-6
5.407988E-6
5.4103675E-6
5.4124453E-6
5.414201E-6
5.4156158E-6
5.4166703E-6
5.4173456E-6
5.4176235E-6
5.417486E-6
5.4169163E-6
5.415897E-6
5.4144107E-6
5.4124425E-6
5.409977E-6
5.406998E-6
5.4034917E-6
5.3994436E-6
5.394841E-6
5.38967E-6
5.383919E-6
5.3775757E-6
5.370629E-6
5.363068E-6
5.354882E-6
5.3460626E-6
5.3365998E-6
5.3264853E-6
5.3157114E-6
5.3042704E-6
5.2921564E-6
5.2793625E-6
5.2658834E-6
5.2517144E-6
5.2368505E-6
5.2212886E-6
5.2050245E-6
5.1880565E-6
5.1703823E-6
5.152E-6
5.132909E-6
5.1131087E-6
5.0926E-6
5.071383E-6
5.049459E-6
5.026831E-6
5.0035E-6
4.9794703E-6
4.9547452E-6
4.9293285E-6
4.9032255E-6
4.876441E-6
4.848981E-6
4.8208526E-6
4.7920616E-6
4.7626168E-6
4.732525E-6
4.7017966E-6
4.670439E-6
4.638463E-6
4.6058785E-6
4.572697E-6
4.5389293E-6
4.504587E-6
4.4696844E-6
4.4342332E-6
4.3982477E-6
4.361742E-6
4.3247314E-6
4.2872307E-6
4.249257E-6
4.210827E-6
4.1719572E-6
4.132666E-6
4.092973E-6
4.0528967E-6
4.0124573E-6
3.9716756E-6
3.9305733E-6
3.8891726E-6
3.847496E-6
3.805568E-6
3.7634127E-6
3.721056E-6
3.6785236E-6
3.6358433E-6
3.593043E-6
3.5501516E-6
3.5071996E-6
3.464218E-6
3.4212387E-6
3.3782953E-6
3.3354224E-6
3.2926553E-6
3.2500309E-6
3.2075875E-6
3.1653647E-6
3.1234028E-6
3.0817441E-6
3.0404326E-6
2.9995128E-6
2.9590315E-6
2.9190364E-6
2.879577E-6
2.8407044E-6
2.8024708E-6
2.7649298E-6
2.7281371E-6
2.6921487E-6
2.6570228E-6
2.6228179E-6
2.5895943E-6
2.5574122E-6
2.5263334E-6
2.4964197E-6
2.4677327E-6
2.4403344E-6
2.414286E-6
2.389648E-6
2.3664793E-6
2.3448379E-6
2.3247787E-6
2.306355E-6
2.2896163E-6
2.274609E-6
2.261375E-6
2.249952E-6
2.2403733E-6
2.232666E-6
2.2268523E-6
2.2229483E-6
2.2209642E-6
2.2209035E-6
2.222764E-6
2.2265372E-6
2.2322083E-6
2.2397567E-6
2.2491565E-6
2.260376E-6
2.2733789E-6
2.2881243E-6
2.3045675E-6
2.3226598E-6
2.3423502E-6
2.363584E-6
2.3863054E-6
2.4104568E-6
2.4359788E-6
2.4628123E-6
2.4908968E-6
2.5201725E-6
2.5505792E-6
2.582058E-6
2.6145499E-6
2.6479977E-6
2.682345E-6
2.7175365E-6
2.7535186E-6
2.7902393E-6
2.8276477E-6
2.865695E-6
2.9043335E-6
2.9435175E-6
2.9832029E-6
3.023347E-6
3.0639092E-6
3.1048496E-6
3.146131E-6
3.1877162E-6
3.229571E-6
3.2716612E-6
3.313955E-6
3.3564215E-6
3.399031E-6
3.4417549E-6
3.484566E-6
3.527438E-6
3.5703454E-6
3.6132644E-6
3.6561719E-6
3.6990452E-6
3.7418629E-6
3.7846044E-6
3.8272497E-6
3.86978E-6
3.9121765E-6
3.9544216E-6
3.9964984E-6
4.03839E-6
4.0800815E-6
4.1215562E-6
4.1628005E-6
4.2038E-6
4.24454E-6
4.2850083E-6
4.325191E-6
4.365077E-6
4.4046533E-6
4.443908E-6
4.4828307E-6
4.52141E-6
4.5596357E-6
4.597497E-6
4.634985E-6
4.6720893E-6
4.708801E-6
4.745111E-6
4.7810104E-6
4.816491E-6
4.851545E-6
4.8861643E-6
4.920341E-6
4.954068E-6
4.9873383E-6
5.0201447E-6
5.052481E-6
5.08434E-6
5.1157162E-6
5.1466036E-6
5.176996E-6
5.2068885E-6
5.2362752E-6
5.2651517E-6
5.2935125E-6
5.321353E-6
5.3486688E-6
5.3754557E-6
5.40171E-6
5.4274274E-6
5.452604E-6
5.477237E-6
5.5013234E-6
5.5248597E-6
5.547843E-6
5.570271E-6
5.592141E-6
5.613451E-6
5.6341987E-6
5.654383E-6
5.6740023E-6
5.6930544E-6
5.711539E-6
5.7294546E-6
5.7468014E-6
5.7635775E-6
5.779784E-6
5.7954194E-6
5.810485E-6
5.8249807E-6
5.838907E-6
5.8522646E-6
5.8650544E-6
5.877278E-6
5.8889364E-6
5.9000313E-6
5.9105646E-6
5.9205386E-6
5.929955E-6
5.9388162E-6
5.9471254E-6
5.954885E-6
5.962099E-6
5.968769E-6
5.9749E-6
5.9804947E-6
5.985558E-6
5.990093E-6
5.9941044E-6
5.997597E-6
6.0005746E-6
6.0030434E-6
6.005007E-6
6.0064717E-6
6.0074426E-6
6.007925E-6
6.007925E-6
6.007449E-6
6.006502E-6
6.005091E-6
6.0032226E-6
6.000903E-6
5.998139E-6
5.9949375E-6
5.9913054E-6
5.98725E-6
5.9827785E-6
5.9778986E-6
5.9726176E-6
5.966943E-6
5.9608824E-6
5.9544436E-6
5.947635E-6
5.9404647E-6
5.93294E-6
5.925069E-6
5.916861E-6
5.908323E-6
5.8994638E-6
5.890292E-6
5.880815E-6
5.871042E-6
5.860981E-6
5.8506407E-6
5.8400287E-6
5.829154E-6
5.8180244E-6
5.8066485E-6
5.795034E-6
5.78319E-6
5.7711236E-6
5.758843E-6
5.7463567E-6
5.733672E-6
5.7207963E-6
5.7077377E-6
5.6945037E-6
5.6811014E-6
5.6675376E-6
5.65382E-6
5.6399554E-6
5.6259505E-6
5.611811E-6
5.5975443E-6
5.583156E-6
5.568652E-6
5.554038E-6
5.5393202E-6
5.5245027E-6
5.5095916E-6
5.494591E-6
5.479505E-6
5.464339E-6
5.4490965E-6
5.433781E-6
5.4183965E-6
5.402946E-6
5.3874323E-6
5.371858E-6
5.3562253E-6
5.340537E-6
5.3247936E-6
5.3089975E-6
5.29315E-6
5.277251E-6
5.2613022E-6
5.2453033E-6
5.2292544E-6
5.2131545E-6
5.1970037E-6
5.180801E-6
5.1645457E-6
5.148235E-6
5.131868E-6
5.115442E-6
5.0989556E-6
5.0824056E-6
5.065789E-6
5.049103E-6
5.0323442E-6
5.0155086E-6
4.9985924E-6
4.9815917E-6
4.964502E-6
4.9473183E-6
4.9300365E-6
4.9126515E-6
4.895158E-6
4.8775505E-6
4.859824E-6
4.841972E-6
4.823989E-6
4.8058696E-6
4.787607E-6
4.7691947E-6
4.750627E-6
4.731897E-6
4.7129993E-6
4.6939253E-6
4.67467E-6
4.655226E-6
4.6355863E-6
4.6157443E-6
4.595693E-6
4.575426E-6
4.554936E-6
4.5342163E-6
4.51326E-6
4.4920603E-6
4.4706103E-6
4.4489034E-6
4.4269327E-6
4.404692E-6
4.3821747E-6
4.3593736E-6
4.336284E-6
4.3128975E-6
4.2892098E-6
4.265214E-6
4.2409047E-6
4.2162756E-6
4.1913218E-6
4.166037E-6
4.1404164E-6
4.1144554E-6
4.0881478E-6
4.06149E-6
4.0344767E-6
4.007104E-6
3.9793676E-6
3.9512634E-6
3.9227875E-6
3.8939365E-6
3.8647067E-6
3.835096E-6
3.8051003E-6
3.7747175E-6
3.7439452E-6
3.712781E-6
3.681223E-6
3.6492695E-6
3.6169188E-6
3.5841701E-6
3.551022E-6
3.517474E-6
3.4835252E-6
3.449176E-6
3.414426E-6
3.3792753E-6
3.343725E-6
3.3077754E-6
3.2714277E-6
3.2346834E-6
3.1975437E-6
3.1600107E-6
3.1220864E-6
3.0837732E-6
3.0450735E-6
3.0059907E-6
2.9665273E-6
2.926687E-6
2.8864738E-6
2.8458912E-6
2.8049435E-6
2.7636352E-6
2.7219712E-6
2.6799564E-6
2.637596E-6
2.5948957E-6
2.5518614E-6
2.5084992E-6
2.4648152E-6
2.4208168E-6
2.3765106E-6
2.331904E-6
2.2870045E-6
2.24182E-6
2.1963594E-6
2.150631E-6
2.1046437E-6
2.0584073E-6
2.0119312E-6
1.965226E-6
1.9183024E-6
1.8711714E-6
1.8238452E-6
1.7763359E-6
1.7286568E-6
1.6808215E-6
1.6328448E-6
1.5847421E-6
1.5365301E-6
1.4882264E-6
1.4398503E-6
1.3914224E-6
1.3429652E-6
1.2945032E-6
1.2460639E-6
1.1976772E-6
1.1493769E-6
1.101201E-6
1.0531926E-6
1.0054014E-6
9.578849E-7
9.1071007E-7
8.63956E-7
8.177172E-7
7.721069E-7
7.2726283E-7
6.8335356E-7
6.40587E-7
5.9922144E-7
5.5957815E-7
5.2205723E-7
4.871531E-7
4.5546727E-7
4.2771023E-7
4.0468038E-7
3.8720546E-7
3.7603806E-7
3.717187E-7
3.7445074E-7
3.840457E-7
3.9996846E-7
4.2145825E-7
4.4766819E-7
4.777749E-7
5.1104234E-7
5.4684574E-7
5.8467106E-7
6.241026E-7
6.6480663E-7
7.065156E-7
7.490143E-7
7.9212884E-7
8.3571746E-7
8.7966373E-7
9.2387126E-7
9.682592E-7
1.0127595E-6
1.0573142E-6
1.1018731E-6
1.1463928E-6
1.1908355E-6
1.2351678E-6
1.2793597E-6
1.3233846E-6
1.3672185E-6
1.4108393E-6
1.4542272E-6
1.4973639E-6
1.5402322E-6
1.5828167E-6
1.6251024E-6
1.6670759E-6
1.7087242E-6
1.7500352E-6
1.7909975E-6
1.8316002E-6
1.8718333E-6
1.9116867E-6
1.9511515E-6
1.9902186E-6
2.0288799E-6
2.067127E-6
2.1049527E-6
2.1423493E-6
2.1793098E-6
2.2158279E-6
2.251897E-6
2.287511E-6
2.3226644E-6
2.3573511E-6
2.3915666E-6
2.4253052E-6
2.4585624E-6
2.491334E-6
2.5236154E-6
2.5554027E-6
2.586692E-6
2.61748E-6
2.647763E-6
2.6775385E-6
2.706803E-6
2.735554E-6
2.7637893E-6
2.7915064E-6
2.8187035E-6
2.8453787E-6
2.8715303E-6
2.897157E-6
2.9222574E-6
2.946831E-6
2.9708765E-6
2.9943935E-6
3.0173817E-6
3.039841E-6
3.061771E-6
3.083172E-6
3.1040445E-6
3.1243892E-6
3.1442064E-6
3.1634972E-6
3.182263E-6
3.2005048E-6
3.2182238E-6
3.2354221E-6
3.2521014E-6
3.2682633E-6
3.28391E-6
3.2990442E-6
3.3136678E-6
3.3277838E-6
3.3413946E-6
3.3545034E-6
3.3671129E-6
3.3792264E-6
3.3908473E-6
3.401979E-6
3.4126251E-6
3.4227892E-6
3.432475E-6
3.4416869E-6
3.4504283E-6
3.458704E-6
3.466518E-6
3.4738744E-6
3.4807779E-6
3.4872332E-6
3.4932448E-6
3.4988175E-6
3.5039561E-6
3.5086655E-6
3.5129506E-6
3.5168164E-6
3.5202681E-6
3.5233109E-6
3.5259498E-6
3.5281903E-6
3.5300372E-6
3.5314965E-6
3.5325731E-6
3.5332728E-6
3.5336004E-6
3.533562E-6
3.5331625E-6
3.5324076E-6
3.5313026E-6
3.5298533E-6
3.5280648E-6
3.5259427E-6
3.5234923E-6
3.520719E-6
3.5176283E-6
3.5142257E-6
3.510516E-6
3.506505E-6
3.5021978E-6
3.4975992E-6
3.492715E-6
3.4875497E-6
3.4821085E-6
3.4763966E-6
3.4704185E-6
3.4641794E-6
3.4576838E-6
3.4509364E-6
3.443942E-6
3.436705E-6
3.4292298E-6
3.421521E-6
3.4135824E-6
3.4054185E-6
3.3970334E-6
3.388431E-6
3.3796152E-6
3.37059E-6
3.361359E-6
3.3519257E-6
3.3422937E-6
3.3324663E-6
3.3224471E-6
3.3122392E-6
3.3018457E-6
3.2912699E-6
3.2805142E-6
3.2695818E-6
3.2584755E-6
3.2471978E-6
3.2357516E-6
3.224139E-6
3.2123628E-6
3.200425E-6
3.188328E-6
3.176074E-6
3.1636653E-6
3.1511036E-6
3.1383913E-6
3.12553E-6
3.1125217E-6
3.099368E-6
3.0860713E-6
3.072633E-6
3.0590547E-6
3.0453382E-6
3.0314852E-6
3.0174974E-6
3.0033764E-6
2.9891237E-6
2.9747412E-6
2.9602304E-6
2.9455932E-6
2.930831E-6
2.9159457E-6
2.900939E-6
2.8858128E-6
2.8705688E-6
2.855209E-6
2.8397355E-6
2.8241502E-6
2.8084555E-6
2.7926533E-6
2.7767462E-6
2.7607366E-6
2.744627E-6
2.72842E-6
2.7121187E-6
2.6957257E-6
2.6792443E-6
2.6626778E-6
2.6460295E-6
2.6293033E-6
2.6125024E-6
2.595631E-6
2.5786937E-6
2.5616941E-6
2.5446375E-6
2.5275283E-6
2.5103716E-6
2.4931726E-6
2.4759368E-6
2.45867E-6
2.4413782E-6
2.4240678E-6
2.4067454E-6
2.3894174E-6
2.3720913E-6
2.3547746E-6
2.3374746E-6
2.3201997E-6
2.302958E-6
2.285758E-6
2.2686088E-6
2.2515196E-6
2.2345002E-6
2.2175604E-6
2.2007102E-6
2.1839603E-6
2.1673216E-6
2.1508051E-6
2.1344226E-6
2.1181859E-6
2.102107E-6
2.086198E-6
2.070472E-6
2.0549421E-6
2.0396212E-6
2.024523E-6
2.0096613E-6
1.99505E-6
1.9807032E-6
1.9666354E-6
1.9528609E-6
1.9393945E-6
1.9262507E-6
1.9134443E-6
1.9009904E-6
1.8889033E-6
1.8771981E-6
1.8658892E-6
1.8549913E-6
1.8445185E-6
1.8344849E-6
1.8249043E-6
1.8157903E-6
1.8071556E-6
1.7990131E-6
1.791375E-6
1.7842525E-6
1.7776568E-6
1.7715981E-6
1.7660861E-6
1.7611297E-6
1.7567368E-6
1.7529146E-6
1.7496695E-6
1.747007E-6
1.7449314E-6
1.7434463E-6
1.7425543E-6
1.7422568E-6
0.0
0.0
0.0
0.0
0.0
0.0
0.0
0.0
0.0
0.0
0.0
0.0
0.0
0.0
0.0
0.0
0.0
0.0
0.0
0.0
0.0
0.0
0.0
0.0
0.0
0.0
0.0
0.0
0.0
0.0
0.0
0.0
0.0
0.0
0.0
0.0
0.0
0.0
0.0
0.0
0.0
0.0
0.0
0.0
0.0
0.0
0.0
0.0
0.0
0.0
0.0
0.0
0.0
0.0
0.0
0.0
0.0
0.0
0.0
0.0
0.0
0.0
0.0
0.0
0.0
0.0
0.0
0.0
0.0
0.0
0.0
0.0
0.0
0.0
0.0
0.0
0.0
0.0
0.0
0.0
0.0
0.0
0.0
0.0
0.0
0.0
0.0
0.0
0.0
0.0
0.0
0.0
0.0
0.0
0.0
0.0
0.0
0.0
0.0
0.0
0.0
0.0
0.0
0.0
0.0
0.0
0.0
0.0
0.0
0.0
0.0
0.0
0.0
0.0
0.0
0.0
0.0
0.0
0.0
0.0
0.0
0.0
0.0
0.0
0.0
0.0
0.0
0.0
0.0
0.0
0.0
0.0
0.0
0.0
0.0
0.0
0.0
0.0
0.0
0.0
0.0
0.0
0.0
0.0
0.0
0.0
0.0
0.0
0.0
0.0
0.0
0.0
0.0
0.0
0.0
0.0
0.0
0.0
0.0
0.0
0.0
0.0
0.0
0.0
0.0
0.0
0.0
0.0
0.0
0.0
0.0
0.0
0.0
0.0
0.0
0.0
0.0
0.0
0.0
0.0
0.0
0.0
0.0
0.0
0.0
0.0
0.0
0.0
0.0
0.0
0.0
0.0
0.0
0.0
0.0
0.0
0.0
0.0
0.0
0.0
0.0
0.0
0.0
0.0
0.0
0.0
0.0
0.0
0.0
0.0
0.0
0.0
0.0
0.0
0.0
0.0
0.0
0.0
0.0
0.0
0.0
0.0
0.0
0.0
0.0
0.0
0.0
0.0
0.0
0.0
0.0
0.0
0.0
0.0
0.0
0.0
0.0
0.0
0.0
0.0
0.0
0.0
0.0
0.0
0.0
0.0
0.0
0.0
0.0
0.0
0.0
0.0
0.0
0.0
0.0
0.0
0.0
0.0
0.0
0.0
0.0
0.0
0.0
0.0
0.0
0.0
0.0
0.0
0.0
0.0
0.0
0.0
0.0
0.0
0.0
0.0
0.0
0.0
0.0
0.0
0.0
0.0
0.0
0.0
0.0
0.0
0.0
0.0
0.0
0.0
0.0
0.0
0.0
0.0
0.0
0.0
0.0
0.0
0.0
0.0
0.0
0.0
0.0
0.0
0.0
0.0
0.0
0.0
0.0
0.0
0.0
0.0
0.0
0.0
0.0
0.0
0.0
0.0
0.0
0.0
0.0
0.0
0.0
0.0
0.0
0.0
0.0
0.0
0.0
0.0
0.0
0.0
0.0
0.0
0.0
0.0
0.0
0.0
0.0
0.0
0.0
0.0
0.0
0.0
0.0
0.0
0.0
0.0
0.0
0.0
0.0
0.0
0.0
0.0
0.0
0.0
0.0
0.0
0.0
0.0
0.0
0.0
0.0
0.0
0.0
0.0
0.0
0.0
0.0
0.0
0.0
0.0
0.0
0.0
0.0
0.0
0.0
0.0
0.0
0.0
0.0
0.0
0.0
0.0
0.0
0.0
0.0
0.0
0.0
0.0
0.0
0.0
0.0
0.0
0.0
0.0
0.0
0.0
0.0
0.0
0.0
0.0
0.0
0.0
0.0
0.0
0.0
0.0
0.0
0.0
0.0
0.0
0.0
0.0
0.0
0.0
0.0
0.0
0.0
0.0
0.0
0.0
0.0
0.0
0.0
0.0
0.0
0.0
0.0
0.0
0.0
0.0
0.0
0.0
0.0
0.0
0.0
0.0
0.0
0.0
0.0
0.0
0.0
0.0
0.0
0.0
0.0
0.0
0.0
0.0
0.0
0.0
0.0
0.0
0.0
0.0
0.0
0.0
0.0
0.0
0.0
0.0
0.0
0.0
0.0
0.0
0.0
0.0
0.0
0.0
0.0
0.0
0.0
0.0
0.0
0.0
0.0
0.0
0.0
0.0
0.0
0.0
0.0
0.0
0.0
0.0
0.0
0.0
0.0
0.0
0.0
0.0
0.0
0.0
0.0
0.0
0.0
0.0
0.0
0.0
0.0
0.0
0.0
0.0
0.0
0.0
0.0
0.0
0.0
0.0
0.0
0.0
0.0
0.0
0.0
0.0
0.0
0.0
0.0
0.0
0.0
0.0
0.0
0.0
0.0
0.0
0.0
0.0
0.0
0.0
0.0
0.0
0.0
0.0
0.0
0.0
0.0
0.0
0.0
0.0
0.0
0.0
0.0
0.0
0.0
0.0
0.0
0.0
0.0
0.0
0.0
0.0
0.0
0.0
0.0
0.0
0.0
0.0
0.0
0.0
0.0
0.0
0.0
0.0
0.0
0.0
0.0
0.0
0.0
0.0
0.0
0.0
0.0
0.0
0.0
0.0
0.0
0.0
0.0
0.0
0.0
0.0
0.0
0.0
0.0
0.0
0.0
0.0
0.0
0.0
0.0
0.0
0.0
0.0
0.0
0.0
0.0
0.0
0.0
0.0
0.0
0.0
0.0
0.0
0.0
0.0
0.0
0.0
0.0
0.0
0.0
0.0
0.0
0.0
0.0
0.0
0.0
0.0
0.0
0.0
0.0
0.0
0.0
0.0
0.0
0.0
0.0
0.0
0.0
0.0
0.0
0.0
0.0
0.0
0.0
0.0
0.0
0.0
0.0
0.0
0.0
0.0
0.0
0.0
0.0
0.0
0.0
0.0
0.0
0.0
0.0
0.0
0.0
0.0
0.0
0.0
0.0
0.0
0.0
0.0
0.0
0.0
0.0
0.0
0.0
0.0
0.0
0.0
0.0
0.0
0.0
0.0
0.0
0.0
0.0
0.0
0.0
0.0
0.0
0.0
0.0
0.0
0.0
0.0
0.0
0.0
0.0
0.0
0.0
0.0
0.0
0.0
0.0
0.0
0.0
0.0
0.0
0.0
0.0
0.0
0.0
0.0
0.0
0.0
0.0
0.0
0.0
0.0
0.0
0.0
0.0
0.0
0.0
0.0
0.0
0.0
0.0
0.0
0.0
0.0
0.0
0.0
0.0
0.0
0.0
0.0
0.0
0.0
0.0
0.0
0.0
0.0
0.0
0.0
0.0
0.0
0.0
0.0
0.0
0.0
0.0
0.0
0.0
0.0
0.0
0.0
0.0
0.0
0.0
0.0
0.0
0.0
0.0
0.0
0.0
0.0
0.0
0.0
0.0
0.0
0.0
0.0
0.0
0.0
0.0
0.0
0.0
0.0
0.0
0.0
0.0
0.0
0.0
0.0
0.0
0.0
0.0
0.0
0.0
0.0
0.0
0.0
0.0
0.0
0.0
0.0
0.0
0.0
0.0
0.0
0.0
0.0
0.0
0.0
0.0
0.0
0.0
0.0
0.0
0.0
0.0
0.0
0.0
0.0
0.0
0.0
0.0
0.0
0.0
0.0
0.0
0.0
0.0
0.0
0.0
0.0
0.0
0.0
0.0
0.0
0.0
0.0
0.0
0.0
0.0
0.0
0.0
0.0
0.0
0.0
0.0
0.0
0.0
0.0
0.0
0.0
0.0
0.0
0.0
0.0
0.0
0.0
0.0
0.0
0.0
0.0
0.0
0.0
0.0
0.0
0.0
0.0
0.0
0.0
0.0
0.0
0.0
0.0
0.0
0.0
0.0
0.0
0.0
0.0
0.0
0.0
0.0
0.0
0.0
0.0
0.0
0.0
0.0
0.0
0.0
0.0
0.0
0.0
0.0
0.0
0.0
0.0
0.0
0.0
0.0
0.0
0.0
0.0
0.0
0.0
0.0
0.0
0.0
0.0
0.0
0.0
0.0
0.0
0.0
0.0
0.0
0.0
0.0
0.0
0.0
0.0
0.0
0.0
0.0
0.0
0.0
0.0
0.0
0.0
0.0
0.0
0.0
0.0
0.0
0.0
0.0
0.0
0.0
0.0
0.0
0.0
0.0
0.0
0.0
0.0
0.0
0.0
0.0
0.0
0.0
0.0
0.0
0.0
0.0
0.0
0.0
0.0
0.0
0.0
0.0
0.0
0.0
0.0
0.0
0.0
0.0
0.0
0.0
0.0
0.0
0.0
0.0
0.0
0.0
0.0
0.0
0.0
0.0
0.0
0.0
0.0
0.0
0.0
0.0
0.0
0.0
0.0
0.0
0.0
0.0
0.0
0.0
0.0
0.0
0.0
0.0
0.0
0.0
0.0
0.0
0.0
0.0
0.0
0.0
0.0
0.0
0.0
0.0
0.0
0.0
0.0
0.0
0.0
0.0
0.0
0.0
0.0
0.0
0.0
0.0
0.0
0.0
0.0
0.0
0.0
0.0
0.0
0.0
0.0
0.0
0.0
0.0
0.0
0.0
0.0
0.0
0.0
0.0
0.0
0.0
0.0
0.0
0.0
0.0
0.0
0.0
0.0
0.0
0.0
0.0
0.0
0.0
0.0
0.0
0.0
0.0
0.0
0.0
0.0
0.0
0.0
0.0
0.0
0.0
0.0
0.0
0.0
0.0
0.0
0.0
0.0
0.0
0.0
0.0
0.0
0.0
0.0
0.0
0.0
0.0
0.0
0.0
0.0
0.0
0.0
0.0
0.0
0.0
0.0
0.0
0.0
0.0
0.0
0.0
0.0
0.0
0.0
0.0
0.0
0.0
0.0
0.0
0.0
0.0
0.0
0.0
0.0
0.0
0.0
0.0
0.0
0.0
0.0
0.0
0.0
0.0
0.0
0.0
0.0
0.0
0.0
0.0
0.0
0.0
0.0
0.0
0.0
0.0
0.0
0.0
0.0
0.0
0.0
0.0
0.0
0.0
0.0
0.0
0.0
0.0
0.0
0.0
0.0
0.0
0.0
0.0
0.0
0.0
0.0
0.0
0.0
0.0
0.0
0.0
0.0
0.0
0.0
0.0
0.0
0.0
0.0
0.0
0.0
0.0
0.0
0.0
0.0
0.0
0.0
0.0
0.0
0.0
0.0
0.0
0.0
0.0
0.0
0.0
0.0
0.0
0.0
0.0
0.0
0.0
0.0
0.0
0.0
0.0
0.0
0.0
0.0
0.0
0.0
0.0
0.0
0.0
0.0
0.0
0.0
0.0
0.0
0.0
0.0
0.0
0.0
0.0
0.0
0.0
0.0
0.0
0.0
0.0
0.0
0.0
0.0
0.0
0.0
0.0
0.0
0.0
0.0
0.0
0.0
0.0
0.0
0.0
0.0
0.0
0.0
0.0
0.0
0.0
0.0
0.0
0.0
0.0
0.0
0.0
0.0
0.0
0.0
0.0
0.0
0.0
0.0
0.0
0.0
0.0
0.0
0.0
0.0
0.0
0.0
0.0
0.0
0.0
0.0
0.0
0.0
0.0
0.0
0.0
0.0
0.0
0.0
0.0
0.0
0.0
0.0
0.0
0.0
0.0
0.0
0.0
0.0
0.0
0.0
0.0
0.0
0.0
0.0
0.0
0.0
0.0
0.0
0.0
0.0
0.0
0.0
0.0
0.0
0.0
0.0
0.0
0.0
0.0
0.0
0.0
0.0
0.0
0.0
0.0
0.0
0.0
0.0
0.0
0.0
0.0
0.0
0.0
0.0
0.0
0.0
0.0
0.0
0.0
0.0
0.0
0.0
0.0
0.0
0.0
0.0
0.0
0.0
0.0
0.0
0.0
0.0
0.0
0.0
0.0
0.0
0.0
0.0
0.0
0.0
0.0
0.0
0.0
0.0
0.0
0.0
0.0
0.0
0.0
0.0
0.0
0.0
0.0
0.0
0.0
0.0
0.0
0.0
0.0
0.0
0.0
0.0
0.0
0.0
0.0
0.0
0.0
0.0
0.0
0.0
0.0
0.0
0.0
0.0
0.0
0.0
0.0
0.0
0.0
0.0
0.0
0.0
0.0
0.0
0.0
0.0
0.0
0.0
0.0
0.0
0.0
0.0
0.0
0.0
0.0
0.0
0.0
0.0
0.0
0.0
0.0
0.0
0.0
0.0
0.0
0.0
0.0
0.0
0.0
0.0
0.0
0.0
0.0
0.0
0.0
0.0
0.0
0.0
0.0
0.0
0.0
0.0
0.0
0.0
0.0
0.0
0.0
0.0
0.0
0.0
0.0
0.0
0.0
0.0
0.0
0.0
0.0
0.0
0.0
0.0
0.0
0.0
0.0
0.0
0.0
0.0
0.0
0.0
0.0
0.0
0.0
0.0
0.0
0.0
0.0
0.0
0.0
0.0
0.0
0.0
0.0
0.0
0.0
0.0
0.0
0.0
0.0
0.0
0.0
0.0
0.0
0.0
0.0
0.0
0.0
0.0
0.0
0.0
0.0
0.0
0.0
0.0
0.0
0.0
0.0
0.0
0.0
0.0
0.0
0.0
0.0
0.0
0.0
0.0
0.0
0.0
0.0
0.0
0.0
0.0
0.0
0.0
0.0
0.0
0.0
0.0
0.0
0.0
0.0
0.0
0.0
0.0
0.0
0.0
0.0
0.0
0.0
0.0
0.0
0.0
0.0
0.0
0.0
0.0
0.0
0.0
0.0
0.0
0.0
0.0
0.0
0.0
0.0
0.0
0.0
0.0
0.0
0.0
0.0
0.0
0.0
0.0
0.0
0.0
0.0
0.0
0.0
0.0
0.0
0.0
0.0
0.0
0.0
0.0
0.0
0.0
0.0
0.0
0.0
0.0
0.0
0.0
0.0
0.0
0.0
0.0
0.0
0.0
0.0
0.0
0.0
0.0
0.0
0.0
0.0
0.0
0.0
0.0
0.0
0.0
0.0
0.0
0.0
0.0
0.0
0.0
0.0
0.0
0.0
0.0
0.0
0.0
0.0
0.0
0.0
0.0
0.0
0.0
0.0
0.0
0.0
0.0
0.0
0.0
0.0
0.0
0.0
0.0
0.0
0.0
0.0
0.0
0.0
0.0
0.0
0.0
0.0
0.0
0.0
0.0
0.0
0.0
0.0
0.0
0.0
0.0
0.0
0.0
0.0
0.0
0.0
0.0
0.0
0.0
0.0
0.0
0.0
0.0
0.0
0.0
0.0
0.0
0.0
0.0
0.0
0.0
0.0
0.0
0.0
0.0
0.0
0.0
0.0
0.0
0.0
0.0
0.0
0.0
0.0
0.0
0.0
0.0
0.0
0.0
0.0
0.0
0.0
0.0
0.0
0.0
0.0
0.0
0.0
0.0
0.0
0.0
0.0
0.0
0.0
0.0
0.0
0.0
0.0
0.0
0.0
0.0
0.0
0.0
0.0
0.0
0.0
0.0
0.0
0.0
0.0
0.0
0.0
0.0
0.0
0.0
0.0
0.0
0.0
0.0
0.0
0.0
0.0
0.0
0.0
0.0
0.0
0.0
0.0
0.0
0.0
0.0
0.0
0.0
0.0
0.0
0.0
0.0
0.0
0.0
0.0
0.0
0.0
0.0
0.0
0.0
0.0
0.0
0.0
0.0
0.0
0.0
0.0
0.0
0.0
0.0
0.0
0.0
0.0
0.0
0.0
0.0
0.0
0.0
0.0
0.0
0.0
0.0
0.0
0.0
0.0
0.0
0.0
0.0
0.0
0.0
0.0
0.0
0.0
0.0
0.0
0.0
0.0
0.0
0.0
0.0
0.0
0.0
0.0
0.0
0.0
0.0
0.0
0.0
0.0
0.0
0.0
0.0
0.0
0.0
0.0
0.0
0.0
0.0
0.0
0.0
0.0
0.0
0.0
0.0
0.0
0.0
0.0
0.0
0.0
0.0
0.0
0.0
0.0
0.0
0.0
0.0
0.0
0.0
0.0
0.0
0.0
0.0
0.0
0.0
0.0
0.0
0.0
0.0
0.0
0.0
0.0
0.0
0.0
0.0
0.0
0.0
0.0
0.0
0.0
0.0
0.0
0.0
0.0
0.0
0.0
0.0
0.0
0.0
0.0
0.0
0.0
0.0
0.0
0.0
0.0
0.0
0.0
0.0
0.0
0.0
0.0
0.0
0.0
0.0
0.0
0.0
0.0
0.0
0.0
0.0
0.0
0.0
0.0
0.0
0.0
0.0
0.0
0.0
0.0
0.0
0.0
0.0
0.0
0.0
0.0
0.0
0.0
0.0
0.0
0.0
0.0
0.0
0.0
0.0
0.0
0.0
0.0
0.0
0.0
0.0
0.0
0.0
0.0
0.0
0.0
0.0
0.0
0.0
0.0
0.0
0.0
0.0
0.0
0.0
0.0
0.0
0.0
0.0
0.0
0.0
0.0
0.0
0.0
0.0
0.0
0.0
0.0
0.0
0.0
0.0
0.0
0.0
0.0
0.0
0.0
0.0
0.0
0.0
0.0
0.0
0.0
0.0
0.0
0.0
0.0
0.0
0.0
0.0
0.0
0.0
0.0
0.0
0.0
0.0
0.0
0.0
0.0
0.0
0.0
0.0
0.0
0.0
0.0
0.0
0.0
0.0
0.0
0.0
0.0
0.0
0.0
0.0
0.0
0.0
0.0
0.0
0.0
0.0
0.0
0.0
0.0
0.0
0.0
0.0
0.0
0.0
0.0
0.0
0.0
0.0
0.0
0.0
0.0
0.0
0.0
0.0
0.0
0.0
0.0
0.0
0.0
0.0
0.0
0.0
0.0
0.0
0.0
0.0
0.0
0.0
0.0
0.0
0.0
0.0
0.0
0.0
0.0
0.0
0.0
0.0
0.0
0.0
0.0
0.0
0.0
0.0
0.0
0.0
0.0
0.0
0.0
0.0
0.0
0.0
0.0
0.0
0.0
2.4583405E-6
0.0
0.0
2.075939E-6
0.0
0.0
0.0
0.0
0.0
0.0
0.0
0.0
-1.1224888E-6
1.0344957E-6
0.0
0.0
0.0
0.0
0.0
0.0
0.0
0.0
0.0
-3.5204212E-7
0.0
2.5864583E-7
0.0
0.0
0.0
0.0
-8.801307E-8
0.0
4.4904837E-8
0.0
-1.6165792E-8
0.0
-1.796202E-9
0.0
