0.002054982
0.30860266
0.8074622
1.2173705
1.915093
1.857011
0.31066138
1.7158206
2.056359
1.4307561
0.54901874
0.7767254
0.9414958
0.5783185
0.43252134
1.7062517
2.4193592
2.2250593
1.7210921
1.4524182
0.7214156
0.18959889
0.7244097
1.2155015
0.94402206
0.22042495
0.56256366
0.90152913
0.93261254
0.8570272
0.31780607
0.39021522
0.4299401
0.67299676
1.3616762
0.87135637
0.6257368
0.43678218
0.29470083
0.3820472
0.7115788
1.5350579
0.8071087
0.08360498
0.6795024
1.1720135
0.5728706
0.4030167
0.25749967
0.24362892
0.31192726
0.33667478
0.21145846
0.32483563
0.5097394
0.6864962
0.9164772
0.83990055
0.74238014
1.139961
0.86933744
0.55515844
0.1640293
0.35346293
0.315097
0.25005272
0.47370318
0.63945895
0.32495165
0.017208278
0.121267155
0.3142275
0.44982114
0.40883023
0.22575544
0.14365682
0.1908426
0.25570524
0.032490686
0.11051856
0.19516087
0.15589805
0.08248452
0.15122403
0.39859566
0.28384507
0.09841383
0.27571735
0.1579406
0.3402179
0.16971317
0.14499289
0.16341323
0.2896949
0.32775587
0.19242097
0.20981853
0.35586262
0.20295167
0.18357338
0.3068222
0.33580127
0.12964207
0.12826055
0.4604755
0.63695616
0.39686713
0.24825698
0.23084235
0.19651179
0.41695163
0.37757277
0.26698574
0.22639641
0.15181987
0.039921403
0.022151982
0.1579787
0.41640925
0.50059444
0.41776067
0.19971827
0.021160103
0.0895626
0.2330801
0.17967993
0.09660052
0.5315238
0.7270675
0.5155506
0.27690732
0.1351395
0.11924449
0.25388184
0.1954542
0.13563395
0.22385578
0.06439919
0.17692643
0.04886137
0.3031771
0.357828
0.17518818
0.10342588
0.12430572
0.044924952
0.23030843
0.4316483
0.32197276
0.20167485
0.046269987
0.3794473
0.48270318
0.31542042
0.2548005
0.3019552
0.25662357
0.13381687
0.13269727
0.08397299
0.017076401
0.16247043
0.31372008
0.35719728
0.34140617
0.38666597
0.21994148
0.05172604
0.11568693
0.101349294
0.08811466
0.08901415
0.24111849
0.3014759
0.28289905
0.19747259
0.1617445
0.15724504
0.1299673
0.113899104
0.09385047
0.076848805
0.07012297
0.039871287
0.26308802
0.2123203
0.0946285
0.2711324
0.24957746
0.056611363
0.22840442
0.2403407
0.13472743
0.19827725
0.29443845
0.16562232
0.12099999
0.07157516
0.17527133
0.08242747
0.079583585
0.1002408
0.18554696
0.15635689
0.082893975
0.15567689
0.14309709
0.21372806
0.199246
0.14145304
0.13628487
0.15115266
0.1976697
0.077541895
0.06305606
0.050631117
0.13045274
0.20173788
0.17427363
0.19025633
0.12734126
0.043464877
0.07202578
0.2523929
0.13890666
0.11889264
0.16844723
0.025442982
0.10091197
0.055785142
0.09058451
0.20033216
0.12825383
0.11125715
0.19624503
0.2463556
0.13583156
0.049925856
0.08124336
0.04879386
0.111427344
0.095879935
0.08064496
0.12786974
0.26131266
0.29258335
0.096966535
0.11365471
0.11516596
0.119388826
0.10543893
0.0960441
0.24640094
0.2734978
0.093916774
0.22689492
0.3737652
0.21279033
0.048388235
0.07372475
0.051812463
0.018071786
0.13670047
0.24840122
0.17811166
0.2430272
0.36571234
0.3229167
0.19286594
0.10161691
0.15384749
0.12513812
0.11931455
0.17947306
0.019300282
0.16362816
0.11015034
0.26562822
0.23588514
0.20893897
0.1013027
0.12055856
0.10631925
0.2248351
0.36933276
0.37106216
0.2218635
0.11457811
0.031144474
0.16962408
0.15040301
0.18843043
0.09211533
0.21068253
0.3090393
0.26607057
0.26554385
0.30650145
0.13810389
0.09769735
0.056552432
0.08692366
0.11669867
0.023235146
0.124101765
0.1566931
0.2727648
0.22892517
0.17019007
0.1579062
0.14014162
0.17067482
0.22028235
0.12633993
0.14886767
0.1852567
0.1721098
0.08043969
0.08634998
0.197267
0.21490273
0.17744131
0.13137785
0.11673045
0.16831669
0.21588446
0.16695617
0.030282514
0.12934022
0.105246484
0.22565906
0.22800072
0.04028042
0.13540903
0.22976121
0.37619177
0.3791581
0.1707548
0.17319915
0.16531207
0.076441504
0.056054693
0.07391108
0.043521803
0.19646625
0.21509719
0.2037207
0.23176637
0.16802053
0.2252837
0.2150184
0.12730622
0.08330469
0.092658974
0.0632746
0.062190264
0.13422239
0.10035021
0.097688995
0.25635946
0.33617085
0.31616372
0.19108327
0.13704129
0.083593816
0.15366605
0.2138132
0.29420412
0.32181486
0.35772386
0.22874677
0.1470031
0.15302153
0.08501715
0.12801191
0.28916624
0.19523339
0.053957436
0.15822731
0.09545645
0.065162495
0.04385933
0.12147546
0.2677203
0.20771238
0.21615365
0.121460214
0.14025907
0.36301133
0.42763928
0.3755285
0.44426742
0.3965685
0.287155
0.16029485
0.11937711
0.15074423
0.12351808
0.26388052
0.35106444
0.30472893
0.21635391
0.41319072
0.344023
0.35630143
0.42476344
0.09245751
0.11336049
0.06353797
0.161028
0.08778365
0.2506172
0.076332256
0.25139776
0.53684616
0.1841457
0.36655524
0.2959155
0.37482914
0.3181165
0.063106276
0.34383494
0.54273427
0.17870282
0.110184655
0.10083006
0.18064803
0.14616077
0.14360654
0.18081814
0.0851505
0.25177518
0.37694797
0.18683247
0.22632997
0.5606838
0.54469025
0.35052204
0.1930035
0.401173
0.3537201
0.07060975
0.13089928
0.18451563
0.3368629
0.2780317
0.14792989
0.22623186
0.057902277
0.059122957
0.30434617
0.3576689
0.32688412
0.12248973
0.14890791
0.40991676
0.425919
0.3537223
0.4631261
0.24124388
0.20220527
0.3564115
0.29235986
0.081205755
0.20946081
0.17163154
0.2159899
0.26052517
0.37774867
0.124023005
0.19786814
0.21078612
0.2599121
0.25525707
0.09299736
0.32244673
0.35082754
0.22446842
0.2271588
0.15060475
0.05432375
0.10802003
0.18077305
0.11641045
0.1720509
0.21219915
0.25729248
0.35171953
0.29574317
0.16829553
0.16325627
0.076879665
0.25904816
0.26234478
0.104877375
0.19489075
0.15714422
0.112692274
0.10733518
0.12154636
0.066969566
0.17778403
0.1698552
0.25965986
0.23482768
0.1027248
0.049731437
0.16051474
0.15856524
0.06599832
0.009698788
0.14847928
0.12667532
0.030432016
0.04978486
0.12210599
0.05862479
0.23127994
0.15561228
0.3145728
0.20586327
0.28713027
0.37000474
0.24075143
0.21685615
0.24925178
0.019542195
0.13177343
0.07163942
0.2364792
0.19416825
0.24935947
0.22741115
0.2691932
0.30114096
0.2403695
0.21950388
0.30284387
0.19781956
0.27239576
0.4030065
0.22804901
0.7526314
0.9794165
0.8939951
0.9442027
0.6507629
0.5631243
0.90579206
1.0676364
1.2211392
1.278518
0.6679307
0.106918275
0.2380319
0.20790367
0.1649149
0.09556567
0.2967983
0.3071112
0.11145277
0.40351737
0.54566765
0.17544469
0.24370335
0.36453664
0.5432494
0.1501573
0.26722026
0.14108121
0.27097687
0.17539863
0.21398696
0.24381442
0.18633986
0.39859268
0.31721386
0.39746457
0.5890539
0.23069564
0.5279924
0.7557451
0.19131403
0.23584118
0.9074344
1.0624508
0.5667071
0.44242048
0.7789645
0.99534976
0.3097479
0.87754184
1.0846484
0.96525073
0.83305156
0.42348576
1.305617
1.4274386
1.1304451
0.7635042
0.58733493
0.40285513
1.3385909
1.6360971
2.0832412
3.07459
3.400676
2.7571075
2.203754
2.1637194
2.0531757
1.9457917
1.7356963
1.8354529
0.9603502
0.6483956
1.7096015
2.6651042
2.194782
0.7490715
0.2539075
1.0180024
1.4462658
0.6758247
0.5164091
0.6482259
0.94181556
0.82290024
0.6787507
0.5895208
0.24295354
1.0843254
1.8943269
1.4385239
0.5877808
1.7782615
2.0666845
2.7545254
2.9427176
3.2686644
1.8916842
1.1326538
1.9567288
1.9638416
2.722171
1.74237
0.77317196
0.71952295
0.58564615
0.30834267
0.6060523
0.47018826
0.33404914
0.61902964
1.1987512
0.66683084
1.2846017
1.7208759
1.2030385
1.3468018
1.5915328
1.3353909
0.7166584
0.5681219
1.2793142
1.002646
0.35944524
0.7025893
1.0426936
1.1168811
0.9154604
0.7979505
0.30136326
0.60226446
0.40100813
0.20835926
0.29099315
0.04413836
0.17637108
0.083825976
0.24197428
0.272272
0.26757124
0.28411946
0.20547971
0.18182026
0.51238436
0.3630624
0.139611
0.21315959
0.23509748
0.30481783
0.015131563
0.3675955
0.31906727
0.36921737
0.5377544
0.33932754
0.11980631
0.14419162
0.30690938
0.4633532
0.31397814
0.17048495
0.51655954
0.26471198
0.24407063
0.3935935
0.3614146
0.2542319
0.22656457
0.34470588
0.16050959
0.23961817
0.17593735
0.33604667
0.345646
0.23174684
0.16803452
0.08660177
0.20594907
0.43618965
0.73793983
0.67620754
0.3295312
0.2636926
0.37460014
0.1703367
0.16321322
0.14378598
0.02467308
0.1630274
0.28411767
0.39265275
0.3416544
0.3808147
0.38223928
0.16212295
0.3030304
0.2676083
0.17691344
0.13214174
0.14848982
0.08332687
0.1006683
0.08095462
0.11616423
0.33630052
0.16068487
0.20514932
0.16668648
0.105604045
0.032076545
0.22927819
0.39896652
0.37252802
0.33757943
0.18761364
0.15298457
0.16133712
0.38245243
0.43511656
0.28052682
0.24401575
0.33281693
0.135402
0.39258406
0.13753445
0.1780066
0.19823278
0.15963438
0.1697825
0.23049606
0.26389322
0.21947423
0.23359984
0.3306435
0.31455326
0.13252696
0.09763397
0.09748327
0.07464431
0.097072646
0.11091164
0.47251838
0.6140937
0.4257481
0.33181676
0.2034049
0.02361286
0.17589347
0.057572823
0.12258686
0.15578046
0.15324724
0.18288891
0.23343176
0.10021386
0.04148591
0.29322872
0.35278076
0.050894808
0.23046722
0.07338121
0.16776058
0.21408872
0.2126927
0.12743297
0.13837141
0.11671341
0.15249425
0.21125469
0.24577168
0.28877595
0.2305042
0.1869767
0.17975365
0.09275828
0.027732583
0.06106668
0.11559084
0.16784276
0.14035575
0.12012705
0.19861954
0.12825151
0.020357247
0.0705004
0.06414692
0.10929256
0.11487682
0.12197991
0.1729585
0.14989099
0.12397417
0.14753509
0.06514635
0.046669535
0.123626016
0.18338872
0.18664634
0.20743372
0.22454722
0.27610373
0.26472172
0.25287968
0.17803675
0.045260184
0.12894279
0.18017755
0.1407746
0.12242667
0.14274617
0.12526038
0.15463565
0.0954817
0.09136743
0.15482219
0.09517396
0.05781169
0.09166897
0.19333155
0.20657893
0.08364328
0.21276882
0.2014725
0.066307165
0.09888094
0.12254296
0.10432063
0.1399876
0.09413896
0.12128017
0.12438401
0.020678602
0.07052516
0.13440976
0.21625075
0.19041172
0.17755073
0.08639931
0.102975346
0.10215672
0.030948328
0.14789912
0.07704577
0.23289546
0.23723501
0.23839164
0.16321504
0.18965137
0.28465033
0.21908544
0.17988959
0.08561057
0.18190074
0.20699564
0.13414147
0.18630666
0.24393381
0.14880244
0.056836657
0.1182481
0.2171786
0.26003712
0.22253151
0.11855924
0.17533539
0.26335987
0.39471772
0.21797368
0.10191822
0.19816993
0.19360542
0.10129892
0.021087399
0.11549455
0.28570554
0.26328325
0.13564114
0.07420388
0.07374373
0.1813536
0.094951145
0.08910649
0.18546502
0.15381414
0.08073781
0.02888415
0.10737986
0.07811627
0.038888436
0.18675582
0.25638464
0.10616928
0.018305138
0.11069821
0.14957477
0.09793852
0.13870339
0.1928061
0.25938854
0.23363785
0.15812692
0.1275089
0.108259
0.17272602
0.1442461
0.18076573
0.29225615
0.17247948
0.020600762
0.037944652
0.12311626
0.09697769
0.09507911
0.12932824
0.15581551
0.16612698
0.18985692
0.07612204
0.12365677
0.1524069
0.12913132
0.09686338
0.20199378
0.18030411
0.14020248
0.18174812
0.277862
0.30851057
0.09815501
0.072470434
0.17069487
0.13674152
0.07516385
0.093980365
0.18675081
0.24995236
0.34504992
0.25266764
0.053425174
0.17600814
0.34285188
0.2257692
0.24674588
0.20532238
0.08865967
0.053373847
0.051442042
0.19242711
0.23913692
0.31731957
0.19940372
0.03795022
0.044535458
0.031769134
0.034967773
0.058687493
0.077518046
0.07244755
0.1398436
0.10534274
0.09333167
0.08012109
0.014049298
0.12924254
0.15595372
0.0807939
0.041603968
0.12962705
0.17171031
0.20366713
0.24484298
0.2370006
0.15939021
0.1336763
0.17873158
0.16064323
0.24059378
0.14041586
0.12546381
0.13293417
0.09110873
0.09492378
0.071981415
0.061452903
0.13191698
0.20166843
0.06789034
0.16452283
0.15267792
0.031393174
0.099527024
0.111453824
0.16571201
0.23467943
0.23061508
0.21279962
0.1869662
0.06814448
0.15009141
0.37361348
0.36280343
0.19452563
0.045992292
0.1137981
0.25756353
0.22777364
0.1423025
0.065427676
0.07075638
0.06863542
0.13980784
0.17378198
0.23153411
0.24010438
0.13281873
0.12834007
0.14270198
0.17157227
0.10742898
0.124347985
0.11325247
0.21682991
0.2096288
0.127186
0.22565629
0.33334768
0.19059862
0.019612623
0.11601542
0.11604405
0.13282433
0.11648322
0.08694486
0.21002424
0.25913268
0.15870245
0.18786281
0.28056565
0.16778886
0.044922363
0.19954437
0.33996734
0.32325947
0.14819476
0.15973955
0.22953996
0.09320424
0.14611854
0.14547229
0.114420205
0.14565194
0.0855881
0.10241578
0.06144576
0.18912235
0.20624119
0.1528867
0.04931668
0.1601863
0.07317279
0.056164514
0.15025227
0.21080534
0.15985508
0.12014939
0.051365573
0.17122225
0.12780961
0.030689921
0.13845219
0.06814364
0.121401176
0.17396003
0.01973877
0.27486828
0.28043616
0.18164638
0.10859757
0.08769103
0.11252943
0.07930586
0.2830973
0.3540456
0.33130157
0.29070467
0.2494054
0.23576392
0.2494499
0.17389572
0.21829797
0.29719058
0.20347916
0.31032538
0.44036347
0.43790922
0.3077751
0.21414094
0.13020353
0.17543328
0.2350783
0.26663825
0.13737096
0.17665192
0.30556977
0.38851935
0.25758767
0.061706617
0.038742173
0.3711058
0.4016701
0.20986491
0.31529954
0.15389846
0.03359142
0.15175185
0.21373753
0.096640594
0.052563995
0.17013071
0.27070406
0.27973366
0.060172934
0.26768577
0.341314
0.21863279
0.024309952
0.061535124
0.13764212
0.20409934
0.17903362
0.3521588
0.28348568
0.22747132
0.22815952
0.30314484
0.28154907
0.29403892
0.19643135
0.07511263
0.05034037
0.07402432
0.07256122
0.14907052
0.13505948
0.26576674
0.1101572
0.17892335
0.090237685
0.07190096
0.10414821
0.13030474
0.15399365
0.25311375
0.46954116
0.35183617
0.10608593
0.38634974
0.29376584
0.07596048
0.10576677
0.12313626
0.034286693
0.13748427
0.19526426
0.13195401
0.07688344
0.09793717
0.17783964
0.17581813
0.23867512
0.41833216
0.4860727
0.21811439
0.04253053
0.18538326
0.16701111
0.33565423
0.38114268
0.3178235
0.16705884
0.16078614
0.12236099
0.20940566
0.2681464
0.3636955
0.3246641
0.096884854
0.090144865
0.29456314
0.29140222
0.01636979
0.2343847
0.18587011
0.016577436
0.023071932
0.06774531
0.128599
0.1822239
0.044310898
0.1345556
0.03872301
0.13763386
0.057311397
0.17816898
0.20405668
0.03447111
0.0802936
0.21104993
0.2029643
0.29365668
0.25568846
0.24396124
0.32608622
0.338891
0.3369337
0.21071213
0.26240906
0.14283885
0.10412497
0.11081389
0.09860366
0.3472791
0.3679693
0.14606944
0.27707237
0.25908953
0.3022668
0.22800046
0.22992028
0.114899695
0.17860039
0.29288483
0.39366043
0.51433665
0.30226645
0.2911575
0.5379032
0.60229665
0.54007
0.38764718
0.16953434
0.360428
0.346089
0.38877153
0.27985135
0.14845775
0.20013583
0.47121996
0.3605088
0.4989654
0.6413393
0.5358414
0.4965185
0.20380092
0.19246021
0.2693262
0.51577413
0.36853382
0.115001984
0.2578299
0.034799416
0.24528487
0.51205957
0.5048729
0.40571114
0.41575223
0.40867573
0.16765407
0.2738063
0.3294236
0.30539358
0.23537117
0.22258754
0.12681445
0.08627409
0.17591551
0.3318088
0.41728523
0.20384088
0.23769881
0.42032906
0.5334555
0.5245793
0.24305433
0.10943561
0.26078218
0.39518154
0.26858318
0.18299545
0.19807996
0.23020807
0.51035094
0.5791616
0.35578012
0.3292058
0.67416805
0.80058837
0.3751153
0.34113264
0.6822364
0.47466016
0.13402806
0.45917758
0.3487437
0.669328
0.7214573
0.4908991
0.41388574
0.33704853
0.23401059
0.24894646
0.14588346
0.1339704
0.17444329
0.010999238
0.24071676
0.44704702
0.42299634
0.55671906
0.735293
0.83944833
0.78144455
0.5709719
0.43088588
0.5199233
0.70126927
0.4098274
0.42021176
0.2793389
0.3953985
0.37043115
0.17003794
0.2591856
0.33309716
0.19352068
0.22809657
0.07076864
0.40999365
0.5583265
0.4693512
0.48741296
0.5721373
0.2777042
0.17231594
0.14385235
0.4156779
0.41811246
0.17277606
0.4159453
0.49782956
0.3084331
0.07871677
0.37196654
0.64618593
0.76150465
0.5510129
0.33374372
0.4655639
0.52286595
0.40185806
0.46108818
0.2928891
0.92861134
1.2943434
0.58810276
0.42361563
0.53371066
0.4602651
0.4735662
0.11965687
0.3392107
0.44457957
0.39745936
0.4801348
0.467258
0.5376454
0.58102906
0.55021393
0.46625358
0.46648636
0.22963186
1.1196676
1.6608275
0.89107317
0.67130023
0.83704096
0.5209331
1.234001
1.2079017
0.2408764
0.63786066
0.26201996
0.49662697
0.45943075
0.5050153
0.6399943
0.7581382
0.8293457
0.8437639
0.9161089
0.6997594
0.67128825
0.94477665
0.5842864
0.45765346
0.9286596
1.1076776
0.7497609
0.33838612
0.7920362
0.8574843
1.0244658
1.1163745
0.9385109
1.2762573
1.4062248
1.2454377
0.6047567
0.23695523
0.5749556
0.95673734
0.65815276
0.27857026
0.53181356
0.8586774
0.81945336
0.955074
0.7391176
0.30291745
0.30128598
0.44090742
0.645903
0.98427564
0.55748874
0.4546924
0.40462318
0.70286417
0.66545194
0.8973303
0.5778362
1.5051407
1.2853287
0.6806543
0.44515345
0.13880046
0.55813825
0.28659037
0.18989225
0.5978328
0.8646801
0.6459221
0.09014187
0.39822367
0.56124663
0.57217026
0.9154991
0.9778707
0.63751894
0.5550389
0.29901388
0.6337336
0.3522155
0.31772602
0.72564626
0.8924148
0.5558173
0.47898677
1.0548059
1.0558065
0.7861678
0.6411686
0.47163463
0.7685102
0.81780016
0.54784864
0.8137714
0.7361736
0.36121616
0.366838
0.45295697
0.34021786
0.63171774
0.50457543
0.10076839
0.25073612
0.54631144
0.48795238
0.4305251
0.25011754
0.11425454
0.11615551
0.44584858
0.46158558
0.20383213
0.28753656
0.44319522
0.5291654
0.37372875
0.406629
0.44715223
0.26320195
0.13506591
0.09369251
0.06847439
0.33473244
0.4441854
0.21114478
0.25931215
0.23240413
0.31252012
0.3845577
0.29334703
0.2622349
0.16141854
0.15611662
0.22301371
0.15381439
0.10218708
0.16519642
0.25439262
0.47628805
0.3159983
0.37766665
0.39750242
0.24678282
0.1402821
0.23253879
0.28432006
0.26425406
0.20509192
0.30379093
0.4314574
0.5126033
0.14200194
0.095726974
0.29983327
0.2772507
0.20951968
0.37452155
0.3480668
0.13809
0.29037163
0.38206106
0.34070942
0.18365282
0.087893985
0.38850576
0.66985494
0.2796491
0.3777659
0.4098118
0.1665348
0.28964671
0.13019401
0.36951032
0.5709539
0.36447558
0.21691947
0.50118023
0.6867312
0.53868943
0.27941048
0.41442835
0.31428355
0.270313
0.4497537
0.5566934
0.37517557
0.20992814
0.30411422
0.35945255
0.3922755
0.25393865
0.18321316
0.2543441
0.24325052
0.20311922
0.33215848
0.43660513
0.27189243
0.34341097
0.24682765
0.1757653
0.15053439
0.19156381
0.34129658
0.24539064
0.1683616
0.16304383
0.121161304
0.09919637
0.16757557
0.21908692
0.3447088
0.29790792
0.075339355
0.20108615
0.18987629
0.15816453
0.16236384
0.19126977
0.17545184
0.119989134
0.09594001
0.15038016
0.23962794
0.16541289
0.2202038
0.32670933
0.30236366
0.18273517
0.1480475
0.16414294
0.14337564
0.15436505
0.100407
0.23753831
0.0903797
0.097954094
0.0036188082
0.12583482
0.1928943
0.12039335
0.19039373
0.26133934
0.09681378
0.1070785
0.16103393
0.18986736
0.14874774
0.25294074
0.36180595
0.1752004
0.13108385
0.28279278
0.31662172
0.13005853
0.2038332
0.28389505
0.16456313
0.13975415
0.1395626
0.111276865
0.09923016
0.2158843
0.25893372
0.18729827
0.15873116
0.24408461
0.19125256
0.12414528
0.12815344
0.25836045
0.26289266
0.2870541
0.40898412
0.28631672
0.050643884
0.19545625
0.35024565
0.29497427
0.13911657
0.18511313
0.117761716
0.2633057
0.07898071
0.074824855
0.14890638
0.28282437
0.23998202
0.12757327
0.05610828
0.14856791
0.2828723
0.34822595
0.27593315
0.09781829
0.03034871
0.044480868
0.09646891
0.19669203
0.23656183
0.1234103
0.055981755
0.13943094
0.14507715
0.18020463
0.21001825
0.24316458
0.22606748
0.1117967
0.026229963
0.08347395
0.09497256
0.086433984
0.16318764
0.040048998
0.2142583
0.17147471
0.025064811
0.12056188
0.24344438
0.26427704
0.24081492
0.25382218
0.21525697
0.12059704
0.1568268
0.19913009
0.23902023
0.18254365
0.19233611
0.05593243
0.17201559
0.13543157
0.037786994
0.02873024
0.06474826
0.027986154
0.1194868
0.14868912
0.133751
0.12312517
0.13290305
0.16322923
0.13037501
0.16776147
0.2789373
0.30692708
0.24114133
0.15037256
0.057466947
0.11258844
0.06573316
0.052540403
0.15374969
0.15880185
0.040115345
0.07646359
0.095169805
0.045235913
0.12937301
0.13806936
0.16468406
0.22797625
0.24155477
0.14599165
0.058792233
0.07424573
0.18685286
0.19913939
0.14383093
0.105490476
0.046602983
0.08040598
0.05584026
0.011384557
0.13769676
0.06990435
0.10176504
0.2016007
0.09726168
0.10565369
0.06732992
0.09291248
0.028557163
0.0903701
0.12621811
0.03218538
0.08872267
0.058963116
0.04542614
0.07032252
0.04774252
0.09996176
0.0811361
0.047129948
0.13769223
0.15446587
0.12366966
0.12360576
0.12956697
0.04671338
0.072763085
0.17813703
0.22364391
0.21868798
0.12416158
0.08031455
0.14165558
0.101576954
0.03710251
0.15738553
0.24308021
0.094039634
0.14957868
0.14195366
0.019130915
0.08037089
0.18545629
0.12867711
0.15786
0.14456862
0.14014445
0.11719616
0.13656922
0.15662739
0.12277241
0.14436279
0.09314864
0.044877823
0.16249144
0.21342345
0.09798355
0.10044786
0.07489957
0.078028984
0.035695065
0.060198873
0.07058884
0.034338888
0.11030185
0.15687871
0.14803648
0.069500804
0.03954505
0.02054485
0.07443969
0.11926668
0.05117761
0.030967046
0.08237539
0.10668011
0.0467212
0.13607664
0.15075034
0.1399535
0.156825
0.0730026
0.040752795
0.039196633
0.07379702
0.060403895
0.050872624
0.10861966
0.11508652
0.060413223
0.10280646
0.058615774
0.080985345
0.15287268
0.12088465
0.06530956
0.09626861
0.07349945
0.06382895
0.08682508
0.035302226
0.06826375
0.041450523
0.0418369
0.06317768
0.019333629
0.037712608
0.13239929
0.1994612
0.17011844
0.14961132
0.12049715
0.10817478
0.12751652
0.09352354
0.04583265
0.08075219
0.036319703
0.07652727
0.06396008
0.10354635
0.08687848
0.034245122
0.027822334
0.066604085
0.08782788
0.049651474
0.052966256
0.06535883
0.027270958
0.022934817
0.012263861
0.030547107
0.058045715
0.06550065
0.06476915
0.07629984
0.039949197
0.07850258
0.12330346
0.105585195
0.06925804
0.012744713
0.042220604
0.06850958
0.08780284
0.04639562
0.013219297
0.036001116
0.054218944
0.05884308
0.036197033
0.02768391
0.06388095
0.034581523
0.031424012
0.04433965
0.029107083
0.021506675
0.012969369
0.05959281
0.05896762
0.05934755
0.0080485055
0.041863583
0.02339454
0.015880222
0.023575647
0.06962992
0.041171104
0.030464282
0.04708139
0.067520335
0.049907275
0.07499665
0.094345935
0.0917042
0.081376314
0.06901328
0.045794062
0.08060236
0.043116614
0.06382577
0.06776127
0.042576022
0.02405989
0.050552785
0.05175692
0.03140322
0.029174645
0.087890774
0.0735349
0.022853961
0.049748946
0.070592254
0.07364861
0.035338428
0.052259397
0.053038422
0.05767492
0.051643148
0.015805352
0.025409333
0.032810625
0.022499124
0.017200788
0.01078692
0.024347376
0.058072027
0.07176517
0.051302705
0.03701168
0.06352185
0.029419059
0.03345156
0.042655695
0.07466467
0.06782229
0.06581122
0.053586993
0.05827925
0.040174898
0.05343536
0.017847683
0.05589386
0.07358528
0.056540936
0.021670692
0.027670134
0.004926521
0.04614147
0.043550424
0.035508197
0.02089142
0.032301184
0.05087192
0.024023205
0.02619923
0.052878845
0.07793322
0.07919646
0.037787143
0.017779898
0.049889598
0.057036567
0.048588373
0.032436393
0.0244155
0.033179753
-0.015259234
-0.021362878
0.009155487
0.02746633
0.012207187
0.0122071
-0.0061035
-0.02441377
-0.006103378
0.015258265
0.021361293
0.024412563
0.0
-0.015257367
-0.006102839
-0.009154086
0.0152565045
0.015256181
-0.003051168
0.006102192
-0.0091530625
-0.0061018835
0.021356015
0.009152318
0.003050683
0.012202359
-0.02135345
-0.012201569
0.0061005764
0.0030501804
0.015250345
0.003049954
-0.009149507
-0.012198854
-0.0030495878
0.0030494586
0.009147977
0.018295135
0.0030490493
-0.009146717
-0.015243792
-0.015243039
0.0030484532
0.012193182
0.009144401
0.0
-0.0213346
-0.024381023
-0.021332163
0.0030472726
0.021329626
0.0091407085
-0.006093425
-0.021325633
-0.027416894
-0.006092241
0.015229581
0.024365664
0.015227482
-0.0030452812
-0.015225312
-0.01826904
0.0060892277
0.024355074
0.018264908
0.009131744
-0.009131023
-0.018260583
-0.0060863663
0.01521466
0.018256065
0.009127258
0.0030421577
-0.027377032
-0.021291366
0.0060827024
0.0060821506
0.015203978
0.006081025
-0.021281581
-0.015199678
0.0
0.0030393444
0.024312349
0.006077478
-0.006076862
-0.012152478
-0.009113412
0.0030374855
-0.0030371633
0.021257862
0.0060730157
-0.0121447
-0.0030358385
-0.015177492
-0.009105464
0.021243654
0.009103371
-0.006068205
-0.0030337449
-0.024267066
-0.01819811
0.0060652997
0.003032278
0.006063805
-0.0030315232
-0.012124563
-0.0030307544
-0.009091094
0.009089914
0.024236597
-0.0060583483
-0.0030287702
-0.0030283628
-0.015139759
0.0060550747
0.0
0.0030266976
0.018157635
-0.0060516875
-0.009076235
0.009074928
-0.00907361
-0.003024094
0.018141886
-0.0060463957
0.009068233
0.0030222875
-0.02115279
-0.0060427263
-0.009062687
0.0030204249
0.012079801
-0.0060389447
-0.0030189909
-0.0120740235
-0.0060360343
0.0
0.0060340595
0.012066122
-0.009048084
-0.003015522
-0.0060300245
-0.021101493
0.0030139827
0.009040387
-0.003012939
0.0
-0.012047525
-0.033124816
0.0
0.0030102683
0.0030097237
0.012036703
-0.009025872
-0.018048413
-0.012030041
-0.0090208445
-0.009019149
0.012023255
0.009015723
-0.012018661
-0.015020428
-0.015017514
-0.0030029162
0.0030023265
-0.006003466
0.0
-0.0060010715
-0.020999525
-0.0059986496
0.0
0.0
0.0029974822
-0.008990583
-0.014981181
-0.014978042
-0.0059899534
-0.0059886836
0.0029937034
0.0029930614
-0.011969664
-0.014958836
-0.002991115
-0.0029904593
0.0029898002
0.0029891375
-0.008965415
-0.005975604
-0.008961387
-0.014932264
-0.002985773
-0.0029850898
-0.011937612
-0.0059674256
-0.0059660384
-0.0059646447
0.002981622
-0.0029809182
-0.008940632
0.0
0.0
0.0
0.0029773477
-0.0029766234
0.0029758955
0.0029751642
0.0059488593
0.0
0.0029729502
0.0
-0.011885829
0.0029707055
0.0029699504
0.005938384
0.014842152
-0.002967665
-0.017801378
0.0
-0.002965349
0.0
0.011855152
-0.01185201
-0.008886641
-0.0059228423
-0.020724379
0.0029598265
0.017754143
0.002958218
0.0029574088
-0.011826385
-0.0059115607
0.0
0.0
0.0059066247
0.0
-0.008854951
-0.005901628
0.005899949
0.0058982633
0.008844857
0.0
-0.00883975
0.0
-0.0058897347
0.0029440045
0.011772553
0.0058845375
0.011765583
-0.0029405195
-0.00587928
-0.0058775144
-0.008813613
0.005873963
0.014680442
-0.0029351923
0.0
-0.008800169
-0.011729935
0.0058631487
0.0058613233
-0.0029297455
-0.0058576525
-0.011711614
-0.005853955
0.011704193
0.011700463
0.00584836
0.0029232407
-0.020456087
-0.014606763
0.0029204036
0.005838902
0.011673982
0.0029175368
-0.0029165747
0.0
-0.0029146406
0.0
0.00873808
0.0058234297
-0.0029107332
0.0029097481
-0.00581752
-0.0058155367
0.008720321
0.005811551
0.008714323
0.0029037697
-0.002902762
-0.011607004
-0.0029007369
0.014498597
-0.0057973973
-0.0028976747
0.014483238
-0.0057912343
0.0028945834
0.005787093
-0.005785013
0.0057829265
0.011561668
0.002889367
0.0028883142
-0.005774516
0.0028861987
0.011540545
0.005768141
0.005766003
0.0028819295
0.0
0.0
0.0057573877
0.002877609
0.008629563
-0.0028754298
-0.0028743353
0.0057464754
-0.005744274
0.011484132
0.008609777
0.0028688156
0.011470809
-0.0028665855
-0.0028654658
0.008593029
0.002863217
0.0028620877
0.0
-0.01143928
0.0114347255
-0.005715079
-0.011425579
0.01713148
-0.005708191
-0.0057058823
-0.0028517838
-0.011402493
-0.0028494596
0.0028482927
0.002847123
0.0113838
0.005689548
0.0
0.0
-0.014206135
-0.008520115
0.0
-0.005675304
0.011345818
0.0028352535
-0.017004298
-0.01133137
-0.008494898
-0.008491258
0.0056584063
0.011311935
-0.005653523
-0.005651072
-0.019770153
-0.01976153
0.0028218413
0.008461811
0.011277452
-0.0056362385
-0.030985596
-0.025340604
-0.011257479
-0.0028131139
0.014059274
-0.005621186
-0.022474622
-0.022464478
-0.02245431
-0.0028055147
0.014021189
-0.0028029578
-0.019611722
-0.028003886
-0.025191896
-0.0055956147
0.016779074
0.008385643
-0.0027939132
-0.011170437
-0.027913023
-0.022319937
0.0027886792
0.013936817
0.0027860445
-0.008354167
-0.025050579
-0.01669242
0.0
0.008338217
0.0055561378
-0.011106917
-0.01665232
-0.011096165
-0.0055453856
0.008314024
0.024929883
0.01107452
-0.008301809
-0.011063626
-0.011058162
0.0027631717
0.024856199
0.008281276
0.0027590476
-0.0055153337
-0.013781417
0.005509794
0.0137675395
0.016512694
0.016504325
-0.010997292
-0.008243767
-0.005493037
-0.013725559
0.013718513
0.010969161
0.0
0.0
-0.010952145
-0.0027366127
0.0054703723
0.0054675136
0.008196973
0.0027308895
-0.01637671
0.0
0.013632836
0.0
0.0081710145
0.0054444387
-0.005441529
0.0027193069
0.008153539
0.00814915
0.008144751
-0.0027134481
-0.0027119764
0.005421004
0.0027090246
0.0054150894
0.008118185
-0.008113729
-0.008109263
-0.0027015966
-0.0027001027
0.005397212
0.005394213
-0.0026956042
-0.010776398
-0.0053851833
-0.0053821625
0.002689568
0.013440261
0.0
0.0
-0.008050463
-0.013409805
0.0134021565
0.008036697
-0.002677364
0.0053516524
-0.010697143
-0.0053454856
0.0053423936
0.0026696483
0.008004291
0.0053330865
-0.01598992
-0.0053268545
0.010647461
0.0026603006
0.013293667
0.010628654
-0.007966773
0.0026540156
0.005304875
0.005301714
0.015895642
0.007943063
-0.007938297
0.0
-0.0052858284
0.0
0.026397187
0.015828703
0.0026365127
0.0052698115
-0.007899889
-0.005263368
0.013150346
0.007885356
0.007880496
0.007875629
-0.007870753
-0.0052439133
0.0
0.0
0.010468232
0.0052308403
-0.0026137796
0.005224273
-0.007831472
-0.005217685
0.013035959
0.0078166155
0.0026038825
0.005204448
-0.0052011264
0.0
0.018180635
0.0077866954
0.002593894
0.010368882
-0.010362178
-0.0051777316
0.010348739
0.010342005
0.010335261
0.005164253
-0.0025804355
-0.005157484
0.002577046
0.0
0.005147293
0.0
-0.010280949
0.005137058
0.0025668181
0.002565105
0.0076901675
-0.0025616712
-0.005119901
0.012791137
0.0102260085
0.0051095486
0.012765219
0.0
-0.005099152
0.0076435157
0.007638296
0.0050887126
0.0050852234
-0.0025408645
-0.0076173446
0.002537363
0.0025356088
0.0101354085
0.015192558
0.0
-0.0025285678
0.0
0.0025250332
0.015139575
0.012607446
0.007559141
0.0050358716
-0.007548467
0.0
0.0050251763
0.010043205
0.012545058
0.007521659
0.0
-0.0050072586
0.0025018305
0.010000118
0.0149893565
0.009985682
0.0024946127
-0.00997121
-0.00249099
0.0024891752
0.0024873582
0.012427695
0.00993487
-0.0049637873
-0.0024800678
0.0049564787
0.0024764088
0.014847457
0.017309189
0.002470904
-0.0024690644
0.0
0.0
0.009854131
0.017231792
0.004919668
0.0024579815
-0.0073683797
-0.004908539
0.009809641
0.01960439
0.017140796
0.012234096
0.0
-0.0048861625
0.002441209
0.012196673
0.017062206
0.017049054
0.009734794
0.0
0.0
-0.002428043
0.004852307
0.019394096
0.012111842
0.0024204727
0.0
0.0
0.0048295455
0.014477212
0.014465774
0.012045271
-0.0024071436
-0.014431387
-0.0048066336
0.0096056005
0.014396888
0.019180486
0.009582552
-0.0047874264
0.0
0.007169572
0.011939632
0.014315961
0.004768117
0.004764243
-0.00952073
-0.0071347244
0.009505194
0.0047487067
0.009489625
0.0047409143
-0.0023685063
-0.009466213
0.0
0.0023626413
0.0023606822
0.011793607
0.004713517
0.0023547937
-0.004705654
-0.007052575
-0.0023488877
0.00469383
0.0023449406
-0.002342964
-0.0046819714
-0.0070170164
-0.0046740463
0.0023350392
0.0023330532
0.0046621305
0.0046581505
-0.006981251
-0.00930036
-0.009292378
0.0
-0.002319098
0.009268387
0.016205657
-0.0069392673
-0.011555413
-0.009236296
-0.009228255
0.0069151544
0.011515187
0.009204086
-0.0022990038
-0.018375875
-0.009179852
0.00229294
0.0137454895
0.018311106
0.006860579
-0.013708976
-0.011413986
-0.0022807634
0.009114911
0.025043592
0.015922558
-0.00454522
-0.0022705672
-0.011342614
0.0
0.020379858
0.013574273
0.004520655
0.0022582742
-0.013537317
-0.0067624883
0.018016836
0.013500267
0.013487896
-0.0022459193
-0.017950833
-0.0067253616
-0.0022397188
0.004475297
0.01341346
0.006700509
-0.004462856
-0.006688053
-0.0066818176
0.0022251923
0.013338663
0.004442054
-0.0066568255
-0.00886742
-0.015503367
-0.0066380305
0.008842341
0.002208492
0.0066191917
-0.0044086017
-0.015415419
-0.011000516
-0.0043960037
0.0021958991
0.006581384
0.0043833777
-0.0021895813
-0.006562417
-0.0021853617
0.0021832495
-0.0043622716
0.0021790206
-0.0021769037
-0.006524356
0.0021726657
-0.0065116324
-0.004336843
-0.0043325936
-0.0064925128
0.008648174
-0.006479744
-0.012946705
-0.0043113045
-0.015074632
-0.004302768
0.0021492478
-0.00644133
0.0021449707
-0.00428566
-0.010703439
-0.004277088
-0.002136399
0.004268505
0.0042642094
0.0021299555
0.0
-0.008502609
-0.0042469976
0.0021213437
0.0021191873
0.0021170296
0.0042297407
-0.0021127097
-0.008442191
0.0
-0.0021062198
-0.004208107
-0.002101886
-0.006299152
-0.0041950946
-0.0041907514
-0.004186406
0.0
0.0041777063
0.0020866764
-0.0041689966
-0.008329275
-0.006240414
0.002077956
0.004151545
0.0
0.0041428036
-0.0020692146
-0.010335131
-0.0041296724
0.0020626453
0.008241812
0.008233037
0.004112129
-0.006161605
-0.004103342
0.0
0.0081890905
0.010225358
0.0020428693
0.0
-0.0061153835
-0.008145021
0.008136193
0.00406368
-0.0020296304
0.0020274199
-0.012151248
-0.006068985
0.0040415614
0.0020185653
0.0060490468
0.0020141313
-0.0020119124
0.0040193847
-0.0020074714
0.002005249
0.008012103
0.0040016025
0.0
-0.0019963488
0.005982363
0.0
0.0019896622
0.009937155
-0.007940795
-0.0059488965
0.003961462
-0.0019784956
0.0059287776
0.009870108
-0.0078871325
-0.007878173
-0.005901908
0.0019650608
0.007851273
0.0
-0.007833318
-0.011736502
-0.009769184
0.0039031778
0.00779736
0.0077883606
0.0019448393
-0.0155406995
-0.009701673
-0.0019380808
0.0
0.011601422
0.0115878815
-0.0057871677
-0.013487581
-0.009622689
-0.0019222773
0.00960008
0.017259782
0.007661961
-0.005739678
-0.013376727
-0.009543475
0.0057192845
0.009520802
0.0076075667
0.003799244
-0.005692055
-0.011370482
-0.001892808
0.00756214
0.005664783
0.0018859863
-0.0018837107
-0.007525737
-0.0018791569
0.0037537576
0.0056237993
0.0093616005
-0.0018700395
-0.001867758
0.0
-0.0018631929
0.001860909
0.0
-0.003712678
0.0
-0.001851766
-0.005548435
-0.0018471899
0.0
-0.0036852213
-0.00184032
0.0
-0.0036714727
-0.0018334434
0.0
-0.0018288554
0.0
-0.0018242645
-0.0036439362
-0.0072786836
-0.0036347462
0.0
0.0018127753
-0.0018104754
0.0
-0.009029368
-0.005410715
0.0054038074
-0.0035979317
0.001796662
0.00717743
-0.0017920524
-0.00536924
0.0
-0.0035702668
-0.0017828258
0.0017805176
0.0053346264
0.0017758994
-0.0017735894
0.0
-0.0035379354
-0.0017666561
0.0035286874
0.0
-0.00703887
0.0
-0.001755089
0.0035055482
0.003500917
0.0
0.0052374774
-0.0017435086
-0.003482382
-0.0034777457
0.0034731084
0.0
-0.0034638308
0.0034591907
-0.006909099
-0.005174861
0.0017226321
0.0017203101
-0.0017179876
0.0
-0.0051400242
-0.0017110176
0.0034173867
0.0034127373
0.003408087
-0.003403436
-0.008496961
-0.006788263
0.0
0.0016924118
0.0033801687
-0.0016877564
-0.0067417123
-0.0033661989
0.0
0.003356882
0.0050283335
0.0050213435
0.0
0.0
-0.0033335774
0.0033289145
0.008310627
-0.0016597933
0.0016574608
-0.009930768
-0.011569565
-0.0033009234
0.001648128
0.0065831766
0.00493038
-0.008205627
-0.008193953
-0.004909367
-0.0032682405
0.009790708
0.006517796
-0.0032542257
-0.0064991065
-0.008112201
-0.0048603103
0.0016177665
0.004846288
0.0032261838
0.0016107543
-0.0048252493
-0.003212157
-0.004811221
-0.001601402
0.0063962536
0.0031934495
0.0
-0.0047761407
-0.0063588307
0.0
-0.0015850288
0.0015826892
0.0047410484
-0.0031560191
-0.0047270088
0.0015733294
-0.0047129677
0.0
0.004698925
-0.0062558716
-0.0031232545
-0.009355719
-0.012455566
-0.004663815
-0.001552264
0.001549923
0.0061903275
0.0015452408
-0.010800297
-0.0092433505
-0.0046146517
0.0
0.0076676738
0.00459358
-0.0015288522
-0.0061060432
-0.009145017
0.0
0.0075974343
0.007585728
0.0015148043
-0.009074778
-0.009060731
-0.0015077807
0.0015054396
0.012024788
0.009004545
-0.002996833
-0.0074803783
-0.0074686743
0.0
0.010423373
0.007433564
-0.0014843723
-0.004446096
-0.00887815
-0.0014773514
0.0044250344
0.0058906856
0.0073516583
0.0
-0.007328262
-0.004389939
-0.0014609736
0.0029172692
0.008737774
-0.0014539568
-0.0029032365
-0.0014492797
-0.0043408247
0.0
0.0043267966
0.0028798557
0.0
-0.008611519
-0.0071645803
0.0014305791
0.002856485
0.0014259062
-0.00142357
-0.0056849364
-0.0056755934
0.0
0.0014142278
0.0
-0.0014095583
-0.002814448
-0.0028097797
0.0
0.0
-0.0027957787
-0.0013955565
-0.0041796714
-0.0055635665
0.0
0.0
0.0
0.0013815657
-0.0013792351
-0.0068845237
-0.0013745748
0.0013722453
0.0
0.0013675871
0.0
-0.005451722
0.0
0.0013582754
0.002711897
0.005414488
0.0
-0.0040469104
-0.0026932897
-0.0013443199
0.0
0.0013396714
-0.0040120436
0.0
0.0
-0.0026607595
0.0013280581
-0.0013257368
-0.0013234159
0.002642191
-0.0013187756
0.0013164562
0.0026282747
-0.002623638
0.001309501
0.0
-0.0013048667
0.0052102017
0.0013002346
0.0012979193
0.002591209
0.0
-0.00387293
0.0012886636
0.001286351
0.0
0.0051269103
-0.0025588335
-0.002554213
0.0038243902
-0.0025449754
0.0038105375
0.0025357427
-0.002531128
-0.0025265147
-0.003782854
0.0012586459
0.003769023
0.0
0.0012517334
0.0
-0.0037413847
0.0
0.0037275774
0.0037206765
0.001237926
-0.0024712542
-0.0024666577
0.0
0.0036862036
0.003679315
0.0
-0.0024436966
-0.0036586628
-0.008520827
0.0
0.0048507066
0.0
0.0
0.0
-0.0036105504
-0.004804915
0.0
0.0
-0.0023887383
0.0
-0.0023796
0.0
0.0
0.0035488564
0.0011806712
-0.0023567819
0.0
-0.002347666
0.0011715553
0.005846392
0.003501007
0.0011647271
0.0011624529
0.0
-0.0023158134
0.0
0.0011533641
0.002302188
0.0011488249
0.0011465566
0.0022885785
-0.0011420228
0.0
0.0
0.0
0.0056648306
0.0011307042
0.0011284433
0.0056309165
0.0
0.002243332
0.0055970442
0.0011171526
0.0011148974
0.0
-0.0011103898
0.0033244123
0.0011058861
0.0011036358
0.005506932
0.0010991379
0.0
0.0
0.0
0.0021803093
0.0032637338
0.004342676
0.006500567
0.0021623753
0.0
0.0021534208
0.0042978935
0.0032167123
0.0
0.0042710747
0.0
0.0
0.0063664424
0.004235377
0.0042264634
0.0021087772
0.0
0.0
0.002095427
0.0062729437
0.0031298068
0.0020820969
0.003116487
-0.0031098323
-0.003103181
0.0020643554
0.004119852
0.0061664963
0.0020510738
-0.0010233257
-0.0061266934
-0.0061134403
0.001016699
0.00405797
0.008098298
0.0020201663
-0.006047282
-0.0040227147
-0.0010034782
0.001001279
0.0059944866
0.002990653
0.0
-9.924946E-4
-0.006932112
-0.00197622
0.0019718392
0.0029511913
0.004907713
-9.793559E-4
-0.0039086826
-0.0038999463
-0.0038912154
0.0019412448
0.002905327
0.0038650539
0.0028922579
-0.0038476393
-0.00191947
0.001915123
9.553893E-4
0.005719311
0.0038041961
-0.0037955234
0.0
9.445487E-4
0.002827154
0.003760888
0.0
0.0028077026
-9.337423E-4
-0.0027947556
0.0027882885
9.272752E-4
-9.251223E-4
0.0027689124
0.0018416415
0.0
0.0036660996
9.143791E-4
9.1223477E-4
0.0018201837
-9.0795045E-4
0.0027174314
9.036719E-4
-0.0027046045
0.0026981977
8.9726516E-4
-8.951325E-4
0.002679004
0.0
0.0
0.0017732336
-8.8449166E-4
-8.82368E-4
0.0
-8.7812525E-4
0.004380031
0.0
-8.717726E-4
0.0034786323
-0.0017350903
0.0
0.0043166196
8.6121564E-4
8.591089E-4
0.0017140076
0.0
0.0
8.506978E-4
0.002545797
0.0025395053
-8.4440614E-4
0.0016846242
8.402197E-4
8.3812897E-4
0.0016720796
8.339522E-4
8.318663E-4
8.29782E-4
0.0016553988
0.0
0.001647078
0.0016429226
0.0
8.173109E-4
-8.1523816E-4
-8.1316713E-4
8.110978E-4
8.090301E-4
0.0016139282
0.0032195991
8.028372E-4
-8.007763E-4
-0.0015974343
-0.0031866387
-7.946039E-4
0.0015850997
0.001580995
0.001576894
0.0015727963
-0.001568702
-0.0015646113
-0.0015605241
-0.0023346606
0.0
-7.7414175E-4
-0.0015442105
-0.0015401408
-0.0015360749
-0.0015320124
7.639768E-4
0.0
-0.0022797699
-7.5789925E-4
-0.0022676312
-0.00226157
0.0015036761
0.0022494637
7.4780633E-4
0.0014915864
-0.0014875638
-0.0029670899
7.397649E-4
0.0014755183
0.0014715106
0.0
0.0
-7.297548E-4
0.0
0.0014515277
0.0
0.0
-0.0021593748
-7.178046E-4
0.0
7.138364E-4
0.0
0.0
-0.0014157968
-0.0028236916
0.0
0.0
0.0
0.0
6.960745E-4
0.0013882214
0.0020764465
6.901889E-4
6.8823097E-4
6.8627496E-4
0.0
6.82369E-4
0.0020412568
0.0020354127
6.765249E-4
0.0013491616
6.7263877E-4
6.7069876E-4
0.002006282
0.0020004741
0.0013297815
6.6295883E-4
0.0019830866
0.002636404
0.0013143503
0.0026210055
0.0013066592
6.514099E-4
0.0012989846
-6.4757676E-4
0.0019369897
0.0012875036
0.0019255274
0.0025597408
0.0
0.0
6.342259E-4
0.001896981
0.0012608604
6.285355E-4
-0.0025065718
-0.0018742575
-0.0018685925
-6.2097795E-4
0.0030954692
0.0012344238
6.153321E-4
-0.0024538178
-0.0048926314
-0.0030485278
-0.0012156687
0.0018178959
0.0018122953
0.0
-0.0012007423
-0.003591065
-0.0023866107
0.0011895933
0.0029647145
-5.910913E-4
-0.0017677257
-0.0023495788
-0.0017566492
0.0017511209
0.004073065
0.0029001406
-5.78192E-4
-0.0023054325
-0.003447159
-0.0022907883
0.0017126099
0.0022761803
0.0011344448
-5.6540204E-4
-0.0028179195
-0.0022470723
0.0016798633
0.0033488588
0.0022253364
0.0
-0.0016581686
-0.0022036827
-0.0016473624
0.0010946464
0.0016365838
0.001631205
-5.419443E-4
-0.001080312
-0.0016151099
-5.365863E-4
0.0021392195
0.0010660517
5.3124916E-4
0.0
-0.0010554056
5.259331E-4
0.0
-5.224009E-4
0.0
5.188781E-4
-0.0010342405
-0.0010307295
0.0010272233
5.1186094E-4
5.101126E-4
5.0836673E-4
0.0
0.0
5.031433E-4
-0.0010028139
-4.996731E-4
-4.9794157E-4
-9.92425E-4
0.0
4.927616E-4
9.820797E-4
4.893205E-4
-4.8760357E-4
-9.717782E-4
-4.841771E-4
-4.824675E-4
0.0014422812
4.7905574E-4
-0.0019094142
-4.7565385E-4
-4.739566E-4
9.4452366E-4
0.0018822781
0.0
-4.671924E-4
-4.655076E-4
-9.2765054E-4
4.6214546E-4
0.0013814043
0.0
0.0
0.0
-4.5378396E-4
4.5211922E-4
4.50457E-4
4.4879733E-4
4.471402E-4
-8.9097116E-4
-4.4383353E-4
0.001326552
8.810741E-4
8.7778526E-4
0.0017490032
-0.0013068345
-0.0013019243
8.6468126E-4
4.3070907E-4
0.0021454003
0.001282361
4.2582984E-4
-4.242086E-4
-4.2258998E-4
4.2097393E-4
0.0012580814
0.0020887482
4.161414E-4
-4.1453578E-4
-0.0012387984
-4.113324E-4
8.1946934E-4
8.1627903E-4
0.0016261882
4.0495716E-4
-8.067399E-4
-0.0020089268
-4.0020343E-4
7.972483E-4
0.0019852377
0.0019773678
3.9390224E-4
-0.001961668
-0.0027353733
-3.8920433E-4
0.0015505748
7.721715E-4
0.0
-7.6595583E-4
-0.0019071401
-3.7988083E-4
3.7833632E-4
3.7679455E-4
7.505109E-4
0.0
-0.0018609271
-0.0014826178
-0.0018456312
-3.6760073E-4
0.0010982339
-3.645579E-4
-3.630406E-4
-7.23052E-4
-0.0018000709
-0.0014340203
3.5699873E-4
0.0010664854
-3.539943E-4
-7.049925E-4
-0.0014040037
-6.990168E-4
0.0
6.930632E-4
0.0
-6.8713183E-4
-0.0017104363
-0.0013624455
-3.391383E-4
3.37668E-4
0.0010086015
0.0
-3.3327393E-4
-6.636297E-4
-6.6071714E-4
-3.2890512E-4
0.0
0.0
0.0
0.0
-9.650405E-4
0.0
3.1881002E-4
0.0
6.319025E-4
-6.290522E-4
-0.0012524154
0.0
0.0
0.0
9.223301E-4
6.120708E-4
-6.0926063E-4
6.064562E-4
0.0
0.0
0.0
-2.9764805E-4
-2.9626026E-4
-8.846261E-4
-8.8048016E-4
-2.921143E-4
0.0
8.6809444E-4
0.0
-2.86627E-4
5.705249E-4
-8.517025E-4
-5.650843E-4
2.811864E-4
0.0
-2.7848364E-4
0.0
5.5158534E-4
0.0
0.0
2.7177826E-4
0.0
-2.6911675E-4
0.0
0.0
-2.651467E-4
5.276585E-4
0.0
0.0
5.1978964E-4
-5.171786E-4
0.0
-2.5598722E-4
0.0
5.067942E-4
2.5210652E-4
2.5081896E-4
2.4953438E-4
-2.4825282E-4
2.4697426E-4
4.9139746E-4
0.0
2.4315667E-4
-2.4189017E-4
-2.406267E-4
-2.3936626E-4
0.0
4.737089E-4
4.7120618E-4
4.6870956E-4
0.0
-4.6373456E-4
-2.306281E-4
-2.2939197E-4
0.0
4.538577E-4
0.0
-2.2447799E-4
0.0
-2.2203937E-4
2.2082466E-4
4.3922605E-4
0.0
-4.3439798E-4
-2.159966E-4
-2.1479727E-4
2.1360104E-4
8.496316E-4
4.2243573E-4
4.200618E-4
0.0
-4.1533262E-4
-4.1297733E-4
4.1062824E-4
2.0414268E-4
4.0594873E-4
2.0180915E-4
-4.0129412E-4
-1.9948809E-4
1.9833224E-4
1.9717953E-4
5.880898E-4
5.8465044E-4
1.9374014E-4
1.9259995E-4
-1.914629E-4
1.9032898E-4
5.6759466E-4
5.642118E-4
0.0
-1.858248E-4
-1.8470665E-4
-3.6718327E-4
0.0
3.627422E-4
3.6053118E-4
0.0
-3.5612812E-4
-3.539361E-4
-3.5175044E-4
1.7478557E-4
5.210973E-4
3.4523162E-4
-1.715357E-4
-3.4091758E-4
0.0
-5.0494366E-4
0.0
3.3236615E-4
4.9536646E-4
1.6406442E-4
0.0
0.0
1.6091048E-4
4.7959678E-4
4.7647176E-4
4.733564E-4
0.0
-3.1143645E-4
-1.5468943E-4
0.0
3.0528312E-4
1.5162246E-4
0.0
-2.9918796E-4
0.0
-4.427354E-4
-1.4657558E-4
4.367278E-4
1.4457954E-4
1.435864E-4
-1.425965E-4
-4.2482963E-4
0.0
1.3964639E-4
0.0
1.3769597E-4
0.0
-1.3575862E-4
0.0
0.0
3.9863138E-4
3.9576957E-4
1.3097253E-4
2.6005032E-4
-1.2908108E-4
0.0
5.088111E-4
0.0
1.2533764E-4
2.4882003E-4
0.0
4.902587E-4
1.2164696E-4
1.2073255E-4
2.3964289E-4
1.1891366E-4
0.0
-1.17108015E-4
0.0
-1.1531563E-4
0.0
1.13536546E-4
0.0
1.1177075E-4
0.0
-1.1001828E-4
0.0
1.08279135E-4
0.0
-1.0655334E-4
0.0
0.0
0.0
1.0314187E-4
1.02297374E-4
-1.0145623E-4
-1.0061843E-4
0.0
0.0
-9.8125194E-5
-1.9460167E-4
0.0
0.0
0.0
0.0
-9.322953E-5
0.0
0.0
0.0
9.003318E-5
0.0
0.0
-1.7534282E-4
-8.689092E-5
8.6113825E-5
8.5340114E-5
0.0
0.0
0.0
-8.2279206E-5
-2.445674E-4
-8.076914E-5
-8.001921E-5
-1.5854536E-4
1.5705911E-4
0.0
-7.705353E-5
-7.632064E-5
-2.2677348E-4
-7.486509E-5
-7.414244E-5
-2.2026962E-4
0.0
-1.4399001E-4
-2.138581E-4
0.0
-1.3975674E-4
-2.0753904E-4
0.0
-6.7792585E-5
6.710419E-5
0.0
-6.57377E-5
6.505961E-5
-6.438496E-5
-1.2742751E-4
6.304598E-5
-6.238167E-5
-1.8516237E-4
-6.106336E-5
-1.8122813E-4
-1.7927654E-4
0.0
-1.1693628E-4
0.0
5.7191253E-5
-1.1311599E-4
-5.5928198E-5
-5.5301858E-5
0.0
0.0
-1.0688725E-4
-2.1132459E-4
-1.566664E-4
-5.1616593E-5
0.0
0.0
-9.964159E-5
-1.4768743E-4
-4.8640974E-5
-4.8056278E-5
0.0
4.6897323E-5
0.0
-1.372569E-4
-2.2592506E-4
-8.924243E-5
4.40609E-5
-4.350408E-5
0.0
-8.48018E-5
-2.0927275E-4
-8.262339E-5
-8.154467E-5
-4.0236468E-5
3.97041E-5
-7.8350466E-5
-1.5459946E-4
-7.6256E-5
-3.7609636E-5
7.418955E-5
3.658342E-5
-3.6075573E-5
-3.5571233E-5
0.0
3.4573077E-5
6.815853E-5
3.3588964E-5
3.310218E-5
0.0
-3.2139153E-5
-6.3325824E-5
-3.119019E-5
6.144198E-5
-3.0255305E-5
-5.958629E-5
0.0
-5.775878E-5
0.0
5.5959466E-5
-5.5070388E-5
-5.4188364E-5
-7.99701E-5
-1.0489098E-4
-2.5792324E-5
-2.5365433E-5
0.0
-2.452225E-5
-9.642384E-5
-2.3693206E-5
-4.6567977E-5
-2.2878308E-5
6.7428504E-5
0.0
-2.1682503E-5
2.1290984E-5
-4.180601E-5
0.0
0.0
-3.952067E-5
1.9386534E-5
-3.8032562E-5
-1.8649576E-5
0.0
-1.7926812E-5
3.5141507E-5
3.4436496E-5
1.6869293E-5
3.3047785E-5
0.0
0.0
0.0
1.5177828E-5
2.9700404E-5
1.4526133E-5
-1.4205622E-5
-4.166601E-5
0.0
0.0
1.2959177E-5
0.0
-1.2357323E-5
0.0
0.0
0.0
1.119638E-5
0.0
0.0
1.0363114E-5
0.0
0.0
9.561959E-6
-9.302046E-6
-9.045704E-6
0.0
-8.543734E-6
0.0
-8.056054E-6
-7.817573E-6
-7.5826665E-6
-7.3513343E-6
1.4247155E-5
1.3798793E-5
6.678791E-6
6.4617625E-6
-1.8744935E-5
-6.0384377E-6
1.7496428E-5
-5.6294257E-6
0.0
1.0469461E-5
-5.0427525E-6
-4.854355E-6
1.4008616E-5
4.4883036E-6
1.2931952E-5
1.240974E-5
-3.9660918E-6
0.0
0.0
0.0
9.95992E-6
1.2669618E-5
6.036841E-6
2.8730217E-6
-5.462417E-6
0.0
7.3750216E-6
2.3272864E-6
2.1998192E-6
2.075939E-6
-5.8669393E-6
-1.8389417E-6
3.45165E-6
3.2325934E-6
4.5310708E-6
2.816012E-6
-2.6184885E-6
0.0
1.1224888E-6
2.0689913E-6
1.9001849E-6
8.6927935E-7
0.0
-1.4368491E-6
-6.483831E-7
5.8193257E-7
1.038146E-6
2.2990234E-6
4.041277E-7
0.0
0.0
-2.5864583E-7
2.1733533E-7
1.796167E-7
-1.4549008E-7
-1.14955505E-7
-1.7602613E-7
0.0
0.0
2.8739146E-8
0.0
-7.1848034E-9
-3.592404E-9
-0.0
