0.32445148
0.11323259
0.08833952
0.24781224
0.57304025
0.3051208
0.010740322
0.20343283
0.20525955
0.06420144
0.27292916
0.37520897
0.06125847
0.17109343
0.3317877
0.18282276
0.15894866
0.04239866
0.08861315
0.12636368
0.17291644
0.10417372
0.22993988
0.21897875
0.08417492
0.29436952
0.28646523
0.22055589
0.33396882
0.39435863
0.13232091
0.4984355
0.49171504
0.19933249
0.12827161
0.2451749
0.15334252
0.19029072
0.12103849
0.23188263
0.19873647
0.18479407
0.10473093
0.16972174
0.11746761
0.061802723
0.101781726
0.18921965
0.017957931
0.12779462
0.1527127
0.15180787
0.17850988
0.22668862
0.2352236
0.15414757
0.15455136
0.18044685
0.12611882
0.14565553
0.22282484
0.13362226
0.06637698
0.09344392
0.08495986
0.008610893
0.2256096
0.33983207
0.20255846
0.140591
0.14554955
0.07303248
0.09752242
0.17629468
0.11284278
0.3311024
0.19723387
0.07445602
0.21099685
0.21783341
0.13029759
0.06568718
0.00797767
0.14822856
0.1263977
0.07679613
0.14756303
0.12217953
0.0675583
0.042970583
0.08256401
0.04354147
0.06471224
0.11494962
0.020368954
0.06362368
0.08115213
0.04986871
0.054463774
0.123575844
0.20385061
0.13620056
0.0775218
0.096307054
0.16047254
0.13410914
0.11791788
0.17278421
0.12212161
0.216897
0.18825229
0.10029967
0.06423624
0.077338666
0.12998638
0.062203124
0.0060913875
0.10955364
0.10181586
0.038285818
0.10856917
0.081075944
0.0440611
0.099163406
0.075624764
0.07620963
0.087794915
0.046631522
0.07550914
0.09761425
0.14466421
0.12598434
0.024695845
0.018914735
0.046706546
0.095602736
0.044946395
0.11813315
0.12942061
0.056070358
0.041516174
0.026521211
0.057854317
0.14714399
0.12774998
0.051883403
0.082608365
0.058548428
0.0893978
0.14801224
0.028719952
0.05749782
0.039887335
0.03679559
0.09289324
0.045734458
0.09056329
0.07699339
0.113474466
0.13320819
0.07338441
0.12396516
0.14799713
0.13763884
0.0742358
0.040840004
0.03258871
0.0051766485
0.045572706
0.09797452
0.14570707
0.07690809
0.04585057
0.10097415
0.1259062
0.05862457
0.056193247
0.12717523
0.07072113
0.025882076
0.08256814
0.11176875
0.054962415
0.10999649
0.08120048
0.035713743
0.013459689
0.088304624
0.12924094
0.14804094
0.120758064
0.15919843
0.13302265
0.06866264
0.064324744
0.0406446
0.071261145
0.047358662
0.021878576
0.04682959
0.024273895
0.07992881
0.0907012
0.09634418
0.052457403
0.07123668
0.12643991
0.093161546
0.056227423
0.02889878
0.04814802
0.052203603
0.067306936
0.058087505
0.085488826
0.070256956
0.028677355
0.09247312
0.111755826
0.06603837
0.05340487
0.07592471
0.1355208
0.13702607
0.044201788
0.052508112
0.087131225
0.1268485
0.0665391
0.053337142
0.029963458
0.096699014
0.12874092
0.07764782
0.046239037
0.061469514
0.07158277
0.050075043
0.035321333
0.031184047
0.043558925
0.04873017
0.051705107
0.061403826
0.06751701
0.04040791
0.042839218
0.036300007
0.09612275
0.06691604
0.014021704
0.07192062
0.0195265
0.032818515
0.03899265
0.033835575
0.047509607
0.024051907
0.066553995
0.098046854
0.08933641
0.023067234
0.054320484
0.086859316
0.088601395
0.057998326
0.019891983
0.03428674
0.054792084
0.09106609
0.08613866
0.061536077
0.14719331
0.16180952
0.07640332
0.04676278
0.051088594
0.020356199
0.09475679
0.06770621
0.05751133
0.09807241
0.06945437
0.11981042
0.11628773
0.018563125
0.06190976
0.017277103
0.045696087
0.063316904
0.080872335
0.08154599
0.0207089
0.09201802
0.10061737
0.06684826
0.118555866
0.10143958
0.055865318
0.014075468
0.007551363
0.030685885
0.03641744
0.03926963
0.007610525
0.043584622
0.082262106
0.07505709
0.051118296
0.034601375
0.018801719
0.033169698
0.054789156
0.052572552
0.048744753
0.14357324
0.12384303
0.016891332
0.10535739
0.10675084
0.11983426
0.114244744
0.14057584
0.106284454
0.074651256
0.070263155
0.0589052
0.0029956903
0.04277638
0.019917862
0.025995344
0.03557409
0.025486117
0.073284596
0.10214367
0.018777257
0.0836106
0.08736645
0.028617896
0.087727174
0.1112233
0.0554773
0.039551593
0.09847781
0.09858598
0.018693076
0.0903169
0.15719505
0.06803755
0.04406436
0.07165597
0.105933785
0.06237461
0.006769109
0.01837042
0.053763963
0.05216671
0.08699851
0.10847592
0.11001959
0.07974199
0.08130151
0.045530315
0.032338545
0.02483596
0.077155635
0.08144434
0.05290786
0.01527232
0.074587926
0.025440907
0.077906
0.13382238
0.124984965
0.056231573
0.024904462
0.017529827
0.030634325
0.050554324
0.13701062
0.13311662
0.06516835
0.10494566
0.10399224
0.05444822
0.106766395
0.10563399
0.11595199
0.09802712
0.036085688
0.058698494
0.059495464
0.02094373
0.03314305
0.03641069
0.046864975
0.047801156
0.075859085
0.11601842
0.08302207
0.056831133
0.099340215
0.08470357
0.051352188
0.10322363
0.116721116
0.07490923
0.019478988
0.023372319
0.050659284
0.09500063
0.021971244
0.11314094
0.06731048
0.052745882
0.05708877
0.071209855
0.06887459
0.06467663
0.040397845
0.02462066
0.054635372
0.090919025
0.08845661
0.07605013
0.11327397
0.13811138
0.12784398
0.09255838
0.09036611
0.049797464
0.049347393
0.112954475
0.03569493
0.096378006
0.06281363
0.07008103
0.051150646
0.026922338
0.06480114
0.090057015
0.009896033
0.06973069
0.0657639
0.057337683
0.06198078
0.024435455
0.060818154
0.07024253
0.04011619
0.0022552637
0.065932594
0.085986935
0.060645208
0.03301789
0.083022974
0.15493195
0.15325864
0.18588518
0.09061168
0.03688698
0.028836876
0.08789829
0.08516854
0.08635007
0.01718257
0.040635955
0.041022547
0.08453743
0.14541602
0.052438326
0.08478846
0.0894429
0.022133937
0.020385882
0.06366285
0.0602042
0.055930253
0.08124276
0.06316929
0.039644912
0.055087112
0.020833425
0.02867924
0.048346203
0.028508369
0.07920454
0.035644736
0.026162528
0.057034697
0.05668228
0.042486925
0.041845597
0.02779375
0.04207981
0.05753775
0.08282334
0.13179699
0.15662731
0.1368669
0.087691694
0.0785039
0.068872936
0.008049583
0.07587845
0.1079386
0.078674
0.044228353
0.021734629
0.0637087
0.047129456
0.041125026
0.019959362
0.036063552
0.0342292
0.056196894
0.050008606
0.07628911
0.08703116
0.049100947
0.029579211
0.07282823
0.08341397
0.052642398
0.07698836
0.1256499
0.115480565
0.050914
0.0313463
0.08311376
0.09118745
0.0854268
0.048498835
0.13976212
0.13274537
0.09681803
0.06803967
0.024436498
0.11203515
0.109422736
0.10764888
0.06767542
0.02704997
0.059598904
0.04077502
0.042649053
0.11023828
0.09061588
0.032310866
0.055279378
0.052293077
0.039661236
0.06545119
0.0441414
0.07587311
0.06289453
0.06304497
0.065974
0.10922297
0.12925178
0.10357915
0.051350597
0.100056164
0.073401004
0.073893584
0.040945727
0.04388686
0.059457984
0.0067600254
0.046401978
0.023215547
0.086785674
0.068917185
0.03550454
0.041311976
0.05130747
0.084617704
0.1007454
0.04944159
0.03601915
0.05767577
0.050262764
0.12622845
0.11345689
0.036967684
0.03897508
0.04353051
0.05778969
0.015055753
0.042097256
0.07024536
0.029544802
0.04705069
0.052747764
0.051238265
0.062344477
0.06414106
0.06477279
0.09494173
0.01870573
0.09385016
0.10230634
0.11617963
0.11687427
0.038344763
0.04808769
0.04547414
0.03565213
0.17254303
0.23057854
0.14050345
0.08412793
0.12861644
0.07548713
0.028785089
0.060528073
0.039183408
0.024114087
0.041546766
0.089829914
0.13721414
0.1784542
0.11291149
0.018841926
0.10603287
0.078241624
0.071369
0.0572533
0.013433546
0.040347256
0.018128091
0.03063554
0.057355687
0.10154969
0.03255599
0.08312204
0.06245374
0.051871438
0.09194325
0.021988466
0.070219666
0.057119463
0.018921785
0.067310475
0.08608279
0.07639602
0.1306409
0.0769273
0.12528126
0.105799265
0.047158692
0.017315477
0.071440965
0.14299558
0.11558723
0.039355945
0.04988544
0.092140436
0.124197334
0.13029498
0.11286172
0.10720952
0.10629924
0.1111246
0.07676528
0.036269095
0.04549333
0.014590968
0.044619884
0.017979288
0.07352493
0.025626728
0.0073341746
0.0035337838
0.053150915
0.1039607
0.09639849
0.077700645
0.12470774
0.09085585
0.06310293
0.1187083
0.10145922
0.07740674
0.06560471
0.075763226
0.068617135
0.014449086
0.09515271
0.11121793
0.09116946
0.07956604
0.09531857
0.069892354
0.1050546
0.060315784
0.0344116
0.02915805
0.017078899
0.021496573
0.049657118
0.025496427
0.08180557
0.11044782
0.06824155
0.023239562
0.073329985
0.11443894
0.082002655
0.030631455
0.004420952
0.046345133
0.057416234
0.046337828
0.039724704
0.05971674
0.028524801
0.047332883
0.019164719
0.063647866
0.122173
0.10790344
0.07622315
0.068118945
0.07590501
0.023867145
0.03384095
0.037242964
0.08341885
0.028397515
0.055927522
0.03383252
0.061465874
0.036429416
0.0536694
0.052121792
0.057792112
0.073670834
0.08931719
0.07680108
0.032058645
0.077738054
0.07944025
0.062974475
0.07270484
0.07673008
0.07682983
0.060910076
0.037445918
0.012557891
0.024131458
0.035299443
0.040176436
0.065083206
0.067539476
0.10061762
0.12270375
0.09717108
0.07996189
0.05909093
0.03253277
0.062457897
0.04102635
0.05820766
0.08235656
0.04868019
0.026339568
0.061517194
0.039044473
0.022687167
0.034504276
0.012137074
0.042444028
0.039325744
0.059727456
0.038406372
0.025514536
0.024399385
0.04725957
0.053094465
0.05976929
0.090356424
0.110177875
0.062335532
0.07535086
0.027684297
0.096177146
0.075701475
0.034976397
0.053402144
0.07670583
0.048085004
0.076025546
0.06451713
0.012481007
0.047173593
0.031804763
0.12721004
0.10998803
0.0377209
0.016508188
0.03780723
0.04703739
0.046553873
0.05275547
0.09353196
0.053419452
0.028351326
0.037745398
0.047296405
0.04954707
0.01236311
0.03742207
0.064326644
0.10931642
0.09283304
0.11956224
0.08604936
0.03133449
0.06522868
0.064808466
0.018000346
0.06397766
0.07216013
0.12180897
0.070759125
0.015038919
0.0689576
0.10227488
0.05537326
0.041319262
0.02604143
0.0060963444
0.022688735
0.021192264
0.0462546
0.025385771
0.024773208
0.009909598
0.015061792
0.045358818
0.042832658
0.01740085
0.01614523
0.07153527
0.10550749
0.08117148
0.022337325
0.058312505
0.050294347
0.024073353
0.011740782
0.006500974
0.022186235
0.04887662
0.08222534
0.07945724
0.04063669
0.048680972
0.041667867
0.034879778
0.036382824
0.06223479
0.07028259
0.028884115
0.011583977
0.038025923
0.033596292
0.02074704
0.042482145
0.054983567
0.028818972
0.08102014
0.12823258
0.13350166
0.087916665
0.06524105
0.082788855
0.073809944
0.04399439
0.018577876
0.020465087
0.042701073
0.079560935
0.057222903
0.020760274
0.027947515
0.042490214
0.017611932
0.0055720787
0.065981425
0.07691828
0.036358967
0.042082906
0.04031038
0.03257666
0.04608027
0.086437635
0.07118961
0.014754656
0.07603261
0.053898774
0.0066678203
0.04795406
0.12970388
0.12645243
0.04197947
0.0710816
0.03795916
0.049765497
0.008765315
0.0519275
0.053108983
0.027388858
0.053209573
0.05074851
0.029708054
0.051557332
0.0864004
0.06218787
0.041831344
0.02484733
0.036464337
0.040882815
0.034822162
0.051442802
0.04709074
0.0834543
0.08127994
0.068150364
0.047324676
0.02573169
0.041707616
0.05260217
0.031417266
0.013063402
0.018581904
0.035470035
0.07232399
0.052383147
0.03172545
0.05323183
0.04805495
0.02535285
0.01579633
0.03701204
0.043420084
0.053004112
0.0257295
0.051382605
0.04633853
0.07783598
0.02395014
0.0506028
0.04405002
0.06555266
0.06587225
0.023124356
0.08287509
0.12142459
0.095693626
0.043506417
0.044273864
0.01150873
0.050320107
0.03932824
0.03978069
0.082400724
0.032535754
0.05492491
0.04090799
0.02635903
0.04399424
0.035926227
0.06720125
0.033267844
9.2210877E-4
0.021709412
0.015555783
0.02362292
0.061824553
0.05597955
0.056593537
0.07130029
0.038340192
0.01243385
0.0057880767
0.019534769
0.03249875
0.027978703
0.10544586
0.12248039
0.07532605
0.03225315
0.032934494
0.037160255
0.048015226
0.028901853
0.023418808
0.0524177
0.025402553
0.057204753
0.123657785
0.13735138
0.0953896
0.03933489
0.06286985
0.07777591
0.0675134
0.077381715
0.060343456
0.05233645
0.07782562
0.07549048
0.03206897
0.0474632
0.09915081
0.0810219
0.105751626
0.09193283
0.052548595
0.12529182
0.065855466
0.032790624
0.03169903
0.07026539
0.075012654
0.041685782
0.09663181
0.039810594
0.012385224
0.05234614
0.040972345
0.016968263
0.03276757
0.047747616
0.09363123
0.142287
0.1243237
0.053318676
0.021392496
0.01108825
0.0062165274
0.025500674
0.013349965
0.06319952
0.09231703
0.043222357
0.020900475
0.06580208
0.043697946
0.05771907
0.062196113
0.069893934
0.010642628
0.061577756
0.08346698
0.08773821
0.047361422
0.054666683
0.02759275
0.055525914
0.04637148
0.04699085
0.05333036
0.09838927
0.107696936
0.10236695
0.085704595
0.052317172
0.04114983
0.026845261
0.018617176
0.071921185
0.036090117
0.013439343
0.042664118
0.07386592
0.034540456
0.04886827
0.05417424
0.061199054
0.054238837
0.052682687
0.058258392
0.09881188
0.09640318
0.079780355
0.03939591
0.037280902
0.012151602
0.03991136
0.02672984
0.046619397
0.0012926486
0.05276619
0.06887512
0.06560949
0.073457785
0.059286743
0.030335627
0.04452058
0.027623955
0.0349215
0.022838123
0.042839237
0.08997315
0.09025018
0.080426306
0.11934416
0.11279014
0.05856745
0.051771376
0.06212653
0.026374279
0.021961682
0.06337344
0.086096175
0.06349809
0.0542527
0.09995592
0.122434475
0.04306532
0.022053348
0.04340156
0.07218573
0.11474241
0.119817555
0.028170737
0.047066756
0.04066078
0.07235317
0.09921239
0.06628542
0.052230638
0.050086766
0.03513927
0.022467332
0.08215188
0.052270524
0.028118601
0.035731446
0.027038883
0.014220051
0.023469508
0.043180656
0.04901911
0.09185286
0.10662792
0.07834919
0.041401286
0.12315725
0.102180354
0.07899806
0.08451107
0.079235695
0.022643853
0.024964243
0.031042589
0.06838523
0.046828534
0.019258294
0.020144163
0.054045428
0.020293735
0.038434662
0.023014095
0.012500242
0.02597321
0.027918315
0.02526333
0.040689882
0.04021291
0.090028
0.10075071
0.06491127
0.047662638
0.052254822
0.06976879
0.08899003
0.09750066
0.16010988
0.1087378
0.022492755
0.024221616
0.03552386
0.05064698
0.044361074
0.03487536
0.03571647
0.031641483
0.05654628
0.10366347
0.07019816
0.025888024
0.025914345
0.046174925
0.03928484
0.11004333
0.13721955
0.08413233
0.09848808
0.03529069
0.05667574
0.057946257
0.037026577
0.06612016
0.045354594
0.047274746
0.07803533
0.028128747
0.05072115
0.09395748
0.116951525
0.10985072
0.041139886
0.06798094
0.0503378
0.026871175
0.10993021
0.09870272
0.016064398
0.014063874
0.037094146
0.07223167
0.0780876
0.11958622
0.08590481
0.023614183
0.062035356
0.07770259
0.056253817
0.05692877
0.054684564
0.010123518
0.023380777
0.021329375
0.022329375
0.0847014
0.12992607
0.08183515
0.016866514
0.04919679
0.06356599
0.03680097
0.045721423
0.083998725
0.034414187
0.026623745
0.05480237
0.051717598
0.039585896
0.06132203
0.09277218
0.074179724
0.049073357
0.0754874
0.07177497
0.0872609
0.012158225
0.0064099943
0.080464646
0.04713231
0.05211789
0.052301306
0.027889816
0.048019525
0.08987339
0.09628609
0.088631995
0.056579206
0.07391913
0.058655925
0.02327539
0.05091074
0.027010066
0.056050763
0.08191171
0.07366817
0.07039225
0.07273783
0.07228327
0.06865684
0.060800474
0.064033
0.020723231
0.058319658
0.05621784
0.09927027
0.0602557
0.045868535
0.11685752
0.110900596
0.058177806
0.049938392
0.025308091
0.021866126
0.04024952
0.038638417
0.03112051
0.06627598
0.055054907
0.029761901
0.06493841
0.07274487
0.08027399
0.011243055
0.09164105
0.12756021
0.12375493
0.09595918
0.044035338
0.053718094
0.09511453
0.1110884
0.05513289
0.04594996
0.096524514
0.0848285
0.03891194
0.022242147
0.024071636
0.053834442
0.035898507
0.07525833
0.009366568
0.03387416
0.039383586
0.049823295
0.050041415
0.040066905
0.032054435
0.051691808
0.09552848
0.0793103
0.054616272
0.065563746
0.032141656
0.059238657
0.016589332
0.052134357
0.018736891
0.03874819
0.01865863
0.051506728
0.09757979
0.057826437
0.042293802
0.07218003
0.10705496
0.05506279
0.06833093
0.081402786
0.05979288
0.05424331
0.026297987
0.020018693
0.08876971
0.09093545
0.07833223
0.06387181
0.041167393
0.020512518
0.07425347
0.05898812
0.037206445
0.06542805
0.060948864
0.05370611
0.03444712
0.0068445704
0.010055092
0.044159144
0.06635307
0.0077896942
0.09448029
0.13440008
0.121448606
0.12352983
0.10376787
0.03915364
0.031309303
0.10144993
0.08285481
0.049834173
0.046271615
0.03683367
0.03434055
0.08872207
0.10131276
0.05423676
0.07035401
0.049766876
0.04940424
0.0804356
0.07773677
0.0883723
0.07747539
0.06116517
0.08293857
0.06874636
0.035595823
0.07701833
0.063729264
0.09820707
0.10546549
0.043517783
0.04577837
0.075547546
0.04278598
0.039359726
0.08191471
0.009362634
0.15817794
0.15260044
0.11530942
0.09640493
0.0675741
0.09371404
0.10494086
0.12059059
0.05998787
0.009716442
0.02820749
0.07076867
0.09261693
0.046688024
0.03036665
0.030041374
0.05487597
0.08738864
0.03706185
0.048503432
0.096297756
0.07942011
0.025393834
0.081199825
0.05029433
0.06355553
0.0569166
0.07096869
0.04921413
0.014987619
0.019412788
0.011025196
0.08730562
0.067550555
0.017773509
0.037101164
0.0107042575
0.08600555
0.10430014
0.08237066
0.04897841
0.07700696
0.13705799
0.10684999
0.18724877
0.13976121
0.087623134
0.0812043
0.09451815
0.080269046
0.02121579
0.06409178
0.06363401
0.088967144
0.15438452
0.13478386
0.033650745
0.05416327
0.08788988
0.07218782
0.060690593
0.06936933
0.015786981
0.12620069
0.12584712
0.019475436
0.13364926
0.16600345
0.106431015
0.08975453
0.067500636
0.023858171
0.08072636
0.09492379
0.0946794
0.12189055
0.1104251
0.088708125
0.15182543
0.18633452
0.15181294
0.039234437
0.044818994
0.032015562
0.046213776
0.0058376174
0.05318334
0.008726458
0.02992469
0.036768455
0.030846698
0.038016267
0.071879365
0.043094065
0.022049405
0.027892072
0.059479848
0.052130856
0.065499164
0.043943226
0.045040254
0.040089168
0.014206383
0.083744794
0.10773089
0.09890174
0.12588887
0.08132058
0.019854218
0.055545334
0.03265182
0.11520703
0.063363634
0.06792383
0.06775163
0.012875933
0.037576687
0.050867815
0.043996274
0.073946916
0.11619249
0.12324185
0.1248727
0.05037601
0.06652045
0.03823267
0.05501664
0.07636739
0.08340781
0.09947652
0.097754344
0.071843736
0.040902287
0.031006526
0.04956453
0.012745849
0.028549444
0.05600094
0.0958056
0.06920566
0.0373006
0.06434221
0.0716282
0.10468214
0.10058238
0.079210244
0.058193445
0.074023135
0.10027223
0.100374386
0.13287897
0.13328025
0.051824987
0.04016221
0.033215445
0.042947773
0.118508495
0.11170666
0.08146922
0.085291594
0.0955082
0.092615575
0.0568007
0.048343185
0.054970272
0.062425442
0.06828388
0.075968824
0.07507293
0.017871061
0.07753914
0.10460019
0.08188545
0.037438788
0.039580494
0.037388183
0.07788709
0.13611253
0.097866796
0.066627696
0.07998461
0.06951166
0.04492616
0.025037002
0.037213225
0.046014536
0.050808072
0.048522644
0.009076119
0.024436884
0.054636516
0.097812645
0.10759189
0.08851152
0.049798757
0.06554921
0.056134734
0.04362909
0.06856806
0.094566725
0.068608105
0.046274297
0.023790022
0.07214467
0.072974876
0.06495254
0.06051638
0.041580938
0.039743673
0.1012587
0.13274647
0.03843248
0.08368159
0.11503267
0.12786995
0.13369228
0.09637138
0.06895304
0.03540054
0.050582957
0.07162308
0.04856059
0.044319823
0.083410084
0.11296383
0.067154706
0.05194205
0.08509192
0.053305775
0.03185801
0.04795038
0.028426988
0.05655817
0.07335793
0.05207416
0.040811285
0.0103132725
0.047081493
0.047774922
0.062400326
0.03170175
0.021304535
0.019838367
0.050280478
0.032258935
0.013399283
0.020140624
0.027752565
0.018645667
0.036526732
0.050147373
0.010439858
0.054252755
0.032663036
0.0324398
0.053747997
0.018556014
0.07423506
0.08160795
0.027639352
0.022505814
0.04465825
0.07368097
0.0871675
0.009157897
0.07297237
0.044557232
0.050839875
0.0854197
0.069964595
0.036119375
0.038035195
0.045709785
0.043180857
0.06321819
0.057685886
0.052263707
0.029351048
0.05635454
0.05459365
0.031787183
0.0357452
0.04025232
0.012788347
0.04775047
0.01233967
0.029686715
0.020565705
0.1172108
0.10624286
0.07830796
0.12722605
0.054073486
0.09573751
0.12597895
0.08805675
0.07541247
0.043324485
0.03295401
0.025609242
0.03138241
0.060822975
0.0901414
0.053375766
0.05134947
0.08137748
0.08689283
0.060720157
0.035974685
0.06870751
0.037148822
0.061030176
0.075969085
0.027504785
0.11460946
0.084312186
0.02258092
0.002371497
0.017782435
0.037795756
0.03373948
0.06868394
0.06936396
0.036320224
0.050710037
0.03237468
0.050494187
0.08547068
0.07771533
0.08665625
0.048505127
0.019258304
0.06034711
0.040216424
0.060471386
0.07249105
0.020808011
0.032931
0.06192299
0.07779743
0.050795637
0.022231992
0.036263186
0.04114606
0.028308049
0.02602088
0.043388378
0.059550963
0.10325694
0.055144556
0.03171442
0.023948837
0.04531562
0.073815204
0.102198854
0.08705162
0.06464808
0.062529765
0.012883138
0.06816253
0.115355924
0.11680842
0.08138074
0.0655256
0.04329599
0.0059675407
0.037311427
0.045242965
0.08242993
0.112850346
0.11087323
0.06369134
0.023197865
0.007672326
0.026622035
0.05191494
0.04536351
0.03339594
0.0377408
0.054789636
0.058761902
0.025957689
0.032515306
0.09377926
0.116532415
0.06732879
0.10570685
0.07487687
0.09785862
0.09002473
0.037171397
0.0012053639
0.034330606
0.03879162
0.09378774
0.08114337
0.03799825
0.008297672
0.022277353
0.06456981
0.07047858
0.15925275
0.12948723
0.019944018
0.07409107
0.104964875
0.10470779
0.10432145
0.13316272
0.10729708
0.07760024
0.0145923635
0.04909596
0.09355469
0.053678595
0.05104795
0.086053126
0.039760746
0.06657543
0.06794005
0.036921497
0.014575719
0.04187064
0.03410979
0.05088378
0.05568509
0.052731786
0.08383024
0.095017575
0.101354204
0.11301944
0.06461251
0.06147111
0.08690055
0.04546978
0.044062875
0.034278367
0.036485717
0.070026405
0.06373784
0.0833704
0.08890226
0.0681498
0.057757962
0.015245472
0.043515626
0.022201737
0.040515
0.07102798
0.08518972
0.034590777
0.024992544
0.024012432
0.030378297
0.005398582
0.019601403
0.068192855
0.069601685
0.050072256
0.0145809725
0.020285314
0.0373479
0.089716196
0.049077827
0.054900043
0.112334676
0.060358606
0.0658884
0.11422066
0.07041973
0.057376105
0.07540005
0.10426254
0.07946243
0.04483104
0.07282931
0.074098445
0.054596666
0.046862733
0.01950004
0.023665896
0.021034654
0.041576073
0.04878678
0.029712718
0.051318727
0.026241763
0.005554793
0.021797512
0.009684299
0.062651396
0.078791454
0.05979944
0.042154815
0.025976237
0.040740956
0.066574655
0.029919531
0.02653411
0.059313323
0.08200297
0.03819727
0.03134028
0.033252493
0.04379645
0.03569496
0.067493424
0.06948192
0.045809783
0.025968565
0.040583704
0.050722487
0.058757607
0.048228692
0.022068657
0.03431414
0.053129155
0.0637352
0.037143264
0.0027122265
0.005331065
0.0070396746
0.027607044
0.027183153
0.052815497
0.029758964
0.043460343
0.051752534
0.053152148
0.056034625
0.030583221
0.020744232
0.020440085
0.054956596
0.014801343
0.030590143
0.035118908
0.04217931
0.058436286
0.04618578
0.039382745
0.03232763
0.019682484
0.044715818
0.044116687
0.046458106
0.04544513
0.044130508
0.032637183
0.035359383
0.025442295
0.04677022
0.05002903
0.02850223
0.030064754
0.012338696
0.019828219
0.026969377
0.051291462
0.06619851
0.033336356
0.0074538677
0.02518926
0.05033861
0.062189918
0.032107502
0.028967753
0.032475233
0.0569884
0.023610635
0.011659392
0.031476792
0.037438117
0.031337157
0.01638062
0.03232103
0.065986276
0.065834396
0.033512212
0.008387235
0.031992383
0.033023387
0.034986425
0.028155118
0.028951794
0.012289197
0.007287358
0.005513739
0.017551245
0.037916277
0.03205188
0.03061408
0.033723444
0.013097866
0.006872484
0.046182107
0.052684158
0.021210726
0.033062477
0.060582783
0.03222256
0.03522381
0.03627555
0.010489269
0.0019529663
0.03159007
0.047838904
0.045389194
0.051509824
0.044458423
0.018811028
0.027425885
0.04215203
0.038664456
0.03972255
0.009788397
0.027722778
0.015618325
0.017341867
0.031162743
0.04701837
0.040838454
0.026433323
0.034987107
0.028190363
0.060795017
0.04733186
0.050031498
0.070794135
0.047309197
0.018910818
0.023035217
0.048371937
0.045963164
0.028090334
0.0360919
0.0
-0.0030518398
0.0
-0.0030518146
-0.0030517967
0.003051775
0.0
0.0
-0.003051689
-0.0030516528
0.0
0.0030515704
-0.0030515236
0.0
0.0030514195
-0.003051362
0.0
0.0
0.0
0.003051096
0.0
0.0
0.0
0.0
0.003050683
0.0
-0.0030504928
0.0
0.0
0.0
0.003050069
-0.003049954
0.0
0.0
-0.0030495878
0.0
-0.0030493257
-0.0030491892
0.0
-0.0030489056
0.0
0.0
0.0
0.0
0.0
-0.0030479687
-0.0030478002
0.0
0.0
0.0
0.0
0.0
0.0030467126
0.0
0.0
0.0030461205
0.0
-0.003045708
0.0030454963
0.0
-0.0030450623
0.00304484
0.0
-0.0030443843
0.0
0.0
0.0
0.0030434304
0.0030431831
0.0030429321
0.0
0.0030424194
0.0030421577
0.0030418923
0.0030416236
0.0
0.0
0.0
0.0
0.003040226
0.0
0.0
0.0
0.0
0.0
0.0
0.0
0.0
-0.0030374855
-0.0030371633
0.0
-0.0030365079
0.0
-0.0030358385
0.0
0.0
-0.0030348075
0.0
-0.0030341025
-0.0030337449
0.0
0.0
-0.0030326499
-0.003032278
0.0
-0.0030315232
-0.0030311407
0.0
0.0
0.0
0.0
0.0
-0.0030287702
0.0
0.0
0.0
0.0
0.0
0.0
0.0
0.0
0.003024976
0.0
-0.003024094
-0.0030236477
-0.0030231979
-0.0030227446
0.0
0.0
0.0
0.0
-0.0030204249
-0.0030199504
-0.0030194724
0.0
0.0
0.0
0.0030175252
0.0030170297
0.0
0.003016028
0.0
0.0
0.003014499
0.0
0.0030134625
0.003012939
0.0
0.0030118811
0.0
0.0
0.0
-0.0030097237
0.0
0.003008624
0.0
0.0030075102
0.0
0.0
0.0030058138
0.0
0.0
0.0
-0.0030035027
-0.0030029162
0.0
0.0
0.0
0.0
0.002999932
0.0
0.0
-0.0029981
0.0
0.002996861
0.0
0.0029956084
0.0029949767
0.0
0.0029937034
0.0
0.002992416
0.0029917674
0.0
0.0
0.0
0.0
0.0
0.0
0.0
0.0
0.0
0.0
0.0
0.0
0.0
0.0
0.0
0.0
-0.0029802108
0.0
0.0029787861
0.0
0.0
0.0
0.0
0.0
0.0
0.0
0.0
0.0
0.0
0.0
-0.0029699504
0.0
0.0
0.0
0.0029668964
0.0
0.0
0.0
0.0
0.0
0.0
0.0
0.0
0.0
0.0
0.0
0.0
-0.0059131924
-0.0059115607
0.0
-0.005908277
0.0
0.0
0.0
-0.005901628
-0.005899949
0.0
-0.005896571
0.0
-0.005893166
0.0
-0.0058897347
0.0
0.0
0.0
-0.0058827917
0.0
0.0
-0.0029387572
0.0
0.0
0.0
-0.0029351923
-0.0029342927
-0.00293339
0.0
-0.0029315744
-0.0058613233
0.0
-0.0029288263
-0.0029279036
0.0
-0.0029260484
-0.0029251156
0.0
0.0
0.0
0.0
0.0
0.0
0.0
0.0
0.0
-0.0029156092
0.0
-0.0029136685
0.0
0.0
0.0
0.0
-0.00290876
0.0
0.0
0.0
0.0
0.0
0.0
0.0
0.0
0.0
0.0
0.0
0.0028966474
0.0
0.0028945834
0.0
0.0
0.0028914632
0.002890417
0.0
0.0
0.0
0.0
0.0028851363
0.0
0.0
0.0028819295
0.0
0.0
0.0
0.0
0.0
0.0
-0.0028743353
-0.0028732377
0.0
0.0
0.0
0.0
0.0
-0.0028665855
0.0
0.0
-0.002863217
-0.0028620877
-0.0028609554
0.0
0.0
-0.0028575396
0.0028563947
0.0
0.0
0.0
-0.0028517838
0.0
-0.0028494596
-0.0028482927
0.0
0.0
0.0
0.0
0.0
-0.002841227
-0.0028400384
0.0
-0.002837652
-0.0028364544
0.0
-0.0028340495
0.0
0.0
-0.0028304192
-0.0028292031
0.0
-0.0028267615
0.0
0.0
0.0
0.0
0.0
0.0
-0.0028181192
0.0028168724
-0.0028156226
0.0
0.0
0.0
0.0
0.0
0.0028080598
0.0
0.0
0.0
0.0
-0.0028016747
0.0028003885
0.0027990995
0.0
0.0027965123
0.0
0.0
0.0
0.0
0.0
0.0
-0.0027873632
-0.0027860445
-0.0027847225
-0.0027833977
-0.0027820698
-0.0027807392
0.0
-0.0027780689
-0.0027767292
-0.0027753867
-0.0027740411
0.0
0.0
-0.002769987
0.00276863
0.0
-0.0027659065
0.0
-0.0027631717
0.0
0.0
-0.0027590476
0.0
-0.0027562834
0.0
0.0
0.0
0.0
0.0
0.0027479222
0.0
0.0
0.0
0.0
0.0
0.0
0.0027380362
0.0027366127
0.0027351861
0.0
0.0027323244
0.0
0.0
0.0027280108
0.0027265672
0.0
0.0027236715
0.0027222193
0.0027207646
0.0027193069
0.0027178463
0.0054327664
0.002714917
0.0027134481
0.0027119764
0.002710502
0.0027090246
0.0027075447
0.0027060618
-0.0027045761
0.0
0.0
0.0027001027
0.002698606
0.0026971065
0.0026956042
0.0
0.0026925916
0.0026910813
0.002689568
0.0026880521
0.0
0.0
0.0
0.0
-0.0026804314
0.0
0.0
-0.0026758262
-0.0026742858
-0.0026727428
0.0026711968
-0.0026696483
-0.0026680971
0.0026665432
0.0
0.0
0.0026618652
0.0
0.0
0.005314327
0.0
0.0026540156
0.0
0.0
0.0026492737
0.0026476877
0.002646099
0.002644508
0.0
0.0026413177
0.0026397186
0.0
0.0
0.0
0.0026332962
0.002631684
0.0
0.005256904
0.002626832
0.0026252095
0.0026235844
0.0026219566
0.0026203264
0.0026186935
0.002617058
0.0
-0.0026137796
0.0
-0.0026104907
-0.0026088424
0.0
0.0
0.0
0.0
0.0
0.0
-0.0025972337
-0.002595565
0.0
-0.0025922204
0.0
0.0
-0.0025871848
0.0
0.0
0.0
0.0
0.0
-0.002577046
-0.0025753477
0.0
0.0025719432
0.0
0.0
0.0
0.0
0.0
-0.0025616712
-0.0025599506
-0.0025582276
0.0
0.0
0.002553044
0.0
-0.002549576
0.0
-0.0025460985
-0.0025443563
0.0025426117
0.0
0.0
0.005074726
0.0025356088
0.0
0.002532093
0.0
0.0
0.0050536036
0.0
0.0
0.0
-0.0025197137
0.0
0.0
0.0
0.0025125882
0.0025108012
0.0
0.0025072198
0.0
-0.0025036293
0.0025018305
0.0025000295
0.0
-0.0024964204
-0.0024946127
-0.0024928025
0.0
0.0024891752
0.0024873582
0.0
0.0
0.0
0.0
0.0
0.0
0.0024745762
0.0
0.002470904
0.0
0.0
0.002465379
0.0024635328
0.0
0.0
0.0024579815
0.0024561265
0.0
0.0024524103
0.0024505488
0.0024486852
0.0024468193
0.0
0.0024430812
0.002441209
0.0024393345
0.0
-0.0024355792
0.0
0.0
0.0
0.0
0.0
0.002424262
0.0
0.0
0.0
0.0
0.0
0.0
0.0
0.0
0.0
0.0
0.0
0.0024014001
0.0
0.0
0.0
0.0
0.0
0.0
0.0023879264
0.0
0.0
0.0
0.0
0.0
0.0
0.0023743534
0.0023724062
0.0023704572
0.0
0.0023665533
0.0
0.0
0.0
0.0
0.0
0.0
0.0
0.0
0.0
0.002346915
0.0
0.0
0.0
0.0
-0.0023370232
0.0
0.0
-0.0023310652
0.0
-0.0023270836
0.0
-0.0023230945
-0.0023210973
0.0
0.0
-0.002315094
0.0
-0.0023110826
0.0
0.0
-0.0023050513
0.0
0.0
0.0
0.0
-0.002294963
0.0
0.00458183
0.0
0.0
0.0
-0.0022827971
0.0
0.0
0.0
0.002274651
0.0
0.0
0.0
0.0022664766
0.0
0.0022623788
0.0
0.0
0.0
-0.0022541627
0.0
0.0
0.0
0.0
0.0
0.0
0.0022397188
0.0
0.0
0.0
0.0
0.0
0.0
0.0022251923
0.0
0.0
0.0
0.0
0.0
0.0
0.0
0.0
0.0044127945
0.0044086017
0.0
0.0
0.0
0.0
0.0
0.0021916889
0.0
0.0021874723
0.0
0.0021832495
0.0021811358
0.0021790206
0.0021769037
0.0
0.0
0.0
0.0021684214
0.0
0.0
0.0021620435
0.0
0.0021577843
0.0
0.0043070377
0.0
0.0
0.0
-0.0021449707
0.0
0.0
0.0
0.0
0.0
0.0021321047
0.0
0.0
0.0
0.0
0.0
0.0
0.0
0.0
0.0
0.0
0.0
0.0
0.0
0.0
0.0
-0.0020975473
-0.0020953757
0.0
0.0
0.0
-0.004173353
-0.0020844983
0.0
-0.002080138
-0.002077956
0.0
0.0
0.0
0.0
0.0
0.0
0.0
0.0
0.0020582592
0.0
0.0
0.002051671
0.0
0.0020472726
0.0020450717
0.0
0.0
0.0
0.0
0.0020340483
0.00203184
0.0020296304
0.0
0.0
0.002022995
0.0020207807
0.0020185653
0.0
0.0
0.0
0.0
0.0
0.0
0.0
0.0020008013
0.0
0.0
0.0039882422
0.0019918922
0.0019896622
0.0
0.0
0.0
0.0
0.0
0.0
0.0
0.0
0.0
0.0
0.0019650608
0.0
0.0019605744
0.0019583295
0.0
0.0
0.0
0.0
0.0
-0.0019448393
0.0
0.0
0.0
0.0
0.0
0.0
0.0019290559
0.0019267973
0.0
0.0
0.0
0.0
0.0019154903
0.0
0.001910961
0.001908695
0.0
0.0
0.0019018917
0.001899622
0.0
0.0018950802
0.0
0.0
-0.0018882611
0.0
0.0
0.0
0.0018791569
0.0018768788
0.0018745998
0.0
0.0
0.001867758
0.0018654758
0.0018631929
0.001860909
0.0
0.001856339
0.0018540529
0.001851766
0.0
0.0
0.0018449007
0.0
0.0
0.0018380285
0.0
-0.0018334434
0.0
-0.0018288554
-0.0018265604
0.0
0.0
0.0
0.0
0.0
0.0018127753
0.0
0.0
0.0
-0.0018035716
0.0
0.0
0.0
0.003588715
0.0017920524
0.0
0.0
0.0
0.0
0.0
0.0
0.0017758994
0.0017735894
0.0
0.0
0.0017666561
0.0
0.0
0.0
-0.0017574036
0.0
0.0
0.0
0.0017481424
0.0017458257
0.0
0.0
-0.0017388728
0.0
0.0
-0.0017319154
-0.0017295954
0.0
0.0
0.0017226321
0.0
0.0
0.0
-0.0017133413
0.0
-0.0017086933
-0.0017063686
-0.0017040435
0.0
0.0
0.0
0.0
-0.0016924118
0.0
-0.0016877564
0.0
0.0
0.0
0.0
0.0
0.0
0.0
0.0
0.0
0.0
0.0
0.0
0.0016574608
0.0016551281
0.00330559
0.0
0.001648128
0.0016457941
0.0016434599
0.0016411254
0.0016387906
0.0016364555
0.0016341202
0.0032635694
0.0
0.0016271129
0.0016247766
0.0
0.0
0.0016177665
0.0032308586
0.0
0.0
0.0016084164
0.003212157
0.0016037404
0.003202804
0.0015990634
0.0
0.0015943858
0.0015920468
0.0015897077
0.0015873683
0.0
0.0015826892
0.0015803494
0.0015780096
0.0015756695
0.0015733294
0.0015709891
0.0
0.0015663084
0.0
0.0
0.0
0.0015569457
0.0015546049
0.0
0.0
0.0015475819
0.0015452408
0.0015428996
0.0015405584
0.0015382172
0.0
0.0
0.0
0.0
0.0030530216
0.0
0.0015218282
0.0
0.0
0.0015148043
0.0
0.0015101219
0.0
0.0
0.0
0.0
0.0
-0.0014960757
0.0
-0.0014913941
-0.0014890534
0.0014867128
0.0014843723
0.0014820319
0.0
0.0
0.0
0.0
-0.0014703316
-0.001467992
0.0
0.0
-0.0014609736
0.0
-0.0014562956
-0.0014539568
0.0
-0.0014492797
-0.0014469415
-0.0014446034
-0.0014422656
-0.0014399278
0.0
-0.0014352531
-0.001432916
-0.0014305791
-0.002856485
-0.0028518124
-0.00284714
-0.0028424682
-0.0014188983
0.0
-0.0014142278
-0.0014118929
-0.0014095583
-0.001407224
-0.0014048899
-0.0014025561
-0.0014002225
0.0
0.0
0.0
0.0
-0.0013885596
-0.001386228
-0.0013838967
0.0
-0.0013792351
0.0
0.0
0.0
0.0
0.0
0.0
0.0
0.0
-0.0013582754
-0.0013559485
0.0
0.0
0.0
0.0013466448
0.0
-0.0013419954
0.0
-0.0013373479
-0.0013350247
0.0
-0.0013303797
0.0
0.0
-0.0013234159
-0.0013210955
-0.0013187756
-0.0013164562
-0.0013141374
-0.001311819
-0.001309501
-0.0013071836
0.0
0.0013025504
0.0013002346
0.0012979193
0.0
0.0
0.0
0.0
0.0
0.0
0.0012817276
0.0
0.0
0.0012747968
0.0012724877
0.0
0.0
0.0
-0.0012632573
0.0
-0.0012586459
-0.0012563411
0.0
0.0
-0.0012494305
0.0
0.0
0.0
0.0
0.0
0.0
0.0
0.0
0.0
0.0012264384
0.0
0.0
0.0
0.0
0.0
-0.0012126766
0.0
0.0
0.0
0.0
0.0
0.0
0.0
0.0
0.0011920842
0.0
0.0
0.0011852339
0.0
0.0
0.0023567819
0.0011761115
0.0
0.0
0.0
0.0
0.0023294543
0.0
0.0
0.0
0.0
0.0
0.0
0.0
0.0
0.0
0.0
0.0
0.0
0.0
0.0
0.0
0.0
0.0
0.0
0.0
0.0
-0.0022343053
0.0
0.0
0.0
0.0
0.0
0.0
0.0
0.0
0.0
0.0
0.0
0.0
0.0
0.0
0.0
0.0
0.0
0.0
0.0
0.0
0.0
0.0
0.0
0.0
0.0
0.0
0.0
0.0
0.0
0.0
0.0010477134
0.0010454906
0.0
0.0010410484
0.0
0.0010366108
0.0010343937
0.0010321777
0.002059926
0.0
0.0010255369
0.0
0.0
0.0010189067
0.0
0.0
0.0
0.0
0.0
0.0010056787
0.0
0.0
0.0
0.0
0.0
0.0
9.903017E-4
9.8811E-4
0.0
0.0
0.0
-9.793559E-4
0.0
0.0
0.0
0.0
0.0
0.0
-9.64086E-4
-9.619098E-4
0.0
0.0
0.0
9.532185E-4
0.0
9.4888086E-4
9.4671414E-4
0.0
0.0
0.0
-9.3806075E-4
0.0
0.0
-9.315852E-4
-9.294295E-4
-9.272752E-4
-9.251223E-4
-9.229708E-4
-9.2082075E-4
0.0
0.0
0.0
0.0
9.1009185E-4
0.0
-9.0581045E-4
0.0
0.0
0.0
0.0
0.0
8.930013E-4
0.0
0.0
0.0
0.0
0.0
0.0
0.0
0.0
8.738886E-4
0.0
0.0
0.0
-8.654338E-4
8.633239E-4
0.0
0.0
0.0
0.0
-8.527982E-4
0.0
0.0
-8.465018E-4
0.0
0.0
0.0
-8.3812897E-4
-8.360398E-4
0.0
0.0
0.0
0.0
0.0
0.0
0.0
-8.193853E-4
0.0
0.0
0.0
-8.110978E-4
-8.090301E-4
-8.069641E-4
0.0
0.0
-8.007763E-4
0.0
0.0
-7.946039E-4
0.0
0.0
-7.88447E-4
0.0
0.0
-7.8230567E-4
0.0
0.0
0.0
0.0
0.0
7.700704E-4
0.0
0.0
0.0
0.0
0.0
0.0
0.0
-7.538566E-4
-7.5183803E-4
0.0
0.0
0.0
0.0
-7.4177247E-4
-7.397649E-4
0.0
0.0
7.3375326E-4
7.317531E-4
0.0
0.0
0.0
0.0
0.0
-7.1979157E-4
0.0
0.0
-7.138364E-4
0.0
0.0
-7.078984E-4
-7.059229E-4
-7.0394936E-4
0.0
7.0000807E-4
0.0
0.0
0.0
-6.921488E-4
0.0
0.0
-6.8627496E-4
0.0
0.0
-6.804189E-4
0.0
0.0
0.0
0.0
-6.7069876E-4
0.0
0.0
-6.6489074E-4
-6.6295883E-4
0.0
0.0
0.0
0.0
6.533296E-4
0.0
0.0
0.0
0.0
-6.437518E-4
0.0
6.399352E-4
-6.3803E-4
0.0
0.0
-6.32327E-4
0.0
-6.285355E-4
0.0
0.0
-6.228641E-4
0.0
0.0
0.0
-6.153321E-4
6.1345444E-4
0.0
-6.097056E-4
-6.078344E-4
0.0
-6.0409843E-4
-6.0223375E-4
0.0
0.0
0.0
0.0
0.0
0.0
-5.892419E-4
0.0
0.0
0.0
5.818664E-4
0.0
-5.78192E-4
-5.763581E-4
0.0
0.0
0.0
5.690451E-4
0.0
0.0
5.635839E-4
-5.617681E-4
0.0
0.0
0.0
0.0
0.0
0.0
0.0
0.0
5.4552796E-4
5.43735E-4
0.0
-5.40156E-4
0.0
-5.365863E-4
0.0
0.0
-5.3124916E-4
5.294748E-4
0.0
-5.259331E-4
0.0
-5.224009E-4
-5.206383E-4
0.0
-5.1712024E-4
0.0
-5.1361165E-4
-0.0010237219
0.0
0.0
-5.066232E-4
0.0
-5.031433E-4
-5.0140696E-4
-4.996731E-4
0.0
4.962125E-4
0.0
4.927616E-4
0.0
0.0
4.8760357E-4
0.0
0.0
4.824675E-4
0.0
0.0
-4.7735355E-4
0.0
-4.739566E-4
-4.7226183E-4
0.0
0.0
0.0
0.0
4.6382527E-4
0.0
-4.6046812E-4
4.587933E-4
0.0
-4.5545123E-4
-4.5378396E-4
0.0
4.50457E-4
4.4879733E-4
0.0
-4.4548558E-4
0.0
-4.42184E-4
0.0
4.3889263E-4
4.372508E-4
4.356115E-4
4.3397478E-4
4.3234063E-4
4.3070907E-4
4.2908007E-4
4.2745366E-4
4.2582984E-4
4.242086E-4
4.2258998E-4
4.2097393E-4
0.0
0.0
0.0
0.0
4.129328E-4
4.113324E-4
0.0
0.0
0.0
0.0
4.0336995E-4
0.0
0.0
0.0
0.0
0.0
0.0
3.923336E-4
3.9076761E-4
0.0
0.0
3.8608574E-4
3.845305E-4
3.8297792E-4
3.8142802E-4
3.7988083E-4
3.7833632E-4
0.0
3.7525545E-4
3.737191E-4
0.0
3.7065445E-4
3.6912624E-4
3.6760073E-4
3.6607796E-4
3.645579E-4
3.630406E-4
3.61526E-4
3.6001418E-4
7.170102E-4
0.0014279949
3.5549514E-4
3.539943E-4
3.5249625E-4
3.5100093E-4
3.495084E-4
3.480186E-4
3.465316E-4
3.450474E-4
0.0
3.4208727E-4
3.4061138E-4
3.391383E-4
0.0
0.0
3.347358E-4
0.0
0.0
0.0
0.0
0.0
0.0
0.0
0.0
0.0
0.0
3.1881002E-4
0.0
-3.1595124E-4
0.0
0.0
0.0
0.0
0.0
0.0
0.0
0.0
0.0
0.0
0.0
0.0
0.0
-5.925205E-4
0.0
0.0
0.0
0.0
-2.8936483E-4
0.0
0.0
0.0
-5.678017E-4
0.0
0.0
0.0
-2.7848364E-4
0.0
0.0
0.0
0.0
0.0
0.0
0.0
0.0
0.0
2.651467E-4
0.0
0.0
0.0
0.0
-2.585893E-4
0.0
0.0
0.0
0.0
0.0
0.0
0.0
0.0
0.0
0.0
0.0
0.0
0.0
4.812534E-4
4.7873252E-4
0.0
0.0
0.0
0.0
4.6621903E-4
4.6373456E-4
0.0
4.5878394E-4
0.0
0.0
0.0
0.0
0.0
0.0
0.0
0.0
0.0
0.0
4.319932E-4
0.0
-2.1360104E-4
0.0
0.0
0.0
4.1769413E-4
0.0
0.0
0.0
0.0
0.0
4.036183E-4
2.0064706E-4
0.0
0.0
0.0
0.0
0.0
0.0
1.9259995E-4
0.0
0.0
0.0
0.0
0.0
0.0
0.0
1.8359163E-4
0.0
0.0
1.8026559E-4
0.0
0.0
0.0
1.7587522E-4
0.0
0.0
1.7261581E-4
0.0
0.0
0.0
0.0
0.0
1.6618308E-4
0.0
0.0
1.630099E-4
0.0
1.6091048E-4
0.0
0.0
1.5778546E-4
0.0
0.0
1.5468943E-4
1.5366387E-4
0.0
1.5162246E-4
-1.506066E-4
0.0
0.0
0.0
1.4657558E-4
-1.4557593E-4
0.0
0.0
1.425965E-4
1.4160988E-4
0.0
0.0
1.3866955E-4
1.3769597E-4
0.0
0.0
1.3479484E-4
0.0
0.0
0.0
-1.3097253E-4
0.0
0.0
0.0
0.0
-1.2626855E-4
0.0
0.0
-1.2348569E-4
-1.2256467E-4
-1.2164696E-4
0.0
-1.19821445E-4
1.1891366E-4
0.0
-1.17108015E-4
0.0
-1.1531563E-4
0.0
-1.13536546E-4
0.0
1.1177075E-4
-1.1089285E-4
0.0
-1.0914704E-4
-1.08279135E-4
0.0
0.0
-1.0569546E-4
1.0484092E-4
0.0
0.0
1.02297374E-4
0.0
0.0
0.0
0.0
-9.8125194E-5
-9.7300835E-5
-9.647984E-5
-9.566221E-5
0.0
0.0
0.0
0.0
0.0
0.0
0.0
0.0
0.0
0.0
0.0
-8.6113825E-5
-8.5340114E-5
0.0
8.3802865E-5
0.0
0.0
8.152247E-5
0.0
0.0
7.927268E-5
0.0
0.0
0.0
-7.632064E-5
0.0
0.0
0.0
7.342321E-5
7.270739E-5
-7.1995004E-5
0.0
0.0
0.0
6.917968E-5
6.848442E-5
0.0
0.0
6.641923E-5
6.57377E-5
0.0
6.438496E-5
6.371376E-5
0.0
0.0
6.1720784E-5
6.106336E-5
0.0
5.9758844E-5
-5.9111764E-5
0.0
0.0
5.7191253E-5
5.6557994E-5
0.0
0.0
5.4678985E-5
0.0
0.0
5.2831147E-5
0.0
0.0
0.0
0.0
4.9820796E-5
0.0
-4.8640974E-5
0.0
0.0
-4.6897323E-5
0.0
-4.57523E-5
0.0
0.0
0.0
0.0
0.0
0.0
0.0
-4.1311694E-5
0.0
-4.0236468E-5
-3.97041E-5
-3.9175233E-5
0.0
0.0
0.0
-3.7094775E-5
-3.658342E-5
0.0
-3.5571233E-5
-3.50704E-5
-3.4573077E-5
-3.4079265E-5
-3.3588964E-5
-3.310218E-5
-3.2618907E-5
-3.2139153E-5
-6.3325824E-5
0.0
-3.072099E-5
-3.0255305E-5
0.0
0.0
0.0
0.0
0.0
0.0
-2.7094182E-5
0.0
2.6222746E-5
2.5792324E-5
0.0
-2.4942075E-5
0.0
-2.410596E-5
2.3693206E-5
0.0
0.0
2.2476166E-5
0.0
0.0
0.0
0.0
2.051857E-5
2.013768E-5
0.0
-1.9386534E-5
-1.9016281E-5
0.0
1.8286419E-5
0.0
0.0
3.4436496E-5
-1.6869293E-5
3.3047785E-5
0.0
0.0
1.5509011E-5
-1.5177828E-5
1.4850202E-5
0.0
0.0
0.0
-1.3575279E-5
0.0
0.0
0.0
0.0
0.0
0.0
-1.1481268E-5
0.0
1.0915057E-5
0.0
0.0
0.0
0.0
-9.561959E-6
0.0
0.0
0.0
8.543734E-6
0.0
0.0
-7.817573E-6
-7.5826665E-6
-7.3513343E-6
0.0
0.0
-6.678791E-6
0.0
-6.2483114E-6
0.0
-5.8321425E-6
0.0
0.0
0.0
0.0
0.0
0.0
-4.4883036E-6
0.0
0.0
-3.9660918E-6
0.0
0.0
-3.4761272E-6
0.0
0.0
0.0
0.0
0.0
0.0
0.0
0.0
0.0
2.075939E-6
0.0
0.0
0.0
0.0
0.0
0.0
0.0
0.0
0.0
0.0
0.0
-8.6927935E-7
-7.920567E-7
0.0
0.0
0.0
0.0
-4.598047E-7
0.0
-3.5204212E-7
0.0
0.0
-2.1733533E-7
0.0
0.0
0.0
8.801307E-8
0.0
4.4904837E-8
0.0
0.0
-7.1848034E-9
-1.796202E-9
-0.0
