0.031160325
0.10679402
0.07938968
0.21813402
0.5223139
0.31917143
0.16712953
0.19456643
0.20858802
0.11968956
0.33427173
0.20698972
0.19197457
0.082514875
0.2976282
0.23769298
0.09402269
0.2875388
0.33036807
0.33688498
0.49335667
0.40960476
0.1311723
0.25460386
0.24954581
0.5111434
0.6405574
0.414399
0.23606609
0.23602632
0.030723464
0.2225331
0.3807402
0.32402474
0.15808316
0.2237941
0.1558301
0.23524049
0.25331083
0.12080132
0.13569355
0.13319357
0.05330935
0.14275214
0.108916506
0.023179522
0.09757986
0.0823936
0.09173618
0.06256774
0.052496023
0.14206995
0.21450895
0.16123179
0.102740504
0.21636009
0.16571397
0.043181926
0.0737936
0.13727611
0.25323758
0.23806275
0.07473642
0.27322134
0.13230173
0.15751189
0.1032002
0.13021429
0.101493314
0.06505604
0.13025549
0.15814266
0.15935239
0.13094477
0.18194863
0.2110852
0.17776786
0.05286544
0.07276047
0.12820336
0.20318928
0.1595896
0.11614801
0.15071498
0.06043826
0.082295544
0.029576443
0.029272614
0.10532632
0.06105768
0.17641178
0.26718313
0.13456927
0.09405187
0.03497773
0.13131328
0.044909745
0.051558077
0.087171346
0.09638122
0.09971352
0.14178063
0.105853125
0.03031275
0.06268359
0.090874806
0.097956516
0.051599253
0.14541526
0.17653848
0.11065719
0.04909637
0.055086546
0.06862837
0.1532944
0.14137842
0.06524976
0.1987221
0.08164861
0.039199933
0.045562413
0.08081675
0.1683423
0.18239722
0.04828006
0.09037382
0.053912897
0.12214525
0.124820985
0.1218298
0.13751045
0.077123426
0.068047084
0.13195501
0.14109947
0.040974528
0.16694109
0.15515192
0.17002155
0.13235894
0.016915765
0.07642962
0.049342845
0.01746264
0.08516126
0.11107832
0.13025877
0.06344605
0.07249969
0.038307123
0.18474355
0.21346387
0.15765855
0.2181548
0.19869429
0.12032889
0.023126708
0.09801088
0.06318905
0.14168927
0.2316712
0.24540608
0.18280272
0.16044533
0.12586828
0.15194778
0.090772055
0.03484816
0.098788604
0.09956883
0.06467697
0.04724473
0.05148421
0.048072696
0.053039674
0.06004588
0.08048791
0.017088404
0.05593
0.12864202
0.066924006
0.0705211
0.06406479
0.009878274
0.0066280398
0.055963002
0.0734814
0.056737725
0.13871606
0.12711857
0.10408568
0.10277939
0.094449095
0.08056032
0.10125285
0.14405197
0.06745
0.05494901
0.08598495
0.05743587
0.05157381
0.018466204
0.05278534
0.09314714
0.10432741
0.10995518
0.12842382
0.06920296
0.043909743
0.07018971
0.036213096
0.042379346
0.06807234
0.0735428
0.09193969
0.055406068
0.0574012
0.08105256
0.021119662
0.012196492
0.13742475
0.18702504
0.08185513
0.09894878
0.029698586
0.060460884
0.09656422
0.16581713
0.15955701
0.13800715
0.10021383
0.061524753
0.05331779
0.087165594
0.05025738
0.076661795
0.041780848
0.05850572
0.062670596
0.07740835
0.07379333
0.180792
0.114655115
0.09250699
0.11352514
0.16768049
0.07263192
0.06313199
0.031217674
0.095014386
0.12445069
0.13364652
0.09515236
0.09614326
0.059069473
0.07677445
0.03844945
0.017230311
0.055010285
0.054220386
0.03199989
0.047417466
0.11116398
0.10287896
0.01344978
0.059948664
0.060228232
0.062358193
0.10750929
0.07413717
0.07473172
0.07820946
0.06555297
0.02227254
0.071118705
0.07803484
0.074241325
0.12523527
0.06096034
0.13680981
0.16754666
0.090255454
0.026747726
0.069833994
0.050016034
0.03790478
0.053486247
0.021319136
0.019771868
0.06465504
0.048963442
0.044802647
8.2520075E-4
0.06205788
0.06388381
0.06565749
0.08834511
0.0942357
0.14890945
0.15973584
0.036794104
0.030359225
0.00545678
0.034787755
0.04148867
0.08961303
0.13190152
0.12571365
0.15477268
0.08016582
0.017727416
0.0429378
0.04752389
0.05854446
0.105909005
0.10218253
0.036213703
0.05506739
0.086792774
0.060114227
0.039131798
0.10619321
0.08170094
0.06939037
0.06743231
0.14996362
0.1394315
0.08678175
0.15297325
0.0730327
0.0955434
0.07761001
0.044547334
0.06118768
0.09757496
0.050018024
0.015580549
0.0529273
0.124883726
0.0841727
0.04730647
0.09684813
0.08700041
0.11193304
0.12383992
0.093391575
0.063176356
0.1141545
0.1017903
0.07452598
0.045219406
0.11572412
0.16096255
0.08557692
0.060638748
0.02802046
0.07762302
0.083965436
0.05786741
0.0448442
0.05154355
0.015804676
0.046790503
0.10443641
0.13012186
0.107217915
0.112783045
0.09204644
0.034992494
0.031994384
0.08500926
0.14311652
0.10579059
0.05841309
0.02669835
0.10630451
0.11562257
0.08468626
0.11452719
0.15616025
0.132745
0.05897854
0.086560346
0.13588695
0.09428979
0.0688579
0.07823226
0.0148469405
0.08466212
0.12063575
0.10707043
0.066843204
0.04437408
0.026120616
0.11695583
0.11769194
0.049103737
0.049766928
0.05062209
0.021625325
0.01945917
0.05305386
0.061667595
0.0501092
0.098459795
0.15835807
0.19446872
0.16693556
0.10837809
0.06056663
0.038629595
0.010339105
0.0069677345
0.0664423
0.0819371
0.03902675
0.027901772
0.005350766
0.039368473
0.008767277
0.10056178
0.09164433
0.035366118
0.03763139
0.062283713
0.04305393
0.10014732
0.11413413
0.09743014
0.06411077
0.0459826
0.048358366
0.029812451
0.043647517
0.043498028
0.028635582
0.061682377
0.12951416
0.15892282
0.116079934
0.053082705
0.061232466
0.055533763
0.080762185
0.10978012
0.09352495
0.05367793
0.05286467
0.009638778
0.08214182
0.077408694
0.10138269
0.12513539
0.09304168
0.016367842
0.058243234
0.03347514
0.04109149
0.090189
0.024925107
0.01622289
0.026376002
0.059564684
0.023602702
0.01688625
0.032222476
0.07853665
0.09048306
0.05573789
0.071934685
0.12786616
0.17356206
0.12740463
0.033600986
0.016916936
0.0420573
0.09947975
0.1019654
0.08935042
0.04062035
0.06197013
0.09210154
0.10759455
0.13451521
0.15381292
0.10704261
0.05757885
0.053516038
0.033323366
0.07131959
0.13802429
0.143476
0.08797464
0.017905839
0.047583632
0.06814842
0.1187452
0.0999462
0.06304902
0.101783074
0.10709439
0.07844958
0.049186334
0.05726468
0.06461369
0.101456255
0.05849298
0.01051635
0.021808505
0.06474037
0.09593449
0.1322417
0.059027813
0.06971587
0.0454666
0.123366185
0.1034331
0.038477488
0.114892736
0.13227487
0.05406463
0.08198252
0.09431644
0.07111213
0.07442072
0.06322711
0.09200415
0.09800705
0.047071274
0.05667076
0.09350846
0.07157011
0.11184836
0.08407439
0.0104997195
0.102911994
0.14742178
0.08488939
0.04078424
0.082318716
0.116580665
0.19052465
0.15686212
0.09938383
0.025220588
0.07566894
0.11691193
0.06639862
0.04392846
0.076218195
0.057977695
0.079157546
0.08879661
0.05883456
0.012031786
0.06418579
0.037307113
0.045998324
0.038286813
0.06471423
0.03336937
0.01760015
0.0714366
0.063985035
0.048914026
0.030354723
0.063698
0.066442974
0.04423449
0.0866834
0.075458266
0.053418774
0.072827734
0.041359935
0.01668155
0.0671641
0.11298975
0.05887231
0.014718057
0.058973864
0.0076291743
0.06758279
0.08772388
0.12027708
0.09285285
0.13730995
0.0936663
0.08927779
0.052240938
0.050148305
0.04686777
0.030948028
0.07425951
0.054428313
0.12307212
0.13609977
0.0872303
0.24038722
0.2841829
0.15124021
0.050064985
0.15795054
0.09963817
0.056815468
0.094684385
0.16654666
0.16606383
0.15766129
0.17614381
0.17624196
0.13722493
0.06921045
0.12228142
0.05114035
0.120432
0.10256643
0.055588998
0.08268627
0.1733677
0.19600417
0.05596041
0.099513955
0.12735716
0.08135493
0.10938832
0.10675242
0.08217225
0.072526276
0.12722605
0.12573269
0.09276399
0.12428267
0.087572224
0.110086694
0.08866907
0.02306538
0.03994927
0.14265999
0.12499096
0.021943381
0.04746069
0.0710261
0.124262996
0.19818336
0.13494577
0.037188232
0.109918736
0.09862139
0.040246855
0.1307225
0.16496707
0.10409456
0.1302585
0.09521779
0.013935837
0.086793795
0.0749074
0.003583333
0.022649834
0.0149170365
0.032966666
0.03620384
0.05131605
0.116754115
0.13408118
0.02603816
0.042620555
0.02887125
0.04216739
0.044063438
0.055166233
0.12338938
0.12286299
0.0938202
0.10788199
0.08050042
0.046764713
0.042246807
0.055948608
0.08446285
0.03954188
0.046064436
0.07246817
0.0810278
0.06157382
0.022327242
0.05857702
0.06095086
0.039066833
0.040642995
0.03057826
0.009832459
0.025129009
0.068719104
0.0891445
0.075018525
0.05081449
0.09219432
0.09749799
0.05950786
0.042469293
0.038964745
0.033457264
0.04764728
0.038422756
0.07359982
0.06073648
0.10651763
0.09642994
0.0407176
0.047735278
0.02735459
0.050492875
0.049798224
0.10168479
0.05998079
0.07564501
0.087011576
0.059307795
0.10484365
0.1338653
0.11147724
0.058869157
0.028967628
0.04556182
0.067049384
0.06465972
0.06371481
0.07551771
0.033388652
0.025525998
0.02622524
0.023050044
0.08229691
0.08115983
0.041079227
0.038106672
0.06383053
0.104495056
0.068021104
0.033413656
0.058974292
0.01327244
0.078552596
0.106493995
0.086607024
0.0699384
0.042207826
0.04025901
0.029225389
0.10253119
0.10985771
0.10911202
0.090070546
0.07591082
0.11385287
0.067740425
0.023803724
0.011765142
0.056343555
0.113762
0.094073735
0.014092879
0.026102118
0.086166866
0.05713226
0.029917412
0.043524534
0.008432964
0.03461576
0.01494105
0.029925713
0.03688897
0.08877463
0.08805011
0.09588434
0.11819805
0.08157686
0.051705103
0.035700433
0.033362884
0.051580492
0.022413326
0.051558975
0.08074198
0.020467626
0.049212053
0.0804147
0.01603127
0.05088039
0.04515701
0.044854674
0.033545002
0.061307132
0.06694587
0.032100312
0.0712235
0.083642334
0.06251966
0.03650116
0.020350581
0.024787204
0.04175615
0.082052864
0.049193088
0.026959013
0.018884636
0.028902704
0.029915297
0.03877902
0.02440453
0.07134475
0.07420183
0.040496472
0.056920912
0.11111554
0.09699502
0.09520776
0.09022173
0.07532924
0.054227855
0.019756664
0.057740398
0.08148493
0.09734643
0.0904578
0.042111166
0.04871213
0.03584156
0.06992846
0.05800577
0.034758255
0.08792545
0.10874086
0.09789913
0.06405884
0.09134525
0.07211063
0.036589973
0.11853609
0.11797793
0.06680019
0.06759109
0.09172225
0.08019319
0.043542683
0.049402975
0.034596212
0.09800591
0.106304154
0.046464127
0.05457281
0.046761524
0.08155544
0.068486206
0.037229728
0.019062566
0.053946584
0.0398067
0.006346139
0.028907463
0.028207112
0.084661454
0.07662316
0.058158744
0.068107866
0.014209293
0.09021114
0.06660856
0.02618329
0.032556567
0.03432586
0.04320538
0.0371818
0.025795134
0.028999245
0.05994003
0.06609451
0.042409178
0.029389989
0.077141255
0.1240377
0.088526644
0.04893892
0.023644364
0.040248197
0.06342643
0.04765482
0.045153525
0.05849464
0.031001357
0.038907804
0.03134064
0.05362263
0.055662848
0.038449254
0.022164006
0.035958905
0.12154975
0.08294443
0.044111025
0.05881675
0.05349421
0.0425041
0.049145147
0.07664438
0.10304416
0.065041214
0.01436434
0.027451765
0.03246558
0.06815825
0.06586508
0.02851262
0.016997714
0.06313442
0.037736386
0.014272545
0.049269173
0.04390161
0.022232516
0.0034800018
0.049620077
0.063436344
0.089699104
0.073549904
0.045930482
0.10723037
0.1051473
0.09988405
0.07233422
0.05166361
0.008121392
0.048660558
0.0145407645
0.020975692
0.03988708
0.07898732
0.066980965
0.004788534
0.030717755
0.008462921
0.044629864
0.058667473
0.120490864
0.06837771
0.067528546
0.018342199
0.037287734
0.03852938
0.0829656
0.053894464
0.0568248
0.071730174
0.07219857
0.05513038
0.0143102305
0.061706424
0.046649367
0.0030690324
0.02717507
0.051875535
0.046379473
0.09056205
0.11558866
0.1008721
0.07898187
0.044650804
0.036991496
0.08369257
0.08378486
0.030041033
0.09043227
0.14333291
0.09576847
0.06377819
0.032334715
0.052352976
0.053560004
0.058241427
0.077365614
0.07357679
0.09376677
0.10535639
0.1169199
0.120059155
0.08388037
0.10906336
0.114677325
0.11220688
0.098529175
0.08965749
0.081617214
0.05733931
0.060447495
0.037618198
0.015282788
0.02962903
0.03199132
0.040189806
0.040081628
0.10591877
0.096496105
0.030164815
0.059343982
0.038187444
0.047211334
0.026475864
0.053584013
0.067298934
0.078258425
0.09117525
0.057669885
0.014953004
0.03443132
0.04790755
0.051721223
0.06134207
0.0383387
0.13776211
0.10585912
0.074449174
0.08174709
0.039285935
0.015820034
0.009900173
0.014915459
0.011518802
0.035719924
0.08229485
0.1297511
0.16062334
0.1025878
0.01768108
0.035568465
0.02715707
0.022407416
0.06294538
0.10304298
0.1260834
0.07098159
0.02478549
0.078116156
0.07790444
0.07683126
0.076459266
0.07883399
0.072375156
0.058602333
0.096058704
0.073003314
0.026590219
0.031726304
0.04997674
0.038362667
0.0059063802
0.028622625
0.065252535
0.036724165
0.05388706
0.038895484
0.07668778
0.15511556
0.13652155
0.06791642
0.07798079
0.07121158
0.083021
0.088171445
0.03955231
0.052073803
0.058095034
0.06460874
0.074582554
0.07929085
0.037523326
0.045393888
0.08207697
0.044614375
0.016458953
0.049980577
0.06398096
0.08533712
0.09539377
0.035467014
0.027479263
0.056478556
0.057296164
0.021000268
0.03593607
0.033431783
0.006892543
0.016567355
0.010044027
0.060460467
0.050438676
0.040974226
0.036322434
0.03836141
0.06659373
0.06212983
0.07531711
0.08728934
0.0064769723
0.087834805
0.06539716
0.025168592
0.019314155
0.05878277
0.07360045
0.03531389
0.03295847
0.05042264
0.055146337
0.06666336
0.04965137
0.0686136
0.033348836
0.040073726
0.035827093
0.05157302
0.03093723
0.014487074
0.03784986
0.07320533
0.051036514
0.02870284
0.03199734
0.06865935
0.13493702
0.07352637
0.057811864
0.117175706
0.09552256
0.030510033
0.018867241
0.07766077
0.09793775
0.09843073
0.111174695
0.14234072
0.12296273
0.06271019
0.040588614
0.029234618
0.01897498
0.01545398
0.012621667
0.051012166
0.06160142
0.04990428
0.027126346
0.074428774
0.11312908
0.08724565
0.06920009
0.054741375
0.060645904
0.045159016
0.04988576
0.061910488
0.0416598
0.035318356
0.042064056
0.0781403
0.054846905
0.06724025
0.091866314
0.09442284
0.07302664
0.005267377
0.07347358
0.036354408
0.038785834
0.057465956
0.07637487
0.09936006
0.0909145
0.1050298
0.07514597
0.012172122
0.044365942
0.077897005
0.0985817
0.04314695
0.07203282
0.0317545
0.03786631
0.044561487
0.07314646
0.10879076
0.08668559
0.047450732
0.039914656
0.082950465
0.04762466
0.0347042
0.026954662
0.02332555
0.06762831
0.071587905
0.09531517
0.087771855
0.07808921
0.048711583
0.04709984
0.08261042
0.11537988
0.095690735
0.04073897
0.032778934
0.060914084
0.058900293
0.015281222
0.06276942
0.06680928
0.053953696
0.058052134
0.051889393
0.05215742
0.017246846
0.019600645
0.07438944
0.09440193
0.07741354
0.07472104
0.057006992
0.015602199
0.010961027
0.050056323
0.05632601
0.033803377
0.11093192
0.11810006
0.05422781
0.075789206
0.073023304
0.12674756
0.07211747
0.09547295
0.118824
0.023796992
0.045984846
0.026562972
0.046110466
0.018513337
0.072381064
0.018892895
0.02160454
0.013719756
0.01888025
0.044238903
0.03890537
0.05025064
0.053813826
0.06733052
0.08699262
0.07179247
0.035620954
0.0135079445
0.025108159
0.0835034
0.03428948
0.036418337
0.032723974
0.032838948
0.05776917
0.06861961
0.041963574
0.0579981
0.05742131
0.04521674
0.025210138
0.089723736
0.06263301
0.027062146
0.070023365
0.031782832
0.08509323
0.0744174
0.029026039
0.038946327
0.03983551
0.07123777
0.09419404
0.09016093
0.12015551
0.11894755
0.13611762
0.12829909
0.098693244
0.106397465
0.07174578
0.027063604
0.076019965
0.06343134
0.016878512
0.034157738
0.048640944
0.0967869
0.09788657
0.041367758
0.11942286
0.15505184
0.17029035
0.15400171
0.089886956
0.06859174
0.08576496
0.08797173
0.05278
0.03601601
0.07920517
0.07506408
0.07145395
0.06731645
0.06774005
0.121155486
0.06682403
0.031487174
0.022528
0.023928035
0.09025003
0.1451326
0.10762605
0.058500532
0.014890278
0.013981142
0.08063442
0.06417784
0.046800636
0.0675933
0.067278914
0.07514923
0.10729106
0.071812086
0.057558794
0.036016777
0.008431871
0.028701985
0.031077294
0.037625466
0.028192883
0.074314415
0.13581786
0.114610985
0.04015672
0.016123462
0.026714075
0.0855171
0.09138487
0.098427944
0.019635597
0.06330036
0.0985825
0.14242406
0.14953986
0.14792168
0.11359238
0.02387853
0.079939775
0.09847747
0.10419426
0.07255317
0.028897202
0.044554483
0.048587825
0.049456395
0.03851389
0.053520143
0.07462416
0.1365029
0.15934984
0.083585754
0.060118675
0.09382186
0.061345503
0.06273911
0.055061147
0.044896793
0.055940185
0.048985407
0.05979679
0.024808612
0.0642092
0.08784027
0.051821128
0.08488447
0.12655881
0.072477825
0.0065994086
0.02221064
0.05272018
0.09753122
0.112279445
0.0586416
0.055341996
0.11871654
0.1574838
0.1196251
0.09198165
0.08867897
0.050089832
0.042403843
0.05160121
0.073734954
0.06617134
0.12403952
0.07301949
0.021911766
0.08843014
0.08435083
0.030995222
0.045188516
0.023288488
0.03989787
0.05754178
0.10099076
0.05166107
0.1010605
0.12007131
0.08491577
0.07532385
0.0164732
0.005276931
0.09928625
0.13193676
0.07129547
0.058715627
0.12005439
0.09180825
0.030749079
0.03374419
0.08081681
0.1180225
0.09317874
0.105422966
0.14831972
0.09881251
0.014904614
0.028113225
0.015824502
0.057152934
0.028023144
0.07780668
0.058683626
0.07455236
0.021384241
0.059087902
0.021616789
0.06771545
0.15075375
0.16609277
0.07133694
0.056855306
0.054680105
0.053359155
0.06686932
0.07223505
0.05111113
0.037949476
0.065048546
0.086239435
0.04125952
0.057336055
0.10797981
0.08388554
0.041462768
0.09841478
0.06936356
0.023022937
0.034464307
0.0138436435
0.00497132
0.01669018
0.08883762
0.11845268
0.09305937
0.1073102
0.095441215
0.079570524
0.05098646
0.029616578
0.07843253
0.0044503193
0.096638635
0.061356843
0.076899305
0.094191566
0.057147466
0.035354365
0.089573525
0.10237048
0.0970215
0.07431871
0.088598594
0.036393527
0.04873586
0.03606379
0.027219884
0.06225815
0.13417496
0.13688657
0.08054224
0.070447765
0.031971056
0.106279336
0.12424665
0.13108993
0.103254125
0.04403545
0.05689912
0.07983796
0.041849267
0.035460483
0.062076528
0.07688198
0.04488565
0.033997916
0.08144947
0.088672355
0.04116514
0.08982172
0.10970943
0.06259003
0.023835711
0.050195675
0.046819452
0.10709641
0.099430665
0.015254999
0.048864365
0.07877214
0.04033186
0.036436014
0.040612884
0.047952432
0.07877956
0.06487533
0.03449076
0.03946292
0.05426875
0.071083345
0.048758645
0.02826733
0.016814725
0.07482978
0.083858885
0.03530267
0.055495087
0.02996893
0.0075782468
0.023278842
0.017081436
0.085585244
0.076159
0.06255365
0.08273513
0.045889385
0.045719
0.06877458
0.056502808
0.013204199
0.004724188
0.022362458
0.042257346
0.043853413
0.038852468
0.065643415
0.03156575
0.04176603
0.029455444
0.063091055
0.13354166
0.13354117
0.07562558
0.043208245
0.042075373
0.039772954
0.031638555
0.035177156
0.032107018
0.045111835
0.0787984
0.08112515
0.10891908
0.059092827
0.040505625
0.080800965
0.065235674
0.01099599
0.015981367
0.02709013
0.030064035
0.036981683
0.109957755
0.12797467
0.08885318
0.042645626
0.02395018
0.05012111
0.113778025
0.12354212
0.08566448
0.068349764
0.04768095
0.028627029
0.047774523
0.04205965
0.02447776
0.08158295
0.08530603
0.08080784
0.023797989
0.039073404
0.091392554
0.14980358
0.07394576
0.037232783
0.029218948
0.102008656
0.13898404
0.071207345
0.013131114
0.033293664
0.06798015
0.037893552
0.040487807
0.030964188
0.056133453
0.08064115
0.07150192
0.082758226
0.08764077
0.066783495
0.012057801
0.041773446
0.058477238
0.04764841
0.025092103
0.05433846
0.033152703
0.053625442
0.050407525
0.08123138
0.033872932
0.0385995
0.018452154
0.072614364
0.12999995
0.047469582
0.030242305
0.07672145
0.07955283
0.112216555
0.12492658
0.038314506
0.039173115
0.07194752
0.120760694
0.08939756
0.04889143
0.036588434
0.06284149
0.054920092
0.06806107
0.036069464
0.025954517
0.0032844003
0.056086656
0.08184002
0.026602862
0.048078783
0.052561566
0.0633459
0.08444384
0.093892634
0.028448794
0.055650927
0.060839113
0.04595066
0.042883206
0.028779425
0.07861608
0.09157885
0.06286702
0.082291804
0.099592835
0.07498418
0.04046922
0.09335088
0.067289725
0.078887336
0.068292834
0.0495498
0.04049957
0.057208985
0.027126307
0.052101452
0.04976251
0.06725296
0.07444951
0.023700956
0.09132222
0.045981113
0.048363194
0.08477163
0.07407543
0.058626328
0.05007303
0.021443922
0.06344075
0.053634398
0.043733016
0.06021098
0.11423975
0.105958566
0.05376453
0.14674507
0.17475513
0.089598075
0.07657358
0.13083982
0.0935665
0.08161005
0.055527218
0.084283814
0.14311609
0.11370689
0.018230017
0.06349054
0.068494484
0.019957487
0.0053392034
0.040455293
0.038360566
0.058532566
0.085387394
0.056396548
0.07616706
0.042586572
0.056620914
0.04323403
0.033011507
0.026190761
0.044516206
0.08805088
0.14233068
0.14356554
0.061944272
0.075786956
0.07569672
0.03151977
0.035952426
0.032732047
0.08518678
0.036047198
0.032083325
0.02676902
0.015798507
0.08670715
0.14877814
0.07010664
0.013466552
0.010747067
0.019308506
0.014831799
0.052246377
0.048670214
0.051991723
0.07428672
0.05142236
0.0507723
0.0472858
0.1176409
0.112991944
0.05811747
0.056261748
0.075109914
0.07688522
0.06052066
0.07092608
0.11001788
0.09934636
0.023589836
0.059516836
0.041990418
0.05624413
0.116996
0.15356359
0.08980139
0.043353833
0.079256736
0.08348765
0.04472666
0.042797875
0.056663953
0.030279148
0.040168952
0.02433522
0.040687215
0.027425768
0.015684668
0.054014266
0.091671534
0.09991991
0.09212494
0.06852961
0.054165542
0.043234847
0.039067216
0.017173186
0.07039416
0.08358939
0.056872573
0.066650264
0.052872233
0.06201331
0.047760386
0.06881834
0.14849596
0.11019209
0.11319711
0.08973137
0.027580392
0.02977495
0.07325921
0.06694416
0.10189991
0.05740793
0.058327634
0.084629215
0.06492655
0.033301685
0.011268254
0.026845185
0.11438606
0.077424735
0.059568208
0.0699268
0.005988875
0.052586067
0.076373786
0.04438257
0.14242263
0.1278191
0.10045133
0.11751063
0.059477836
0.009078325
0.050530247
0.050498016
0.025732834
0.044974264
0.017882494
0.09887697
0.07491981
0.06952059
0.038350083
0.034559574
0.041506093
0.10235666
0.076751344
0.020712534
0.038160753
0.05950178
0.043356463
0.09031659
0.094811164
0.079021856
0.06810165
0.038095146
0.03221393
0.08478184
0.04910245
0.073795564
0.04110399
0.047683693
0.06768026
0.04360285
0.020396275
0.056589007
0.091160774
0.12435898
0.054133967
0.03227362
0.053177506
0.069853805
0.028072208
0.105488665
0.08481169
0.13111803
0.08089333
0.04655608
0.08638691
0.053332508
0.038984366
0.031437937
0.048077732
0.00591375
0.034252338
0.032662198
0.056751177
0.029447312
0.05476929
0.035357714
0.025714941
0.036798596
0.05533482
0.050097622
0.05167498
0.02411817
0.053533968
0.05892959
0.023724668
0.041462578
0.040129535
0.044263758
0.0149886105
0.075231545
0.033663135
0.048118148
0.06466014
0.046565294
0.03411729
0.08049586
0.08826762
0.06137473
0.03136123
0.04688406
0.03897528
0.07232502
0.041351803
0.007964323
0.015289566
0.011449849
0.020295177
0.023514377
0.01814617
0.01996875
0.048847023
0.034292795
0.0190289
0.019519921
0.016909314
0.03401003
0.038098607
0.026752455
0.06875451
0.07338038
0.05069913
0.03558976
0.012886969
0.04573876
0.09384116
0.04174541
0.022475366
0.009983331
0.012707975
0.017640973
0.040920448
0.059347656
0.06066144
0.059349295
0.045643557
0.017387003
0.036647975
0.043617997
0.04618591
0.03550947
0.020558495
0.024531467
0.04181373
0.06469117
0.048906706
0.028334737
0.059138495
0.02611637
0.07278329
0.08620802
0.063311204
0.040320054
0.028687079
0.030882657
0.015610126
0.051957045
0.0591153
0.013304133
0.015094393
0.011999468
0.02528719
0.01756398
0.0029840556
0.031861417
0.09374868
0.076007456
0.032758653
0.02482614
0.03215124
0.028918238
0.030524325
0.019664584
0.013182857
0.028102305
0.056798805
0.04787254
0.032136
0.043275908
0.024715941
0.022057353
0.022765385
0.015032373
0.019395644
0.055743918
0.044021994
0.018932158
0.012427919
0.0102414815
0.015818436
0.04359492
0.07159481
0.03623758
0.027155
0.035633586
0.055045784
0.07296155
0.08013787
0.047106
0.028808005
0.013564281
0.041212462
0.057805516
0.028686116
0.041494217
0.05318069
0.013107461
0.017500835
0.04740992
0.08009257
0.06109903
0.0255578
0.018371515
0.0040043583
0.033539213
0.025673248
0.020139929
0.020118909
0.041078027
0.07790558
0.0
0.0
0.0
0.0
0.0
0.0
0.0
0.0
0.0
0.0
0.0
0.0
0.006103047
0.0061029466
0.006102839
0.006102724
0.0
0.0061024725
0.003051168
0.003051096
0.0
0.0
0.003050859
0.003050773
0.003050683
0.0030505897
0.0061009857
0.0061007845
0.0
0.0
0.0
0.0
0.0030498356
0.0
0.0030495878
0.0030494586
0.0
0.0
0.0
0.0
0.0030487585
0.0
-0.0030484532
0.0030482954
0.0030481338
0.0030479687
0.0030478002
0.0
0.0030474518
0.0030472726
0.0
0.0030469028
0.0030467126
0.0
0.0
-0.0030461205
-0.003045916
0.0
0.0030454963
0.0
0.0
0.0
-0.0030446139
-0.0030443843
0.0
0.0
0.0
0.0
0.0
0.0030429321
0.0
0.0
0.0030421577
0.0
0.0
0.0
-0.0030410753
0.0
0.0030405126
0.0
0.0
-0.0030396418
0.0
0.0
0.0
0.0
0.0
0.0
-0.0030374855
0.0
0.0
0.0
0.0
0.0
0.0030354983
0.0
-0.0030348075
-0.0030344569
0.0
-0.0030337449
0.0
-0.0030330184
0.0
0.0
0.0
0.0
0.0
0.0
0.0
0.0
0.0030295746
0.0
0.0
0.0
-0.0030279518
0.0
0.0
0.0
0.0
0.0
0.0
0.0
0.0
0.0
0.0
-0.0030231979
0.0030227446
0.0
0.0030218272
0.0030213632
0.0
0.0
0.0
0.0030194724
0.0
0.0
0.0
0.0
0.0
-0.0030165305
0.0
0.0
0.0
0.0
0.0
0.0
0.0
0.0
0.0030118811
0.0
0.0
0.0030102683
0.0
0.0030091756
-0.003008624
0.0
0.0
-0.0030069482
0.0
-0.0060116276
-0.0030052413
-0.0030046653
0.0
0.0
0.0
0.0
-0.006003466
-0.0030011362
-0.0060010715
0.0
-0.0029993248
0.0
0.0
0.0
0.0
-0.0029962363
0.0029956084
0.0
0.0
0.0
0.0
0.002992416
-0.0059835347
-0.00598223
0.0
0.0029898002
0.0029891375
0.0
-0.002987802
0.0
0.0
-0.002985773
-0.0029850898
0.002984403
0.0
0.0029830192
0.0029823224
0.002981622
0.0
0.0
-0.0029795002
0.0029787861
0.0029780685
0.0
0.0
0.0
0.0
-0.0029744296
0.0029736916
0.0029729502
-0.0029722054
-0.0029714573
0.0029707055
-0.0029699504
0.002969192
0.0029684303
-0.002967665
0.0029668964
-0.0029661243
-0.005930698
0.0029645702
0.0
-0.0029630025
-0.0029622135
-0.0029614212
-0.0029606256
0.0
0.002959024
0.002958218
0.0029574088
0.0029565962
0.0029557804
0.0
-0.0029541384
0.0
0.002952483
0.0029516502
0.002950814
0.0029499745
0.0029491317
0.0029482855
0.0
0.0
0.002945727
0.0029448674
0.0029440045
0.0
0.0029422687
0.0029413959
0.0029405195
0.00293964
-0.0029387572
-0.0029378708
0.0
-0.0029360885
0.0029351923
0.0029342927
0.0
-0.0029324838
0.0029315744
0.0029306617
0.0029297455
0.0029288263
0.0029279036
0.0029269776
-0.0029260484
0.0
-0.00292418
0.0029232407
0.0029222982
0.0
0.0
-0.002919451
-0.0029184956
0.0029175368
0.0029165747
-0.0029156092
0.0
0.0
-0.0029126934
0.0
0.0
0.0029097481
0.00290876
0.0029077684
0.0
0.0029057756
-0.0029047744
0.0
0.0
-0.002901751
0.0029007369
-0.0028997194
0.0028986987
0.0028976747
0.0028966474
0.0028956172
0.0
0.0028935466
0.0
-0.0028914632
0.0
0.0
0.0028883142
0.0
-0.0028861987
0.0
0.0
-0.0028830015
0.0
0.0
0.0
0.0
0.0
-0.0028765209
0.0
0.0
0.0
-0.002872137
0.0
0.0
0.0
0.0028677022
0.0028665855
0.0
-0.0028643429
0.0
-0.0028620877
0.0
0.00285982
0.0
0.0
0.0
0.0
-0.0028540955
0.0
0.0028517838
0.0
0.0028494596
0.0
0.0
0.0
0.0
0.0028435946
0.0028424123
0.002841227
0.0
0.0028388468
0.002837652
0.0028364544
0.0028352535
0.0028340495
0.0
0.0028316325
0.0
0.0
0.0028279838
0.0
0.002825536
0.0028243074
0.0
0.0028218413
0.0
0.0
0.0
0.0
0.0028156226
0.0
0.0
0.0
0.0
0.0028093278
0.0
0.0028067888
0.0028055147
0.0
0.0028029578
0.0
0.0028003885
0.0
0.0
0.0
0.0
0.0
0.0
0.0
0.0
0.0
0.0
0.0
0.0
0.0
0.0
0.0
0.0
0.0
0.0
0.0
0.0
0.0
0.0
0.0
0.00276863
0.0027672697
0.0
0.0
0.0
0.0
0.0
0.0
0.0
0.0
0.0
0.0
0.0
0.0027507208
0.0
0.0
0.0
0.0
0.0
0.0
0.0
0.0
0.0027380362
0.0
0.0027351861
0.0
0.0027323244
0.0
0.0
0.0
0.0054531344
0.0
0.0
0.0
0.0
0.0
0.0
0.0
-0.002714917
0.0
0.0
0.0
0.0
-0.0027075447
0.0
0.0
0.0
0.0
0.0
0.0
0.0
0.0
0.0
0.0
0.0
0.0
0.0
0.0
-0.002685012
-0.0053669754
0.0
0.0
0.0
0.0
0.0
0.0
0.0
0.0
0.0
0.0
0.0
0.0
0.0
0.0
0.0026603006
0.0
0.0
0.0
0.0
0.0
0.0
0.0
-0.0052953754
0.0
0.0
0.0
0.0
0.0
-0.005276234
0.0
0.0
-0.0052665924
0.0
0.0
0.0
0.0
0.0
0.0
0.0
0.0
0.005237387
0.005234116
0.0
0.0
0.0026121365
0.0
0.0026088424
0.0052143834
0.0052110767
0.0026038825
0.002602224
0.0
0.0051977993
0.0
0.0
0.002593894
0.0
0.0025905445
0.0
0.0025871848
0.0051710024
0.0
0.0
0.0025804355
0.0
0.0
0.0025753477
0.0
0.0
0.0
-0.002568529
0.0025668181
0.002565105
0.0
0.0025616712
0.0
0.0
0.0
0.0
0.0
0.0
0.002549576
-0.005095677
0.0
0.0
-0.0025426117
0.0
0.0
0.0
0.0025356088
0.0025338521
0.0
0.0025303317
0.0025285678
0.0025268018
0.0025250332
0.0025232625
0.0
0.0
0.0
0.0
0.0
0.0
0.0
0.0
0.0025072198
0.0
-0.0025036293
0.0
0.0025000295
0.0024982262
0.0
0.0
-0.0024928025
-0.00249099
0.0
0.0
0.0
0.0
0.0
0.0024800678
0.0
0.0024764088
0.0024745762
0.002472741
0.0
0.0
0.0
0.0
0.0024635328
0.0
0.0
-0.0024579815
-0.0024561265
0.0
0.0
0.0
-0.0024486852
-0.0024468193
-0.0024449513
-0.0024430812
-0.002441209
-0.0024393345
-0.002437458
0.0024355792
0.0
0.0
0.0
0.0
0.0
0.0
0.0
0.0
0.0
-0.0024166747
0.0
0.0
0.0
0.0
-0.0024071436
0.0
0.0
-0.0024014001
-0.0023994814
0.0
-0.002395638
0.0
0.0
0.0
0.0
0.0
0.0
0.0023821215
0.0
-0.0023782414
-0.0023762984
0.0
0.0023724062
0.0023704572
0.0023685063
0.0
0.0023645982
0.0
0.0023606822
0.0047174427
0.0023567586
0.0023547937
0.0
0.0
0.0
0.002346915
0.0023449406
0.002342964
0.0046819714
0.0
0.0
0.0
0.0023330532
0.0
0.0
0.0
-0.00232509
0.0
-0.0023210973
-0.002319098
0.0
0.002315094
0.0
0.0
-0.004618148
-0.0023070637
0.0
-0.0023030373
-0.0023010215
-0.0022990038
-0.0022969844
-0.002294963
-0.00229294
0.0
0.0
-0.0022868598
-0.0022848293
0.0
0.0
0.0
0.0
0.0
-0.00227261
-0.0022705672
-0.0022685227
-0.0022664766
0.0
0.0
-0.0022603276
-0.0022582742
-0.0022562195
-0.0022541627
-0.0022521045
0.0
0.0
0.0
-0.002243854
-0.0044835745
-0.0022397188
0.0
0.0
0.0
0.0
-0.002229351
0.0
0.0
-0.0022231105
0.0
0.002218942
0.0
0.0
0.0
0.0
0.0
0.0
0.0
0.0
-0.0022001031
0.0
-0.0021958991
-0.0021937948
0.0
-0.0021895813
-0.0021874723
0.0
-0.0021832495
0.0
0.0
-0.0021769037
0.0
0.0021726657
-0.0021705441
-0.0021684214
0.0
0.0
-0.0021620435
0.0
0.0
0.0
0.0021535188
0.0
0.0
-0.00214711
-0.0021449707
-0.00214283
-0.0042813756
-0.002138544
-0.002136399
0.0
0.0
0.0
-0.0021278046
-0.0021256523
0.0
0.0
0.0
0.0
0.0
0.0
0.0
0.0
0.0
0.0
0.0
0.0
0.0
0.0
0.0
0.0
0.0
0.0020866764
0.0
0.0
0.0
0.0
0.0
0.0
0.0
0.0020692146
-0.0020670262
0.0
0.0020626453
0.0
0.0020582592
0.0
0.0
0.0
-0.0020494724
0.0
0.0
0.0
-0.0020406658
0.0
0.0
0.0
0.0
0.0
0.0
0.002025208
0.0
0.0
0.0
-0.0020163488
0.0020141313
0.0
0.0020096924
0.0020074714
0.0
0.0
0.0
0.0
-0.0019963488
0.0
0.0
0.0019896622
0.001987431
0.0
0.0
0.0
0.0
-0.0019762593
0.0019740216
0.0019717831
0.0
0.0019673028
0.0019650608
0.0019628182
0.0
0.0
0.0019560836
0.0019538368
0.0
0.0
0.0019470901
0.0
0.0019425874
0.0
0.0
0.0
0.0019335703
0.0
0.0
0.0
0.0
0.0
0.0
0.0
0.0
0.0
0.0
-0.001908695
0.0019064281
0.0019041602
0.0
0.003799244
0.0
0.0
0.0
-0.001890535
0.0
0.0
0.0
0.0
0.0018791569
0.0
0.0
0.0018723201
0.0
0.001867758
0.0
0.0
-0.001860909
0.0
0.001856339
0.0
0.0
-0.0018494782
0.0
0.0
0.0
0.0
-0.0018380285
-0.0018357363
-0.0018334434
-0.0018311498
0.0
0.0
0.0
-0.0018219681
0.0
0.0
0.0
0.0018127753
0.0
0.0
0.0
-0.0018035716
0.0
0.0
0.001796662
0.0
0.0
0.0
-0.0017874404
0.0
0.0
-0.0017805176
0.0
0.0
-0.0017735894
-0.0017712789
-0.0017689677
0.0
0.0
0.0
0.0017597175
0.0
0.0
0.0
-0.0017504585
0.0
0.0
0.0
0.0
0.0
-0.0017365542
0.0
0.0
0.0
-0.0034545495
-0.0034499073
0.0
0.0
0.0
0.0
0.0
-0.0034220351
0.0
0.0
0.0017040435
0.0
0.0
0.0
-0.003389478
-0.0033848237
0.0
-0.0033755128
0.0
0.0
-0.0033615408
0.0
0.0
0.0
0.0
0.0
0.0
0.0
0.0
0.0
0.0
0.0
0.0
0.0
0.0
0.0
0.0
0.0
0.0
0.0
0.0
0.0
0.0
0.0
0.0016247766
-0.0016224402
0.0
0.0
0.0
0.0
-0.0016107543
0.0
0.0
0.0
0.0
-0.0015990634
0.0
0.0
0.0
0.0
0.0
0.0
0.0
0.0
-0.0015780096
-0.003151339
0.0
0.0
0.0
0.0
0.0
0.0
0.0
0.0
0.0
0.001552264
-0.001549923
0.0
0.0
0.0
0.0
-0.0015382172
0.0
0.0
0.0
0.0015288522
0.0
0.0
0.0
0.0
0.0
0.0
0.0
0.0
0.0
0.0
-0.0015030985
-0.0015007575
0.0
0.0
0.0
0.0
0.0
-0.0014867128
0.0
0.0
-0.0014796916
0.0
0.0
0.0
0.0
0.0
0.0
0.0
-0.0014609736
0.0
-0.0014562956
0.0
0.0
-0.0014492797
0.0
-0.0014446034
-0.0014422656
-0.0014399278
-0.0014375903
0.0
-0.001432916
0.0
0.0
-0.0014259062
-0.00142357
0.0
0.0
0.0
0.0
0.0
-0.0014095583
-0.001407224
-0.0014048899
-0.0014025561
0.0
0.0
0.0
0.0013932239
0.0
-0.0013885596
0.0
0.0
0.0
-0.0013792351
0.0
-0.0013745748
-0.0013722453
0.0
0.0
0.0
-0.0013629305
0.0
0.0
0.0
0.0
0.0013512959
0.0
0.0
0.0
0.0013419954
0.0
0.0
0.0013350247
-0.001332702
0.0013303797
0.0
-0.0013257368
0.0
0.0013210955
0.0013187756
0.0
0.0026282747
0.001311819
0.001309501
0.0
0.0013048667
0.0013025504
0.0013002346
0.0
-0.0012956045
-0.0012932903
-0.0012909767
0.0
0.0
0.0
-0.0012817276
0.0
-0.0012771065
0.0
0.0012724877
-0.0012701792
0.0
0.001265564
0.0
-0.0012609513
0.0
0.0
0.0
0.0
-0.0012494305
-0.0012471282
-0.0012448267
-0.0012425258
0.0
0.0
0.0012356271
0.0
-0.0012310314
0.0012287345
-0.0012264384
0.001224143
0.0012218483
0.0012195542
0.0
0.0
0.0
0.0
0.0
-0.0012058056
0.0
0.0
0.0
-0.0011966549
-0.0011943692
0.0
0.0
0.0011875165
0.0011852339
0.0023659042
0.0
0.0
0.0
-0.001173833
0.0011715553
0.0
0.0
0.0011647271
0.0
0.0011601793
0.0
0.0011556349
0.0011533641
0.0
0.0011488249
-0.0011465566
0.0011442893
0.0
0.0
0.0
-0.0011352289
0.0
-0.0022614084
0.0011284433
0.0
0.0
0.0
0.0
0.0
0.0011148974
0.0
0.0
0.0011081374
0.0011058861
0.0
0.0
0.0
0.0
0.0
0.0
0.0
0.0
0.001085669
-0.0010834278
0.0010811876
0.0
0.0
0.0
0.0010722374
0.0
0.0
0.0010655359
0.0
0.0010610737
0.0
0.0
0.0010543886
0.0
0.0010499373
0.0010477134
0.0010454906
0.0
0.0
0.0
0.0
0.0010343937
0.0
-0.001029963
0.0
-0.0010255369
0.0
0.0010211156
0.0010189067
0.001016699
0.0010144925
0.0
0.0
0.0
0.0
0.0010034782
0.0
9.990811E-4
9.968844E-4
-9.94689E-4
0.0
0.0
0.0
0.0
0.0
0.0
0.0
0.0
0.0
0.0
0.0
9.684423E-4
0.0
0.0
-9.619098E-4
0.0
0.0
-9.553893E-4
0.0
0.0
0.0
9.4671414E-4
9.445487E-4
9.423847E-4
9.40222E-4
9.3806075E-4
9.3590084E-4
9.337423E-4
9.315852E-4
9.294295E-4
0.0
9.251223E-4
9.229708E-4
9.2082075E-4
9.1867207E-4
0.0
0.0
9.1223477E-4
9.1009185E-4
9.0795045E-4
9.0581045E-4
9.036719E-4
9.0153486E-4
8.993992E-4
8.9726516E-4
8.951325E-4
8.930013E-4
8.908717E-4
8.887435E-4
8.866168E-4
8.8449166E-4
8.82368E-4
8.802459E-4
8.7812525E-4
8.7600615E-4
8.738886E-4
8.717726E-4
8.696581E-4
8.6754514E-4
8.654338E-4
8.633239E-4
0.0017224313
8.591089E-4
8.570038E-4
8.549002E-4
8.527982E-4
8.506978E-4
8.48599E-4
8.465018E-4
8.4440614E-4
0.0
0.0
0.0
0.0
0.0
8.318663E-4
8.29782E-4
8.276994E-4
0.0
0.0
8.214613E-4
0.0
8.173109E-4
0.0
0.0
8.110978E-4
8.090301E-4
8.069641E-4
0.0
0.0
0.0
7.9871714E-4
0.0
7.946039E-4
0.0
7.904975E-4
7.88447E-4
7.8639813E-4
7.84351E-4
0.0
7.8026205E-4
0.0
0.0
7.7414175E-4
0.0
0.0
7.6803745E-4
7.660062E-4
0.0
0.0
0.0
7.5789925E-4
7.5587706E-4
0.0
0.0
0.0
7.4780633E-4
0.0
7.437819E-4
0.0
0.0
7.3775917E-4
0.0
7.3375326E-4
0.0
0.0
0.0
0.0
0.0
0.0
-7.1979157E-4
0.0
0.0
0.0
0.0
0.0
0.0
0.0
0.0
0.0
0.0014000161
0.0
0.0
0.0
0.0
0.0
0.0
0.0
0.0
0.0
0.0
0.0
0.0
0.0013491616
0.0
0.0
0.0
0.0
0.0
0.0
0.0
0.0
0.0
0.0
0.0
0.0
0.0
0.0
0.0
0.0
-6.4184243E-4
0.0
0.0
0.0012722538
0.0
0.0
0.0
0.0
0.0
0.0
0.0
0.0
0.0
-0.0012344238
0.0
-0.0012269089
-6.1157893E-4
0.0
-6.078344E-4
0.0
0.0
0.0
0.0
0.0
0.0
-5.947967E-4
0.0
0.0
0.0
0.0
0.0
0.0
0.0
0.0
0.0
0.0
5.745265E-4
5.726971E-4
5.7086995E-4
5.690451E-4
0.0011344448
0.0011308041
5.635839E-4
0.0011235361
5.5995444E-4
5.5814313E-4
0.0011126682
5.5452733E-4
0.0
0.0
0.0
0.0010946464
0.0016365838
0.0
0.0
0.0
0.0
0.0
0.0
0.0
0.0
0.0
-5.277028E-4
0.0
5.241658E-4
5.224009E-4
5.206383E-4
0.0
0.0
0.0
0.0
0.0
5.101126E-4
5.0836673E-4
5.066232E-4
5.04882E-4
0.0
5.0140696E-4
4.996731E-4
4.9794157E-4
0.0
4.9448584E-4
0.0
0.0
9.78641E-4
4.8760357E-4
0.0
4.841771E-4
0.0
4.8076038E-4
4.7905574E-4
4.7735355E-4
4.7565385E-4
4.739566E-4
4.7226183E-4
4.7056953E-4
0.0
4.671924E-4
4.655076E-4
4.6382527E-4
4.6214546E-4
0.0
4.587933E-4
0.0
4.5545123E-4
4.5378396E-4
4.5211922E-4
0.0
4.4879733E-4
0.0
0.0
4.4383353E-4
0.0
4.4053706E-4
4.3889263E-4
0.0
0.0
0.0
0.0
0.0
0.0
0.0
4.2582984E-4
4.242086E-4
0.0
0.0
4.1936047E-4
4.1774963E-4
4.161414E-4
4.1453578E-4
0.0
4.113324E-4
0.0
0.0
4.0654704E-4
4.0495716E-4
0.0
0.0
0.0
0.0
0.0
0.0
0.0
-3.923336E-4
0.0
0.0
-3.876437E-4
0.0
0.0
3.8297792E-4
0.0
0.0
-3.7833632E-4
0.0
-3.7525545E-4
-3.737191E-4
0.0
-3.7065445E-4
0.0
-7.3520147E-4
-3.6607796E-4
-3.645579E-4
0.0
0.0
-3.6001418E-4
-3.585051E-4
-3.5699873E-4
0.0
-3.539943E-4
0.0
3.5100093E-4
0.0
0.0
0.0
0.0
3.4356592E-4
0.0
0.0
-3.391383E-4
-3.37668E-4
0.0
-6.694716E-4
-3.3327393E-4
-3.3181484E-4
-3.3035857E-4
-3.2890512E-4
-6.5490894E-4
-6.5201335E-4
-6.4912334E-4
-3.2311952E-4
-6.4336037E-4
-3.2024368E-4
-3.1881002E-4
-9.5213763E-4
-3.1595124E-4
0.0
-3.1310384E-4
0.0
0.0
-3.0885419E-4
-3.0744335E-4
-3.060354E-4
-3.0463032E-4
0.0
0.0
-3.004323E-4
-2.9903874E-4
-2.9764805E-4
-2.9626026E-4
-2.9487538E-4
0.0
-2.921143E-4
-2.907381E-4
-2.8936483E-4
-2.8799445E-4
-2.86627E-4
-2.8526245E-4
0.0
0.0
-2.811864E-4
-2.7983356E-4
-2.7848364E-4
-2.7713669E-4
0.0
0.0
0.0
0.0
-2.7044603E-4
-2.6911675E-4
-2.6779043E-4
-2.6646708E-4
-2.651467E-4
-2.6382925E-4
-2.625148E-4
0.0
-2.5989482E-4
0.0
2.5728677E-4
0.0
-2.5469068E-4
-2.533971E-4
-2.5210652E-4
0.0
-2.4953438E-4
0.0
-2.4697426E-4
-2.4569873E-4
-2.444262E-4
0.0
2.4189017E-4
-2.406267E-4
-2.3936626E-4
-2.3810883E-4
0.0
0.0
0.0
2.3310952E-4
0.0
0.0
0.0
0.0
-2.2692885E-4
2.257019E-4
-2.2447799E-4
0.0
0.0
0.0
0.0
-4.3680894E-4
-2.1719899E-4
-2.159966E-4
-2.1479727E-4
-4.272021E-4
0.0
-2.1121786E-4
-2.100309E-4
-2.0884706E-4
-2.0766631E-4
0.0
-2.0531412E-4
0.0
-2.0297436E-4
-2.0180915E-4
0.0
-1.9948809E-4
0.0
1.9717953E-4
-1.9602993E-4
-1.9488347E-4
0.0
0.0
0.0
0.0
0.0
0.0
-1.8694613E-4
-1.858248E-4
-3.694133E-4
-1.8359163E-4
0.0
-1.813711E-4
-1.8026559E-4
-1.7916324E-4
-1.7806406E-4
-1.7696805E-4
0.0
3.4957114E-4
0.0
0.0
0.0
-1.7045879E-4
1.6938508E-4
1.6831454E-4
1.6724721E-4
0.0
0.0
1.6406442E-4
1.630099E-4
1.6195858E-4
0.0
1.598656E-4
0.0
0.0
0.0
0.0
-1.5468943E-4
0.0
0.0
0.0
1.506066E-4
0.0
1.485846E-4
1.4757847E-4
0.0
1.4557593E-4
1.4457954E-4
1.435864E-4
1.425965E-4
0.0
0.0
0.0
1.3866955E-4
1.3769597E-4
2.734513E-4
2.7151723E-4
0.0
1.3383434E-4
1.3287713E-4
1.3192318E-4
1.3097253E-4
1.3002516E-4
2.5816215E-4
0.0
0.0
1.2626855E-4
-1.2533764E-4
0.0
0.0
0.0
1.2164696E-4
0.0
-1.19821445E-4
-1.1891366E-4
0.0
0.0
0.0
-1.1531563E-4
0.0
0.0
0.0
1.1177075E-4
1.1089285E-4
1.1001828E-4
-1.0914704E-4
0.0
0.0
0.0
1.0569546E-4
0.0
0.0
1.0314187E-4
0.0
1.0145623E-4
1.0061843E-4
0.0
0.0
-9.8125194E-5
0.0
9.647984E-5
9.566221E-5
9.484794E-5
0.0
0.0
0.0
0.0
9.08272E-5
9.003318E-5
8.924254E-5
8.845529E-5
8.767141E-5
0.0
0.0
0.0
0.0
0.0
8.303934E-5
0.0
0.0
0.0
0.0
7.927268E-5
0.0
0.0
0.0
0.0
0.0
0.0
0.0
0.0
0.0
0.0
0.0
7.0580485E-5
0.0
0.0
0.0
-6.7792585E-5
6.710419E-5
0.0
0.0
6.505961E-5
0.0
0.0
0.0
-6.238167E-5
0.0
0.0
0.0
0.0
0.0
0.0
0.0
0.0
0.0
0.0
5.5301858E-5
0.0
0.0
0.0
0.0
5.2222134E-5
5.1616593E-5
5.1014522E-5
0.0
0.0
4.9229147E-5
0.0
0.0
4.747506E-5
0.0
4.6323068E-5
4.57523E-5
4.5185014E-5
0.0
0.0
0.0
0.0
0.0
0.0
0.0
4.0772335E-5
4.0236468E-5
0.0
0.0
0.0
-7.6256E-5
0.0
0.0
0.0
0.0
0.0
0.0
0.0
0.0
0.0
0.0
0.0
0.0
0.0
0.0
6.144198E-5
0.0
0.0
0.0
0.0
0.0
0.0
0.0
-2.7094182E-5
0.0
0.0
-2.5792324E-5
0.0
0.0
0.0
-2.410596E-5
0.0
-2.3283988E-5
-4.5756617E-5
0.0
0.0
0.0
0.0
-2.0903006E-5
0.0
0.0
0.0
0.0
0.0
-1.8649576E-5
-1.8286419E-5
0.0
0.0
0.0
0.0
0.0
0.0
0.0
1.5509011E-5
0.0
0.0
0.0
-2.8411245E-5
0.0
0.0
1.3265448E-5
0.0
-1.2656468E-5
0.0
-2.4123481E-5
0.0
0.0
0.0
0.0
0.0
0.0
0.0
0.0
9.561959E-6
1.8604092E-5
0.0
0.0
0.0
0.0
0.0
7.817573E-6
0.0
0.0
0.0
6.8993963E-6
6.678791E-6
6.4617625E-6
0.0
0.0
0.0
0.0
0.0
0.0
0.0
0.0
4.6695386E-6
0.0
0.0
0.0
0.0
0.0
0.0
0.0
0.0
3.1674044E-6
0.0
2.8730217E-6
0.0
0.0
0.0
0.0
2.1998192E-6
2.075939E-6
0.0
-1.8389417E-6
0.0
0.0
0.0
1.408006E-6
1.3092442E-6
1.2140717E-6
1.1224888E-6
0.0
0.0
8.6927935E-7
0.0
0.0
0.0
-5.8193257E-7
0.0
0.0
0.0
0.0
-3.0354812E-7
-2.5864583E-7
0.0
0.0
0.0
0.0
-8.801307E-8
0.0
0.0
0.0
0.0
0.0
0.0
-0.0
