0.2248208
0.37434247
0.49926203
0.87046653
1.8949379
1.6017103
1.4223685
3.2628973
2.6165624
1.8828117
3.7848125
2.5785835
2.771023
4.053393
3.5725248
2.7722208
2.2117522
1.2575405
0.70299417
0.6194112
0.52631414
0.56655675
0.29592952
0.6653262
0.85398567
0.39713204
1.4332768
1.3208499
1.0531703
1.4439554
1.999699
2.6134868
2.5350378
1.2217379
0.15333422
0.27094445
0.83080643
1.3459214
1.1164749
0.29958063
0.59568334
1.0119065
1.1690564
0.73700047
0.45474425
0.5951542
0.37791058
0.31937176
0.3516793
0.097926304
0.04234325
0.053763237
0.38753963
0.36080042
0.12004077
0.2768384
0.6452162
0.25378174
0.07611177
0.34793645
0.05148617
0.33019948
0.34932625
0.3065362
0.40419066
0.08414801
0.4257085
0.25103015
0.18995635
0.39340344
0.3388411
0.082693264
0.25635
0.2453217
0.27931494
0.13566834
0.17646948
0.3202269
0.29683474
0.15690233
0.42009285
0.3021583
0.2613995
0.10807753
0.14689738
0.27837682
0.18898189
0.20135088
0.1104497
0.03150797
0.12394335
0.08858788
0.20842694
0.27137673
0.17281248
0.08375352
0.24737926
0.1782467
0.2328378
0.16323179
0.023149276
0.120645046
0.3505949
0.57441324
0.48676905
0.23713174
0.13310601
0.16977902
0.31009188
0.29603052
0.19984065
0.19572094
0.1379704
0.097949155
0.12780392
0.31606355
0.22821788
0.1498914
0.18346709
0.16469538
0.0751827
0.16412015
0.22648409
0.1493025
0.109877825
0.21507269
0.123018116
0.11135052
0.18564875
0.16466226
0.18849269
0.10480842
0.19261226
0.14775044
0.054440275
0.18150373
0.41083124
0.32031807
0.23635796
0.4327093
0.34739462
0.19428337
0.06339578
0.11382129
0.104973964
0.17621164
0.10465333
0.09467071
0.0042199288
0.1479011
0.30371812
0.2220109
0.10479344
0.1539538
0.36643884
0.2891153
0.07899742
0.03425044
0.05740692
0.15293546
0.15120198
0.12360001
0.045467645
0.11255924
0.11110951
0.098002
0.1925615
0.107267104
0.18721993
0.32264736
0.11521191
0.10565929
0.1227451
0.1700687
0.098051585
0.12823707
0.2445154
0.12622786
0.110285245
0.14975904
0.14838883
0.05853189
0.07710427
0.086281575
0.14360999
0.11228766
0.10729718
0.12995759
0.18823618
0.09257057
0.1703428
0.18300968
0.18040389
0.21604165
0.20939758
0.10028749
0.085994326
0.12190258
0.04095244
0.06026091
0.08800912
0.14914805
0.2137122
0.19120489
0.12093531
0.06768405
0.17465906
0.13343687
0.0371521
0.038115878
0.1288081
0.049464248
0.07475853
0.08973638
0.051254075
0.08471177
0.16676584
0.12884964
0.04333126
0.100261025
0.06088723
0.21133342
0.1502216
0.10032762
0.08879646
0.09243488
0.09019198
0.09020105
0.12970482
0.18451908
0.15007026
0.06410363
0.07363902
0.043258477
0.050569087
0.107441165
0.07415845
0.050891098
0.093119256
0.1322254
0.12829904
0.10039108
0.09281579
0.10798367
0.07977533
0.118341245
0.19280902
0.17465411
0.05795819
0.08286036
0.057663687
0.043620158
0.03207855
0.06584617
0.059599962
0.10158251
0.17622478
0.07083039
0.066898644
0.07710538
0.11588543
0.10755681
0.11728993
0.079163834
0.09422067
0.112310916
0.01181287
0.10925278
0.12220514
0.12745656
0.12880737
0.11653736
0.099893086
0.07312254
0.063646756
0.090184405
0.07105384
0.13592458
0.20731731
0.13173915
0.063761845
0.11391551
0.10792595
0.10145046
0.12999626
0.15527537
0.20957702
0.099663496
0.04252034
0.078072295
0.10822642
0.06416525
0.09493028
0.09236673
0.051983945
0.13500613
0.15352306
0.10459892
0.10433837
0.094958924
0.0622506
0.09308335
0.097725116
0.12587881
0.055061184
0.073976114
0.11926248
0.006549451
0.1094961
0.07898256
0.16120295
0.20699053
0.1028381
0.222964
0.16932476
0.043278363
0.04542855
0.012436858
0.074144505
0.087371446
0.07451686
0.08396375
0.18757306
0.1853442
0.1696228
0.1492999
0.07540815
0.10329699
0.077660434
0.10153004
0.11600328
0.10198937
0.110948086
0.011377185
0.119596355
0.08572512
0.08916965
0.062939554
0.02489016
0.026797736
0.038462266
0.037220057
0.065424256
0.105112486
0.106341414
0.04907202
0.077869385
0.024085835
0.05490181
0.04390406
0.13237536
0.061657906
0.06557869
0.037773855
0.044391017
0.036164124
0.051612344
0.017595204
0.010093509
0.056955434
0.0909565
0.09106457
0.063838415
0.02696614
0.0071976464
0.08634626
0.04417573
0.08339712
0.06508008
0.029300582
0.03998701
0.04728494
0.042354006
0.20439021
0.16678277
0.102357484
0.11180914
0.13697466
0.19923905
0.13317835
0.074739754
0.10669765
0.09192271
0.090380475
0.12918404
0.11480419
0.12195867
0.12520254
0.08974335
0.074539624
0.046205774
0.04741177
0.029462483
0.10288235
0.083203115
0.0716046
0.08920296
0.1100645
0.04841046
0.05568842
0.06636849
0.07479933
0.07097983
0.037136722
0.0811623
0.05836178
0.018926827
0.06824715
0.050705463
0.045550298
0.09025372
0.101672895
0.094925895
0.110872135
0.07714537
0.1284075
0.08125248
0.092156366
0.098781385
0.045662623
0.07386427
0.07408003
0.089243166
0.045289174
0.05077733
0.19318503
0.19866943
0.13890176
0.07829704
0.04429567
0.058279525
0.040131595
0.096999794
0.12067625
0.09363521
0.045614164
0.08426234
0.07530775
0.1224764
0.15672697
0.111995816
0.08212818
0.007493109
0.120262526
0.13502519
0.11491307
0.0670168
0.10750197
0.035485834
0.023663402
0.094156876
0.08436828
0.04320721
0.020988481
0.058863502
0.13956724
0.05492308
0.13704945
0.12132944
0.058404934
0.11289532
0.1114666
0.04533975
0.05507908
0.0983014
0.108297154
0.021320377
0.058883604
0.16385491
0.10602028
0.09777041
0.106073126
0.013813347
0.09785253
0.120707564
0.17062917
0.20595904
0.06749751
0.13523397
0.09533397
0.1452199
0.121321775
0.06682876
0.070696056
0.074252605
0.052942824
0.056026608
0.011463262
0.025209287
0.026957333
0.030483497
0.007188838
0.14509092
0.109408885
0.08924207
0.10280448
0.045003105
0.10033437
0.09972319
0.034370147
0.007561363
0.10311359
0.064718224
0.101817064
0.25859395
0.3054306
0.21211743
0.16095611
0.30411094
0.32174513
0.2038229
0.0916675
0.12283524
0.18544944
0.055366945
0.06738948
0.04632507
0.15411448
0.17229193
0.10833936
0.031234
0.08668341
0.16705373
0.16780381
0.11315353
0.0881512
0.119293064
0.18189402
0.21076454
0.13937102
0.014204906
0.16990416
0.25894988
0.15187585
0.050748218
0.095472604
0.0847366
0.15611027
0.24528225
0.14463961
0.121143535
0.11708274
0.111357
0.11963488
0.11359056
0.13611992
0.26321125
0.27085447
0.1857013
0.09848464
0.1640694
0.13541675
0.07948607
0.059458483
0.041849077
0.079044856
0.11517599
0.12565573
0.11460935
0.10486272
0.21516688
0.04795623
0.130331
0.05742196
0.13081558
0.11469889
0.1769942
0.30198684
0.27037424
0.2583547
0.21781601
0.25847757
0.28357807
0.16154549
0.046266194
0.13342535
0.21223144
0.13436207
0.1265727
0.23041484
0.2343754
0.050283875
0.24881954
0.29187202
0.12507808
0.13871647
0.16632849
0.17893507
0.18756959
0.12323104
0.17657311
0.22542028
0.12020625
0.17914313
0.24562465
0.17255309
0.064477846
0.14881732
0.37290296
0.41185042
0.22687456
0.33984962
0.27901503
0.34265742
0.29706508
0.18292105
0.09500991
0.25028908
0.0868093
0.13690405
0.14119157
0.13080741
0.2506579
0.4530529
0.4305371
0.16939814
0.06351901
0.1525139
0.19779523
0.23186675
0.21146694
0.19547568
0.113514565
0.1280756
0.32383776
0.12640715
0.43573883
0.41220668
0.18930699
0.08269434
0.353716
0.18480098
0.40114403
0.4519683
0.17422901
0.25978634
0.1688666
0.076386444
0.11763341
0.034666535
0.061185442
0.2741427
0.46433073
0.44699186
0.06442823
0.24257842
0.042907912
0.105939254
0.21005534
0.31463227
0.08909241
0.15784183
0.08564891
0.22533053
0.008541995
0.38988805
0.48615637
0.27256653
0.14445491
0.15603289
0.19011712
0.12291723
0.10719425
0.11524014
0.100133665
0.17793001
0.088026755
0.108145826
0.12443373
0.019767618
0.2813797
0.3739877
0.14403598
0.06530106
0.104330674
0.08420965
0.09281543
0.043178536
0.22424716
0.12726784
0.087545395
0.13983633
0.26835033
0.23003049
0.12235467
0.04236323
0.19296157
0.30044812
0.2874461
0.25662696
0.25652462
0.10129925
0.104622245
0.1338976
0.16786675
0.15851271
0.11462059
0.10922939
0.21343824
0.1240462
0.17797084
0.1812109
0.08107295
0.14207366
0.10403262
0.11520448
0.15051983
0.06747563
0.109777205
0.05565242
0.18552285
0.35728636
0.22659534
0.0914122
0.12705009
0.08420779
0.13191499
0.18589464
0.17633353
0.112740695
0.026462004
0.06851859
0.036373544
0.03336476
0.09744813
0.10975534
0.18596293
0.22499704
0.12269717
0.048179958
0.055836145
0.009511636
0.16557254
0.1557403
0.07123102
0.039911952
0.017893955
0.05208059
0.05241284
0.046330288
0.09586484
0.08974243
0.12625185
0.2209046
0.19092824
0.1842474
0.10473091
0.09990233
0.13212472
0.084214084
0.12061428
0.1268047
0.16271073
0.1308991
0.08370498
0.038150873
0.123121224
0.11592311
0.111109525
0.15367359
0.084054634
0.047506247
0.084406525
0.13847691
0.15008442
0.03304557
0.06817454
0.08608156
0.1276862
0.13670215
0.06844451
0.09411394
0.13267773
0.08675786
0.057133153
0.035807922
0.06331423
0.0645703
0.08143131
0.12839083
0.0556378
0.10088979
0.12650017
0.1711233
0.15342748
0.10271016
0.0639064
0.009919336
0.06460645
0.093605965
0.08074025
0.051914375
0.07776877
0.07836024
0.027018385
0.025364932
0.10281019
0.13319181
0.18709742
0.14850266
0.075703174
0.1005877
0.06588221
0.13108908
0.05481399
0.03945676
0.124420725
0.15860635
0.14912757
0.09435609
0.035378106
0.050747283
0.012406094
0.1431363
0.19430593
0.106748246
0.07370308
0.10305666
0.072868146
0.0119848
0.033481434
0.073616855
0.13587548
0.17270476
0.12289879
0.11756309
0.18511944
0.25916845
0.11960055
0.06718934
0.044529147
0.044668086
0.066688046
0.05266126
0.055373
0.082535304
0.03001848
0.07299577
0.052424785
0.009111986
0.0648253
0.08671902
0.033403613
0.028877668
0.054478627
0.07887549
0.0644887
0.011223646
0.010922044
0.013906146
0.03190647
0.053224437
0.077019595
0.09885961
0.13873014
0.13682948
0.06108293
0.025879148
0.060879603
0.04339187
0.0735977
0.025841532
0.13594435
0.08604143
0.13267976
0.09456513
0.08931477
0.10987197
0.085292146
0.03377978
0.02400448
0.025205845
0.05619169
0.17797351
0.15518323
0.07066236
0.028193912
0.1140625
0.12230346
0.119842276
0.10925212
0.026129028
0.13003919
0.09768557
0.088283904
0.093186855
0.021135593
0.09916818
0.15162231
0.10201729
0.033704624
0.0432438
0.057511695
0.042209588
0.008226748
0.010903485
0.05399871
0.038425773
0.05952459
0.066293724
0.03474659
0.11263534
0.12915067
0.05213748
0.0905456
0.086745106
0.03696884
0.0062993844
0.05557467
0.10199647
0.08654103
0.055934954
0.04980939
0.008919712
0.048069604
0.04034495
0.017814247
0.04498764
0.0768719
0.07487134
0.12293428
0.07750714
0.05552377
0.0789654
0.12058106
0.05485628
0.09404576
0.13756022
0.08073076
0.07710379
0.08818763
0.060170334
0.041494902
0.10055748
0.038265433
0.028230548
0.03363779
0.023986809
0.011640839
0.02231637
0.025434894
0.02869088
0.0834779
0.06138933
0.04557101
0.038033262
0.10207381
0.1843723
0.110812075
0.06912756
0.07162217
0.07074972
0.061128728
0.01469683
0.0513156
0.06998297
0.058968287
0.058946643
0.041879736
0.10026926
0.053795073
0.10962194
0.042662594
0.038947675
0.06279014
0.049674883
0.030282984
0.06304705
0.089398645
0.06672182
0.124366395
0.07211263
0.08397124
0.10234876
0.03391515
0.03785901
0.048898127
0.061073486
0.054725446
0.0568901
0.11312703
0.076659374
0.09052865
0.1242773
0.15565775
0.07922562
0.043158595
0.038748287
0.08692405
0.15488243
0.101522386
0.007658119
0.027420212
0.047247447
0.07307989
0.067966126
0.023389746
0.07930254
0.08216865
0.069695614
0.03569355
0.024630489
0.049245283
0.063024975
0.048790358
0.05235454
0.057462923
0.061122928
0.088428706
0.07796559
0.027079862
0.068062134
0.08447415
0.067810155
0.07686704
0.07016275
0.04023332
0.10247809
0.1270818
0.07159787
0.0493787
0.06519653
0.0572562
0.05588732
0.09634973
0.094198175
0.12831387
0.08850706
0.10524799
0.10499484
0.07444339
0.0612922
0.032184396
0.017471725
0.049961004
0.103213884
0.04258985
0.08015236
0.03410372
9.4096013E-4
0.0961853
0.10997023
0.05434414
0.029961742
0.09595526
0.13441157
0.06662265
0.01764243
0.05628873
0.08672388
0.075997114
0.09901118
0.093988344
0.030116891
0.04161771
0.058171242
0.06063195
0.08613275
0.10717088
0.043956917
0.027483935
0.093512766
0.16163361
0.12360107
0.0075424034
0.06183724
0.086096615
0.0687277
0.09476503
0.10656877
0.0930279
0.03188353
0.02277507
0.031116158
0.08351156
0.09947676
0.04158888
0.10723483
0.10060248
0.03778029
0.022801897
0.025094057
0.053558443
0.10871105
0.11386382
0.08434918
0.030329997
0.009564221
0.079408064
0.142646
0.05687975
0.06777905
0.065157644
0.017311923
0.078089714
0.114599004
0.10089757
0.042173788
0.03413468
0.046900894
0.1233624
0.090038754
0.13131592
0.09893602
0.029359804
0.053120688
0.028420925
0.07301401
0.12000753
0.054837447
0.07916334
0.093647
0.03806724
0.039946064
0.09536547
0.023303444
0.103811495
0.089094184
0.093699485
0.0956228
0.053276993
0.09223832
0.13785923
0.03089254
0.08501717
0.053586215
0.025889404
0.08852076
0.09628236
0.069903314
0.060673624
0.08031546
0.045324925
0.10846139
0.056060843
0.034253683
0.07414463
0.06984399
0.14130968
0.1757821
0.13701048
0.047767892
0.02148046
0.028835025
0.08782761
0.13448572
0.1638135
0.1056342
0.022586165
0.020417832
0.095527336
0.07204861
0.03214217
0.023928264
0.019873433
0.019454977
0.027618011
0.012936872
0.021664826
0.03781425
0.066130094
0.0677607
0.041349873
0.042678937
0.022108622
0.031457834
0.06657889
0.071662165
0.052376863
0.067543186
0.11985284
0.10835673
0.11899691
0.12222751
0.038873885
0.038151726
0.022752386
0.053155098
0.077637315
0.026525622
0.053093337
0.05487613
0.100284666
0.09931786
0.028139772
0.07295465
0.06277012
0.06891315
0.057541776
0.06107723
0.08070702
0.11785041
0.08707717
0.08608363
0.1338721
0.11966909
0.061867006
0.11755611
0.07807701
0.04712917
0.09243626
0.07907435
0.04396741
0.037150975
0.07829209
0.09004698
0.04670383
0.07397103
0.09979497
0.10052909
0.078289166
0.11469886
0.09060737
0.06502682
0.018890712
0.036243062
0.07058606
0.12464157
0.10614154
0.08982844
0.13310623
0.11930764
0.103255615
0.08152905
0.055705715
0.069673866
0.06115668
0.033011258
0.087001696
0.11035791
0.12521026
0.14935878
0.10680623
0.05613687
0.046177942
0.03852972
0.028679283
0.04981934
0.11164116
0.14078644
0.083271794
0.04938237
0.059860747
0.07658343
0.08419414
0.07551857
0.014075573
0.02305198
0.037449215
0.06255313
0.08679121
0.026306966
0.047464408
0.05939863
0.026750673
0.015950099
0.03481383
0.02754278
0.06432719
0.107008174
0.033771634
0.059601802
0.038263578
0.115222074
0.09135412
0.028239246
0.0531141
0.0716904
0.13192134
0.13627626
0.06469087
0.029678121
0.013250043
0.07380724
0.13754345
0.073045865
0.1373156
0.19582462
0.06265496
0.054202817
0.05098592
0.027625559
0.030618148
0.06963776
0.048954222
0.041306246
0.018198615
0.043707855
0.031728055
0.0436156
0.08174123
0.06667894
0.11832416
0.10582366
0.105108134
0.11107318
0.10973235
0.13588192
0.07818117
0.08750391
0.08238331
0.07374241
0.16649085
0.13867867
0.042243496
0.022127831
0.047830828
0.065496475
0.0852269
0.07713261
0.043332055
0.1332923
0.15970822
0.109669745
0.07603182
0.063999705
0.009904986
0.060229205
0.06344529
0.057028033
0.035183754
0.15899645
0.17257588
0.059480444
0.0572454
0.14093909
0.16565572
0.13384336
0.12274541
0.08193293
0.16153343
0.098566286
0.1197742
0.15955314
0.07676013
0.07690418
0.18753645
0.13088769
0.15651402
0.17922026
0.13364692
0.21346784
0.11333645
0.09382709
0.19289438
0.20165086
0.06669399
0.061137084
0.018828422
0.087293014
0.14771917
0.15250194
0.111874245
0.125099
0.15963134
0.24129406
0.1869021
0.0787893
0.010907178
0.14292653
0.16543072
0.057514407
0.109732814
0.01338007
0.12848301
0.21385047
0.048349008
0.12791422
0.06346955
0.0683774
0.080245554
0.16283333
0.17991875
0.16932651
0.22350417
0.11194169
0.04520717
0.042895574
0.022867497
0.056802433
0.12594204
0.19409846
0.0862935
0.15050359
0.19286394
0.026667213
0.03054069
0.1125038
0.20900683
0.14839512
0.032761425
0.03930974
0.0472529
0.03659864
0.0030958867
0.070097364
0.084825575
0.12811373
0.0841039
0.076664925
0.106622055
0.17226416
0.16524926
0.029004939
0.098649114
0.088344485
0.042424925
0.1782962
0.27836654
0.17195219
0.16893609
0.12484917
0.031002933
0.16860722
0.1582297
0.16252004
0.12557587
0.117723346
0.07979765
0.033550203
0.09641325
0.098341376
0.14227425
0.15140171
0.096375935
0.084365614
0.13092388
0.21675736
0.2809459
0.19780812
0.18378851
0.12972955
0.103727795
0.060601242
0.18729983
0.15771438
0.054711297
0.043390673
0.12539014
0.16915558
0.17958868
0.08533843
0.0509206
0.10291024
0.18724103
0.26610506
0.258153
0.13265304
0.05515993
0.119214006
0.19165914
0.0888447
0.09401238
0.07886168
0.03221731
0.15236944
0.28720558
0.32989028
0.36442524
0.308962
0.16626644
0.12169448
0.24838166
0.19666432
0.096927665
0.13415238
0.08634405
0.0698007
0.077866845
0.020653293
0.08162637
0.10376871
0.19776043
0.21239577
0.039976336
0.102020524
0.083438724
0.072628774
0.115932874
0.0955142
0.07761097
0.16530396
0.18979569
0.095581084
0.052968703
0.057721253
0.056441125
0.041717593
0.08667628
0.19201972
0.13349912
0.07682195
0.05337254
0.14300075
0.23202784
0.06451812
0.16633566
0.1599261
0.1340988
0.09289904
0.05492975
0.018276436
0.058651697
0.073391855
0.07578607
0.038469624
0.13418788
0.27665752
0.1414746
0.19026883
0.30413976
0.21633324
0.12613907
0.055376586
0.102480456
0.15417796
0.105675824
0.058620002
0.09576545
0.10584653
0.13502207
0.057738174
0.04811965
0.03044276
0.023553314
0.013081011
0.100491665
0.095759906
0.073689215
0.065833434
0.05593607
0.060205035
0.07910654
0.07398433
0.12028577
0.14958808
0.124318264
0.080150366
0.13732758
0.20183173
0.16114724
0.079347305
0.110153064
0.070982814
0.11100794
0.08293699
0.005765982
0.063796766
0.14259256
0.0911292
0.08884814
0.06903887
0.09053674
0.105603896
0.114670865
0.15672098
0.06920606
0.06452583
0.0943529
0.034092814
0.03419966
0.045398757
0.07400246
0.096804425
0.18493727
0.0719124
0.12100615
0.20298497
0.076537825
0.14411514
0.13409507
0.1260475
0.11700861
0.040414635
0.038652953
0.046849426
0.069414675
0.08843889
0.12443667
0.06387714
0.07149941
0.114103615
0.115332425
0.09172938
0.09345113
0.06457349
0.034006268
0.07516347
0.13033691
0.04094253
0.10752027
0.024840217
0.033444908
0.100603014
0.12413181
0.110156655
0.10447207
0.11927502
0.0529086
0.065404
0.089083
0.034937713
0.07298003
0.14615364
0.095714405
0.058990777
0.08835073
0.013129071
0.046527643
0.07157292
0.13087222
0.06255385
0.084742896
0.112601556
0.08306304
0.10549188
0.13771947
0.036442265
0.10381295
0.09101558
0.03485277
0.18070847
0.20876434
0.1837987
0.0840636
0.02794716
0.026502796
0.053935636
0.07409481
0.04498389
0.024562933
0.09885493
0.093435414
0.028991334
0.029217333
0.04070486
0.024989836
0.02517889
0.023141408
0.047535934
0.011924778
0.039017197
0.02057005
0.032842133
0.07994661
0.07181708
0.061363444
0.0913949
0.14167075
0.064782165
0.060187064
0.12005819
0.063012905
0.06448148
0.11862989
0.051050387
0.10767064
0.09304715
0.10387599
0.10338123
0.100866444
0.04155119
0.040629882
0.04437678
0.095012695
0.07648941
0.052211195
0.1820201
0.12067875
0.01364248
0.046438348
0.02561001
0.05009617
0.02442337
0.075179815
0.19609213
0.16437988
0.0623187
0.03315121
0.0432972
0.047254745
0.03206665
0.047952518
0.07329006
0.07619716
0.006106506
0.024239946
0.04014927
0.0022261736
0.06540407
0.043945163
0.019328268
0.101873465
0.1091455
0.09961856
0.16195601
0.14757201
0.07111058
0.03134346
0.0046634534
0.049902063
0.048734028
0.021427885
0.035516012
0.038682036
0.04764975
0.050699092
0.053731203
0.043202974
0.06385362
0.06277382
0.066380605
0.070972964
0.03631875
0.08639701
0.038473733
0.041124508
0.045519896
0.07047403
0.059800554
0.04155045
0.031983886
0.04708846
0.03819463
0.039353333
0.13405992
0.13529298
0.06661622
0.08110903
0.078208126
0.069000825
0.049071956
0.05262994
0.049324594
0.05045142
0.04017158
0.11380845
0.085145205
0.068523884
0.047444917
0.044379253
0.08254487
0.12521844
0.10203613
0.10277238
0.085482635
0.0766534
0.107015885
0.117295176
0.06485982
0.043379713
0.07137815
0.07284049
0.020944325
0.06800136
0.100116864
0.068359435
0.06532671
0.0762451
0.0986021
0.07760082
0.038856544
0.020678971
0.04051014
0.03927463
0.051091354
0.020335209
0.050551075
0.08697517
0.03835736
0.041152224
0.03839087
0.06691153
0.07077626
0.053508896
0.022294402
0.103878215
0.11670609
0.11694013
0.08156528
0.034529928
0.022000201
0.055592347
0.0673641
0.08633515
0.111216635
0.09393554
0.072057195
0.050088856
0.03883932
0.061762065
0.032116763
0.10526444
0.0851107
0.0133652035
0.10088727
0.15058832
0.093098864
0.07279543
0.058006283
0.07402879
0.12153897
0.048137642
0.09167293
0.09478325
0.07651188
0.06826904
0.09657005
0.09883803
0.12122732
0.07110146
0.01550998
0.060002998
0.12264717
0.10631329
0.08090381
0.0760708
0.061234925
0.058450274
0.1146139
0.14474429
0.057502266
0.05148116
0.08269372
0.13064806
0.089747734
0.05420635
0.031246524
0.053768978
0.06423367
0.07232614
0.15792279
0.19424964
0.12312746
0.08004669
0.06961702
0.040565185
0.116232105
0.096999675
0.036357526
0.05037038
0.089348726
0.094222486
0.030078419
0.014451988
0.015825778
0.016066272
0.07102408
0.07803861
0.058932252
0.07079017
0.05156132
0.06355636
0.07165555
0.0074879895
0.073962316
0.07812751
0.10326938
0.07263758
0.03770433
0.04388566
0.085139625
0.025560265
0.07628463
0.09128244
0.06790119
0.07043012
0.10741112
0.08049722
0.060923617
0.04870678
0.10273052
0.091385454
0.11006798
0.12239434
0.05535927
0.007026486
0.0441761
0.054182466
0.06857087
0.040746298
0.019422332
0.05216849
0.1027713
0.09200991
0.082063235
0.035284143
0.010873224
0.07617288
0.06886466
0.039338373
0.081959344
0.083868034
0.030864336
0.030941665
0.058350667
0.01796721
0.03438174
0.047024786
0.06407926
0.072955064
0.053313028
0.018442981
0.023662314
0.01680304
0.037770595
0.027178578
0.029008608
0.0029798807
0.03960379
0.040151466
0.031053944
0.04492036
0.023549568
0.058376163
0.07286628
0.07730593
0.05192533
0.010868847
0.027096514
0.0326752
0.04799049
0.028089967
0.024600834
0.031535175
0.038109563
0.031919576
0.061002094
0.09298143
0.06508183
0.028667692
0.03176489
0.029342316
0.03894203
0.060654797
0.071094885
0.05459266
0.052408125
0.06666296
0.056688026
0.016593361
0.0214778
0.027860336
0.05803039
0.02440128
0.014868505
0.0028310772
0.005001044
0.02137641
0.036925364
0.026403168
0.017136516
0.06357967
0.061540477
0.057893306
0.047921315
0.07215444
0.063823424
0.02231211
0.017763406
0.041253507
0.031198025
0.023345511
0.013326415
0.021453105
0.027596306
0.012960534
0.026756564
0.03885514
0.059139393
0.05421109
0.0068741706
0.028585345
0.04105722
0.020555772
0.026624665
0.023642242
0.020919137
0.038234767
0.046225116
0.043673277
0.06966282
0.07360077
0.028972568
0.032502588
0.047507532
0.043029666
0.034159973
0.04728914
0.042297058
0.051937323
0.06644828
0.04674627
0.049759306
0.052631423
0.03046568
0.066345125
0.031832475
0.0052104373
0.034879394
0.076797605
0.0724363
0.0451451
0.040585186
0.05024532
0.062084872
0.056131605
0.06360518
0.04327825
0.019157188
0.040189955
0.067343235
0.05956181
0.041589096
0.044793073
0.0100065535
0.06712102
0.066659436
0.046189692
0.03453821
0.0123128835
0.007317417
0.01743814
0.044436812
0.04898966
0.0839005
0.09943315
0.060770616
0.034976527
0.012996899
0.047184184
0.04212006
0.044862717
0.029561354
0.060803715
0.021745715
0.029724982
0.034230188
0.031118272
0.038633283
0.043711856
0.054354347
0.046156414
0.04218087
0.037390064
0.06887792
0.09025838
0.07448163
0.06307691
-0.015259234
-0.012207359
-0.012207316
-0.015259073
-0.012207187
-0.00610355
-0.012207
-0.009155164
-0.012206756
-0.015258265
-0.00915484
-0.012206282
-0.015257618
-0.015257367
-0.018308517
-0.012205448
-0.012205204
-0.012204945
-0.012204672
-0.015255481
-0.015255104
-0.015254709
-0.012203436
-0.012203092
-0.009152049
-0.012202359
-0.009151478
-0.009151177
-0.009150865
-0.009150541
-0.012200276
-0.012199816
-0.015249178
-0.009149141
-0.012198351
-0.009148376
-0.009147977
-0.009147568
-0.0030490493
-0.009146717
-0.009146275
-0.006097215
-0.0030484532
0.0
-0.0030481338
-0.0060959375
0.0
0.0
0.0
0.0
0.0
0.0030469028
0.0
0.0
-0.0030463214
-0.006092241
-0.003045916
0.003045708
0.0030454963
0.0
0.0
-0.00304484
-0.0030446139
0.0030443843
0.0030441512
0.0
0.0030436744
0.0030434304
0.0030431831
0.0060858643
0.006085355
0.006084839
0.0030421577
0.0030418923
0.0060832473
0.0060827024
0.0060821506
0.0060815914
0.009121538
0.006080452
0.009119807
0.009118926
0.009118034
0.009117131
0.003038739
0.009115293
0.009114359
0.015189021
0.012149942
0.0060743266
0.0030368373
0.0121460315
0.0121447
0.006071677
0.01821299
0.00607031
0.0
0.009103371
0.009102308
0.009101234
0.00910015
0.006066037
0.0
0.009096834
0.009095707
0.0060630464
0.0090934215
0.009092263
0.0060607293
0.0121198855
0.009088724
0.012116697
0.015143851
0.009085088
0.012111807
0.009082612
0.009081358
0.015133488
0.015131363
0.009077531
0.009076235
0.006049952
0.0060490733
0.012096376
0.012094591
0.0060463957
0.0030227446
0.006044575
0.0060436544
0.0060427263
0.009062687
0.0060408497
0.0060399007
0.0060389447
0.0060379817
0.0060370117
0.0060360343
0.009052576
0.0060340595
0.006033061
0.006032056
0.006031044
0.0060300245
0.009043498
0.0060279653
0.009040387
0.009038816
0.0060248235
0.009035643
0.006022694
0.006021619
0.009030805
0.009029171
0.0060183513
0.006017248
0.009024207
0.009022531
0.0090208445
0.009019149
0.012023255
0.0030052413
0.0060093305
0.009012257
0.009010509
0.0060058325
0.006004653
0.012006932
0.015005681
0.0060010715
0.005999864
0.008997974
0.002998714
0.008994299
0.008992447
0.011987444
0.0059924726
0.0029956084
0.0029949767
0.0059886836
0.0059874067
0.005986123
0.011969664
0.0059835347
0.00598223
0.0059809186
0.0059796004
0.005978275
0.005976943
0.011951208
0.011948517
0.011945811
0.011943092
0.0059701796
0.005968806
0.011934851
0.011932077
0.011929289
0.011926488
0.0029809182
0.0059604216
0.011918001
0.0059575723
0.011912274
0.008932043
0.0059532467
0.008927686
0.008925493
0.0059488593
0.005947383
0.0029729502
0.005944411
0.0059429146
0.005941411
0.008909851
0.005938384
0.0059368606
0.00593533
0.0029668964
0.0059322487
0.002965349
0.0029645702
0.002963788
-0.0029630025
0.0029622135
0.0029614212
0.0029606256
0.0029598265
0.002959024
0.005916436
0.0029574088
-0.0029565962
0.0029557804
0.002954961
0.0029541384
0.0029533124
0.002952483
0.0029516502
0.002950814
-0.0029499745
0.0
0.0029482855
0.002947436
0.002946583
0.002945727
-0.0029448674
0.0029440045
0.0029431384
-0.0029422687
-0.0029413959
-0.0029405195
-0.00293964
-0.0029387572
0.0029378708
-0.0029369814
0.0029360885
-0.0029351923
0.0029342927
0.00293339
0.0
0.0029315744
0.0029306617
-0.0029297455
-0.0029288263
-0.0029279036
-0.0029269776
0.0029260484
0.0058502313
0.00292418
0.0029232407
-0.0058445963
-0.0029213524
0.0029204036
0.002919451
0.0029184956
-0.0029175368
-0.0058331494
-0.0029156092
-0.0029146406
0.0029136685
0.0
-0.0029117148
-0.0058214664
-0.0029097481
-0.00290876
-0.0029077684
-0.0029067737
-0.005811551
-0.005809549
-0.0058075394
-0.005805524
-0.005803502
-0.0058014737
-0.005799439
-0.011594795
-0.0086930245
-0.008689943
-0.0057912343
-0.005789167
-0.005787093
-0.005785013
-0.00867439
-0.00867125
-0.005778734
-0.008664942
-0.008661774
-0.008658596
-0.0057702726
-0.005768141
-0.014415008
-0.005763859
-0.005761708
-0.005759551
-0.0057573877
-0.008632827
-0.008629563
-0.0057508596
-0.0057486705
-0.0057464754
-0.005744274
-0.008613099
-0.011479704
-0.011475262
-0.008603106
-0.005733171
-0.0057309316
-0.0057286858
-0.005726434
-0.008586263
-0.011443822
-0.00857946
-0.0057173627
-0.005715079
-0.008569184
-0.011420987
-0.014270477
-0.014264706
-0.011407135
-0.011402493
-0.011397839
-0.011393171
-0.014235615
-0.014229749
-0.014223869
-0.011374379
-0.008527237
-0.002841227
-0.0028400384
-0.011355387
-0.008512956
-0.005672909
-0.005670507
-0.0028340495
-0.0028328425
-0.0028316325
-0.0056608384
-0.0028292031
-0.0028279838
-0.005653523
-0.005651072
-0.008472922
-0.005646152
-0.0056436826
-0.008461811
-0.005638726
-0.008454357
-0.008450617
-0.008446868
-0.0056287395
-0.0056262277
-0.00562371
-0.005621186
-0.008427984
-0.0056161196
-0.0056135776
-0.0056110295
-0.0028042379
-0.0056059156
-0.0056033493
-0.0028003885
-0.0027990995
-0.0055956147
-0.0027965123
-0.0055904286
-0.0055878265
-0.0027926092
-0.0027913023
0.0027899921
0.0
-0.0055747265
-0.0027860445
-0.0027847225
-0.0055667954
0.0027820698
-0.0027807392
-0.0027794056
-0.0027780689
-0.0055534584
-0.0027753867
-0.0027740411
-0.0027726928
0.0
-0.002769987
-0.00553726
-0.0055345395
-0.0027659065
-0.0027645405
0.0
-0.0027617998
-0.0055208504
-0.0027590476
-0.0055153337
-0.005512567
-0.005509794
-0.0027535078
-0.0055042314
-0.0027507208
-0.002749323
-0.0054958444
-0.005493037
-0.005490224
-0.008231107
-0.0054845805
-0.0027408751
-0.0054789144
-0.0027380362
-0.008209838
-0.008205558
-0.0027337568
-0.005464649
-0.0027308895
0.0027294515
-0.0027280108
-0.0027265672
-0.0054502413
-0.0081710145
-0.0027222193
-0.005441529
-0.0054386137
-0.0054356926
-0.0054327664
-0.005429834
-0.0054268963
-0.00813593
-0.005421004
-0.0027090246
-0.008122634
-0.008118185
-0.008113729
-0.008109263
-0.0027015966
-0.0054002055
-0.005397212
-0.005394213
-0.0053912085
-0.008082299
-0.0053851833
-0.0053821625
-0.005379136
-0.008064156
-0.0080596
-0.002685012
-0.0053669754
-0.008045883
-0.008041294
-0.008036697
-0.005354728
-0.0026758262
-0.0053485716
-0.0053454856
-0.0053423936
-0.0026696483
-0.0026680971
-0.0026665432
-0.005329973
-0.0026634273
-0.0026618652
-0.005320601
-0.0079762
-0.00797149
-0.007966773
-0.005308031
-0.007957312
-0.007952571
0.0
-0.0052953754
-0.007938297
-0.005289016
-0.0026429142
-0.0052826353
-0.007919156
-0.002638117
-0.010546051
-0.007904718
-0.0052665924
-0.007895052
-0.005260139
-0.007885356
-0.007880496
-0.005250419
-0.0052471687
-0.0026219566
-0.0052406527
-0.00785608
0.0
-0.0052308403
-0.0052275592
-0.005224273
-0.007831472
-0.0026088424
-0.0052143834
-0.0052110767
-0.0078116474
-0.0078066722
-0.007801689
-0.0051977993
-0.0025972337
-0.00519113
-0.005187788
-0.007776662
-0.0077716336
-0.0051777316
-0.0051743696
-0.0077565038
-0.0051676305
-0.00774638
-0.007741307
-0.005157484
-0.0077311383
-0.0051506953
-0.005147293
-0.0025719432
0.0
-0.005137058
-0.0077004544
-0.002565105
0.0
-0.0025616712
-0.005119901
-0.0051164553
-0.0051130042
-0.0025547743
0.002553044
-0.0051026223
-0.005099152
0.0
-0.005092197
-0.0025443563
-0.0025426117
-0.005081729
0.0
0.0
-0.0025356088
-0.0025338521
0.0
0.0025303317
0.0
-0.0025268018
-0.0025250332
-0.0025232625
0.0025214893
0.0
0.0
0.0
0.0
0.0025125882
0.0025108012
0.0
0.0
0.0025054256
0.0025036293
0.0025018305
0.0025000295
0.0024982262
0.0024964204
0.0024946127
0.0
0.0
0.0
0.0024873582
0.002485539
0.0024837174
0.0049637873
0.0024800678
0.0
0.0049528177
0.0049491525
0.004945482
0.007412712
0.0024690644
0.002467223
0.004930758
0.0049270657
0.0049233693
0.0073795025
0.004915963
0.0073683797
0.0073628086
0.0024524103
0.0049010976
0.0073460555
0.0048936387
0.007334854
0.0048861625
0.002441209
0.004878669
0.004874916
0.0048711584
0.004867397
0.0048636305
0.0048598605
0.004856086
0.004852307
0.004848524
0.004844737
0.0024204727
0.007255724
0.0048333495
0.0048295455
0.0048257373
0.007232887
0.0072271624
0.007221431
0.0072156936
0.0048066336
0.0048028002
0.0047989627
0.0047951215
0.004791276
0.0047874264
0.0023917863
0.0
0.0023879264
-0.0023859935
0.0023840584
0.0023821215
-0.0023801825
0.0023782414
0.0023762984
0.0023743534
-0.0023724062
-0.0023704572
-0.0023685063
-0.0023665533
-0.0023645982
-0.0047252825
-0.0023606822
0.0023587213
0.0023567586
0.0023547937
-0.002352827
-0.0023508584
-0.0023488877
0.002346915
0.004689881
0.002342964
-0.0023409857
-0.0023390055
0.0023370232
0.0
0.0023330532
0.0023310652
0.0023290752
0.004654167
-0.00232509
-0.0023230945
0.0023210973
0.002319098
0.0046341936
0.004630188
0.002313089
0.004622165
0.004618148
0.0046141273
0.009220205
0.011515187
0.009204086
0.0045980075
0.004593969
0.004589926
0.00917176
0.00916366
0.0068666646
0.006860579
0.0045696585
0.0045655943
0.009123053
0.009114911
0.0068300706
0.004549302
-0.00227261
0.0022705672
0.013611137
0.0090659065
0.009057715
0.0067871367
0.0022603276
0.0022582742
0.004512439
0.009016651
0.0112605225
0.0067501334
0.0044959653
0.0044918386
0.004487708
0.008967149
0.008958875
0.0067129456
0.00670673
0.0044670063
0.006694284
0.006688053
0.0089090895
0.011125961
0.011115552
0.006663081
0.0066568255
0.0066505657
0.011073834
0.011063384
0.011052926
0.01104246
0.0066191917
0.0066129025
0.011011014
0.011000516
0.01099001
0.010979496
0.006581384
0.0065750666
0.0065687443
0.006562417
0.010926808
0.008732998
0.006543407
0.0065370617
0.0065307114
0.008699141
0.008690663
0.0086821765
0.006505264
0.0043325936
0.004328342
0.008648174
0.008639659
0.0043155686
0.006466957
0.0064605568
0.004302768
0.0042984956
0.00858844
0.0042899414
0.00428566
0.0042813756
0.004277088
0.004272798
0.004268505
0.0042642094
0.004259911
0.0
0.0
0.0042469976
0.0042426875
0.0042383745
0.0042340592
0.0042297407
0.0
0.0042210957
0.006325153
0.0021062198
0.004208107
0.0
0.0
0.0020975473
0.0
0.004186406
0.0041820575
0.0041777063
0.0
0.0
0.0020823188
0.0
0.0062338677
0.0062273177
0.0062207635
0.0020714018
0.0
0.0020670262
0.0020648362
0.006187936
0.008241812
0.008233037
0.006168193
0.0
0.0
0.0061484175
0.0081890905
0.006135215
0.0020428693
0.0020406658
0.0
0.0040725106
0.0040680966
0.0060955198
0.0020296304
0.0
0.0
0.0
0.0040415614
0.0040371306
0.0020163488
0.0
-0.0020119124
-0.0020096924
0.0020074714
0.002005249
0.0
0.0
0.0
0.0
0.0
0.0
0.0019896622
0.0
0.0
0.0019829655
0.0
0.0
0.0019762593
0.0019740216
0.0019717831
0.0019695433
-0.0019673028
0.0019650608
0.0
-0.0019605744
0.0
-0.0019560836
0.0
0.0
0.0
0.0019470901
0.0
0.0
0.0038806694
0.0
0.0
0.0019335703
-0.0019313137
0.0
0.0019267973
0.0
0.0
0.0
0.0
0.0019154903
0.0
-0.001910961
0.0
-0.0019064281
0.0
0.0019018917
0.001899622
0.0
-0.0018950802
-0.001892808
-0.005671605
-0.0018882611
0.0
0.0018837107
0.0
0.0
0.0
0.0
-0.0018723201
0.0
0.0
0.0
-0.0018631929
-0.001860909
-0.0018586244
-0.001856339
0.0
-0.001851766
-0.0018494782
-0.0018471899
-0.0018449007
0.0
0.0
0.0
-0.0018357363
-0.0018334434
-0.0018311498
0.0018288554
0.0
0.0
0.0
-0.0018196709
-0.0018173731
-0.0018150745
0.0
0.0
-0.0036163495
-0.0054176208
-0.0018035716
-0.0018012691
-0.0017989659
0.0
-0.0017943576
0.0
-0.0017897467
-0.0017874404
0.0
-0.0017828258
-0.0017805176
0.0
0.0017758994
0.0
0.0
0.0017689677
0.0
-0.0017643437
0.0
0.0
0.0
-0.001755089
0.0
0.0
-0.0017481424
0.0
0.0
-0.001741191
0.0
0.0
0.0017342351
0.0017319154
0.0
-0.0017272747
0.0
0.0
-0.0017203101
0.0017179876
-0.0017156648
-0.0034266827
-0.0017110176
-0.0017086933
-0.0017063686
-0.0017040435
-0.001701718
-0.0033987842
-0.0033941315
-0.001694739
-0.0016924118
-0.0033801687
-0.0016877564
-0.0050562844
-0.0050492985
-0.0033615408
-0.003356882
0.0
-0.0016737811
-0.0033429014
-0.0016691198
-0.0016667887
-0.0033289145
-0.0033242507
-0.0016597933
-0.0016574608
-0.0016551281
-0.001652795
-0.0016504617
0.0
0.0
-0.0016434599
0.0
0.0
-0.0016364555
-0.0016341202
0.0
0.0
0.0016271129
0.0
-0.0016224402
-0.0016201034
-0.003235533
-0.0016154293
0.0016130919
0.0016107543
0.0016084164
0.0
0.0
0.0
0.0015990634
0.0
-0.0015943858
0.0
-0.0015897077
-0.0031747366
0.0
0.0
0.0
0.0
-0.0047270088
-0.003146659
-0.0015709891
-0.0015686488
0.0
-0.0015639679
-0.0015616273
-0.0015592865
-0.0031138915
-0.0031092097
-0.0046567917
-0.003099846
-0.0015475819
-0.0030904815
0.0
-0.0015405584
-0.0030764344
-0.001535876
-0.0030670695
-0.0030623868
-0.0015288522
-0.0030530216
-0.0015241695
-0.0015218282
-0.0030389738
-0.0015171455
-0.0015148043
-0.0015124631
0.0
0.0
-0.0015054396
0.0
0.0
-0.0014984165
0.0
-0.0014937348
0.0
0.0
-0.0014867128
-0.0014843723
0.0
0.0
0.0014773514
0.0044250344
0.0014726714
0.0
0.0
0.0
0.004389939
0.004382921
0.0014586346
0.0014562956
-0.0014539568
0.0
0.0028985594
0.002893883
0.0043338104
0.0043267966
0.0028798557
0.0014375903
0.0014352531
0.004298748
0.0042917375
0.002856485
0.0042777183
0.00427071
0.0014212341
0.0028377967
0.0
0.0014142278
0.0028237859
0.0028191167
0.002814448
0.0028097797
0.0014025561
0.0
0.0027957787
0.0
0.0013932239
0.0013908916
0.0
0.0
0.0
0.0013815657
0.0027584701
0.0
-0.0013745748
-0.0013722453
0.0
0.0013675871
0.0013652586
0.002725861
0.0013606028
-0.0013582754
-0.0013559485
0.0
0.0
0.0
0.0013466448
-0.0013443199
0.0
0.0
0.0
0.0013350247
0.001332702
0.0013303797
0.0013280581
0.0013257368
0.0013234159
0.0013210955
0.0013187756
0.0013164562
0.0013141374
0.001311819
0.0
0.0
0.0013048667
0.003907651
0.0013002346
0.0012979193
0.0012956045
0.0012932903
0.0012909767
0.0012886636
0.001286351
0.003852117
0.0012817276
0.0
0.0012771065
0.0012747968
0.0012724877
0.0025403583
0.0038036138
0.001265564
0.0
0.0
0.0012586459
0.0012563411
0.0012540369
0.0012517334
0.0
0.0012471282
0.0012448267
0.0037275774
0.0037206765
0.003713778
0.0024712542
0.0012333288
0.0012310314
0.002457469
0.003679315
0.002448286
0.0
0.0024391084
0.0
0.0024299368
0.0036380298
0.0
0.0
0.0
0.0
0.0
0.0023978828
0.0023933097
0.0
0.0
0.0
0.0
0.0
0.0
0.0
0.0
0.0
0.0
0.0
0.0
0.0
0.0023294543
0.0
0.0
0.0
0.0
0.0
0.0
0.0022976499
0.0
0.0
0.0022840456
0.0022795144
0.0
0.0022704578
0.0011329661
0.0
0.0011284433
0.0
0.0022478483
0.002243332
0.0022388177
0.0
0.0
0.0
0.0
0.0022162749
0.0022117721
0.0022072715
0.0011013864
0.0
0.0
0.0021892886
0.0021847978
0.0021803093
0.0021758226
0.002171338
0.0
0.0010811876
0.002157897
0.0032301312
0.0032234201
0.0010722374
0.0
0.0
0.0010655359
0.0010633043
0.0021221475
0.0021176885
0.0
0.0
0.0
-0.0020998747
0.0
0.0010454906
0.0
0.0010410484
0.0
0.0
0.0
0.0
0.0
0.0
0.0
0.0
0.0
0.0
0.0
0.0
0.0010122872
0.0
0.0010078803
0.0010056787
0.0010034782
0.001001279
0.0
9.968844E-4
0.0
0.0029774841
9.903017E-4
9.8811E-4
9.859196E-4
0.0
0.0
0.0019587118
9.771707E-4
9.749866E-4
0.0
0.0
0.0
-0.0019325269
0.0
0.0
0.0
0.0
0.0
-0.001906437
0.0
9.4888086E-4
9.4671414E-4
0.0
0.0
0.0
0.0
0.0
0.0
0.0
-0.001858859
0.0
0.0
-9.229708E-4
-9.2082075E-4
-0.0027560163
0.0
0.0
-0.0018244695
-0.0027302755
-0.0018159009
-0.0018116209
-9.036719E-4
0.0
-8.993992E-4
0.0
-8.951325E-4
-8.930013E-4
8.908717E-4
8.887435E-4
8.866168E-4
8.8449166E-4
0.0
8.802459E-4
0.0
8.7600615E-4
8.738886E-4
0.0
8.696581E-4
8.6754514E-4
0.0
0.0
-8.6121564E-4
-8.591089E-4
-8.570038E-4
0.0
-8.527982E-4
0.0
0.0
0.0
0.0
-8.423121E-4
0.0
0.0
0.0
0.0
0.0
8.29782E-4
8.276994E-4
-8.2561834E-4
8.23539E-4
0.0
0.0
8.173109E-4
0.0016304763
8.1316713E-4
8.110978E-4
0.0
8.069641E-4
8.048998E-4
0.0
0.0016015526
7.9871714E-4
7.966597E-4
7.946039E-4
7.9254986E-4
0.001580995
7.88447E-4
0.0015727963
0.0
0.0
7.8026205E-4
7.782202E-4
7.7618007E-4
0.0015482835
-7.7210524E-4
0.0
7.6803745E-4
7.660062E-4
0.0022919304
0.0015238983
0.0015198466
0.0
0.0
0.0
7.5183803E-4
0.0014996425
7.4780633E-4
0.0
0.0
0.0
0.0
7.3775917E-4
7.357553E-4
0.0
-7.317531E-4
-7.297548E-4
0.0
7.2576385E-4
0.0
0.0
-7.1979157E-4
0.0
0.0
0.0
0.0
0.0
0.0
0.0
7.0394936E-4
7.0197775E-4
7.0000807E-4
0.0
6.960745E-4
0.0
6.921488E-4
0.0013803778
0.0
0.0013725499
0.0
0.0
0.0
0.0
0.0013530498
0.0013491616
0.0013452775
0.0013413975
6.6876074E-4
0.0
6.6489074E-4
0.0013259177
0.0
6.59101E-4
0.0013143503
0.0013105028
6.533296E-4
6.514099E-4
0.0012989846
0.0012951535
0.0012913265
0.0012875036
-6.4184243E-4
0.0
6.3803E-4
0.0
0.0012684518
0.0
6.304302E-4
6.285355E-4
6.2664296E-4
6.247525E-4
0.0012457282
0.0012419559
0.0
6.172119E-4
-6.153321E-4
-6.1345444E-4
0.0
0.0
6.078344E-4
6.059653E-4
0.0
0.0
0.0
-5.9851084E-4
5.966527E-4
-5.947967E-4
-5.929429E-4
-5.910913E-4
-5.892419E-4
0.0
0.0
5.8370695E-4
-5.818664E-4
-5.800281E-4
-5.78192E-4
0.0
0.0
0.0
5.7086995E-4
5.690451E-4
0.0
0.0
0.0
5.617681E-4
0.0
5.5814313E-4
0.0011126682
0.0
0.0
0.0
0.0
5.473232E-4
0.0
-0.00108747
0.0
-5.40156E-4
-5.3836993E-4
0.0
0.0
0.0
-5.3124916E-4
0.0
-5.277028E-4
0.0
5.241658E-4
5.224009E-4
0.0010412766
0.0
0.0
-5.1536475E-4
5.1361165E-4
0.0010237219
5.101126E-4
5.0836673E-4
5.066232E-4
0.0
-5.031433E-4
-5.0140696E-4
-4.996731E-4
-4.9794157E-4
-4.962125E-4
0.0
0.0
0.0
-4.893205E-4
-4.8760357E-4
-4.858891E-4
-4.841771E-4
-4.824675E-4
-4.8076038E-4
-9.581115E-4
-4.7735355E-4
-4.7565385E-4
-0.0014218697
-9.4452366E-4
-9.4113906E-4
-0.0014066392
-9.343848E-4
-9.310152E-4
-9.2765054E-4
-9.242909E-4
-0.0013814043
-9.175866E-4
-9.14242E-4
-4.5545123E-4
-4.5378396E-4
-9.0423843E-4
-9.00914E-4
-8.9759467E-4
-8.942804E-4
0.0
-4.4383353E-4
-8.84368E-4
-4.4053706E-4
-8.7778526E-4
0.0
0.0
0.0
0.0
-4.3070907E-4
0.0
-4.2745366E-4
4.2582984E-4
4.242086E-4
0.0
-4.2097393E-4
-4.1936047E-4
0.0
-4.161414E-4
-4.1453578E-4
0.0
-4.113324E-4
-4.0973467E-4
0.0
-4.0654704E-4
0.0
0.0
-4.0178536E-4
-4.0020343E-4
0.0
-3.9704752E-4
-3.9547356E-4
0.0
-3.923336E-4
-7.8153523E-4
-3.8920433E-4
-3.876437E-4
-3.8608574E-4
-3.845305E-4
-7.6595583E-4
-7.6285604E-4
-3.7988083E-4
-3.7833632E-4
-3.7679455E-4
-3.7525545E-4
-7.474382E-4
-3.721854E-4
-3.7065445E-4
-3.6912624E-4
-3.6760073E-4
-7.321559E-4
-0.0010936738
-0.0010891218
-0.001084578
-7.2002836E-4
-3.585051E-4
-3.5699873E-4
-7.109903E-4
-0.0014159773
-0.001409985
-7.0200185E-4
-6.990168E-4
-3.480186E-4
-6.930632E-4
-6.900948E-4
-3.4356592E-4
-3.4208727E-4
-3.4061138E-4
0.0
-3.37668E-4
-3.3620052E-4
0.0
-3.3327393E-4
0.0
-3.3035857E-4
-3.2890512E-4
0.0
-3.2600667E-4
-3.2456167E-4
-3.2311952E-4
0.0
-3.2024368E-4
-3.1881002E-4
-3.1737922E-4
-9.478537E-4
-9.435784E-4
-9.393116E-4
-9.3505334E-4
-3.1026787E-4
-3.0885419E-4
-9.223301E-4
-9.181062E-4
-9.1389095E-4
0.0
0.0
0.0
-2.9903874E-4
-5.952961E-4
-5.925205E-4
-8.846261E-4
-5.869868E-4
-5.842286E-4
-5.814762E-4
-8.6809444E-4
-5.759889E-4
-5.73254E-4
-5.705249E-4
0.0
-5.650843E-4
-5.623728E-4
-5.596671E-4
-5.569673E-4
0.0
0.0
0.0
-5.4622686E-4
0.0
-5.4089207E-4
0.0
0.0
0.0
2.651467E-4
0.0
0.0
-2.6120333E-4
-2.5989482E-4
-2.585893E-4
-5.1457353E-4
-2.5598722E-4
-2.5469068E-4
-2.533971E-4
0.0
-5.0163793E-4
-7.4860314E-4
-4.9650564E-4
-4.939485E-4
-4.9139746E-4
0.0
-4.8631334E-4
-2.4189017E-4
-2.406267E-4
-4.7873252E-4
-2.3810883E-4
-2.3685445E-4
-4.7120618E-4
-7.030644E-4
-4.6621903E-4
-6.9560186E-4
-6.918843E-4
-2.2939197E-4
-6.8447663E-4
-6.8078656E-4
-6.771057E-4
-6.7343394E-4
-2.2325714E-4
-6.661181E-4
-2.2082466E-4
-6.5883907E-4
-2.1840447E-4
-2.1719899E-4
-2.159966E-4
-2.1479727E-4
-2.1360104E-4
-2.124079E-4
-4.2243573E-4
-2.100309E-4
-2.0884706E-4
-2.0766631E-4
-2.0648866E-4
-2.0531412E-4
-4.0828536E-4
-4.0594873E-4
-4.036183E-4
-2.0064706E-4
-1.9948809E-4
-1.9833224E-4
-1.9717953E-4
-3.9205985E-4
-1.9488347E-4
-1.9374014E-4
-1.9259995E-4
-1.914629E-4
-1.9032898E-4
-5.6759466E-4
-1.880706E-4
-1.8694613E-4
-1.858248E-4
-1.8470665E-4
-1.8359163E-4
-1.8247978E-4
-3.627422E-4
-3.6053118E-4
-1.7916324E-4
-1.7806406E-4
-3.539361E-4
-1.7587522E-4
-3.4957114E-4
-3.473982E-4
-1.7261581E-4
-1.715357E-4
0.0
-3.3877016E-4
-3.3662908E-4
-1.6724721E-4
-3.3236615E-4
-3.302443E-4
-1.6406442E-4
-3.260198E-4
-3.2391716E-4
-3.2182096E-4
-1.598656E-4
-1.5882392E-4
-1.5778546E-4
-1.5675023E-4
-1.5571823E-4
0.0
-1.5366387E-4
1.5264156E-4
1.5162246E-4
-1.506066E-4
-2.9918796E-4
-1.485846E-4
0.0
-1.4657558E-4
-1.4557593E-4
-1.4457954E-4
-1.435864E-4
0.0
-2.8321976E-4
-2.8125301E-4
-2.7929278E-4
0.0
0.0
-1.3672565E-4
-1.3575862E-4
0.0
0.0
0.0
1.3192318E-4
1.3097253E-4
1.3002516E-4
1.2908108E-4
1.2814028E-4
1.2720277E-4
-1.2626855E-4
-1.2533764E-4
1.2441001E-4
2.4697138E-4
2.4512934E-4
2.4329392E-4
1.2073255E-4
1.19821445E-4
1.1891366E-4
-1.1800918E-4
1.17108015E-4
2.3242034E-4
1.1531563E-4
1.1442443E-4
1.13536546E-4
1.12651986E-4
1.1177075E-4
0.0
2.2003656E-4
2.1829408E-4
1.08279135E-4
2.1482914E-4
1.0655334E-4
0.0
-2.0968184E-4
0.0
0.0
1.02297374E-4
2.0291246E-4
0.0
0.0
0.0
-9.8125194E-5
-9.7300835E-5
0.0
-1.9132442E-4
-1.8969589E-4
-2.8211114E-4
-9.322953E-5
0.0
0.0
0.0
-9.003318E-5
0.0
-8.845529E-5
0.0
0.0
8.6113825E-5
0.0
-8.4569794E-5
-8.3802865E-5
-1.6607868E-4
0.0
0.0
0.0
-8.001921E-5
0.0
-7.8529556E-5
-7.778984E-5
0.0
0.0
0.0
-7.486509E-5
-7.414244E-5
-7.342321E-5
0.0
0.0
-7.1286035E-5
0.0
-6.987837E-5
-6.917968E-5
0.0
6.7792585E-5
6.710419E-5
6.641923E-5
0.0
-6.505961E-5
0.0
6.371376E-5
1.2609197E-4
1.87145E-4
1.2344157E-4
6.106336E-5
6.0409377E-5
5.9758844E-5
5.9111764E-5
5.846814E-5
1.1565594E-4
5.7191253E-5
-5.6557994E-5
-5.5928198E-5
0.0
5.4678985E-5
1.08119144E-4
5.3443626E-5
0.0
-5.2222134E-5
-5.1616593E-5
0.0
5.041592E-5
1.4946239E-4
4.9229147E-5
0.0
-4.8056278E-5
-4.747506E-5
-4.6897323E-5
4.6323068E-5
9.15046E-5
4.5185014E-5
-4.4621214E-5
-4.40609E-5
-4.350408E-5
4.295074E-5
4.24009E-5
4.185455E-5
0.0
-8.154467E-5
0.0
3.97041E-5
3.9175233E-5
3.8649865E-5
0.0
-3.7609636E-5
3.7094775E-5
0.0
7.2151146E-5
7.1142465E-5
-3.50704E-5
-3.4573077E-5
-3.4079265E-5
0.0
0.0
-3.2618907E-5
0.0
0.0
0.0
3.072099E-5
3.0255305E-5
2.9793146E-5
2.9334506E-5
-2.887939E-5
-2.84278E-5
2.7979733E-5
2.7535194E-5
2.7094182E-5
7.99701E-5
2.6222746E-5
2.5792324E-5
0.0
0.0
2.452225E-5
2.410596E-5
2.3693206E-5
2.3283988E-5
2.2878308E-5
-2.2476166E-5
-2.2077566E-5
-2.1682503E-5
0.0
2.0903006E-5
2.051857E-5
2.013768E-5
-1.9760335E-5
1.9386534E-5
-1.9016281E-5
0.0
0.0
-1.7926812E-5
0.0
-1.7218248E-5
-1.6869293E-5
3.3047785E-5
3.236409E-5
3.16875E-5
3.1018022E-5
1.5177828E-5
1.4850202E-5
0.0
1.4205622E-5
2.7777342E-5
1.3575279E-5
1.3265448E-5
0.0
1.2656468E-5
1.2357323E-5
2.4123481E-5
2.3539444E-5
1.1481268E-5
1.119638E-5
0.0
1.0637302E-5
1.0363114E-5
2.0184985E-5
9.825441E-6
9.561959E-6
9.302046E-6
1.8091408E-5
2.63788E-5
2.5631203E-5
1.6596216E-5
0.0
0.0
7.5826665E-6
0.0
7.1235777E-6
2.069819E-5
1.3357582E-5
1.2923525E-5
1.2496623E-5
1.20768755E-5
1.1664285E-5
5.6294257E-6
5.430288E-6
1.0469461E-5
5.0427525E-6
9.70871E-6
4.6695386E-6
4.4883036E-6
1.2931952E-5
0.0
7.9321835E-6
1.1397559E-5
7.27173E-6
6.9522544E-6
6.639947E-6
3.1674044E-6
0.0
2.8730217E-6
5.462417E-6
5.185963E-6
4.916681E-6
6.9818593E-6
4.3996383E-6
4.151878E-6
3.911293E-6
5.5168252E-6
5.177475E-6
4.84889E-6
3.0207138E-6
2.816012E-6
3.9277325E-6
2.4281435E-6
2.2449776E-6
3.103487E-6
1.9001849E-6
1.7385587E-6
1.5841134E-6
1.4368491E-6
1.9451493E-6
1.1638651E-6
5.19073E-7
9.196094E-7
4.041277E-7
3.5204212E-7
6.0709624E-7
7.7593745E-7
4.3467065E-7
5.3885014E-7
1.4549008E-7
1.14955505E-7
3.5205227E-7
6.466283E-8
8.9809674E-8
2.8739146E-8
0.0
7.1848034E-9
1.796202E-9
0.0
