9.599694E-4
9.588614E-4
9.555425E-4
9.5002877E-4
9.4234676E-4
9.325336E-4
9.206369E-4
9.067147E-4
8.908353E-4
8.730771E-4
8.5352844E-4
8.3228765E-4
8.094624E-4
7.851697E-4
7.5953576E-4
7.326954E-4
7.047919E-4
6.7597686E-4
6.464095E-4
6.1625673E-4
5.8569264E-4
5.5489835E-4
5.240619E-4
4.933778E-4
4.630473E-4
4.3327795E-4
4.0428355E-4
3.762836E-4
3.4950234E-4
3.2416667E-4
3.0050235E-4
2.7872776E-4
2.5904368E-4
2.4161885E-4
2.2657121E-4
2.1394684E-4
2.037011E-4
1.9568807E-4
1.8966376E-4
1.8530434E-4
1.8223627E-4
1.8007019E-4
1.7843155E-4
1.7698306E-4
1.7543767E-4
1.7356404E-4
1.7118623E-4
1.6818059E-4
1.6447109E-4
1.6002453E-4
1.548463E-4
1.489768E-4
1.4248892E-4
1.3548661E-4
1.2810457E-4
1.2050895E-4
1.1289876E-4
1.055071E-4
9.860008E-5
9.246976E-5
8.741542E-5
8.370828E-5
8.154134E-5
8.0979524E-5
8.193512E-5
8.4184816E-5
8.741974E-5
9.130277E-5
9.551174E-5
9.9762816E-5
1.0381812E-4
1.0748474E-4
1.10609995E-4
1.1307611E-4
1.147952E-4
1.15705276E-4
1.15767E-4
1.1496127E-4
1.13287344E-4
1.10761524E-4
1.0741624E-4
1.0329968E-4
9.847586E-5
9.3025534E-5
8.704811E-5
8.0665144E-5
7.402637E-5
6.73191E-5
6.0782357E-5
5.4724682E-5
4.9538467E-5
4.568668E-5
4.3619566E-5
4.3607666E-5
4.559435E-5
4.9220955E-5
5.399925E-5
5.946733E-5
6.5253575E-5
7.107826E-5
7.6734555E-5
8.2069E-5
8.6966844E-5
9.1342015E-5
9.5130534E-5
9.828621E-5
1.0077776E-4
1.0258682E-4
1.03706545E-4
1.04140614E-4
1.03902355E-4
1.0301411E-4
1.0150666E-4
9.941878E-5
9.6796786E-5
9.369421E-5
9.017156E-5
8.629613E-5
8.2141974E-5
7.778992E-5
7.332769E-5
6.8850044E-5
6.445857E-5
6.0260918E-5
5.6368674E-5
5.28929E-5
4.9936432E-5
4.7582515E-5
4.5881396E-5
4.4838704E-5
4.44108E-5
4.451023E-5
4.50198E-5
4.580996E-5
4.6754147E-5
4.7739086E-5
4.867017E-5
4.9473172E-5
5.009393E-5
5.0497147E-5
5.066499E-5
5.0595914E-5
5.0303745E-5
4.981701E-5
4.9178463E-5
4.8444486E-5
4.7684065E-5
4.6976867E-5
4.64098E-5
4.6071626E-5
4.604555E-5
4.640057E-5
4.718331E-5
4.8412432E-5
5.0077357E-5
5.2141335E-5
5.454766E-5
5.722697E-5
6.0103954E-5
6.3102605E-5
6.6149776E-5
6.917738E-5
7.21236E-5
7.49334E-5
7.755875E-5
7.99586E-5
8.2098835E-5
8.39521E-5
8.5497755E-5
8.6721666E-5
8.761616E-5
8.817985E-5
8.841754E-5
8.833999E-5
8.796377E-5
8.731094E-5
8.640877E-5
8.5289284E-5
8.3988736E-5
8.254694E-5
8.1006445E-5
7.9411526E-5
7.780692E-5
7.623645E-5
7.474139E-5
7.335878E-5
7.211977E-5
7.1048096E-5
7.015899E-5
6.9458576E-5
6.8943955E-5
6.8603986E-5
6.8420646E-5
6.8370944E-5
6.842896E-5
6.856802E-5
6.876265E-5
6.899026E-5
6.9232425E-5
6.9475806E-5
6.971261E-5
6.994072E-5
7.0163354E-5
7.038852E-5
7.0628084E-5
7.0896545E-5
7.120966E-5
7.158294E-5
7.2030016E-5
7.256122E-5
7.3182215E-5
7.389306E-5
7.4687625E-5
7.5553406E-5
7.6471864E-5
7.741905E-5
7.836658E-5
7.928281E-5
8.013404E-5
8.0885824E-5
8.1504106E-5
8.195635E-5
8.2212486E-5
8.22457E-5
8.203314E-5
8.1556434E-5
8.080212E-5
7.976194E-5
7.843306E-5
7.681814E-5
7.492541E-5
7.27686E-5
7.036683E-5
6.774442E-5
6.493069E-5
6.195959E-5
5.8869355E-5
5.570203E-5
5.2502815E-5
4.9319307E-5
4.6200377E-5
4.3194723E-5
4.0348867E-5
3.7704554E-5
3.529553E-5
3.3143908E-5
3.1256695E-5
2.9623296E-5
2.8214885E-5
2.6986247E-5
2.5879888E-5
2.4831581E-5
2.3776116E-5
2.2652219E-5
2.1406096E-5
1.999358E-5
1.8381092E-5
1.6545866E-5
1.447581E-5
1.2169514E-5
9.637442E-6
6.908456E-6
4.069817E-6
1.7733028E-6
3.2836228E-6
6.4878504E-6
9.938454E-6
1.3469466E-5
1.7012839E-5
2.0516063E-5
2.3930721E-5
2.7210202E-5
3.030942E-5
3.31851E-5
3.5796274E-5
3.8104827E-5
4.0076084E-5
4.167938E-5
4.288866E-5
4.3683034E-5
4.4047414E-5
4.3973167E-5
4.3458876E-5
4.251132E-5
4.114676E-5
3.9392788E-5
3.7291175E-5
3.490222E-5
3.231168E-5
2.9641422E-5
2.7064503E-5
2.4821518E-5
2.3222718E-5
2.2600974E-5
2.319313E-5
2.5022022E-5
2.7904804E-5
3.156974E-5
3.5756846E-5
4.025475E-5
4.4899578E-5
4.9563518E-5
5.4144162E-5
5.8557034E-5
6.27308E-5
6.6604385E-5
7.01252E-5
7.324821E-5
7.5935386E-5
7.815551E-5
7.988411E-5
8.1103484E-5
8.180293E-5
8.197888E-5
8.1635204E-5
8.0783604E-5
7.944404E-5
7.764538E-5
7.542626E-5
7.283618E-5
6.9937065E-5
6.680526E-5
6.353401E-5
6.0236198E-5
5.704689E-5
5.4124048E-5
5.1644936E-5
4.9794555E-5
4.8743364E-5
4.8616803E-5
4.94671E-5
5.1261857E-5
5.3895918E-5
5.721893E-5
6.1064464E-5
6.527089E-5
6.969236E-5
7.420235E-5
7.8693214E-5
8.307408E-5
8.7268396E-5
9.1211674E-5
9.484961E-5
9.8136654E-5
1.0103484E-4
1.0351291E-4
1.0554565E-4
1.0711334E-4
1.0820133E-4
1.0879972E-4
1.0890303E-4
1.08509965E-4
1.07623215E-4
1.06249245E-4
1.0439813E-4
1.02083424E-4
9.932202E-5
9.613406E-5
9.254291E-5
8.8575114E-5
8.4260464E-5
7.963219E-5
7.472728E-5
6.958703E-5
6.425804E-5
5.87938E-5
5.3257358E-5
4.7725753E-5
4.2297455E-5
3.7104634E-5
3.233221E-5
2.8242122E-5
2.5184727E-5
2.3542221E-5
2.3550554E-5
2.5117663E-5
2.787463E-5
3.139404E-5
3.533099E-5
3.9444803E-5
4.3574437E-5
4.7611724E-5
5.1482708E-5
5.5136166E-5
5.8536752E-5
6.166092E-5
6.449446E-5
6.703096E-5
6.9270856E-5
7.122072E-5
7.289274E-5
7.430433E-5
7.547759E-5
7.643889E-5
7.721824E-5
7.784857E-5
7.8364916E-5
7.8803394E-5
7.920007E-5
7.958972E-5
8.000451E-5
8.047273E-5
8.1017635E-5
8.165646E-5
8.2399805E-5
8.325137E-5
8.4208026E-5
8.526037E-5
8.639353E-5
8.758816E-5
8.882171E-5
9.006959E-5
9.130634E-5
9.2506765E-5
9.3646784E-5
9.4704264E-5
9.565957E-5
9.6496005E-5
9.720007E-5
9.776164E-5
9.817386E-5
9.8433164E-5
9.853891E-5
9.849319E-5
9.830036E-5
9.796664E-5
9.7499564E-5
9.6907526E-5
9.619916E-5
9.538287E-5
9.446628E-5
9.345586E-5
9.235648E-5
9.117121E-5
8.990114E-5
8.854539E-5
8.710117E-5
8.55641E-5
8.39285E-5
8.218794E-5
8.033577E-5
7.836583E-5
7.627312E-5
7.40546E-5
7.171E-5
6.924264E-5
6.666039E-5
6.397654E-5
6.121093E-5
5.839097E-5
5.5552893E-5
5.2742966E-5
5.0018538E-5
4.7448626E-5
4.5113295E-5
4.3100943E-5
4.150228E-5
4.0400395E-5
3.9857907E-5
3.990448E-5
4.0529492E-5
4.1683186E-5
4.328572E-5
4.5239907E-5
4.7443235E-5
4.979646E-5
5.2208503E-5
5.4598444E-5
5.6895846E-5
5.9040183E-5
6.0979975E-5
6.267189E-5
6.4079955E-5
6.517491E-5
6.593362E-5
6.63387E-5
6.637812E-5
6.604488E-5
6.533677E-5
6.425609E-5
6.2809384E-5
6.1007184E-5
5.886377E-5
5.639686E-5
5.3627336E-5
5.0578965E-5
4.7278096E-5
4.3753393E-5
4.0035593E-5
3.6157355E-5
3.2153246E-5
2.8060073E-5
2.3917899E-5
1.9772793E-5
1.5684167E-5
1.1746647E-5
8.166832E-6
5.5588466E-6
5.335638E-6
7.5172907E-6
1.0559736E-5
1.37653005E-5
1.6915998E-5
1.9926905E-5
2.2756465E-5
2.5381287E-5
2.7787615E-5
2.9967932E-5
3.1919397E-5
3.364305E-5
3.514332E-5
3.64277E-5
3.7506485E-5
3.83925E-5
3.9100905E-5
3.9648905E-5
4.0055507E-5
4.0341212E-5
4.0527684E-5
4.0637366E-5
4.0693063E-5
4.071745E-5
4.073253E-5
4.0759085E-5
4.081604E-5
4.0919895E-5
4.108416E-5
4.1318915E-5
4.1630447E-5
4.2021107E-5
4.2489282E-5
4.3029562E-5
4.363306E-5
4.42878E-5
4.497922E-5
4.5690642E-5
4.64038E-5
4.709928E-5
4.775698E-5
4.835646E-5
4.8877315E-5
4.9299466E-5
4.960348E-5
4.977084E-5
4.978422E-5
4.9627793E-5
4.9287522E-5
4.875152E-5
4.8010425E-5
4.7057838E-5
4.5890887E-5
4.4510885E-5
4.2924177E-5
4.1143296E-5
3.918851E-5
3.7089965E-5
3.4890647E-5
3.2650474E-5
3.0451512E-5
2.8403736E-5
2.664882E-5
2.535605E-5
2.4701414E-5
2.4826259E-5
2.579134E-5
2.7558455E-5
3.0013536E-5
3.300939E-5
3.6399673E-5
4.00549E-5
4.3865697E-5
4.774044E-5
5.160158E-5
5.5382305E-5
5.9024078E-5
6.247493E-5
6.568839E-5
6.862285E-5
7.12413E-5
7.351129E-5
7.540506E-5
7.689986E-5
7.797835E-5
7.86292E-5
7.884777E-5
7.863698E-5
7.80084E-5
7.698358E-5
7.559571E-5
7.389165E-5
7.193435E-5
6.980566E-5
6.760915E-5
6.54724E-5
6.354735E-5
6.200671E-5
6.103396E-5
6.0805338E-5
6.146572E-5
6.310497E-5
6.57441E-5
6.933672E-5
7.378407E-5
7.895552E-5
8.470738E-5
9.089595E-5
9.7384924E-5
1.0404859E-4
1.10772584E-4
1.1745352E-4
1.239982E-4
1.3032285E-4
1.363525E-4
1.4202068E-4
1.472693E-4
1.5204867E-4
1.5631782E-4
1.6004496E-4
1.6320794E-4
1.6579503E-4
1.6780561E-4
1.6925113E-4
1.7015588E-4
1.7055812E-4
1.7051087E-4
1.700828E-4
1.6935877E-4
1.6844003E-4
1.6744366E-4
1.66501E-4
1.6575477E-4
1.6535442E-4
1.6544979E-4
1.6618302E-4
1.6767954E-4
1.7003919E-4
1.7332888E-4
1.7757805E-4
1.8277753E-4
1.8888206E-4
1.9581552E-4
2.0347766E-4
2.1175138E-4
2.2050945E-4
2.2962017E-4
2.3895188E-4
2.4837637E-4
2.577712E-4
2.6702136E-4
2.7602044E-4
2.846712E-4
2.928861E-4
3.0058765E-4
3.0770848E-4
3.1419145E-4
3.1998966E-4
3.2506653E-4
3.293956E-4
3.3296042E-4
3.357544E-4
3.3778048E-4
3.3905092E-4
3.3958675E-4
3.3941743E-4
3.3858002E-4
3.3711884E-4
3.3508436E-4
3.3253257E-4
3.2952375E-4
3.261216E-4
3.2239186E-4
3.1840111E-4
3.1421534E-4
3.098987E-4
3.0551184E-4
3.011107E-4
2.9674516E-4
2.9245784E-4
2.8828322E-4
2.842468E-4
2.8036488E-4
2.7664434E-4
2.73083E-4
2.6967027E-4
2.6638806E-4
2.63212E-4
2.601127E-4
2.5705743E-4
2.5401145E-4
2.5093954E-4
2.4780736E-4
2.4458274E-4
2.4123656E-4
2.3774372E-4
2.3408375E-4
2.3024123E-4
2.2620607E-4
2.2197363E-4
2.1754464E-4
2.1292504E-4
2.0812571E-4
2.0316216E-4
1.9805397E-4
1.9282447E-4
1.8750012E-4
1.8210997E-4
1.7668513E-4
1.7125817E-4
1.6586245E-4
1.6053162E-4
1.5529893E-4
1.5019659E-4
1.4525521E-4
1.4050309E-4
1.3596567E-4
1.3166488E-4
1.276186E-4
1.2384017E-4
1.20338074E-4
1.1711556E-4
1.1417065E-4
1.1149623E-4
1.0908027E-4
1.0690637E-4
1.0495441E-4
1.032013E-4
1.01621896E-4
1.0018989E-4
9.887878E-5
9.766266E-5
9.6517106E-5
9.541978E-5
9.435113E-5
9.329477E-5
9.223796E-5
9.11718E-5
9.009149E-5
8.899635E-5
8.788984E-5
8.677944E-5
8.5676314E-5
8.4595E-5
8.355277E-5
8.256892E-5
8.1663835E-5
8.0857906E-5
8.017026E-5
7.961751E-5
7.921238E-5
7.896262E-5
7.8869954E-5
7.892949E-5
7.9129495E-5
7.9451536E-5
7.987104E-5
8.035819E-5
8.087901E-5
8.139655E-5
8.187217E-5
8.2266684E-5
8.254149E-5
8.265947E-5
8.258587E-5
8.228895E-5
8.174055E-5
8.0916594E-5
7.979743E-5
7.836817E-5
7.661899E-5
7.454539E-5
7.214844E-5
6.9435184E-5
6.641904E-5
6.31204E-5
5.956765E-5
5.5798464E-5
5.1862055E-5
4.7822457E-5
4.3763586E-5
3.9796625E-5
3.6069818E-5
3.2778542E-5
3.0167193E-5
2.8504248E-5
2.801186E-5
2.8771039E-5
3.0679665E-5
3.350735E-5
3.699007E-5
4.0893086E-5
4.5030276E-5
4.9260285E-5
5.347634E-5
5.75969E-5
6.1558676E-5
6.531189E-5
6.881711E-5
7.204314E-5
7.4965625E-5
7.756609E-5
7.983127E-5
8.175264E-5
8.332599E-5
8.455113E-5
8.5431624E-5
8.59745E-5
8.619004E-5
8.609153E-5
8.5694985E-5
8.5018924E-5
8.408409E-5
8.291318E-5
8.153058E-5
7.996206E-5
7.8234465E-5
7.6375385E-5
7.441285E-5
7.237494E-5
7.028943E-5
6.8183384E-5
6.608269E-5
6.401166E-5
6.199255E-5
6.0045077E-5
5.8185993E-5
5.642868E-5
5.478281E-5
5.3254153E-5
5.18445E-5
5.055178E-5
4.937031E-5
4.8291255E-5
4.7303223E-5
4.6392917E-5
4.5545872E-5
4.4747172E-5
4.3982094E-5
4.32367E-5
4.249829E-5
4.175576E-5
4.0999832E-5
4.0223193E-5
3.9420516E-5
3.8588445E-5
3.7725466E-5
3.6831763E-5
3.590902E-5
3.4960183E-5
3.398921E-5
3.3000797E-5
3.2000076E-5
3.099234E-5
2.998274E-5
2.8975994E-5
2.7976126E-5
2.6986247E-5
2.6008345E-5
2.504317E-5
2.4090159E-5
2.3147453E-5
2.2211987E-5
2.1279653E-5
2.0345546E-5
1.9404266E-5
1.845028E-5
1.7478334E-5
1.6483911E-5
1.5463758E-5
1.4416534E-5
1.3343631E-5
1.2250355E-5
1.1147711E-5
1.0055217E-5
9.005397E-6
8.0504105E-6
7.2694997E-6
6.7695023E-6
6.661049E-6
7.005475E-6
7.779054E-6
8.899272E-6
1.0275222E-5
1.1833943E-5
1.3523277E-5
1.530675E-5
1.7158278E-5
1.905841E-5
2.0991954E-5
2.2946497E-5
2.4911487E-5
2.687765E-5
2.8836595E-5
3.0780564E-5
3.2702235E-5
3.4594574E-5
3.645075E-5
3.8264057E-5
4.002785E-5
4.173552E-5
4.338049E-5
4.4956218E-5
4.645623E-5
4.7874164E-5
4.9203853E-5
5.0439394E-5
5.157527E-5
5.260644E-5
5.352849E-5
5.4337735E-5
5.5031393E-5
5.560767E-5
5.606592E-5
5.6406752E-5
5.66321E-5
5.674534E-5
5.6751287E-5
5.665625E-5
5.6467965E-5
5.6195553E-5
5.5849363E-5
5.5440814E-5
5.498214E-5
5.448611E-5
5.3965672E-5
5.343355E-5
5.290184E-5
5.238156E-5
5.1882256E-5
5.1411585E-5
5.097506E-5
5.057583E-5
5.0214618E-5
4.9889793E-5
4.9597584E-5
4.9332408E-5
4.9087328E-5
4.8854585E-5
4.862615E-5
4.839431E-5
4.8152233E-5
4.789445E-5
4.7617305E-5
4.73193E-5
4.700133E-5
4.666681E-5
4.632169E-5
4.5974328E-5
4.563522E-5
4.5316614E-5
4.503197E-5
4.4795328E-5
4.462057E-5
4.452066E-5
4.450691E-5
4.4588334E-5
4.4771212E-5
4.5058834E-5
4.5451558E-5
4.5947116E-5
4.6541183E-5
4.7228106E-5
4.8001762E-5
4.8856426E-5
4.9787584E-5
5.079267E-5
5.1871568E-5
5.3026968E-5
5.4264427E-5
5.559223E-5
5.7020978E-5
5.856291E-5
6.0231097E-5
6.2038416E-5
6.39965E-5
6.61147E-5
6.83991E-5
7.08518E-5
7.34703E-5
7.624728E-5
7.917055E-5
8.222331E-5
8.538452E-5
8.8629524E-5
9.193073E-5
9.525836E-5
9.858122E-5
1.01867525E-4
1.0508562E-4
1.08204775E-4
1.11195855E-4
1.1403206E-4
1.16689516E-4
1.19147866E-4
1.2139086E-4
1.2340682E-4
1.2518905E-4
1.2673627E-4
1.2805276E-4
1.2914867E-4
1.300399E-4
1.307481E-4
1.313003E-4
1.3172836E-4
1.3206823E-4
1.3235895E-4
1.3264122E-4
1.3295596E-4
1.3334244E-4
1.3383644E-4
1.3446821E-4
1.3526077E-4
1.3622825E-4
1.3737475E-4
1.386937E-4
1.4016773E-4
1.4176908E-4
1.4346058E-4
1.4519687E-4
1.4692602E-4
1.4859118E-4
1.5013231E-4
1.5148782E-4
1.5259607E-4
1.5339674E-4
1.5383202E-4
1.5384758E-4
1.5339348E-4
1.5242482E-4
1.5090237E-4
1.4879298E-4
1.4606999E-4
1.4271348E-4
1.3871054E-4
1.3405544E-4
1.2874977E-4
1.2280258E-4
1.1623061E-4
1.09058536E-4
1.0131956E-4
9.305631E-5
8.4322666E-5
7.518716E-5
6.573998E-5
5.610762E-5
4.6486282E-5
3.7223577E-5
2.9026001E-5
2.3390796E-5
2.2565458E-5
2.706386E-5
3.4848672E-5
4.4118937E-5
5.3980802E-5
6.400315E-5
7.394834E-5
8.3664134E-5
9.304045E-5
1.0199072E-4
1.1044333E-4
1.183375E-4
1.2562117E-4
1.3225002E-4
1.3818692E-4
1.4340178E-4
1.4787144E-4
1.5157972E-4
1.5451747E-4
1.5668262E-4
1.5808028E-4
1.5872269E-4
1.5862937E-4
1.5782705E-4
1.5634968E-4
1.5423849E-4
1.5154183E-4
1.4831524E-4
1.4462143E-4
1.4053004E-4
1.3611771E-4
1.314677E-4
1.266696E-4
1.2181865E-4
1.1701459E-4
1.1236001E-4
1.0795765E-4
1.0390673E-4
1.00298086E-4
9.720823E-5
9.469308E-5
9.278231E-5
9.14755E-5
9.074127E-5
9.051985E-5
9.072861E-5
9.1269416E-5
9.20364E-5
9.292287E-5
9.3826915E-5
9.46551E-5
9.53249E-5
9.576574E-5
9.591945E-5
9.573997E-5
9.519296E-5
9.4255185E-5
9.291387E-5
9.116615E-5
8.901852E-5
8.648648E-5
8.359423E-5
8.037458E-5
7.6869066E-5
7.3128256E-5
6.921243E-5
6.519251E-5
6.1151346E-5
5.7185094E-5
5.3404317E-5
4.9933635E-5
4.690824E-5
4.4464672E-5
4.2724005E-5
4.1769006E-5
4.1622636E-5
4.2238884E-5
4.3511947E-5
4.529907E-5
4.7445737E-5
4.9804486E-5
5.2244963E-5
5.4657165E-5
5.6950852E-5
5.9053298E-5
6.090673E-5
6.2465944E-5
6.3696345E-5
6.4572334E-5
6.5076056E-5
6.51964E-5
6.492821E-5
6.4271604E-5
6.323144E-5
6.181683E-5
6.004071E-5
5.7919482E-5
5.547265E-5
5.2722527E-5
4.969398E-5
4.6414196E-5
4.29126E-5
3.922085E-5
3.537309E-5
3.140668E-5
2.7363794E-5
2.3294986E-5
1.9267274E-5
1.5383908E-5
1.1836014E-5
9.033449E-6
7.766243E-6
8.627222E-6
1.1015103E-5
1.40606835E-5
1.7309872E-5
2.0561027E-5
2.3714823E-5
2.6714746E-5
2.9524492E-5
3.211869E-5
3.4478693E-5
3.659053E-5
3.8443806E-5
4.003107E-5
4.134744E-5
4.2390344E-5
4.3159333E-5
4.3655953E-5
4.3883614E-5
4.3847507E-5
4.355451E-5
4.301311E-5
4.2233347E-5
4.122674E-5
4.0006267E-5
3.858633E-5
3.6982754E-5
3.5212845E-5
3.3295466E-5
3.1251224E-5
2.9102755E-5
2.6875226E-5
2.4597093E-5
2.2301356E-5
2.0027504E-5
1.782455E-5
1.5755451E-5
1.3902595E-5
1.2371483E-5
1.1283687E-5
1.0744854E-5
1.079021E-5
1.1352965E-5
1.2295215E-5
1.3467186E-5
1.4743464E-5
1.6030186E-5
1.7259406E-5
1.838163E-5
1.936001E-5
2.0166459E-5
2.077919E-5
2.118118E-5
2.1359221E-5
2.1303324E-5
2.1006364E-5
2.0463838E-5
1.9673733E-5
1.8636438E-5
1.7354689E-5
1.5833562E-5
1.40804705E-5
1.2105264E-5
9.9205145E-6
7.5425273E-6
4.9959317E-6
2.3519574E-6
1.1436637E-6
3.831021E-6
6.9001144E-6
1.0078566E-5
1.3321022E-5
1.6596627E-5
1.9876905E-5
2.31338E-5
2.6339289E-5
2.946543E-5
3.248451E-5
3.5369285E-5
3.809321E-5
4.0630715E-5
4.295748E-5
4.5050707E-5
4.6889432E-5
4.8454793E-5
4.973035E-5
5.0702412E-5
5.136034E-5
5.1696945E-5
5.170886E-5
5.139703E-5
5.076725E-5
4.9830844E-5
4.8605565E-5
4.71167E-5
4.5398596E-5
4.3496613E-5
4.1469688E-5
3.9393395E-5
3.736324E-5
3.5497033E-5
3.393403E-5
3.282699E-5
3.232356E-5
3.2538064E-5
3.3524026E-5
3.5262696E-5
3.7674257E-5
4.0642994E-5
4.4042157E-5
4.7750185E-5
5.1658073E-5
5.5671007E-5
5.9707305E-5
6.3696476E-5
6.757737E-5
7.1296585E-5
7.4807285E-5
7.806839E-5
8.104396E-5
8.370284E-5
8.601844E-5
8.796858E-5
8.953549E-5
9.07058E-5
9.1470574E-5
9.182546E-5
9.177076E-5
9.131162E-5
9.045821E-5
8.922603E-5
8.763615E-5
8.571567E-5
8.349818E-5
8.102437E-5
7.8342826E-5
7.551079E-5
7.259514E-5
6.967317E-5
6.683308E-5
6.417351E-5
6.1801555E-5
5.982832E-5
5.8361267E-5
5.7493668E-5
5.7292702E-5
5.7789563E-5
5.8975005E-5
6.0802093E-5
6.319503E-5
6.6060675E-5
6.929949E-5
7.281376E-5
7.651281E-5
8.031556E-5
8.415138E-5
8.7959896E-5
9.169038E-5
9.5300864E-5
9.875734E-5
1.0203293E-4
1.0510723E-4
1.0796565E-4
1.1059885E-4
1.1300223E-4
1.1517539E-4
1.17121665E-4
1.1884759E-4
1.2036235E-4
1.2167724E-4
1.2280513E-4
1.2375973E-4
1.2455514E-4
1.2520507E-4
1.2572235E-4
1.261183E-4
1.2640224E-4
1.2658101E-4
1.2665863E-4
1.2663612E-4
1.2651132E-4
1.2627893E-4
1.2593067E-4
1.2545558E-4
1.2484042E-4
1.2407007E-4
1.2312825E-4
1.2199806E-4
1.20662706E-4
1.19106175E-4
1.1731399E-4
1.1527394E-4
1.1297679E-4
1.10417044E-4
1.0759372E-4
1.0451113E-4
1.0117976E-4
9.761726E-5
9.3849536E-5
8.99121E-5
8.5851614E-5
8.172775E-5
7.76152E-5
7.3605814E-5
6.9810085E-5
6.635716E-5
6.339163E-5
6.106482E-5
5.951934E-5
5.8867638E-5
5.9170325E-5
6.0422786E-5
6.255638E-5
6.545341E-5
6.8968446E-5
7.2947994E-5
7.7244076E-5
8.17215E-5
8.6260436E-5
9.075638E-5
9.51188E-5
9.9269506E-5
1.03141094E-4
1.0667555E-4
1.0982318E-4
1.1254179E-4
1.14796014E-4
1.16556825E-4
1.17801166E-4
1.1851167E-4
1.1867636E-4
1.182885E-4
1.1734637E-4
1.1585305E-4
1.1381628E-4
1.1124823E-4
1.0816527E-4
1.0458781E-4
1.0053996E-4
9.6049356E-5
9.1146845E-5
8.5866224E-5
8.0243924E-5
7.4318756E-5
6.8131594E-5
6.172517E-5
5.5143857E-5
4.8433645E-5
4.1642405E-5
3.482083E-5
2.8025284E-5
2.1326301E-5
1.483938E-5
8.879137E-6
5.080415E-6
7.369938E-6
1.2486172E-5
1.791035E-5
2.3197621E-5
2.8221582E-5
3.2923213E-5
3.726594E-5
4.122388E-5
4.4777884E-5
4.7914047E-5
5.0623035E-5
5.2899777E-5
5.474332E-5
5.6156765E-5
5.7147205E-5
5.7725727E-5
5.7907386E-5
5.7711233E-5
5.7160352E-5
5.6281893E-5
5.510719E-5
5.3671873E-5
5.201605E-5
5.0184513E-5
4.822692E-5
4.6197965E-5
4.4157274E-5
4.216896E-5
4.030039E-5
3.8619793E-5
3.719236E-5
3.6074714E-5
3.5308396E-5
3.491377E-5
3.4886325E-5
3.5196845E-5
3.5795634E-5
3.66193E-5
3.7598125E-5
3.8662263E-5
3.9746144E-5
4.0790994E-5
4.1745992E-5
4.2568583E-5
4.3224285E-5
4.3686327E-5
4.3935277E-5
4.3958702E-5
4.375098E-5
4.3313223E-5
4.2653355E-5
4.1786356E-5
4.0734663E-5
3.952878E-5
3.8207978E-5
3.6821082E-5
3.5427078E-5
3.409512E-5
3.290326E-5
3.193489E-5
3.127216E-5
3.0986215E-5
3.1126212E-5
3.17105E-5
3.2723703E-5
3.412077E-5
3.5835914E-5
3.7792666E-5
3.9912156E-5
4.211853E-5
4.43418E-5
4.6518904E-5
4.85938E-5
5.0517065E-5
5.2245407E-5
5.3741125E-5
5.4971704E-5
5.5909466E-5
5.6531335E-5
5.6818666E-5
5.6757155E-5
5.6336798E-5
5.5551933E-5
5.4401324E-5
5.2888372E-5
5.102145E-5
4.8814436E-5
4.6287605E-5
4.3469034E-5
4.039696E-5
3.7123675E-5
3.3722077E-5
3.0296706E-5
2.7001599E-5
2.4065592E-5
2.181391E-5
2.0641597E-5
2.0873265E-5
2.2568085E-5
2.5498624E-5
2.9325594E-5
3.3746936E-5
3.853851E-5
4.3541153E-5
4.863944E-5
5.3745644E-5
5.8789534E-5
6.37122E-5
6.846242E-5
7.299443E-5
7.726665E-5
8.124096E-5
8.488222E-5
8.8158085E-5
9.103899E-5
9.349818E-5
9.551178E-5
9.705905E-5
9.812253E-5
9.868838E-5
9.874661E-5
9.829147E-5
9.732182E-5
9.584159E-5
9.3860326E-5
9.139385E-5
8.846508E-5
8.510509E-5
8.135458E-5
7.726575E-5
7.290503E-5
6.8356734E-5
6.372803E-5
5.9155383E-5
5.481165E-5
5.0911563E-5
4.7709043E-5
4.5475623E-5
4.445047E-5
4.477107E-5
4.6422876E-5
4.9246377E-5
5.299485E-5
5.739977E-5
6.221278E-5
6.72216E-5
7.2250616E-5
7.715548E-5
8.181686E-5
8.613517E-5
9.00266E-5
9.342037E-5
9.6256816E-5
9.848617E-5
1.0006772E-4
1.0096932E-4
1.0116703E-4
1.0064492E-4
9.939485E-5
9.7416436E-5
9.4716874E-5
9.131087E-5
8.7220535E-5
8.247537E-5
7.7112294E-5
7.117589E-5
6.4719075E-5
5.7804627E-5
5.050859E-5
4.292809E-5
3.520045E-5
2.7554921E-5
2.0470088E-5
1.5153203E-5
1.4060758E-5
1.8030127E-5
2.467173E-5
3.2260195E-5
4.0110936E-5
4.792567E-5
5.554127E-5
6.284955E-5
6.976889E-5
7.623295E-5
8.218565E-5
8.757886E-5
9.237119E-5
9.6527365E-5
1.0001787E-4
1.0281876E-4
1.04911516E-4
1.06283005E-4
1.0692542E-4
1.0683638E-4
1.06019E-4
1.0448216E-4
1.0224096E-4
9.9317294E-5
9.574097E-5
9.155126E-5
8.679936E-5
8.15522E-5
7.589838E-5
6.995752E-5
6.389494E-5
5.7943984E-5
5.243656E-5
4.783311E-5
4.4716027E-5
4.3676428E-5
4.50736E-5
4.8844326E-5
5.457488E-5
6.173603E-5
6.9850204E-5
7.853914E-5
8.751141E-5
9.653753E-5
1.05429E-4
1.1402409E-4
1.2217891E-4
1.29762E-4
1.3665116E-4
1.4273195E-4
1.4789696E-4
1.5204579E-4
1.5508536E-4
1.5693063E-4
1.5750533E-4
1.5674291E-4
1.5458754E-4
1.5099511E-4
1.4593422E-4
1.3938724E-4
1.3135144E-4
1.2184012E-4
1.10884175E-4
9.853449E-5
8.486653E-5
6.999129E-5
5.4087468E-5
3.752574E-5
2.1601167E-5
1.4459225E-5
2.6971535E-5
4.5743058E-5
6.594649E-5
8.667548E-5
1.075501E-4
1.2830339E-4
1.487018E-4
1.6852423E-4
1.8755613E-4
2.0558851E-4
2.2241892E-4
2.378534E-4
2.5170896E-4
2.638165E-4
2.7402412E-4
2.8220064E-4
2.8824E-4
2.9206605E-4
2.9363838E-4
2.9295962E-4
2.9008457E-4
2.8513224E-4
2.783016E-4
2.6989257E-4
2.6033315E-4
2.5021253E-4
2.4031596E-4
2.3164794E-4
2.2541596E-4
2.2293367E-4
2.254179E-4
2.3372419E-4
2.481512E-4
2.684324E-4
2.9389936E-4
3.2369475E-4
3.5693386E-4
3.9278885E-4
4.3051658E-4
4.6945785E-4
5.090257E-4
5.486923E-4
5.879782E-4
6.264436E-4
6.6368293E-4
6.993212E-4
7.33012E-4
7.644364E-4
7.933031E-4
8.1934856E-4
8.423378E-4
8.6206524E-4
8.7835576E-4
8.910652E-4
9.000817E-4
9.053259E-4
9.067517E-4
9.043465E-4
8.981314E-4
8.8816095E-4
8.745231E-4
8.573385E-4
8.367603E-4
8.1297295E-4
7.8619184E-4
7.5666246E-4
7.2465953E-4
6.9048704E-4
6.544781E-4
6.1699556E-4
5.7843386E-4
5.392218E-4
4.9982767E-4
4.6076573E-4
4.2260616E-4
3.859862E-4
3.516214E-4
3.203097E-4
2.9291533E-4
2.703103E-4
2.5325062E-4
2.4219064E-4
2.3709906E-4
2.373882E-4
2.4202195E-4
2.497453E-4
2.593108E-4
2.696207E-4
2.797805E-4
2.8909603E-4
2.970469E-4
3.032549E-4
3.0745566E-4
3.094756E-4
3.0921437E-4
3.0663126E-4
3.0173484E-4
2.9457491E-4
2.852361E-4
2.7383267E-4
2.6050405E-4
2.4541118E-4
2.287334E-4
2.1066594E-4
1.9141812E-4
1.7121277E-4
1.502878E-4
1.2890197E-4
1.0735073E-4
8.6007734E-5
6.5443346E-5
4.6808425E-5
3.3118748E-5
3.0706437E-5
4.0539268E-5
5.5581822E-5
7.178693E-5
8.7725944E-5
1.0281256E-4
1.1674618E-4
1.2934572E-4
1.4049195E-4
1.5010445E-4
1.5813092E-4
1.6454188E-4
1.6932735E-4
1.7249481E-4
1.740675E-4
1.740831E-4
1.7259236E-4
1.6965791E-4
1.6535303E-4
1.5976041E-4
1.5297101E-4
1.4508277E-4
1.3619954E-4
1.2643E-4
1.15886665E-4
1.0468519E-4
9.2943905E-5
8.0784135E-5
6.8332025E-5
5.57242E-5
4.312473E-5
3.078362E-5
1.930397E-5
1.1325607E-5
1.4091649E-5
2.3649276E-5
3.433741E-5
4.4953467E-5
5.516523E-5
6.482304E-5
7.383544E-5
8.213688E-5
8.967692E-5
9.641586E-5
1.0232275E-4
1.0737431E-4
1.11554255E-4
1.14852905E-4
1.17266834E-4
1.1879859E-4
1.1945647E-4
1.1925429E-4
1.1821122E-4
1.1635155E-4
1.1370458E-4
1.10304405E-4
1.0618983E-4
1.0140425E-4
9.5995645E-5
9.0016605E-5
8.35246E-5
7.658254E-5
6.925983E-5
6.163466E-5
5.3798423E-5
4.586516E-5
3.7992504E-5
3.043186E-5
2.3654235E-5
1.8627812E-5
1.6946366E-5
1.9345029E-5
2.4454963E-5
3.0734933E-5
3.7371276E-5
4.3974556E-5
5.0335995E-5
5.6326317E-5
6.185545E-5
6.6855384E-5
7.127241E-5
7.5063275E-5
7.8193254E-5
8.0635116E-5
8.236859E-5
8.3379986E-5
8.366202E-5
8.321365E-5
8.203992E-5
8.015184E-5
7.75662E-5
7.4305346E-5
7.0397036E-5
6.587408E-5
6.0774135E-5
5.5139328E-5
4.9015922E-5
4.2453932E-5
3.5506717E-5
2.8230545E-5
2.0684156E-5
1.2928305E-5
5.025409E-6
2.9629575E-6
1.09697185E-5
1.8933268E-5
2.6789792E-5
3.447681E-5
4.1933294E-5
4.9100134E-5
5.5920587E-5
6.234071E-5
6.8309826E-5
7.378087E-5
7.8710844E-5
8.306111E-5
8.6797794E-5
8.989205E-5
9.232038E-5
9.406492E-5
9.511366E-5
9.5460746E-5
9.5106676E-5
9.405865E-5
9.233082E-5
8.994477E-5
8.693007E-5
8.332509E-5
7.9178266E-5
7.455003E-5
6.951587E-5
6.417116E-5
5.8638958E-5
5.308227E-5
4.7722464E-5
4.2863176E-5
3.89086E-5
3.633972E-5
3.5591234E-5
3.6845464E-5
3.992506E-5
4.4412707E-5
4.9851864E-5
5.585945E-5
6.214565E-5
6.849629E-5
7.475081E-5
8.078542E-5
8.650194E-5
9.182063E-5
9.6675896E-5
1.0101349E-4
1.04788814E-4
1.0796588E-4
1.1051664E-4
1.124205E-4
1.13664144E-4
1.14241295E-4
1.1415264E-4
1.1340576E-4
1.12015165E-4
1.1000231E-4
1.0739572E-4
1.0423124E-4
1.0055244E-4
9.6411175E-5
9.186863E-5
8.6996624E-5
8.1879785E-5
7.661837E-5
7.133224E-5
6.6165696E-5
6.1292565E-5
5.6919125E-5
5.327984E-5
5.061797E-5
4.9144826E-5
4.898465E-5
5.013245E-5
5.2454558E-5
5.5732136E-5
5.9717688E-5
6.4176704E-5
6.8907124E-5
7.374319E-5
7.8551755E-5
8.322653E-5
8.7682514E-5
9.185152E-5
9.567866E-5
9.911981E-5
1.0213973E-4
1.04710656E-4
1.06811254E-4
1.08425826E-4
1.0954369E-4
1.10158704E-4
1.1026884E-4
1.09875866E-4
1.0898504E-4
1.076049E-4
1.0574701E-4
1.0342582E-4
1.0065845E-4
9.746462E-5
9.38665E-5
8.988865E-5
8.5557986E-5
8.0903825E-5
7.595796E-5
7.075499E-5
6.5332686E-5
5.973287E-5
5.400285E-5
4.8197944E-5
4.2386157E-5
3.6656842E-5
3.1137515E-5
2.6026333E-5
2.1649857E-5
1.8528335E-5
1.7293783E-5
1.8229686E-5
2.0922631E-5
2.4671659E-5
2.8934632E-5
3.338267E-5
3.7822814E-5
4.2136526E-5
4.6246056E-5
5.0097322E-5
5.3651147E-5
5.6878616E-5
5.9758597E-5
6.2276355E-5
6.442285E-5
6.619437E-5
6.759241E-5
6.862367E-5
6.93002E-5
6.963963E-5
6.9665366E-5
6.940695E-5
6.890038E-5
6.818835E-5
6.732052E-5
6.6353525E-5
6.535062E-5
6.4380845E-5
6.351738E-5
6.283496E-5
6.2406216E-5
6.229711E-5
6.256199E-5
6.3239E-5
6.4346954E-5
6.588414E-5
6.782946E-5
7.01455E-5
7.278257E-5
7.568306E-5
7.878536E-5
8.202692E-5
8.534658E-5
8.868601E-5
9.199063E-5
9.521007E-5
9.829836E-5
1.01214006E-4
1.0391984E-4
1.0638301E-4
1.08574815E-4
1.10470595E-4
1.1204964E-4
1.1329512E-4
1.1419402E-4
1.1473706E-4
1.1491869E-4
0.0
0.0
0.0
0.0
0.0
0.0
0.0
0.0
0.0
0.0
0.0
0.0
0.0
0.0
0.0
0.0
0.0
0.0
0.0
0.0
0.0
0.0
0.0
0.0
0.0
0.0
0.0
0.0
0.0
0.0
0.0
0.0
0.0
0.0
0.0
0.0
0.0
0.0
0.0
0.0
0.0
0.0
0.0
0.0
0.0
0.0
0.0
0.0
0.0
0.0
0.0
0.0
0.0
0.0
0.0
0.0
0.0
0.0
0.0
0.0
0.0
0.0
0.0
0.0
0.0
0.0
0.0
0.0
0.0
0.0
0.0
0.0
0.0
0.0
0.0
0.0
0.0
0.0
0.0
0.0
0.0
0.0
0.0
0.0
0.0
0.0
0.0
0.0
0.0
0.0
0.0
0.0
0.0
0.0
0.0
0.0
0.0
0.0
0.0
0.0
0.0
0.0
0.0
0.0
0.0
0.0
0.0
0.0
0.0
0.0
0.0
0.0
0.0
0.0
0.0
0.0
0.0
0.0
0.0
0.0
0.0
0.0
0.0
0.0
0.0
0.0
0.0
0.0
0.0
0.0
0.0
0.0
0.0
0.0
0.0
0.0
0.0
0.0
0.0
0.0
0.0
0.0
0.0
0.0
0.0
0.0
0.0
0.0
0.0
0.0
0.0
0.0
0.0
0.0
0.0
0.0
0.0
0.0
0.0
0.0
0.0
0.0
0.0
0.0
0.0
0.0
0.0
0.0
0.0
0.0
0.0
0.0
0.0
0.0
0.0
0.0
0.0
0.0
0.0
0.0
0.0
0.0
0.0
0.0
0.0
0.0
0.0
0.0
0.0
0.0
0.0
0.0
0.0
0.0
0.0
0.0
0.0
0.0
0.0
0.0
0.0
0.0
0.0
0.0
0.0
0.0
0.0
0.0
0.0
0.0
0.0
0.0
0.0
0.0
0.0
0.0
0.0
0.0
0.0
0.0
0.0
0.0
0.0
0.0
0.0
0.0
0.0
0.0
0.0
0.0
0.0
0.0
0.0
0.0
0.0
0.0
0.0
0.0
0.0
0.0
0.0
0.0
0.0
0.0
0.0
0.0
0.0
0.0
0.0
0.0
0.0
0.0
0.0
0.0
0.0
0.0
0.0
0.0
0.0
0.0
0.0
0.0
0.0
0.0
0.0
0.0
0.0
0.0
0.0
0.0
0.0
0.0
0.0
0.0
0.0
0.0
0.0
0.0
0.0
0.0
0.0
0.0
0.0
0.0
0.0
0.0
0.0
0.0
0.0
0.0
0.0
0.0
0.0
0.0
0.0
0.0
0.0
0.0
0.0
0.0
0.0
0.0
0.0
0.0
0.0
0.0
0.0
0.0
0.0
0.0
0.0
0.0
0.0
0.0
0.0
0.0
0.0
0.0
0.0
0.0
0.0
0.0
0.0
0.0
0.0
0.0
0.0
0.0
0.0
0.0
0.0
0.0
0.0
0.0
0.0
0.0
0.0
0.0
0.0
0.0
0.0
0.0
0.0
0.0
0.0
0.0
0.0
0.0
0.0
0.0
0.0
0.0
0.0
0.0
0.0
0.0
0.0
0.0
0.0
0.0
0.0
0.0
0.0
0.0
0.0
0.0
0.0
0.0
0.0
0.0
0.0
0.0
0.0
0.0
0.0
0.0
0.0
0.0
0.0
0.0
0.0
0.0
0.0
0.0
0.0
0.0
0.0
0.0
0.0
0.0
0.0
0.0
0.0
0.0
0.0
0.0
0.0
0.0
0.0
0.0
0.0
0.0
0.0
0.0
0.0
0.0
0.0
0.0
0.0
0.0
0.0
0.0
0.0
0.0
0.0
0.0
0.0
0.0
0.0
0.0
0.0
0.0
0.0
0.0
0.0
0.0
0.0
0.0
0.0
0.0
0.0
0.0
0.0
0.0
0.0
0.0
0.0
0.0
0.0
0.0
0.0
0.0
0.0
0.0
0.0
0.0
0.0
0.0
0.0
0.0
0.0
0.0
0.0
0.0
0.0
0.0
0.0
0.0
0.0
0.0
0.0
0.0
0.0
0.0
0.0
0.0
0.0
0.0
0.0
0.0
0.0
0.0
0.0
0.0
0.0
0.0
0.0
0.0
0.0
0.0
0.0
0.0
0.0
0.0
0.0
0.0
0.0
0.0
0.0
0.0
0.0
0.0
0.0
0.0
0.0
0.0
0.0
0.0
0.0
0.0
0.0
0.0
0.0
0.0
0.0
0.0
0.0
0.0
0.0
0.0
0.0
0.0
0.0
0.0
0.0
0.0
0.0
0.0
0.0
0.0
0.0
0.0
0.0
0.0
0.0
0.0
0.0
0.0
0.0
0.0
0.0
0.0
0.0
0.0
0.0
0.0
0.0
0.0
0.0
0.0
0.0
0.0
0.0
0.0
0.0
0.0
0.0
0.0
0.0
0.0
0.0
0.0
0.0
0.0
0.0
0.0
0.0
0.0
0.0
0.0
0.0
0.0
0.0
0.0
0.0
0.0
0.0
0.0
0.0
0.0
0.0
0.0
0.0
0.0
0.0
0.0
0.0
0.0
0.0
0.0
0.0
0.0
0.0
0.0
0.0
0.0
0.0
0.0
0.0
0.0
0.0
0.0
0.0
0.0
0.0
0.0
0.0
0.0
0.0
0.0
0.0
0.0
0.0
0.0
0.0
0.0
0.0
0.0
0.0
0.0
0.0
0.0
0.0
0.0
0.0
0.0
0.0
0.0
0.0
0.0
0.0
0.0
0.0
0.0
0.0
0.0
0.0
0.0
0.0
0.0
0.0
0.0
0.0
0.0
0.0
0.0
0.0
0.0
0.0
0.0
0.0
0.0
0.0
0.0
0.0
0.0
0.0
0.0
0.0
0.0
0.0
0.0
0.0
0.0
0.0
0.0
0.0
0.0
0.0
0.0
0.0
0.0
0.0
0.0
0.0
0.0
0.0
0.0
0.0
0.0
0.0
0.0
0.0
0.0
0.0
0.0
0.0
0.0
0.0
0.0
0.0
0.0
0.0
0.0
0.0
0.0
0.0
0.0
0.0
0.0
0.0
0.0
0.0
0.0
0.0
0.0
0.0
0.0
0.0
0.0
0.0
0.0
0.0
0.0
0.0
0.0
0.0
0.0
0.0
0.0
0.0
0.0
0.0
0.0
0.0
0.0
0.0
0.0
0.0
0.0
0.0
0.0
0.0
0.0
0.0
0.0
0.0
0.0
0.0
0.0
0.0
0.0
0.0
0.0
0.0
0.0
0.0
0.0
0.0
0.0
0.0
0.0
0.0
0.0
0.0
0.0
0.0
0.0
0.0
0.0
0.0
0.0
0.0
0.0
0.0
0.0
0.0
0.0
0.0
0.0
0.0
0.0
0.0
0.0
0.0
0.0
0.0
0.0
0.0
0.0
0.0
0.0
0.0
0.0
0.0
0.0
0.0
0.0
0.0
0.0
0.0
0.0
0.0
0.0
0.0
0.0
0.0
0.0
0.0
0.0
0.0
0.0
0.0
0.0
0.0
0.0
0.0
0.0
0.0
0.0
0.0
0.0
0.0
0.0
0.0
0.0
0.0
0.0
0.0
0.0
0.0
0.0
0.0
0.0
0.0
0.0
0.0
0.0
0.0
0.0
0.0
0.0
0.0
0.0
0.0
0.0
0.0
0.0
0.0
0.0
0.0
0.0
0.0
0.0
0.0
0.0
0.0
0.0
0.0
0.0
0.0
0.0
0.0
0.0
0.0
0.0
0.0
0.0
0.0
0.0
0.0
0.0
0.0
0.0
0.0
0.0
0.0
0.0
0.0
0.0
0.0
0.0
0.0
0.0
0.0
0.0
0.0
0.0
0.0
0.0
0.0
0.0
0.0
0.0
0.0
0.0
0.0
0.0
0.0
0.0
0.0
0.0
0.0
0.0
0.0
0.0
0.0
0.0
0.0
0.0
0.0
0.0
0.0
0.0
0.0
0.0
0.0
0.0
0.0
0.0
0.0
0.0
0.0
0.0
0.0
0.0
0.0
0.0
0.0
0.0
0.0
0.0
0.0
0.0
0.0
0.0
0.0
0.0
0.0
0.0
0.0
0.0
0.0
0.0
0.0
0.0
0.0
0.0
0.0
0.0
0.0
0.0
0.0
0.0
0.0
0.0
0.0
0.0
0.0
0.0
0.0
0.0
0.0
0.0
0.0
0.0
0.0
0.0
0.0
0.0
0.0
0.0
0.0
0.0
0.0
0.0
0.0
0.0
0.0
0.0
0.0
0.0
0.0
0.0
0.0
0.0
0.0
0.0
0.0
0.0
0.0
0.0
0.0
0.0
0.0
0.0
0.0
0.0
0.0
0.0
0.0
0.0
0.0
0.0
0.0
0.0
0.0
0.0
0.0
0.0
0.0
0.0
0.0
0.0
0.0
0.0
0.0
0.0
0.0
0.0
0.0
0.0
0.0
0.0
0.0
0.0
0.0
0.0
0.0
0.0
0.0
0.0
0.0
0.0
0.0
0.0
0.0
0.0
0.0
0.0
0.0
0.0
0.0
0.0
0.0
0.0
0.0
0.0
0.0
0.0
0.0
0.0
0.0
0.0
0.0
0.0
0.0
0.0
0.0
0.0
0.0
0.0
0.0
0.0
0.0
0.0
0.0
0.0
0.0
0.0
0.0
0.0
0.0
0.0
0.0
0.0
0.0
0.0
0.0
0.0
0.0
0.0
0.0
0.0
0.0
0.0
0.0
0.0
0.0
0.0
0.0
0.0
0.0
0.0
0.0
0.0
0.0
0.0
0.0
0.0
0.0
0.0
0.0
0.0
0.0
0.0
0.0
0.0
0.0
0.0
0.0
0.0
0.0
0.0
0.0
0.0
0.0
0.0
0.0
0.0
0.0
0.0
0.0
0.0
0.0
0.0
0.0
0.0
0.0
0.0
0.0
0.0
0.0
0.0
0.0
0.0
0.0
0.0
0.0
0.0
0.0
0.0
0.0
0.0
0.0
0.0
0.0
0.0
0.0
0.0
0.0
0.0
0.0
0.0
0.0
0.0
0.0
0.0
0.0
0.0
0.0
0.0
0.0
0.0
0.0
0.0
0.0
0.0
0.0
0.0
0.0
0.0
0.0
0.0
0.0
0.0
0.0
0.0
0.0
0.0
0.0
0.0
0.0
0.0
0.0
0.0
0.0
0.0
0.0
0.0
0.0
0.0
0.0
0.0
0.0
0.0
0.0
0.0
0.0
0.0
0.0
0.0
0.0
0.0
0.0
0.0
0.0
0.0
0.0
0.0
0.0
0.0
0.0
0.0
0.0
0.0
0.0
0.0
0.0
0.0
0.0
0.0
0.0
0.0
0.0
0.0
0.0
0.0
0.0
0.0
0.0
0.0
0.0
0.0
0.0
0.0
0.0
0.0
0.0
0.0
0.0
0.0
0.0
0.0
0.0
0.0
0.0
0.0
0.0
0.0
0.0
0.0
0.0
0.0
0.0
0.0
0.0
0.0
0.0
0.0
0.0
0.0
0.0
0.0
0.0
0.0
0.0
0.0
0.0
0.0
0.0
0.0
0.0
0.0
0.0
0.0
0.0
0.0
0.0
0.0
0.0
0.0
0.0
0.0
0.0
0.0
0.0
0.0
0.0
0.0
0.0
0.0
0.0
0.0
0.0
0.0
0.0
0.0
0.0
0.0
0.0
0.0
0.0
0.0
0.0
0.0
0.0
0.0
0.0
0.0
0.0
0.0
0.0
0.0
0.0
0.0
0.0
0.0
0.0
0.0
0.0
0.0
0.0
0.0
0.0
0.0
0.0
0.0
0.0
0.0
0.0
0.0
0.0
0.0
0.0
0.0
0.0
0.0
0.0
0.0
0.0
0.0
0.0
0.0
0.0
0.0
0.0
0.0
0.0
0.0
0.0
0.0
0.0
0.0
0.0
0.0
0.0
0.0
0.0
0.0
0.0
0.0
0.0
0.0
0.0
0.0
0.0
0.0
0.0
0.0
0.0
0.0
0.0
0.0
0.0
0.0
0.0
0.0
0.0
0.0
0.0
0.0
0.0
0.0
0.0
0.0
0.0
0.0
0.0
0.0
0.0
0.0
0.0
0.0
0.0
0.0
0.0
0.0
0.0
0.0
0.0
0.0
0.0
0.0
0.0
0.0
0.0
0.0
0.0
0.0
0.0
0.0
0.0
0.0
0.0
0.0
0.0
0.0
0.0
0.0
0.0
0.0
0.0
0.0
0.0
0.0
0.0
0.0
0.0
0.0
0.0
0.0
0.0
0.0
0.0
0.0
0.0
0.0
0.0
0.0
0.0
0.0
0.0
0.0
0.0
0.0
0.0
0.0
0.0
0.0
0.0
0.0
0.0
0.0
0.0
0.0
0.0
0.0
0.0
0.0
0.0
0.0
0.0
0.0
0.0
0.0
0.0
0.0
0.0
0.0
0.0
0.0
0.0
0.0
0.0
0.0
0.0
0.0
0.0
0.0
0.0
0.0
0.0
0.0
0.0
0.0
0.0
0.0
0.0
0.0
0.0
0.0
0.0
0.0
0.0
0.0
0.0
0.0
0.0
0.0
0.0
0.0
0.0
0.0
0.0
0.0
0.0
0.0
0.0
0.0
0.0
0.0
0.0
0.0
0.0
0.0
0.0
0.0
0.0
0.0
0.0
0.0
0.0
0.0
0.0
0.0
0.0
0.0
0.0
0.0
0.0
0.0
0.0
0.0
0.0
0.0
0.0
0.0
0.0
0.0
0.0
0.0
0.0
0.0
0.0
0.0
0.0
0.0
0.0
0.0
0.0
0.0
0.0
0.0
0.0
0.0
0.0
0.0
0.0
0.0
0.0
0.0
0.0
0.0
0.0
0.0
0.0
0.0
0.0
0.0
0.0
0.0
0.0
0.0
0.0
0.0
0.0
0.0
0.0
0.0
0.0
0.0
0.0
0.0
0.0
0.0
0.0
0.0
0.0
0.0
0.0
0.0
0.0
0.0
0.0
0.0
0.0
0.0
0.0
0.0
0.0
0.0
0.0
0.0
0.0
0.0
0.0
0.0
0.0
0.0
0.0
0.0
0.0
0.0
0.0
0.0
0.0
0.0
0.0
0.0
0.0
0.0
0.0
0.0
0.0
0.0
0.0
0.0
0.0
0.0
0.0
0.0
0.0
0.0
0.0
0.0
0.0
0.0
0.0
0.0
0.0
0.0
0.0
0.0
0.0
0.0
0.0
0.0
0.0
0.0
0.0
0.0
0.0
0.0
0.0
0.0
0.0
0.0
0.0
0.0
0.0
0.0
0.0
0.0
0.0
0.0
0.0
0.0
0.0
0.0
0.0
0.0
0.0
0.0
0.0
0.0
0.0
0.0
0.0
0.0
0.0
0.0
0.0
0.0
0.0
0.0
0.0
0.0
0.0
0.0
0.0
0.0
0.0
0.0
0.0
0.0
0.0
0.0
0.0
0.0
0.0
0.0
0.0
0.0
0.0
0.0
0.0
0.0
0.0
0.0
0.0
0.0
0.0
0.0
0.0
0.0
0.0
0.0
0.0
0.0
0.0
0.0
0.0
0.0
0.0
0.0
0.0
0.0
0.0
0.0
0.0
0.0
0.0
0.0
0.0
0.0
0.0
0.0
0.0
0.0
0.0
0.0
0.0
0.0
0.0
0.0
0.0
0.0
0.0
0.0
0.0
0.0
0.0
0.0
0.0
0.0
0.0
0.0
0.0
0.0
0.0
0.0
0.0
0.0
0.0
0.0
0.0
0.0
0.0
0.0
0.0
0.0
0.0
0.0
0.0
0.0
0.0
0.0
0.0
0.0
0.0
0.0
0.0
0.0
0.0
0.0
0.0
0.0
0.0
0.0
0.0
0.0
0.0
0.0
0.0
0.0
0.0
0.0
0.0
0.0
0.0
0.0
0.0
0.0
0.0
0.0
0.0
0.0
0.0
0.0
0.0
0.0
0.0
0.0
0.0
0.0
0.0
0.0
0.0
0.0
0.0
0.0
0.0
0.0
0.0
0.0
0.0
0.0
0.0
0.0
0.0
0.0
0.0
0.0
0.0
0.0
0.0
0.0
0.0
0.0
0.0
0.0
0.0
0.0
0.0
0.0
0.0
0.0
0.0
0.0
0.0
0.0
0.0
0.0
0.0
0.0
0.0
0.0
0.0
0.0
0.0
0.0
0.0
0.0
0.0
0.0
0.0
0.0
0.0
0.0
0.0
0.0
0.0
0.0
0.0
0.0
0.0
0.0
0.0
0.0
0.0
0.0
0.0
0.0
0.0
0.0
0.0
0.0
0.0
0.0
0.0
0.0
0.0
0.0
0.0
0.0
0.0
0.0
0.0
0.0
0.0
4.8640974E-5
0.0
0.0
0.0
0.0
4.57523E-5
0.0
4.4621214E-5
0.0
0.0
0.0
0.0
4.185455E-5
0.0
0.0
0.0
0.0
3.9175233E-5
0.0
3.8128E-5
0.0
0.0
0.0
0.0
3.5571233E-5
0.0
3.4573077E-5
0.0
0.0
3.310218E-5
0.0
3.2139153E-5
0.0
0.0
0.0
0.0
2.9793146E-5
0.0
2.887939E-5
0.0
0.0
2.7535194E-5
0.0
2.66567E-5
0.0
2.5792324E-5
0.0
0.0
2.452225E-5
0.0
2.3693206E-5
0.0
0.0
2.2476166E-5
0.0
2.1682503E-5
0.0
2.0903006E-5
0.0
0.0
1.9760335E-5
0.0
1.9016281E-5
0.0
0.0
1.7926812E-5
0.0
1.7218248E-5
0.0
1.6523893E-5
0.0
0.0
1.5509011E-5
0.0
1.4850202E-5
0.0
1.4205622E-5
1.3888671E-5
0.0
1.3265448E-5
0.0
1.2656468E-5
0.0
0.0
1.1769722E-5
0.0
1.119638E-5
0.0
1.0637302E-5
0.0
0.0
9.825441E-6
0.0
9.302046E-6
0.0
0.0
8.543734E-6
0.0
8.056054E-6
0.0
7.5826665E-6
0.0
0.0
6.8993963E-6
0.0
6.4617625E-6
0.0
0.0
5.8321425E-6
0.0
5.430288E-6
0.0
1.51282575E-5
0.0
-9.339077E-6
1.7953214E-5
-1.7242603E-5
1.6546319E-5
-3.9660918E-6
7.598373E-6
7.27173E-6
-6.9522544E-6
1.3279894E-5
-6.334809E-6
1.2073682E-5
-2.8730217E-6
-2.7312085E-6
7.778945E-6
-9.833362E-6
6.9818593E-6
-4.3996383E-6
4.151878E-6
1.9556464E-6
-3.6778833E-6
6.9033E-6
-4.84889E-6
4.5310708E-6
-2.816012E-6
-1.3092442E-6
1.2140717E-6
-6.734933E-6
2.0689913E-6
-4.7504623E-6
1.7385587E-6
0.0
-7.1842453E-7
2.5935324E-6
-1.7457977E-6
2.076292E-6
-9.196094E-7
-4.041277E-7
3.5204212E-7
-1.8212887E-6
5.1729165E-7
-1.0866765E-6
1.796167E-7
0.0
-3.4486652E-7
1.7602613E-7
-3.2331414E-7
2.2452419E-7
-2.8739146E-8
1.6165792E-8
1.4369607E-8
-3.592404E-9
0.0
