0.13841826
0.05905022
0.22534001
0.13452573
0.11368811
0.31269756
0.57218903
0.56038517
0.5043279
0.4629774
0.2460843
0.36665964
0.30142984
0.3107001
0.50881946
0.4488462
0.15511492
0.2224223
0.42183113
0.43285728
0.52971846
0.25161687
0.1845596
0.07109954
0.12991507
0.19962642
0.34161338
0.54433185
0.43963048
0.40309244
0.35624778
0.06540635
0.08183664
0.3241069
0.41078722
0.13269074
0.12336552
0.31620863
0.37381986
0.36607084
0.3417047
0.19529422
0.18748201
0.40793225
0.3988282
0.2992615
0.08543057
0.1237801
0.21519753
0.1403643
0.1581918
0.25865114
0.27967387
0.20312648
0.16640876
0.21661219
0.25867683
0.25114062
0.12040878
0.11271478
0.07352639
0.08437283
0.2083903
0.17483473
0.17635359
0.20975083
0.15290603
0.08896026
0.07109114
0.0619837
0.14367282
0.07521061
0.021633698
0.045454103
0.07060006
0.115577504
0.060134288
0.06930514
0.036431327
0.08973625
0.13578084
0.07336071
0.118136115
0.15999848
0.14025591
0.13626094
0.12910317
0.12339938
0.08438157
0.017145332
0.060637347
0.110463075
0.029766845
0.12337354
0.20428698
0.11709637
0.03623079
0.02844866
0.033316616
0.04815025
0.058771655
0.04079138
0.035053093
0.13922581
0.17324662
0.057132497
0.14339969
0.10665671
0.05595467
0.110613905
0.038185928
0.03563595
0.027635077
0.09086301
0.048697587
0.037496056
0.10810127
0.08708769
0.15462846
0.13829045
0.035662796
0.04293064
0.07601017
0.03823403
0.041797854
0.06790565
0.05109936
0.084568255
0.044820726
0.019333906
0.04519456
0.095632315
0.08300997
0.056382943
0.15317772
0.21704842
0.19128065
0.16255283
0.094708405
0.10522944
0.032992687
0.13214788
0.04809988
0.06763662
0.11573683
0.15967555
0.06896959
0.08626852
0.1153509
0.16569968
0.14973396
0.051919363
0.01808669
0.07715654
0.11930932
0.031536225
0.017312694
0.0753812
0.1346108
0.08870208
0.14395967
0.14769556
0.08395694
0.1289535
0.15407328
0.050907474
0.06438803
0.064988166
0.03994728
0.059866
0.031066092
0.04696615
0.016647942
0.092036195
0.09052499
0.081040844
0.06335475
0.05977429
0.06223115
0.09932619
0.13630904
0.1416543
0.15186977
0.07194741
0.14486378
0.18918288
0.15339445
0.18707798
0.18140924
0.049903132
0.016515683
0.05173274
0.08098248
0.048848737
0.050166804
0.042812392
0.11760342
0.12769215
0.055792432
0.035412744
0.11481981
0.13012697
0.12418311
0.12250119
0.10720344
0.1345014
0.13878858
0.12813826
0.15652344
0.15970747
0.05078161
0.030409198
0.04121988
0.05678993
0.012899309
0.10288307
0.10747633
0.051333945
0.104248844
0.066796176
0.08005326
0.11414306
0.07489122
0.049431086
0.056345757
0.11690725
0.18280683
0.11157175
0.09331473
0.10216718
0.096946605
0.07601827
0.14590164
0.10211085
0.06007809
0.08049467
0.11961747
0.03668372
0.09648298
0.15482947
0.14275384
0.102667086
0.065856345
0.013636084
0.032559805
0.088743635
0.031143302
0.09532537
0.03662737
0.019602787
0.10285914
0.056144793
0.066654496
0.07582773
0.016590023
0.0924843
0.069518626
0.048593163
0.043149624
0.042497575
0.11552207
0.12170861
0.14689484
0.17420387
0.11770899
0.031526394
0.028369594
0.059519496
0.06816266
0.06112773
0.044916622
0.01864839
0.03561685
0.014957289
0.06457311
0.015583575
0.05636967
0.05878733
0.020951608
0.010152813
0.010319497
0.036981788
0.040902272
0.05182705
0.014919516
0.07973123
0.038856003
0.07695889
0.060922045
0.023800656
0.07118423
0.07447779
0.06856708
0.09535328
0.07113817
0.08036754
0.06532802
0.03209841
0.10189315
0.064217776
0.117100045
0.11803728
0.082168415
0.050486725
0.034868427
0.057578065
0.11662682
0.080961555
0.12957074
0.06988091
0.048628148
0.049107753
0.030853437
0.030728532
0.05783907
0.11178847
0.07531628
0.030567488
0.038053457
0.038112298
0.00457326
0.047755558
0.05759965
0.036152393
0.0049919956
0.006534897
0.046881698
0.097768515
0.09576334
0.092516795
0.07858345
0.036334723
0.055928253
0.10957095
0.08761156
0.04492186
0.03156992
0.11301033
0.077917635
0.050412513
0.109258
0.073977485
0.01324987
0.04100148
0.048219953
0.06635781
0.029410804
0.019393204
0.010281081
0.041508812
0.107769996
0.08967891
0.0319712
0.017455067
0.073433526
0.064737156
0.061836306
0.01793688
0.088914126
0.15819661
0.17569363
0.13061237
0.02346683
0.11536129
0.05271709
0.021848613
0.030390752
0.07287237
0.09521644
0.07747305
0.15620823
0.11957696
0.027218137
0.051454082
0.10398694
0.07805444
0.061877392
0.069830224
0.10600166
0.087986715
0.082214214
0.14271836
0.12242247
0.11945355
0.1162696
0.06361187
0.037918173
0.08373106
0.08709428
0.02874624
0.054304183
0.05062359
0.12284106
0.11756719
0.0374316
0.05985956
0.053674463
0.025007082
0.078306325
0.108049534
0.0519511
0.049689926
0.061804384
0.044835363
0.06086099
0.020179713
0.04677977
0.047949474
0.04649438
0.03255136
0.038189594
0.037720475
0.05579132
0.06327377
0.09334933
0.07307981
0.011130797
0.01376049
0.014936449
0.02112626
0.022797799
0.0724638
0.044280313
0.056166846
0.07564208
0.0037376971
0.10343211
0.15562591
0.13299888
0.02654881
0.06259115
0.0799918
0.075675964
0.07084448
0.072203524
0.091238044
0.08240982
0.051052637
0.061692808
0.058349602
0.023416733
0.020759553
0.036465395
0.05821476
0.051986065
0.04053444
0.06626822
0.10856334
0.17203198
0.13830958
0.051148936
0.07400691
0.049718924
0.024364483
0.078849465
0.07946335
0.06621498
0.024617309
0.032591436
0.04214482
0.07242018
0.077742554
0.021638649
0.07691701
0.06431698
0.06912484
0.06785086
0.030836977
0.07054116
0.06282619
0.047647677
0.116349176
0.114655375
0.116186745
0.07675884
0.0549401
0.050881457
0.052693676
0.047155302
0.06407314
0.06836716
0.014088608
0.07187588
0.034994245
0.050409794
0.04517658
0.030767119
0.06502801
0.07436035
0.033885017
0.022386173
0.11277283
0.11089637
0.038879815
0.08687329
0.08126754
0.074537985
0.048294347
0.07306642
0.09818432
0.07850814
0.0915944
0.057639852
0.063807346
0.10122615
0.1061392
0.096722536
0.09862245
0.04823209
0.091622956
0.06440783
0.07503327
0.061414078
0.09567776
0.14101714
0.08970785
0.051683675
0.06317952
0.06858756
0.05029649
0.06306048
0.043334726
0.07803242
0.0810752
0.0765995
0.030583018
0.06441109
0.049236853
0.039809003
0.090342306
0.10409684
0.06162592
0.100479946
0.10098081
0.09971077
0.13004778
0.06577131
0.07389447
0.034774203
0.039986003
0.08652758
0.12277073
0.11104788
0.09323174
0.10750305
0.13920712
0.082402006
0.0877694
0.078498274
0.04999368
0.07277084
0.072968856
0.06349053
0.024682352
0.059333224
0.04753846
0.04643796
0.059834458
0.036901094
0.07857699
0.116939396
0.04978205
0.042364094
0.07139397
0.089628145
0.09993376
0.035592735
0.024261309
0.09630588
0.14030184
0.15613571
0.14087464
0.16110031
0.18643305
0.108645946
0.044427842
0.040527713
0.06617426
0.1341044
0.19667391
0.117422685
0.0105934795
0.10013691
0.20694704
0.16996053
0.1117679
0.06974884
0.11211719
0.09564483
0.13104013
0.12094375
0.106621735
0.049441416
0.018263405
0.13317674
0.09823728
0.1191208
0.06275053
0.035426706
0.14627892
0.14986034
0.07620289
0.042730343
0.14175585
0.11732739
0.056396145
0.069792256
0.058526654
0.120266944
0.20807213
0.20538124
0.044016883
0.047843195
0.031116376
0.032132555
0.046890356
0.1313944
0.17877902
0.16797125
0.2112359
0.22532338
0.09963419
0.082892895
0.031360958
0.1981954
0.2533013
0.23880577
0.24873957
0.15585183
0.073970996
0.045851253
0.045628875
0.09269609
0.038806386
0.25568107
0.26793233
0.07220423
0.044293217
0.05742486
0.11858895
0.12583621
0.097184755
0.08478295
0.02827845
0.041943777
0.03173938
0.1290642
0.058290966
0.13507415
0.1316357
0.041885544
0.052702926
0.06844254
0.06537483
0.14720206
0.18501103
0.10140354
0.017664358
0.02109327
0.034551762
0.030673908
0.03786672
0.06788238
0.1658016
0.14293253
0.01701073
0.036158673
0.10014825
0.061152525
0.084543414
0.18009447
0.08567215
0.072722726
0.13562818
0.09696733
0.094284855
0.0512086
0.029134743
0.056798242
0.13262981
0.09291813
0.094103456
0.17049943
0.115602635
0.053503502
0.10439576
0.13521773
0.09959591
0.05294916
0.05615879
0.090459846
0.15401885
0.12703988
0.09719942
0.09406234
0.07365794
0.087358214
0.07358966
0.06965606
0.09682624
0.047947492
0.06803426
0.08658606
0.07195093
0.062200073
0.082295075
0.098303735
0.045097683
0.047763415
0.018924132
0.04385376
0.055519383
0.02446689
0.056380685
0.06665546
0.09222041
0.08508668
0.08257606
0.045335606
0.029731076
0.044213776
0.043954276
0.08239213
0.08996676
0.09494861
0.026336957
0.09366553
0.14334059
0.123077616
0.102390856
0.084930904
0.072905205
0.046995375
0.039105903
0.042901635
0.040459316
0.14673145
0.16125788
0.05359408
0.02301026
0.031012692
0.042732716
0.03254242
0.07100263
0.043710895
0.025570527
0.039710425
0.015459855
0.06853489
0.02446988
0.053653304
0.046461206
0.023852456
0.0591375
0.053998705
0.043915257
0.04574632
0.022707772
0.07937875
0.095451616
0.07212567
0.07797289
0.07500681
0.067892805
0.029079692
0.055141088
0.052279282
0.08086686
0.0849739
0.07978829
0.046889395
0.038071163
0.028994411
0.074728884
0.09746759
0.10193288
0.05749777
0.036382984
0.034816235
0.038869902
0.021312393
0.019073479
0.061405603
0.054467957
0.027681297
0.06653471
0.04851417
0.018626742
0.098583356
0.15895103
0.08829668
0.0061895945
0.03356035
0.024486993
0.027786942
0.09512739
0.14577216
0.13444139
0.120131604
0.143118
0.033033524
0.117460206
0.08317246
0.055662557
0.078261875
0.089460164
0.11221262
0.051226866
0.035289723
0.038004875
0.034718476
0.10859413
0.14056759
0.08460142
0.026070029
0.050022945
0.03890581
0.031489793
0.083999105
0.041854046
0.07193941
0.075528346
0.08941632
0.05832853
0.0019208781
0.050009057
0.1029356
0.0724848
0.040057264
0.044584475
0.06912976
0.076120764
0.019126395
0.0462734
0.023994368
0.036829825
0.037081745
0.04361077
0.07668144
0.075946055
0.026110576
0.039104924
0.047961537
0.03593607
0.049571462
0.049872644
0.06634202
0.03746123
0.034555983
0.07667453
0.07408116
0.054065797
0.057389326
0.109405264
0.1205179
0.08692781
0.06927209
0.041376855
0.040832635
0.058820426
0.040468596
0.06619966
0.10279864
0.0614174
0.039581917
0.06311833
0.030329071
0.06707574
0.05198331
0.019070975
0.038639735
0.051817004
0.10769767
0.16772024
0.0730774
0.087990634
0.13969204
0.11219527
0.04392893
0.040290605
0.036799993
0.06971318
0.07925913
0.046522208
0.010088604
0.056388147
0.12062068
0.111321665
0.042990543
0.015328179
0.03250214
0.06396012
0.10039523
0.07434704
0.12750635
0.08131169
0.038855128
0.07793502
0.1093064
0.0939308
0.04331581
0.01485296
0.04444403
0.051389683
0.028416881
0.03768358
0.064828314
0.05434573
0.0329501
0.020860324
0.029451897
0.056535
0.07787588
0.022073118
0.04510435
0.03071261
0.040600583
0.027374396
0.011190008
0.018365877
0.032542028
0.029304948
0.062113214
0.07630973
0.045121238
0.048853476
0.032612767
0.032915168
0.053907577
0.09691703
0.025510956
0.0345322
0.016321806
0.064197056
0.09226671
0.05835391
0.07821956
0.10107871
0.070834965
0.09683562
0.0945039
0.025985805
0.037319046
0.022463968
0.020685261
0.041677628
0.05631632
0.032165136
0.0260316
0.047103614
0.0951679
0.09855305
0.08633308
0.09439102
0.09157101
0.09533278
0.04586758
0.051242042
0.017890286
0.08450734
0.05328739
0.020787325
0.04121368
0.06279597
0.05385137
0.013252966
0.048247218
0.02070189
0.0871971
0.07516712
0.008048501
0.042452857
0.07389529
0.10405175
0.123364225
0.09993176
0.06843888
0.03937487
0.0133668
0.034478113
0.0025934072
0.054574236
0.029162787
0.05587886
0.08354621
0.093901664
0.11533585
0.0684436
0.1016641
0.100507624
0.07450997
0.004084665
0.038727615
0.080496475
0.06297464
0.074838795
0.07894728
0.106524594
0.053687423
0.02912327
0.019714154
0.038809773
0.07255015
0.024964798
0.06983616
0.07175363
0.022624793
0.06772352
0.050505914
0.054682657
0.12252706
0.04631186
0.055227477
0.03852843
0.07513127
0.048452523
0.045315877
0.11499877
0.11473954
0.046275456
0.05086962
0.085694745
0.07266344
0.08806483
0.14252566
0.08769641
0.031049564
0.078739055
0.06573876
0.0704836
0.07317956
0.09838933
0.087071225
0.08902092
0.08821394
0.06379489
0.052495506
0.04706704
0.01834944
0.029519593
0.03476656
0.07092309
0.04206583
0.029841846
0.013443701
0.07058668
0.096552886
0.049657047
0.05506397
0.11753677
0.06858191
0.025210401
0.06735137
0.046870437
0.06831857
0.09719978
0.021178892
0.026239261
0.031025914
0.06221908
0.09572062
0.043847457
0.100618474
0.083844855
0.01703142
0.054506294
0.050264254
0.052703988
0.030674208
0.09571889
0.15451725
0.08266299
0.098090544
0.10101624
0.02952927
0.048255038
0.04977868
0.028328253
0.04714851
0.064793475
0.05467222
0.05158807
0.06741921
0.08599861
0.055845633
0.020363322
0.038683217
0.029762829
0.061207373
0.05291862
0.07797103
0.047528587
0.06412867
0.04368208
0.042724892
0.0939314
0.064306825
0.04654028
0.024628183
0.068272404
0.1006768
0.057436023
0.04431117
0.07279828
0.073934674
0.08737262
0.048068937
0.093219765
0.07207667
0.03731463
0.01899795
0.017045083
0.030331979
0.02921166
0.054406807
0.09691679
0.039928824
0.04859496
0.03971231
0.025937121
0.01524677
0.039989226
0.060320515
0.012067155
0.039481856
0.024281273
0.06985905
0.07574484
0.026091918
0.07254981
0.078302436
0.03877895
0.06434883
0.08155074
0.08272004
0.07904859
0.10833095
0.12983635
0.08654489
0.093295485
0.0908888
0.0409964
0.033072103
0.03562711
0.06186155
0.06885706
0.037248988
0.034336437
0.059745084
0.08460652
0.0822462
0.04612971
0.060101427
0.06709986
0.07301946
0.10157702
0.14146328
0.12369694
0.059376553
0.04837797
0.029806077
0.044938788
0.057232402
0.04959427
0.039161954
0.06604949
0.040510427
0.014913533
0.08288851
0.0501062
0.036486827
0.04908695
0.08052061
0.09007202
0.045166533
0.015881624
0.026313232
0.057367284
0.09896868
0.13723198
0.10053206
0.04848311
0.033193156
0.017138705
0.014496989
0.006204088
0.005755594
0.03295795
0.050522503
0.057451986
0.03647951
0.04122433
0.058196455
0.10328752
0.07638456
0.073750496
0.11277346
0.09616103
0.025016401
0.07667869
0.112414725
0.07661334
0.047346666
0.09972001
0.09357762
0.082478195
0.11433383
0.028247941
0.058418144
0.099119395
0.049356524
0.04822456
0.041099023
0.06544617
0.09769109
0.056674547
0.04787076
0.05960596
0.06611283
0.082463086
0.05578072
0.027949108
0.06882824
0.050094757
0.07457955
0.06012498
0.06824567
0.1381315
0.10132955
0.051038045
0.058327436
0.07948742
0.05300587
0.08760663
0.043846108
0.08587051
0.029543351
0.048246156
0.056282453
0.15354063
0.16088454
0.09388943
0.077828065
0.057212323
0.037040103
0.08176481
0.114308484
0.07498225
0.043625955
0.08082645
0.088280894
0.05435723
0.0538604
0.046779186
0.114737265
0.06438908
0.03999193
0.12323378
0.12118554
0.050536077
0.028073374
0.018280184
0.06692752
0.105238855
0.11066891
0.08299184
0.043513596
0.0880285
0.06275558
0.06618878
0.1363414
0.09828742
0.053962313
0.05593496
0.057707697
0.02362183
0.015879855
0.03884721
0.0374941
0.031812217
0.05898511
0.06617283
0.032315724
0.028747091
0.04350015
0.035935596
0.052422974
0.09232373
0.06693029
0.03777268
0.049696468
0.033322386
0.06550477
0.034182794
0.12139799
0.094430774
0.048106935
0.094230354
0.037699882
0.032612644
0.040463597
0.066463366
0.051136162
0.036458038
0.05627378
0.078586385
0.04093531
0.06745185
0.104562834
0.077104665
0.009940436
0.15543151
0.08933541
0.051115867
0.004095279
0.08446914
0.07187903
0.18259107
0.13604581
0.123741485
0.121403106
0.09940814
0.06373208
0.021915842
0.02311239
0.050223485
0.042272538
0.036231533
0.008231364
0.026085965
0.014305175
0.029526912
0.08102163
0.10863797
0.015148751
0.09427133
0.05991797
0.062052067
0.07992368
0.059845936
0.055243902
0.054179136
0.061389502
0.021173066
0.052832287
0.0486653
0.09454214
0.06017835
0.03304775
0.027021907
0.11299253
0.12224931
0.035241954
0.004646256
0.07904249
0.06350528
0.095186196
0.05153269
0.07098211
0.11157431
0.06363929
0.023139916
0.032929067
0.02714258
0.07625151
0.06999509
0.007243548
0.03085954
0.0171544
0.048553012
0.044108633
0.07733257
0.1342873
0.10660995
0.06529012
0.014043464
0.08300609
0.14716993
0.13522726
0.11547451
0.11698244
0.04090639
0.04614933
0.06736841
0.0215902
0.038344167
0.070877895
0.039397117
0.065927915
0.08915467
0.048377708
0.05941425
0.12679406
0.100937024
0.047138285
0.16083902
0.13424315
0.06447808
0.050862547
0.013743079
0.076093294
0.064918265
0.02495082
0.04822036
0.07415496
0.0708579
0.12113993
0.06802297
0.2027248
0.13776825
0.12709999
0.0494972
0.07039082
0.14095585
0.14704657
0.039913546
0.18538643
0.24016742
0.16988939
0.10120577
0.021530833
0.19351782
0.15951325
0.06753753
0.063104294
0.066027604
0.099212766
0.08989293
0.047535338
0.18496849
0.15123482
0.051945664
0.015320596
0.057335254
0.06988818
0.056681477
0.037079334
0.083989546
0.07729956
0.076608874
0.016872158
0.055301942
0.049550984
0.11687887
0.10153969
0.14481258
0.17354995
0.12157504
0.057826642
0.03591239
0.028503884
0.038707573
0.023988731
0.08755149
0.09416003
0.091769986
0.095263235
0.04474987
0.024555953
0.07646672
0.15911135
0.15609454
0.05373349
0.005228368
0.07106491
0.072503805
0.10013814
0.11049437
0.0927696
0.017728122
0.044744164
0.0785999
0.07337406
0.12787847
0.1519002
0.070110336
0.07027865
0.040395822
0.07032085
0.079210654
0.13084346
0.037053134
0.15324457
0.09800175
0.088629775
0.082880616
0.08828358
0.10228003
0.06719036
0.06100221
0.17725858
0.1956719
0.08087139
0.04152964
0.08117272
0.10557943
0.098144636
0.061029904
0.1445792
0.13775845
0.007654355
0.082512766
0.08143187
0.07262506
0.16133788
0.2256209
0.17675403
0.13384353
0.18056864
0.13613304
0.08791176
0.038110632
0.03835575
0.037117552
0.012350808
0.014685508
0.06382457
0.092187315
0.09650118
0.060091183
0.05423292
0.13445956
0.068618886
0.124169804
0.11148254
0.04177052
0.057539813
0.08876191
0.031991147
0.042293347
0.027953567
0.02529246
0.07287934
0.09631156
0.065443836
0.11280294
0.11260381
0.13215654
0.13253167
0.085432775
0.057099305
0.08734417
0.07591395
0.06516682
0.021662407
0.1636776
0.23319328
0.14136046
0.09205056
0.050265647
0.06526409
0.106607735
0.070311114
0.0719432
0.076944984
0.065497205
0.04372324
0.03319666
0.061499096
0.12240127
0.070171736
0.085496865
0.028599227
0.0933703
0.05280489
0.029816763
0.048374575
0.06970757
0.0818289
0.07990801
0.02649272
0.057115972
0.037911363
0.038402323
0.05974638
0.02416753
0.026586456
0.057516642
0.03701448
0.08820793
0.1722717
0.13399987
0.027459523
0.08752133
0.10305642
0.08134229
0.0148322685
0.050942928
0.058723573
0.048395988
0.046441946
0.03867702
0.03213106
0.049965963
0.09426718
0.0806887
0.05280648
0.06014042
0.06755762
0.06734935
0.053459674
0.03242741
0.031277765
0.07095927
0.107631624
0.079297304
0.018819513
0.08237864
0.13644433
0.103784695
0.077279314
0.023581656
0.06268066
0.0793744
0.049060617
0.045940842
0.05799725
0.054053124
0.07876065
0.05299265
0.14147472
0.17245036
0.11205672
0.075055346
0.049409606
0.04109949
0.021859571
0.04705212
0.052246977
0.09864373
0.06137659
0.019138018
0.021369772
0.085282646
0.13193168
0.036474444
0.069606915
0.027029851
0.1569116
0.14037094
0.08206574
0.11021762
0.058928903
0.006244336
0.07531087
0.051924333
0.057940844
0.120817095
0.12551072
0.095161155
0.024105037
0.085688874
0.047369976
0.056416217
0.010174183
0.0146135185
0.050414152
0.06426442
0.05996629
0.0035985273
0.11285313
0.1108172
0.031010205
0.025982093
0.075515434
0.11023155
0.113666974
0.10349599
0.11015827
0.08448554
0.0685832
0.058082253
0.08300737
0.0650646
0.031733904
0.076679006
0.14138289
0.101560056
0.049442094
0.050646402
0.09070317
0.10095132
0.055833787
0.077529475
0.024258552
0.019822683
0.060300034
0.07803866
0.03677313
0.0758835
0.07559808
0.06765038
0.06265885
0.10160874
0.060788807
0.0987249
0.15197161
0.07228466
0.030200806
0.043387175
0.06255255
0.024616687
0.0543859
0.06776559
0.013326806
0.048703335
0.080785
0.081527784
0.036717337
0.024300948
0.06793468
0.08871327
0.09620448
0.065152675
0.073414974
0.11413062
0.026069012
0.03141559
0.042442884
0.03319945
0.018040234
0.10206354
0.16320331
0.13467322
0.08154475
0.06255912
0.08591623
0.055694953
0.058424022
0.07635967
0.05605737
0.05757442
0.05932346
0.04921769
0.064755075
0.09242523
0.0758858
0.073802456
0.095514566
0.079827815
0.05534496
0.074959844
0.046748206
0.05613439
0.067089394
0.053514764
0.038440257
0.041378584
0.023469396
0.022742918
0.08874324
0.105448686
0.088334806
0.09582599
0.106085494
0.0819574
0.02097684
0.018954538
0.030740775
0.052124213
0.09351374
0.0774637
0.08021286
0.120354906
0.07654828
0.050350722
0.062820606
0.028509587
0.07265431
0.09174822
0.070793785
0.031798407
0.04598713
0.021318957
0.015077002
0.02332287
0.07916002
0.05050306
0.055181503
0.080173425
0.09074185
0.048961267
0.082941614
0.06380078
0.036400367
0.0799697
0.114580646
0.12055587
0.09867824
0.048419215
0.047870085
0.00766288
0.10620314
0.17131712
0.14826657
0.060141157
0.04103295
0.09034598
0.089482956
0.05887915
0.049659874
0.1272783
0.09911686
0.02620144
0.04750602
0.020013215
0.09064343
0.14128745
0.07227359
0.042354412
0.018540425
0.061081223
0.060671814
0.054382343
0.08714244
0.04743403
0.053144105
0.1094228
0.065158784
0.049015194
0.061844587
0.12424141
0.19122508
0.15280132
0.09459061
0.043046217
0.034594733
0.05643216
0.08055443
0.021140944
0.103373334
0.13350937
0.13092381
0.09579004
0.053339493
0.03326428
0.08396848
0.027568959
0.102461554
0.13068476
0.064728305
0.021560779
0.056140665
0.031868774
0.08252089
0.027883528
0.05793033
0.07614781
0.02926758
0.053742833
0.115716755
0.11495952
0.14091307
0.091708764
0.07222977
0.05494872
0.07023069
0.018730363
0.09141857
0.0953401
0.044918694
0.05676877
0.06596126
0.07548883
0.08684695
0.08226133
0.042752974
0.047127247
0.044170707
0.07638108
0.05043934
0.045600183
0.01579444
0.03913129
0.061217852
0.056891378
0.07295027
0.12352939
0.0634956
0.015497311
0.013970112
0.050984703
0.041817427
0.05311185
0.03994776
0.0726752
0.018774804
0.06917754
0.075698845
0.06539101
0.018792821
0.043273926
0.04951414
0.027856192
0.06563164
0.04178356
0.03767045
0.01945455
0.040456705
0.019977015
0.04847107
0.08156436
0.027620995
0.052190904
0.02083464
0.04058488
0.04716211
0.015864486
0.038275637
0.049066596
0.03360729
0.065107524
0.088513054
0.037000567
0.038616862
0.026026988
0.021653289
0.06210512
0.08304272
0.05247613
0.026084341
0.015427489
0.045212615
0.011245096
0.029625589
0.022703921
0.026567684
0.044961102
0.042476248
0.0068719047
0.033870086
0.020842858
0.021860586
0.017527232
0.04141225
0.039042514
0.041608445
0.0398731
0.04362315
0.06152004
0.057735734
0.048726983
0.049959928
0.04901014
0.02912009
0.032302167
0.045842726
0.033524416
0.045028616
0.05298277
0.023795223
0.0046820594
0.019086279
0.016609134
0.035607833
0.047734823
0.07615696
0.05744829
0.018168554
0.06648119
0.053887457
0.0077466643
0.020768948
0.014408637
0.03715619
0.04248449
0.024113132
0.03301907
0.06765447
0.059249524
0.020574987
0.017855793
0.038490165
0.0276945
0.01092506
0.021563979
0.02457442
0.01933997
0.017095994
0.016277267
0.017746715
0.02852831
0.022985239
0.029382795
0.049298886
0.054012157
0.031390537
0.028230755
0.035128765
0.041022018
0.048350915
0.018104814
0.010449573
0.043021426
0.03660502
0.017954582
0.0089137675
0.05044225
0.09956347
0.08340619
0.03431791
0.025730204
0.02271474
0.011234713
0.0358492
0.0365506
0.03847304
0.053832382
0.045492634
0.021110365
0.014458108
0.034001373
0.0574663
0.05749545
0.029133027
0.080850124
0.07578685
0.044124294
0.033759933
0.034141526
0.042358384
0.020931534
0.03377509
0.028182948
0.037770744
0.03184665
0.005183296
0.031400874
0.06538145
0.05106363
0.047487225
0.048316885
0.028555268
0.017959245
0.013545394
0.0131299915
0.011097586
0.027894588
0.034221854
0.036751885
0.05562741
0.05647417
0.035665438
0.009358435
0.058936987
0.050999716
0.014390131
0.026641991
0.0033591802
0.0
0.0
-0.003051829
-0.0030518146
-0.0061035934
-0.003051775
-0.00305175
-0.0030517213
0.0
-0.0030516528
-0.0030516135
-0.0030515704
-0.006103047
-0.0030514733
-0.0030514195
-0.003051362
-0.003051301
-0.0061024725
0.0
-0.003051096
-0.0061020413
-0.0030509417
0.0
-0.003050773
0.0
0.0
0.0
0.0
0.0
0.0
0.0
0.003049954
0.0
0.0
0.0
0.0030494586
-0.0030493257
-0.0030491892
0.0
-0.0030489056
0.0
0.0
0.0
0.0
0.0
-0.0030479687
-0.0030478002
-0.0030476279
0.0
0.0030472726
0.0
0.0030469028
0.0
-0.003046519
0.0
0.0
0.003045916
0.003045708
-0.0030454963
0.0
0.0
-0.00304484
0.0
0.0
0.0
-0.0030439147
-0.0030436744
-0.0030434304
0.0030431831
0.0
0.0
0.0
0.0
0.0
0.0
0.0030413512
0.0030410753
0.0
0.0
0.0
0.0
0.0
0.0
0.0
0.003038739
0.003038431
-0.0030381195
0.0
0.0
0.0
0.0030368373
0.0
0.003036175
0.0030358385
0.0
0.0
0.0030348075
0.0
0.0030341025
0.0
0.0
0.0
-0.0030326499
0.0
0.0030319025
0.0030315232
0.0030311407
-0.0030307544
0.0
0.0
0.0
0.0030291742
0.0030287702
0.0
0.0030279518
0.0
0.0030271192
0.0030266976
-0.0030262724
0.0
0.0
0.003024976
0.0030245367
0.0
0.0
0.0
-0.0030227446
-0.0030222875
-0.0030218272
-0.0030213632
0.0
0.0
-0.0030199504
0.0
-0.0030189909
-0.0030185059
0.0030180172
-0.0030175252
-0.0030170297
-0.0030165305
-0.003016028
-0.003015522
-0.0030150122
-0.003014499
-0.0030139827
-0.0030134625
-0.003012939
-0.0030124118
-0.0030118811
-0.003011347
-0.0030108094
-0.0030102683
-0.0030097237
0.0
-0.003008624
-0.003008069
0.0
-0.0030069482
-0.0030063826
-0.0030058138
-0.0030052413
-0.0030046653
-0.0030040857
0.0
0.0030029162
-0.0030023265
-0.003001733
-0.0030011362
0.0
0.0
0.0
0.0
0.0
0.0
-0.002996861
0.0029962363
0.0029956084
0.0
0.0029943418
0.0
0.0
0.0
0.0029917674
0.0
0.0
0.0029898002
0.0
0.0
0.002987802
0.0029871291
0.0
0.002985773
0.0
0.0
0.0
0.0
0.0029823224
0.0
0.0
0.0029802108
0.0
0.0029787861
0.0029780685
0.0029773477
0.0029766234
0.0029758955
0.0029751642
0.0029744296
0.0029736916
0.0029729502
0.0
0.0
0.0
0.0
0.0
0.0
0.0
0.0
0.0
0.0
0.0
0.0
0.0
0.0029622135
0.0
0.0
0.0
0.0
0.0
0.0
0.0
0.0
0.0
0.0
-0.0059066247
-0.005904966
0.0
0.0
-0.005899949
0.0
0.0
0.0
0.0
0.0
0.0
0.0
0.0
0.0
0.0
0.0
0.0
0.0
0.0
-0.005873963
0.0
0.0
0.0
0.0
-0.0058649676
0.0
0.0
0.0
0.0
0.0
0.0
0.0
0.0
0.0
0.0
0.0
0.0
0.0
0.0
0.0
0.0029175368
0.0029165747
0.0029156092
0.0
0.0
0.0
0.0
-0.0029107332
0.0
0.0
-0.0058155367
0.0
0.0029057756
0.0
0.0
0.0
-0.002901751
0.0
0.005799439
0.0
0.0028976747
0.0028966474
0.0028956172
0.005789167
0.0028935466
0.0
0.0
0.002890417
0.0
0.0057766284
0.0
0.0028861987
0.0028851363
0.0028840704
0.005766003
0.0
0.002880854
0.0028797756
0.0028786939
0.002877609
0.0028765209
0.008626289
0.0
0.0
0.002872137
0.002871033
0.008609777
0.008606447
0.0028677022
0.0028665855
0.0
0.0028643429
0.0085896505
0.008586263
0.008582866
0.00285982
0.0028586814
0.0
0.0057127895
0.0028552467
0.0028540955
0.0028529412
0.0
0.0028506233
0.0028494596
0.0
0.002847123
0.00284595
0.002844774
0.0056871893
0.0028424123
0.002841227
0.0
0.0
0.002837652
0.0
0.0028352535
0.0028340495
0.0
0.0028316325
0.0028304192
0.0028292031
0.0
0.0
0.002825536
0.0
0.002823076
0.0028218413
0.0028206035
0.002819363
0.0028181192
0.0
0.0028156226
0.0
0.0
0.002811855
0.002810593
0.0
0.0028080598
0.0028067888
0.0
0.0028042379
0.0
0.0
0.0028003885
0.0027990995
0.0027978073
0.0027965123
0.0
0.0027939132
0.0027926092
0.0027913023
0.0027899921
0.0027886792
0.0027873632
0.0027860445
0.0
0.0027833977
0.0
0.0
0.0
0.0
0.0
0.0027753867
0.0027740411
0.0027726928
0.0027713412
0.0
0.0
0.0
0.0027659065
0.0027645405
0.0027631717
0.0
0.0
0.0
0.0
0.0027562834
0.0
0.0
0.0
0.0
0.0
-0.0027479222
-0.0027465185
0.002745112
0.0
-0.0027422903
0.0
-0.0027394572
-0.0027380362
0.0
0.0
0.0
-0.0027323244
-0.0027308895
-0.0027294515
-0.0027280108
0.0
0.0
0.0
0.0
-0.0027207646
-0.0054386137
0.0
-0.0027163832
-0.002714917
-0.0027134481
-0.005423953
-0.002710502
-0.005418049
-0.0027075447
-0.0027060618
-0.0027045761
-0.0027030879
-0.0027015966
0.0
0.0
-0.005394213
-0.0026956042
-0.0026940994
-0.0053851833
-0.0026910813
-0.002689568
-0.0026880521
-0.0026865334
-0.005370024
-0.0053669754
-0.002681961
-0.0026804314
-0.002678899
-0.002677364
-0.0026758262
0.0
-0.0026727428
0.0
0.0026696483
0.0
-0.0026665432
0.0
-0.0026634273
-0.0026618652
0.0
0.0
-0.0026571634
0.0026555907
0.0026540156
0.0
0.0
-0.0026492737
-0.0026476877
0.0
0.0
0.0
0.0
0.0026397186
0.0
0.0
0.0
0.0
0.002631684
0.0
0.0
0.002626832
0.0
0.0
0.0052439133
0.0026203264
0.0026186935
0.002617058
0.0
0.0
0.0026121365
0.0026104907
0.0
0.0
-0.0026055383
0.0
0.002602224
0.0
0.0
0.0025972337
0.0
0.0
0.0
-0.0025905445
0.0025888658
0.0
0.0
0.0
-0.0025821265
0.0
0.0
0.0
-0.0025753477
-0.0025736466
-0.0051438864
-0.0025702373
0.0
-0.0025668181
0.0
-0.0025633893
-0.0051233424
-0.0025599506
0.0
0.0
-0.0025547743
-0.002553044
-0.0025513112
-0.002549576
-0.0025478385
0.0
0.0025443563
0.0
0.0
0.0
0.0
-0.0025356088
0.0025338521
0.0
0.0
0.0
-0.0025268018
-0.0025250332
-0.0025232625
0.0
0.0
0.0
0.0
0.0
-0.0025125882
-0.0025108012
-0.0025090117
0.0
0.0
0.0
0.0
0.0
0.0
0.0
0.0
0.0
-0.00249099
0.0
-0.0024873582
-0.002485539
0.0024837174
0.0
0.0
-0.0024782394
0.0
0.0
-0.002472741
0.0
0.0
0.0
-0.002465379
0.0
0.0
0.0
-0.0024579815
-0.0024561265
0.0
-0.0024524103
0.0
0.0
0.0
0.0
-0.0024430812
0.002441209
0.0024393345
0.0
0.0
0.0
0.0
0.0
0.0
0.0
0.0
0.0
0.0
0.0024185749
0.0
0.0
0.0
0.0
-0.0024090542
0.0
-0.0024052311
0.0024033168
0.0024014001
-0.0023994814
0.0023975607
0.0
0.0
0.0023917863
0.0023898573
0.0023879264
0.0023859935
0.0023840584
0.0023821215
0.0023801825
0.0023782414
0.0023762984
0.0
0.0023724062
0.0023704572
0.0
0.0
0.0023645982
0.0023626413
-0.0023606822
0.0
-0.0023567586
0.0
0.002352827
0.0
-0.0023488877
0.0
0.0
-0.002342964
0.0
0.0
-0.0023370232
0.0
0.0
0.0
0.0
-0.0023270836
0.0
0.0
0.0
0.0
0.0
0.0
0.0
0.0
0.0
0.0
0.0
0.0
0.0
0.0022990038
0.0
0.0
0.0
0.0
0.0022888882
0.0045737196
0.0
0.0
0.0
0.0022787277
0.0
0.002274651
0.0
0.0
0.0
0.0
0.0
0.0
0.0022603276
0.0045165485
0.004512439
0.0
0.0022521045
0.0
0.0
0.0
0.0
0.0
0.0
0.0022376485
0.0
0.0
0.0
0.0
0.0
0.0
0.0
-0.004442054
0.0
0.0
0.0
0.0
0.0
0.0
0.0
0.0
0.0
-0.0044002063
0.0
0.0
0.0
0.0
0.0
0.0
-0.0043707234
-0.004366499
0.0
-0.004358041
0.0
0.0
0.0
0.0043410882
-0.004336843
0.0
0.0
0.0
0.0
0.0021577843
0.0021556523
0.0
0.0
0.0
0.00214711
0.0021449707
0.00428566
0.0
0.0
0.0
0.0021342526
0.0021321047
0.0021299555
0.0
0.0
0.0021234988
0.0
0.0021191873
0.0
0.0021148704
0.0
0.0
0.0021083844
0.0
0.0
0.002101886
0.0041994345
0.0020975473
0.0020953757
0.002093203
0.0
0.0
0.0
0.0020844983
0.0020823188
0.002080138
0.002077956
0.0020757725
0.0
0.0020714018
0.0020692146
0.0
0.0020648362
0.0
0.0
0.0020582592
0.0
0.0
0.002051671
0.0
0.0020472726
0.0
-0.0020428693
0.0020406658
-0.0020384612
-0.0020362553
0.0020340483
-0.00203184
0.0
0.0020274199
0.0
0.002022995
0.0020207807
0.0020185653
0.0
0.0020141313
0.0
0.0020096924
0.0020074714
0.0
0.0020030257
-0.0020008013
0.0019985756
0.0019963488
0.0
0.0019918922
0.0019896622
0.001987431
0.0019851988
0.0019829655
0.0
0.0019784956
0.0
0.0
0.0019717831
0.0
0.0019673028
0.0
0.0019628182
0.0
0.0019583295
0.0019560836
0.0
0.0
-0.00194934
-0.0019470901
-0.0019448393
0.0019425874
0.0
-0.0019380808
-0.001935826
0.0
-0.0019313137
-0.0019290559
-0.0019267973
-0.0038490756
0.0
-0.0038400318
0.0
-0.0019154903
-0.0019132261
0.001910961
-0.001908695
0.0
0.0
-0.0019018917
-0.001899622
0.0018973516
-0.0018950802
-0.001892808
-0.001890535
-0.0018882611
-0.0018859863
-0.0018837107
0.0
-0.0018791569
-0.0018768788
-0.0018745998
-0.0018723201
-0.003740079
-0.001867758
0.0
-0.0018631929
0.0
0.0
-0.001856339
-0.0018540529
-0.001851766
0.0
-0.0018471899
-0.0036898013
-0.0018426107
-0.00184032
0.0
-0.0018357363
-0.0018334434
-0.0018311498
0.0
0.0
0.0
-0.0018219681
-0.0018196709
0.0018173731
-0.0018150745
-0.0018127753
0.0
0.0
0.0
0.0
0.0
0.0
0.001796662
-0.0017943576
0.0
0.0
0.0
0.0
0.0
0.0
0.0017782088
0.0
0.0017735894
0.0
-0.0017689677
0.0
0.0017643437
0.0
0.0
-0.0017574036
-0.001755089
0.0017527741
-0.0017504585
0.0017481424
0.0017458257
0.0017435086
0.0
0.0017388728
0.0017365542
0.0017342351
0.0017319154
0.0
0.0017272747
0.0
0.0017226321
0.0017203101
0.0017179876
0.0
0.0
0.0017110176
0.0
0.0017063686
0.0017040435
0.001701718
0.0016993921
0.0
0.0
0.0016924118
0.0016900843
0.0016877564
0.0
0.0016830994
0.0
0.0
0.0016761112
0.0
0.0
-0.0016691198
0.0
0.0
0.0
0.0
0.0033149216
0.0016551281
-0.001652795
0.0016504617
0.001648128
0.0016457941
0.0016434599
0.0
-0.0016387906
0.0
0.0016341202
0.0
0.003258898
0.0016271129
0.0
0.0
0.0016201034
0.0016177665
0.0
0.0
0.0016107543
0.0016084164
0.0
0.0032074808
0.0
0.0015990634
0.0015967247
-0.0015943858
0.0
0.0
0.0
-0.0015850288
0.0
0.0
0.0
-0.0015756695
0.0
0.0
-0.0015686488
-0.0015663084
0.0
0.0
0.0
0.0
0.0
0.0
-0.001549923
0.0
0.0
-0.0015428996
0.0
0.0
-0.001535876
0.0
0.0015311934
0.0
0.0015265108
0.0015241695
0.0015218282
0.0015194869
0.0015171455
0.0
0.0
0.0
-0.0015077807
0.0
0.0
0.0015007575
0.0
-0.0014960757
0.0014937348
0.0014913941
0.0
0.0014867128
0.0
-0.0014820319
0.0
0.0
0.0014750113
0.0014726714
0.0
-0.001467992
0.0
0.0
0.0014609736
0.0014586346
0.0
0.0
0.0
0.0014492797
0.0
0.0
0.0
0.0
0.0
0.0
0.0
0.0014305791
0.0
0.0
0.0
0.0
0.0
0.0
0.0014142278
0.0
0.0014095583
0.0
0.0
0.0014025561
0.0014002225
0.0013978893
0.0
0.0
0.0
0.0
0.001386228
0.0
0.0
0.0013792351
0.0013769048
0.0
0.0
0.0
0.0
0.0013652586
0.0013629305
0.0
0.0013582754
0.0
0.0
0.0
0.0013489701
0.0013466448
0.0
0.0
0.0
0.0
-0.0013350247
-0.001332702
0.0013303797
0.0
0.0
0.0
0.0
-0.0013187756
-0.0013164562
-0.0013141374
0.0
0.0
0.0
-0.0013048667
-0.0013025504
0.0
-0.0012979193
0.0
0.0
0.0
0.0
0.001286351
0.001284039
0.0
0.0
0.0
0.0
0.0
0.0
-0.0012678714
-0.001265564
0.0
0.0
0.0012586459
0.0012563411
0.0012540369
0.0012517334
-0.0012494305
0.0
0.0
0.0
0.0
0.0
0.0
0.0012333288
0.0
-0.0012287345
0.0
0.0
0.0
0.0
0.0
0.0
-0.0024253533
0.0
0.0012080952
0.0
0.0
0.0012012287
0.0
0.0
0.0
0.0
0.0011898
0.0
0.0
0.0
0.0
0.0
0.0011761115
0.0
-0.0023431105
0.0
0.0
0.0
0.0023249057
0.0
0.0
0.0023112698
-0.0023067282
0.0
0.0
0.0
0.0
0.0
0.0
0.0
0.0022704578
0.0
0.0
0.0022568866
0.0
0.0
0.0
0.0
0.0
0.0
0.0
0.0
0.0022162749
0.0
0.0
0.0
0.0
0.0
0.0
0.0
0.0
0.0
0.0
0.0
0.0
0.0
0.0
0.0
0.0
0.0
0.0010677687
0.0010655359
0.0
0.0
0.0
0.0
0.0
0.0
0.0
0.0
0.0
0.0
-0.0020820969
0.0
0.0
-0.0020687873
0.0
0.0
0.0
0.0
-0.0020466514
-0.0020422311
0.0
0.0
-0.002028985
0.0
0.0
0.0
0.0
0.0
0.001001279
9.990811E-4
0.0
0.0
0.0
0.0
0.0
0.0
0.0
0.0
0.0
-9.771707E-4
0.0
-9.7280386E-4
-9.706224E-4
0.0
-9.6626347E-4
0.0
9.619098E-4
-9.59735E-4
0.0
0.0
-9.532185E-4
0.0
0.0
-9.4671414E-4
0.0
0.0
-9.40222E-4
-9.3806075E-4
-9.3590084E-4
0.0
-9.315852E-4
-9.294295E-4
0.0
0.0
-9.229708E-4
9.2082075E-4
0.0
-9.165249E-4
0.0
0.0
0.0
-9.0795045E-4
0.0
0.0
-9.0153486E-4
0.0
-8.9726516E-4
0.0
8.930013E-4
-8.908717E-4
0.0
8.866168E-4
0.0
8.82368E-4
0.0
0.0
0.0
8.738886E-4
0.0
0.0
0.0
-8.654338E-4
0.0
-8.6121564E-4
-8.591089E-4
0.0
-8.549002E-4
0.0
0.0
-8.48599E-4
-8.465018E-4
-8.4440614E-4
0.0
0.0
-8.3812897E-4
-8.360398E-4
-8.339522E-4
-0.0016637326
-8.29782E-4
0.0
0.0
0.0
-8.214613E-4
-8.193853E-4
0.0
0.0
0.0
8.110978E-4
0.0
0.0
-8.048998E-4
0.0
0.0
0.0
7.966597E-4
-7.946039E-4
0.0
-7.904975E-4
0.0
0.0
0.0
-7.8230567E-4
0.0
0.0
-7.7618007E-4
0.0
-7.7210524E-4
0.0
-7.6803745E-4
-7.660062E-4
0.0
-7.6194917E-4
0.0
7.5789925E-4
-7.5587706E-4
0.0
0.0
0.0
0.0
0.0
-7.437819E-4
-7.4177247E-4
0.0
-7.3775917E-4
-7.357553E-4
0.0
0.0
0.0
7.277584E-4
0.0
-7.237712E-4
7.2178047E-4
7.1979157E-4
7.178046E-4
0.0
7.138364E-4
0.0
-7.098758E-4
7.078984E-4
7.059229E-4
7.0394936E-4
0.0014039555
0.0
0.0
6.960745E-4
0.0
0.0
6.901889E-4
6.8823097E-4
0.0
0.0
0.0
0.0
6.784709E-4
6.765249E-4
6.745808E-4
0.0
0.0
0.0
0.0
6.6489074E-4
0.0
6.610289E-4
0.0
0.0
6.552514E-4
0.0013066592
6.514099E-4
6.494923E-4
0.0012951535
6.4566324E-4
0.0
6.4184243E-4
0.0
6.3803E-4
6.361269E-4
-6.342259E-4
0.0
0.0
0.0
0.0
0.0
6.228641E-4
-6.2097795E-4
6.1909383E-4
6.172119E-4
0.0
-6.1345444E-4
-6.1157893E-4
-6.097056E-4
0.0
0.0
0.0
6.0223375E-4
0.0
0.0
0.0
5.947967E-4
5.929429E-4
0.0
0.0
5.873947E-4
0.0
0.0
5.818664E-4
-5.800281E-4
5.78192E-4
0.0
0.0
0.0
-5.7086995E-4
5.690451E-4
0.0
-5.6540204E-4
-5.635839E-4
0.0
0.0
-5.5814313E-4
0.0
-5.5452733E-4
0.0
0.0
0.0
0.0
-5.4552796E-4
-5.43735E-4
0.0
0.0
0.0
-5.365863E-4
-5.348049E-4
-5.330258E-4
0.0
0.0
-5.277028E-4
0.0
-5.241658E-4
-5.224009E-4
0.0
0.0
0.0
-5.1536475E-4
-0.0010272233
-0.0010237219
-5.101126E-4
-5.0836673E-4
0.0
0.0
-5.031433E-4
5.0140696E-4
4.996731E-4
0.0
0.0
-4.9448584E-4
-4.927616E-4
0.0
0.0
4.8760357E-4
0.0
0.0
0.0
-4.8076038E-4
0.0
0.0
0.0
0.0
0.0
0.0
0.0
0.0
0.0
0.0
-4.6214546E-4
0.0
0.0
0.0
0.0
0.0
-4.5211922E-4
4.50457E-4
0.0
0.0
0.0
0.0
0.0
-4.4053706E-4
-4.3889263E-4
0.0
0.0
-8.6794957E-4
0.0
0.0
0.0
4.2745366E-4
0.0
4.242086E-4
0.0
0.0
4.1936047E-4
4.1774963E-4
4.161414E-4
4.1453578E-4
4.129328E-4
4.113324E-4
4.0973467E-4
0.0
4.0654704E-4
4.0495716E-4
4.0336995E-4
0.0
0.0
0.0
0.0
3.9547356E-4
3.9390224E-4
3.923336E-4
3.9076761E-4
0.0
0.0
3.8608574E-4
3.845305E-4
3.8297792E-4
3.8142802E-4
3.7988083E-4
0.0
0.0
0.0
3.737191E-4
3.721854E-4
0.0
0.0
0.0
-3.6607796E-4
0.0
3.630406E-4
3.61526E-4
3.6001418E-4
0.0
-3.5699873E-4
0.0
0.0
3.5249625E-4
0.0010530028
3.495084E-4
0.0
-3.465316E-4
0.0
3.4356592E-4
3.4208727E-4
3.4061138E-4
3.391383E-4
0.0
3.3620052E-4
3.347358E-4
3.3327393E-4
3.3181484E-4
0.0
-3.2890512E-4
0.0
0.0
0.0
0.0
3.2168019E-4
0.0
-3.1881002E-4
0.0
-3.1595124E-4
0.0
0.0
0.0
0.0
-3.0885419E-4
-3.0744335E-4
-6.120708E-4
-3.0463032E-4
-3.032281E-4
0.0
0.0
-5.980775E-4
-5.952961E-4
0.0
0.0
0.0
0.0
0.0
-5.7872967E-4
-5.759889E-4
0.0
0.0
0.0
0.0
-5.623728E-4
0.0
2.7848364E-4
0.0
2.7579267E-4
2.7445157E-4
0.0
0.0
2.7044603E-4
2.6911675E-4
2.6779043E-4
2.6646708E-4
0.0
0.0
2.625148E-4
0.0
0.0
0.0
0.0
0.0
0.0
0.0
0.0
0.0
0.0
0.0
0.0
0.0
4.888524E-4
0.0
0.0
0.0
0.0
0.0
0.0
0.0
0.0
0.0
0.0
0.0
0.0
0.0
0.0
0.0
0.0
0.0
0.0
0.0
0.0
0.0
0.0
0.0
2.1479727E-4
0.0
0.0
0.0
0.0
2.0884706E-4
0.0
0.0
0.0
0.0
0.0
2.0180915E-4
0.0
0.0
3.966645E-4
0.0
0.0
1.9488347E-4
0.0
1.9259995E-4
1.914629E-4
0.0
0.0
1.880706E-4
0.0
0.0
0.0
0.0
1.8247978E-4
0.0
1.8026559E-4
0.0
0.0
0.0
1.7587522E-4
0.0
0.0
0.0
0.0
0.0
0.0
1.6831454E-4
0.0
0.0
0.0
1.6406442E-4
1.630099E-4
0.0
0.0
0.0
1.5882392E-4
1.5778546E-4
1.5675023E-4
0.0
1.5468943E-4
0.0
0.0
-1.5162246E-4
0.0
1.4959398E-4
1.485846E-4
1.4757847E-4
-1.4657558E-4
0.0
0.0
-1.435864E-4
1.425965E-4
1.4160988E-4
0.0
0.0
-1.3866955E-4
0.0
0.0
1.3575862E-4
0.0
0.0
-1.3287713E-4
0.0
1.3097253E-4
1.3002516E-4
0.0
0.0
-1.2720277E-4
-1.2626855E-4
0.0
0.0
1.2348569E-4
1.2256467E-4
0.0
0.0
1.19821445E-4
1.1891366E-4
1.1800918E-4
1.17108015E-4
0.0
1.1531563E-4
0.0
1.13536546E-4
1.12651986E-4
0.0
0.0
0.0
0.0
1.08279135E-4
1.0741457E-4
1.0655334E-4
0.0
0.0
-1.0398972E-4
-1.0314187E-4
0.0
-1.0145623E-4
1.0061843E-4
-9.9783996E-5
0.0
9.8125194E-5
-9.7300835E-5
0.0
0.0
-9.484794E-5
-9.403705E-5
0.0
-9.2425376E-5
-9.16246E-5
0.0
0.0
8.924254E-5
0.0
0.0
-8.689092E-5
0.0
0.0
0.0
8.3802865E-5
0.0
0.0
0.0
0.0
0.0
0.0
7.8529556E-5
0.0
0.0
0.0
0.0
7.486509E-5
0.0
0.0
7.270739E-5
0.0
-7.1286035E-5
0.0
0.0
0.0
-6.848442E-5
-1.3558517E-4
-6.710419E-5
-6.641923E-5
0.0
-6.505961E-5
-6.438496E-5
0.0
-6.304598E-5
-6.238167E-5
6.1720784E-5
0.0
6.0409377E-5
5.9758844E-5
0.0
5.846814E-5
5.782797E-5
5.7191253E-5
5.6557994E-5
5.5928198E-5
0.0
-5.4678985E-5
0.0
5.3443626E-5
5.2831147E-5
5.2222134E-5
0.0
0.0
0.0
0.0
4.9229147E-5
-4.8640974E-5
4.8056278E-5
-4.747506E-5
-4.6897323E-5
0.0
4.57523E-5
4.5185014E-5
-4.4621214E-5
-4.40609E-5
4.350408E-5
-4.295074E-5
0.0
-4.185455E-5
-4.1311694E-5
-4.0772335E-5
-4.0236468E-5
0.0
-3.9175233E-5
-3.8649865E-5
0.0
0.0
-3.7094775E-5
0.0
0.0
0.0
3.50704E-5
0.0
0.0
-3.3588964E-5
-3.310218E-5
0.0
0.0
-3.1662912E-5
-3.119019E-5
0.0
-3.0255305E-5
2.9793146E-5
0.0
0.0
2.84278E-5
-2.7979733E-5
0.0
0.0
2.66567E-5
2.6222746E-5
-2.5792324E-5
0.0
-2.4942075E-5
-2.452225E-5
0.0
-2.3693206E-5
0.0
0.0
-2.2476166E-5
-2.2077566E-5
-2.1682503E-5
-2.1290984E-5
0.0
-2.051857E-5
0.0
-1.9760335E-5
0.0
-1.9016281E-5
-1.8649576E-5
-1.8286419E-5
-1.7926812E-5
0.0
-1.7218248E-5
-1.6869293E-5
-1.6523893E-5
-1.6182044E-5
-1.584375E-5
-1.5509011E-5
0.0
-1.4850202E-5
-1.4526133E-5
-1.4205622E-5
-1.3888671E-5
0.0
-1.3265448E-5
0.0
0.0
-1.2357323E-5
-1.2061741E-5
-1.1769722E-5
-1.1481268E-5
-1.119638E-5
-1.0915057E-5
-1.0637302E-5
-1.0363114E-5
-1.0092493E-5
-9.825441E-6
-9.561959E-6
-9.302046E-6
-9.045704E-6
-8.792934E-6
-8.543734E-6
-8.298108E-6
-8.056054E-6
-7.817573E-6
0.0
-7.3513343E-6
0.0
0.0
-6.678791E-6
-6.4617625E-6
-6.2483114E-6
-6.0384377E-6
-1.1664285E-5
-5.6294257E-6
0.0
-5.2347305E-6
-5.0427525E-6
-4.854355E-6
0.0
-4.4883036E-6
-8.621301E-6
0.0
-3.9660918E-6
0.0
0.0
-3.4761272E-6
0.0
-3.1674044E-6
-3.0184206E-6
-2.8730217E-6
2.7312085E-6
0.0
0.0
2.3272864E-6
0.0
2.075939E-6
1.9556464E-6
1.8389417E-6
0.0
1.6162967E-6
1.5103569E-6
1.408006E-6
1.3092442E-6
1.2140717E-6
1.1224888E-6
0.0
0.0
0.0
7.920567E-7
7.1842453E-7
0.0
5.8193257E-7
5.19073E-7
0.0
4.041277E-7
3.5204212E-7
0.0
0.0
2.1733533E-7
0.0
1.4549008E-7
1.14955505E-7
0.0
6.466283E-8
0.0
0.0
1.6165792E-8
0.0
1.796202E-9
0.0
