1.5200801E-5
1.51995855E-5
1.5195941E-5
1.5189869E-5
1.5181371E-5
1.5170451E-5
1.5157112E-5
1.5141361E-5
1.51232025E-5
1.5102643E-5
1.5079691E-5
1.50543565E-5
1.5026648E-5
1.49965745E-5
1.496415E-5
1.49293855E-5
1.48922945E-5
1.4852891E-5
1.481119E-5
1.4767208E-5
1.4720961E-5
1.4672466E-5
1.46217435E-5
1.4568811E-5
1.4513689E-5
1.4456398E-5
1.4396962E-5
1.4335401E-5
1.4271739E-5
1.4206001E-5
1.4138212E-5
1.4068397E-5
1.3996583E-5
1.3922798E-5
1.3847068E-5
1.3769423E-5
1.3689894E-5
1.3608509E-5
1.35253E-5
1.3440299E-5
1.3353538E-5
1.3265048E-5
1.3174867E-5
1.3083025E-5
1.298956E-5
1.2894506E-5
1.2797899E-5
1.2699777E-5
1.2600177E-5
1.2499137E-5
1.2396695E-5
1.22928905E-5
1.2187764E-5
1.2081354E-5
1.1973702E-5
1.186485E-5
1.1754839E-5
1.1643711E-5
1.153151E-5
1.1418277E-5
1.1304057E-5
1.1188893E-5
1.1072831E-5
1.0955914E-5
1.0838189E-5
1.0719701E-5
1.0600495E-5
1.04806195E-5
1.03601205E-5
1.0239043E-5
1.0117437E-5
9.99535E-6
9.87283E-6
9.749924E-6
9.626682E-6
9.503154E-6
9.379388E-6
9.255433E-6
9.13134E-6
9.00716E-6
8.882943E-6
8.758739E-6
8.634598E-6
8.510574E-6
8.386717E-6
8.263079E-6
8.139712E-6
8.016668E-6
7.894001E-6
7.771762E-6
7.650005E-6
7.5287826E-6
7.408149E-6
7.2881576E-6
7.168863E-6
7.050318E-6
6.9325783E-6
6.8156983E-6
6.6997322E-6
6.584736E-6
6.4707647E-6
6.357873E-6
6.2461177E-6
6.135554E-6
6.0262373E-6
5.9182244E-6
5.8115706E-6
5.706332E-6
5.602565E-6
5.500325E-6
5.3996687E-6
5.3006506E-6
5.203326E-6
5.10775E-6
5.0139765E-6
4.9220594E-6
4.832051E-6
4.744004E-6
4.657968E-6
4.5739935E-6
4.4921276E-6
4.4124167E-6
4.334905E-6
4.2596344E-6
4.1866438E-6
4.11597E-6
4.047647E-6
3.981704E-6
3.9181673E-6
3.8570593E-6
3.798398E-6
3.742196E-6
3.6884617E-6
3.6371978E-6
3.5884018E-6
3.5420655E-6
3.4981747E-6
3.4567088E-6
3.4176421E-6
3.380942E-6
3.3465699E-6
3.3144813E-6
3.2846267E-6
3.2569494E-6
3.2313887E-6
3.2078785E-6
3.1863478E-6
3.1667219E-6
3.1489215E-6
3.132865E-6
3.118467E-6
3.1056409E-6
3.0942974E-6
3.0843462E-6
3.0756967E-6
3.0682572E-6
3.0619367E-6
3.0566448E-6
3.052292E-6
3.0487897E-6
3.046052E-6
3.043994E-6
3.0425335E-6
3.0415908E-6
3.0410888E-6
3.0409533E-6
3.0411124E-6
3.0414983E-6
3.0420458E-6
3.0426925E-6
3.0433796E-6
3.0440515E-6
3.0446558E-6
3.045143E-6
3.0454669E-6
3.0455842E-6
3.045455E-6
3.045042E-6
3.0443105E-6
3.0432295E-6
3.0417698E-6
3.0399053E-6
3.0376125E-6
3.0348704E-6
3.0316596E-6
3.027964E-6
3.0237698E-6
3.0190643E-6
3.0138374E-6
3.0080814E-6
3.0017902E-6
2.9949592E-6
2.987586E-6
2.9796695E-6
2.9712107E-6
2.9622117E-6
2.9526764E-6
2.9426099E-6
2.9320188E-6
2.920911E-6
2.9092955E-6
2.8971829E-6
2.8845843E-6
2.8715124E-6
2.857981E-6
2.8440043E-6
2.829598E-6
2.8147788E-6
2.7995636E-6
2.7839708E-6
2.7680192E-6
2.7517283E-6
2.7351186E-6
2.718211E-6
2.701027E-6
2.6835885E-6
2.6659186E-6
2.6480402E-6
2.6299767E-6
2.6117523E-6
2.5933912E-6
2.5749182E-6
2.5563581E-6
2.537736E-6
2.5190775E-6
2.5004076E-6
2.4817523E-6
2.463137E-6
2.4445872E-6
2.4261287E-6
2.4077867E-6
2.3895866E-6
2.3715534E-6
2.3537118E-6
2.3360865E-6
2.3187013E-6
2.3015798E-6
2.284745E-6
2.2682198E-6
2.2520258E-6
2.2361844E-6
2.2207157E-6
2.2056395E-6
2.1909748E-6
2.176739E-6
2.1629492E-6
2.149621E-6
2.1367694E-6
2.1244075E-6
2.1125484E-6
2.1012024E-6
2.0903803E-6
2.08009E-6
2.0703394E-6
2.0611344E-6
2.0524794E-6
2.044378E-6
2.0368325E-6
2.0298432E-6
2.02341E-6
2.0175307E-6
2.0122022E-6
2.0074208E-6
2.0031807E-6
1.9994757E-6
1.996298E-6
1.993639E-6
1.9914899E-6
1.9898398E-6
1.988678E-6
1.9879928E-6
1.987772E-6
1.9880026E-6
1.9886713E-6
1.9897645E-6
1.9912682E-6
1.993168E-6
1.99545E-6
1.9980994E-6
2.001102E-6
2.0044433E-6
2.0081095E-6
2.012086E-6
2.0163595E-6
2.0209166E-6
2.0257435E-6
2.0308282E-6
2.0361583E-6
2.0417217E-6
2.0475075E-6
2.0535044E-6
2.0597029E-6
2.0660927E-6
2.0726654E-6
2.079412E-6
2.0863251E-6
2.0933974E-6
2.1006224E-6
2.1079939E-6
2.115507E-6
2.1231567E-6
2.130939E-6
2.1388505E-6
2.1468884E-6
2.1550502E-6
2.163334E-6
2.171739E-6
2.1802641E-6
2.188909E-6
2.1976743E-6
2.2065603E-6
2.2155684E-6
2.2246998E-6
2.2339564E-6
2.2433403E-6
2.2528538E-6
2.2625002E-6
2.2722818E-6
2.2822019E-6
2.292264E-6
2.3024716E-6
2.3128282E-6
2.3233372E-6
2.3340026E-6
2.344828E-6
2.355817E-6
2.3669736E-6
2.3783011E-6
2.389803E-6
2.4014828E-6
2.4133437E-6
2.4253884E-6
2.43762E-6
2.4500412E-6
2.4626538E-6
2.4754604E-6
2.4884625E-6
2.5016618E-6
2.5150594E-6
2.5286558E-6
2.5424517E-6
2.556447E-6
2.570642E-6
2.5850352E-6
2.5996262E-6
2.6144132E-6
2.6293947E-6
2.6445682E-6
2.6599312E-6
2.6754808E-6
2.6912135E-6
2.7071253E-6
2.7232124E-6
2.73947E-6
2.7558933E-6
2.772477E-6
2.7892156E-6
2.8061029E-6
2.8231327E-6
2.8402987E-6
2.8575937E-6
2.8750105E-6
2.8925417E-6
2.9101798E-6
2.9279167E-6
2.9457442E-6
2.963654E-6
2.9816374E-6
2.9996856E-6
3.01779E-6
3.0359415E-6
3.054131E-6
3.0723488E-6
3.0905858E-6
3.1088327E-6
3.1270797E-6
3.1453178E-6
3.1635368E-6
3.1817276E-6
3.1998807E-6
3.2179862E-6
3.2360347E-6
3.254017E-6
3.2719233E-6
3.2897449E-6
3.307472E-6
3.325096E-6
3.342608E-6
3.3599983E-6
3.3772592E-6
3.3943816E-6
3.4113573E-6
3.4281782E-6
3.4448362E-6
3.4613233E-6
3.4776324E-6
3.4937555E-6
3.509686E-6
3.5254166E-6
3.5409407E-6
3.556252E-6
3.5713442E-6
3.5862115E-6
3.600848E-6
3.6152485E-6
3.629408E-6
3.6433214E-6
3.6569845E-6
3.6703927E-6
3.6835424E-6
3.69643E-6
3.7090517E-6
3.721405E-6
3.733487E-6
3.745295E-6
3.7568275E-6
3.7680823E-6
3.779058E-6
3.7897537E-6
3.8001683E-6
3.8103015E-6
3.8201533E-6
3.8297235E-6
3.8390126E-6
3.8480216E-6
3.856752E-6
3.8652047E-6
3.873381E-6
3.881284E-6
3.888916E-6
3.896279E-6
3.9033766E-6
3.910212E-6
3.9167885E-6
3.9231104E-6
3.929182E-6
3.9350075E-6
3.9405923E-6
3.945941E-6
3.9510587E-6
3.955952E-6
3.960626E-6
3.9650877E-6
3.9693427E-6
3.9733986E-6
3.9772617E-6
3.9809397E-6
3.9844394E-6
3.9877696E-6
3.9909373E-6
3.993951E-6
3.9968186E-6
3.999549E-6
4.002151E-6
4.0046334E-6
4.0070054E-6
4.009276E-6
4.0114546E-6
4.013551E-6
4.015574E-6
4.0175346E-6
4.0194423E-6
4.0213067E-6
4.023138E-6
4.0249465E-6
4.0267423E-6
4.0285354E-6
4.0303366E-6
4.032156E-6
4.034004E-6
4.035891E-6
4.037827E-6
4.039822E-6
4.041887E-6
4.044032E-6
4.0462664E-6
4.048601E-6
4.0510454E-6
4.0536097E-6
4.056303E-6
4.0591353E-6
4.0621157E-6
4.0652535E-6
4.0685577E-6
4.072037E-6
4.0757004E-6
4.0795558E-6
4.0836117E-6
4.087876E-6
4.0923555E-6
4.0970585E-6
4.101992E-6
4.107162E-6
4.112576E-6
4.1182393E-6
4.124158E-6
4.130337E-6
4.1367825E-6
4.1434982E-6
4.150489E-6
4.157759E-6
4.1653116E-6
4.17315E-6
4.1812773E-6
4.189696E-6
4.1984076E-6
4.2074143E-6
4.2167176E-6
4.2263177E-6
4.236216E-6
4.2464117E-6
4.2569045E-6
4.2676943E-6
4.2787797E-6
4.2901593E-6
4.301831E-6
4.3137925E-6
4.326041E-6
4.338574E-6
4.3513874E-6
4.364478E-6
4.377842E-6
4.3914733E-6
4.405369E-6
4.4195226E-6
4.4339295E-6
4.4485837E-6
4.4634785E-6
4.478608E-6
4.4939657E-6
4.509544E-6
4.525336E-6
4.5413344E-6
4.5575316E-6
4.573919E-6
4.5904885E-6
4.6072323E-6
4.624141E-6
4.6412065E-6
4.658419E-6
4.6757705E-6
4.69325E-6
4.710849E-6
4.7285585E-6
4.7463673E-6
4.764266E-6
4.7822455E-6
4.8002944E-6
4.818403E-6
4.836561E-6
4.8547577E-6
4.8729835E-6
4.891227E-6
4.9094783E-6
4.927727E-6
4.9459613E-6
4.9641717E-6
4.982347E-6
5.0004764E-6
5.01855E-6
5.0365566E-6
5.054486E-6
5.072327E-6
5.090069E-6
5.1077022E-6
5.1252155E-6
5.1425986E-6
5.1598417E-6
5.1769334E-6
5.1938646E-6
5.2106243E-6
5.227203E-6
5.2435903E-6
5.2597766E-6
5.275752E-6
5.291507E-6
5.307032E-6
5.3223175E-6
5.337354E-6
5.352133E-6
5.366645E-6
5.3808812E-6
5.3948324E-6
5.4084912E-6
5.421848E-6
5.4348957E-6
5.447625E-6
5.460029E-6
5.4720995E-6
5.4838288E-6
5.4952097E-6
5.5062355E-6
5.516899E-6
5.5271935E-6
5.537112E-6
5.546649E-6
5.5557975E-6
5.564553E-6
5.572908E-6
5.5808587E-6
5.5883993E-6
5.595525E-6
5.6022313E-6
5.6085137E-6
5.614368E-6
5.6197905E-6
5.6247773E-6
5.629325E-6
5.6334316E-6
5.637093E-6
5.640308E-6
5.6430736E-6
5.645388E-6
5.64725E-6
5.648658E-6
5.649611E-6
5.650109E-6
5.6501513E-6
5.649738E-6
5.6488693E-6
5.6475465E-6
5.64577E-6
5.6435415E-6
5.640863E-6
5.637736E-6
5.6341637E-6
5.6301487E-6
5.6256936E-6
5.620803E-6
5.6154804E-6
5.60973E-6
5.603557E-6
5.5969663E-6
5.589963E-6
5.5825535E-6
5.5747446E-6
5.566542E-6
5.5579535E-6
5.548987E-6
5.539649E-6
5.5299497E-6
5.519897E-6
5.5095E-6
5.498769E-6
5.4877137E-6
5.4763445E-6
5.4646725E-6
5.452709E-6
5.440466E-6
5.4279553E-6
5.41519E-6
5.4021834E-6
5.3889485E-6
5.3754998E-6
5.361851E-6
5.348017E-6
5.3340136E-6
5.319856E-6
5.30556E-6
5.2911428E-6
5.2766204E-6
5.2620103E-6
5.24733E-6
5.232598E-6
5.217832E-6
5.203051E-6
5.1882735E-6
5.173519E-6
5.1588077E-6
5.144159E-6
5.129593E-6
5.1151305E-6
5.1007914E-6
5.0865974E-6
5.0725694E-6
5.058728E-6
5.045096E-6
5.031693E-6
5.0185417E-6
5.0056638E-6
4.99308E-6
4.980813E-6
4.968884E-6
4.9573136E-6
4.9461246E-6
4.9353375E-6
4.924974E-6
4.9150535E-6
4.9055975E-6
4.8966263E-6
4.8881593E-6
4.8802162E-6
4.872816E-6
4.8659776E-6
4.8597185E-6
4.8540564E-6
4.849008E-6
4.844589E-6
4.8408156E-6
4.837703E-6
4.8352636E-6
4.833512E-6
4.83246E-6
4.832119E-6
4.8325E-6
4.833612E-6
4.835464E-6
4.838064E-6
4.841418E-6
4.8455327E-6
4.8504116E-6
4.856059E-6
4.862477E-6
4.869668E-6
4.877631E-6
4.8863667E-6
4.8958727E-6
4.906147E-6
4.9171845E-6
4.9289815E-6
4.9415316E-6
4.954829E-6
4.968865E-6
4.9836312E-6
4.999118E-6
5.0153153E-6
5.032211E-6
5.049794E-6
5.06805E-6
5.0869667E-6
5.106529E-6
5.1267216E-6
5.1475295E-6
5.168936E-6
5.1909237E-6
5.2134756E-6
5.236574E-6
5.260201E-6
5.284336E-6
5.308962E-6
5.334058E-6
5.359605E-6
5.3855824E-6
5.4119705E-6
5.4387483E-6
5.4658954E-6
5.4933907E-6
5.5212136E-6
5.549343E-6
5.5777577E-6
5.606437E-6
5.6353592E-6
5.664504E-6
5.6938497E-6
5.723376E-6
5.7530615E-6
5.782886E-6
5.8128285E-6
5.8428686E-6
5.872986E-6
5.9031604E-6
5.9333724E-6
5.963602E-6
5.9938293E-6
6.0240354E-6
6.054201E-6
6.084307E-6
6.114336E-6
6.1442684E-6
6.1740866E-6
6.203773E-6
6.2333093E-6
6.2626796E-6
6.2918657E-6
6.3208518E-6
6.3496213E-6
6.378158E-6
6.406446E-6
6.4344704E-6
6.462216E-6
6.4896676E-6
6.5168106E-6
6.5436316E-6
6.5701156E-6
6.59625E-6
6.622021E-6
6.647416E-6
6.6724215E-6
6.697026E-6
6.7212172E-6
6.7449837E-6
6.7683136E-6
6.791196E-6
6.8136205E-6
6.8355757E-6
6.8570525E-6
6.87804E-6
6.8985296E-6
6.918511E-6
6.937976E-6
6.9569155E-6
6.9753214E-6
6.9931857E-6
7.0104998E-6
7.0272567E-6
7.0434494E-6
7.059071E-6
7.074114E-6
7.0885726E-6
7.1024406E-6
7.1157124E-6
7.128382E-6
7.1404443E-6
7.1518944E-6
7.162727E-6
7.1729382E-6
7.1825234E-6
7.1914787E-6
7.1998006E-6
7.207485E-6
7.2145294E-6
7.2209305E-6
7.2266853E-6
7.2317916E-6
7.2362477E-6
7.2400503E-6
7.243199E-6
7.245691E-6
7.2475264E-6
7.248703E-6
7.24922E-6
7.249077E-6
7.248274E-6
7.2468106E-6
7.244687E-6
7.2419025E-6
7.2384587E-6
7.234356E-6
7.2295948E-6
7.224177E-6
7.218103E-6
7.211375E-6
7.203994E-6
7.1959626E-6
7.1872823E-6
7.1779564E-6
7.167986E-6
7.1573745E-6
7.1461245E-6
7.1342392E-6
7.1217214E-6
7.108575E-6
7.0948035E-6
7.08041E-6
7.0653987E-6
7.0497736E-6
7.033539E-6
7.016699E-6
6.9992584E-6
6.9812218E-6
6.962594E-6
6.9433795E-6
6.923584E-6
6.903212E-6
6.8822696E-6
6.8607624E-6
6.8386953E-6
6.816075E-6
6.7929063E-6
6.769196E-6
6.7449496E-6
6.720174E-6
6.6948755E-6
6.66906E-6
6.6427347E-6
6.6159064E-6
6.588581E-6
6.560766E-6
6.5324684E-6
6.503695E-6
6.4744536E-6
6.444751E-6
6.4145943E-6
6.3839907E-6
6.3529487E-6
6.3214748E-6
6.2895774E-6
6.2572635E-6
6.2245417E-6
6.191419E-6
6.157903E-6
6.124003E-6
6.0897255E-6
6.055079E-6
6.0200723E-6
5.984712E-6
5.949007E-6
5.912966E-6
5.876596E-6
5.839906E-6
5.8029036E-6
5.765597E-6
5.7279954E-6
5.690106E-6
5.651937E-6
5.6134973E-6
5.5747946E-6
5.5358373E-6
5.4966335E-6
5.4571915E-6
5.4175193E-6
5.377625E-6
5.3375165E-6
5.2972027E-6
5.256691E-6
5.2159894E-6
5.1751063E-6
5.134049E-6
5.0928256E-6
5.051444E-6
5.009912E-6
4.9682376E-6
4.9264277E-6
4.8844904E-6
4.8424336E-6
4.800264E-6
4.7579892E-6
4.7156163E-6
4.6731534E-6
4.6306072E-6
4.587984E-6
4.5452925E-6
4.502538E-6
4.459728E-6
4.416869E-6
4.3739683E-6
4.331032E-6
4.288066E-6
4.245078E-6
4.2020733E-6
4.1590583E-6
4.1160392E-6
4.073022E-6
4.0300124E-6
3.987017E-6
3.9440406E-6
3.9010893E-6
3.858169E-6
3.815284E-6
3.7724412E-6
3.729645E-6
3.686901E-6
3.644214E-6
3.6015897E-6
3.5590326E-6
3.516548E-6
3.4741408E-6
3.4318157E-6
3.3895776E-6
3.3474316E-6
3.305382E-6
3.263434E-6
3.2215921E-6
3.1798613E-6
3.138246E-6
3.0967515E-6
3.0553824E-6
3.0141434E-6
2.9730397E-6
2.9320765E-6
2.8912589E-6
2.8505917E-6
2.810081E-6
2.769732E-6
2.7295503E-6
2.6895423E-6
2.649714E-6
2.6100718E-6
2.5706224E-6
2.5313732E-6
2.4923313E-6
2.4535047E-6
2.4149017E-6
2.376531E-6
2.3384016E-6
2.3005236E-6
2.2629072E-6
2.2255638E-6
2.1885048E-6
2.151743E-6
2.1152919E-6
2.0791658E-6
2.0433797E-6
2.0079503E-6
1.9728952E-6
1.9382328E-6
1.9039832E-6
1.8701676E-6
1.836809E-6
1.8039317E-6
1.7715616E-6
1.7397267E-6
1.7084562E-6
1.6777817E-6
1.6477364E-6
1.6183558E-6
1.5896773E-6
1.5617402E-6
1.5345864E-6
1.5082595E-6
1.4828053E-6
1.4582713E-6
1.4347071E-6
1.4121639E-6
1.3906943E-6
1.3703516E-6
1.3511906E-6
1.3332658E-6
1.3166319E-6
1.3013429E-6
1.2874509E-6
1.275007E-6
1.2640586E-6
1.2546506E-6
1.2468231E-6
1.240612E-6
1.2360474E-6
1.2331536E-6
1.2319487E-6
1.2324434E-6
1.2346421E-6
1.2385419E-6
1.244133E-6
1.251399E-6
1.2603167E-6
1.2708574E-6
1.2829868E-6
1.2966659E-6
1.3118517E-6
1.3284977E-6
1.3465545E-6
1.3659709E-6
1.3866942E-6
1.4086706E-6
1.4318463E-6
1.4561671E-6
1.4815798E-6
1.5080319E-6
1.5354718E-6
1.5638494E-6
1.593116E-6
1.6232248E-6
1.6541302E-6
1.6857887E-6
1.7181586E-6
1.7511998E-6
1.784874E-6
1.8191447E-6
1.853977E-6
1.8893375E-6
1.9251945E-6
1.9615177E-6
1.9982783E-6
2.0354487E-6
2.0730024E-6
2.1109142E-6
2.1491605E-6
2.187718E-6
2.226565E-6
2.2656798E-6
2.3050427E-6
2.3446341E-6
2.3844354E-6
2.4244287E-6
2.4645965E-6
2.504922E-6
2.5453892E-6
2.5859827E-6
2.6266869E-6
2.6674873E-6
2.70837E-6
2.7493206E-6
2.790326E-6
2.831373E-6
2.872449E-6
2.913541E-6
2.9546375E-6
2.9957262E-6
3.0367955E-6
3.077834E-6
3.1188304E-6
3.1597738E-6
3.2006533E-6
3.2414587E-6
3.2821793E-6
3.3228048E-6
3.3633253E-6
3.4037307E-6
3.4440116E-6
3.484158E-6
3.5241608E-6
3.5640103E-6
3.6036977E-6
3.6432136E-6
3.682549E-6
3.7216955E-6
3.760644E-6
3.799386E-6
3.837913E-6
3.8762164E-6
3.9142888E-6
3.952121E-6
3.9897054E-6
4.0270343E-6
4.0640994E-6
4.1008934E-6
4.1374083E-6
4.173637E-6
4.2095717E-6
4.245205E-6
4.2805304E-6
4.31554E-6
4.3502273E-6
4.3845853E-6
4.418607E-6
4.4522862E-6
4.4856156E-6
4.5185893E-6
4.551201E-6
4.5834445E-6
4.6153127E-6
4.646801E-6
4.6779023E-6
4.708612E-6
4.738923E-6
4.768831E-6
4.7983294E-6
4.8274137E-6
4.8560787E-6
4.884319E-6
4.9121295E-6
4.9395053E-6
4.9664422E-6
4.992935E-6
5.0189797E-6
5.0445715E-6
5.0697063E-6
5.09438E-6
5.1185884E-6
5.1423276E-6
5.1655943E-6
5.188385E-6
5.2106952E-6
5.232522E-6
5.253863E-6
5.274714E-6
5.2950727E-6
5.3149356E-6
5.3343006E-6
5.3531653E-6
5.371526E-6
5.389382E-6
5.40673E-6
5.423569E-6
5.4398956E-6
5.455709E-6
5.471008E-6
5.48579E-6
5.5000546E-6
5.5138E-6
5.527025E-6
5.539729E-6
5.5519113E-6
5.563571E-6
5.5747078E-6
5.5853207E-6
5.5954097E-6
5.6049753E-6
5.6140166E-6
5.6225344E-6
5.6305284E-6
5.638E-6
5.6449485E-6
5.6513754E-6
5.6572812E-6
5.662667E-6
5.667534E-6
5.671883E-6
5.675716E-6
5.6790336E-6
5.6818385E-6
5.684132E-6
5.6859153E-6
5.6871913E-6
5.687962E-6
5.6882295E-6
5.6879962E-6
5.687265E-6
5.686038E-6
5.6843182E-6
5.6821086E-6
5.679412E-6
5.676232E-6
5.6725717E-6
5.668434E-6
5.663823E-6
5.658742E-6
5.653195E-6
5.6471854E-6
5.6407175E-6
5.633796E-6
5.6264234E-6
5.618606E-6
5.6103468E-6
5.6016506E-6
5.5925225E-6
5.582967E-6
5.5729884E-6
5.562592E-6
5.551783E-6
5.5405662E-6
5.5289465E-6
5.5169303E-6
5.5045216E-6
5.491727E-6
5.478551E-6
5.465E-6
5.4510797E-6
5.436795E-6
5.4221528E-6
5.4071584E-6
5.391818E-6
5.3761373E-6
5.3601225E-6
5.3437802E-6
5.3271165E-6
5.3101376E-6
5.29285E-6
5.2752594E-6
5.257373E-6
5.239197E-6
5.2207374E-6
5.202002E-6
5.182996E-6
5.1637276E-6
5.1442016E-6
5.124426E-6
5.1044076E-6
5.084152E-6
5.063667E-6
5.0429585E-6
5.0220337E-6
5.0009E-6
4.979563E-6
4.95803E-6
4.936308E-6
4.9144032E-6
4.892323E-6
4.8700736E-6
4.847662E-6
4.8250945E-6
4.802378E-6
4.7795197E-6
4.7565254E-6
4.7334024E-6
4.710156E-6
4.6867945E-6
4.663323E-6
4.6397486E-6
4.616077E-6
4.5923152E-6
4.5684687E-6
4.5445445E-6
4.5205484E-6
4.496486E-6
4.472364E-6
4.448188E-6
4.4239637E-6
4.399697E-6
4.375394E-6
4.3510595E-6
4.3266996E-6
4.3023197E-6
4.2779247E-6
4.2535203E-6
4.2291117E-6
4.2047036E-6
4.180301E-6
4.155909E-6
4.1315325E-6
4.1071758E-6
4.082843E-6
4.05854E-6
4.0342698E-6
4.010037E-6
3.9858464E-6
3.961701E-6
3.9376055E-6
3.9135634E-6
3.8895782E-6
3.865654E-6
3.841794E-6
3.818001E-6
3.7942796E-6
3.770632E-6
3.7470616E-6
3.7235714E-6
3.7001641E-6
3.6768427E-6
3.6536096E-6
3.6304677E-6
3.6074196E-6
3.5844673E-6
3.5616133E-6
3.5388603E-6
3.5162097E-6
3.493664E-6
3.4712255E-6
3.448896E-6
3.426677E-6
3.4045709E-6
3.3825795E-6
3.360704E-6
3.3389467E-6
3.3173092E-6
3.295793E-6
3.2743997E-6
3.2531311E-6
3.2319886E-6
3.2109738E-6
3.1900886E-6
3.1693341E-6
3.1487123E-6
3.1282248E-6
3.107873E-6
3.0876588E-6
3.0675837E-6
3.0476497E-6
3.0278586E-6
3.008212E-6
2.9887121E-6
2.9693608E-6
2.95016E-6
2.9311122E-6
2.9122193E-6
2.893484E-6
2.8749084E-6
2.8564955E-6
2.8382474E-6
2.820167E-6
2.8022578E-6
2.7845222E-6
2.7669635E-6
2.7495848E-6
2.7323902E-6
2.7153826E-6
2.6985663E-6
2.6819448E-6
2.6655223E-6
2.6493028E-6
2.6332912E-6
2.6174912E-6
2.6019081E-6
2.5865468E-6
2.5714116E-6
2.5565084E-6
2.5418422E-6
2.5274182E-6
2.5132422E-6
2.49932E-6
2.4856577E-6
2.4722608E-6
2.4591357E-6
2.4462884E-6
2.4337253E-6
2.4214532E-6
2.4094782E-6
2.397807E-6
2.386446E-6
2.3754026E-6
2.3646828E-6
2.3542934E-6
2.3442415E-6
2.3345333E-6
2.325176E-6
2.3161756E-6
2.3075393E-6
2.2992729E-6
2.2913828E-6
2.2838756E-6
2.2767567E-6
2.2700324E-6
2.2637082E-6
2.2577892E-6
2.2522809E-6
2.2471877E-6
2.2425147E-6
2.2382656E-6
2.2344448E-6
2.2310553E-6
2.2281008E-6
2.2255838E-6
2.2235065E-6
2.2218712E-6
2.220679E-6
2.2199313E-6
2.2196286E-6
2.2197707E-6
2.2203574E-6
2.2213878E-6
2.2228605E-6
2.2247734E-6
2.2271245E-6
2.2299105E-6
2.233128E-6
2.2367733E-6
2.240842E-6
2.245329E-6
2.2502288E-6
2.255536E-6
2.2612437E-6
2.2673457E-6
2.2738343E-6
2.2807023E-6
2.2879415E-6
2.2955433E-6
2.303499E-6
2.3117998E-6
2.320436E-6
2.3293974E-6
2.3386744E-6
2.3482567E-6
2.3581333E-6
2.3682937E-6
2.3787265E-6
2.3894206E-6
2.4003643E-6
2.4115463E-6
2.4229546E-6
2.4345773E-6
2.4464023E-6
2.4584176E-6
2.4706112E-6
2.4829703E-6
2.4954832E-6
2.508137E-6
2.5209197E-6
2.5338186E-6
2.5468219E-6
2.5599165E-6
2.5730906E-6
2.5863317E-6
2.5996276E-6
2.6129662E-6
2.6263351E-6
2.6397227E-6
2.6531166E-6
2.666505E-6
2.6798764E-6
2.6932187E-6
2.7065207E-6
2.719771E-6
2.7329577E-6
2.74607E-6
2.759097E-6
2.7720275E-6
2.7848505E-6
2.7975557E-6
2.8101322E-6
2.82257E-6
2.8348584E-6
2.8469876E-6
2.8589475E-6
2.8707284E-6
2.8823208E-6
2.893715E-6
2.9049017E-6
2.9158718E-6
2.9266164E-6
2.9371263E-6
2.9473933E-6
2.9574085E-6
2.9671637E-6
2.9766509E-6
2.9858618E-6
2.9947885E-6
3.0034237E-6
3.0117594E-6
3.0197887E-6
3.0275041E-6
3.0348988E-6
3.0419656E-6
3.0486983E-6
3.05509E-6
3.0611347E-6
3.066826E-6
3.0721576E-6
3.0771243E-6
3.08172E-6
3.0859394E-6
3.089777E-6
3.0932276E-6
3.0962865E-6
3.0989486E-6
3.1012091E-6
3.1030638E-6
3.1045083E-6
3.1055386E-6
3.1061502E-6
3.1063396E-6
3.1061031E-6
3.1054371E-6
3.1043385E-6
3.102804E-6
3.1008303E-6
3.098415E-6
3.095555E-6
3.092248E-6
3.088492E-6
3.0842841E-6
3.0796227E-6
3.074506E-6
3.0689318E-6
3.062899E-6
3.056406E-6
3.0494516E-6
3.042035E-6
3.0341548E-6
3.0258104E-6
3.0170015E-6
3.0077272E-6
2.9979876E-6
2.9877822E-6
2.9771115E-6
2.9659752E-6
2.9543737E-6
2.9423077E-6
2.9297778E-6
2.9167845E-6
2.903329E-6
2.8894124E-6
2.8750355E-6
2.8602003E-6
2.8449078E-6
2.8291602E-6
2.8129587E-6
2.7963056E-6
2.779203E-6
2.761653E-6
2.743658E-6
2.7252206E-6
2.7063434E-6
2.6870293E-6
2.6672813E-6
2.647102E-6
2.6264952E-6
2.6054638E-6
2.5840116E-6
2.562142E-6
2.539859E-6
2.517166E-6
2.4940673E-6
2.470567E-6
2.4466694E-6
2.4223789E-6
2.3976997E-6
2.3726368E-6
2.3471946E-6
2.3213781E-6
2.2951924E-6
2.2686424E-6
2.2417337E-6
2.2144711E-6
2.1868602E-6
2.158907E-6
2.1306166E-6
2.1019953E-6
2.0730483E-6
2.0437824E-6
2.0142033E-6
1.9843174E-6
1.9541308E-6
1.9236502E-6
1.892882E-6
1.8618329E-6
1.8305097E-6
1.7989192E-6
1.7670686E-6
1.7349648E-6
1.7026151E-6
1.6700268E-6
1.6372073E-6
1.6041641E-6
1.5709052E-6
1.5374379E-6
1.5037705E-6
1.4699108E-6
1.4358671E-6
1.4016479E-6
1.3672613E-6
1.3327164E-6
1.2980217E-6
1.2631864E-6
1.2282196E-6
1.193131E-6
1.1579301E-6
1.122627E-6
1.0872322E-6
1.0517564E-6
1.0162105E-6
9.806065E-7
9.4495664E-7
9.0927375E-7
8.735717E-7
8.378654E-7
8.021707E-7
7.665052E-7
7.3088813E-7
6.9534116E-7
6.5988854E-7
6.2455837E-7
5.893833E-7
5.5440194E-7
5.196608E-7
4.85217E-7
4.51142E-7
4.1752662E-7
3.844891E-7
3.521861E-7
3.2082926E-7
2.9070947E-7
2.622317E-7
2.359624E-7
2.1268376E-7
1.934312E-7
1.794478E-7
1.7195727E-7
1.7173838E-7
1.7874197E-7
1.9210391E-7
2.10543E-7
2.3278443E-7
2.5777726E-7
2.8473227E-7
3.130802E-7
3.4241495E-7
3.724455E-7
4.0296047E-7
4.3380373E-7
4.6485786E-7
4.9603267E-7
5.2725767E-7
5.584768E-7
5.896445E-7
6.207232E-7
6.5168155E-7
6.824927E-7
7.131336E-7
7.435841E-7
7.738263E-7
8.038443E-7
8.336235E-7
8.6315094E-7
8.9241445E-7
9.214028E-7
9.501055E-7
9.78513E-7
1.0066158E-6
1.0344053E-6
1.0618733E-6
1.0890118E-6
1.1158133E-6
1.1422708E-6
1.168377E-6
1.1941257E-6
1.2195103E-6
1.2445246E-6
1.2691628E-6
1.293419E-6
1.317288E-6
1.3407644E-6
1.3638428E-6
1.3865185E-6
1.4087868E-6
1.4306429E-6
1.4520825E-6
1.4731013E-6
1.4936952E-6
1.5138603E-6
1.5335928E-6
1.552889E-6
1.5717454E-6
1.590159E-6
1.6081262E-6
1.6256442E-6
1.6427102E-6
1.6593215E-6
1.6754755E-6
1.6911696E-6
1.7064018E-6
1.72117E-6
1.735472E-6
1.7493062E-6
1.7626709E-6
1.7755647E-6
1.787986E-6
1.7999337E-6
1.8114068E-6
1.8224044E-6
1.8329257E-6
1.84297E-6
1.852537E-6
1.8616264E-6
1.8702378E-6
1.8783716E-6
1.8860275E-6
1.893206E-6
1.8999075E-6
1.9061325E-6
1.911882E-6
1.9171566E-6
1.9219576E-6
1.926286E-6
1.930143E-6
1.9335303E-6
1.9364495E-6
1.9389024E-6
1.9408908E-6
1.942417E-6
1.9434829E-6
1.9440909E-6
1.9442439E-6
1.9439442E-6
1.9431945E-6
1.9419983E-6
1.9403583E-6
1.9382778E-6
1.9357603E-6
1.9328093E-6
1.9294282E-6
1.9256215E-6
1.9213926E-6
1.9167458E-6
1.9116856E-6
1.9062162E-6
1.9003422E-6
1.8940685E-6
1.8873998E-6
1.8803411E-6
1.8728978E-6
1.865075E-6
1.8568782E-6
1.8483131E-6
1.8393856E-6
1.8301014E-6
1.8204668E-6
1.8104878E-6
1.800171E-6
1.789523E-6
1.7785504E-6
1.7672601E-6
1.7556591E-6
1.7437549E-6
1.7315544E-6
1.7190656E-6
1.7062961E-6
1.6932537E-6
1.6799466E-6
1.666383E-6
1.6525715E-6
1.6385206E-6
1.6242393E-6
1.6097365E-6
1.5950217E-6
1.5801041E-6
1.5649936E-6
1.5497001E-6
1.5342335E-6
1.5186047E-6
1.502824E-6
1.4869023E-6
1.470851E-6
1.4546812E-6
1.4384049E-6
1.422034E-6
1.4055807E-6
1.389058E-6
1.3724784E-6
1.3558555E-6
1.3392028E-6
1.3225343E-6
1.3058644E-6
1.2892077E-6
1.2725795E-6
1.2559952E-6
1.2394709E-6
1.2230227E-6
1.2066675E-6
1.1904226E-6
1.1743056E-6
1.1583345E-6
1.1425279E-6
1.1269049E-6
1.1114847E-6
1.0962873E-6
1.0813328E-6
1.0666419E-6
1.0522355E-6
1.0381348E-6
1.0243614E-6
1.0109371E-6
9.97884E-7
9.852237E-7
9.729785E-7
9.611701E-7
9.498205E-7
9.389509E-7
9.285824E-7
9.187352E-7
9.094292E-7
9.0068306E-7
8.9251466E-7
8.849405E-7
8.7797594E-7
8.7163465E-7
8.6592877E-7
8.608686E-7
8.564625E-7
8.527169E-7
8.4963585E-7
8.472216E-7
8.454738E-7
8.4439006E-7
8.4396567E-7
8.441937E-7
8.450652E-7
8.465689E-7
8.4869185E-7
8.514192E-7
8.547343E-7
8.5861916E-7
8.630543E-7
8.6801924E-7
8.7349224E-7
8.7945097E-7
8.858723E-7
8.9273266E-7
9.0000816E-7
9.0767463E-7
9.15708E-7
9.2408396E-7
9.327787E-7
9.4176835E-7
9.5102973E-7
9.605398E-7
9.70276E-7
9.802166E-7
9.903399E-7
1.0006253E-6
1.0110526E-6
1.0216023E-6
1.0322553E-6
1.0429936E-6
1.0537995E-6
1.064656E-6
1.0755467E-6
1.0864561E-6
1.0973691E-6
1.1082712E-6
1.1191486E-6
1.1299878E-6
1.1407764E-6
1.1515019E-6
1.1621528E-6
1.1727178E-6
1.1831863E-6
1.1935482E-6
1.2037935E-6
1.2139132E-6
1.2238982E-6
1.2337399E-6
1.2434305E-6
1.2529622E-6
1.2623275E-6
1.2715195E-6
1.2805316E-6
1.2893574E-6
1.2979909E-6
1.3064264E-6
1.3146583E-6
1.3226817E-6
1.3304915E-6
1.3380833E-6
1.3454526E-6
1.3525952E-6
1.3595073E-6
1.3661854E-6
1.3726259E-6
1.3788256E-6
1.3847815E-6
1.3904909E-6
1.395951E-6
1.4011595E-6
1.4061142E-6
1.410813E-6
1.4152539E-6
1.4194353E-6
1.4233558E-6
1.4270138E-6
1.4304081E-6
1.4335378E-6
1.4364017E-6
1.4389992E-6
1.4413297E-6
1.4433924E-6
1.4451873E-6
1.4467139E-6
1.4479723E-6
1.4489622E-6
1.449684E-6
1.4501378E-6
1.450324E-6
1.4502432E-6
1.4498958E-6
1.4492824E-6
1.4484042E-6
1.4472616E-6
1.445856E-6
1.4441882E-6
1.4422595E-6
1.4400713E-6
1.4376246E-6
1.4349213E-6
1.4319626E-6
1.4287501E-6
1.4252859E-6
1.4215713E-6
1.4176082E-6
1.4133988E-6
1.408945E-6
1.4042486E-6
1.3993119E-6
1.3941373E-6
1.3887267E-6
1.3830826E-6
1.3772072E-6
1.3711032E-6
1.3647729E-6
1.3582187E-6
1.3514434E-6
1.3444496E-6
1.3372398E-6
1.329817E-6
1.3221837E-6
1.3143427E-6
1.3062971E-6
1.2980495E-6
1.2896029E-6
1.2809603E-6
1.2721246E-6
1.2630989E-6
1.253886E-6
1.2444891E-6
1.2349115E-6
1.2251559E-6
1.2152257E-6
1.2051238E-6
1.1948537E-6
1.1844182E-6
1.1738209E-6
1.1630648E-6
1.152153E-6
1.1410889E-6
1.1298757E-6
1.1185167E-6
1.1070151E-6
1.0953743E-6
1.0835973E-6
1.0716877E-6
1.0596486E-6
1.0474834E-6
1.0351954E-6
1.0227878E-6
1.010264E-6
9.976274E-7
9.848812E-7
9.720288E-7
9.590735E-7
9.460187E-7
9.3286775E-7
9.1962403E-7
9.062909E-7
8.928718E-7
8.793701E-7
8.657893E-7
8.521328E-7
8.3840416E-7
8.2460684E-7
8.107445E-7
7.968207E-7
7.828391E-7
7.6880343E-7
7.5471746E-7
7.4058505E-7
7.264102E-7
7.121969E-7
6.9794936E-7
6.8367183E-7
6.693688E-7
6.550448E-7
6.407047E-7
6.263535E-7
6.1199637E-7
5.976389E-7
5.8328703E-7
5.689468E-7
5.546249E-7
5.4032836E-7
5.260648E-7
5.118424E-7
4.976701E-7
4.835575E-7
4.695152E-7
4.5555475E-7
4.416889E-7
4.2793178E-7
4.14299E-7
4.0080795E-7
3.87478E-7
3.743309E-7
3.6139096E-7
3.4868552E-7
3.362453E-7
3.2410492E-7
3.1230317E-7
3.0088367E-7
2.898952E-7
2.7939205E-7
2.6943422E-7
2.6008738E-7
2.5142253E-7
2.4351513E-7
2.3644348E-7
2.3028674E-7
2.2512175E-7
2.2101956E-7
2.1804134E-7
2.1623437E-7
2.1562863E-7
0.0
0.0
0.0
0.0
0.0
0.0
0.0
0.0
0.0
0.0
0.0
0.0
0.0
0.0
0.0
0.0
0.0
0.0
0.0
0.0
0.0
0.0
0.0
0.0
0.0
0.0
0.0
0.0
0.0
0.0
0.0
0.0
0.0
0.0
0.0
0.0
0.0
0.0
0.0
0.0
0.0
0.0
0.0
0.0
0.0
0.0
0.0
0.0
0.0
0.0
0.0
0.0
0.0
0.0
0.0
0.0
0.0
0.0
0.0
0.0
0.0
0.0
0.0
0.0
0.0
0.0
0.0
0.0
0.0
0.0
0.0
0.0
0.0
0.0
0.0
0.0
0.0
0.0
0.0
0.0
0.0
0.0
0.0
0.0
0.0
0.0
0.0
0.0
0.0
0.0
0.0
0.0
0.0
0.0
0.0
0.0
0.0
0.0
0.0
0.0
0.0
0.0
0.0
0.0
0.0
0.0
0.0
0.0
0.0
0.0
0.0
0.0
0.0
0.0
0.0
0.0
0.0
0.0
0.0
0.0
0.0
0.0
0.0
0.0
0.0
0.0
0.0
0.0
0.0
0.0
0.0
0.0
0.0
0.0
0.0
0.0
0.0
0.0
0.0
0.0
0.0
0.0
0.0
0.0
0.0
0.0
0.0
0.0
0.0
0.0
0.0
0.0
0.0
0.0
0.0
0.0
0.0
0.0
0.0
0.0
0.0
0.0
0.0
0.0
0.0
0.0
0.0
0.0
0.0
0.0
0.0
0.0
0.0
0.0
0.0
0.0
0.0
0.0
0.0
0.0
0.0
0.0
0.0
0.0
0.0
0.0
0.0
0.0
0.0
0.0
0.0
0.0
0.0
0.0
0.0
0.0
0.0
0.0
0.0
0.0
0.0
0.0
0.0
0.0
0.0
0.0
0.0
0.0
0.0
0.0
0.0
0.0
0.0
0.0
0.0
0.0
0.0
0.0
0.0
0.0
0.0
0.0
0.0
0.0
0.0
0.0
0.0
0.0
0.0
0.0
0.0
0.0
0.0
0.0
0.0
0.0
0.0
0.0
0.0
0.0
0.0
0.0
0.0
0.0
0.0
0.0
0.0
0.0
0.0
0.0
0.0
0.0
0.0
0.0
0.0
0.0
0.0
0.0
0.0
0.0
0.0
0.0
0.0
0.0
0.0
0.0
0.0
0.0
0.0
0.0
0.0
0.0
0.0
0.0
0.0
0.0
0.0
0.0
0.0
0.0
0.0
0.0
0.0
0.0
0.0
0.0
0.0
0.0
0.0
0.0
0.0
0.0
0.0
0.0
0.0
0.0
0.0
0.0
0.0
0.0
0.0
0.0
0.0
0.0
0.0
0.0
0.0
0.0
0.0
0.0
0.0
0.0
0.0
0.0
0.0
0.0
0.0
0.0
0.0
0.0
0.0
0.0
0.0
0.0
0.0
0.0
0.0
0.0
0.0
0.0
0.0
0.0
0.0
0.0
0.0
0.0
0.0
0.0
0.0
0.0
0.0
0.0
0.0
0.0
0.0
0.0
0.0
0.0
0.0
0.0
0.0
0.0
0.0
0.0
0.0
0.0
0.0
0.0
0.0
0.0
0.0
0.0
0.0
0.0
0.0
0.0
0.0
0.0
0.0
0.0
0.0
0.0
0.0
0.0
0.0
0.0
0.0
0.0
0.0
0.0
0.0
0.0
0.0
0.0
0.0
0.0
0.0
0.0
0.0
0.0
0.0
0.0
0.0
0.0
0.0
0.0
0.0
0.0
0.0
0.0
0.0
0.0
0.0
0.0
0.0
0.0
0.0
0.0
0.0
0.0
0.0
0.0
0.0
0.0
0.0
0.0
0.0
0.0
0.0
0.0
0.0
0.0
0.0
0.0
0.0
0.0
0.0
0.0
0.0
0.0
0.0
0.0
0.0
0.0
0.0
0.0
0.0
0.0
0.0
0.0
0.0
0.0
0.0
0.0
0.0
0.0
0.0
0.0
0.0
0.0
0.0
0.0
0.0
0.0
0.0
0.0
0.0
0.0
0.0
0.0
0.0
0.0
0.0
0.0
0.0
0.0
0.0
0.0
0.0
0.0
0.0
0.0
0.0
0.0
0.0
0.0
0.0
0.0
0.0
0.0
0.0
0.0
0.0
0.0
0.0
0.0
0.0
0.0
0.0
0.0
0.0
0.0
0.0
0.0
0.0
0.0
0.0
0.0
0.0
0.0
0.0
0.0
0.0
0.0
0.0
0.0
0.0
0.0
0.0
0.0
0.0
0.0
0.0
0.0
0.0
0.0
0.0
0.0
0.0
0.0
0.0
0.0
0.0
0.0
0.0
0.0
0.0
0.0
0.0
0.0
0.0
0.0
0.0
0.0
0.0
0.0
0.0
0.0
0.0
0.0
0.0
0.0
0.0
0.0
0.0
0.0
0.0
0.0
0.0
0.0
0.0
0.0
0.0
0.0
0.0
0.0
0.0
0.0
0.0
0.0
0.0
0.0
0.0
0.0
0.0
0.0
0.0
0.0
0.0
0.0
0.0
0.0
0.0
0.0
0.0
0.0
0.0
0.0
0.0
0.0
0.0
0.0
0.0
0.0
0.0
0.0
0.0
0.0
0.0
0.0
0.0
0.0
0.0
0.0
0.0
0.0
0.0
0.0
0.0
0.0
0.0
0.0
0.0
0.0
0.0
0.0
0.0
0.0
0.0
0.0
0.0
0.0
0.0
0.0
0.0
0.0
0.0
0.0
0.0
0.0
0.0
0.0
0.0
0.0
0.0
0.0
0.0
0.0
0.0
0.0
0.0
0.0
0.0
0.0
0.0
0.0
0.0
0.0
0.0
0.0
0.0
0.0
0.0
0.0
0.0
0.0
0.0
0.0
0.0
0.0
0.0
0.0
0.0
0.0
0.0
0.0
0.0
0.0
0.0
0.0
0.0
0.0
0.0
0.0
0.0
0.0
0.0
0.0
0.0
0.0
0.0
0.0
0.0
0.0
0.0
0.0
0.0
0.0
0.0
0.0
0.0
0.0
0.0
0.0
0.0
0.0
0.0
0.0
0.0
0.0
0.0
0.0
0.0
0.0
0.0
0.0
0.0
0.0
0.0
0.0
0.0
0.0
0.0
0.0
0.0
0.0
0.0
0.0
0.0
0.0
0.0
0.0
0.0
0.0
0.0
0.0
0.0
0.0
0.0
0.0
0.0
0.0
0.0
0.0
0.0
0.0
0.0
0.0
0.0
0.0
0.0
0.0
0.0
0.0
0.0
0.0
0.0
0.0
0.0
0.0
0.0
0.0
0.0
0.0
0.0
0.0
0.0
0.0
0.0
0.0
0.0
0.0
0.0
0.0
0.0
0.0
0.0
0.0
0.0
0.0
0.0
0.0
0.0
0.0
0.0
0.0
0.0
0.0
0.0
0.0
0.0
0.0
0.0
0.0
0.0
0.0
0.0
0.0
0.0
0.0
0.0
0.0
0.0
0.0
0.0
0.0
0.0
0.0
0.0
0.0
0.0
0.0
0.0
0.0
0.0
0.0
0.0
0.0
0.0
0.0
0.0
0.0
0.0
0.0
0.0
0.0
0.0
0.0
0.0
0.0
0.0
0.0
0.0
0.0
0.0
0.0
0.0
0.0
0.0
0.0
0.0
0.0
0.0
0.0
0.0
0.0
0.0
0.0
0.0
0.0
0.0
0.0
0.0
0.0
0.0
0.0
0.0
0.0
0.0
0.0
0.0
0.0
0.0
0.0
0.0
0.0
0.0
0.0
0.0
0.0
0.0
0.0
0.0
0.0
0.0
0.0
0.0
0.0
0.0
0.0
0.0
0.0
0.0
0.0
0.0
0.0
0.0
0.0
0.0
0.0
0.0
0.0
0.0
0.0
0.0
0.0
0.0
0.0
0.0
0.0
0.0
0.0
0.0
0.0
0.0
0.0
0.0
0.0
0.0
0.0
0.0
0.0
0.0
0.0
0.0
0.0
0.0
0.0
0.0
0.0
0.0
0.0
0.0
0.0
0.0
0.0
0.0
0.0
0.0
0.0
0.0
0.0
0.0
0.0
0.0
0.0
0.0
0.0
0.0
0.0
0.0
0.0
0.0
0.0
0.0
0.0
0.0
0.0
0.0
0.0
0.0
0.0
0.0
0.0
0.0
0.0
0.0
0.0
0.0
0.0
0.0
0.0
0.0
0.0
0.0
0.0
0.0
0.0
0.0
0.0
0.0
0.0
0.0
0.0
0.0
0.0
0.0
0.0
0.0
0.0
0.0
0.0
0.0
0.0
0.0
0.0
0.0
0.0
0.0
0.0
0.0
0.0
0.0
0.0
0.0
0.0
0.0
0.0
0.0
0.0
0.0
0.0
0.0
0.0
0.0
0.0
0.0
0.0
0.0
0.0
0.0
0.0
0.0
0.0
0.0
0.0
0.0
0.0
0.0
0.0
0.0
0.0
0.0
0.0
0.0
0.0
0.0
0.0
0.0
0.0
0.0
0.0
0.0
0.0
0.0
0.0
0.0
0.0
0.0
0.0
0.0
0.0
0.0
0.0
0.0
0.0
0.0
0.0
0.0
0.0
0.0
0.0
0.0
0.0
0.0
0.0
0.0
0.0
0.0
0.0
0.0
0.0
0.0
0.0
0.0
0.0
0.0
0.0
0.0
0.0
0.0
0.0
0.0
0.0
0.0
0.0
0.0
0.0
0.0
0.0
0.0
0.0
0.0
0.0
0.0
0.0
0.0
0.0
0.0
0.0
0.0
0.0
0.0
0.0
0.0
0.0
0.0
0.0
0.0
0.0
0.0
0.0
0.0
0.0
0.0
0.0
0.0
0.0
0.0
0.0
0.0
0.0
0.0
0.0
0.0
0.0
0.0
0.0
0.0
0.0
0.0
0.0
0.0
0.0
0.0
0.0
0.0
0.0
0.0
0.0
0.0
0.0
0.0
0.0
0.0
0.0
0.0
0.0
0.0
0.0
0.0
0.0
0.0
0.0
0.0
0.0
0.0
0.0
0.0
0.0
0.0
0.0
0.0
0.0
0.0
0.0
0.0
0.0
0.0
0.0
0.0
0.0
0.0
0.0
0.0
0.0
0.0
0.0
0.0
0.0
0.0
0.0
0.0
0.0
0.0
0.0
0.0
0.0
0.0
0.0
0.0
0.0
0.0
0.0
0.0
0.0
0.0
0.0
0.0
0.0
0.0
0.0
0.0
0.0
0.0
0.0
0.0
0.0
0.0
0.0
0.0
0.0
0.0
0.0
0.0
0.0
0.0
0.0
0.0
0.0
0.0
0.0
0.0
0.0
0.0
0.0
0.0
0.0
0.0
0.0
0.0
0.0
0.0
0.0
0.0
0.0
0.0
0.0
0.0
0.0
0.0
0.0
0.0
0.0
0.0
0.0
0.0
0.0
0.0
0.0
0.0
0.0
0.0
0.0
0.0
0.0
0.0
0.0
0.0
0.0
0.0
0.0
0.0
0.0
0.0
0.0
0.0
0.0
0.0
0.0
0.0
0.0
0.0
0.0
0.0
0.0
0.0
0.0
0.0
0.0
0.0
0.0
0.0
0.0
0.0
0.0
0.0
0.0
0.0
0.0
0.0
0.0
0.0
0.0
0.0
0.0
0.0
0.0
0.0
0.0
0.0
0.0
0.0
0.0
0.0
0.0
0.0
0.0
0.0
0.0
0.0
0.0
0.0
0.0
0.0
0.0
0.0
0.0
0.0
0.0
0.0
0.0
0.0
0.0
0.0
0.0
0.0
0.0
0.0
0.0
0.0
0.0
0.0
0.0
0.0
0.0
0.0
0.0
0.0
0.0
0.0
0.0
0.0
0.0
0.0
0.0
0.0
0.0
0.0
0.0
0.0
0.0
0.0
0.0
0.0
0.0
0.0
0.0
0.0
0.0
0.0
0.0
0.0
0.0
0.0
0.0
0.0
0.0
0.0
0.0
0.0
0.0
0.0
0.0
0.0
0.0
0.0
0.0
0.0
0.0
0.0
0.0
0.0
0.0
0.0
0.0
0.0
0.0
0.0
0.0
0.0
0.0
0.0
0.0
0.0
0.0
0.0
0.0
0.0
0.0
0.0
0.0
0.0
0.0
0.0
0.0
0.0
0.0
0.0
0.0
0.0
0.0
0.0
0.0
0.0
0.0
0.0
0.0
0.0
0.0
0.0
0.0
0.0
0.0
0.0
0.0
0.0
0.0
0.0
0.0
0.0
0.0
0.0
0.0
0.0
0.0
0.0
0.0
0.0
0.0
0.0
0.0
0.0
0.0
0.0
0.0
0.0
0.0
0.0
0.0
0.0
0.0
0.0
0.0
0.0
0.0
0.0
0.0
0.0
0.0
0.0
0.0
0.0
0.0
0.0
0.0
0.0
0.0
0.0
0.0
0.0
0.0
0.0
0.0
0.0
0.0
0.0
0.0
0.0
0.0
0.0
0.0
0.0
0.0
0.0
0.0
0.0
0.0
0.0
0.0
0.0
0.0
0.0
0.0
0.0
0.0
0.0
0.0
0.0
0.0
0.0
0.0
0.0
0.0
0.0
0.0
0.0
0.0
0.0
0.0
0.0
0.0
0.0
0.0
0.0
0.0
0.0
0.0
0.0
0.0
0.0
0.0
0.0
0.0
0.0
0.0
0.0
0.0
0.0
0.0
0.0
0.0
0.0
0.0
0.0
0.0
0.0
0.0
0.0
0.0
0.0
0.0
0.0
0.0
0.0
0.0
0.0
0.0
0.0
0.0
0.0
0.0
0.0
0.0
0.0
0.0
0.0
0.0
0.0
0.0
0.0
0.0
0.0
0.0
0.0
0.0
0.0
0.0
0.0
0.0
0.0
0.0
0.0
0.0
0.0
0.0
0.0
0.0
0.0
0.0
0.0
0.0
0.0
0.0
0.0
0.0
0.0
0.0
0.0
0.0
0.0
0.0
0.0
0.0
0.0
0.0
0.0
0.0
0.0
0.0
0.0
0.0
0.0
0.0
0.0
0.0
0.0
0.0
0.0
0.0
0.0
0.0
0.0
0.0
0.0
0.0
0.0
0.0
0.0
0.0
0.0
0.0
0.0
0.0
0.0
0.0
0.0
0.0
0.0
0.0
0.0
0.0
0.0
0.0
0.0
0.0
0.0
0.0
0.0
0.0
0.0
0.0
0.0
0.0
0.0
0.0
0.0
0.0
0.0
0.0
0.0
0.0
0.0
0.0
0.0
0.0
0.0
0.0
0.0
0.0
0.0
0.0
0.0
0.0
0.0
0.0
0.0
0.0
0.0
0.0
0.0
0.0
0.0
0.0
0.0
0.0
0.0
0.0
0.0
0.0
0.0
0.0
0.0
0.0
0.0
0.0
0.0
0.0
0.0
0.0
0.0
0.0
0.0
0.0
0.0
0.0
0.0
0.0
0.0
0.0
0.0
0.0
0.0
0.0
0.0
0.0
0.0
0.0
0.0
0.0
0.0
0.0
0.0
0.0
0.0
0.0
0.0
0.0
0.0
0.0
0.0
0.0
0.0
0.0
0.0
0.0
0.0
0.0
0.0
0.0
0.0
0.0
0.0
0.0
0.0
0.0
0.0
0.0
0.0
0.0
0.0
0.0
0.0
0.0
0.0
0.0
0.0
0.0
0.0
0.0
0.0
0.0
0.0
0.0
0.0
0.0
0.0
0.0
0.0
0.0
0.0
0.0
0.0
0.0
0.0
0.0
0.0
0.0
0.0
0.0
0.0
0.0
0.0
0.0
0.0
0.0
0.0
0.0
0.0
0.0
0.0
0.0
0.0
0.0
0.0
0.0
0.0
0.0
0.0
0.0
0.0
0.0
0.0
0.0
0.0
0.0
0.0
0.0
0.0
0.0
0.0
0.0
0.0
0.0
0.0
0.0
0.0
0.0
0.0
0.0
0.0
0.0
0.0
0.0
0.0
0.0
0.0
0.0
0.0
0.0
0.0
0.0
0.0
0.0
0.0
0.0
0.0
0.0
0.0
0.0
0.0
0.0
0.0
0.0
0.0
0.0
0.0
0.0
0.0
0.0
0.0
0.0
0.0
0.0
0.0
0.0
0.0
0.0
0.0
0.0
0.0
0.0
0.0
0.0
0.0
0.0
0.0
0.0
0.0
0.0
0.0
0.0
0.0
0.0
0.0
0.0
0.0
0.0
0.0
0.0
0.0
0.0
0.0
0.0
0.0
0.0
0.0
0.0
0.0
0.0
0.0
0.0
0.0
0.0
0.0
0.0
0.0
0.0
0.0
0.0
0.0
0.0
0.0
0.0
0.0
0.0
0.0
0.0
0.0
0.0
0.0
0.0
0.0
0.0
0.0
0.0
0.0
0.0
0.0
0.0
0.0
0.0
0.0
0.0
0.0
0.0
0.0
0.0
0.0
0.0
0.0
0.0
0.0
0.0
0.0
0.0
0.0
0.0
0.0
0.0
0.0
0.0
0.0
0.0
0.0
0.0
0.0
0.0
0.0
0.0
0.0
0.0
0.0
0.0
0.0
0.0
0.0
0.0
0.0
0.0
0.0
0.0
0.0
0.0
0.0
0.0
0.0
0.0
0.0
0.0
0.0
0.0
0.0
0.0
0.0
0.0
0.0
0.0
0.0
0.0
0.0
0.0
0.0
0.0
0.0
0.0
0.0
0.0
0.0
0.0
0.0
0.0
0.0
0.0
0.0
0.0
0.0
0.0
0.0
0.0
0.0
0.0
0.0
0.0
0.0
0.0
0.0
0.0
0.0
0.0
0.0
0.0
0.0
0.0
0.0
0.0
0.0
0.0
0.0
0.0
0.0
0.0
0.0
0.0
0.0
0.0
0.0
0.0
0.0
0.0
0.0
0.0
0.0
0.0
0.0
0.0
0.0
0.0
0.0
0.0
0.0
0.0
0.0
0.0
0.0
0.0
0.0
0.0
0.0
0.0
-2.3272864E-6
-2.1998192E-6
0.0
0.0
0.0
0.0
-1.6162967E-6
-1.5103569E-6
0.0
0.0
-1.2140717E-6
-1.1224888E-6
0.0
0.0
-8.6927935E-7
-7.920567E-7
0.0
-6.483831E-7
0.0
-5.19073E-7
-4.598047E-7
-4.041277E-7
-3.5204212E-7
0.0
-2.5864583E-7
-2.1733533E-7
-1.796167E-7
-1.4549008E-7
-1.14955505E-7
-8.801307E-8
-6.466283E-8
-4.4904837E-8
-2.8739146E-8
-1.6165792E-8
-7.1848034E-9
0.0
0.0
