0.84303534
0.6013631
1.040743
0.9971817
0.5168738
7.747897
15.835905
17.9497
17.90178
13.483142
5.2990036
4.3678665
4.2238207
1.4741439
2.5033402
2.2545402
0.5056112
0.6103827
1.5685062
1.4831538
0.5784749
0.28559652
0.24357502
0.5966466
0.32166228
1.0280915
0.9169118
0.758646
0.21033807
0.16031407
0.56053895
0.40521836
0.841838
0.85865164
0.8375696
0.28631303
0.39603359
0.60293937
0.4494047
0.07176097
0.61879927
0.5821813
0.028232753
0.42688933
0.47721446
0.22318383
0.4084767
0.44459572
0.32195535
0.29931182
0.5557753
0.7168016
0.3266353
0.21462722
0.240518
0.24763453
0.1981277
0.06269182
0.22760671
0.42689335
0.35288423
0.19670598
0.22038917
0.15345053
0.15715028
0.21573316
0.39394164
0.38969037
0.09813628
0.1842339
0.34187976
0.4541539
0.424398
0.3584287
0.14759862
0.08511161
0.120875835
0.083047
0.19050118
0.27577773
0.40020233
0.4252754
0.28309566
0.07597968
0.14255017
0.26662952
0.1710258
0.15797523
0.14968577
0.18035029
0.1083212
0.09888687
0.061625324
0.11580115
0.283235
0.33767128
0.2522237
0.18943647
0.14159389
0.12934107
0.16224472
0.270705
0.10460702
0.13479033
0.3607836
0.4442412
0.16236784
0.23325758
0.20246688
0.13562444
0.33005372
0.28465557
0.16520387
0.30637118
0.3701008
0.3060789
0.08999533
0.107165515
0.13373005
0.009825019
0.19228032
0.31520772
0.22791713
0.20734315
0.16368757
0.03630897
0.08378689
0.12890777
0.22095343
0.031742305
0.1860453
0.08150649
0.389562
0.36129943
0.16022249
0.09767718
0.20571557
0.21220025
0.14859754
0.05155373
0.096728146
0.16192932
0.25466377
0.2370967
0.18418485
0.18682256
0.198183
0.1672598
0.093825415
0.06437947
0.070596665
0.12953727
0.08506197
0.07233916
0.029589083
0.013099607
0.15909532
0.22262798
0.13138935
0.04204169
0.07683797
0.057671376
0.061636787
0.07267804
0.048121423
0.21412183
0.26333377
0.09329785
0.100475825
0.21379462
0.18014854
0.10822062
0.09153704
0.13820735
0.122068174
0.0339473
0.07731913
0.038881052
0.063365385
0.13900943
0.09634148
0.03379342
0.052906778
0.13518797
0.1497998
0.036158647
0.11839739
0.102103524
0.17283641
0.18206193
0.10504036
0.09147541
0.05513613
0.1511291
0.107051596
0.021776685
0.02310595
0.055266894
0.0635405
0.06999052
0.16510825
0.09862726
0.12670885
0.18669023
0.13495082
0.08200926
0.02772337
0.13396426
0.14336193
0.06945477
0.1078288
0.10444732
0.10541805
0.07235937
0.07191049
0.10079384
0.118806265
0.08643733
0.07131695
0.14444901
0.07695386
0.026491577
0.05211776
0.13979188
0.16001564
0.14054969
0.1068463
0.07011616
0.049057037
0.073527075
0.1535338
0.07582342
0.09434876
0.102846265
0.13127606
0.13784055
0.08031663
0.05115793
0.046228554
0.016419958
0.012457966
0.046649676
0.16711879
0.14953251
0.13557549
0.1395911
0.12494255
0.09845316
0.026387274
0.08581037
0.23245819
0.219501
0.100507125
0.045630757
0.027999334
0.065173626
0.13961142
0.13353011
0.098536246
0.21845199
0.17067888
0.09128516
0.040860265
0.1017715
0.14554858
0.10637325
0.041354734
0.12326779
0.1355469
0.03641752
0.022307353
0.075731464
0.12489135
0.053667124
0.10326181
0.14150982
0.18407351
0.09393117
0.04216862
0.09287004
0.119773775
0.1112011
0.13429864
0.16292734
0.14131784
0.10811797
0.04786308
0.05619493
0.118299276
0.047002144
0.031077873
0.076948285
0.059949867
0.13421613
0.17096072
0.12250441
0.087806046
0.024725724
0.032440264
0.06979983
0.05453866
0.0013937398
0.066914104
0.1044244
0.06392269
0.07113535
0.12964067
0.14881033
0.15364711
0.20300114
0.11841331
0.03916194
0.05026095
0.06019179
0.074758306
0.18195711
0.11321779
0.102214985
0.2551302
0.1982614
0.10919356
0.06227414
0.05858736
0.0917293
0.09806207
0.17582005
0.11193716
0.11476517
0.16042037
0.08676087
0.031370614
0.18821135
0.14357255
0.11808451
0.17755555
0.09756405
0.02159318
0.0325622
0.024438607
0.05346704
0.17467526
0.24374667
0.141867
0.08912789
0.095891416
0.050931558
0.14364284
0.12597528
0.13445933
0.17316388
0.17479657
0.1743571
0.15397874
0.2178773
0.2290337
0.19437702
0.13224258
0.13895461
0.11721539
0.11105866
0.07139029
0.09390034
0.11976209
0.14563605
0.16588496
0.06697339
0.047608923
0.09322514
0.07839537
0.0423602
0.110192515
0.09904609
0.13412787
0.1471802
0.065940335
0.07847101
0.10410413
0.10499296
0.07213957
0.08165731
0.065795384
0.034748614
0.06497829
0.028784925
0.052252874
0.12043465
0.07545478
0.0552034
0.039988343
0.07543073
0.12888502
0.11474245
0.078204654
0.054291356
0.034536097
0.017821256
0.08629929
0.08195857
0.01861758
0.018810004
0.07196675
0.12919617
0.049994074
0.11074232
0.17038661
0.1008584
0.15403984
0.13917296
0.11246402
0.08298511
0.10655054
0.09639693
0.030447861
0.088838324
0.14450973
0.19457051
0.12223272
0.10785536
0.13650148
0.10036933
0.1275482
0.19855817
0.14360543
0.01820763
0.080599055
0.1600667
0.17321664
0.1318742
0.07571321
0.08702477
0.047949724
0.09198463
0.06777253
0.18942934
0.20482633
0.080727555
0.111991785
0.18401942
0.043465085
0.1151052
0.07438708
0.06418731
0.047612917
0.10052702
0.108359456
0.0051707043
0.088731684
0.12946092
0.0327121
0.10410219
0.11663845
0.18538454
0.054162286
0.047705103
0.08206244
0.09202912
0.20492345
0.18717967
0.068398885
0.075360335
0.11056617
0.098969884
0.044283766
0.10081923
0.13431129
0.18291952
0.16359232
0.043857317
0.037445474
0.13392055
0.13086282
0.003571817
0.100576445
0.14952734
0.17966989
0.10762185
0.11339232
0.14377184
0.07373847
0.020817893
0.05072507
0.04237985
0.003910918
0.110841826
0.078251325
0.051735364
0.015428294
0.08716071
0.08405016
0.022859814
0.08916384
0.12619689
0.16179918
0.14601131
0.15818134
0.1482464
0.06098735
0.0784557
0.09270599
0.09578552
0.039724976
0.0831929
0.20726153
0.11911801
0.09085431
0.10908505
0.018555623
0.020978363
0.017398668
0.026769806
0.096283436
0.13858704
0.15179974
0.14616956
0.12519352
0.17799862
0.11963937
0.18780762
0.14854293
0.06437773
0.1280819
0.16268684
0.10170594
0.056131937
0.033598304
0.10095283
0.062226925
0.09482637
0.17853521
0.17046069
0.0958492
0.114907816
0.055892892
0.12577204
0.15433717
0.13350192
0.030873304
0.10606475
0.14594986
0.036959477
0.08069153
0.088055626
0.06488327
0.08962533
0.12671949
0.018021151
0.10558155
0.11674815
0.10680052
0.23260449
0.18132603
0.20522381
0.1327744
0.16046762
0.17605929
0.09619002
0.09785184
0.102735326
0.27928412
0.29952314
0.28453967
0.16792983
0.07208466
0.15588257
0.13496509
0.12165532
0.18059056
0.11234988
0.21160753
0.12478932
0.047113404
0.097914435
0.114289805
0.1232056
0.0824701
0.24101514
0.14757442
0.092107
0.1701671
0.054920193
0.07469027
0.118244916
0.07982079
0.07289615
0.056041446
0.04846149
0.2325726
0.21818957
0.044469524
0.102828905
0.1084805
0.1180749
0.07211763
0.19646078
0.3059919
0.33657748
0.24840355
0.15603437
0.08060517
0.09534459
0.18701638
0.3598425
0.18796067
0.120105125
0.08394645
0.10100809
0.22776869
0.11171164
0.07903731
0.09661926
0.14373468
0.18141152
0.16701432
0.21387133
0.22325382
0.18837316
0.13973285
0.24868503
0.11170579
0.12277926
0.1561299
0.123938516
0.15055813
0.3347217
0.23825136
0.05680725
0.2712041
0.18098621
0.20973437
0.26375204
0.3767527
0.3435809
0.16394372
0.16765742
0.11627301
0.08885547
0.26439622
0.2380708
0.09707247
0.17882302
0.15512359
0.06816444
0.14614512
0.1813423
0.08078439
0.13011557
0.026367424
0.09242146
0.2253773
0.13954201
0.16513835
0.13137463
0.09730927
0.12738845
0.036257416
0.10143901
0.23888285
0.19675675
0.11985313
0.22636841
0.27580294
0.33208647
0.22685337
0.1390694
0.17446809
0.08517353
0.15498899
0.10296862
0.10980218
0.15161355
0.11329488
0.13102038
0.18041629
0.11727426
0.10724322
0.08549803
0.1326713
0.26479766
0.206796
0.110550925
0.069779746
0.060194336
0.076707415
0.04595504
0.08314505
0.13379481
0.06282863
0.088714294
0.09227391
0.050981198
0.057082556
0.09947816
0.12391034
0.059196785
0.12994973
0.046270512
0.068430565
0.11942096
0.12182989
0.17561638
0.1268506
0.0051775533
0.05723543
0.19307075
0.14662707
0.10576977
0.101714425
0.04623749
0.049577113
0.042259835
0.019173317
0.029626425
0.064618565
0.06727581
0.05618742
0.09137508
0.08755353
0.07108295
0.18672228
0.158244
0.07255031
0.08886277
0.06801346
0.09841763
0.16731074
0.1375632
0.07020804
0.06561424
0.09942535
0.21000491
0.13749947
0.04308756
0.027918423
0.09401233
0.102877535
0.075299345
0.07096471
0.18425523
0.10694141
0.022216897
0.13821225
0.17379183
0.13467324
0.020496506
0.080504864
0.06341756
0.11353
0.1325645
0.11139856
0.049686067
0.0795543
0.09882668
0.13191748
0.090127565
0.0498062
0.057948347
0.08609257
0.12154293
0.078654304
0.053711474
0.088471524
0.06885435
0.053868596
0.11268421
0.05944487
0.030050697
0.10468381
0.03426616
0.11849875
0.14261962
0.09304107
0.08837108
0.12265305
0.11327483
0.06039276
0.03888031
0.035565134
0.06046741
0.113669135
0.16302682
0.114225626
0.0329574
0.06148062
0.070064954
0.1111498
0.060740292
0.01721204
0.09077474
0.09369006
0.035226226
0.10709952
0.18652286
0.18880126
0.09895079
0.047554903
0.10797708
0.1257447
0.06304484
0.06823408
0.13076045
0.0654353
0.01568643
0.07599209
0.093962304
0.109328955
0.1112869
0.04871324
0.06553079
0.03925727
0.045565624
0.05832285
0.045569688
0.09663388
0.11650884
0.08933503
0.063886665
0.03244093
0.0771513
0.05721453
0.02545386
0.058414273
0.05442318
0.078101695
0.09588316
0.06686593
0.035772473
0.028876718
0.039793156
0.05433681
0.016786538
0.078345165
0.10501032
0.09418084
0.07604613
0.081969805
0.08672718
0.03654928
0.041892625
0.033545163
0.1293134
0.20579623
0.1688668
0.14794646
0.10913909
0.08181379
0.07428848
0.0827843
0.091716245
0.07059636
0.104626685
0.09487584
0.038840782
0.019823503
0.0072066425
0.0589548
0.044851024
0.15119869
0.11164798
0.020877248
0.04273346
0.041802943
0.04168359
0.06626269
0.02871208
0.044971004
0.08209424
0.056800604
0.023792064
0.022499314
0.038429283
0.092012554
0.048925254
0.044830732
0.07242908
0.14244403
0.070854865
0.07449628
0.08514249
0.054503124
0.029740153
0.06661575
0.042462096
0.028251546
0.05300355
0.099123105
0.14134507
0.09825418
0.08916202
0.11326112
0.13291205
0.0693366
0.035587605
0.0725317
0.08530881
0.036324296
0.022955671
0.03756748
0.08090794
0.09053358
0.12533164
0.12044311
0.09369238
0.094799764
0.056529794
0.09007948
0.051538233
0.04330518
0.067306705
0.052319802
0.014787187
0.013293443
0.031922344
0.06074213
0.09050004
0.07063559
0.054747734
0.09258486
0.1019827
0.101737134
0.095757775
0.07449109
0.0854738
0.054191884
0.1493192
0.14668083
0.036503907
0.023998108
0.0431306
0.058759715
0.021903366
0.034450315
0.043623235
0.052906353
0.079375505
0.04473582
0.16390362
0.1652146
0.13970324
0.10149962
0.032472283
0.04068925
0.060125586
0.075906135
0.046859343
0.0226474
0.071709715
0.11196193
0.08184762
0.11358573
0.17050226
0.13998571
0.103199735
0.051825088
0.05916163
0.018926509
0.0419069
0.050905608
0.09762082
0.057281766
0.006841168
0.070358455
0.051175386
0.0117628295
0.027788
0.06599085
0.057379615
0.04146384
0.0369487
0.0385221
0.07769465
0.063506946
0.019506115
0.023882557
0.028686019
0.017139602
0.064715564
0.076497875
0.06628678
0.09546491
0.07812384
0.043319393
0.099586025
0.07407406
0.07127464
0.120688125
0.11260029
0.08974534
0.07572617
0.06707425
0.008832564
0.059794478
0.081959076
0.12323243
0.09203984
0.038943272
0.017601086
0.08150548
0.095060356
0.056183554
0.070512146
0.061997492
0.06185227
0.0330706
0.041508846
0.08572906
0.15314524
0.1448528
0.09931769
0.055472504
0.031074194
0.10126137
0.07138677
0.074361235
0.046532374
0.10275395
0.12265963
0.055912472
0.08067274
0.05232154
0.049475037
0.007003822
0.082267985
0.067258894
0.028650938
0.016292065
0.10260112
0.12620904
0.077356
0.09445031
0.115693964
0.11577482
0.055742107
0.009374995
0.024331195
0.040135995
0.045471814
0.11574831
0.10879093
0.10552886
0.071596354
0.04325661
0.06625737
0.002521828
0.061283972
0.06805767
0.07809115
0.04317339
0.054246042
0.09331773
0.038196694
0.08717894
0.07142043
0.073440716
0.10443638
0.07802208
0.0784944
0.11609422
0.05745322
0.1654883
0.15001051
0.0686991
0.0073535778
0.0058661923
0.026310325
0.049118552
0.059536062
0.048661217
0.031064194
0.08661672
0.10111313
0.058189023
0.01941619
0.009279803
0.034980685
0.011067724
0.06806714
0.11395947
0.12668817
0.11923724
0.08306745
0.019538367
0.042887695
0.054711
0.062010795
0.072287075
0.061893262
0.0048752287
0.044057216
0.053134732
0.08547627
0.098019876
0.0930807
0.06115721
0.058372077
0.021810362
0.075521566
0.12668787
0.12489275
0.11144702
0.08749042
0.03048543
0.07304371
0.122731686
0.109411836
0.102275416
0.08090192
0.13306049
0.11167608
0.061299954
0.09619285
0.048796237
0.13231483
0.12571429
0.07243909
0.08549583
0.07778234
0.033729352
0.08984491
0.061661407
0.10521846
0.0787701
0.02988488
0.04876032
0.056669094
0.13725817
0.096272916
0.069308735
0.026850518
0.046047043
0.0350788
0.059248377
0.10469794
0.060998943
0.020512948
0.014848182
0.05353475
0.059070606
0.047509804
0.059958585
0.114320084
0.100296825
0.09837195
0.11345965
0.05964497
0.08241178
0.081512704
0.04809586
0.0784107
0.04409508
0.09963355
0.08012554
0.020762086
0.049164847
0.07188241
0.12839802
0.12591244
0.027370144
0.07433256
0.08101833
0.037656825
0.03597803
0.0979096
0.14115569
0.12219699
0.113250874
0.12457016
0.092236325
0.026952133
0.02125193
0.041309156
0.09823119
0.108413875
0.100556456
0.10231071
0.103613935
0.09612861
0.050951846
0.09113812
0.13659835
0.10147694
0.064017676
0.03891882
0.08039207
0.07514294
0.060179222
0.032384224
0.036764845
0.0813026
0.038138792
0.06098736
0.043817796
0.025118064
0.056555714
0.0697103
0.027608419
0.066334516
0.15445013
0.13493991
0.024688318
0.029593797
0.069623545
0.052054867
0.039027676
0.04432958
0.07252032
0.0976881
0.14276318
0.15246464
0.055286482
0.02990035
0.08287547
0.03904759
0.09973922
0.03169261
0.08906033
0.08348314
0.0886732
0.059475034
0.07691788
0.09543652
0.06803537
0.059255637
0.08790116
0.11878784
0.052319758
0.07916284
0.092323
0.08804754
0.086377166
0.083411895
0.11225791
0.100802034
0.1667667
0.069551714
0.068681754
0.074205056
0.058460444
0.06116422
0.014551155
0.068844445
0.13933855
0.10090277
0.055119406
0.11564116
0.077712886
0.00911514
0.06881264
0.14245543
0.15357314
0.10300181
0.103636175
0.0858876
0.071359314
0.08778562
0.04764718
0.039983753
0.06531893
0.114634484
0.07111029
0.10536768
0.1082557
0.066750064
0.027309133
0.06550816
0.039792605
0.06543747
0.057578854
0.046895936
0.06897628
0.06900693
0.08495832
0.06055711
0.034149893
0.08980324
0.1020579
0.039544
0.059788518
0.053379744
0.10508484
0.051428277
0.09227289
0.04392125
0.10288001
0.2067986
0.23095945
0.11193806
0.08869332
0.14869106
0.09546752
0.09216929
0.054156277
0.13540794
0.14856222
0.11214628
0.019121181
0.043352384
0.042533457
0.08553606
0.12658422
0.12722084
0.054623388
0.109797314
0.11691263
0.08189531
0.0486449
0.019741679
0.06926505
0.076860085
0.04511527
0.08062494
0.08568905
0.0620035
0.063564874
0.06185892
0.02906865
0.17458017
0.13969614
0.06629823
0.062000513
0.07385942
0.11019805
0.04852757
0.09794229
0.11862614
0.07688938
0.035843007
0.10247038
0.111288
0.07374171
0.012322285
0.088150404
0.022276202
0.1297173
0.17010704
0.07888851
0.11415556
0.1535931
0.2323667
0.08633696
0.048308566
0.045556486
0.048880883
0.039058194
0.04417429
0.020229412
0.046349075
0.13105778
0.11666163
0.023992836
0.0575327
0.059850764
0.023566417
0.04357843
0.08232423
0.08632272
0.041812357
0.027947709
0.042118922
0.033308484
0.121451885
0.13552359
0.08764566
0.073853165
0.11320503
0.13601899
0.07075444
0.038230736
0.1140438
0.17444137
0.105122246
0.08411977
0.06353835
0.0857686
0.18276906
0.11880146
0.067611255
0.1585799
0.12130615
0.13997899
0.121438615
0.06010336
0.06386542
0.1786606
0.14678454
0.058588926
0.030584477
0.026843991
0.17722772
0.06858454
0.23541118
0.18422292
0.10016513
0.02611239
0.11399617
0.09647735
0.23783694
0.17576635
0.16574857
0.13360642
0.067603335
0.053764943
0.089361094
0.16985677
0.12809575
0.14417316
0.21064155
0.1908662
0.071550824
0.123818204
0.062785886
0.16092123
0.14720696
0.12591705
0.096603364
0.06825853
0.08978782
0.17357582
0.12447144
0.09721008
0.1640462
0.2004769
0.15445673
0.1938387
0.24884208
0.19758968
0.029624764
0.07760001
0.07109696
0.15389943
0.11823527
0.03917605
0.03811188
0.18581264
0.23991735
0.074278705
0.19559278
0.18189022
0.027810406
0.13067669
0.053091105
0.14911965
0.32029113
0.2389638
0.102793485
0.079638965
0.07369252
0.1036185
0.13743295
0.112760864
0.14496401
0.17845382
0.15738209
0.0924461
0.12720536
0.1039971
0.046892654
0.013242047
0.032874014
0.04270504
0.07802566
0.08367284
0.08322172
0.2447926
0.22889802
0.1799247
0.13529149
0.12986
0.23745832
0.16902773
0.025914717
0.24877119
0.28056455
0.062226858
0.025704606
0.14722332
0.1778745
0.13824046
0.16881308
0.12519826
0.053266328
0.07540233
0.15647946
0.1429441
0.07669407
0.0357382
0.032363284
0.14405012
0.27217185
0.2114423
0.20630588
0.16846077
0.2136634
0.33161634
0.26410794
0.2875028
0.27980056
0.032754265
0.10512465
0.12156156
0.05450747
0.19552213
0.32700297
0.29951003
0.13968945
0.123922095
0.08404535
0.16842236
0.077512175
0.054580912
0.028845193
0.08955267
0.104511544
0.06342406
0.09286297
0.16915235
0.1991166
0.124322064
0.07808691
0.090736344
0.0929608
0.09638857
0.031182358
0.08071117
0.12249438
0.10966977
0.04715745
0.061896063
0.032768674
0.08519439
0.08547287
0.10348532
0.05903628
0.04350264
0.05911645
0.07516765
0.12834017
0.14306767
0.09056208
0.068497926
0.08174097
0.10237584
0.0729692
0.075295836
0.036353774
0.10807688
0.11450798
0.12338965
0.19108592
0.17933042
0.22879027
0.11063481
0.07862448
0.13529347
0.09169769
0.08085821
0.05332951
0.09690881
0.056181528
0.15771802
0.103398904
0.015169161
0.07045827
0.060664777
0.042596232
0.10065658
0.10903483
0.03420163
0.072598785
0.06862347
0.06345148
0.12784228
0.0731501
0.013172671
0.042626176
0.054260124
0.03461718
0.11175314
0.09488268
0.09334586
0.04991401
0.051411968
0.05812107
0.16379878
0.16279654
0.11872355
0.105162136
0.12698822
0.10108393
0.020888394
0.05459706
0.054056074
0.039499104
0.047673225
0.037504826
0.04373494
0.07002351
0.10327298
0.067036375
0.08228192
0.027431782
0.06688711
0.12312208
0.100190215
0.023253065
0.037496436
0.03499253
0.045627166
0.08724701
0.1178945
0.06564427
0.061889727
0.066984475
0.023981873
0.061019942
0.06831893
0.022901004
0.06832926
0.071644716
0.07817977
0.115587585
0.06287656
0.06431366
0.09336092
0.06253211
0.06928547
0.08091109
0.014495374
0.07911384
0.11674702
0.14338697
0.11818071
0.09222747
0.056636475
0.081154145
0.14177018
0.06370021
0.041105438
0.03420623
0.026591318
0.060472928
0.062392935
0.07379081
0.030646298
0.03918064
0.04944865
0.079944916
0.04206839
0.09168609
0.09948591
0.09959207
0.07388843
0.06717709
0.08847591
0.050104074
0.08364097
0.09030505
0.03878455
0.031524472
0.0647763
0.048504043
0.056531843
0.0511221
0.004990626
0.08376815
0.08168754
0.055778604
0.04177588
0.078177
0.07174026
0.046637025
0.048520304
0.02867114
0.016010858
0.011223117
0.004243147
0.015987385
0.08276892
0.0774387
0.0506282
0.06589146
0.09100714
0.08218064
0.110042736
0.09675896
0.037668865
0.08347219
0.035022832
0.031051887
0.07583885
0.029412512
0.14114332
0.06665392
0.07121039
0.098450534
0.11520397
0.1117736
0.08516736
0.036628503
0.0242955
0.048557647
0.112344526
0.047186907
0.13938577
0.021261362
0.09785622
0.039899573
0.054776445
0.068517566
0.032031104
0.15144287
0.1490743
0.111358024
0.079474814
0.047900703
0.05987464
0.06601823
0.051490992
0.022048712
0.09602925
0.10405616
0.07565081
0.08492063
0.06846849
0.037545238
0.012190686
0.07642121
0.1148276
0.070013985
0.060164865
0.085462965
0.17082185
0.11158897
0.04767135
0.011062184
0.02775506
0.0516266
0.103492334
0.114664994
0.11463394
0.12519614
0.045144297
0.07645616
0.12503241
0.10184233
0.07172335
0.068376414
0.06147214
0.023708215
0.0602314
0.03763591
0.037361246
0.05727186
0.020788465
0.028969187
0.064566314
0.08882595
0.07871022
0.08621152
0.015066856
0.06239525
0.08213542
0.116205834
0.06789856
0.07856196
0.089499354
0.042877015
0.005543236
0.05860681
0.07290408
0.08851743
0.11585934
0.061997734
0.02655473
0.047953863
0.08852754
0.07705998
0.048138145
0.021493945
0.012733427
0.049316153
0.04149789
0.08416047
0.12045924
0.100001015
0.11180203
0.10781151
0.02505071
0.09599567
0.037797306
0.018785793
0.041345555
0.050528098
0.078604065
0.12989385
0.09753371
0.034887597
0.07067228
0.05373704
0.1047566
0.05523786
0.066662684
0.038548026
0.08741907
0.10095134
0.074033715
0.08022373
0.03986951
0.04425707
0.06911944
0.07191312
0.107919924
0.07634753
0.05323245
0.04858822
0.053455282
0.059178986
0.054885402
0.08828364
0.08794499
0.11740495
0.13039269
0.07262819
0.07100471
0.04977573
0.049806632
0.064711936
0.107926354
0.10586622
0.058040846
0.05395565
0.07074448
0.09981487
0.093753286
0.07066202
0.06708208
0.049503457
0.03989401
0.05467934
0.039292935
0.019868838
0.070393994
0.07154461
0.04550185
0.06429531
0.03827793
0.039932664
0.058248613
0.08380745
0.05024859
0.02068223
0.06173959
0.10506266
0.15306604
0.11904282
0.014883586
0.053824525
0.04329795
0.056565147
0.09722202
0.059491258
0.05389909
0.08686789
0.104169436
0.093706496
0.09069389
0.12504701
0.10007341
0.03606691
0.022064703
0.052057173
0.012649085
0.020243539
0.019612059
0.06928288
0.07908831
0.009849287
0.044397675
0.022257447
0.01625896
0.030241927
0.019151313
0.023338849
0.032091483
0.114377335
0.15442047
0.10907247
0.07508282
0.052583512
0.07027065
0.061049543
0.06973376
0.07833469
0.08207942
0.04933405
0.022424841
0.00960305
0.020278357
0.030399926
0.036957342
0.03211579
0.067517534
0.037358213
0.045588452
0.006032752
0.037538484
0.04729585
0.0568518
0.0684792
0.06948425
0.11476558
0.107021935
0.056201145
0.082414605
0.045750327
0.07265694
0.09467997
0.06290062
0.04046708
0.038052626
0.019174006
0.026953056
0.03846134
0.041878007
0.03379533
0.027239697
0.022252893
0.03766362
0.042348016
0.070599034
0.08492134
0.06275681
0.041185327
0.018381702
0.01501531
0.039054014
0.040606584
0.05404242
0.054173827
0.037729815
0.054918837
0.078796715
0.06420591
0.085149705
0.088729076
0.049930856
0.049283355
0.061307024
0.049756147
0.03128815
0.024017056
0.05201952
0.046293695
0.04913995
0.0022173896
0.05540842
0.03321375
0.01811122
0.06125645
0.061556574
0.013545417
0.025688075
0.0071241767
0.055750426
0.038311772
0.01756762
0.047103215
0.07439133
0.057026062
0.009903263
0.048387505
0.033483963
0.0461637
0.07317795
0.02855119
0.03981282
0.07388559
0.09245566
0.051293544
0.03254744
0.028849358
0.025916824
0.044232782
0.01321369
0.015057035
0.037112758
0.03060031
0.034573074
0.043605648
0.047191914
0.044471707
0.01705447
0.03577738
0.009259832
0.036070175
0.024695942
0.01708054
0.028622417
0.009699304
0.01280114
0.008862115
0.036764827
0.03806458
0.058281604
0.0556665
0.04081705
0.049689475
0.017128162
0.06075818
0.044626396
0.046712406
0.009866351
0.032104485
0.034325473
0.037764598
0.04676786
0.07156365
0.08246537
0.06419906
0.05506245
0.05352431
0.08974759
0.08843394
0.069156565
0.00644876
0.059595432
0.024775002
0.016764315
0.018055921
0.025634259
0.033678006
0.022851774
0.016723588
0.02367436
0.017786292
0.020065768
0.058189936
0.028790064
0.025588129
0.0075414595
0.021493064
0.028677706
0.016557448
0.024618058
0.058592785
0.06845066
0.039958052
0.08973805
0.11358403
0.1087948
-0.009155541
-0.009155519
-0.012207316
-0.0122072585
-0.015258983
-0.0122071
-0.00915525
-0.012206885
-0.0152584445
-0.012206611
-0.01830968
-0.018309422
-0.012206094
-0.012205893
-0.009154258
-0.01525681
-0.018307805
-0.015256181
-0.01525584
-0.012204384
-0.0091530625
-0.012203767
-0.015254295
-0.012203092
-0.015253415
-0.018303538
-0.009151478
-0.012201569
-0.01525144
-0.012200722
-0.015250345
-0.009149862
-0.009149507
-0.009149141
-0.012198351
-0.015247293
-0.015246629
-0.015245946
-0.012196197
-0.009146717
-0.009146275
-0.01219443
-0.0152422665
-0.015241477
-0.0060962676
-0.0060959375
-0.0030478002
-0.0060952557
-0.009142356
-0.009141818
-0.009141268
-0.0091407085
-0.009140138
-0.009139556
-0.012185286
-0.009138362
-0.012183664
-0.012182832
-0.009136489
-0.009135843
-0.012180249
-0.0152242
-0.0121784555
-0.015221922
-0.012176605
-0.012175659
-0.012174698
-0.012173722
-0.0121727325
-0.012171729
-0.015213388
-0.012169678
-0.012168631
-0.012167569
-0.0121664945
-0.012165405
-0.012164301
-0.009122387
-0.01216205
-0.01520113
-0.015199678
-0.009118926
-0.009118034
-0.009117131
-0.012154956
-0.012153724
-0.012152478
-0.015189021
-0.012149942
-0.00911149
-0.0060736747
-0.009109524
-0.0121447
-0.012143354
-0.009106495
-0.009105464
-0.006069615
-0.009103371
-0.009102308
-0.009101234
-0.012133533
-0.006066037
-0.0060652997
-0.009096834
-0.009095707
-0.00909457
-0.012124563
-0.012123018
-0.009091094
-0.0060599428
-0.009088724
-0.0090875225
-0.0060575404
-0.0060567255
-0.0060559036
-0.0030275374
-0.0060542384
-0.006053395
-0.0030262724
-0.0060516875
-0.0030254116
0.0
-0.0030245367
-0.006048188
-0.0030236477
-0.0060463957
-0.0030227446
0.0
-0.0030218272
0.0030213632
-0.0030208959
-0.0030204249
0.0
-0.0060389447
-0.0030189909
0.0030185059
0.0
0.0
0.0
0.0
0.0
0.0
0.0
-0.003014499
-0.0060279653
-0.006026925
-0.003012939
0.0
0.0030118811
0.006022694
0.0030108094
0.0030102683
0.0030097237
-0.0030091756
-0.006017248
-0.003008069
0.0030075102
0.0030069482
-0.0030063826
-0.0030058138
0.0060104826
0.015023326
0.015020428
0.015017514
0.015014581
0.006004653
0.0
0.0060022725
0.0060010715
0.008999796
0.014996624
0.008996142
0.008994299
0.01498741
0.008990583
0.008988709
0.014978042
0.011979907
0.008983025
0.00898111
0.005986123
0.005984832
0.008975302
0.00598223
0.0059809186
0.0059796004
0.0029891375
0.008965415
0.008963406
0.008961387
0.008959359
0.008957319
0.0059701796
0.008953209
0.008951139
0.008949058
0.008946967
0.005963244
0.008942754
0.011920843
0.008938501
0.0059575723
0.008934205
0.0
0.0029766234
0.008927686
0.0029751642
0.0029744296
0.0029736916
0.008918851
0.0029722054
0.0029714573
0.0029707055
0.0029699504
0.0
0.0
0.0
0.0
0.0029661243
0.002965349
0.008893711
0.0
0.0
0.0
0.0
0.0029606256
0.0029598265
0.002959024
0.002958218
0.0029574088
0.0
0.0029557804
-0.002954961
-0.0029541384
0.0029533124
-0.002952483
-0.0029516502
0.002950814
0.0029499745
0.0029491317
0.0
-0.002947436
0.002946583
0.002945727
0.0029448674
0.0029440045
0.0029431384
0.0029422687
0.0029413959
0.0029405195
0.00293964
0.0058775144
0.0029378708
0.0029369814
0.0029360885
0.0029351923
0.0029342927
0.00293339
0.0029324838
0.0029315744
0.0029306617
0.0029297455
-0.0029288263
0.0029279036
0.0029269776
0.0029260484
0.0029251156
0.00292418
0.0029232407
-0.0029222982
-0.0029213524
-0.0029204036
0.005838902
0.0029184956
-0.0029175368
0.0058331494
-0.0029156092
0.0029146406
0.0029136685
-0.0029126934
0.0058234297
0.0058214664
0.0029097481
0.00290876
-0.0029077684
-0.0029067737
0.005811551
0.005809549
0.0058075394
0.005805524
-0.002901751
0.0
0.005799439
-0.0028986987
0.0086930245
0.005793295
0.0
0.005789167
0.0
0.005785013
0.00867439
0.0
0.0
0.0057766284
0.0
0.0028861987
0.0
0.0
0.008649005
0.0
0.002880854
0.008639326
0.0028786939
0.005755218
0.0028765209
0.0028754298
0.0028743353
0.008619713
0.002872137
0.002871033
0.002869926
0.0028688156
0.008603106
0.0
0.0
0.0028643429
0.002863217
0.0028620877
0.0028609554
0.0
0.0
0.0028575396
0.0028563947
0.0028552467
0.005708191
0.0028529412
0.0
0.0057012467
0.0028494596
0.0056965854
0.005694246
0.00284595
0.0
0.0028435946
0.0028424123
0.002841227
0.005680077
0.0028388468
0.005675304
0.008509363
0.005670507
0.0028340495
0.0028328425
0.0
0.0028304192
0.0056584063
0.0
0.0028267615
0.002825536
-0.0028243074
0.005646152
-0.0028218413
-0.0028206035
0.002819363
-0.0028181192
0.0
0.0
-0.0028143697
0.0
0.0
-0.002810593
0.0
-0.0028080598
0.0
-0.0028055147
-0.0056084758
-0.0028029578
-0.0028016747
-0.0028003885
0.0027990995
0.0
0.0
0.0
-0.0027939132
0.0
0.0
0.0
0.0
-0.0027873632
-0.0027860445
0.005569445
0.0
0.0
0.0055614784
0.0
0.0
0.0027767292
0.0027753867
0.0027740411
0.0027726928
0.0027713412
0.002769987
0.00276863
0.0027672697
0.005531813
0.005529081
0.0055263434
0.0027617998
0.0
0.005518095
0.0055153337
0.005512567
0.005509794
0.0055070156
0.0055042314
0.0055014417
0.002749323
0.0054958444
0.008239555
0.002745112
0.0
0.0027422903
0.0
0.0054789144
0.008214109
0.0027366127
0.0027351861
0.0027337568
0.0027323244
0.005461779
0.0
0.0027280108
0.0027265672
0.0027251206
0.005447343
0.0
0.0027207646
0.0054386137
0.0054356926
0.0054327664
0.005429834
0.0027134481
0.0027119764
0.002710502
0.0027090246
0.0054150894
0.0
0.0027045761
0.0
-0.0027015966
0.0
0.002698606
0.0026971065
0.0053912085
0.0026940994
0.0
0.0026910813
0.0
0.0026880521
0.0026865334
-0.002685012
0.0026834877
0.0
0.0026804314
0.002678899
0.002677364
0.0026758262
0.0026742858
0.0026727428
0.0
0.0026696483
0.0026680971
0.0026665432
0.0
0.0
-0.0026618652
0.0
0.0
0.0
0.0026555907
-0.0026540156
-0.0026524374
0.0
-0.0052985474
-0.0026476877
0.0
-0.007933524
0.0
0.0
-0.0026397186
0.0
-0.0026365127
-0.0026349057
-0.0026332962
-0.002631684
-0.0026300694
0.0
-0.002626832
-0.0026252095
-0.0026235844
-0.0052439133
0.0
-0.005237387
-0.005234116
0.0
0.0
-0.0026121365
-0.0026104907
0.0
-0.0026071917
0.0
0.0
0.0
0.0
-0.0025988996
-0.0025972337
-0.002595565
-0.005187788
-0.0025922204
0.0025905445
-0.0025888658
0.0025871848
0.0025855012
-0.0025838153
0.0025821265
0.0
0.0
0.002577046
-0.0025753477
-0.0025736466
-0.0025719432
-0.0025702373
0.0
-0.0025668181
0.0
0.0025633893
-0.0025616712
-0.0025599506
0.0025582276
-0.0025565021
0.0
0.0
0.0
-0.002549576
0.0
0.0
-0.0025443563
0.0
0.0
0.0
-0.002537363
0.0025356088
-0.0050677042
0.0
0.0025303317
0.0
0.0025268018
0.0025250332
0.0025232625
0.0025214893
0.0025197137
0.0
0.0
0.0
0.0
0.0
0.0025090117
0.0025072198
-0.0025054256
-0.0050072586
-0.0025018305
0.0
0.0
-0.0024964204
-0.0024946127
-0.004985605
-0.00498198
0.0
0.0
-0.002485539
0.0
-0.0024818936
-0.0049601356
-0.0024782394
0.0
0.0
0.0
0.0
0.0
0.0
0.0
0.0
0.0049233693
0.004919668
0.0024579815
0.004912253
0.0024542694
0.0049048206
0.0024505488
-0.0024486852
-0.0024468193
0.0024449513
0.0048861625
0.007323627
0.004878669
0.002437458
-0.0048711584
-0.0024336984
-0.0024318153
0.0024299303
0.004856086
0.004852307
-0.002424262
0.004844737
0.0024204727
0.0024185749
0.0048333495
0.0024147728
0.0048257373
0.007232887
0.0048181084
0.004814287
0.0048104622
0.0048066336
0.0072042
0.0047989627
0.0047951215
0.007186914
0.0047874264
0.0047835726
0.007169572
0.0071637793
0.004771987
0.0071521755
0.0071463645
0.0071405475
0.009512966
0.011881492
0.011871766
0.011862031
0.0071113715
0.011842531
0.0047331066
0.0047291964
0.011813207
0.009442729
0.009434885
0.009427034
0.009419175
0.009411308
0.009403434
0.009395551
0.00938766
0.009379762
0.009371856
0.011704928
0.011695027
0.009348093
0.009340157
0.011665265
0.009324261
0.009316301
0.011635418
0.00930036
0.009292378
0.011605486
0.01159549
0.009268387
0.01157547
0.009252356
0.00924433
0.011545369
0.009228255
0.009220205
0.009212149
0.009204086
0.0045980075
0.009187938
0.006884889
0.00229294
0.0068727448
0.009155553
0.009147439
0.006854488
0.0068483916
0.0022807634
0.0045574554
0.0045533804
0.0068239532
0.0068178303
0.0022705672
0.0022685227
0.0022664766
0.0022644287
0.0067871367
0.004520655
0.0022582742
0.0022562195
0.0022541627
0.0022521045
0.0045000887
0.0044959653
0.0044918386
0.004487708
0.0022417873
0.0022397188
0.0022376485
0.0022355767
0.0022335032
0.002231428
0.0
0.0
0.0022251923
0.0
0.002221027
0.0066568255
0.00443371
0.0022147668
0.002212677
0.0022105852
0.002208492
0.0044127945
0.0022043008
0.0022022028
-0.0022001031
0.0
-0.0021958991
0.0021937948
0.0021916889
0.0021895813
0.0021874723
0.0
-0.0021832495
0.0021811358
0.0021790206
0.0021769037
0.006524356
0.0021726657
0.0021705441
-0.0021684214
-0.0043325936
0.0
0.0021620435
0.0021599147
0.0021577843
0.0
0.0
0.0
0.0021492478
-0.00214711
-0.0021449707
0.00214283
-0.0021406878
-0.004277088
-0.004272798
0.0
-0.0042642094
-0.004259911
-0.004255609
-0.0042513045
-0.0042469976
-0.0021213437
-0.0021191873
-0.0042340592
-0.0042297407
-0.0042254194
-0.0042210957
-0.004216769
-0.0042124395
-0.0063121608
-0.004203772
-0.006299152
-0.0062926416
-0.0020953757
-0.004186406
-0.006273086
-0.0062665595
-0.004173353
-0.0041689966
-0.0041646375
-0.006240414
-0.002077956
-0.0062273177
-0.0041471757
-0.0020714018
-0.006207644
-0.006201078
-0.006194509
-0.006187936
-0.004120906
-0.006174778
-0.008224258
-0.006161605
-0.008206684
-0.0061484175
-0.006141818
-0.006135215
-0.008171477
-0.0061219977
-0.008153845
-0.008145021
-0.0040680966
-0.00203184
-0.0060888915
-0.0060822596
-0.004050416
-0.006068985
-0.0060623423
-0.0040371306
-0.0060490468
-0.0020141313
-0.0020119124
-0.0020096924
-0.0020074714
-0.0060157473
-0.006009077
-0.0020008013
-0.0019985756
-0.005989047
-0.005982363
-0.0059756762
-0.0039793244
-0.007949724
-0.0059555965
-0.003965931
-0.003961462
-0.0039569912
-0.0059287776
-0.003948043
-0.0039435662
-0.0039390866
-0.0039346055
-0.007860243
-0.007851273
-0.009802871
-0.009791647
-0.007824334
-0.0058615105
-0.005854767
-0.0058480203
-0.0038941803
-0.005834518
-0.0077703497
-0.005821004
-0.0058142426
-0.001935826
-0.0038671405
-0.0038626273
-0.0038581118
-0.009633987
-0.0038490756
-0.005766832
-0.0057600476
-0.0038355072
-0.0057464708
-0.0076529044
-0.003821922
-0.00763478
-0.0057192845
-0.0038083205
-0.0076075667
-0.007598488
-0.0075894063
-0.009475402
-0.007571232
-0.00756214
-0.0075530442
-0.007543945
-0.007534843
-0.007525737
-0.0075166277
-0.007507515
-0.0037491997
-0.0074892803
-0.007480158
-0.0056032743
-0.007461903
-0.0074527715
-0.007443636
-0.0074344976
-0.007425356
-0.0074162115
-0.007407064
-0.007397913
-0.0073887594
-0.009224503
-0.005527832
-0.00736128
-0.007352114
-0.0036714727
-0.0073337737
-0.007324599
-0.0073154215
-0.0073062414
-0.0054727937
-0.0054659043
-0.005459013
-0.0054521193
-0.0054452233
-0.007251101
-0.0072419015
-0.007232699
-0.0072234944
-0.005410715
-0.0072050765
-0.0053968974
-0.005389986
-0.003588715
-0.0035841048
-0.0071589868
-0.005362321
-0.0053554
-0.0053484775
-0.0017805176
-0.0053346264
-0.0053276983
-0.0070943576
-0.0053138365
-0.0017689677
-0.0017666561
-0.0017643437
-0.0035240618
-0.008798587
-0.0070296144
-0.007020356
-0.0070110965
-0.007001834
-0.0052444274
-0.006983303
-0.005230526
-0.001741191
-0.0034777457
-0.0034731084
-0.0017342351
-0.0034638308
-0.005188786
-0.0034545495
-0.0017249536
-0.0017226321
0.0017203101
-0.0034359752
-0.0051469943
-0.0017133413
-0.005133053
0.0
0.0034127373
0.0
0.0
0.0
-0.0016970658
-0.001694739
0.0016924118
-0.0016900843
-0.0050632693
-0.0033708562
-0.0033661989
0.0
0.001678441
0.0
0.0
0.0
0.0
-0.0016667887
-0.0016644573
0.0016621253
0.0
0.0
0.0016551281
0.001652795
0.0016504617
0.001648128
0.0016457941
0.0
0.0
0.0016387906
0.0016364555
0.0016341202
0.0016317847
0.001629449
0.0
0.0016247766
0.0032448804
0.0016201034
0.003235533
0.0016154293
0.0016130919
0.0016107543
0.0032168329
0.0016060785
0.0016037404
0.001601402
0.0
0.0031934495
0.0015943858
0.0031840936
0.0031794154
0.0031747366
0.0015850288
0.0015826892
0.0047410484
0.0047340286
0.006302678
0.0047199884
0.0031419783
0.0031372977
0.0015663084
0.0046919035
0.0078081363
0.0046778596
0.004670837
0.0031092097
0.001552264
0.003099846
0.0061903275
0.0046357224
0.004628699
0.0030811168
0.0
0.003071752
0.0030670695
0.0030623868
0.0030577043
0.0030530216
0.003048339
0.0015218282
0.0015194869
0.003034291
0.004544413
0.0060498524
0.0045303656
0.004523342
0.0030108793
0.003006197
0.0045022727
0.0044952496
0.0059843026
0.0044812043
0.0029827883
0.00446716
0.0059468513
0.004453117
0.004446096
0.0059187664
0.0059094056
0.0059000454
0.0058906856
0.0058813263
0.005871968
0.0058626095
0.0073165647
0.0073048687
0.007293173
0.004368887
0.0043618707
0.005806473
0.0043478394
0.005787766
0.007223017
0.0043267966
0.0057597114
0.007187952
0.0071762656
0.008597496
0.007152896
0.0071412125
0.007129531
0.00569428
0.0056849364
0.007094492
0.0056662518
0.0070711393
0.0056475718
0.0028191167
0.0042216717
0.0042146696
0.0028051122
0.0070011127
0.0041936683
0.002791113
0.0055728955
0.0027817832
0.0041656788
0.002772456
0.0027677934
0.004144697
0.0027584701
0.0027538096
0.0041237245
0.0041167354
0.0041097477
0.0041027614
0.0027305172
0.0040887916
0.0040818085
0.0027165508
0.002711897
0.002707244
0.0027025917
0.0040469104
0.0040399344
0.0026886398
0.0026839909
0.0026793429
0.0026746958
0.004005074
0.002665404
0.0026607595
0.0026561162
0.0039772103
0.0026468318
0.0039632865
0.0039563267
0.0026329125
0.003942412
0.001311819
0.002619002
0.0026143673
0.0013048667
0.0
0.0013002346
0.0025958386
-0.0012956045
0.0012932903
0.0012909767
0.0012886636
0.001286351
0.001284039
0.0025634551
0.0
0.002554213
0.0012747968
0.0012724877
0.0012701792
0.0
0.002531128
0.0012632573
0.0012609513
0.0012586459
-0.0012563411
-0.0012540369
0.0012517334
0.0012494305
0.0012471282
0.0012448267
0.0024850515
-0.0012402255
0.001237926
0.0
-0.0012333288
0.0012310314
0.0012287345
0.002452877
0.001224143
-0.0012218483
0.0
-0.001217261
-0.0012149684
0.0012126766
-0.0024207712
-0.0012080952
-0.0012058056
-0.0024070337
0.0
-0.0011989414
-0.0011966549
0.0
-0.0023841683
-0.0023796
-0.002375033
-0.0023704679
-0.0011829521
-0.0023613423
-0.0023567819
-0.002352223
-0.002347666
-0.0011715553
-0.0023385568
-0.0023340047
-0.0023294543
-0.0023249057
-0.0011601793
-0.0023158134
-0.0023112698
-0.0046134563
-0.001151094
-0.0022976499
-0.0011465566
0.0
-0.0022840456
-0.0022795144
-0.0022749852
-0.0022704578
0.0
0.0
-0.0022568866
-0.0022523664
-0.0022478483
-0.002243332
-0.0022388177
-0.0022343053
-0.0022297949
-0.002225286
-0.0022207797
-0.0022162749
0.0
-0.0022072715
-0.0022027728
-0.0021982759
-0.0021937813
0.0
-0.0021847978
0.0
0.0
0.0
0.0
0.0
0.0
0.0
0.0
0.0
0.0
0.0
0.0
0.0010633043
0.0
0.0
-0.0021132317
-0.0021087772
0.0
0.0
0.0
0.0
0.0
0.0
0.0
-0.0010366108
0.0
0.0
0.001029963
0.0
0.0
0.0
-0.0010211156
0.0010189067
0.0
0.0
-0.0010122872
0.0
0.0010078803
0.0010056787
0.0
-0.002002558
0.0
-9.968844E-4
-9.94689E-4
9.924946E-4
0.0
0.0
9.859196E-4
9.837304E-4
9.815425E-4
9.793559E-4
0.0
0.0
0.0
9.706224E-4
0.0019368846
9.6626347E-4
0.0
0.0
9.59735E-4
0.0
0.0
9.532185E-4
0.0
0.0018977617
9.4671414E-4
0.0
9.423847E-4
0.001880444
9.3806075E-4
9.3590084E-4
9.337423E-4
-9.315852E-4
-9.294295E-4
9.272752E-4
0.002775367
9.229708E-4
0.0018416415
9.1867207E-4
9.165249E-4
0.0018287582
0.0018244695
9.1009185E-4
9.0795045E-4
0.0018116209
9.036719E-4
9.0153486E-4
8.993992E-4
8.9726516E-4
8.951325E-4
8.930013E-4
8.908717E-4
8.887435E-4
0.0017732336
8.8449166E-4
8.82368E-4
8.802459E-4
8.7812525E-4
0.0
8.738886E-4
8.717726E-4
0.0
8.6754514E-4
0.0
8.633239E-4
8.6121564E-4
0.0
0.0
0.0
8.527982E-4
8.506978E-4
0.001697198
8.465018E-4
8.4440614E-4
8.423121E-4
0.0016804395
0.0016762579
8.360398E-4
8.339522E-4
8.318663E-4
8.29782E-4
8.276994E-4
0.0016512367
8.23539E-4
0.0016429226
8.193853E-4
8.173109E-4
0.0016304763
0.0016263343
8.110978E-4
8.090301E-4
0.0
8.048998E-4
0.0024085117
0.0016015526
7.9871714E-4
0.0015933193
7.946039E-4
0.0023776495
0.001580995
7.88447E-4
0.0015727963
7.84351E-4
0.0015646113
0.0015605241
0.0023346606
7.7618007E-4
7.7414175E-4
0.0015442105
0.0015401408
0.0023041123
0.0015320124
7.639768E-4
7.6194917E-4
7.599233E-4
0.0
7.5587706E-4
0.0015077132
7.5183803E-4
0.0014996425
0.0014956127
7.457932E-4
7.437819E-4
0.0014835449
0.0022192947
7.3775917E-4
7.357553E-4
0.0014675065
7.317531E-4
7.297548E-4
0.0014555168
0.0014515277
0.0
7.2178047E-4
7.1979157E-4
7.178046E-4
0.0014316391
7.138364E-4
7.1185513E-4
7.098758E-4
0.0
7.059229E-4
0.0
-0.0014039555
7.0000807E-4
0.0
0.0
0.0
-6.921488E-4
0.0
0.0
0.0
0.0
0.0
-6.804189E-4
-6.784709E-4
0.0
0.0
-6.7263877E-4
-6.7069876E-4
-6.6876074E-4
0.0
6.6489074E-4
0.0
0.0
-6.59101E-4
-6.5717514E-4
-6.552514E-4
-6.533296E-4
-6.514099E-4
0.0
-6.4757676E-4
0.0
0.0
-6.4184243E-4
0.0
-0.00127606
-6.361269E-4
0.0
-0.001264654
-0.0012608604
0.0
0.0
0.0
0.0
0.0
0.0
6.172119E-4
0.0
0.0
-6.1157893E-4
-0.0012194111
-0.0018235031
-0.0012119306
6.0409843E-4
-0.0012044675
0.0
5.9851084E-4
-0.0011933054
5.947967E-4
5.929429E-4
0.0
5.892419E-4
5.873947E-4
0.0
0.0
5.818664E-4
5.800281E-4
5.78192E-4
5.763581E-4
0.0
5.726971E-4
0.0011417399
5.690451E-4
5.672224E-4
5.6540204E-4
5.635839E-4
5.617681E-4
5.5995444E-4
-0.0011162863
-5.563341E-4
5.5452733E-4
0.0
0.0011018413
5.491208E-4
-5.473232E-4
0.0
-5.43735E-4
-5.419443E-4
0.0
-5.3836993E-4
0.0
0.0
0.0
0.0
0.0
-5.277028E-4
5.259331E-4
5.241658E-4
-5.224009E-4
0.0
0.0010377562
5.1712024E-4
0.0
-0.0020544466
-0.0030711656
-0.0010202252
-5.0836673E-4
0.002533116
0.0030292922
5.031433E-4
0.0
-9.993461E-4
-9.958831E-4
4.962125E-4
4.9448584E-4
0.0019710464
0.0
-0.0014679615
0.0
4.858891E-4
9.683542E-4
0.0014474025
-4.8076038E-4
-9.581115E-4
9.547071E-4
4.7565385E-4
0.0014218697
0.0018890473
-4.7056953E-4
-4.6887973E-4
9.343848E-4
-4.655076E-4
4.6382527E-4
-4.6214546E-4
-9.2093623E-4
0.0
9.14242E-4
4.5545123E-4
9.075679E-4
9.0423843E-4
0.0
0.0
0.0
4.4548558E-4
4.4383353E-4
4.42184E-4
8.810741E-4
4.3889263E-4
0.0
4.356115E-4
0.0
4.3234063E-4
4.3070907E-4
4.2908007E-4
-8.549073E-4
0.0
-4.242086E-4
-0.0012677698
4.2097393E-4
0.0
-4.1774963E-4
4.161414E-4
-8.2907156E-4
-4.129328E-4
4.113324E-4
0.0
4.0813952E-4
4.0654704E-4
-4.0495716E-4
-4.0336995E-4
0.0
0.0
3.9862416E-4
0.0
0.0
0.0
0.0
0.0
0.0
3.876437E-4
3.8608574E-4
3.845305E-4
0.0
0.0
0.0
0.0
0.0
3.7525545E-4
0.0
0.0
3.7065445E-4
-3.6912624E-4
0.0
3.6607796E-4
0.0
3.630406E-4
3.61526E-4
0.0
3.585051E-4
0.0
0.0
0.0
-3.5249625E-4
0.0
0.0
0.0
3.465316E-4
0.0
0.0
0.0
-6.8122277E-4
0.0
3.37668E-4
0.0
0.0
3.3327393E-4
0.0
0.0
0.0
0.0
3.2600667E-4
3.2456167E-4
0.0
3.2168019E-4
3.2024368E-4
0.0
3.1737922E-4
9.478537E-4
6.290522E-4
6.262077E-4
6.233689E-4
3.1026787E-4
3.0885419E-4
9.223301E-4
0.0
9.1389095E-4
6.064562E-4
3.0182875E-4
3.004323E-4
2.9903874E-4
2.9764805E-4
2.9626026E-4
2.9487538E-4
2.934934E-4
2.921143E-4
2.907381E-4
2.8936483E-4
2.8799445E-4
2.86627E-4
2.8526245E-4
-2.8390085E-4
2.8254214E-4
5.623728E-4
2.7983356E-4
2.7848364E-4
2.7713669E-4
2.7579267E-4
2.7445157E-4
5.4622686E-4
5.435565E-4
5.4089207E-4
5.382335E-4
5.3558085E-4
0.0010658683
5.302934E-4
5.276585E-4
7.875444E-4
5.2240666E-4
5.1978964E-4
5.171786E-4
5.1457353E-4
2.5598722E-4
5.0938135E-4
2.533971E-4
-2.5210652E-4
2.5081896E-4
0.0
0.0
0.0
2.4569873E-4
2.444262E-4
0.0
0.0
0.0
0.0
2.3810883E-4
-2.3685445E-4
0.0
0.0
0.0
-2.3186728E-4
-2.306281E-4
0.0
-4.5631776E-4
-4.538577E-4
-2.257019E-4
0.0
0.0
0.0
0.0
0.0
-4.3680894E-4
-2.1719899E-4
-2.159966E-4
-4.2959454E-4
2.1360104E-4
-4.248158E-4
-4.2243573E-4
-4.200618E-4
-4.1769413E-4
-4.1533262E-4
0.0
0.0
-6.1242806E-4
-6.089231E-4
-4.036183E-4
-4.0129412E-4
-1.9948809E-4
-3.966645E-4
-3.9435906E-4
-5.880898E-4
-5.8465044E-4
-3.8748028E-4
-3.851999E-4
0.0
-5.7098694E-4
-5.6759466E-4
-5.642118E-4
-1.8694613E-4
-1.858248E-4
-1.8470665E-4
-1.8359163E-4
-1.8247978E-4
-5.4411334E-4
-5.407968E-4
0.0
-1.7806406E-4
-1.7696805E-4
-1.7587522E-4
-5.243567E-4
-5.210973E-4
-5.178474E-4
-5.146071E-4
-1.7045879E-4
-1.6938508E-4
-3.3662908E-4
-3.3449443E-4
-6.647323E-4
-3.302443E-4
-4.9219327E-4
-4.890297E-4
-3.2391716E-4
-3.2182096E-4
-3.197312E-4
-4.7647176E-4
-7.889273E-4
-7.8375114E-4
-3.1143645E-4
-6.1875774E-4
-3.0732775E-4
-3.0528312E-4
-7.581123E-4
-6.024264E-4
-2.9918796E-4
-2.971692E-4
-2.9515693E-4
-2.9315116E-4
-4.367278E-4
-2.8915907E-4
-2.871728E-4
-4.2778952E-4
-2.8321976E-4
-4.2187952E-4
-4.189392E-4
-2.773391E-4
-2.7539194E-4
-4.1017696E-4
-4.0727583E-4
-2.6958968E-4
-2.6766869E-4
1.3287713E-4
-2.6384636E-4
-5.2389014E-4
-2.6005032E-4
-6.454054E-4
-3.8442083E-4
-1.2720277E-4
-2.525371E-4
-2.5067528E-4
-2.4882003E-4
-6.174285E-4
-3.6769404E-4
-1.2164696E-4
-2.414651E-4
-1.19821445E-4
-3.5674096E-4
-7.0805504E-4
-4.6843206E-4
-3.486305E-4
-3.459469E-4
-2.2884886E-4
-6.812193E-4
-6.759119E-4
-5.5885373E-4
-5.5446423E-4
-3.300548E-4
-3.274411E-4
-4.3311654E-4
-4.2965828E-4
-5.327667E-4
-5.284773E-4
-2.0968184E-4
-3.1196917E-4
-3.094256E-4
-3.0689212E-4
-3.0436867E-4
-4.0247373E-4
-3.9913598E-4
-2.9685875E-4
-1.9625039E-4
-9.7300835E-5
-1.9295968E-4
-2.8698661E-4
-3.7939177E-4
-2.8211114E-4
-2.7968857E-4
-1.8485075E-4
-2.748738E-4
-2.7248161E-4
-2.7009955E-4
-3.5697015E-4
-2.6536584E-4
-1.7534282E-4
-2.6067276E-4
-2.5834146E-4
-1.7068023E-4
-2.5370938E-4
-2.514086E-4
-2.4911802E-4
-2.4683762E-4
-1.6304494E-4
-1.6153828E-4
-1.6003841E-4
-1.5854536E-4
-1.5705911E-4
-1.5557968E-4
-1.5410707E-4
-7.632064E-5
-7.559116E-5
-7.486509E-5
-7.414244E-5
-1.4684642E-4
0.0
-7.1995004E-5
0.0
-7.0580485E-5
-1.3975674E-4
0.0
-1.3696884E-4
-2.0337776E-4
-6.710419E-5
-1.9925769E-4
-1.972131E-4
-6.505961E-5
-2.5753985E-4
-1.9114125E-4
-6.304598E-5
-2.4952667E-4
-1.8516237E-4
-1.8319007E-4
-1.8122813E-4
-1.7927654E-4
-1.773353E-4
-1.1693628E-4
-5.782797E-5
-1.7157376E-4
-1.1311599E-4
-1.11856396E-4
-1.6590559E-4
-1.0935797E-4
-5.4059572E-5
-1.0688725E-4
-5.2831147E-5
-5.2222134E-5
-1.03233186E-4
-5.1014522E-5
-5.041592E-5
-9.964159E-5
-4.9229147E-5
-9.728195E-5
-9.6112555E-5
-4.747506E-5
0.0
0.0
0.0
-4.5185014E-5
-4.4621214E-5
-8.81218E-5
-1.3051223E-4
-1.2885223E-4
-8.48018E-5
0.0
-4.1311694E-5
-1.22317E-4
-1.207094E-4
-1.191123E-4
0.0
0.0
-1.14384E-4
-3.7609636E-5
-7.418955E-5
-1.0975026E-4
-7.2151146E-5
-1.0671369E-4
-7.01408E-5
3.4573077E-5
0.0
-3.3588964E-5
0.0
-6.5237815E-5
0.0
3.1662912E-5
3.119019E-5
3.072099E-5
0.0
0.0
2.9334506E-5
0.0
2.84278E-5
5.5959466E-5
0.0
0.0
2.66567E-5
2.6222746E-5
2.5792324E-5
2.5365433E-5
2.4942075E-5
2.452225E-5
4.821192E-5
2.3693206E-5
2.3283988E-5
2.2878308E-5
2.2476166E-5
4.415513E-5
0.0
2.1290984E-5
2.0903006E-5
2.051857E-5
4.027536E-5
3.952067E-5
0.0
1.9016281E-5
1.8649576E-5
3.6572837E-5
3.5853624E-5
3.5141507E-5
3.4436496E-5
5.060788E-5
3.3047785E-5
3.236409E-5
3.16875E-5
1.5509011E-5
3.0355655E-5
2.9700404E-5
2.9052266E-5
4.2616866E-5
2.7777342E-5
0.0
1.3265448E-5
0.0
1.2656468E-5
2.4714645E-5
1.2061741E-5
1.1769722E-5
1.1481268E-5
1.119638E-5
1.0915057E-5
2.1274604E-5
1.0363114E-5
1.0092493E-5
1.9650883E-5
9.561959E-6
1.8604092E-5
9.045704E-6
8.792934E-6
1.7087468E-5
1.6596216E-5
8.056054E-6
1.5635145E-5
1.5165333E-5
7.3513343E-6
0.0
0.0
1.3357582E-5
1.2923525E-5
1.2496623E-5
1.8115314E-5
1.1664285E-5
5.6294257E-6
1.0860576E-5
1.0469461E-5
1.0085505E-5
9.70871E-6
4.6695386E-6
4.4883036E-6
8.621301E-6
8.273159E-6
7.9321835E-6
7.598373E-6
7.27173E-6
6.9522544E-6
0.0
6.334809E-6
6.036841E-6
8.619065E-6
8.193626E-6
-2.5929814E-6
0.0
6.9818593E-6
4.3996383E-6
6.227817E-6
5.8669393E-6
5.5168252E-6
3.45165E-6
3.2325934E-6
3.0207138E-6
4.224018E-6
2.6184885E-6
2.4281435E-6
3.3674664E-6
0.0
0.0
1.7385587E-6
0.0
2.1552737E-6
1.9451493E-6
1.1638651E-6
5.19073E-7
-4.598047E-7
8.082554E-7
7.0408424E-7
6.0709624E-7
5.1729165E-7
4.3467065E-7
3.592334E-7
4.3647023E-7
3.4486652E-7
2.6403922E-7
1.9398848E-7
8.9809674E-8
5.7478292E-8
3.2331585E-8
1.4369607E-8
3.592404E-9
0.0
