0.21098627
0.32710248
0.4288576
0.47252297
1.0311466
0.94140023
1.0876629
3.3566968
5.1704655
4.9275565
5.5160785
6.546596
4.3897285
2.2138736
3.2243538
5.392501
6.794117
4.7216215
3.7338202
5.4618793
4.7638445
2.4468856
1.1721828
4.0820084
7.6366715
10.4316225
12.712455
12.9635105
9.303785
6.0355754
7.1863647
5.6071396
3.9619398
8.649957
9.30987
5.4433527
1.2516388
2.2292893
3.2032433
5.6301713
7.211659
9.045462
10.072622
4.8128734
4.0707316
8.987079
10.542942
10.49126
6.81959
6.432765
10.467345
14.683468
9.702751
3.6382551
3.2392862
6.8224125
14.6423435
17.958885
18.492937
24.31791
22.778238
21.6286
27.052307
28.02573
25.203716
18.618494
13.485827
8.364982
9.365862
11.077516
9.216445
5.729802
3.319306
2.2265577
0.38334927
3.3473794
5.0922256
4.1508293
4.1440353
4.512129
2.808631
3.8141496
4.109124
4.8909492
6.3171616
8.269795
8.232349
4.9814935
6.154156
10.157814
9.680256
7.6825433
6.0816693
5.9968724
10.38766
12.23402
9.333894
7.2515335
8.104797
7.584354
6.642587
6.757111
6.2418604
5.7372084
5.9528804
5.8817744
6.009944
6.407266
6.605528
6.2269793
6.2894154
6.7031755
6.025805
5.8141637
5.8101788
5.1140966
4.1385603
3.8577194
5.021362
5.63107
4.0532002
0.82672936
2.5412972
3.4491796
2.594125
2.7701745
2.8171456
2.23936
2.3695176
3.1896546
3.7986062
3.284795
2.3948889
1.6396139
1.0979203
1.8782041
2.16256
1.3946034
3.5791895
5.969159
5.9612803
3.6752932
3.3217487
3.5042753
2.0770514
2.489065
4.992122
5.095206
5.810051
7.467123
8.375761
7.6826706
5.1908607
1.9225794
2.2500873
4.2626996
4.148239
2.7435272
1.8833084
0.25662628
2.5690382
4.636043
5.1890616
4.3295884
2.0702431
1.4935236
3.1906774
2.4724672
1.0761391
2.7471507
3.893094
4.595387
5.420812
6.446016
6.607106
5.7711225
5.731577
6.2394795
6.0501575
5.35003
4.1813755
3.1197107
2.0167418
0.7703185
0.8780856
1.3346802
1.7313489
1.9617145
1.9990982
1.8314421
1.5317795
1.006218
0.6527658
0.9088977
1.5261832
2.0353127
2.4253442
2.5508277
2.0637815
1.8105747
1.7749457
1.1266928
0.5232596
0.5878678
1.1505185
1.4977691
1.6252928
1.5984515
1.196866
0.69693923
0.28223285
0.112559296
0.34842417
0.2581579
0.3840916
0.524864
0.4659485
0.36851078
0.4264608
0.7486441
0.9114345
0.86557263
0.912879
0.9015739
0.86005163
0.7134797
0.3777271
0.49977776
0.51905054
0.40797022
0.31746006
0.04750294
0.27522138
0.4578635
0.48743808
1.0135026
1.3398783
1.1633941
0.9062093
0.59808666
0.25380585
0.21787642
0.43568838
0.854718
1.0466359
0.79065555
0.54321706
0.57360905
0.8269821
0.8357394
0.7086294
0.57583404
0.3002708
0.069141544
0.19331734
0.5355538
0.67990386
0.60867023
0.4887687
0.4326356
0.42801234
0.6916901
0.8084097
0.5338985
0.20704573
0.21680316
0.2184574
0.40627155
0.65972435
0.59308004
0.48282436
0.4698237
0.26728228
0.075345166
0.029666392
0.21598043
0.31360623
0.27657062
0.25249693
0.25385556
0.22961552
0.49448428
0.5710707
0.25071254
0.14510155
0.20749731
0.4704304
0.26026314
0.5159651
0.8678405
0.73279256
0.6965078
0.82520485
0.66326606
0.26740932
0.42131057
0.8289736
1.1872108
1.6690469
1.6366835
1.744371
2.425597
2.5492656
1.7632189
0.82162774
1.3175704
1.5875554
1.1612642
0.48941454
0.2243888
0.3430168
0.4649792
0.67929566
1.3566662
1.7650408
1.4604137
1.2511019
1.2822428
1.2726332
0.88141143
1.3306988
1.832064
1.9964215
2.1897755
2.8160508
3.2443657
3.531394
3.0711355
2.2989485
1.3405833
0.83186233
1.0413163
1.245425
1.1494762
0.9290039
0.71757865
0.27937275
0.33458808
0.72392505
1.5174086
1.6284115
1.1088629
0.7517366
0.31134173
0.38506925
0.8945005
1.5360307
1.5643525
1.0230979
0.6758448
1.3150489
2.403496
2.759061
2.7484038
2.8106866
2.5971851
1.7629198
1.1657342
1.7119282
1.4544007
1.5764604
1.9474369
1.6747694
1.3711841
1.6240988
1.5823691
0.9131274
1.0358716
1.1341122
0.6885315
0.34993905
0.31159124
0.3172233
0.6370368
1.089876
1.3205411
0.8221617
0.51604605
1.274291
1.1812094
1.2092832
2.200378
2.3890119
1.9081132
1.6984482
1.652854
1.4369975
1.553547
1.5868955
1.1870008
0.6114692
0.31934187
0.44249332
0.5519478
0.44268808
0.38791707
1.1032861
0.9265982
0.34741756
0.32357994
0.9632857
1.3774102
1.7819222
1.4875
0.3087172
1.751295
3.1197748
3.9937081
5.7009425
5.5526795
4.2172666
4.772263
4.4905033
2.6751566
0.13453248
2.2499084
3.0904539
2.1778526
0.74067986
0.7878538
1.368671
1.2759135
0.45731902
0.79474795
1.6861355
1.2280111
0.9594522
2.5718355
3.1451683
2.4550357
1.0941228
0.23900914
0.47706714
0.5089687
0.790306
1.4502203
1.5828266
0.94884783
1.4097292
1.9420078
1.3095437
0.37143314
1.6272409
4.1267495
5.1856837
4.497961
3.8474274
6.0984645
6.0508695
4.6848717
6.3936534
7.1411295
5.6297746
3.0693882
1.384968
1.8087349
3.579493
5.0310984
5.9593434
6.249499
5.399555
3.5511482
1.5990583
1.361293
1.5008034
1.6197667
2.2514288
3.334329
4.084995
3.9127302
2.9072604
1.5922686
1.2327424
1.0678657
0.75294054
0.41166282
0.43038267
0.3000772
1.1012379
1.3643881
1.3390515
1.8856109
2.1197212
2.5195875
2.4353418
1.5594623
0.39446008
0.8401318
1.3778731
1.3969114
1.2560729
1.295978
1.3377231
1.1516199
1.3166034
1.8405066
2.0367033
1.4073322
0.600275
0.6771614
1.9289365
2.9344707
3.6950438
4.2743535
4.365866
4.154697
4.1359406
5.555127
5.58003
3.7293553
3.9531856
4.1101856
2.3730574
1.118847
1.5573819
1.539815
0.46538103
1.0713142
1.4721404
1.1394665
0.62008584
0.8597911
1.0358478
1.1071509
1.5315791
1.5403329
1.2326301
1.4962965
1.0932606
3.1691206
5.8237104
5.4624467
5.6152353
6.8526354
6.9029202
5.4905996
4.67863
5.176851
3.2338336
2.0371509
3.140311
1.9400803
2.6528184
3.9735818
3.7861845
4.0623026
4.4664154
3.3509836
2.364841
2.1285977
1.6876229
0.8671555
3.3299067
6.2562613
6.2753367
3.6440887
5.455023
6.673912
5.2260075
3.09771
0.7376044
3.2822225
3.2089236
4.6398416
7.4442496
7.3290257
4.539973
4.4322624
3.5563374
2.479603
3.272388
2.739465
1.9526222
3.3508303
2.4571033
0.9654082
1.1385812
2.6979673
3.5245688
3.156964
2.2697973
2.5110376
2.8526382
2.1866333
0.6665005
2.5452566
5.8394933
7.0171843
5.7197733
5.0165715
5.284824
9.055314
12.191069
11.201302
7.4082932
4.0682106
2.0759983
5.3106613
6.9229407
6.5511146
7.7936926
6.876912
3.3588183
1.7347913
0.9425147
2.1475997
2.7169998
1.8182462
0.72488123
1.5871751
4.103963
4.699204
5.0766735
3.4586189
5.299585
10.11478
9.168194
7.2797413
7.751618
5.2519298
4.9641194
9.204409
7.7043233
10.207741
11.17711
9.17512
8.649032
5.598801
4.644434
8.710386
8.0741
3.179316
1.9402722
3.925829
3.5537512
2.773294
3.5190954
5.812939
7.012939
6.6799965
5.1437564
2.267082
0.895441
3.445904
5.4715147
5.508422
2.831406
2.7954376
5.0133986
6.6360483
7.679742
7.169325
3.8630714
1.3801837
4.3954763
4.524783
5.5462475
6.231989
3.7750015
2.7180989
3.5228453
2.2471144
1.0572711
2.728318
3.0369062
2.509055
1.4883647
0.26009575
0.67350876
1.1809195
1.4653784
1.5754786
1.4954778
1.0725795
0.37210846
0.4970755
1.0539016
1.4811348
2.1473336
2.5611346
2.0463107
1.0554035
1.0361882
1.2149035
0.8324493
0.7270347
0.9816795
0.728227
0.073100194
0.5683523
0.8929866
0.6107821
0.053107876
0.36285037
0.45011866
0.4955316
0.50974
0.2523634
0.21470201
0.38428277
0.6305199
0.94913405
0.95888615
0.4789399
0.49783832
0.7166961
0.7695027
0.72911805
0.54530364
0.46827614
0.31457233
0.5488161
0.8326454
0.9166888
0.8934672
0.71135783
0.35335246
0.58783215
1.1161463
1.1535636
0.7325077
0.4243132
0.4018022
0.22040576
0.27174187
0.54805267
0.7501401
0.6995834
0.39347497
0.060285278
0.20116018
0.2824114
0.18431997
0.17680877
0.19810739
0.21279679
0.23194635
0.4076124
0.5202759
0.5668892
0.6960811
0.87058073
0.913931
0.8242625
0.7427793
0.6612521
0.44660753
0.35741132
0.31049034
0.43565696
0.6184478
0.7301636
0.681564
0.6496392
0.66099024
0.5671653
0.53801644
0.5563712
0.51213413
0.32671836
0.21364623
0.10601348
0.2774507
0.45635012
0.38026872
0.2729401
0.194814
0.054045398
0.1598133
0.1714749
0.24967414
0.16423468
0.061244622
0.1258808
0.13232294
0.15884769
0.124860846
0.046196915
0.08166924
0.03922696
0.089072965
0.15458462
0.33951324
0.3848284
0.257547
0.11692726
0.12010843
0.061714943
0.1273429
0.22148973
0.18464619
0.24667752
0.3054426
0.23619981
0.11444132
0.14803873
0.19837283
0.1946921
0.25830042
0.2801919
0.2542403
0.22130293
0.17696379
0.0694835
0.12780264
0.14977637
0.12317343
0.115290545
0.17696436
0.10350817
0.07544174
0.20155121
0.19721498
0.026484594
0.11582318
0.07243039
0.22772741
0.22563072
0.19489925
0.20225623
0.09988436
0.12376543
0.22889991
0.19910991
0.17336474
0.123715855
0.12225845
0.094787374
0.021793606
0.11136522
0.1346924
0.1146331
0.11033335
0.1334962
0.13875185
0.08513204
0.053115845
0.060678612
0.22285463
0.33103862
0.23935732
0.104572475
0.028671686
0.062534064
0.1534455
0.06867494
0.09418607
0.11698426
0.0750296
0.19523107
0.32628208
0.30197054
0.21566959
0.12911746
0.078292765
0.1357738
0.073276065
0.09478285
0.14981233
0.18258221
0.22307196
0.25083548
0.23039211
0.18052728
0.17047203
0.108097896
0.09484618
0.07494674
0.12711494
0.17668469
0.23109844
0.15964295
0.03800658
0.047563083
0.0603011
0.051775936
0.11074957
0.15332368
0.19939269
0.13677658
0.041031566
0.14363514
0.17001332
0.17276883
0.12271759
0.06227711
0.07132052
0.109253585
0.09723053
0.020154651
0.03257127
0.027708607
0.0686006
0.028847486
0.10801592
0.14702556
0.20582037
0.21181966
0.17962112
0.086390115
0.027035546
0.09889532
0.20191947
0.22239788
0.12977803
0.1398421
0.16605161
0.06772294
0.18113443
0.27929044
0.23432654
0.19820337
0.22357729
0.19636762
0.19030683
0.23289052
0.20970632
0.13664687
0.09961704
0.08974509
0.14969915
0.13793759
0.021247355
0.093480654
0.07823712
0.03155663
0.08101495
0.13533957
0.1386255
0.18469463
0.18783508
0.117737696
0.07901601
0.07677076
0.120552726
0.13128035
0.05730915
0.0888958
0.15981025
0.16468297
0.15587991
0.21853054
0.21484366
0.0508071
0.16677886
0.2741058
0.19465938
0.056767374
0.103637196
0.17086554
0.10830782
0.10500297
0.16957843
0.18942286
0.124169886
0.059074227
0.02194757
0.022886975
0.12526037
0.14423633
0.061096337
0.018384248
0.02486805
0.06892682
0.09814462
0.12542437
0.12889697
0.06765077
0.032195218
0.11952066
0.15681185
0.053183913
0.055110723
0.09842048
0.07451013
0.10237291
0.12655482
0.017975068
0.119186446
0.15013668
0.14781132
0.17302142
0.17349872
0.11342864
0.13309793
0.15293516
0.17378742
0.17368026
0.12830377
0.07849235
0.105950035
0.12290115
0.073192276
0.051129412
0.059118446
0.01812442
0.08744517
0.08663856
0.13857019
0.09507158
0.13962357
0.1379597
0.06371936
0.08641528
0.08999459
0.006693179
0.10431564
0.09162308
0.12330202
0.029634599
0.11560699
0.116718225
0.089227274
0.055774707
0.057829097
0.079344235
0.065451585
0.03396728
0.07065193
0.041197956
0.10472624
0.0978657
0.09844538
0.11859283
0.22354835
0.24859747
0.13053617
0.10575887
0.05776347
0.12675065
0.110762686
0.10006922
0.042780843
0.069646925
0.15202107
0.20541334
0.15575902
0.059913468
0.034828503
0.06529925
0.05800843
0.08032797
0.108659364
0.11398653
0.12128209
0.059529223
0.052255485
0.059014738
0.1387702
0.08088866
0.1196382
0.17946437
0.23917444
0.18963154
0.1057082
0.09789168
0.1725873
0.21222143
0.2052051
0.17094694
0.10938652
0.052734226
0.10580686
0.17441452
0.1325456
0.12594639
0.13121855
0.15771857
0.16153114
0.18911824
0.16724397
0.11661564
0.07174827
0.0033846707
0.076569214
0.1296124
0.1544503
0.18656456
0.19387093
0.12785035
0.05757954
0.04256824
0.09236617
0.141315
0.12505953
0.120489664
0.116294414
0.071423225
0.012793241
0.11176351
0.1519208
0.08730106
0.08477063
0.029163903
0.14639358
0.27336124
0.2769076
0.2456779
0.13891225
0.19750042
0.21815622
0.17033936
0.11440441
0.002463172
0.11276071
0.18361548
0.17200074
0.16900247
0.22161713
0.21108592
0.27047166
0.25799072
0.19819073
0.16785702
0.11507045
0.09941094
0.20067172
0.32412773
0.3750421
0.29487622
0.15239863
0.05959306
0.11828159
0.1135941
0.06825206
0.08824786
0.076409146
0.041723285
0.02927966
0.13581394
0.18505973
0.12163656
0.06147508
0.06594677
0.07693424
0.046965133
0.0044426834
0.069890626
0.12663946
0.08693532
0.09730294
0.11000045
0.07299032
0.11255651
0.17135838
0.2100579
0.14544623
0.048673667
0.027294267
0.04099801
0.15112822
0.23783618
0.23551923
0.20908724
0.25341552
0.20057759
0.02909061
0.1069518
0.14935239
0.10582922
0.036943823
0.02222606
0.09514468
0.07555329
0.010634884
0.07079897
0.09898612
0.13842717
0.1262501
0.052090243
0.044172578
0.053357165
0.075208776
0.13504134
0.12139542
0.13607155
0.16503796
0.049164638
0.10055913
0.10577132
0.06609022
0.12040877
0.109910436
0.16209085
0.23892908
0.22336313
0.20135322
0.20190449
0.19725904
0.15430571
0.0878892
0.10411289
0.16752015
0.23025964
0.3107019
0.36436945
0.38475636
0.33768708
0.2802265
0.26903537
0.17659752
0.09859496
0.14395572
0.10258985
0.121878035
0.23788467
0.19336987
0.14818648
0.1469511
0.2000683
0.23769331
0.20367531
0.14940207
0.04237973
0.09638915
0.17844215
0.23615877
0.26542258
0.16888182
0.19457996
0.32271188
0.43317568
0.46583876
0.38150698
0.23534322
0.1857347
0.18059115
0.23817939
0.26673838
0.19815716
0.13237885
0.15718354
0.11832591
0.09255743
0.07599671
0.04454967
0.091509536
0.10810308
0.18517171
0.16938104
0.121577926
0.08306783
0.048276648
0.0264133
0.05408706
0.089199044
0.11357568
0.06063284
0.05936393
0.08343225
0.13651356
0.21794933
0.23016322
0.22965229
0.29413277
0.26441532
0.1553295
0.13404375
0.08943417
0.08405806
0.21201017
0.27658924
0.32981974
0.40475455
0.36452344
0.17075603
0.048625104
0.018700039
0.10452003
0.14323427
0.051636543
0.005223673
0.06481109
0.017533107
0.047066674
0.2210309
0.28355992
0.16208981
0.120128036
0.07718581
0.07193789
0.20545815
0.25057122
0.16473877
0.009536299
0.16277167
0.28517196
0.15010288
0.030912004
0.041755427
0.017963508
0.13851015
0.21178897
0.1719399
0.23385908
0.29208726
0.24650054
0.039283212
0.30020007
0.3620262
0.29356802
0.23933993
0.17933354
0.08474984
0.27460805
0.4083953
0.4351415
0.28434783
0.064963035
0.08213219
0.18947557
0.21536438
0.15194741
0.23511286
0.18240367
0.14783168
0.16008219
0.1476433
0.12185263
0.21156028
0.17882858
0.0640764
0.18672833
0.25627872
0.2850819
0.16892499
0.043820497
0.05633935
0.120323025
0.13202183
0.04777988
0.24730384
0.25763747
0.20999022
0.19689234
0.1029962
0.15442424
0.22277772
0.2540466
0.38136098
0.43205985
0.37628347
0.32716483
0.18717311
0.021802345
0.16095522
0.22849172
0.09536757
0.08448549
0.089033194
0.07946534
0.21042025
0.32016373
0.33413827
0.40137905
0.4725805
0.32221705
0.0335863
0.09128032
0.18749037
0.2999945
0.33434543
0.24463755
0.038789786
0.30959657
0.45347038
0.45008436
0.46755803
0.39286923
0.18743624
0.1118019
0.06116185
0.24983159
0.24104872
0.23100434
0.28446603
0.3183644
0.29114428
0.17793426
0.07196681
0.065525874
0.1355277
0.22318964
0.14950794
0.11551748
0.14196634
0.31934345
0.3095523
0.32230315
0.38175234
0.20031568
0.1659857
0.1872554
0.24759325
0.41898927
0.4323361
0.20914526
0.047747277
0.10332801
0.22723411
0.30038688
0.38784805
0.22973685
0.033395264
0.03571922
0.23676927
0.218419
0.11910335
0.15536633
0.2377945
0.09883436
0.25780806
0.25206146
0.20391649
0.1812518
0.08007573
0.026781725
0.13933304
0.22970143
0.23510303
0.22853199
0.15118155
0.06805129
0.10824951
0.08097475
0.04205306
0.06477156
0.31541273
0.6095777
0.60408264
0.44901818
0.33204803
0.33187774
0.3998696
0.31492513
0.16854578
0.20486382
0.2638992
0.071148574
0.26450148
0.20607589
0.23555835
0.5087447
0.5770243
0.63884825
0.6024011
0.44948924
0.40018445
0.21494463
0.148355
0.2587882
0.14886929
0.15086353
0.19114387
0.10974242
0.047276597
0.111785635
0.24173415
0.34358004
0.364043
0.25911373
0.15541364
0.31243995
0.35601693
0.36139646
0.23243
0.14584164
0.25532582
0.44847238
0.553671
0.37195507
0.14409117
0.34889767
0.49313587
0.27913952
0.09041834
0.18363291
0.19549477
0.4809108
0.69080925
0.7893624
0.81592894
0.83217716
0.93068284
0.66787267
0.3860623
0.4238454
0.3276269
0.27133444
0.42655402
0.5337439
0.55862594
0.5170261
0.38571137
0.33795962
0.29090708
0.19515741
0.3186114
0.3731645
0.3238219
0.49417138
0.60828286
0.7313461
0.9939699
0.9607476
0.8469563
0.8303763
0.6621122
0.5123564
0.2954582
0.2736406
0.38547912
0.37193942
0.15541573
0.20479064
0.2975421
0.30175498
0.3651835
0.45013
0.6125466
0.57827884
0.39168948
0.3794021
0.37850782
0.20306855
0.064014435
0.06064854
0.10212831
0.166156
0.20949234
0.2625683
0.24532543
0.12597442
0.3613406
0.38877234
0.24604645
0.16331378
0.20359853
0.17389148
0.20116512
0.23277912
0.27389178
0.26116017
0.1445514
0.08384766
0.16091187
0.22160806
0.21407022
0.0796401
0.026834503
0.060222857
0.17732927
0.2384774
0.26143822
0.29301038
0.29132435
0.24199256
0.14219438
0.20163643
0.26023945
0.15206014
0.20422588
0.17628872
0.02830167
0.1411676
0.14516498
0.13777556
0.11638887
0.11911536
0.21642035
0.2326553
0.24213243
0.18822315
0.19652241
0.20140167
0.05108104
0.14638586
0.15418498
0.14944467
0.250389
0.26360598
0.19349362
0.12963712
0.015058478
0.04176192
0.027523339
0.08753787
0.103275664
0.16793777
0.25061068
0.18852167
0.21136032
0.25401586
0.16646406
0.028026283
0.0801355
0.07839696
0.05246862
0.06543159
0.052138194
0.036055833
0.08009732
0.27241403
0.32173604
0.14532709
0.09597555
0.15567935
0.16355921
0.115708105
0.14336564
0.07921158
0.09686068
0.09831744
0.11974322
0.18418798
0.17057484
0.16927049
0.21169163
0.10586434
0.08902904
0.09918937
0.062682964
0.113017395
0.21191798
0.34432533
0.33445382
0.23389032
0.22512278
0.27306262
0.2681676
0.17088075
0.15698579
0.22724774
0.24723
0.21211852
0.20582278
0.1333359
0.032819424
0.06744255
0.12414071
0.15367284
0.0968584
0.17314108
0.25942048
0.22867483
0.090104386
0.0921749
0.067026086
0.10737956
0.11574852
0.11259885
0.113474794
0.10459549
0.062382195
0.05457557
0.15065314
0.11637323
0.10899632
0.12880799
0.025742782
0.17598204
0.11181046
0.08467025
0.062581144
0.018798234
0.10240747
0.07545742
0.034968838
0.07927243
0.041929808
0.102454096
0.11699369
0.117676884
0.14532994
0.21534638
0.22043237
0.080870345
0.095488094
0.13129547
0.079668745
0.0687719
0.053468063
0.08958905
0.08054643
0.046048168
0.069015704
0.048375685
0.043307975
0.102762505
0.094023034
0.049233753
0.06282673
0.08589017
0.12957504
0.0789596
0.07268273
0.04910504
0.06951723
0.030696208
0.054802764
0.12351707
0.15851326
0.13481438
0.097317226
0.1170981
0.15345296
0.19119006
0.2424055
0.15136369
0.039852884
0.07033557
0.09639021
0.09748925
0.09816549
0.15465175
0.1976783
0.21405534
0.14429416
0.12534173
0.14986405
0.15712278
0.12314639
0.09837352
0.081210874
0.029771859
0.061023653
0.023932327
0.1500368
0.2031361
0.112314194
0.03918331
0.06409662
0.023133611
0.0341574
0.031517573
0.040313452
0.07394927
0.11115455
0.17568752
0.058120735
0.07981828
0.026256662
0.08271123
0.077066794
0.07056261
0.12266316
0.11968902
0.074837744
0.07146817
0.14529999
0.19312337
0.17933986
0.11119318
0.048526924
0.05156274
0.08809136
0.1315922
0.049006015
0.09288478
0.09832951
0.014093102
0.038028624
0.028377537
0.056485724
0.06767544
0.045436986
0.100887075
0.12078371
0.13579187
0.1560854
0.11613964
0.06335306
0.032598548
0.037754618
0.07573937
0.09511671
0.07931894
0.0566979
0.07410336
0.0997656
0.09620753
0.08482018
0.05711647
0.06117355
0.049184345
0.11875536
0.13448358
0.057946753
0.0706474
0.1117347
0.10655198
0.11116578
0.11497248
0.0739119
0.064124756
0.09491202
0.093509085
0.01994129
0.03326628
0.06799287
0.11178444
0.0949494
0.08433551
0.047430713
0.019162498
0.07149966
0.07317468
0.045411937
0.06080767
0.051258314
0.050489176
0.016923228
0.03744499
0.055138852
0.014943832
0.01226069
0.08161465
0.093167596
0.094803564
0.16951466
0.12963676
0.04921797
0.09009689
0.09781332
0.08587132
0.08325368
0.1042252
0.11727824
0.105555505
0.06438147
0.03807995
0.10935713
0.05244955
0.050070293
0.0739956
0.03659342
0.093751326
0.103387445
0.028300576
0.087993644
0.1265898
0.075854786
0.018196378
0.042076718
0.050139613
0.01609139
0.013426806
0.053821743
0.11645041
0.15600571
0.11976953
0.014819746
0.08287707
0.07466074
0.09833395
0.095255464
0.054450985
0.10370567
0.15469894
0.08459008
0.054734934
0.036142595
0.05571999
0.07676349
0.07698932
0.0664859
0.027812155
0.05134151
0.047506988
0.055889413
0.04101348
0.038055316
0.06357965
0.026258444
0.05921418
0.042624258
0.06447514
0.050816707
0.04850789
0.07407379
0.05802009
0.067630544
0.12026492
0.102126524
0.110275604
0.09860492
0.07019553
0.05820658
0.05769286
0.048593435
0.003274682
0.05012419
0.09609232
0.06954538
0.021813795
0.065306745
0.039939262
0.049996495
0.038207777
0.063556895
0.10202405
0.13340375
0.11004834
0.037121497
0.03776539
0.046942838
0.081053436
0.05211853
0.06537481
0.109238796
0.13309026
0.06513393
0.021926215
0.03906757
0.0632548
0.048321664
0.12203824
0.04781966
0.044350993
0.08671487
0.014764862
0.07359306
0.08679302
0.0636108
0.059689734
0.034885243
0.016931685
0.01991172
0.047004603
0.04481827
0.041619875
0.05477346
0.039516177
0.019164044
0.07656416
0.0496001
0.03523155
0.018566508
0.028928468
0.0532651
0.09439283
0.066116035
0.021553013
0.0036926467
0.04266085
0.09845016
0.049454045
0.034236766
0.030249218
0.028199354
0.028965464
0.05740385
0.041720834
0.035301123
0.06539841
0.089305036
0.067093454
0.011229742
0.039805338
0.043897618
0.08399529
0.10751656
0.086452596
0.04876023
0.03388748
0.021478811
0.029650575
0.045540377
0.008772423
0.07463886
0.055200845
0.047950972
0.081204906
0.06257165
0.02293111
0.023507925
0.016366526
0.009655097
0.014292314
0.0246612
0.026711594
0.051444743
0.049452297
0.044674378
0.041108243
0.019132612
0.019471213
0.0013574909
0.029276026
0.036643315
0.01597507
0.03639045
0.0149094565
0.06044472
0.047038324
0.06114398
0.07156983
0.032752134
0.009992197
0.015763417
0.058295317
0.07808993
0.07899609
0.035709433
0.056573626
0.0890636
0.05053094
0.035744753
0.026004314
0.054153666
0.090138175
0.07121669
0.04897273
0.046552684
0.030691175
0.034019258
0.062036462
0.045232195
0.049902998
0.049076002
0.03613975
0.022460023
0.005141476
0.034149878
0.055541158
0.061928384
0.10296371
0.09305927
0.059466336
0.03955288
0.039829835
0.01916351
0.03985851
0.03806437
0.011921204
0.022696732
0.010552109
0.03231098
0.07539864
0.06695479
0.04554079
0.026123134
0.029997608
0.040969413
0.023775648
0.020693392
0.03885916
0.051275354
0.039073292
-0.030518468
0.039673917
0.06714024
0.05798448
0.00915539
-0.0244142
-0.0183105
0.009155164
0.05187871
0.070188016
0.051877428
0.048825126
0.0518759
0.08238978
0.11595394
0.12205448
0.10984683
0.07322967
0.039665185
0.036613155
0.03661225
0.030509418
0.03355945
0.015253864
-0.012202732
-0.030505897
-0.067110844
-0.07015902
-0.06100576
-0.061003607
-0.03660083
-0.024399633
-0.042697698
-0.048795417
-0.067090936
-0.07318701
-0.039641235
-0.015245946
0.0
-0.009146717
-0.045731377
-0.060972154
-0.0457268
0.0
0.027433205
0.033527657
0.024382401
-0.012190511
-0.039616875
-0.021330908
0.012188358
0.04265664
0.051794115
0.021325633
-0.02132425
-0.03350733
0.006091832
0.07309699
0.121819854
0.10049428
0.0
-0.070031315
-0.08220457
-0.012177537
0.10958944
0.1674153
0.13696535
0.04565146
-0.04869093
-0.054772776
0.027384097
0.12778161
0.1794873
0.14905272
0.07299896
0.02737216
0.024328602
0.07601989
0.12770152
0.11248836
0.0425591
-0.024317134
-0.042550825
0.0
0.075968474
0.112421945
0.07291487
-0.018226825
-0.094162054
-0.12148653
-0.06984726
0.0030365079
0.0485788
0.04250174
-0.0060709966
-0.05766794
-0.06373096
-0.04855131
-0.01213641
0.009101234
0.00910015
0.006066037
0.0030326499
0.003032278
0.006063805
0.0
-0.012124563
-0.015153772
-0.009091094
0.0
0.0060591493
0.0060583483
-0.009086311
-0.024226902
-0.042391326
-0.063578285
-0.0635695
-0.054480556
-0.04539409
-0.030258438
-0.024203293
-0.036299713
-0.051417124
-0.057457786
-0.042331066
-0.030231979
-0.012090978
0.0030222875
-0.009065482
-0.027192269
-0.036250748
-0.054367647
-0.048319206
-0.021136306
-0.0030189909
0.0060370117
0.0030180172
-0.024140202
-0.048272476
-0.05731408
-0.06635261
-0.04824835
-0.012060049
0.0
0.012055931
0.006026925
-0.012051756
-0.012049647
-0.0060237623
-0.009034041
0.0030108094
0.0030102683
0.0
0.012036703
0.012034496
0.03008069
0.048120163
0.039090328
0.015031913
0.0
-0.015026206
-0.018027991
-0.009012257
-0.0060070055
-0.015014581
-0.027020937
-0.027015597
-0.015005681
-0.0060010715
-0.005999864
-0.014996624
-0.047979426
-0.065958194
-0.05395468
-0.023974888
0.014981181
0.026960475
0.00898493
-0.011977367
-0.02694333
-0.014965307
0.026931744
0.06282711
0.07477788
0.05382827
0.0209286
-0.01195655
-0.0029884714
0.023902416
0.03883268
0.047783244
0.0328435
0.014925448
0.026859626
0.047739405
0.06264341
0.059646446
0.01490811
-0.01490459
-0.020861477
-0.017877001
0.026809074
0.05956137
0.056569606
0.02678961
0.0
-0.014875822
0.0118977185
0.05650014
0.06837785
0.059444107
0.023771659
-0.008912116
-0.011879802
0.008907576
0.050463315
0.0593533
0.038569655
0.0029661243
-0.03854954
-0.041503984
-0.008891364
0.0
-0.008886641
-0.032575633
-0.05921251
-0.047357224
-0.011836096
0.04437327
0.07689263
0.05026214
0.0
-0.03250457
-0.026587246
0.02657981
0.10038442
0.12692095
0.106229305
0.053099543
0.0
0.008844857
0.061896157
0.10313041
0.13255772
0.10896009
0.05299208
0.014715691
0.014711344
0.03529675
0.06469143
0.07643064
0.0617139
0.03819232
0.014684906
0.020552618
0.055768654
0.093897365
0.09680187
0.07624458
0.03224732
-0.0058613233
-0.011718982
0.014644131
0.052702263
0.070247464
0.058520965
0.011700463
-0.02046926
-0.04092537
-0.043834474
-0.029213525
-0.026283631
-0.026275061
-0.043777436
-0.04668059
-0.03208232
-0.029156093
-0.017487843
-0.023309348
-0.061166562
-0.07570459
-0.06403613
-0.020368237
0.04072264
0.04943206
0.008720321
-0.052303962
-0.08133368
-0.049364086
0.011611048
0.055133272
0.04351105
-0.017398316
-0.06667007
-0.07244187
-0.026069827
0.028956171
0.031840418
-0.00868064
-0.06363515
-0.09252682
-0.06069875
0.002889367
0.03465977
0.014436291
-0.020203391
-0.05193245
-0.037492916
0.014415008
0.06052052
0.0691405
0.043196633
0.011514775
0.0
0.0143826045
0.037380587
0.0488637
0.02585914
0.011488548
0.002871033
-0.002869926
0.0028688156
-0.0028677022
-0.02579927
-0.040116522
-0.03150777
-0.017179301
0.0028620877
-0.008582866
-0.0428973
-0.06860835
-0.06858095
-0.028563946
0.011420987
0.022832764
0.0
-0.059887458
-0.085518695
-0.054139733
-0.008544878
0.03985972
0.04268925
-0.017068643
-0.08246425
-0.11369649
-0.08807804
-0.008520115
0.04542155
0.022701217
-0.036873907
-0.09639862
-0.10485984
-0.04249264
0.025484692
0.056608386
0.022633625
-0.042419758
-0.07066903
-0.042383038
0.02259446
0.08469228
0.09312076
0.03948845
-0.019735541
-0.036635548
0.0028168724
0.061943695
0.09005983
0.07876719
0.03936597
0.002810593
0.0
0.0280806
0.04771541
0.039277207
0.019629665
-0.008408873
-0.008405024
0.01960272
0.05878109
0.08113641
0.06431978
0.030747358
0.013969567
0.0139630465
0.041869532
0.08090977
0.08366038
0.061321992
0.033432532
0.013923612
0.027833978
0.04729519
0.058395524
0.052808702
0.02500262
-0.0055534584
-0.011101547
-0.008322123
0.0
0.0027713412
-0.022159897
-0.041529447
-0.041509043
-0.035956785
-0.019351784
-0.0055263434
-0.022094399
-0.035885528
-0.04138571
-0.04412267
-0.033075403
-0.024794074
-0.016521048
-0.01926481
-0.03300865
-0.03849052
-0.046714675
-0.05493037
-0.049412016
-0.049386647
-0.041134354
-0.024667876
-0.027394572
-0.05202269
-0.07388854
-0.09299633
-0.09841524
-0.07377276
-0.051886898
-0.03821232
-0.03819215
-0.062711045
-0.07630338
-0.07353913
-0.06261105
-0.054415293
-0.048947524
-0.05435693
-0.057044044
-0.043438673
-0.02984793
-0.010847906
-0.008131506
-0.021672197
-0.03519808
-0.037884865
-0.016227458
0.018921614
0.043225545
0.054002054
0.03508188
0.005394213
-0.0053912085
0.0026940994
0.026925916
0.04843946
0.05648093
0.04032078
0.013432667
0.005370024
0.013417439
0.02681961
0.03484561
0.034825686
0.010709456
-0.008027479
-0.010697143
-0.010690971
0.0026711968
0.013348241
0.0
-0.01599926
-0.026649866
-0.03728798
-0.02928052
-0.015961803
-0.013293667
-0.01594298
-0.021244725
-0.023886139
-0.026524374
-0.010603428
0.0
0.0026476877
0.005292198
0.002644508
0.0052858284
0.007923953
0.015838312
0.021104936
0.021092102
0.03161887
0.031599555
0.02631684
0.026300693
0.01314226
0.002626832
0.007875629
0.010494337
0.018353697
0.026203264
0.013093468
0.007851174
0.0
-0.0104551185
-0.010448546
-0.0052209813
0.0026088424
0.0026071917
0.0026055383
-0.01041553
-0.023420017
-0.023405068
-0.015593398
-0.015583402
-0.02076452
-0.020751152
-0.03629109
-0.054401435
-0.046599586
-0.04398214
-0.02068401
-0.0155028915
-0.043896154
-0.06451089
-0.08767723
-0.087619565
-0.05150695
-0.012868233
-0.0025719432
-0.023132136
-0.059076168
-0.084705
-0.06925783
-0.041014228
-0.007685013
0.0025599506
-0.015349365
-0.033234525
-0.03576684
-0.010212176
0.028064424
0.048441947
0.030574063
-0.005092197
-0.02035485
-0.0050852234
0.0355721
0.0685561
0.071046166
0.048176568
0.020270817
0.010128372
0.032894313
0.06068563
0.07833085
0.08080106
0.047941986
0.030257871
0.037795708
0.045322847
0.05787158
0.04777309
0.017588118
-0.0025108012
-0.0050180233
0.007521659
0.032570533
0.042561695
0.022516474
-0.0025000295
-0.01249113
-0.004992841
0.009978451
0.024928024
0.01992792
0.0049783504
-0.009949433
-0.002485539
0.037255764
0.0769387
0.08680237
0.061955985
0.01981127
-0.014847457
-0.009890964
0.02470904
0.061726615
0.07401668
0.04930758
0.0073905988
-0.017231792
-0.014759005
0.009831926
0.03438577
0.029451234
0.0073572304
-0.022054939
-0.034281593
-0.022021374
0.0048899027
0.009772325
0.0
-0.029272014
-0.060936447
-0.051147163
-0.017035889
0.024318153
0.046168674
0.031564556
-0.014556921
-0.058182288
-0.070248686
-0.04840945
-0.0048371498
0.026583424
0.024147728
-0.0048257373
-0.04821925
-0.06263541
-0.048142873
-0.014431387
0.00720995
0.0072042
-0.014396888
-0.03116829
-0.019165104
0.0023937132
0.031093221
0.043017432
0.023879264
0.004771987
-0.0023840584
0.0071463645
0.035702735
0.061834276
0.07604155
0.07835366
0.07354459
0.0497796
0.023685062
0.0070996596
0.0023645982
0.023626413
0.0401316
0.04953315
0.040064897
0.009419175
-0.018822616
-0.025859442
-0.016442213
0.00938766
0.018759524
0.002342964
-0.0163869
-0.028068066
-0.018696185
0.018680314
0.05132717
0.046621304
0.011645377
-0.02559792
-0.03952653
-0.006969284
0.04177975
0.06957294
0.06024452
0.016205657
-0.041635603
-0.062399227
-0.046181478
-0.0046141273
0.03227072
0.029939486
0.0
-0.03678406
-0.04823667
-0.036719408
0.0
0.020618234
0.025177771
0.011434298
-0.011424147
-0.0091311885
0.0045615267
0.020508548
0.034150355
0.029570464
0.02954393
0.027246809
0.02495375
0.024931243
0.015851
0.009049515
0.004520655
0.0045165485
0.013537317
0.01577914
0.0112605225
-0.0045000887
-0.015735878
-0.017967355
-0.013463125
-0.0022417873
-0.006719156
-0.017901188
-0.029062496
-0.046903566
-0.04239713
-0.017834809
0.0044545447
0.022251923
0.004446221
-0.026652323
-0.03550307
-0.03546968
-0.008859067
0.01991409
0.03315878
0.02208492
-0.0044127945
-0.02424731
-0.017617622
0.0066003096
0.030772027
0.043917984
0.030713128
0.015341822
0.0065687443
0.006562417
0.017482894
0.024015745
0.019630222
0.010895103
0.008707615
0.0152234975
0.021726655
0.021705441
0.013010528
-0.008665187
-0.021641709
-0.015134305
-0.0043198294
0.008631137
0.012933914
0.0043070377
-0.006454152
-0.012895486
-0.01717688
-0.012869824
-0.00642849
-0.012844127
-0.012831265
-0.012818395
-0.006402758
0.0042642094
0.010649777
0.0
-0.01913087
-0.03397598
-0.03818419
-0.02331106
-0.0021170296
0.0042297407
-0.0063381293
-0.029547669
-0.046384457
-0.044230614
-0.018936483
0.002101886
0.008398869
-0.012585283
-0.03981214
-0.05023687
-0.03345646
0.0020888532
0.02295344
0.016675986
-0.0041646375
-0.03120207
-0.03532525
-0.00830309
0.01866229
0.03521383
0.02689979
-0.008268105
-0.028907709
-0.03506497
-0.01442317
0.016466074
0.024672773
0.01232321
-0.002051671
-0.02459367
-0.02252
-0.01227043
-0.0020428693
0.0061219977
0.0
0.0
0.0061021447
0.00406368
0.0020296304
-0.0040548397
-0.018226871
-0.01618396
-0.0060623423
0.006055696
0.018147139
0.008056525
-0.010059562
-0.018087232
-0.022082184
-0.002005249
0.018027231
0.01600641
0.0019985756
-0.01597079
-0.027917694
-0.017927028
0.0039793244
0.017886879
0.019851988
0.011897793
0.001980731
-0.0019784956
0.0059287776
0.019740216
0.035492096
0.04136041
0.035411447
0.02358073
0.019628182
0.021566318
0.0332916
0.052814256
0.058615103
0.056596078
0.042885482
0.031153442
0.02722775
0.033023987
0.040747028
0.038761616
0.030973217
0.025136415
0.023175763
0.03279395
0.03853595
0.030792605
0.011533664
-0.0076800636
-0.011506521
0.0019154903
0.026785165
0.03821922
0.03053912
0.009532141
-0.015233282
-0.028528374
-0.015196976
0.0037947032
0.011370482
0.011356848
0.001890535
-0.005664783
0.0018859863
0.009418554
0.009407171
0.0018791569
-0.013138152
-0.020620598
-0.01123392
0.0018700395
0.009338791
0.0055964277
-0.014905543
-0.024191817
-0.020444868
-0.011138034
0.0037081058
0.0055552977
-0.007397913
-0.018471899
-0.018449007
-0.0073704426
0.01288224
0.018380284
0.0036714727
-0.014667547
-0.023804948
-0.0164597
0.012785923
0.038309556
0.03826133
0.021836052
-0.010904239
-0.030856267
-0.018127752
0.0036209507
0.019889923
0.021670483
0.0018035716
-0.023416499
-0.032381386
-0.021559944
-0.005383073
0.0017920524
-0.0017897467
-0.014299523
-0.030347267
-0.039222166
-0.039171387
-0.032007758
-0.021310793
-0.015962305
-0.010627673
-0.0088448385
-0.010599936
-0.017643437
-0.024668433
-0.022876328
-0.012301825
0.0
0.00876387
0.0052513755
-0.0052444274
-0.01222078
-0.005230526
0.010447146
0.022605347
0.017365541
-0.0069369404
-0.032906394
-0.041510288
-0.024181847
0.010349722
0.036175273
0.03268589
-0.0017179876
-0.039460286
-0.056540266
-0.042775437
-0.01025216
0.018770054
0.025560653
0.006806872
-0.013595137
-0.022061855
-0.015252651
0.0050772354
0.010140506
0.008438782
0.0016854281
-0.0050492985
0.0033615408
0.011749087
0.018437224
0.01506403
0.008357253
0.0016691198
0.006667155
0.021637945
0.03158038
0.028216485
0.01823207
0.0066205123
0.004958385
0.016504617
0.029666305
0.032915883
0.027938819
0.018052379
0.009832744
0.013091644
0.024511805
0.03426748
0.035847876
0.026033806
0.011373436
0.0048673204
0.0048603103
0.012942132
0.019385152
0.022583285
0.017718296
0.0048252493
-0.008030392
-0.020848624
-0.022419628
-0.014391571
-0.0015967247
0.0063775433
0.0
-0.011127953
-0.02857263
-0.042795777
-0.042732608
-0.033187337
-0.018936114
-0.0094540175
-0.015733294
-0.026706817
-0.03921622
-0.04542294
-0.039099198
-0.02810929
-0.018711438
-0.017126404
-0.020209864
-0.024836224
-0.029448535
-0.03249922
-0.027814334
-0.018514795
-0.007702792
-0.009229303
-0.012287008
-0.018402416
-0.026030287
-0.018346226
-0.0045795324
0.0045725084
0.0136964535
0.009116922
-0.006068582
-0.0121184345
-0.009074778
0.0030202437
0.024124492
0.028603353
0.016534084
-0.0075037875
-0.02547308
-0.02094506
0.0014937348
0.02237091
0.029781068
0.011893703
-0.016328096
-0.026676575
-0.023675065
-0.0029547028
0.016225126
0.016199386
0.0029406631
-0.0073399595
-0.014656524
-0.004389939
0.011687789
0.01604498
0.014562956
0.0043618707
0.0
0.0014492797
0.008681649
0.015890637
0.015864922
0.011519423
0.011500723
0.012917277
0.014329161
0.012875212
0.002856485
-0.0042777183
-0.00427071
0.0056849364
0.014188984
0.01416563
0.0028284555
-0.015530822
-0.025372049
-0.018293912
-0.0028097797
0.009817893
0.0042006676
-0.012581004
-0.032097798
-0.037617043
-0.022254266
-0.0041656788
0.0069311396
-0.0027677934
-0.027631313
-0.044135522
-0.04268405
-0.021993198
0.0027444905
0.012329244
0.0
-0.024574656
-0.039524984
-0.03401507
-0.010866203
0.013559485
0.017597087
0.0040538874
-0.013489701
-0.022892961
-0.010754559
0.0107359635
0.0281331
0.026746957
0.008010148
-0.00666351
-0.0026607595
0.01328058
0.026514735
0.037055645
0.025100814
0.0065938784
-0.0013164562
0.0026282747
0.019677283
0.032737527
0.03137241
0.016963268
0.003907651
-0.0026004692
0.0051916772
0.019434068
0.028452387
0.01936465
0.0051546544
-0.010290808
-0.007704234
0.0038451827
0.016632417
0.02171081
0.005099187
-0.011452389
-0.019052688
-0.012678713
0.00632782
0.01894886
0.011348561
-0.0050345836
-0.02512682
-0.027588813
-0.015020801
0.002498861
0.011224154
-0.0012448267
-0.024850516
-0.042167667
-0.03961363
-0.018534407
0.0086333025
0.013541345
-0.0012287345
-0.025755206
-0.04529329
-0.040320992
-0.014634651
0.008520827
0.017009558
0.0012126766
-0.026628481
-0.038659047
-0.031350948
-0.008424617
0.010811059
0.011989414
-0.010769893
-0.034636702
-0.041722946
-0.029744998
-0.002375033
0.016593276
0.011829521
-0.009445369
-0.029459773
-0.03763557
-0.022302827
0.0
0.01403134
0.012837026
-0.005823636
-0.023249056
-0.022043407
-0.01042116
0.0046225395
0.0103802765
0.002302188
-0.010339424
-0.016051793
-0.01487576
-0.0034260685
0.004559029
0.006824956
0.0
-0.010196695
-0.010176338
-0.007899103
0.0011261832
0.008991393
0.010094995
0.006716453
0.0022343053
-0.0011148974
-0.0033379293
0.0011103898
0.005540687
0.0066353166
0.0055181785
0.0022027728
0.0010991379
0.0010968907
0.0021892886
0.0054619946
0.005450773
0.0043516452
0.0
-0.0032502834
-0.0054059383
-0.0032368454
0.0010767104
0.005372367
0.007505662
0.0042800102
0.0010677687
-0.0021310719
-0.0021266085
0.0010610737
0.0021176885
0.0031698474
0.0021087772
0.0010521624
0.0010499373
-0.002095427
-0.0020909812
-0.001043269
0.0
0.002077658
0.0
-0.0020687873
-0.004128711
-0.0051498148
-0.0030832482
0.0
0.003069977
0.0010211156
-0.004075627
-0.0071168933
-0.007101448
-0.004049149
0.0010100831
0.0040315213
0.003017036
0.0030104348
0.003003837
0.0029972433
0.0049844217
0.0059681335
0.0039699785
0.0019806034
0.0029643301
0.0059155175
0.012788495
0.013741596
0.012731627
0.004885853
-0.0019499732
-0.0048640193
0.0019412448
0.011621308
0.01642648
0.017353548
0.010581008
0.00191947
-0.0028726845
-9.553893E-4
0.007625748
0.013314686
0.012335451
0.005680285
-9.445487E-4
-0.002827154
9.40222E-4
0.007504486
0.012166711
0.009337423
9.315852E-4
-0.003717718
-0.005563651
-0.0018502446
0.0036918833
0.0018416415
9.1867207E-4
-0.0018330498
-0.008229412
-0.0054734084
-0.0036403674
-9.0795045E-4
0.0
-0.0045183594
-0.005409209
-0.0062957946
-0.0053835907
-0.0044756625
-0.0044650068
-0.002672615
-8.887435E-4
0.0026598505
0.0035379666
8.82368E-4
-0.0044012293
-0.0061468766
-0.0035040246
0.0034955544
0.010461271
0.013044871
0.0078079063
0.0
-0.0017266478
0.002583647
0.012886634
0.020568091
0.021372505
0.013644772
0.0034027912
-8.48599E-4
0.0033860072
0.013510498
0.022742428
0.023526153
0.01592445
0.0058522783
8.339522E-4
0.004991198
0.0149360765
0.022347882
0.021466078
0.013176624
0.0016429226
-0.0016387706
0.0049038655
0.014674287
0.02276868
0.023521835
0.014562542
0.0032278565
-0.0032195991
-0.0024085117
0.0040038815
0.010383323
0.011949895
0.007946039
0.0015850997
-0.0023714926
-0.002365341
0.0015727963
0.005490457
0.0046938336
0.0015605241
-0.0023346606
-0.0046570804
-7.7414175E-4
0.0015442105
0.0038503523
0.003840187
0.0
-0.0015279535
-7.6194917E-4
0.0
0.0015157985
0.0030235082
7.538566E-4
-0.0015036761
-0.0037491063
-0.0059824507
-0.002983173
-7.437819E-4
-7.4177247E-4
-0.0014795298
-0.003688796
-0.0058860425
-0.0044025197
-0.0029270125
-0.0014595096
-7.277584E-4
-0.004354583
-0.007961484
-0.008661365
-0.007917708
-0.0021534138
0.0028632781
0.004996855
0.0021355655
-0.0021296274
-0.0063710855
-0.006353306
-0.0028157975
7.0197775E-4
0.0035000402
0.0034902014
0.001392149
6.941107E-4
-6.921488E-4
-6.901889E-4
6.8823097E-4
-6.8627496E-4
-0.001368642
0.0
0.0020412568
0.0033923546
0.0047356742
0.0013491616
-0.0020179164
-0.0033534938
-0.002006282
0.0020004741
0.005319126
0.0059666294
0.003966173
0.0
-6.5717514E-4
6.552514E-4
0.0039199777
0.007816919
0.0077939075
0.006475767
0.0038739794
6.437518E-4
0.0012836849
0.0051194816
0.00701833
0.0076335226
0.006342259
0.001896981
6.304302E-4
6.285355E-4
0.0018799287
0.0043732673
0.004360049
0.0018629337
-6.1909383E-4
-0.0030860596
-0.0030766604
-0.0030672722
0.0
0.0018291166
6.078344E-4
-0.0018178959
-0.004228689
-0.0054201037
-0.0036022272
-5.9851084E-4
0.0029832632
0.0059479666
0.0023717715
-0.0023643652
-0.005303177
-0.0076361313
-0.004098848
0.0011674139
0.0034911984
0.005220253
0.002312768
-0.0017290744
-0.003447159
-0.00400888
-0.0022834798
5.690451E-4
0.0011344448
-0.001696206
-0.0045086714
-0.0061794487
-0.003919681
-0.0022325725
-0.0011126682
-0.0022181093
-0.0060799518
-0.0077128895
-0.007687691
-0.0054732324
-0.0032731676
-0.00434988
-0.0059613874
-0.007562184
-0.008613919
-0.0075122076
-0.0069524636
-0.007995388
-0.009031235
-0.010060021
-0.008970947
-0.004733398
-0.0047174925
-0.0057464098
-0.010412766
-0.0150474645
-0.014996487
-0.01082266
-0.0056497282
-5.1186094E-4
-0.001530338
-0.0061004004
-0.010639086
-0.011107405
-0.008050293
-0.0010028139
0.0029980384
0.002489708
-9.92425E-4
-0.00593383
-0.005420378
-0.0024551991
0.0044038845
0.008289261
0.0072883363
0.0029050624
0.0
-4.8076038E-4
0.0028743346
0.00811501
0.009513076
0.008057262
0.0037780947
9.4113906E-4
0.0023443988
0.006540694
0.010241168
0.012523282
0.009242909
0.0046046814
4.587933E-4
9.14242E-4
0.0040990612
0.0072605433
0.009494504
0.007207312
0.0031415813
8.942804E-4
8.9097116E-4
0.0031068346
0.004864024
0.0044053704
0.0013166779
-8.745016E-4
-0.0013068345
-8.6794957E-4
4.3234063E-4
4.3070907E-4
-0.0021454003
-0.0055568977
-0.007664937
-0.007635755
-0.0042258995
-0.0021048696
-0.0025161628
-0.0054307454
-0.008322828
-0.010777931
-0.009497454
-0.008226648
-0.00614602
-0.0053058136
-0.0069112997
-0.007694186
-0.006857289
-0.00522321
-0.003601831
-0.0043848655
-0.005955713
-0.0075139976
-0.0082719475
-0.0062773377
-0.0027353733
-0.001167613
-0.0015505748
-0.0038608573
-0.006152488
-0.0053616907
-0.0030514242
-7.5976166E-4
0.001135009
0.0
-0.0022515326
-0.0033634717
-0.0026052978
7.413089E-4
0.0036912623
0.0036760073
0.0018303897
0.0
3.630406E-4
0.002892208
0.006480255
0.008604122
0.0074969735
0.0039104465
7.079886E-4
0.001409985
0.004212011
0.007339676
0.009396503
0.0072771637
0.004485616
0.0020613957
0.0030787855
0.006131005
0.00813932
0.008104032
0.0047068074
6.694716E-4
-3.3327393E-4
0.0013272593
0.004955379
0.008222628
0.008186362
0.0048901
0.0016228084
-3.2311952E-4
6.4336037E-4
0.004163168
0.0057385806
0.006347584
0.003791415
-3.145261E-4
-0.0012524154
-3.1168445E-4
0.002482143
0.0040151044
0.0021521035
-0.0012241416
-0.003960194
-0.004245193
-0.0018109726
0.0
0.0
-0.0023811844
-0.006517726
-0.0079616355
-0.0073373346
-0.0043817144
-0.0014536905
-0.001446824
-0.0034559334
-0.006019167
-0.007416824
-0.0056780167
-0.0028254215
-0.0011247456
-5.596671E-4
-0.0025063527
-0.0047113234
-0.0038610972
-0.0019211611
8.1934035E-4
0.0027177825
0.0021635683
8.0735027E-4
-2.6779043E-4
-0.0013323354
0.0
0.0023744632
0.002887663
0.0028732365
0.0020791586
0.0015515358
0.0015437206
0.0017919105
0.0020375254
0.0022805738
0.0025210653
0.0027590084
0.0027448782
0.002482528
0.002963691
0.0027026858
0.002688688
0.0034041933
0.0033864623
0.0033687737
0.002872395
0.0021429795
0.00213169
0.0016492216
0.0018748383
0.0020979855
0.0018549382
0.0020756528
9.175679E-4
0.0
-6.8078656E-4
-0.0013542114
-2.2447799E-4
4.4651428E-4
8.8815746E-4
6.6247396E-4
-0.0010980652
-0.003276067
-0.0032579848
-0.0019439693
-4.2959454E-4
6.4080313E-4
4.248158E-4
-0.0010560893
-0.002520371
-0.0025061648
-0.0018689968
-4.1297733E-4
-2.0531412E-4
-8.165707E-4
-0.0018267692
-0.00242171
-0.0014045294
0.0
0.001586658
0.0013802567
-1.9602993E-4
-0.0019488347
-0.0023248817
-0.0013481997
7.658516E-4
0.0024742768
0.002648775
0.0015045648
-3.7389225E-4
-9.29124E-4
1.8470665E-4
0.0016523247
0.0027371969
0.0025391954
0.0016223902
0.0012541426
0.0012464484
0.0015927125
0.0022863778
0.0022722124
8.684955E-4
5.178474E-4
8.5767853E-4
0.0015341291
0.0028795463
0.0031979764
0.0021742138
0.0011632815
-3.302443E-4
-1.6406442E-4
0.0013040792
0.0021054617
0.0024136573
0.0017585215
4.7647176E-4
1.5778546E-4
9.405014E-4
0.0010900275
0.0017015837
0.0016903026
9.158493E-4
9.0973475E-4
0.0013554594
0.0014959398
0.001485846
7.3789235E-4
-1.4657558E-4
-5.8230374E-4
-4.337386E-4
5.743456E-4
0.0014259651
0.0015577086
-2.8125301E-4
-0.001396464
-0.0016640346
-0.0015146557
1.3672565E-4
6.7879306E-4
5.3917937E-4
-2.6766869E-4
-6.643856E-4
-3.9576957E-4
-1.3097253E-4
3.9007547E-4
7.7448646E-4
0.0
-7.6321664E-4
-8.838799E-4
-3.760129E-4
6.220501E-4
0.0018522855
0.0019610347
9.731757E-4
-1.2073255E-4
-7.189287E-4
-4.7565464E-4
7.0805504E-4
0.0015224041
0.0017431525
0.0010378407
1.1442443E-4
-3.4060964E-4
-1.12651986E-4
1.1177075E-4
7.762499E-4
7.701279E-4
2.1829408E-4
0.0
-2.1482914E-4
1.0655334E-4
4.2278183E-4
5.242046E-4
3.1196917E-4
-3.094256E-4
-7.160816E-4
-7.101936E-4
-1.0061843E-4
2.99352E-4
2.9685875E-4
1.9625039E-4
-2.919025E-4
-8.6831854E-4
-9.5662207E-4
-5.690877E-4
9.403705E-5
3.7291812E-4
2.7727612E-4
-1.832492E-4
-8.174448E-4
-6.302323E-4
-8.924254E-5
4.4227642E-4
6.1369984E-4
1.7378184E-4
-3.444553E-4
-6.827209E-4
-5.9198856E-4
8.3802865E-5
6.643147E-4
5.7595444E-4
8.152247E-5
-5.6538393E-4
-8.8021124E-4
-3.9636338E-4
3.1411822E-4
0.0010112679
0.001001696
1.5264128E-4
-6.047293E-4
-7.486509E-4
-2.2242732E-4
4.4053924E-4
0.0010179036
7.91945E-4
2.138581E-4
-3.5290243E-4
-3.4939183E-4
6.917968E-5
4.109065E-4
6.779259E-4
5.3683354E-4
-1.9925769E-4
-7.231147E-4
-8.4577495E-4
-5.150797E-4
1.9114125E-4
3.7827593E-4
1.2476333E-4
-4.3204552E-4
-0.001038077
-0.0010269594
-4.1831192E-4
2.3644706E-4
5.2621326E-4
2.8913983E-4
-2.8595625E-4
-7.918119E-4
-8.9485117E-4
-5.530186E-4
0.0
3.78417E-4
2.137745E-4
-2.6415574E-4
-7.311099E-4
-8.7748206E-4
-3.5710164E-4
1.5124776E-4
3.4874558E-4
1.9691659E-4
-2.9184585E-4
-6.727879E-4
-6.646508E-4
-3.7517858E-4
4.6323068E-5
3.202661E-4
1.3555503E-4
-2.2310606E-4
-4.40609E-4
-3.4803263E-4
-8.590148E-5
2.120045E-4
2.9298186E-4
0.0
-2.8540634E-4
-3.6212822E-4
-3.97041E-4
-1.175257E-4
1.9324933E-4
1.14384E-4
0.0
-2.5966341E-4
-2.9266736E-4
-1.8037786E-4
0.0
1.052112E-4
0.0
-1.0223779E-4
-1.6794482E-4
-6.620436E-5
6.5237815E-5
2.8925235E-4
2.849662E-4
1.2476076E-4
1.2288395E-4
1.8153184E-4
2.9793146E-4
4.693521E-4
4.3319084E-4
2.558502E-4
1.1191893E-4
5.5070388E-5
1.6256509E-4
3.465371E-4
4.457867E-4
3.8688487E-4
3.043852E-4
2.2447867E-4
1.96178E-4
2.6516555E-4
2.6062527E-4
1.8627191E-4
9.151323E-5
4.4952332E-5
8.831026E-5
1.5177752E-4
1.277459E-4
-2.0903006E-5
-1.4363E-4
-2.013768E-4
-1.5808268E-4
-7.754614E-5
-1.9016281E-5
-9.324788E-5
-2.925827E-4
-4.660971E-4
-4.7441036E-4
-3.615832E-4
-2.699087E-4
-1.982867E-4
-2.7509473E-4
-4.2778125E-4
-5.117974E-4
-4.8569049E-4
-3.5640484E-4
-2.3241813E-4
-1.9887871E-4
-2.916621E-4
-3.801078E-4
-4.1122886E-4
-2.851019E-4
-1.13908216E-4
1.2357323E-5
-3.618522E-5
-1.1769722E-4
-1.9518156E-4
-1.9033845E-4
-7.64054E-5
1.0637302E-5
6.217868E-5
1.0092493E-5
-7.860353E-5
-1.0518155E-4
-5.5812277E-5
2.7137114E-5
7.91364E-5
5.980614E-5
-8.298108E-6
-4.028027E-5
-4.690544E-5
0.0
5.145934E-5
7.123577E-5
4.139638E-5
6.678791E-6
-1.9385288E-5
-6.2483114E-6
3.6230627E-5
6.998571E-5
6.755311E-5
2.715144E-5
-5.2347305E-6
-1.0085505E-5
9.70871E-6
2.3347693E-5
2.6929823E-5
1.2931952E-5
-8.273159E-6
-1.9830459E-5
-1.1397559E-5
-3.635865E-6
1.3904509E-5
1.3279894E-5
0.0
-1.5092102E-5
-2.0111152E-5
-1.3656043E-5
-2.5929814E-6
2.4583405E-6
6.9818593E-6
2.1998192E-6
-4.151878E-6
-1.9556464E-6
-3.6778833E-6
0.0
4.84889E-6
4.5310708E-6
0.0
-2.6184885E-6
-3.6422152E-6
-3.3674664E-6
0.0
1.9001849E-6
4.346397E-6
0.0
-4.3105474E-6
-5.1870647E-6
-3.4915954E-6
0.0
4.598047E-6
4.4454046E-6
2.4642948E-6
3.0354812E-7
-1.0345833E-6
-6.5200595E-7
7.184668E-7
1.7458809E-6
1.4944216E-6
7.0410454E-7
1.9398848E-7
-1.3471451E-7
2.8739146E-8
9.6994754E-8
7.903284E-8
1.4369616E-8
0.0
