0.029229848
0.08870816
0.19417052
0.16760328
0.26741067
0.38223323
0.17872784
1.0066307
1.3417063
0.93737566
0.7554647
0.25520232
0.5901277
0.6255467
0.32519522
0.3548832
0.63099974
0.69667274
0.3676085
0.16501848
0.49036926
0.32842064
0.40058225
0.530874
0.18240508
0.12375959
0.486971
0.12114372
0.6356659
0.3255283
0.2093773
0.15498284
0.01677929
0.35373965
0.33890596
0.3982307
0.5124322
0.39980564
0.2044269
0.19484589
0.33030677
0.5340028
0.1357036
0.3752524
0.32396156
0.51813567
0.81596965
0.33641547
0.5497702
1.3370584
1.5314624
1.8660467
0.8893389
0.36756548
0.13922888
0.06578817
0.2592074
0.26497185
0.3333192
0.43856317
0.4806028
0.5583661
0.25543663
0.23564605
0.85904366
0.7479397
0.21569003
0.20548072
0.56972784
0.74840677
0.61863655
0.5770371
0.28380865
0.25151694
0.18253197
0.14479798
0.22723073
0.3771052
0.5476621
0.29036516
0.31686932
0.27438012
0.09732073
0.22546206
0.11841557
0.10522685
0.102883555
0.124124356
0.23108073
0.10256256
0.103743754
0.29220325
0.38499126
0.35786808
0.040407017
0.38286453
0.3990714
0.5529139
0.5483501
0.22195494
0.25931862
0.3223848
0.36962688
0.26131997
0.13145794
0.13526598
0.08421037
0.42170143
0.43797117
0.26306206
0.10133658
0.11836924
0.20362511
0.15664743
0.1301053
0.080941126
0.05279144
0.013605914
0.28125632
0.4674595
0.29346752
0.14806019
0.07527655
0.107092954
0.08571162
0.13059348
0.23389037
0.1656942
0.09102348
0.03492176
0.14551875
0.11983377
0.060680073
0.20953888
0.096168436
0.175905
0.28822246
0.30275682
0.30863392
0.3444035
0.42351812
0.4603172
0.31944245
0.10798711
0.25382325
0.15464722
0.069088586
0.11665565
0.23438674
0.19624452
0.11413786
0.07649579
0.059693865
0.19307788
0.2383461
0.025486842
0.23611431
0.2851198
0.2766562
0.21705048
0.1930413
0.07140911
0.15399562
0.15323552
0.16312689
0.10036801
0.09082617
0.18535735
0.12747844
0.13171189
0.15908025
0.113457724
0.09605225
0.13591856
0.12806752
0.0453025
0.06777452
0.049576122
0.07831016
0.03062171
0.19204283
0.13793364
0.075633824
0.0485745
0.28111878
0.18878423
0.09657676
0.1342251
0.12953015
0.12862794
0.03481188
0.035514366
0.11374367
0.0850748
0.067992955
0.13119796
0.14129783
0.118484914
0.08619445
0.044342216
0.09852938
0.0976384
0.052540008
0.06098462
0.078358054
0.031582516
0.040924367
0.049151957
0.1002812
0.11262836
0.13850321
0.18001187
0.13591917
0.057287008
0.037709724
0.043855023
0.03928187
0.02861307
0.09656923
0.078660585
0.070817135
0.06308021
0.09711582
0.14917268
0.07883332
0.034186598
0.07488048
0.054973036
0.17038867
0.15312716
0.03197076
0.079343826
0.054232426
0.037159346
0.080688775
0.061463308
0.041116662
0.03396004
0.07159417
0.086938664
0.16409765
0.09483149
0.14757223
0.083165914
0.07091563
0.116620295
0.1793517
0.18081845
0.09798201
0.076875575
0.120179035
0.09220406
0.01421989
0.07719337
0.055774074
0.13400018
0.19463013
0.13043162
0.07493793
0.03899013
0.065857664
0.035223648
0.084181845
0.16606432
0.09648401
0.014242403
0.070685074
0.0972293
0.14149119
0.13616939
0.018418107
0.04810062
0.05854387
0.01010123
0.07073599
0.007925678
0.058936097
0.14680326
0.15343136
0.12477417
0.08947337
0.06556552
0.023384001
0.016088123
0.015061299
0.086028926
0.1178902
0.046506237
0.030968033
0.07053161
0.082791165
0.1317989
0.11880544
0.06854229
0.026355814
0.058132567
0.112492844
0.054675028
0.014870928
0.073562615
0.109590694
0.12144971
0.07161952
0.03590985
0.06093361
0.17776626
0.11723538
0.062814064
0.088978425
0.0052506127
0.117682025
0.13927081
0.06719075
0.026367571
0.026014186
0.074256666
0.08059553
0.06573816
0.0805532
0.018184114
0.01834817
0.08473706
0.10025377
0.03247616
0.032134544
0.13241218
0.18427771
0.026259698
0.15717009
0.12582438
0.0849193
0.048905533
0.06597291
0.06341148
0.057902794
0.12979558
0.13391528
0.13260216
0.08031006
0.10849923
0.16352575
0.0992817
0.1364571
0.102432355
0.05517616
0.07294518
0.062026765
0.09230982
0.079740904
0.064949736
0.10982668
0.06533672
0.07281925
0.05062227
0.11684071
0.04568639
0.08404689
0.11658018
0.11304267
0.068189554
0.033497535
0.08971901
0.12056457
0.064633146
0.09732131
0.07173551
0.03644551
0.077373646
0.15001075
0.13759835
0.12460524
0.15778585
0.12332232
0.06884511
0.072658144
0.025590409
0.08373783
0.059240572
0.0145598585
0.05535255
0.09428593
0.04827063
0.06179978
0.030854376
0.03324271
0.03579003
0.12739551
0.1415645
0.07154462
0.025673931
0.054316115
0.08319801
0.0019716476
0.07362731
0.0820015
0.047375027
0.01627865
0.012375324
0.052595653
0.07687294
0.11285348
0.10400423
0.058488443
0.01496939
0.062178325
0.04775163
0.020693181
0.025813848
0.079915635
0.05704885
0.07696188
0.026200974
0.08218619
0.1196985
0.049517166
0.018944995
0.06342897
0.08382047
0.0747772
0.012595963
0.089211114
0.11919145
0.113787614
0.04275256
0.032256622
0.0043886835
0.057980083
0.1287265
0.16870144
0.08444096
0.06299777
0.06277815
0.12766565
0.1495101
0.06666206
0.1372109
0.15049738
0.048231434
0.032600097
0.050676536
0.0155969495
0.080105536
0.039960418
0.045633942
0.083849914
0.067918755
0.056883376
0.029814482
0.021261815
0.11097981
0.14965929
0.05096025
0.08544322
0.057783403
0.067383915
0.15475485
0.032098155
0.12393405
0.067041844
0.0963099
0.10778389
0.0567471
0.117593616
0.05367547
0.0792896
0.045239445
0.08780337
0.048020292
0.14411251
0.18826702
0.112276755
0.05523943
0.035086088
0.05973497
0.08833205
0.0718124
0.078985386
0.10626037
0.113041356
0.12745596
0.11910946
0.07296552
0.06130388
0.09906093
0.119150504
0.0057602925
0.029060367
0.049651418
0.041320678
0.100472994
0.08157059
0.03579023
0.114024505
0.11424469
0.06494425
0.06129591
0.15703195
0.13664472
0.061908465
0.041784342
0.06645101
0.0898293
0.071258545
0.04342661
0.006917206
0.032726534
0.044330716
0.025571544
0.04167181
0.07113723
0.055703286
0.108566165
0.09044758
0.097603165
0.090659894
0.02443845
0.024905344
0.052869182
0.12493295
0.07920021
0.04924088
0.05740007
0.070570774
0.057293527
0.084407166
0.06810564
0.100662686
0.17152713
0.08820472
0.030277131
0.05440488
0.029186003
0.05496333
0.088675976
0.063161395
0.039133657
0.08596921
0.096047044
0.044858065
0.07778486
0.056528315
0.07860617
0.020959273
0.10530474
0.051075023
0.01699716
0.08661675
0.09888545
0.009151428
0.061684795
0.12141048
0.07869468
0.12101306
0.10347399
0.08099369
0.08311481
0.062034063
0.058701072
0.04234913
0.056006636
0.054176364
0.06702014
0.008355491
0.07829259
0.0638896
0.0715639
0.09679257
0.08449892
0.074191466
0.052857198
0.08384256
0.16921656
0.14231174
0.053448576
0.123478375
0.12215073
0.06684952
0.04221735
0.0953001
0.064507686
0.044538327
0.032487135
0.10127517
0.0970043
0.060952414
0.12670802
0.031969603
0.08016477
0.057910174
0.03093431
0.070982665
0.02763016
0.038546927
0.074803315
0.08548742
0.04615689
0.08988304
0.109566696
0.1063568
0.12984255
0.16153422
0.106254086
0.100739054
0.13424353
0.07612831
0.054821685
0.07059365
0.07174192
0.088270694
0.10329083
0.057375044
0.14767838
0.1085504
0.06095543
0.036577307
0.0537662
0.075953
0.12384591
0.13121717
0.051161144
0.17743218
0.09306711
0.06525544
0.103511274
0.028862646
0.12111939
0.10964099
0.07243045
0.059309285
0.06549173
0.10507479
0.19048674
0.12456297
0.113181286
0.10602988
0.085754074
0.09634189
0.09520795
0.045092434
0.08048335
0.120859385
0.10530007
0.12646931
0.11108463
0.079347536
0.08305069
0.023347767
0.041891634
0.123967975
0.13477896
0.036413018
0.03194873
0.011264026
0.08870288
0.025126906
0.08701903
0.03150135
0.057835393
0.07273292
0.111992314
0.0996707
0.11283467
0.08647793
0.013639839
0.02274631
0.046646714
0.03892842
0.066748075
0.09304116
0.0958333
0.06917523
0.039445307
0.16401713
0.13107398
0.012762726
0.03575673
0.057267625
0.03735371
0.046979263
0.08846996
0.012236196
0.05881117
0.043957576
0.0407331
0.07884444
0.05471985
0.050468195
0.0035037717
0.12784119
0.08796982
0.040142197
0.05442116
0.05473341
0.07259659
0.031533882
0.04290189
0.027186966
0.033043593
0.04413558
0.07863522
0.07295638
0.04967097
0.056804694
0.08784073
0.12356474
0.11214929
0.1179225
0.09193956
0.104040176
0.044788666
0.09336693
0.10370137
0.049400095
0.065269336
0.062319748
0.10999075
0.041383587
0.066255085
0.15145037
0.11427106
0.027697235
0.014209635
0.033710457
0.028896386
0.023778731
0.05349324
0.04329746
0.05282354
0.06774002
0.050899014
0.04301654
0.05123283
0.034021374
0.10569076
0.08242951
0.050286245
0.07364089
0.051585242
0.059505712
0.07463309
0.058344122
0.06764638
0.112636626
0.10353824
0.0744212
0.019953208
0.0222693
0.020711362
0.07954731
0.07289367
0.06447181
0.14176244
0.19442807
0.12324658
0.04523943
0.064661205
0.101538956
0.045994416
0.08460002
0.093573265
0.14476539
0.18444978
0.14069916
0.07267812
0.08125432
0.044369385
0.08525305
0.044894863
0.082217954
0.054417353
0.10016797
0.056415077
0.051566474
0.078761965
0.114557505
0.057331223
0.056728315
0.08689753
0.054503128
0.03578433
0.04245064
0.007525103
0.013454799
0.039714467
0.09256835
0.10987236
0.09844785
0.060292464
0.03449009
0.017046755
0.073988
0.10606842
0.1114007
0.06867752
0.025809338
0.021710893
0.03603616
0.04673354
0.022146916
0.097192675
0.11536855
0.0795453
0.030638076
0.0012323351
0.06294941
0.036676344
0.061736684
0.0168298
0.079510495
0.11220685
0.084336296
0.02664199
0.055145897
0.06451327
0.07746036
0.085284784
0.08542134
0.036293183
0.0474202
0.027531935
0.0406161
0.04951911
0.067935966
0.1046109
0.07888266
0.05892753
0.0029746587
0.06131259
0.051253676
0.021559829
0.043100744
0.035670932
0.045881756
0.051920313
0.079941876
0.1137502
0.10284466
0.072666354
0.03185814
0.050494
0.08931158
0.10714433
0.06664567
0.06972323
0.06526464
0.026445067
0.042555533
0.0086056795
0.060628675
0.06406467
0.041393116
0.08330905
0.07479016
0.029492255
0.030815428
0.036661472
0.043917596
0.033463005
0.029008975
0.08656328
0.08833489
0.059610363
0.028384104
0.015556895
0.050801065
0.104785725
0.10527309
0.08724757
0.075845495
0.01315983
0.04867309
0.032866005
0.079039045
0.07117024
0.04224197
0.084391855
0.100529134
0.012247333
0.069196664
0.05991627
0.05872763
0.052625004
0.087823965
0.080394655
0.02278414
0.008663548
0.007331979
0.037944812
0.020213794
0.027986733
0.0459271
0.05054825
0.037639912
0.08323903
0.07281843
0.044279654
0.07981442
0.077426076
0.09095647
0.077263534
0.0782086
0.111705765
0.112120174
0.058854625
0.07351717
0.12723224
0.13305227
0.055934988
0.050042417
0.07085664
0.064269476
0.06704977
0.06940791
0.037954953
0.037799567
0.04784668
0.0531902
0.034145527
0.049017917
0.08071289
0.073981695
0.069701165
0.05392776
0.061681658
0.0363282
0.13290039
0.12567899
0.07788584
0.09999655
0.07771097
0.017409893
0.01815908
0.036008243
0.022111151
0.05946106
0.053979654
0.052861787
0.038822025
0.010636543
0.025716245
0.051406037
0.055243574
0.03501891
0.01699495
0.025744699
0.074355215
0.08659949
0.059131127
0.061240498
0.076801755
0.09713386
0.09729062
0.09369592
0.076729804
0.026089719
0.045745075
0.042803865
0.058159363
0.03965981
0.04289052
0.04373342
0.07620573
0.08877682
0.044457458
0.0446526
0.07321296
0.036155295
0.03856791
0.08008288
0.0520371
0.042807136
0.06933806
0.023430457
0.079203166
0.116246566
0.062378135
0.026110575
0.04595077
0.04243006
0.021245873
0.048439156
0.07875895
0.062218267
0.060288507
0.06348751
0.017944582
0.010352185
0.026602522
0.053397916
0.056788515
0.06493205
0.05319156
0.038273845
0.034312114
0.054786842
0.058573633
0.05398984
0.034220614
0.061303914
0.086939774
0.08533657
0.021127632
0.05582564
0.06330954
0.07814201
0.07733795
0.05414531
0.009817438
0.043543454
0.08064035
0.10424306
0.055242423
0.08884933
0.11128763
0.11348408
0.11901509
0.08819789
0.07733009
0.11212383
0.08722832
0.054791246
0.067780025
0.062083103
0.08618121
0.10154733
0.08351064
0.07185718
0.061012376
0.032593697
0.039516922
0.017804362
0.043868028
0.07215974
0.08172786
0.076762974
0.035393685
0.05817532
0.050274834
0.06940787
0.11490506
0.032556027
0.028327426
0.04428088
0.0962373
0.1352343
0.11150094
0.057686508
0.09413793
0.059637703
0.025746306
0.022406045
0.054680467
0.04969619
0.061138276
0.065240294
0.07709525
0.058241587
0.03414789
0.051991228
0.019116571
0.07790895
0.041717898
0.03126922
0.076315776
0.06798084
0.053032972
0.043317515
0.06239046
0.037330996
0.017963845
0.06966347
0.03069975
0.04660621
0.014900814
0.0326221
0.008195935
0.05412921
0.08468834
0.0706561
0.053991534
0.02633449
0.03125463
0.039266884
0.017787743
0.048567012
0.0384508
0.018201206
0.042094067
0.013039588
0.042240508
0.06499895
0.09010322
0.08722534
0.037297264
0.020298453
0.06270217
0.07222728
0.08695237
0.11060248
0.07977062
0.05331231
0.05537683
0.036782436
0.07179655
0.06958479
0.10226096
0.08634021
0.057044905
0.039471317
0.01084458
0.018689152
0.018397978
0.02726251
0.043033488
0.019813774
0.020728076
0.025130255
0.01519138
0.050703194
0.041710887
0.023868164
0.025274042
0.030163301
0.09822069
0.045336984
0.047883134
0.047591854
0.03680742
0.05142697
0.08953365
0.04021707
0.06473587
0.049598016
0.025882505
0.05418287
0.029434495
0.01682966
0.07430675
0.09850891
0.09049046
0.068708606
0.07449174
0.062463097
0.03462522
0.047085587
0.059975803
0.090746626
0.07916522
0.045336064
0.060551163
0.057819743
0.025107436
0.081205
0.14496017
0.14773083
0.08196496
0.010095263
0.019031893
0.028918091
0.030551786
0.055936877
0.021648042
0.13777511
0.09331329
0.070705235
0.11929919
0.09577656
0.078656375
0.054316312
0.04309572
0.083466634
0.025251957
0.075100034
0.05679029
0.03539623
0.0405271
0.029798726
0.08488531
0.07829686
0.04195886
0.075507276
0.04019764
0.049510162
0.10400948
0.10439282
0.050416075
0.046019264
0.07690491
0.032904994
0.02142716
0.030740803
0.036733594
0.11229889
0.13558601
0.067729264
0.0025894549
0.043836467
0.06508784
0.039927587
0.099544145
0.07096021
0.09546659
0.085585736
0.051876828
0.059253696
0.07414053
0.087225385
0.059748664
0.10231804
0.15677701
0.11747426
0.026429642
0.023640923
0.015665224
0.04091958
0.0498136
0.027587272
0.06711665
0.08866325
0.04167054
0.08465371
0.103607684
0.033789728
0.10165947
0.087474965
0.017878307
0.043184336
0.055397645
0.03134938
0.026098298
0.08914631
0.08844931
0.048311256
0.024142312
0.02834624
0.032119017
0.11505815
0.078470364
0.026018027
0.016250953
0.08472326
0.08121303
0.019625759
0.07012727
0.09995915
0.07245079
0.052912377
0.057951618
0.063337296
0.04595359
0.07923919
0.060412314
0.10102302
0.11590115
0.11147452
0.034546025
0.1269942
0.11959483
0.06726749
0.0645055
0.083263464
0.10319357
0.08939871
0.060360715
0.0695405
0.054470025
0.038038246
0.018480606
0.042975858
0.0087880455
0.03835384
0.0677311
0.049191914
0.042955976
0.05717457
0.024921898
0.04884403
0.030033067
0.068593055
0.035576753
0.034006655
0.05289336
0.021940537
0.023998238
0.03611414
0.0675945
0.06385265
0.03684649
0.025879176
0.018057032
0.02678127
0.06455288
0.092753656
0.13267694
0.15157655
0.07583424
0.028584575
0.06228773
0.05219579
0.012725152
0.017819844
0.028594626
0.09166645
0.09149768
0.023365691
0.040596522
0.033803865
0.07696505
0.09862966
0.06007421
0.03644678
0.097532324
0.09062686
0.034217283
0.020638341
0.05631529
0.04708709
0.030608105
0.035170715
0.06740676
0.05551719
0.029242404
0.05548223
0.089705266
0.073880315
0.06720218
0.062597826
0.0730716
0.09149217
0.094237216
0.08731302
0.10887183
0.10227747
0.076379426
0.01927225
0.06871495
0.066411205
0.027352102
0.073115736
0.12782733
0.10725579
0.062235996
0.11401506
0.09148966
0.096497804
0.08466411
0.026788086
0.01723096
0.0070953593
0.04721129
0.07208017
0.13207959
0.133958
0.03708459
0.01608059
0.0211812
0.04084123
0.11209962
0.1368603
0.093062356
0.08957814
0.0697655
0.035864007
0.0121616265
0.050084934
0.020180672
0.030417671
0.030456932
0.10492408
0.10078596
0.06517539
0.09695157
0.0694491
0.044860817
0.087934405
0.06740397
0.025588356
0.021472754
0.019598514
0.027548537
0.051356573
0.04103517
0.04655005
0.093620464
0.11647047
0.036680695
0.061738025
0.04269046
0.048468757
0.115331694
0.092831664
0.13372539
0.1438678
0.1085684
0.08515512
0.0066350526
0.07477077
0.059896015
0.046489682
0.078905396
0.11880785
0.097146146
0.055520855
0.103434175
0.063142136
0.042882267
0.075185865
0.08545032
0.05513279
0.06303297
0.09946759
0.062207762
0.031350728
0.047896132
0.036925785
0.037327405
0.038351662
0.1250748
0.14085028
0.117552914
0.020235796
0.10052274
0.12008526
0.065558665
0.09868153
0.1215003
0.04928001
0.02540944
0.012949821
0.024792911
0.017482104
0.032444846
0.03876253
0.14892541
0.09912955
0.05416094
0.09867868
0.08036841
0.026686197
0.061948273
0.029440008
0.06410843
0.03448577
0.06598593
0.044511896
0.036843702
0.011606057
0.039909955
0.0790873
0.10250489
0.04765388
0.11386022
0.122625895
0.08059238
0.10223813
0.09233427
0.09626336
0.039982904
0.07718104
0.07465327
0.06215225
0.06850488
0.022728223
0.056466714
0.023965979
0.120390855
0.12071305
0.02630335
0.0637576
0.0819718
0.068712056
0.101728335
0.096739426
0.04405989
0.038001105
0.009103298
0.04321632
0.07643935
0.058118682
0.07072141
0.033816423
0.042507883
0.012114388
0.054848637
0.12191119
0.10726459
0.08810693
0.07391468
0.05865824
0.13422674
0.12099493
0.026299654
0.050743908
0.037551146
0.02733118
0.06467866
0.038456406
0.04123349
0.04952893
0.03544227
0.019676503
0.10315756
0.12055188
0.112152554
0.07050488
0.068761185
0.073192425
0.07820798
0.089956924
0.04807659
0.10156041
0.064663835
0.012862321
0.012468402
0.06842822
0.104981504
0.103256434
0.10715466
0.108399294
0.13299909
0.032145705
0.019052632
0.0016001336
0.045425255
0.09158565
0.0800072
0.082992904
0.025889307
0.05501488
0.068215795
0.06888625
0.041886214
0.0059331274
0.053251076
0.08068198
0.12040146
0.09839737
0.030452121
0.06717389
0.09878278
0.08704285
0.07792894
0.035487175
0.021578759
0.03713665
0.058043197
0.039596662
0.036229745
0.08348388
0.073901094
0.066295855
0.047018167
0.03151614
0.08500132
0.16463874
0.103916
0.079500735
0.060917176
0.021069622
0.04046851
0.044431314
0.0701088
0.075923376
0.0919226
0.07059534
0.047673184
0.08211275
0.08926981
0.020218855
0.07401538
0.031780157
0.06566045
0.100216165
0.061131597
0.03143348
0.04637624
0.045945708
0.09244713
0.021906272
0.08164626
0.03981859
0.045233276
0.110796556
0.091556095
0.022738228
0.05727525
0.06840844
0.060092162
0.045321263
0.015140704
0.01388676
0.0024051198
0.029779898
0.07310717
0.082619846
0.026603375
0.111035116
0.09363175
0.069991626
0.12271294
0.016385252
0.09245299
0.07764236
0.028656969
0.04863643
0.071607634
0.06401531
0.04375163
0.03860106
0.04172563
0.073163874
0.07933714
0.048344254
0.06373972
0.023807725
0.045182575
0.05247467
0.06944261
0.044854023
0.042604983
0.050299123
0.028382909
0.074862935
0.0542825
0.063302964
0.03788917
0.06306107
0.04978649
0.060597446
0.06632239
0.054062013
0.051901642
0.03771008
0.01788785
0.013595898
0.014644169
0.07766053
0.07100647
0.04349932
0.050859805
0.042161826
0.1375035
0.13498078
0.039465632
0.048745904
0.055040676
0.031267725
0.04801775
0.07555103
0.074043386
0.05692981
0.06088547
0.045173768
0.03952957
0.035998818
0.01843144
0.018714678
0.03526658
0.043104034
0.06869344
0.0779419
0.03875055
0.037855044
0.05658079
0.027241908
0.012034174
0.078273
0.13110356
0.10406524
0.095644414
0.064968266
0.07817749
0.07814015
0.008374092
0.041621923
0.06460958
0.08660623
0.046962786
0.059005063
0.03033159
0.064338274
0.095935784
0.0899959
0.08583175
0.07725449
0.07017591
0.09203671
0.083361164
0.06102737
0.037690844
0.05477603
0.099901
0.10408595
0.08222278
0.0803989
0.03092011
0.0498444
0.03728271
0.026623623
0.015783181
0.024703313
0.0539714
0.04883609
0.029711168
0.07549126
0.05187367
0.034205183
0.055125326
0.06567662
0.03123559
0.084901914
0.099349886
0.08614016
0.114787616
0.05857157
0.014997015
0.067404844
0.11793693
0.14981173
0.1373743
0.063897856
0.041350015
0.021856384
0.11405614
0.056594625
0.039550956
0.06094394
0.10173975
0.064282335
0.113912046
0.13140883
0.03545951
0.11580681
0.054090276
0.08306778
0.07155945
0.03307203
0.08058802
0.087438114
0.06497456
0.06227856
0.11732544
0.05469561
0.05002874
0.07075987
0.018732466
0.035076838
0.029793987
0.05327613
0.067329206
0.016320815
0.090625435
0.03341215
0.08991729
0.04468289
0.04164655
0.046837512
0.08973394
0.08702419
0.08876918
0.041691218
0.03788823
0.053261794
0.021305125
0.033546455
0.05804615
0.045679655
0.098099574
0.12751628
0.08885871
0.070381366
0.050973095
0.059934843
0.0744007
0.07482991
0.050125126
0.048264854
0.04624905
0.033346754
0.024450237
0.08938796
0.06803404
0.03162553
0.035495866
0.063349925
0.08961989
0.028732015
0.07004851
0.078390084
0.062159702
0.030566359
0.06122949
0.085381605
0.03763113
0.07437305
0.062491007
0.012145198
0.020128736
0.013591236
0.055103015
0.063498296
0.036895595
0.09705111
0.048835218
0.08490822
0.04179193
0.030745514
0.038223818
0.04735455
0.017096346
0.021227192
0.029974474
0.054267276
0.074362986
0.058923732
0.06203899
0.023632396
0.039270177
0.031767778
0.012266915
0.022181729
0.044221424
0.013326432
0.04537993
0.06871962
0.073983364
0.095100135
0.0794373
0.036588605
0.054238457
0.08112148
0.07848586
0.034715302
0.026692778
0.01648139
0.015614142
0.039155655
0.10166277
0.12112732
0.0152537385
0.12232782
0.11299002
0.03562471
0.03576501
0.04686335
0.12606686
0.17065145
0.0928263
0.04735183
0.027912136
0.07274943
0.10477461
0.060513075
0.018035341
0.020364
0.04971357
0.049930442
0.059390146
0.07575368
0.032252703
0.015299665
0.030508775
0.029356252
0.02920515
0.11629307
0.10929738
0.036778595
0.02570537
0.06963488
0.076434955
0.06861385
0.08303208
0.051537473
0.0428946
0.04469498
0.015056945
0.0464361
0.066610515
0.080233015
0.04829281
0.08696709
0.11028699
0.06164245
0.03383419
0.105997205
0.11114986
0.056443285
0.012224571
0.020688398
0.010906977
0.026338583
0.03185827
0.040552203
0.06512724
0.047980264
0.04095731
0.05782792
0.037786804
0.053224478
0.093876205
0.09033898
0.07333723
0.07329344
0.05859645
0.029167661
0.0082679
0.049072057
0.06721117
0.09395023
0.093375504
0.025466464
0.04239566
0.02170942
0.048856296
0.05505514
0.013850406
0.015056561
0.050577376
0.031503372
0.01244368
0.017521324
0.029395673
0.019268472
0.031590246
0.027494488
0.032050297
0.05248305
0.045730982
0.04272105
0.029002134
0.012793122
0.023439074
0.042364888
0.09389124
0.077137224
0.022921272
0.019053172
0.015718058
0.029367328
0.05953426
0.06795412
0.056011863
0.05790755
0.023614412
0.04446107
0.039241318
0.026028896
0.06939424
0.0911254
0.0444381
0.02540661
0.020845124
0.024846409
0.0167387
0.07723579
0.064584345
0.05331449
0.045041896
0.009612619
0.004387551
0.022937344
0.04247892
0.058813643
0.042613816
0.028360037
0.028024923
0.05055172
0.0701304
0.051774453
0.01649721
0.052720107
0.045822937
0.014180318
0.024598377
0.026839342
0.013651433
0.019892521
0.06299788
0.05331064
0.039527927
0.0165429
0.024713684
0.009468724
0.040555768
0.042588994
0.009673542
0.016856402
0.02458899
0.053037316
0.06461464
0.031026768
0.042279083
0.038154524
0.04567276
0.061081138
0.024913512
0.0056685726
0.014993167
0.029141668
0.069411114
0.06268196
0.029949883
0.035721485
0.036328487
0.0038378239
0.040188752
0.02155435
0.013705604
0.0078863725
0.04135128
0.038986653
0.016009253
0.013149058
0.0477947
0.057097737
0.03379153
0.012182781
0.013421055
0.011920541
0.026291
0.026719099
0.02839245
0.029468564
0.036158185
0.047679104
0.034970053
0.06521011
0.055952735
0.025755322
0.026828233
0.024910381
0.021931602
0.029394887
0.043433003
0.036532506
0.023417726
0.011245234
0.008895651
0.013411091
0.02967709
0.04963767
0.044429198
0.020214526
0.016620956
0.035817765
0.050818145
0.04240965
0.02618775
0.011762683
0.0
0.0
0.003051829
0.0
-0.0030517967
0.0
0.0
0.0
-0.003051689
0.0
0.0
0.0
0.0
-0.0030514733
0.0
-0.003051362
0.0
0.0030512363
0.003051168
0.0
0.0
0.0030509417
0.0
0.0
0.0
0.0
-0.0030504928
-0.0030503923
0.0030502882
-0.0030501804
-0.003050069
-0.003049954
-0.0030498356
0.0
0.0
-0.0030494586
0.0
-0.0030491892
-0.0060980986
-0.0030489056
-0.0030487585
-0.006097215
-0.0030484532
-0.0030482954
-0.0060962676
-0.0030479687
-0.0060956003
-0.0030476279
-0.0030474518
0.0
0.0
-0.0030469028
-0.006093425
-0.006093038
0.0
0.0
0.0
-0.003045708
-0.0030454963
0.0
0.0
-0.00304484
0.0
0.0
0.0
0.0
0.0030436744
0.0030434304
0.0030431831
0.0060858643
0.0030426774
0.0
0.0030421577
0.0060837846
0.0030416236
0.0
0.0
0.0
0.0
0.0
0.0
-0.0030396418
-0.0030393444
-0.0030390436
-0.006077478
-0.003038431
-0.0030381195
-0.0030378043
-0.0030374855
-0.0030371633
-0.0030368373
-0.0030365079
-0.003036175
-0.0030358385
0.0
0.0
0.0
0.0
0.0
0.0030337449
0.0030333833
0.0030330184
0.0030326499
0.0
0.0
-0.0030315232
-0.0030311407
-0.0030307544
-0.0060607293
-0.0030299714
-0.0030295746
-0.0030291742
-0.0030287702
-0.0030283628
0.0
-0.0030275374
-0.0060542384
-0.006053395
-0.006052545
-0.0030258438
-0.0030254116
-0.003024976
-0.0030245367
-0.003024094
-0.0030236477
-0.0060463957
0.0
0.0
-0.0030218272
-0.0030213632
0.0
0.0
0.0
-0.0030194724
0.0
0.0
0.0
0.0
-0.0030170297
-0.0030165305
-0.003016028
-0.003015522
-0.0030150122
-0.003014499
-0.0030139827
-0.0030134625
-0.003012939
0.0
0.0
-0.003011347
-0.0030108094
0.0
-0.0030097237
-0.0030091756
0.0
-0.003008069
-0.009022531
-0.0030069482
-0.0030063826
-0.0030058138
-0.0060104826
-0.0060093305
-0.0060081715
-0.0030035027
-0.0030029162
-0.006004653
-0.003001733
-0.0030011362
-0.0030005358
-0.002999932
-0.0029993248
-0.002998714
-0.0029981
-0.0029974822
-0.002996861
-0.0029962363
-0.0029956084
-0.0029949767
0.0029943418
0.0
0.0
0.0
0.0
0.00598223
0.0
0.0
0.0029891375
0.0
0.002987802
0.0059742583
0.0029864528
0.008957319
0.0029850898
0.002984403
0.0
0.0029830192
0.0029823224
0.0
0.0
0.0059604216
0.0029795002
0.0
0.0
-0.0059546954
0.0
0.0
0.0
0.0
0.0
0.0
0.0
0.0
0.0
0.0
-0.005938384
0.0
-0.00593533
-0.005933793
0.0
-0.005930698
-0.0059291404
-0.005927576
0.0
0.0
0.0
-0.005921251
-0.005919653
-0.005918048
-0.005916436
-0.0059148176
-0.0059131924
-0.0059115607
-0.005909922
-0.005908277
-0.0059066247
-0.005904966
-0.0059033004
-0.005901628
-0.005899949
0.0
0.0
-0.005894872
0.0
0.0
0.0
0.0
0.0
0.0029422687
0.0058827917
0.005881039
0.00293964
0.0058775144
0.0029378708
0.0
0.0
0.0
0.0
0.00586678
0.0029324838
0.0
0.0
0.0
0.0
0.0
0.0
0.0
0.0058502313
0.00584836
0.0058464813
0.0058445963
0.0029213524
0.0029204036
0.002919451
0.005836991
0.0058350735
0.0029165747
0.0029156092
0.0
0.0029136685
0.0
0.0
0.0
0.0
-0.00290876
0.0029077684
-0.0029067737
-0.0029057756
0.0
-0.0058075394
-0.005805524
-0.002901751
-0.0029007369
-0.0028997194
0.0
0.0
0.0
0.0
0.0
0.0
0.0
0.0
-0.002890417
0.0
0.0
0.0
0.0
0.0
0.0
0.0
0.0
0.0
0.0
0.0
0.0
0.0
0.0
0.0
0.0
-0.002872137
-0.002871033
-0.002869926
-0.0028688156
0.0
0.0
0.0
0.0
-0.002863217
0.0
0.0
0.0
0.0
0.0
0.0
0.0
0.0
0.0
0.0028517838
0.0
0.0
0.0028482927
0.0
0.00284595
0.002844774
0.0028435946
0.0028424123
0.002841227
0.0028400384
0.0028388468
0.002837652
0.0028364544
0.0028352535
0.0028340495
0.0028328425
0.0028316325
0.0056608384
0.0056584063
0.0028279838
0.0028267615
0.002825536
0.0028243074
0.005646152
0.0028218413
0.0028206035
0.002819363
0.0056362385
0.0028168724
0.0028156226
0.0028143697
0.0028131139
0.002811855
0.002810593
0.0028093278
0.0
0.0
0.0028055147
0.0028042379
0.0
0.0028016747
0.0
-0.0027990995
0.0
-0.0027965123
0.0
-0.0027939132
-0.0055852183
-0.0055826046
-0.0027899921
-0.0055773584
-0.0055747265
-0.0027860445
-0.0027847225
-0.0055667954
-0.0055641397
-0.0055614784
-0.005558811
-0.0027780689
-0.0027767292
0.0
-0.0027740411
0.0
0.0
0.0
0.00276863
0.0
0.0027659065
0.0
0.0
0.0027617998
0.0
0.0027590476
0.0
0.0027562834
0.0
0.0
0.0027521157
0.0027507208
0.0
0.0027479222
0.0
0.0
0.0027437026
0.0027422903
0.0027408751
0.0
0.0054760724
0.0027366127
0.0054703723
0.0027337568
0.005464649
0.005461779
0.0027294515
0.0027280108
0.0027265672
0.0027251206
0.0
0.0
0.0027207646
0.0
0.0027178463
0.0054327664
0.002714917
0.0027134481
0.0027119764
0.002710502
0.0027090246
0.0027075447
0.0054121236
0.0027045761
0.0054061757
0.005403193
0.0054002055
0.002698606
0.008091319
0.008086813
0.0026940994
0.0026925916
0.0026910813
0.002689568
0.0
0.0
0.0
0.0
0.0
0.0026804314
0.0
0.0
0.0
-0.0026742858
-0.0026727428
-0.0026711968
-0.0053392965
-0.0026680971
-0.0026665432
-0.005329973
0.0
0.0
0.0
0.0
0.0
-0.0026555907
0.0
0.0
0.0
0.0026492737
0.0026476877
0.002646099
0.002644508
0.0026429142
0.0026413177
0.0026397186
0.0
0.0026365127
-0.0026349057
0.0
0.0
0.0
0.002628452
0.002626832
0.0026252095
0.0026235844
0.0
0.0026203264
0.00785608
0.005234116
0.00784626
0.0026137796
0.0026121365
0.007831472
0.005217685
0.0052143834
0.0052110767
0.005207765
0.0078066722
0.0052011264
0.0051977993
0.0051944675
0.002595565
0.002593894
0.0025922204
0.0025905445
0.0025888658
0.0051743696
0.0025855012
0.0
0.0025821265
0.0
0.0
0.0
0.0
0.0
0.0
0.0025702373
0.0
0.0
0.0
0.0
0.0025616712
0.0
0.0
0.0
0.0
0.0
-0.0025513112
0.0
-0.0025478385
0.0
0.0
0.0025426117
-0.0025408645
-0.002539115
-0.002537363
-0.0050712177
-0.0076015564
-0.005064186
-0.0050606634
-0.007585704
-0.0050536036
-0.0050500664
-0.0075697876
-0.0050429786
-0.0025197137
-0.0025179358
-0.0025161556
-0.005028746
-0.0050251763
-0.0050216024
-0.0025090117
-0.0025072198
-0.0025054256
-0.0025036293
-0.005003661
0.0
-0.0049964525
-0.0024964204
0.0
-0.0024928025
0.0
0.0
-0.0024873582
0.0
0.0
0.0
-0.0024800678
-0.0024782394
-0.0024764088
-0.0024745762
-0.002472741
-0.002470904
0.0
-0.002467223
0.0
0.0
-0.0024616846
0.0
-0.0024579815
0.0
0.0024542694
0.0
0.0024505488
0.0
0.0
0.0
0.0024430812
0.002441209
-0.0024393345
0.0
0.0
0.0
0.0
0.0024299303
0.002428043
0.0024261535
0.002424262
0.0024223684
0.0
0.0024185749
0.0024166747
0.0024147728
0.0024128687
0.0
0.0024090542
0.0024071436
0.0024052311
0.0
0.0
0.0
0.0023975607
0.0
0.0
0.0
0.0
0.0
0.0
0.0
0.0
-0.0023801825
-0.0023782414
-0.004752597
-0.0047487067
-0.0023724062
-0.0047409143
-0.0071055186
-0.0023665533
-0.0070937946
-0.0047252825
-0.0047213645
-0.0070761642
-0.007070276
-0.007064381
-0.004705654
-0.004701717
-0.0046977755
-0.002346915
-0.004689881
-0.002342964
-0.0023409857
-0.0023390055
0.0
0.0
0.0
0.0
0.0023290752
0.0023270836
0.00465018
0.004646189
0.0046421946
0.004638196
0.0046341936
0.004630188
0.0069392673
0.006933247
0.004618148
0.0046141273
0.0046101026
0.0046060747
0.004602043
0.0045980075
0.004593969
0.004589926
0.00458588
0.00458183
0.0068666646
0.0045737196
0.0045696585
0.0045655943
0.0045615267
0.0045574554
0.0045533804
0.004549302
0.00454522
0.0045411345
0.0045370455
0.0045329533
0.0045288573
0.0045247576
0.004520655
0.0045165485
0.004512439
0.0022541627
0.0
0.0
0.0
0.0
0.0
0.0
0.0
0.0
0.0
0.0
0.0
0.0
0.0
0.0022251923
0.0022231105
-0.004442054
0.0
-0.00443371
-0.0044295336
0.0
-0.0044211703
0.0
-0.0044127945
-0.0066129025
-0.0044044056
-0.0088004125
-0.0043960037
-0.008783597
-0.006581384
-0.008766755
-0.008758325
-0.006562417
-0.0065560853
-0.004366499
-0.006543407
-0.004358041
-0.0043538073
-0.0021747854
-0.0043453313
-0.0043410882
-0.0021684214
-0.0043325936
0.0
-0.004324087
-0.0043198294
0.0
-0.0043113045
0.0
0.0
0.0021492478
0.00214711
0.0
0.00214283
0.0021406878
0.002138544
0.002136399
0.006402758
0.0021321047
0.0021299555
0.006383414
0.0021256523
0.0021234988
0.0021213437
0.0
0.0021170296
0.0021148704
0.0021127097
0.0021105479
0.0
0.0
0.0021040535
0.002101886
0.0
0.0020975473
0.0
0.0
0.0020910287
0.0020888532
0.0020866764
0.0020844983
0.0020823188
0.0
0.0
0.0020757725
0.0
0.0
0.0
0.0
-0.0020648362
-0.0020626453
-0.002060453
-0.0041165184
-0.0020560645
-0.006161605
-0.006155013
-0.004098945
-0.0040945453
-0.0040901434
-0.0040857387
-0.0040813317
-0.0040769223
-0.0040725106
-0.0061021447
-0.00406368
-0.0040592607
-0.0040548397
-0.004050416
-0.006068985
-0.008083123
-0.008074261
-0.008065395
-0.0040282626
-0.004023825
-0.0020096924
-0.0020074714
-0.002005249
0.0
0.0
0.0
0.0
0.0
0.0
0.0019896622
0.0
0.0019851988
0.003965931
0.003961462
0.0039569912
0.0039525186
0.003948043
0.0019717831
0.0039390866
0.0039346055
0.0039301217
0.0039256364
0.005881723
0.003916659
0.0019560836
0.0039076735
0.0019515889
0.00194934
0.0019470901
0.0019448393
0.0019425874
0.0
0.0
0.0
0.0
0.0
0.0
-0.0019267973
0.0019245378
0.0
0.0
0.0
0.0
0.0
-0.001910961
-0.001908695
-0.0019064281
-0.0019041602
-0.0019018917
0.0
0.0
-0.0018950802
0.0
-0.001890535
-0.0018882611
0.0
-0.0018837107
-0.0018814342
-0.0018791569
-0.0018768788
-0.0018745998
-0.0018723201
-0.0018700395
-0.001867758
-0.0037309516
-0.0037263858
-0.001860909
-0.0018586244
-0.001856339
0.0
-0.001851766
-0.0018494782
-0.0018471899
-0.0036898013
0.0
0.0
0.0
0.0
0.0
-0.0036622996
0.0
0.0
-0.003648529
0.0
-0.0018196709
-0.0018173731
0.0
0.0
0.0018104754
0.0
0.0
0.0
-0.0018012691
0.0017989659
0.0
0.0
0.0
0.0017897467
0.0
0.0017851334
0.0017828258
0.0017805176
0.0017782088
0.0017758994
0.0
0.0017712789
0.0017689677
0.0
0.0017643437
0.0
0.0
0.0017574036
0.0
0.0017527741
0.0
0.0
0.0017458257
0.0
0.0
0.0017388728
0.0017365542
0.0017342351
0.0017319154
0.0
0.0017272747
0.0017249536
0.0017226321
0.0017203101
0.0
-0.0017156648
0.0
0.0017110176
0.0
0.0
0.0
-0.003403436
-0.0016993921
0.0
0.0
0.0
0.0
-0.0016877564
0.0
0.0
-0.0016807704
0.0
-0.0016761112
0.0
0.0
0.0
0.0
0.0
-0.0016621253
-0.0016597933
0.0
-0.0016551281
0.001652795
0.0
0.0
0.0
0.0
0.0
0.0
0.0
0.0016341202
0.0016317847
-0.001629449
0.0016271129
0.0
0.0
0.0016201034
0.0
0.0016154293
0.0016130919
0.0016107543
0.0016084164
0.0
-0.0016037404
0.0
-0.0015990634
0.0015967247
0.0015943858
0.0031840936
0.0031794154
0.0
0.0015850288
0.0031653785
0.0
0.0015780096
0.003151339
0.003146659
0.0047129677
0.0015686488
0.0031326169
0.0031279358
0.0015616273
0.0015592865
0.0
0.0015546049
0.001552264
0.003099846
0.0015475819
0.0015452408
0.0015428996
-0.0015405584
0.0
0.0
0.0
-0.0015311934
0.0
0.0
0.0
0.0
0.0
0.0015171455
0.0
-0.0015124631
0.0
0.0
0.0
0.0
-0.0015007575
-0.002996833
-0.0029921513
-0.0014937348
-0.0029827883
-0.0014890534
-0.0014867128
-0.0014843723
-0.0029640638
-0.0014796916
0.0
-0.0014750113
0.0
-0.0014703316
-0.002935984
-0.0029313047
-0.002926626
0.0
0.0
0.0
-0.0014539568
-0.0014516183
-0.0028985594
-0.0014469415
0.0
-0.0014422656
0.0
0.0014375903
0.0014352531
0.0
0.0014305791
0.0014282425
0.0014259062
0.00142357
0.0014212341
0.0014188983
0.0028331259
0.0014142278
0.0014118929
0.0028191167
0.001407224
0.0014048899
0.0014025561
0.002800445
0.0027957787
0.002791113
0.0055728955
0.0013908916
0.0013885596
0.004158684
0.0055355867
0.005526263
0.004137705
0.005507619
0.0054982994
0.005488981
0.00684958
0.0054703485
0.0054610344
0.0068146526
0.005442411
0.0054331017
0.005423794
0.004060866
0.0040538874
0.0040469104
0.0053865793
0.0040329597
0.0013419954
0.0013396714
0.0013373479
0.0
0.0
0.0
-0.0013280581
-0.0026514735
-0.0013234159
-0.0013210955
-0.0026375512
-0.0013164562
-0.0013141374
-0.001311819
-0.001309501
-0.003921551
-0.0026097335
-0.003907651
-0.0039007037
-0.0012979193
-0.002591209
-0.0012932903
-0.0025819533
-0.0038659906
-0.003859053
-0.003852117
-0.0038451827
-0.0038382502
-0.0038313193
-0.0038243902
-0.003817463
-0.0025403583
-0.0038036138
-0.002531128
-0.0025265147
-0.003782854
-0.0037759377
-0.0025126822
0.0
0.0
0.0
-0.0024942565
-0.0012448267
-0.0024850515
-0.0012402255
-0.001237926
-0.0012356271
0.0
0.0
0.0
0.0
0.0
0.0
0.0
0.0
0.0
0.0024253533
0.0024207712
0.0024161905
0.0024116111
0.0
0.0024024574
0.0023978828
0.0023933097
0.0023887383
0.0023841683
0.0035693997
0.002375033
0.0023704679
0.0023659042
0.0023613423
0.0023567819
0.002352223
0.002347666
0.0023431105
0.0011692784
0.0011670024
0.0011647271
0.0
0.0023203585
0.0023158134
0.0
0.0
0.0
-0.0011488249
-0.0011465566
-0.0022885785
-0.0022840456
-0.0022795144
-0.0022749852
-0.0022704578
-0.0022659323
-0.0022614084
-0.0022568866
-0.0022523664
-0.0022478483
-0.002243332
-0.0022388177
-0.0022343053
-0.0022297949
-0.004450572
-0.0011103898
0.0
0.0
0.0
0.0
-0.0021982759
-0.0021937813
-0.0021892886
0.0
-0.0021803093
-0.0010879113
0.0
-0.0010834278
-0.0021623753
-0.002157897
-0.0010767104
0.0
0.0
0.0
0.0
0.0
0.0
0.0
0.0
0.0
0.0010543886
0.0
0.0
0.0
0.0
0.0
0.0
-0.001038829
0.0
0.0010343937
0.0020643554
0.002059926
0.0010277494
0.0030766109
0.0020466514
0.0010211156
0.0020378134
0.001016699
0.0010144925
0.0010122872
0.0010100831
0.0020157606
0.003017036
0.0
0.0
9.990811E-4
0.0
9.94689E-4
0.0029774841
9.903017E-4
0.0029643301
9.859196E-4
9.837304E-4
9.815425E-4
9.793559E-4
9.771707E-4
0.0029249596
9.7280386E-4
9.706224E-4
9.684423E-4
9.6626347E-4
9.64086E-4
9.619098E-4
0.0
0.0
9.553893E-4
0.0
9.5104903E-4
0.0
9.4671414E-4
0.0
-9.423847E-4
-9.40222E-4
-9.3806075E-4
-9.3590084E-4
-9.337423E-4
-0.0027947556
-0.0027882885
-0.0027818256
-0.0037004892
-0.0027689124
-0.0027624622
-0.0036746883
-0.0027495746
-0.0027431373
-0.0027367042
-0.0027302755
-0.0027238512
-0.0027174314
-0.0036146876
-0.0036061394
-0.0026981977
-0.0026917954
-0.0026853974
-0.002679004
-0.0017817434
-0.003554974
-0.0026598505
-0.0035379666
-0.003529472
-0.0017604918
-0.0017562505
-8.7600615E-4
-8.738886E-4
-8.717726E-4
-8.696581E-4
-8.6754514E-4
-8.654338E-4
-8.633239E-4
0.0
8.591089E-4
0.0
0.0
-8.527982E-4
-8.506978E-4
0.0
8.465018E-4
8.4440614E-4
8.423121E-4
0.0
-8.3812897E-4
0.0016720796
0.0016679044
0.0016637326
0.001659564
8.276994E-4
8.2561834E-4
8.23539E-4
0.0016429226
8.193853E-4
8.173109E-4
0.0016304763
8.1316713E-4
0.0016221956
0.0
8.069641E-4
0.0016097996
0.0
0.0016015526
7.9871714E-4
7.966597E-4
7.946039E-4
7.9254986E-4
0.0
0.0
0.0
0.0
7.8230567E-4
7.8026205E-4
0.0
0.0
-7.7414175E-4
-7.7210524E-4
-7.700704E-4
-7.6803745E-4
-0.0015320124
-7.639768E-4
-7.6194917E-4
-0.0015198466
-0.0022736979
-0.0015117541
-7.538566E-4
-7.5183803E-4
-7.4982125E-4
-7.4780633E-4
-0.0014915864
-0.0014875638
0.0
0.0
-7.3775917E-4
-7.357553E-4
0.0
-7.317531E-4
0.0
0.0
0.0
-7.237712E-4
-0.0014435609
-0.0014395831
-7.178046E-4
-7.1581954E-4
0.0
0.0
7.098758E-4
0.0
0.0
0.0
7.0197775E-4
7.0000807E-4
6.980403E-4
6.960745E-4
6.941107E-4
0.0013842976
0.0013803778
0.0020646928
0.002058825
0.001368642
0.001364738
0.0013608378
0.0013569418
0.0020295745
0.0020237425
0.0013452775
0.0013413975
0.0013375215
0.0013336495
0.0019946722
0.0019888764
0.0013220578
0.001318202
0.0013143503
0.0013105028
0.0019599888
0.0013028198
0.0012989846
6.4757676E-4
6.4566324E-4
6.437518E-4
6.4184243E-4
0.0012798704
0.00127606
6.361269E-4
6.342259E-4
0.0
0.0
0.0
-6.2664296E-4
0.0
0.0
-6.2097795E-4
-6.1909383E-4
-0.0012344238
-0.0012306642
-0.0012269089
-0.0012231579
-0.0012194111
-6.078344E-4
-0.0012119306
-0.0012081969
-6.0223375E-4
-0.0012007423
-5.9851084E-4
0.0
-5.947967E-4
-5.929429E-4
0.0
-5.892419E-4
-5.873947E-4
0.0
-5.8370695E-4
-5.818664E-4
-5.800281E-4
0.0
0.0
0.0
0.0
-5.7086995E-4
-5.690451E-4
-5.672224E-4
-5.6540204E-4
0.0
0.0
0.0
0.0
-5.563341E-4
0.0
-5.527229E-4
-5.5092067E-4
0.0
-5.473232E-4
-5.4552796E-4
0.0
0.0
0.0
5.3836993E-4
0.0
-5.348049E-4
0.0
0.0
5.294748E-4
0.0
5.259331E-4
5.241658E-4
5.224009E-4
0.0
0.0
5.1712024E-4
0.0010307295
0.0010272233
0.0
5.101126E-4
0.0
0.0
0.0
0.0
5.0140696E-4
0.0
0.0
0.0
4.9448584E-4
-4.927616E-4
0.0
0.0
0.0
4.858891E-4
0.0
0.0
0.0
4.7905574E-4
4.7735355E-4
0.0
-4.739566E-4
-4.7226183E-4
0.0
0.0
0.0
0.0
0.0
-4.6214546E-4
-4.6046812E-4
0.0
-4.57121E-4
-4.5545123E-4
-4.5378396E-4
-4.5211922E-4
-4.50457E-4
-4.4879733E-4
-4.471402E-4
-4.4548558E-4
-8.8766706E-4
-4.42184E-4
0.0
-4.3889263E-4
0.0
0.0
0.0
0.0
0.0
0.0
8.549073E-4
4.2582984E-4
4.242086E-4
4.2258998E-4
4.2097393E-4
4.1936047E-4
0.0
4.161414E-4
4.1453578E-4
4.129328E-4
0.0
0.0
4.0813952E-4
0.0
0.0
0.0
0.0
4.0020343E-4
3.9862416E-4
3.9704752E-4
3.9547356E-4
3.9390224E-4
3.923336E-4
3.9076761E-4
3.8920433E-4
0.0
0.0
0.0
0.0
3.8142802E-4
3.7988083E-4
0.0
3.7679455E-4
0.0
3.737191E-4
0.0
3.7065445E-4
3.6912624E-4
-3.6760073E-4
3.6607796E-4
0.0
0.0
3.61526E-4
0.0
0.0
0.0
0.0
0.0
3.5249625E-4
0.0
0.0
3.480186E-4
0.0
0.0
0.0
0.0
3.4061138E-4
6.782766E-4
3.37668E-4
0.0
3.347358E-4
3.3327393E-4
3.3181484E-4
0.0
0.0
0.0
0.0
0.0
3.2311952E-4
3.2168019E-4
0.0
0.0
0.0
3.1595124E-4
0.0
0.0
0.0
3.1026787E-4
0.0
-3.0744335E-4
0.0
-3.0463032E-4
0.0
0.0
-6.008646E-4
-5.980775E-4
-2.9764805E-4
-5.925205E-4
-5.8975077E-4
-5.869868E-4
-5.842286E-4
-5.814762E-4
-5.7872967E-4
0.0
0.0
-5.705249E-4
-5.678017E-4
0.0
0.0
0.0
0.0
0.0
-5.5158534E-4
0.0
0.0
-5.435565E-4
0.0
-5.382335E-4
0.0
0.0
0.0
0.0
-5.250296E-4
-5.2240666E-4
-5.1978964E-4
0.0
0.0
0.0
0.0
-5.067942E-4
-5.0421304E-4
-5.0163793E-4
-4.9906876E-4
0.0
4.939485E-4
0.0
4.888524E-4
0.0
0.0
0.0
0.0
0.0
0.0
0.0
0.0
0.0
0.0
0.0
0.0
0.0
0.0
0.0
0.0
0.0
0.0
0.0
0.0
-4.3680894E-4
0.0
0.0
0.0
0.0
0.0
0.0
0.0
2.0884706E-4
0.0
0.0
0.0
-2.0414268E-4
0.0
0.0
0.0
0.0
0.0
-1.9717953E-4
0.0
0.0
0.0
1.9259995E-4
0.0
0.0
0.0
1.880706E-4
0.0
0.0
0.0
0.0
0.0
0.0
0.0
0.0
0.0
0.0
0.0
-1.7478557E-4
-1.736991E-4
0.0
0.0
0.0
0.0
0.0
0.0
4.9854926E-4
1.6512215E-4
1.6406442E-4
0.0
1.6195858E-4
1.6091048E-4
1.598656E-4
1.5882392E-4
1.5778546E-4
0.0
0.0
0.0
1.5366387E-4
1.5264156E-4
0.0
0.0
-1.4959398E-4
0.0
0.0
0.0
-1.4557593E-4
-1.4457954E-4
-1.435864E-4
0.0
0.0
-1.4062651E-4
-1.3964639E-4
-1.3866955E-4
-1.3769597E-4
-1.3672565E-4
-1.3575862E-4
0.0
0.0
1.3287713E-4
0.0
0.0
1.3002516E-4
0.0
0.0
0.0
1.2626855E-4
0.0
-1.2441001E-4
0.0
0.0
0.0
0.0
0.0
-1.1891366E-4
0.0
0.0
0.0
0.0
-1.1442443E-4
-1.13536546E-4
-1.12651986E-4
-2.235415E-4
0.0
-1.1001828E-4
-2.1829408E-4
0.0
-2.1482914E-4
-1.0655334E-4
-1.0569546E-4
-2.0968184E-4
-1.0398972E-4
0.0
1.02297374E-4
0.0
1.0061843E-4
0.0
9.8952914E-5
-9.8125194E-5
0.0
9.647984E-5
0.0
9.484794E-5
0.0
9.322953E-5
9.2425376E-5
0.0
0.0
0.0
0.0
0.0
-8.767141E-5
0.0
0.0
-8.5340114E-5
8.4569794E-5
8.3802865E-5
0.0
0.0
0.0
8.076914E-5
0.0
0.0
0.0
-7.778984E-5
0.0
0.0
0.0
7.486509E-5
7.414244E-5
7.342321E-5
7.270739E-5
1.4399001E-4
1.4257207E-4
1.4116097E-4
6.987837E-5
6.917968E-5
0.0
0.0
0.0
1.3283845E-4
6.57377E-5
6.505961E-5
1.2876993E-4
1.2742751E-4
6.304598E-5
6.238167E-5
6.1720784E-5
6.106336E-5
6.0409377E-5
1.1951769E-4
5.9111764E-5
0.0
0.0
0.0
-5.6557994E-5
0.0
0.0
-5.4678985E-5
0.0
0.0
0.0
0.0
5.1616593E-5
0.0
0.0
0.0
0.0
0.0
-4.8056278E-5
0.0
-9.3794646E-5
-4.6323068E-5
-9.15046E-5
-9.037003E-5
0.0
-4.40609E-5
0.0
-4.295074E-5
-4.24009E-5
-4.185455E-5
-4.1311694E-5
0.0
-4.0236468E-5
0.0
3.9175233E-5
0.0
3.8128E-5
0.0
0.0
3.658342E-5
3.6075573E-5
3.5571233E-5
7.01408E-5
0.0
3.4079265E-5
3.3588964E-5
3.310218E-5
6.5237815E-5
3.2139153E-5
6.3325824E-5
6.238038E-5
6.144198E-5
6.051061E-5
5.958629E-5
2.9334506E-5
0.0
2.84278E-5
2.7979733E-5
2.7535194E-5
2.7094182E-5
5.33134E-5
2.6222746E-5
0.0
2.5365433E-5
2.4942075E-5
2.452225E-5
2.410596E-5
0.0
0.0
-2.2878308E-5
0.0
0.0
2.1682503E-5
4.2581967E-5
2.0903006E-5
0.0
0.0
0.0
-1.9386534E-5
-1.9016281E-5
-1.8649576E-5
-1.8286419E-5
-3.5853624E-5
-1.7570754E-5
-1.7218248E-5
-1.6869293E-5
-1.6523893E-5
-3.236409E-5
-3.16875E-5
-1.5509011E-5
-3.0355655E-5
-4.4550605E-5
-2.9052266E-5
-2.8411245E-5
-2.7777342E-5
-1.3575279E-5
-2.6530895E-5
-2.5918354E-5
-2.5312936E-5
-2.4714645E-5
-1.2061741E-5
-1.1769722E-5
-1.1481268E-5
-1.119638E-5
-2.1830114E-5
0.0
0.0
-1.0092493E-5
0.0
-9.561959E-6
0.0
9.045704E-6
8.792934E-6
8.543734E-6
0.0
0.0
7.817573E-6
0.0
0.0
-1.4247155E-5
-1.3798793E-5
0.0
-6.4617625E-6
0.0
0.0
-5.8321425E-6
-5.6294257E-6
-5.430288E-6
-1.0469461E-5
0.0
0.0
0.0
-4.4883036E-6
0.0
0.0
-3.9660918E-6
-3.7991865E-6
0.0
-3.4761272E-6
0.0
0.0
0.0
0.0
0.0
-2.5929814E-6
2.4583405E-6
2.3272864E-6
2.1998192E-6
4.151878E-6
1.9556464E-6
5.5168252E-6
3.45165E-6
1.6162967E-6
3.0207138E-6
1.408006E-6
1.3092442E-6
1.2140717E-6
1.1224888E-6
1.0344957E-6
0.0
0.0
7.920567E-7
7.1842453E-7
0.0
0.0
0.0
0.0
0.0
0.0
0.0
0.0
0.0
0.0
0.0
-1.14955505E-7
-8.801307E-8
0.0
-4.4904837E-8
0.0
0.0
0.0
0.0
0.0
