0.011989606
0.011947638
0.011822398
0.0116158575
0.011331263
0.010973077
0.010546898
0.010059355
0.009518003
0.008931198
0.008307967
0.0076578893
0.0069909915
0.0063176714
0.0056486735
0.0049951444
0.0043688086
0.003782303
0.003249676
0.002786874
0.002411519
0.0021403306
0.0019825029
0.0019315536
0.0019641651
0.0020493015
0.0021588996
0.0022726892
0.002378033
0.0024680535
0.0025397907
0.0025928146
0.0026282475
0.0026480719
0.0026546288
0.002650248
0.0026369828
0.002616437
0.002589676
0.002557221
0.0025191081
0.0024750002
0.0024243298
0.0023664497
0.002300777
0.0022269129
0.0021447346
0.0020544543
0.0019566487
0.0018522616
0.0017425874
0.0016292394
0.0015141106
0.0013993295
0.0012872178
0.0011802446
0.0010809731
9.919817E-4
9.1573247E-4
8.543553E-4
8.0935104E-4
7.812793E-4
7.6957606E-4
7.726361E-4
7.881551E-4
8.135735E-4
8.4643735E-4
8.8459114E-4
9.262185E-4
9.6979656E-4
0.0010140194
0.0010577282
0.0010998622
0.0011394327
0.0011755191
0.0012072774
0.0012339583
0.0012549274
0.0012696849
0.0012778806
0.0012793235
0.0012739839
0.0012619883
0.0012436088
0.0012192441
0.001189398
0.0011546535
0.0011156449
0.0010730322
0.001027476
9.796199E-4
9.30078E-4
8.7943306E-4
8.282451E-4
7.7707146E-4
7.2650006E-4
6.77193E-4
6.299398E-4
5.85712E-4
5.457063E-4
5.1134755E-4
4.8421067E-4
4.6581757E-4
4.5731087E-4
4.5910565E-4
4.7070166E-4
4.907768E-4
5.1749905E-4
5.4887903E-4
5.83027E-4
6.1828544E-4
6.5327046E-4
6.868652E-4
7.1819435E-4
7.4659416E-4
7.715839E-4
7.9283945E-4
8.1016927E-4
8.234911E-4
8.3281007E-4
8.381977E-4
8.3977147E-4
8.376769E-4
8.3207164E-4
8.23113E-4
8.1094966E-4
7.957175E-4
7.775404E-4
7.565349E-4
7.328201E-4
7.0652924E-4
6.778255E-4
6.469188E-4
6.140846E-4
5.796838E-4
5.441841E-4
5.081836E-4
4.724358E-4
4.378741E-4
4.05629E-4
3.77019E-4
3.5348418E-4
3.3642133E-4
3.2691026E-4
3.254074E-4
3.315731E-4
3.4435984E-4
3.6230838E-4
3.838752E-4
4.0765697E-4
4.324892E-4
4.5745843E-4
4.818732E-4
5.052218E-4
5.2713015E-4
5.473254E-4
5.656051E-4
5.818133E-4
5.9582177E-4
6.0751726E-4
6.1679294E-4
6.235448E-4
6.276719E-4
6.290794E-4
6.2768493E-4
6.2342524E-4
6.1626517E-4
6.0620543E-4
5.9329043E-4
5.776148E-4
5.593284E-4
5.386403E-4
5.158207E-4
4.912022E-4
4.6518075E-4
4.3821556E-4
4.108309E-4
3.8361768E-4
3.5723601E-4
3.3241548E-4
3.0994747E-4
2.9065972E-4
2.7535963E-4
2.6473813E-4
2.5924644E-4
2.5899013E-4
2.636966E-4
2.7278118E-4
2.8547706E-4
3.0096795E-4
3.1847914E-4
3.3732023E-4
3.5689215E-4
3.7667647E-4
3.962195E-4
4.1511742E-4
4.3300612E-4
4.4955517E-4
4.6446605E-4
4.774733E-4
4.883475E-4
4.9689907E-4
5.029824E-4
5.064988E-4
5.073987E-4
5.056821E-4
5.013973E-4
4.946383E-4
4.8553996E-4
4.742726E-4
4.6103494E-4
4.4604743E-4
4.2954524E-4
4.1177278E-4
3.9297985E-4
3.7342065E-4
3.5335633E-4
3.3306182E-4
3.1283768E-4
2.9302653E-4
2.7403343E-4
2.5634695E-4
2.4055329E-4
2.2733043E-4
2.1740308E-4
2.1144259E-4
2.0992149E-4
2.1297559E-4
2.2034794E-4
2.314486E-4
2.4549023E-4
2.616272E-4
2.7905282E-4
2.970484E-4
3.1499905E-4
3.3239258E-4
3.4881156E-4
3.639242E-4
3.774753E-4
3.8927834E-4
3.9920735E-4
4.0718925E-4
4.1319578E-4
4.1723513E-4
4.1934339E-4
4.19576E-4
4.1799998E-4
4.146868E-4
4.0970705E-4
4.0312688E-4
3.950067E-4
3.8540253E-4
3.7436924E-4
3.619668E-4
3.4826784E-4
3.3336732E-4
3.1739348E-4
3.005203E-4
2.8298097E-4
2.6508313E-4
2.4722522E-4
2.2991265E-4
2.1376918E-4
1.9953272E-4
1.8801582E-4
1.8000757E-4
1.761127E-4
1.7657751E-4
1.8120062E-4
1.8939406E-4
2.0035435E-4
2.1324116E-4
2.27295E-4
2.4188677E-4
2.5652268E-4
2.7082834E-4
2.845266E-4
2.9741533E-4
3.0934773E-4
3.2021574E-4
3.2993627E-4
3.3844056E-4
3.4566617E-4
3.5155175E-4
3.5603464E-4
3.590505E-4
3.6053552E-4
3.604299E-4
3.5868282E-4
3.5525786E-4
3.5013867E-4
3.4333445E-4
3.3488468E-4
3.248631E-4
3.1338076E-4
3.005881E-4
2.866763E-4
2.7187855E-4
2.564705E-4
2.4077167E-4
2.2514693E-4
2.1000789E-4
1.9581236E-4
1.830579E-4
1.7226247E-4
1.6392412E-4
1.5845615E-4
1.5610967E-4
1.569144E-4
1.6067112E-4
1.6700363E-4
1.7544237E-4
1.8550169E-4
1.9672894E-4
2.0872439E-4
2.2114207E-4
2.3368133E-4
2.4607664E-4
2.5808875E-4
2.694985E-4
2.8010402E-4
2.897198E-4
2.9817817E-4
3.0533146E-4
3.1105502E-4
3.1525007E-4
3.1784622E-4
3.1880313E-4
3.1811133E-4
3.1579207E-4
3.1189568E-4
3.0649948E-4
2.997043E-4
2.9163077E-4
2.8241513E-4
2.7220527E-4
2.6115723E-4
2.4943295E-4
2.3719962E-4
2.2463127E-4
2.1191301E-4
1.9924842E-4
1.8686987E-4
1.7505113E-4
1.6411986E-4
1.5446484E-4
1.4652884E-4
1.4077502E-4
1.3761912E-4
1.3733724E-4
1.3998557E-4
1.4537622E-4
1.5312238E-4
1.6272397E-4
1.7365057E-4
1.8539728E-4
1.9751248E-4
2.0960643E-4
2.2135055E-4
2.3247302E-4
2.427537E-4
2.5201938E-4
2.601394E-4
2.6702153E-4
2.7260775E-4
2.7686974E-4
2.7980428E-4
2.8142816E-4
2.8177307E-4
2.808807E-4
2.7879814E-4
2.7557428E-4
2.712569E-4
2.6589137E-4
2.595208E-4
2.5218763E-4
2.4393706E-4
2.3482156E-4
2.2490726E-4
2.1428107E-4
2.0305939E-4
1.9139785E-4
1.7950241E-4
1.6764157E-4
1.5615846E-4
1.4547979E-4
1.3611335E-4
1.2862028E-4
1.2354575E-4
1.2130603E-4
1.22068115E-4
1.2569023E-4
1.3176638E-4
1.3974421E-4
1.4904609E-4
1.5914814E-4
1.6961352E-4
1.8009625E-4
1.9033127E-4
2.0012035E-4
2.0931795E-4
2.1781847E-4
2.2554536E-4
2.3244192E-4
2.3846372E-4
2.4357268E-4
2.4773285E-4
2.509078E-4
2.530596E-4
2.5414946E-4
2.5413948E-4
2.5299558E-4
2.5069114E-4
2.4721102E-4
2.4255556E-4
2.3674461E-4
2.2982096E-4
2.2185333E-4
2.129389E-4
2.0320537E-4
1.9281264E-4
1.8195465E-4
1.7086111E-4
1.5979975E-4
1.4907793E-4
1.390425E-4
1.3007404E-4
1.2256965E-4
1.169078E-4
1.1339347E-4
1.1219596E-4
1.1330678E-4
1.16543364E-4
1.21598685E-4
1.281099E-4
1.3571604E-4
1.4409106E-4
1.529547E-4
1.6206977E-4
1.7123377E-4
1.8026968E-4
1.8901832E-4
1.9733295E-4
2.0507646E-4
2.1212047E-4
2.1834607E-4
2.2364556E-4
2.2792497E-4
2.3110663E-4
2.3313156E-4
2.339615E-4
2.335803E-4
2.3199445E-4
2.2923281E-4
2.2534565E-4
2.2040268E-4
2.1449075E-4
2.0771103E-4
2.0017609E-4
1.9200728E-4
1.8333261E-4
1.7428586E-4
1.6500699E-4
1.5564462E-4
1.4636063E-4
1.3733697E-4
1.2878406E-4
1.2094877E-4
1.1411817E-4
1.08612156E-4
1.0475691E-4
1.0283528E-4
1.0302345E-4
1.0534017E-4
1.0963614E-4
1.15628834E-4
1.2296121E-4
1.3125651E-4
1.401548E-4
1.4933108E-4
1.5850132E-4
1.6742242E-4
1.7588983E-4
1.837348E-4
1.9082177E-4
1.9704601E-4
2.0233137E-4
2.0662768E-4
2.0990816E-4
2.1216627E-4
2.1341228E-4
2.1366966E-4
2.129713E-4
2.1135597E-4
2.088652E-4
2.0554068E-4
2.014228E-4
1.9655006E-4
1.9095985E-4
1.8469054E-4
1.7778459E-4
1.7029323E-4
1.6228203E-4
1.5383762E-4
1.4507577E-4
1.3615025E-4
1.27263E-4
1.1867412E-4
1.1070929E-4
1.03758044E-4
9.8251956E-5
9.4609924E-5
9.314988E-5
9.399601E-5
9.703482E-5
1.0195138E-4
1.0832025E-4
1.1569739E-4
1.2367943E-4
1.3192865E-4
1.401759E-4
1.4821356E-4
1.5588537E-4
1.6307617E-4
1.6970265E-4
1.7570531E-4
1.8104159E-4
1.856799E-4
1.8959508E-4
1.9276455E-4
1.9516588E-4
1.9677555E-4
1.9756882E-4
1.9752058E-4
1.966073E-4
1.9480955E-4
1.92115E-4
1.8852172E-4
1.8404139E-4
1.7870241E-4
1.725527E-4
1.6566223E-4
1.5812524E-4
1.5006232E-4
1.416225E-4
1.3298559E-4
1.2436451E-4
1.16007446E-4
1.08198044E-4
1.01250465E-4
9.549389E-5
9.1240516E-5
8.87364E-5
8.810756E-5
8.932693E-5
9.2223396E-5
9.652924E-5
1.0193991E-4
1.0816087E-4
1.14932416E-4
1.22036254E-4
1.2929158E-4
1.3654721E-4
1.436732E-4
1.50554E-4
1.5708346E-4
1.6316195E-4
1.6869514E-4
1.7359412E-4
1.7777666E-4
1.8116909E-4
1.8370844E-4
1.8534463E-4
1.8604245E-4
1.8578311E-4
1.8456527E-4
1.824054E-4
1.7933758E-4
1.754125E-4
1.7069619E-4
1.652681E-4
1.5921914E-4
1.5264969E-4
1.4566789E-4
1.3838871E-4
1.3093388E-4
1.2343335E-4
1.1602807E-4
1.0887464E-4
1.02150676E-4
9.605964E-5
9.08316E-5
8.6714965E-5
8.395338E-5
8.2746956E-5
8.3206956E-5
8.532389E-5
8.896629E-5
9.391016E-5
9.9881734E-5
1.0659552E-4
1.1377876E-4
1.2118344E-4
1.2859017E-4
1.3580827E-4
1.426744E-4
1.4905105E-4
1.548251E-4
1.5990683E-4
1.6422861E-4
1.6774371E-4
1.7042468E-4
1.7226148E-4
1.732591E-4
1.7343498E-4
1.7281613E-4
1.714363E-4
1.6933322E-4
1.6654619E-4
1.6311441E-4
1.5907593E-4
1.5446768E-4
1.4932647E-4
1.4369124E-4
1.3760633E-4
1.3112593E-4
1.2431962E-4
1.1727913E-4
1.1012604E-4
1.030206E-4
9.6170465E-5
8.983733E-5
8.433587E-5
8.0015925E-5
7.721752E-5
7.619845E-5
7.7058794E-5
7.970566E-5
8.388281E-5
8.924412E-5
9.542724E-5
1.0210138E-4
1.0898761E-4
1.158618E-4
1.2254952E-4
1.289184E-4
1.3487041E-4
1.4033477E-4
1.4526176E-4
1.4961718E-4
1.533776E-4
1.5652628E-4
1.5904981E-4
1.6093567E-4
1.6217055E-4
1.627398E-4
1.6262762E-4
1.6181824E-4
1.602977E-4
1.5805618E-4
1.5509082E-4
1.5140843E-4
1.4702849E-4
1.4198577E-4
1.36333E-4
1.3014316E-4
1.2351196E-4
1.1656008E-4
1.09435794E-4
1.0231769E-4
9.5416945E-5
8.897793E-5
8.327377E-5
7.859179E-5
7.520326E-5
7.3317424E-5
7.303254E-5
7.43088E-5
7.6981225E-5
8.0806065E-5
8.551487E-5
9.085432E-5
9.660583E-5
1.0258938E-4
1.0865904E-4
1.1469536E-4
1.2059775E-4
1.2627807E-4
1.3165594E-4
1.3665576E-4
1.412052E-4
1.4523507E-4
1.4868005E-4
1.5148016E-4
1.5358259E-4
1.549437E-4
1.5553096E-4
1.5532454E-4
1.5431861E-4
1.5252206E-4
1.499588E-4
1.4666737E-4
1.4270029E-4
1.3812275E-4
1.3301132E-4
1.2745237E-4
1.2154083E-4
1.153792E-4
1.0907741E-4
1.0275353E-4
9.653576E-5
9.0565365E-5
8.5000196E-5
8.0017155E-5
7.581078E-5
7.258382E-5
7.0526236E-5
6.978334E-5
7.042253E-5
7.241388E-5
7.563528E-5
7.989848E-5
8.498206E-5
9.065878E-5
9.671237E-5
1.029454E-4
1.0918161E-4
1.15265815E-4
1.2106296E-4
1.2645728E-4
1.3135158E-4
1.3566682E-4
1.3934168E-4
1.4233192E-4
1.4460963E-4
1.4616203E-4
1.4698993E-4
1.4710591E-4
1.465321E-4
1.4529788E-4
1.4343759E-4
1.4098836E-4
1.3798833E-4
1.3447546E-4
1.3048702E-4
1.2606001E-4
1.2123249E-4
1.1604603E-4
1.1054917E-4
1.04802035E-4
9.8882E-5
9.289053E-5
8.696081E-5
8.126561E-5
7.602305E-5
7.14959E-5
6.797635E-5
6.574785E-5
6.502437E-5
6.5887754E-5
6.825909E-5
7.1923605E-5
7.65911E-5
8.195661E-5
8.773982E-5
9.3702256E-5
9.9650235E-5
1.0543126E-4
1.1092817E-4
1.1605324E-4
1.20742705E-4
1.2495184E-4
1.2865064E-4
1.3181983E-4
1.344474E-4
1.3652557E-4
1.3804837E-4
1.3900986E-4
1.3940308E-4
1.3921982E-4
1.3845103E-4
1.370881E-4
1.3512454E-4
1.3255827E-4
1.2939396E-4
1.2564576E-4
1.2133989E-4
1.1651723E-4
1.11235895E-4
1.0557373E-4
9.963101E-5
9.3533265E-5
8.7434295E-5
8.1518854E-5
7.600369E-5
7.113372E-5
6.716833E-5
6.435241E-5
6.28722E-5
6.2809115E-5
6.411612E-5
6.6633E-5
7.0131966E-5
7.4367985E-5
7.9114136E-5
8.417789E-5
8.940348E-5
9.466717E-5
9.987007E-5
1.04931016E-4
1.0978054E-4
1.14356306E-4
1.1859998E-4
1.2245547E-4
1.2586835E-4
1.2878617E-4
1.3115953E-4
1.329436E-4
1.340999E-4
1.3459814E-4
1.3441792E-4
1.3355013E-4
1.3199807E-4
1.2977803E-4
1.2691949E-4
1.2346482E-4
1.1946869E-4
1.1499711E-4
1.1012637E-4
1.04942024E-4
9.9538134E-5
9.401695E-5
8.848931E-5
8.307583E-5
7.7908815E-5
7.313412E-5
6.891177E-5
6.541251E-5
6.280722E-5
6.124714E-5
6.0837203E-5
6.16118E-5
6.352479E-5
6.6459186E-5
7.0250826E-5
7.471444E-5
7.966349E-5
8.492158E-5
9.0327296E-5
9.573535E-5
1.01016194E-4
1.06055304E-4
1.1075271E-4
1.150228E-4
1.18794276E-4
1.2201026E-4
1.2462819E-4
1.2661958E-4
1.279694E-4
1.286751E-4
1.2874536E-4
1.2819837E-4
1.2706003E-4
1.2536196E-4
1.2313949E-4
1.2043004E-4
1.1727168E-4
1.1370232E-4
1.0975968E-4
1.0548203E-4
1.0090993E-4
9.608895E-5
9.1073525E-5
8.5931875E-5
8.075199E-5
7.564853E-5
7.0769776E-5
6.630284E-5
6.247291E-5
5.952976E-5
5.771461E-5
5.720795E-5
5.8076912E-5
6.0251867E-5
6.3547974E-5
6.7716E-5
7.249308E-5
7.763598E-5
8.293585E-5
8.822123E-5
9.335545E-5
9.8232136E-5
1.0277062E-4
1.06911604E-4
1.106133E-4
1.1384786E-4
1.1659817E-4
1.18854776E-4
1.2061324E-4
1.2187181E-4
1.2262956E-4
1.228851E-4
1.2263599E-4
1.2187866E-4
1.2060918E-4
1.1882444E-4
1.1652397E-4
1.13711954E-4
1.1039967E-4
1.0660794E-4
1.02369704E-4
9.773258E-5
9.276162E-5
8.754205E-5
8.2182436E-5
7.681789E-5
7.1613125E-5
6.6763874E-5
6.2493724E-5
5.904126E-5
5.6632234E-5
5.543683E-5
5.552553E-5
5.6847668E-5
5.9248036E-5
6.251146E-5
6.641015E-5
7.073578E-5
7.531356E-5
8.000376E-5
8.469707E-5
8.930794E-5
9.376796E-5
9.802023E-5
1.02014936E-4
1.05706196E-4
1.09050045E-4
1.1200345E-4
1.145243E-4
1.16572E-4
1.1810868E-4
1.19100696E-4
1.1952033E-4
1.1934745E-4
1.1857102E-4
1.1719034E-4
1.1521599E-4
1.1267034E-4
1.0958773E-4
1.0601423E-4
1.0200722E-4
9.7634686E-5
9.2974566E-5
8.811419E-5
8.3150066E-5
7.818809E-5
7.334431E-5
6.874599E-5
6.453232E-5
6.085323E-5
5.786406E-5
5.5713586E-5
5.452456E-5
5.4370936E-5
5.5260683E-5
5.713323E-5
5.987299E-5
6.333155E-5
6.734885E-5
7.176766E-5
7.644104E-5
8.123474E-5
8.6027285E-5
9.0709174E-5
9.518218E-5
9.9359E-5
1.0316332E-4
1.065301E-4
1.0940596E-4
1.1174951E-4
1.1353151E-4
1.1473469E-4
1.1535333E-4
1.15392366E-4
1.14866256E-4
1.1379754E-4
1.1221515E-4
1.10152716E-4
1.07646934E-4
1.0473608E-4
1.0145907E-4
9.785494E-5
9.3963194E-5
8.982486E-5
8.548465E-5
8.0994076E-5
7.641572E-5
7.182852E-5
6.733393E-5
6.30622E-5
5.917694E-5
5.5874283E-5
5.3370688E-5
5.1873594E-5
5.153641E-5
5.241392E-5
5.4443335E-5
5.7463116E-5
6.125601E-5
6.559196E-5
7.0256385E-5
7.506315E-5
7.9857586E-5
8.4514686E-5
8.8935776E-5
9.304489E-5
9.678537E-5
1.0011683E-4
1.0301226E-4
1.0545538E-4
1.0743804E-4
1.08957815E-4
1.10015804E-4
1.1061479E-4
1.1075777E-4
1.1044701E-4
1.0968367E-4
1.0846807E-4
1.06800464E-4
1.04682396E-4
1.0211846E-4
9.911842E-5
9.569953E-5
9.1889044E-5
8.772687E-5
8.3268336E-5
7.8587174E-5
7.377881E-5
6.896386E-5
6.429145E-5
5.9941023E-5
5.6119712E-5
5.3050266E-5
5.0944123E-5
4.9959803E-5
5.0160208E-5
5.149274E-5
5.380671E-5
5.6896937E-5
6.0548686E-5
6.456727E-5
6.8790556E-5
7.308997E-5
7.736606E-5
8.154228E-5
8.555895E-5
8.936791E-5
9.2928334E-5
9.620352E-5
9.9158686E-5
1.0175976E-4
1.03972925E-4
1.0576489E-4
1.07103784E-4
1.0796036E-4
1.08309534E-4
1.08131935E-4
1.07415486E-4
1.0615672E-4
1.0436198E-4
1.0204812E-4
9.924311E-5
9.5986084E-5
9.232733E-5
8.832795E-5
8.405951E-5
7.960377E-5
7.505258E-5
7.05081E-5
6.608333E-5
6.190267E-5
5.8101596E-5
5.4824093E-5
5.221551E-5
5.0408966E-5
4.9505918E-5
4.9556194E-5
5.0546485E-5
5.2403757E-5
5.501182E-5
5.823258E-5
6.192368E-5
6.5949156E-5
7.018391E-5
7.4514384E-5
7.883765E-5
8.3060186E-5
8.709704E-5
9.0871494E-5
9.431517E-5
9.736851E-5
9.9981335E-5
1.0211346E-4
1.0373515E-4
1.0482729E-4
1.05381325E-4
1.0539884E-4
1.0489074E-4
1.03876235E-4
1.02381455E-4
1.00438054E-4
9.808163E-5
9.535039E-5
9.228398E-5
8.8922825E-5
8.5308006E-5
8.148193E-5
7.7489865E-5
7.3382485E-5
6.921948E-5
6.507419E-5
6.10391E-5
5.7231377E-5
5.3796786E-5
5.0908566E-5
4.875602E-5
4.7518282E-5
4.732519E-5
4.8219805E-5
5.0143557E-5
5.295308E-5
5.6456905E-5
6.0451683E-5
6.47463E-5
6.917319E-5
7.359129E-5
7.788496E-5
8.1961414E-5
8.574801E-5
8.918958E-5
9.2246075E-5
9.489027E-5
9.710562E-5
9.888408E-5
1.0022399E-4
1.01128084E-4
1.01601654E-4
1.0165101E-4
1.0128228E-4
1.00500816E-4
9.931095E-5
9.771646E-5
9.572144E-5
9.333181E-5
9.055702E-5
8.741232E-5
8.39211E-5
8.011754E-5
7.604947E-5
7.1781506E-5
6.7398454E-5
6.30091E-5
5.8749738E-5
5.4786415E-5
5.1312825E-5
4.8538976E-5
4.6665136E-5
4.5841287E-5
4.6125468E-5
4.7464884E-5
4.971351E-5
5.2674597E-5
5.614361E-5
5.9935956E-5
6.389843E-5
6.791E-5
7.1877665E-5
7.5730764E-5
7.941536E-5
8.288932E-5
8.611827E-5
8.907244E-5
9.1724294E-5
9.404705E-5
9.601393E-5
9.7598066E-5
9.877302E-5
9.951376E-5
9.9797915E-5
9.9607285E-5
9.892934E-5
9.775867E-5
9.609825E-5
9.39605E-5
9.136802E-5
8.835408E-5
8.496288E-5
8.1249585E-5
7.728029E-5
7.313199E-5
6.889273E-5
6.46619E-5
6.0550683E-5
5.6682202E-5
5.3190513E-5
5.021669E-5
4.7899906E-5
4.6362125E-5
4.568827E-5
4.5908502E-5
4.6991514E-5
4.8853006E-5
5.1374864E-5
5.4425665E-5
5.7875743E-5
6.160492E-5
6.550478E-5
6.947791E-5
7.34362E-5
7.729919E-5
8.0993006E-5
8.4449886E-5
8.760834E-5
9.041364E-5
9.281851E-5
9.478395E-5
9.627988E-5
9.728562E-5
9.779016E-5
9.7792006E-5
9.729882E-5
9.632663E-5
9.489884E-5
9.304501E-5
9.079951E-5
8.820022E-5
8.5287356E-5
8.210261E-5
7.868881E-5
7.509017E-5
7.1353345E-5
6.7529494E-5
6.367727E-5
5.9866852E-5
5.6184777E-5
5.2738782E-5
4.9661012E-5
4.7106445E-5
4.5241977E-5
4.422263E-5
4.4157463E-5
4.5078297E-5
4.6928642E-5
4.957918E-5
5.2859243E-5
5.658745E-5
6.0592192E-5
6.472142E-5
6.884548E-5
7.285653E-5
7.666664E-5
8.020572E-5
8.3419516E-5
8.626781E-5
8.8722656E-5
9.07666E-5
9.239097E-5
9.359403E-5
9.4379175E-5
9.475319E-5
9.4724724E-5
9.430295E-5
9.349669E-5
9.231391E-5
9.076178E-5
8.884725E-5
8.657811E-5
8.39645E-5
8.102088E-5
7.776829E-5
7.423691E-5
7.046899E-5
6.652203E-5
6.247236E-5
5.8419093E-5
5.4487882E-5
5.0833514E-5
4.7638256E-5
4.5101195E-5
4.3413118E-5
4.2716998E-5
4.3067434E-5
4.4412474E-5
4.661104E-5
4.9474096E-5
5.2805713E-5
5.642927E-5
6.019815E-5
6.399649E-5
6.773542E-5
7.134784E-5
7.478332E-5
7.800358E-5
8.0978614E-5
8.368363E-5
8.609664E-5
8.819672E-5
8.996305E-5
9.137439E-5
9.24094E-5
9.304714E-5
9.326827E-5
9.3056195E-5
9.239866E-5
9.128909E-5
8.972803E-5
8.772434E-5
8.5296146E-5
8.247168E-5
7.9289755E-5
7.580022E-5
7.2064155E-5
6.815422E-5
6.415503E-5
6.0163613E-5
5.628997E-5
5.265701E-5
4.9398983E-5
4.665641E-5
4.4565422E-5
4.3240565E-5
4.2754153E-5
4.3120228E-5
4.4291974E-5
4.6174588E-5
4.864675E-5
5.1580762E-5
5.485564E-5
5.8362726E-5
6.200624E-5
6.57015E-5
6.937241E-5
7.294946E-5
7.636829E-5
7.956914E-5
8.249676E-5
8.510095E-5
8.733734E-5
8.916817E-5
9.056323E-5
9.150054E-5
9.196683E-5
9.195777E-5
9.147785E-5
9.053997E-5
8.9164714E-5
8.737937E-5
8.521685E-5
8.271446E-5
7.991277E-5
7.6854674E-5
7.358485E-5
7.0149705E-5
6.659805E-5
6.2982646E-5
5.9362665E-5
5.5807126E-5
5.2399064E-5
4.92396E-5
4.645041E-5
4.4171567E-5
4.2550862E-5
4.1722047E-5
4.1775216E-5
4.2731175E-5
4.4533874E-5
4.7064997E-5
5.017104E-5
5.3689135E-5
5.746428E-5
6.135775E-5
6.524972E-5
6.903898E-5
7.2641655E-5
7.598964E-5
7.902916E-5
8.171941E-5
8.403128E-5
8.5946E-5
8.7453715E-5
8.855197E-5
8.9244146E-5
8.95378E-5
8.9443216E-5
8.897194E-5
8.8135756E-5
8.694593E-5
8.5412976E-5
8.354681E-5
8.135754E-5
7.885667E-5
7.6058794E-5
7.298372E-5
6.965896E-5
6.612263E-5
6.242668E-5
5.8640657E-5
5.4855704E-5
5.118864E-5
4.778474E-5
4.481649E-5
4.2473548E-5
4.0938427E-5
4.0348074E-5
4.0754432E-5
4.2106883E-5
4.4269233E-5
4.7059475E-5
5.0289036E-5
5.3787717E-5
5.7413843E-5
6.105511E-5
6.4625165E-5
6.8058944E-5
7.130797E-5
7.433623E-5
7.7116565E-5
7.962769E-5
8.185176E-5
8.3772546E-5
8.537416E-5
8.664034E-5
8.755433E-5
8.80992E-5
8.825867E-5
8.801817E-5
8.7366214E-5
8.629577E-5
8.480572E-5
8.290216E-5
8.059963E-5
7.792206E-5
7.490362E-5
7.15894E-5
6.803598E-5
6.431204E-5
6.0499027E-5
5.6691904E-5
5.299981E-5
4.9546015E-5
4.6465942E-5
4.390113E-5
4.1986896E-5
4.0833147E-5
4.050265E-5
4.099622E-5
4.2253665E-5
4.417052E-5
4.6621535E-5
4.9480597E-5
5.2632386E-5
5.597638E-5
5.9426213E-5
6.2906984E-5
6.6352266E-5
6.970163E-5
7.289893E-5
7.589146E-5
7.862979E-5
8.1068094E-5
8.31649E-5
8.488398E-5
8.6195316E-5
8.707599E-5
8.751086E-5
8.749304E-5
8.702407E-5
8.611378E-5
8.47799E-5
8.304729E-5
8.0947124E-5
7.8515775E-5
7.579384E-5
7.282515E-5
6.965612E-5
6.63355E-5
6.291473E-5
5.9449034E-5
5.5999404E-5
5.263546E-5
4.9438884E-5
4.6506735E-5
4.3953005E-5
4.1905707E-5
4.0496187E-5
3.9839055E-5
4.0006602E-5
4.100837E-5
4.2787036E-5
4.5232515E-5
4.820535E-5
5.155841E-5
5.5151126E-5
5.8856553E-5
6.2563646E-5
6.617721E-5
6.961699E-5
7.281661E-5
7.572256E-5
7.8293226E-5
8.0498074E-5
8.231663E-5
8.373738E-5
8.475661E-5
8.5377E-5
8.560621E-5
8.545542E-5
8.493793E-5
8.406799E-5
8.285986E-5
8.132723E-5
7.948317E-5
7.734053E-5
7.491282E-5
7.221565E-5
6.9268644E-5
6.609783E-5
6.2738465E-5
5.923832E-5
5.566149E-5
5.2092593E-5
4.864096E-5
4.5443634E-5
4.26645E-5
4.0484687E-5
3.9079136E-5
3.8579314E-5
3.903499E-5
4.0397277E-5
4.2535E-5
4.5272784E-5
4.8428577E-5
5.183746E-5
5.536146E-5
5.8890535E-5
6.233962E-5
6.564439E-5
6.875708E-5
7.164267E-5
7.427559E-5
7.6636825E-5
7.871159E-5
8.0487356E-5
8.195237E-5
8.309476E-5
8.390205E-5
8.4361214E-5
8.4459185E-5
8.418373E-5
8.35246E-5
8.247491E-5
8.10325E-5
7.920144E-5
7.6993274E-5
7.44283E-5
7.153659E-5
6.835896E-5
6.4947875E-5
6.136835E-5
5.76989E-5
5.403264E-5
5.0478135E-5
4.7159476E-5
4.4214055E-5
4.178569E-5
4.0010666E-5
3.8996448E-5
3.8798626E-5
3.9406958E-5
4.0749426E-5
4.2712465E-5
4.5166267E-5
4.7984675E-5
5.1055707E-5
5.428441E-5
5.7591267E-5
6.090889E-5
6.4178574E-5
6.7347435E-5
7.036642E-5
7.318915E-5
7.577154E-5
7.807197E-5
8.005195E-5
8.167695E-5
8.291745E-5
8.374992E-5
8.4157655E-5
8.4131534E-5
8.3670384E-5
8.278112E-5
8.1478625E-5
7.9785284E-5
7.773032E-5
7.534898E-5
7.268158E-5
6.9772635E-5
6.667015E-5
6.342525E-5
6.0092254E-5
5.6729477E-5
5.3400745E-5
5.0177663E-5
4.714239E-5
4.439005E-5
4.202932E-5
4.0178562E-5
3.8954902E-5
3.8455586E-5
3.873607E-5
3.979444E-5
4.157062E-5
4.3960303E-5
4.683536E-5
5.0061895E-5
5.351186E-5
5.7068755E-5
6.0629478E-5
6.410437E-5
6.7416586E-5
7.0501344E-5
7.3305346E-5
7.578618E-5
7.791176E-5
7.965973E-5
8.101666E-5
8.197715E-5
8.25427E-5
8.272045E-5
8.252189E-5
8.196145E-5
8.10553E-5
7.982027E-5
7.8273035E-5
7.642983E-5
7.4306474E-5
7.1918985E-5
6.928474E-5
6.642412E-5
6.336277E-5
6.013429E-5
5.678357E-5
5.33706E-5
4.9974788E-5
4.669925E-5
4.3673997E-5
4.1055257E-5
3.901629E-5
3.7724712E-5
3.73065E-5
3.780919E-5
3.9185627E-5
4.13096E-5
4.4012148E-5
4.7117246E-5
5.046458E-5
5.3919073E-5
5.7372115E-5
6.073902E-5
6.3955296E-5
6.697289E-5
6.975673E-5
7.228172E-5
7.453008E-5
7.6489E-5
7.8148696E-5
7.95008E-5
8.0537226E-5
8.124943E-5
8.162818E-5
8.166374E-5
8.1346516E-5
8.0668025E-5
7.9622085E-5
7.820622E-5
7.642311E-5
7.428203E-5
7.180022E-5
6.90042E-5
6.5930966E-5
6.262918E-5
5.916039E-5
5.5600347E-5
5.204039E-5
4.858863E-5
4.5370223E-5
4.252505E-5
4.020016E-5
3.853426E-5
3.7634298E-5
3.7550777E-5
3.826433E-5
3.9692477E-5
4.1712978E-5
4.419093E-5
4.6998684E-5
5.0025646E-5
5.318021E-5
5.6387533E-5
5.9585764E-5
6.272222E-5
6.5750246E-5
6.86269E-5
7.13115E-5
7.3765E-5
7.5949894E-5
7.7830795E-5
7.937512E-5
8.055417E-5
8.134415E-5
8.172719E-5
8.1692175E-5
8.123544E-5
8.0361126E-5
7.908128E-5
7.74157E-5
7.539153E-5
7.3042596E-5
7.040866E-5
6.7534675E-5
6.447006E-5
6.1268285E-5
5.7986792E-5
5.4687513E-5
5.1438E-5
4.831315E-5
4.539725E-5
4.2785457E-5
4.058322E-5
3.8901308E-5
3.784439E-5
3.749365E-5
3.7888305E-5
3.9014652E-5
4.0808525E-5
4.3169286E-5
4.597778E-5
4.9111237E-5
5.2452524E-5
5.5894485E-5
5.9341313E-5
6.2708525E-5
6.592251E-5
6.89201E-5
7.1648195E-5
7.406355E-5
7.613252E-5
7.783074E-5
7.914263E-5
8.00608E-5
8.058516E-5
8.072188E-5
8.048221E-5
7.9881196E-5
7.893645E-5
7.766697E-5
7.609223E-5
7.4231546E-5
7.210392E-5
6.972828E-5
6.712439E-5
6.431421E-5
6.132396E-5
5.8186688E-5
5.494556E-5
5.165769E-5
4.839848E-5
4.526604E-5
4.2384432E-5
3.990311E-5
3.7988026E-5
3.6799647E-5
3.6458263E-5
3.7008846E-5
3.840569E-5
4.052732E-5
4.3210875E-5
4.6285935E-5
4.9596263E-5
5.3009095E-5
5.6416648E-5
5.973397E-5
6.289572E-5
6.5852786E-5
6.856927E-5
7.101969E-5
7.3186566E-5
7.505819E-5
7.662668E-5
7.788632E-5
7.8832214E-5
7.9459365E-5
7.976214E-5
7.973418E-5
7.936878E-5
7.86596E-5
7.760172E-5
7.6192955E-5
7.443528E-5
7.233634E-5
6.9910966E-5
6.718267E-5
6.418511E-5
6.096351E-5
5.7576257E-5
5.4096497E-5
5.0613904E-5
4.7236226E-5
4.4089833E-5
4.131741E-5
3.906988E-5
3.7489444E-5
3.668399E-5
3.670066E-5
3.75126E-5
3.9028044E-5
4.1116553E-5
4.3637727E-5
4.6461333E-5
4.9476545E-5
5.2593285E-5
5.5739518E-5
5.8857164E-5
6.189804E-5
6.482046E-5
6.758661E-5
7.016088E-5
7.2508876E-5
7.459716E-5
7.639352E-5
7.78676E-5
7.899187E-5
7.97427E-5
8.0101396E-5
8.005527E-5
7.959843E-5
7.87324E-5
7.7466524E-5
7.581797E-5
7.381162E-5
7.147968E-5
6.886109E-5
6.60009E-5
6.294973E-5
5.976326E-5
5.6502155E-5
5.3232354E-5
5.0025883E-5
4.6962094E-5
4.412897E-5
4.1623607E-5
3.9550265E-5
3.8014045E-5
3.7108788E-5
3.6900674E-5
3.741306E-5
3.8620004E-5
4.045186E-5
4.2809646E-5
4.558095E-5
4.865218E-5
5.191562E-5
5.527251E-5
5.8633792E-5
6.1919935E-5
6.5060565E-5
6.7994166E-5
7.066799E-5
7.3038056E-5
7.5069176E-5
7.673492E-5
7.801744E-5
7.890709E-5
7.9401834E-5
7.950641E-5
7.923133E-5
7.859175E-5
7.760622E-5
7.629553E-5
7.468165E-5
7.2786934E-5
7.063365E-5
6.824404E-5
6.56408E-5
6.2848274E-5
5.989421E-5
5.6812198E-5
5.364484E-5
5.044755E-5
4.7292942E-5
4.427525E-5
4.151358E-5
3.915139E-5
3.7347712E-5
3.6255813E-5
3.598989E-5
3.6591806E-5
3.801684E-5
4.0147926E-5
4.2828044E-5
4.5892088E-5
4.918753E-5
5.258352E-5
5.5972625E-5
5.9269147E-5
6.240632E-5
6.533338E-5
6.801286E-5
7.041816E-5
7.25313E-5
7.434086E-5
7.5840086E-5
7.7025215E-5
7.789401E-5
7.844462E-5
7.867481E-5
7.858163E-5
7.816145E-5
7.7410456E-5
7.632552E-5
7.490533E-5
7.315179E-5
7.107156E-5
6.8677684E-5
6.599122E-5
6.304291E-5
5.9874987E-5
5.654291E-5
5.311744E-5
4.9686732E-5
4.6358273E-5
4.3259788E-5
4.053705E-5
3.8345355E-5
3.683126E-5
3.6104815E-5
3.621122E-5
3.7117483E-5
3.872354E-5
4.0891075E-5
4.3473814E-5
4.633797E-5
4.9371127E-5
5.2483174E-5
5.5603283E-5
5.8675632E-5
6.165516E-5
6.4503976E-5
6.718853E-5
6.967762E-5
7.1941155E-5
7.3949624E-5
7.567406E-5
7.708658E-5
7.816117E-5
7.887471E-5
7.9208156E-5
7.914755E-5
7.868511E-5
7.782E-5
7.6558914E-5
7.491647E-5
7.2915216E-5
7.058554E-5
6.796533E-5
6.509952E-5
6.203963E-5
5.884346E-5
5.5574907E-5
5.2304218E-5
4.9108527E-5
4.6072688E-5
4.3289838E-5
4.0860785E-5
3.8890546E-5
3.748039E-5
3.6714766E-5
3.664575E-5
3.7281105E-5
3.8582133E-5
4.047244E-5
4.2852807E-5
4.5615503E-5
4.865423E-5
5.1869265E-5
5.5169265E-5
5.84714E-5
6.1700885E-5
6.479057E-5
6.7680725E-5
7.031912E-5
7.266119E-5
7.4670315E-5
7.6318065E-5
7.7584235E-5
7.845675E-5
7.893137E-5
7.901103E-5
7.8705074E-5
7.802828E-5
7.699967E-5
7.56414E-5
7.397762E-5
7.203356E-5
6.983483E-5
6.74072E-5
6.477684E-5
6.197118E-5
5.902042E-5
5.595977E-5
5.2832438E-5
4.969341E-5
4.6613743E-5
4.368498E-5
4.102234E-5
3.8764043E-5
3.7062575E-5
3.6063837E-5
3.5875328E-5
3.6534966E-5
3.799827E-5
4.015206E-5
4.2844782E-5
4.5916382E-5
4.9217815E-5
5.2619886E-5
5.601523E-5
5.931705E-5
6.2456755E-5
6.5381406E-5
6.8051435E-5
7.043843E-5
7.25232E-5
7.429387E-5
7.574407E-5
7.687131E-5
7.7675395E-5
7.81572E-5
7.831768E-5
0.0
0.0
0.0
0.0
0.0
0.0
0.0
0.0
0.0
0.0
0.0
0.0
0.0
0.0
0.0
0.0
0.0
0.0
0.0
0.0
0.0
0.0
0.0
0.0
0.0
0.0
0.0
0.0
0.0
0.0
0.0
0.0
0.0
0.0
0.0
0.0
0.0
0.0
0.0
0.0
0.0
0.0
0.0
0.0
0.0
0.0
0.0
0.0
0.0
0.0
0.0
0.0
0.0
0.0
0.0
0.0
0.0
0.0
0.0
0.0
0.0
0.0
0.0
0.0
0.0
0.0
0.0
0.0
0.0
0.0
0.0
0.0
0.0
0.0
0.0
0.0
0.0
0.0
0.0
0.0
0.0
0.0
0.0
0.0
0.0
0.0
0.0
0.0
0.0
0.0
0.0
0.0
0.0
0.0
0.0
0.0
0.0
0.0
0.0
0.0
0.0
0.0
0.0
0.0
0.0
0.0
0.0
0.0
0.0
0.0
0.0
0.0
0.0
0.0
0.0
0.0
0.0
0.0
0.0
0.0
0.0
0.0
0.0
0.0
0.0
0.0
0.0
0.0
0.0
0.0
0.0
0.0
0.0
0.0
0.0
0.0
0.0
0.0
0.0
0.0
0.0
0.0
0.0
0.0
0.0
0.0
0.0
0.0
0.0
0.0
0.0
0.0
0.0
0.0
0.0
0.0
0.0
0.0
0.0
0.0
0.0
0.0
0.0
0.0
0.0
0.0
0.0
0.0
0.0
0.0
0.0
0.0
0.0
0.0
0.0
0.0
0.0
0.0
0.0
0.0
0.0
0.0
0.0
0.0
0.0
0.0
0.0
0.0
0.0
0.0
0.0
0.0
0.0
0.0
0.0
0.0
0.0
0.0
0.0
0.0
0.0
0.0
0.0
0.0
0.0
0.0
0.0
0.0
0.0
0.0
0.0
0.0
0.0
0.0
0.0
0.0
0.0
0.0
0.0
0.0
0.0
0.0
0.0
0.0
0.0
0.0
0.0
0.0
0.0
0.0
0.0
0.0
0.0
0.0
0.0
0.0
0.0
0.0
0.0
0.0
0.0
0.0
0.0
0.0
0.0
0.0
0.0
0.0
0.0
0.0
0.0
0.0
0.0
0.0
0.0
0.0
0.0
0.0
0.0
0.0
0.0
0.0
0.0
0.0
0.0
0.0
0.0
0.0
0.0
0.0
0.0
0.0
0.0
0.0
0.0
0.0
0.0
0.0
0.0
0.0
0.0
0.0
0.0
0.0
0.0
0.0
0.0
0.0
0.0
0.0
0.0
0.0
0.0
0.0
0.0
0.0
0.0
0.0
0.0
0.0
0.0
0.0
0.0
0.0
0.0
0.0
0.0
0.0
0.0
0.0
0.0
0.0
0.0
0.0
0.0
0.0
0.0
0.0
0.0
0.0
0.0
0.0
0.0
0.0
0.0
0.0
0.0
0.0
0.0
0.0
0.0
0.0
0.0
0.0
0.0
0.0
0.0
0.0
0.0
0.0
0.0
0.0
0.0
0.0
0.0
0.0
0.0
0.0
0.0
0.0
0.0
0.0
0.0
0.0
0.0
0.0
0.0
0.0
0.0
0.0
0.0
0.0
0.0
0.0
0.0
0.0
0.0
0.0
0.0
0.0
0.0
0.0
0.0
0.0
0.0
0.0
0.0
0.0
0.0
0.0
0.0
0.0
0.0
0.0
0.0
0.0
0.0
0.0
0.0
0.0
0.0
0.0
0.0
0.0
0.0
0.0
0.0
0.0
0.0
0.0
0.0
0.0
0.0
0.0
0.0
0.0
0.0
0.0
0.0
0.0
0.0
0.0
0.0
0.0
0.0
0.0
0.0
0.0
0.0
0.0
0.0
0.0
0.0
0.0
0.0
0.0
0.0
0.0
0.0
0.0
0.0
0.0
0.0
0.0
0.0
0.0
0.0
0.0
0.0
0.0
0.0
0.0
0.0
0.0
0.0
0.0
0.0
0.0
0.0
0.0
0.0
0.0
0.0
0.0
0.0
0.0
0.0
0.0
0.0
0.0
0.0
0.0
0.0
0.0
0.0
0.0
0.0
0.0
0.0
0.0
0.0
0.0
0.0
0.0
0.0
0.0
0.0
0.0
0.0
0.0
0.0
0.0
0.0
0.0
0.0
0.0
0.0
0.0
0.0
0.0
0.0
0.0
0.0
0.0
0.0
0.0
0.0
0.0
0.0
0.0
0.0
0.0
0.0
0.0
0.0
0.0
0.0
0.0
0.0
0.0
0.0
0.0
0.0
0.0
0.0
0.0
0.0
0.0
0.0
0.0
0.0
0.0
0.0
0.0
0.0
0.0
0.0
0.0
0.0
0.0
0.0
0.0
0.0
0.0
0.0
0.0
0.0
0.0
0.0
0.0
0.0
0.0
0.0
0.0
0.0
0.0
0.0
0.0
0.0
0.0
0.0
0.0
0.0
0.0
0.0
0.0
0.0
0.0
0.0
0.0
0.0
0.0
0.0
0.0
0.0
0.0
0.0
0.0
0.0
0.0
0.0
0.0
0.0
0.0
0.0
0.0
0.0
0.0
0.0
0.0
0.0
0.0
0.0
0.0
0.0
0.0
0.0
0.0
0.0
0.0
0.0
0.0
0.0
0.0
0.0
0.0
0.0
0.0
0.0
0.0
0.0
0.0
0.0
0.0
0.0
0.0
0.0
0.0
0.0
0.0
0.0
0.0
0.0
0.0
0.0
0.0
0.0
0.0
0.0
0.0
0.0
0.0
0.0
0.0
0.0
0.0
0.0
0.0
0.0
0.0
0.0
0.0
0.0
0.0
0.0
0.0
0.0
0.0
0.0
0.0
0.0
0.0
0.0
0.0
0.0
0.0
0.0
0.0
0.0
0.0
0.0
0.0
0.0
0.0
0.0
0.0
0.0
0.0
0.0
0.0
0.0
0.0
0.0
0.0
0.0
0.0
0.0
0.0
0.0
0.0
0.0
0.0
0.0
0.0
0.0
0.0
0.0
0.0
0.0
0.0
0.0
0.0
0.0
0.0
0.0
0.0
0.0
0.0
0.0
0.0
0.0
0.0
0.0
0.0
0.0
0.0
0.0
0.0
0.0
0.0
0.0
0.0
0.0
0.0
0.0
0.0
0.0
0.0
0.0
0.0
0.0
0.0
0.0
0.0
0.0
0.0
0.0
0.0
0.0
0.0
0.0
0.0
0.0
0.0
0.0
0.0
0.0
0.0
0.0
0.0
0.0
0.0
0.0
0.0
0.0
0.0
0.0
0.0
0.0
0.0
0.0
0.0
0.0
0.0
0.0
0.0
0.0
0.0
0.0
0.0
0.0
0.0
0.0
0.0
0.0
0.0
0.0
0.0
0.0
0.0
0.0
0.0
0.0
0.0
0.0
0.0
0.0
0.0
0.0
0.0
0.0
0.0
0.0
0.0
0.0
0.0
0.0
0.0
0.0
0.0
0.0
0.0
0.0
0.0
0.0
0.0
0.0
0.0
0.0
0.0
0.0
0.0
0.0
0.0
0.0
0.0
0.0
0.0
0.0
0.0
0.0
0.0
0.0
0.0
0.0
0.0
0.0
0.0
0.0
0.0
0.0
0.0
0.0
0.0
0.0
0.0
0.0
0.0
0.0
0.0
0.0
0.0
0.0
0.0
0.0
0.0
0.0
0.0
0.0
0.0
0.0
0.0
0.0
0.0
0.0
0.0
0.0
0.0
0.0
0.0
0.0
0.0
0.0
0.0
0.0
0.0
0.0
0.0
0.0
0.0
0.0
0.0
0.0
0.0
0.0
0.0
0.0
0.0
0.0
0.0
0.0
0.0
0.0
0.0
0.0
0.0
0.0
0.0
0.0
0.0
0.0
0.0
0.0
0.0
0.0
0.0
0.0
0.0
0.0
0.0
0.0
0.0
0.0
0.0
0.0
0.0
0.0
0.0
0.0
0.0
0.0
0.0
0.0
0.0
0.0
0.0
0.0
0.0
0.0
0.0
0.0
0.0
0.0
0.0
0.0
0.0
0.0
0.0
0.0
0.0
0.0
0.0
0.0
0.0
0.0
0.0
0.0
0.0
0.0
0.0
0.0
0.0
0.0
0.0
0.0
0.0
0.0
0.0
0.0
0.0
0.0
0.0
0.0
0.0
0.0
0.0
0.0
0.0
0.0
0.0
0.0
0.0
0.0
0.0
0.0
0.0
0.0
0.0
0.0
0.0
0.0
0.0
0.0
0.0
0.0
0.0
0.0
0.0
0.0
0.0
0.0
0.0
0.0
0.0
0.0
0.0
0.0
0.0
0.0
0.0
0.0
0.0
0.0
0.0
0.0
0.0
0.0
0.0
0.0
0.0
0.0
0.0
0.0
0.0
0.0
0.0
0.0
0.0
0.0
0.0
0.0
0.0
0.0
0.0
0.0
0.0
0.0
0.0
0.0
0.0
0.0
0.0
0.0
0.0
0.0
0.0
0.0
0.0
0.0
0.0
0.0
0.0
0.0
0.0
0.0
0.0
0.0
0.0
0.0
0.0
0.0
0.0
0.0
0.0
0.0
0.0
0.0
0.0
0.0
0.0
0.0
0.0
0.0
0.0
0.0
0.0
0.0
0.0
0.0
0.0
0.0
0.0
0.0
0.0
0.0
0.0
0.0
0.0
0.0
0.0
0.0
0.0
0.0
0.0
0.0
0.0
0.0
0.0
0.0
0.0
0.0
0.0
0.0
0.0
0.0
0.0
0.0
0.0
0.0
0.0
0.0
0.0
0.0
0.0
0.0
0.0
0.0
0.0
0.0
0.0
0.0
0.0
0.0
0.0
0.0
0.0
0.0
0.0
0.0
0.0
0.0
0.0
0.0
0.0
0.0
0.0
0.0
0.0
0.0
0.0
0.0
0.0
0.0
0.0
0.0
0.0
0.0
0.0
0.0
0.0
0.0
0.0
0.0
0.0
0.0
0.0
0.0
0.0
0.0
0.0
0.0
0.0
0.0
0.0
0.0
0.0
0.0
0.0
0.0
0.0
0.0
0.0
0.0
0.0
0.0
0.0
0.0
0.0
0.0
0.0
0.0
0.0
0.0
0.0
0.0
0.0
0.0
0.0
0.0
0.0
0.0
0.0
0.0
0.0
0.0
0.0
0.0
0.0
0.0
0.0
0.0
0.0
0.0
0.0
0.0
0.0
0.0
0.0
0.0
0.0
0.0
0.0
0.0
0.0
0.0
0.0
0.0
0.0
0.0
0.0
0.0
0.0
0.0
0.0
0.0
0.0
0.0
0.0
0.0
0.0
0.0
0.0
0.0
0.0
0.0
0.0
0.0
0.0
0.0
0.0
0.0
0.0
0.0
0.0
0.0
0.0
0.0
0.0
0.0
0.0
0.0
0.0
0.0
0.0
0.0
0.0
0.0
0.0
0.0
0.0
0.0
0.0
0.0
0.0
0.0
0.0
0.0
0.0
0.0
0.0
0.0
0.0
0.0
0.0
0.0
0.0
0.0
0.0
0.0
0.0
0.0
0.0
0.0
0.0
0.0
0.0
0.0
0.0
0.0
0.0
0.0
0.0
0.0
0.0
0.0
0.0
0.0
0.0
0.0
0.0
0.0
0.0
0.0
0.0
0.0
0.0
0.0
0.0
0.0
0.0
0.0
0.0
0.0
0.0
0.0
0.0
0.0
0.0
0.0
0.0
0.0
0.0
0.0
0.0
0.0
0.0
0.0
0.0
0.0
0.0
0.0
0.0
0.0
0.0
0.0
0.0
0.0
0.0
0.0
0.0
0.0
0.0
0.0
0.0
0.0
0.0
0.0
0.0
0.0
0.0
0.0
0.0
0.0
0.0
0.0
0.0
0.0
0.0
0.0
0.0
0.0
0.0
0.0
0.0
0.0
0.0
0.0
0.0
0.0
0.0
0.0
0.0
0.0
0.0
0.0
0.0
0.0
0.0
0.0
0.0
0.0
0.0
0.0
0.0
0.0
0.0
0.0
0.0
0.0
0.0
0.0
0.0
0.0
0.0
0.0
0.0
0.0
0.0
0.0
0.0
0.0
0.0
0.0
0.0
0.0
0.0
0.0
0.0
0.0
0.0
0.0
0.0
0.0
0.0
0.0
0.0
0.0
0.0
0.0
0.0
0.0
0.0
0.0
0.0
0.0
0.0
0.0
0.0
0.0
0.0
0.0
0.0
0.0
0.0
0.0
0.0
0.0
0.0
0.0
0.0
0.0
0.0
0.0
0.0
0.0
0.0
0.0
0.0
0.0
0.0
0.0
0.0
0.0
0.0
0.0
0.0
0.0
0.0
0.0
0.0
0.0
0.0
0.0
0.0
0.0
0.0
0.0
0.0
0.0
0.0
0.0
0.0
0.0
0.0
0.0
0.0
0.0
0.0
0.0
0.0
0.0
0.0
0.0
0.0
0.0
0.0
0.0
0.0
0.0
0.0
0.0
0.0
0.0
0.0
0.0
0.0
0.0
0.0
0.0
0.0
0.0
0.0
0.0
0.0
0.0
0.0
0.0
0.0
0.0
0.0
0.0
0.0
0.0
0.0
0.0
0.0
0.0
0.0
0.0
0.0
0.0
0.0
0.0
0.0
0.0
0.0
0.0
0.0
0.0
0.0
0.0
0.0
0.0
0.0
0.0
0.0
0.0
0.0
0.0
0.0
0.0
0.0
0.0
0.0
0.0
0.0
0.0
0.0
0.0
0.0
0.0
0.0
0.0
0.0
0.0
0.0
0.0
0.0
0.0
0.0
0.0
0.0
0.0
0.0
0.0
0.0
0.0
0.0
0.0
0.0
0.0
0.0
0.0
0.0
0.0
0.0
0.0
0.0
0.0
0.0
0.0
0.0
0.0
0.0
0.0
0.0
0.0
0.0
0.0
0.0
0.0
0.0
0.0
0.0
0.0
0.0
0.0
0.0
0.0
0.0
0.0
0.0
0.0
0.0
0.0
0.0
0.0
0.0
0.0
0.0
0.0
0.0
0.0
0.0
0.0
0.0
0.0
0.0
0.0
0.0
0.0
0.0
0.0
0.0
0.0
0.0
0.0
0.0
0.0
0.0
0.0
0.0
0.0
0.0
0.0
0.0
0.0
0.0
0.0
0.0
0.0
0.0
0.0
0.0
0.0
0.0
0.0
0.0
0.0
0.0
0.0
0.0
0.0
0.0
0.0
0.0
0.0
0.0
0.0
0.0
0.0
0.0
0.0
0.0
0.0
0.0
0.0
0.0
0.0
0.0
0.0
0.0
0.0
0.0
0.0
0.0
0.0
0.0
0.0
0.0
0.0
0.0
0.0
0.0
0.0
0.0
0.0
0.0
0.0
0.0
0.0
0.0
0.0
0.0
0.0
0.0
0.0
0.0
0.0
0.0
0.0
0.0
0.0
0.0
0.0
0.0
0.0
0.0
0.0
0.0
0.0
0.0
0.0
0.0
0.0
0.0
0.0
0.0
0.0
0.0
0.0
0.0
0.0
0.0
0.0
0.0
0.0
0.0
0.0
0.0
0.0
0.0
0.0
0.0
0.0
0.0
0.0
0.0
0.0
0.0
0.0
0.0
0.0
0.0
0.0
0.0
0.0
0.0
0.0
0.0
0.0
0.0
0.0
0.0
0.0
0.0
0.0
0.0
0.0
0.0
0.0
0.0
0.0
0.0
0.0
0.0
0.0
0.0
0.0
0.0
0.0
0.0
0.0
0.0
0.0
0.0
0.0
0.0
0.0
0.0
0.0
0.0
0.0
0.0
0.0
0.0
0.0
0.0
0.0
0.0
0.0
0.0
0.0
0.0
0.0
0.0
0.0
0.0
0.0
0.0
0.0
0.0
0.0
0.0
0.0
0.0
0.0
0.0
0.0
0.0
0.0
0.0
0.0
0.0
0.0
0.0
0.0
0.0
0.0
0.0
0.0
0.0
0.0
0.0
0.0
0.0
0.0
0.0
0.0
0.0
0.0
0.0
-1.1442443E-4
-1.13536546E-4
-1.12651986E-4
-1.1177075E-4
-1.1089285E-4
-1.1001828E-4
-1.0914704E-4
-1.08279135E-4
-1.0741457E-4
-1.0655334E-4
-1.0569546E-4
-1.0484092E-4
-1.0398972E-4
-1.0314187E-4
-1.02297374E-4
-1.0145623E-4
-1.0061843E-4
-9.9783996E-5
-9.8952914E-5
-9.8125194E-5
-9.7300835E-5
-9.647984E-5
-9.566221E-5
-9.484794E-5
-9.403705E-5
-9.322953E-5
-9.2425376E-5
-9.16246E-5
-9.08272E-5
-9.003318E-5
-8.924254E-5
-8.845529E-5
-8.767141E-5
-8.689092E-5
-8.6113825E-5
-8.5340114E-5
-8.4569794E-5
-8.3802865E-5
-8.303934E-5
-8.2279206E-5
-8.152247E-5
-8.076914E-5
-8.001921E-5
-7.927268E-5
-7.8529556E-5
-7.778984E-5
-7.705353E-5
-7.632064E-5
-7.559116E-5
-7.486509E-5
-7.414244E-5
-7.342321E-5
-7.270739E-5
-7.1995004E-5
-7.1286035E-5
-7.0580485E-5
-6.987837E-5
-6.917968E-5
-6.848442E-5
-6.7792585E-5
-6.710419E-5
-6.641923E-5
-6.57377E-5
-6.505961E-5
-6.438496E-5
-6.371376E-5
-6.304598E-5
-6.238167E-5
-6.1720784E-5
-6.106336E-5
-6.0409377E-5
-5.9758844E-5
-5.9111764E-5
-5.846814E-5
-5.782797E-5
-5.7191253E-5
-5.6557994E-5
-5.5928198E-5
-5.5301858E-5
-5.4678985E-5
-5.4059572E-5
-5.3443626E-5
-5.2831147E-5
-5.2222134E-5
-5.1616593E-5
-5.1014522E-5
-5.041592E-5
-4.9820796E-5
-4.9229147E-5
-4.8640974E-5
-4.8056278E-5
-4.747506E-5
-4.6897323E-5
-4.6323068E-5
-4.57523E-5
-4.5185014E-5
-4.4621214E-5
-4.40609E-5
-4.350408E-5
-4.295074E-5
-8.48018E-5
-8.37091E-5
-8.262339E-5
-8.154467E-5
-8.0472935E-5
-7.94082E-5
-7.8350466E-5
-7.729973E-5
-7.6256E-5
-7.521927E-5
-7.418955E-5
-7.316684E-5
-7.2151146E-5
-7.1142465E-5
-7.01408E-5
-6.9146154E-5
-6.815853E-5
-6.717793E-5
-6.620436E-5
-6.5237815E-5
-6.4278305E-5
-6.3325824E-5
-6.238038E-5
-6.144198E-5
-6.051061E-5
-5.958629E-5
-5.866901E-5
-5.775878E-5
-5.68556E-5
-5.5959466E-5
-5.5070388E-5
-5.4188364E-5
-5.33134E-5
-5.244549E-5
-5.1584648E-5
-5.0730865E-5
-4.988415E-5
-4.90445E-5
-4.821192E-5
-4.7386413E-5
-4.6567977E-5
-4.5756617E-5
-4.4952332E-5
-4.415513E-5
-4.3365006E-5
-4.2581967E-5
-4.180601E-5
-4.103714E-5
-4.027536E-5
-3.952067E-5
-3.877307E-5
-3.8032562E-5
-3.7299153E-5
-3.6572837E-5
-3.5853624E-5
-3.5141507E-5
-3.4436496E-5
-3.3738586E-5
-3.3047785E-5
-3.236409E-5
-3.16875E-5
-3.1018022E-5
-3.0355655E-5
-2.9700404E-5
-2.9052266E-5
-2.8411245E-5
-2.7777342E-5
-2.7150558E-5
-2.6530895E-5
-2.5918354E-5
-2.5312936E-5
-2.4714645E-5
-2.4123481E-5
-2.3539444E-5
-2.2962537E-5
-2.239276E-5
-2.1830114E-5
-2.1274604E-5
-2.0726227E-5
-2.0184985E-5
-1.9650883E-5
-1.9123918E-5
-1.8604092E-5
-1.8091408E-5
-1.7585868E-5
-1.7087468E-5
-1.6596216E-5
-1.6112108E-5
-1.5635145E-5
-1.5165333E-5
-1.47026685E-5
-1.4247155E-5
-1.3798793E-5
-1.3357582E-5
-1.2923525E-5
-1.2496623E-5
-1.20768755E-5
-1.1664285E-5
-1.1258851E-5
-1.0860576E-5
-1.0469461E-5
-1.0085505E-5
-9.70871E-6
-9.339077E-6
-8.976607E-6
-8.621301E-6
-8.273159E-6
-7.9321835E-6
-7.598373E-6
-7.27173E-6
-6.9522544E-6
-6.639947E-6
-6.334809E-6
-6.036841E-6
-5.7460434E-6
-5.462417E-6
-5.185963E-6
-4.916681E-6
-4.654573E-6
-4.3996383E-6
-4.151878E-6
-3.911293E-6
-3.6778833E-6
-3.45165E-6
-3.2325934E-6
-3.0207138E-6
-2.816012E-6
-2.6184885E-6
-2.4281435E-6
-2.2449776E-6
-2.0689913E-6
-1.9001849E-6
-8.6927935E-7
-7.920567E-7
-7.1842453E-7
-6.483831E-7
-5.8193257E-7
-5.19073E-7
-4.598047E-7
-4.041277E-7
-3.5204212E-7
-3.0354812E-7
-2.5864583E-7
-2.1733533E-7
-1.796167E-7
-1.4549008E-7
-1.14955505E-7
-8.801307E-8
-6.466283E-8
-4.4904837E-8
-2.8739146E-8
-1.6165792E-8
-7.1848034E-9
-1.796202E-9
-0.0
