0.4095156
0.34151113
0.22712797
0.39226028
0.407521
0.14875264
0.19330744
0.11605042
0.6682691
0.47335556
0.06857417
0.21684577
0.25751808
0.31187427
0.3218163
0.26931453
0.18566665
0.04408574
0.08899653
0.0981072
0.09138107
0.116245136
0.115638785
0.12209402
0.044524297
0.15903506
0.16550966
0.1510294
0.31549895
0.25393206
0.15616284
0.21752778
0.28203782
0.1723647
0.18127058
0.106015034
0.1164232
0.19277084
0.08861535
0.15334564
0.24978915
0.26618853
0.20212339
0.07198929
0.27383804
0.25621882
0.10888144
0.30858514
0.27553803
0.15633662
0.11973212
0.17477357
0.27967444
0.15431146
0.15228675
0.028017646
0.15225512
0.18935958
0.10913378
0.05720697
0.056293353
0.05598999
0.044515617
0.09995913
0.07232767
0.098490044
0.13161094
0.005535704
0.09035012
0.15161881
0.117005944
0.07773191
0.051936306
0.016299987
0.10418371
0.12116564
0.13307805
0.118575364
0.1033996
0.025448158
0.09810058
0.102500774
0.049334902
0.109658435
0.07138113
0.021331765
0.039216246
0.0787532
0.06124315
0.061283294
0.12809059
0.13767564
0.1481189
0.09859874
0.06913221
0.0542048
0.11122432
0.20588827
0.11270886
0.06610438
0.116832346
0.087448396
0.15481107
0.13143955
0.09012469
0.13379504
0.11571058
0.09819007
0.04245695
0.12236377
0.08682389
0.081699215
0.056955587
0.042075947
0.09694711
0.052520793
0.040527146
0.07641852
0.111881725
0.046766322
0.038714476
0.033432823
0.019988472
0.077497244
0.0899368
0.08356555
0.07456671
0.031936686
0.09778843
0.06958049
0.14984602
0.08894009
0.025882475
0.016885422
0.049367245
0.07392183
0.06908537
0.047887374
0.03839217
0.055641696
0.049160376
0.010157655
0.04948495
0.09697883
0.082777955
0.12099649
0.074761026
0.05741591
0.083593704
0.10045087
0.07670465
0.07250114
0.063452385
0.08488484
0.088326894
0.10149375
0.10513064
0.13254915
0.05990171
0.06165747
0.068143696
0.061837465
0.13380031
0.0994103
0.018678945
0.107953325
0.14768878
0.078181155
0.040344905
0.061317697
0.1681136
0.17703311
0.07183274
0.054258157
0.03845261
0.045570355
0.029397361
0.061709266
0.107354
0.07637934
0.09770907
0.13193288
0.083293155
0.08819126
0.0635467
0.053285778
0.035409123
0.0820535
0.07554295
0.027168207
0.03312453
0.08590993
0.11774976
0.10059009
0.13508248
0.12786278
0.098872624
0.06183275
0.045468267
0.05656694
0.063166805
0.041451395
0.028529895
0.06446194
0.08170423
0.057583567
0.10734198
0.07951889
0.07501203
0.16393742
0.14843044
0.062897004
0.07575469
0.06726585
0.13143022
0.12363021
0.14936207
0.07834572
0.06613724
0.12321708
0.09005647
0.03772939
0.03905342
0.029146357
0.042620353
0.06774382
0.010478863
0.070684634
0.020298956
0.023969904
0.018938407
0.035474405
0.057098832
0.07662269
0.045523964
0.0414031
0.032395512
0.102731444
0.10780016
0.050395347
0.123244405
0.107305385
0.10408304
0.10576827
0.03264904
0.042905804
0.024263049
0.004613214
0.035312284
0.021112977
0.0104205925
0.032683052
0.013928392
0.061653364
0.108475715
0.15231372
0.07098548
0.048683263
0.09345521
0.097270206
0.11558411
0.09494703
0.05536989
0.042545848
0.020843895
0.027864626
0.036352534
0.09459159
0.04992456
0.012284417
0.064240746
0.13326354
0.08472859
0.0067577315
0.04174738
0.03228056
0.09038408
0.12897372
0.110017926
0.0567308
0.04845833
0.08422392
0.10233741
0.055929706
0.016416164
0.03342957
0.034610294
0.068867154
0.09666525
0.08485705
0.072268575
0.13126484
0.056143634
0.1010683
0.057094645
0.07675498
0.0973823
0.05075659
0.038011856
0.047626857
0.048138123
0.027770737
0.08308578
0.08545284
0.11977522
0.11530922
0.07263353
0.041777227
0.0342571
0.048523434
0.083364904
0.023017507
0.12519191
0.11647031
0.08254758
0.06510391
0.10915554
0.09086382
0.06692923
0.043340936
0.05678618
0.073878154
0.09002247
0.12254998
0.16402765
0.05587654
0.11976538
0.098275386
0.0692597
0.03638446
0.05983992
0.069889136
0.09078709
0.04493142
0.07467781
0.08112025
0.049942248
0.04069399
0.032784395
0.044861857
0.03620084
0.042319782
0.04046767
0.10179596
0.13277628
0.06566937
0.027866578
0.10851887
0.13880889
0.05320488
0.02889819
0.04147814
0.085160844
0.08635954
0.07994087
0.06040791
0.10294211
0.107291244
0.05201191
0.068099044
0.11811567
0.091604516
0.057279654
0.06357718
0.07762959
0.10872314
0.08998435
0.06773416
0.1227493
0.06836553
0.0125779
0.024340812
0.07664033
0.020618672
0.10721942
0.10998637
0.054801293
0.072906815
0.05574252
0.08676404
0.032277357
0.097478345
0.08673224
0.045797706
0.07984009
0.05240594
0.101092204
0.053406432
0.050130464
0.078174986
0.14085218
0.19771808
0.119264305
0.03913133
0.03803313
0.06620066
0.08552054
0.115556724
0.08388376
0.057735655
0.07279821
0.010059261
0.06010648
0.060222846
0.054291345
0.091866136
0.107942544
0.08942027
0.07452832
0.035806905
0.057135485
0.07815117
0.081753545
0.08378634
0.102676176
0.08754755
0.034870584
0.023699448
0.057478834
0.02481351
0.008491452
0.0886146
0.099884786
0.0311057
0.05560761
0.042644657
0.047661476
0.051092543
0.030079566
0.021931862
0.0088770725
0.054472495
0.10526924
0.094746485
0.057700675
0.04036455
0.018765258
0.06430108
0.05450875
0.040944137
0.049658317
0.048694927
0.09576106
0.09508408
0.06810715
0.10175289
0.12997298
0.08525951
0.06643598
0.048137296
0.065328665
0.110017724
0.036804385
0.07916362
0.07996214
0.06290252
0.082844555
0.045143254
0.014876285
0.025047105
0.054286607
0.06440492
0.07024405
0.057993535
0.06954464
0.075463414
0.053377
0.043472387
0.034745622
0.016692404
0.019606574
0.022184193
0.01144941
0.071750194
0.087464124
0.06709505
0.04638822
0.011667996
0.026779091
0.08641103
0.08924613
0.08166945
0.08356774
0.083601594
0.05565888
0.058367714
0.12287384
0.078956775
0.090574905
0.10292467
0.014998463
0.03014954
0.033282313
0.031658847
0.064881094
0.10094452
0.05794311
0.01538362
0.068495385
0.09971435
0.047190122
0.0634343
0.029181207
0.029209515
0.055097397
0.07570546
0.10383752
0.06598257
0.031536646
0.044135533
0.051446438
0.032283064
0.051820226
0.04124362
0.031507157
0.078392066
0.08303312
0.020788088
0.049736526
0.036149558
0.09869579
0.05973923
0.051690955
0.054865636
0.062029414
0.03728967
0.043846082
0.0346318
0.013495545
0.015007544
0.06339282
0.06758867
0.04555103
0.08782663
0.06947772
0.07263598
0.11963983
0.1218925
0.029706726
0.04052538
0.022038918
0.05668678
0.11511407
0.14411436
0.08986001
0.05548565
0.062271703
0.031107133
0.0317515
0.046846174
0.05405045
0.053142466
0.034430895
0.009057556
0.054434177
0.062595144
0.027724886
0.07713656
0.09295631
0.11854712
0.12142849
0.06030794
0.023392804
0.044767693
0.07015339
0.050730977
0.031792432
0.09449285
0.11632139
0.068260014
0.044739816
0.10843724
0.07084611
0.05123673
0.0551269
0.07219327
0.14309587
0.13280071
0.02224957
0.05533841
0.040272918
0.06546497
0.078550264
0.069775075
0.055357687
0.033640146
0.04757309
0.07752077
0.080959626
0.06732287
0.0084671965
0.04025607
0.03396694
0.023168944
0.023848258
0.05169282
0.052474264
0.0428626
0.06598097
0.042302568
0.0592339
0.060158733
0.027383743
0.060647782
0.11210947
0.07468816
0.08270468
0.086815216
0.07091223
0.060800303
0.03723631
0.04416259
0.061259206
0.113472074
0.06822327
0.012342755
0.06805828
0.08003136
0.019795034
0.014908893
0.07789803
0.10768804
0.067771435
0.09725296
0.10296402
0.07324144
0.18152396
0.11525546
0.11586766
0.12623835
0.07489062
0.038828414
0.06870696
0.18622476
0.20506914
0.11817388
0.08921006
0.043678723
0.020468812
0.03915315
0.066291645
0.057759367
0.072199434
0.04214474
0.08793011
0.08514459
0.02389006
0.05862089
0.08002344
0.05908048
0.046965428
0.039219137
0.04995185
0.014889707
0.103956774
0.11156806
0.11195548
0.085641935
0.025875581
0.04112006
0.02577223
0.10766323
0.13021202
0.04711161
0.02673256
0.07137856
0.0433651
0.027559381
0.04469624
0.062811814
0.08406427
0.08667684
0.053220846
0.049203508
0.03271982
0.026586404
0.01182676
0.01374628
0.044561423
0.043519694
0.024261784
0.0470312
0.06825912
0.006578134
0.008180894
0.018709693
0.012440835
0.050144337
0.05263169
0.052862607
0.007404337
0.03074195
0.07121195
0.102820955
0.061660677
0.053460456
0.019646984
0.04641275
0.08472306
0.13927473
0.08976895
0.049887456
0.046089336
0.047747765
0.054600656
0.048671074
0.053403128
0.08815899
0.06778195
0.061019484
0.06896696
0.048721924
0.06577855
0.14331661
0.10911132
0.11144167
0.09520648
0.07433578
0.02944475
0.020942532
0.059992433
0.06955259
0.06100595
0.08511926
0.054874085
0.024715329
0.019220332
0.06805295
0.03141632
0.06897691
0.07771235
0.071303606
0.04875121
0.015460618
0.025856705
0.01862266
0.036142033
0.015612383
0.08040786
0.08059482
0.029312603
0.02409567
0.043839943
0.070072494
0.03277668
0.089588724
0.07404426
0.06568904
0.07923452
0.065442026
0.037657734
0.038484927
0.0033648983
0.018387247
0.03949642
0.018196998
0.007081638
0.08063208
0.102326855
0.032641303
0.020536942
0.032233287
0.09891597
0.12262852
0.0488825
0.07697672
0.07107335
0.049079772
0.0301935
0.03454522
0.082569376
0.12840419
0.05450631
0.04070632
0.038906317
0.026697166
0.025830865
0.044430938
0.0860896
0.054106846
0.050234832
0.021651417
0.085784234
0.047619388
0.051311944
0.051561754
0.030203594
0.09060554
0.05190849
0.0097296545
0.01998197
0.040215008
0.023445593
0.032428604
0.04766373
0.040989034
0.021839011
0.05241554
0.06613051
0.06598646
0.031140383
0.045266893
0.013117109
0.028636785
0.057818063
0.073890395
0.028676786
0.047226228
0.08879669
0.07515844
0.06292691
0.03082752
0.018329108
0.10186243
0.11822548
0.016295811
0.04024337
0.060642235
0.10687863
0.043982644
0.08417266
0.10042552
0.010565927
0.064100504
0.05085795
0.070263594
0.06063017
0.011285619
0.07500041
0.0601864
0.03881637
0.06831351
0.051224444
0.028015707
0.016696747
0.05104303
0.022701435
0.002782918
0.06305387
0.055720862
0.009673678
0.03631965
0.04117014
0.02547332
0.074139245
0.061537504
0.021712096
0.041562106
0.061357394
0.056869563
0.04106309
0.027178561
0.043806244
0.042241443
0.04885061
0.014330761
0.111024916
0.105804406
0.049135257
0.05583776
0.026139854
0.036635138
0.039923817
0.03767861
0.039560553
0.030008964
0.036867704
0.057050727
0.058569215
0.016233582
0.023394622
0.025761636
0.066962875
0.049248658
0.08562556
0.084253795
0.026131634
0.04412575
0.022783939
0.06288772
0.040274575
0.048266374
0.11360796
0.07236812
0.05370192
0.08776297
0.06776779
0.015408344
0.028298903
0.02356524
0.014961639
0.056460273
0.030465566
0.013969609
0.040603522
0.059821803
0.06071765
0.05606056
0.10800516
0.078091994
0.015152465
0.028200384
0.026457114
0.063216284
0.081580564
0.038961146
0.02439952
0.00890828
0.028848037
0.051177636
0.042911485
0.051682014
0.08942651
0.05958072
0.058011483
0.079349324
0.039100748
0.07112836
0.07647694
0.035947565
0.07137739
0.08472724
0.04382874
0.03596947
0.042942666
0.03272899
0.04688506
0.049137488
0.030586347
0.008560343
0.05580344
0.09713157
0.035676584
0.03812454
0.032286707
0.069594435
0.08553331
0.032441154
0.021433204
0.03674137
0.088365845
0.06686586
0.005591457
0.03071338
0.054922864
0.07202995
0.030624185
0.075243846
0.08520863
0.02675855
0.03136685
0.041756205
0.0752477
0.07424918
0.021621557
0.034044374
0.043303225
0.041535847
0.06663772
0.05907733
0.017605592
0.06500262
0.05864427
0.038711753
0.0021103956
0.037030544
0.03022496
0.021062033
0.008253974
0.056439564
0.08437675
0.07444091
0.060719613
0.033650227
0.0688481
0.1183363
0.12247736
0.079529405
0.06130918
0.08853572
0.1023653
0.086154215
0.056698818
0.11987665
0.05922485
0.022670334
0.011281367
0.020558808
0.046138607
0.08903737
0.08403021
0.01695226
0.033351503
0.03364335
0.03775397
0.016394656
0.05391088
0.079969235
0.034670986
0.038196567
0.034018237
0.044497244
0.0503397
0.08759168
0.07703259
0.062396225
0.04589474
0.013349446
0.041474495
0.061074436
0.07727871
0.06624183
0.037509397
0.024101613
0.07703977
0.092627674
0.059768427
0.052807752
0.0044679088
0.024051927
0.009603939
0.024477635
0.031939723
0.051738292
0.059063256
0.050573178
0.070512064
0.044164397
0.042612266
0.073888116
0.038205277
0.046430524
0.011297298
0.041159894
0.05613194
0.065871716
0.043529484
0.05448275
0.0650708
0.063436896
0.073348
0.089528464
0.08735138
0.03863617
0.061021227
0.10614868
0.09739384
0.061942626
0.07176889
0.06708253
0.06043851
0.09216963
0.04319558
0.058036875
0.0729146
0.038587306
0.029196154
0.05245682
0.056674473
0.04118616
0.01749095
0.06538641
0.07177665
0.09154058
0.12164352
0.035806026
0.09406078
0.10874129
0.01920669
0.046917103
0.048734445
0.05589771
0.06120962
0.06314949
0.015660785
0.0672561
0.084915616
0.07738677
0.049316294
0.07178612
0.09322498
0.08271
0.052365668
0.04169039
0.072140895
0.07248861
0.03840845
0.044550043
0.040806904
0.05127011
0.08648037
0.06564799
0.04120314
0.025711538
0.026250029
0.059659127
0.048271604
0.036381885
0.05349906
0.06283666
0.074372694
0.07846978
0.07772104
0.052574355
0.04832579
0.054242715
0.08262175
0.066886656
0.0578232
0.0793135
0.056553572
0.017906092
0.048712663
0.08614526
0.064431645
0.023096576
0.045252427
0.04637378
0.03484565
0.016979516
0.066109344
0.05743288
0.033175156
0.011998516
0.067057274
0.10386635
0.05815919
0.008465157
0.047809064
0.07838433
0.038930025
0.032248937
0.044396024
0.07535641
0.10183251
0.050388522
0.06725613
0.080846734
0.0982016
0.0784879
0.02155168
0.021258784
0.08172769
0.09033644
0.059526432
0.11610336
0.12272898
0.092079654
0.07963704
0.06383127
0.024855228
0.06697457
0.024707574
0.026102526
0.035673898
0.055548266
0.09476435
0.06584119
0.034482393
0.057397667
0.121888086
0.07863661
0.029611804
0.04563195
0.0129772015
0.07307874
0.1206352
0.12109428
0.07985718
0.03181712
0.04455945
0.03506991
0.09348384
0.0895944
0.01206309
0.013433276
0.036968622
0.06395989
0.05465419
0.029154727
0.08919403
0.1429508
0.091086164
0.034325603
0.07361154
0.054514986
0.022193631
0.082542695
0.08724513
0.07619776
0.03636961
0.03222818
0.08441263
0.09750414
0.10476971
0.08355401
0.07015241
0.028277183
0.036232498
0.06308336
0.119311154
0.082076974
0.03196543
0.0038952613
0.06851065
0.11600361
0.08764551
0.02593656
0.031952955
0.04070011
0.051488522
0.074662805
0.084246844
0.040161464
0.05399721
0.051784962
0.02254775
0.04325118
0.04897098
0.037277002
0.03405092
0.09112034
0.083402924
0.06964996
0.064367265
0.068553664
0.08101909
0.07633093
0.052985203
0.026190683
0.05087539
0.013547137
0.049706288
0.07671442
0.09550865
0.085874036
0.059977937
0.034954466
0.055971902
0.079841904
0.05594895
0.05877838
0.075537115
0.05149207
0.04883473
0.09324718
0.08632016
0.037505627
0.04795511
0.0485974
0.01550059
0.01959266
0.064133
0.05785259
0.045393504
0.067880124
0.076946504
0.056260362
0.028236823
0.029313877
0.027926225
0.011860715
0.051458463
0.087414585
0.07738893
0.03766247
0.11897971
0.07226105
0.030023629
0.023760578
0.064160086
0.038040385
0.044767942
0.093509026
0.06671801
0.037940398
0.042114504
0.05852789
0.065148294
0.07986635
0.05683113
0.04014898
0.05971316
0.04739026
0.051178247
0.04283243
0.052974824
0.061602585
0.054157145
0.067127995
0.08749424
0.058872357
0.05302852
0.017595986
0.074943036
0.07274358
0.08908262
0.07066351
0.041350566
0.042756714
0.034700464
0.063613586
0.07467801
0.08544309
0.04565101
0.12430977
0.12342137
0.025581995
0.06345601
0.076642126
0.036566783
0.02183059
0.016403912
0.06248039
0.04523234
0.011441048
0.013490293
0.0055580703
0.042309966
0.06826612
0.079040766
0.084848635
0.0792674
0.05160213
0.03168856
0.0473163
0.051908325
0.059871882
0.058074515
0.04642783
0.06331937
0.05139087
0.03369804
0.03365168
0.03339438
0.05410177
0.040760957
0.056053672
0.081172355
0.06662986
0.03474126
0.065469205
0.054666206
0.022412097
0.025521707
0.022063384
0.068978876
0.07240852
0.035603665
0.060515653
0.11173701
0.10982753
0.032314565
0.04139643
0.083037116
0.06169231
0.027898774
0.05925725
0.0435156
0.059581783
0.052506983
0.07133582
0.061749965
0.057410065
0.036980074
0.029399285
0.12176085
0.14244808
0.094892696
0.030949365
0.05024741
0.07118252
0.037546575
0.059718207
0.10476199
0.013789934
0.093094945
0.035647754
0.03177418
0.0603901
0.11253684
0.13755551
0.12740213
0.05927038
0.008725978
0.03690752
0.019020936
0.061097566
0.043587256
0.028130366
0.03843832
0.034790024
0.017175093
0.024045508
0.07538766
0.07216582
0.024214817
0.085472524
0.07899006
0.03930128
0.069764726
0.036871627
0.04889306
0.062405013
0.017636942
0.032956965
0.04464394
0.05103978
0.10250033
0.09616763
0.045993447
0.022419116
0.033116266
0.044433527
0.0631549
0.06320788
0.08798576
0.08955074
0.07446812
0.09812909
0.030066818
0.051181152
0.09877319
0.08149379
0.11778124
0.13418251
0.08732599
0.043318097
0.018307636
0.12452979
0.15084375
0.09609685
0.055094868
0.025053116
0.050356764
0.03199803
0.009264134
0.020228408
0.016721882
0.06498357
0.065362476
0.061773587
0.072520666
0.08430786
0.13230464
0.14579087
0.05609351
0.04777061
0.08802785
0.13499174
0.16336896
0.1307344
0.087972835
0.033354938
0.0018142726
0.07232591
0.12715648
0.08920549
0.066105515
0.0984962
0.0449404
0.022564508
0.1117536
0.14667754
0.10230751
0.08186187
0.07152844
0.08801316
0.09534573
0.10495908
0.04616482
0.049061503
0.064770706
0.046827108
0.0587977
0.027173236
0.04054766
0.049110387
0.07692945
0.08044901
0.06489504
0.091079675
0.031557556
0.04138482
0.033660024
0.028215848
0.025695646
0.019301517
0.045912556
0.049799368
0.07227368
0.09577645
0.03201143
0.06520466
0.03164625
0.08376656
0.10263359
0.10963224
0.18628892
0.14234656
0.07964544
0.03871901
0.022380898
0.013778825
0.094171695
0.0928137
0.034406
0.015624174
0.07220739
0.12559861
0.08932772
0.039343625
0.06292439
0.034835264
0.05020888
0.08760143
0.10196101
0.08132585
0.013623316
0.05939395
0.058186624
0.07163487
0.043468073
0.03322427
0.018922973
0.038842343
0.1262051
0.12324612
0.07726678
0.07670608
0.061700925
0.050937578
0.0929911
0.15311387
0.05458522
0.058276877
0.10087176
0.052072484
0.08410657
0.10375776
0.021907764
0.13520816
0.13151123
0.06490918
0.09301532
0.06708178
0.0807535
0.041518535
0.09307702
0.084631205
0.07421778
0.049240302
0.011314942
0.052560892
0.028711425
0.060521707
0.120431505
0.12016283
0.061457537
0.029093077
0.07040891
0.044393204
0.04263389
0.09290585
0.051550634
0.03241595
0.088486604
0.061547555
0.032957323
0.060042568
0.05148236
0.008231944
0.05864923
0.054869235
0.020894406
0.023066403
0.016271416
0.027653715
0.043146968
0.030573564
0.05062488
0.06216735
0.037431628
0.07604793
0.09584157
0.012190928
0.07622645
0.049923707
0.05074669
0.04530606
0.06007265
0.078263015
0.05714234
0.067826785
0.033805482
0.03922472
0.014955402
0.035139784
0.043098222
0.0865263
0.059101928
0.04749516
0.016865091
0.028994367
0.033496864
0.07602369
0.08198204
0.04577981
0.057884578
0.0502951
0.049105138
0.093920596
0.106383145
0.05118662
0.020901466
0.011380146
0.049797602
0.07724379
0.09198989
0.059168562
0.02180194
0.037844904
0.029547764
0.048618015
0.04743623
0.062215112
0.04468007
0.05339979
0.05802918
0.022924045
0.09366489
0.14458424
0.08762592
0.039056733
0.04589825
0.07131088
0.045597367
0.04372068
0.08423392
0.03810665
0.045993492
0.013061501
0.0681637
0.0369502
0.10063876
0.1374897
0.08772142
0.061667755
0.08308561
0.02621119
0.038585216
0.051863022
0.034065615
0.06713675
0.038325883
0.05417312
0.09294723
0.04456482
0.027299674
0.027726373
0.009039304
0.030137712
0.04168913
0.020764593
0.018241208
0.03246472
0.04970318
0.0011226091
0.04281353
0.09306138
0.08206017
0.09426394
0.121077225
0.08638389
0.03466377
0.07330875
0.090201676
0.033004582
0.035947006
0.07125029
0.12564373
0.08051391
0.10753112
0.15561356
0.12456696
0.064837955
0.061957557
0.046585806
0.015022528
0.043934107
0.06106766
0.061238267
0.033321507
0.077157766
0.08298939
0.047222
0.04700571
0.062396187
0.11839733
0.12873329
0.087288596
0.06648171
0.10289321
0.114385426
0.059881374
0.08747945
0.055705104
0.037465166
0.0548414
0.07902426
0.124161825
0.08414163
0.008856118
0.020111801
0.017426036
0.027336195
0.048855152
0.04441631
0.0672156
0.102311656
0.0789929
0.047420103
0.041046515
0.088163584
0.06382534
0.049243674
0.03588138
0.057645064
0.060978454
0.061846804
0.122699566
0.10302521
0.07292221
0.03668945
0.07225413
0.045624234
0.080991775
0.05544804
0.023372449
0.023801304
0.013468616
0.031271264
0.03278348
0.05830232
0.00702334
0.06860344
0.03375838
0.03644933
0.12561247
0.094194524
0.01602278
0.057529803
0.041142166
0.03585862
0.062185775
0.039941322
0.014653457
0.041766077
0.053353824
0.10052047
0.13865459
0.025396984
0.049673352
0.058731277
0.040230665
0.057569515
0.042663164
0.08549459
0.056383464
0.03194791
0.08602482
0.09238982
0.07129637
0.08039678
0.09956165
0.065659314
0.021870978
0.059393585
0.046238553
0.024783922
0.05590779
0.012355884
0.034611154
0.024992038
0.1023644
0.13142481
0.06083576
0.03478499
0.08956495
0.08886329
0.08990638
0.03903315
0.043929297
0.05262045
0.017925134
0.03708539
0.06084754
0.08474071
0.102860585
0.085301325
0.07252279
0.03932348
0.04983125
0.106941655
0.11052991
0.0736095
0.09407235
0.06742062
0.06939715
0.043634564
0.023388367
0.024654664
0.034218416
0.03262185
0.048098475
0.099241376
0.12461837
0.08488798
0.044554383
0.08311554
0.09438451
0.020006098
0.033436872
0.023422418
0.06578949
0.06157199
0.06040509
0.028180344
0.059352297
0.04759308
0.081681415
0.038049854
0.059782214
0.050180424
0.035162102
0.056272153
0.034976844
0.06376407
0.06237335
0.11306513
0.1230454
0.048520055
0.050276052
0.062389217
0.05316936
0.08079709
0.07401027
0.07593526
0.15200914
0.082230724
0.01721247
0.025046546
0.053030323
0.07318581
0.09269808
0.09560524
0.062348355
0.036919307
0.091903366
0.03315959
0.07454675
0.10504581
0.0633562
0.07552277
0.0947692
0.063234575
0.012456447
0.08206039
0.07863861
0.06993176
0.061300963
0.03439233
0.04608069
0.041006684
0.030201672
0.07794151
0.071575284
0.025910994
0.005996761
0.029501442
0.09288807
0.07312959
0.052592073
0.07642923
0.008127077
0.029064141
0.053315856
0.031229302
0.049961988
0.075521074
0.051282693
0.010726309
0.058710724
0.030787079
0.028874647
0.023056712
0.020904655
0.026752329
0.039739694
0.035055894
0.042909894
0.053544555
0.045580324
0.011255612
0.06373859
0.07777984
0.050961908
0.03457946
0.038046118
0.037426773
0.021156708
0.025807813
0.028142825
0.031097317
0.050886348
0.020797968
0.0379054
0.024717508
0.027141038
0.037045456
0.05981078
0.066113696
0.009234581
0.046785798
0.042890962
0.029206391
0.014290072
0.007970467
0.014731225
0.009570988
0.02430608
0.048330236
0.035088155
0.04733828
0.048611518
0.04417007
0.011310727
0.011853512
0.05825506
0.04895424
0.018875942
0.009124606
0.027397148
0.043312006
0.02154145
0.009708
0.009365332
0.0115011465
0.011741169
0.033129316
0.031582866
0.023499811
0.012011587
0.041339472
0.04740057
0.037120525
0.031134551
0.020474844
0.032175433
0.02572078
0.027960626
0.015213212
0.046799153
0.013989351
0.023179276
0.014062523
0.025003647
0.03889186
0.080087885
0.066496
0.034277696
0.03927273
0.054438565
0.050008733
0.015842514
0.023808405
0.05413765
0.023058137
0.05569288
0.043415114
0.012703525
0.009823252
0.032942787
0.06470147
0.0796371
0.07066788
0.021263642
0.04584426
0.06026889
0.03725785
0.04146542
0.0453197
0.012303228
0.03104693
0.034701604
0.065472476
0.073881805
0.04389643
0.033553734
0.007898466
0.02158907
0.037129633
0.025361765
0.009704461
0.010491925
0.03561154
0.040141597
0.0045946715
0.01954823
0.038678166
0.039891127
0.055481516
0.046503417
0.024526883
5.9013965E-4
0.029246893
0.03368472
0.012240614
0.032385923
0.007887963
0.05805788
0.04694371
0.012699761
0.021060174
0.015049577
0.019419214
0.04598741
0.0325018
0.03275902
0.06537416
0.049189594
0.013578594
0.028024428
0.012578683
0.028649867
0.01998268
0.045650665
0.077641405
0.0949782
0.03891478
0.022702906
0.01092847
0.03580878
0.030732943
0.03666494
0.037262905
0.045896865
0.01877384
0.007051011
0.003051847
0.0
0.0
-0.0030518146
0.0030517967
0.00610355
0.00305175
0.0030517213
0.0
0.0
0.0
0.0030515704
0.0030515236
0.0
0.0030514195
0.0
0.0
0.0030512363
0.003051168
0.0
0.0030510207
0.0030509417
0.0
0.0
0.0
0.0
0.0
0.0
0.0030502882
0.0
0.0
0.0
0.0030498356
0.0030497136
0.0030495878
0.0030494586
0.0
0.0
0.0030490493
0.0
0.0
0.0
0.0
0.0030482954
0.0030481338
0.0030479687
0.0030478002
0.0030476279
0.0
0.0
0.0
0.0030469028
0.0030467126
0.0
0.0030463214
0.0030461205
0.003045916
0.003045708
0.0030454963
-0.0030452812
-0.0030450623
0.0
0.0
0.0
0.0
-0.0030439147
-0.0030436744
-0.0030434304
-0.0060863663
0.0
0.0
0.0
0.0
0.0
0.0030416236
0.0
0.0
0.0
0.0030405126
0.0
0.0
0.0030396418
0.0
0.0
0.003038739
0.0
0.0030381195
0.0
0.0030374855
0.0
-0.0030368373
0.0
0.0
0.0
0.0
0.0
0.0030348075
0.0030344569
0.0
0.0
0.0
0.0030330184
0.0030326499
0.0
0.0
0.0
-0.0030311407
0.0
0.0
0.0
0.0030295746
0.0
0.0
0.0
0.0
-0.0030275374
-0.0030271192
-0.0030266976
0.0
-0.0030258438
0.0
0.0
0.0
0.003024094
0.0
-0.0030231979
0.0
0.0
-0.0030218272
-0.0030213632
0.0
-0.0030204249
0.0
0.0
0.0
0.0
-0.0030180172
0.0
0.0
-0.0030165305
-0.003016028
0.0
0.0
-0.003014499
0.0
-0.0030134625
-0.003012939
0.0
-0.0030118811
-0.003011347
-0.0030108094
-0.0030102683
0.0
0.0
0.0
0.0
0.0
0.0
-0.0030063826
0.0
-0.0030052413
-0.0030046653
-0.0030040857
-0.0030035027
0.0
-0.0030023265
-0.003001733
0.0
0.0
-0.002999932
-0.0029993248
0.0
-0.0029981
0.0
0.0
0.0
0.0
0.0
0.0
-0.0029937034
0.0
0.0
0.0
0.0
0.0
0.0
0.0
0.0
0.0
0.0029871291
0.0
0.002985773
0.0029850898
0.0
0.0029837128
0.0
0.0
0.0
0.0
0.0
0.0029795002
0.0
0.0029780685
0.0029773477
-0.0029766234
0.0
0.0
0.0
0.0
0.0
0.0029722054
0.0
0.0
0.0
0.0
0.0
0.0
0.0
0.0
0.0
0.0
0.0
0.0
0.0029622135
0.0029614212
0.0
0.0029598265
0.0
0.002958218
0.0
-0.0059131924
0.0
0.0
0.0
0.0
0.0
0.0
0.0
0.0
0.0058982633
0.0
0.0
0.0
0.0
0.0
0.005888009
0.0
0.0
0.0
0.0
0.0
0.0
0.0
0.0
0.0
0.0
0.0
0.0
0.0
0.0
0.0
0.0
0.0
0.0
0.0
0.0
0.0
0.0
0.0
0.0
0.0
0.0
0.0
0.0
0.0
0.0
0.0
0.0
0.0
-0.005825387
-0.0058234297
0.0
0.0
0.0
0.0
0.0
0.0
0.0
0.0
0.0
0.0
0.0
0.0
0.0
0.0
-0.0028966474
0.0
0.0
-0.0028935466
0.0
0.0
0.0
0.0
0.0028883142
0.0
0.0
0.0
0.0
0.0028830015
0.0028819295
0.0
0.0
0.0028786939
0.0
0.0
0.0028754298
0.0
0.0
0.0
0.002871033
0.002869926
0.0
0.0
0.0028665855
0.0028654658
0.0
0.0
0.0028620877
0.0028609554
0.00285982
0.0028586814
0.005715079
0.0028563947
0.0
0.0028540955
0.0
0.0
0.0
0.0
-0.0028482927
0.0
0.0
0.002844774
0.0
0.0028424123
0.002841227
0.0
0.0
0.002837652
0.0028364544
-0.0028352535
0.0
-0.0028328425
0.0
0.0028304192
0.0
0.0
0.0
0.0
0.0
-0.002823076
0.0
0.0
0.0
-0.0028181192
0.0
0.0028156226
0.0
0.0
0.0
0.0
-0.0028093278
-0.0028080598
0.0028067888
0.0
0.0028042379
0.0
-0.0028016747
0.0
-0.0027990995
-0.0027978073
0.0
-0.0027952143
-0.0027939132
-0.0027926092
-0.0027913023
0.0
0.0
0.0
-0.0027860445
0.0
0.0
0.0
0.0027807392
0.0
0.0027780689
-0.0027767292
0.0
-0.0027740411
-0.0027726928
0.0
-0.002769987
0.0
0.0
-0.0027659065
0.0
-0.0027631717
-0.0027617998
0.0
0.0
0.0
0.0
0.002754897
0.0
0.0027521157
0.0027507208
0.002749323
0.0027479222
0.0027465185
0.002745112
0.0
0.0027422903
0.0
0.0
0.0027380362
0.0027366127
0.0
0.0
0.0
0.0
0.0
0.0
0.0027265672
0.0
0.0
0.0
0.0027207646
0.0027193069
0.0027178463
0.0
0.0
0.0
0.0
0.0
0.0
0.0
0.0027060618
0.0
0.0
0.005403193
0.0
0.0
0.0026971065
0.0
0.0
-0.0026925916
0.0
0.0
0.0
0.0
0.0
0.0
0.002681961
0.0026804314
0.0
0.002677364
0.0
0.0
0.0
0.0026711968
0.0
0.0
-0.0026665432
0.0
0.0
0.0
0.0026603006
0.0
0.0026571634
-0.0026555907
0.0
0.0
-0.002650857
0.0
-0.0026476877
0.0
0.0
0.0
0.0026413177
0.0
0.0
0.0026365127
0.0
0.0
-0.002631684
-0.0026300694
0.0
0.0
0.0
0.0
0.0
0.0
0.0
0.0
-0.0026154201
-0.0026137796
0.0
0.0026104907
0.0
0.0
0.0026055383
0.0
0.002602224
0.0
0.0
0.0
0.0
0.0
0.0
0.0
0.0
0.0
-0.0025855012
-0.0025838153
0.0
0.0
0.0
0.0
0.0
0.0025736466
-0.0025719432
0.0
0.002568529
-0.0025668181
-0.002565105
-0.0025633893
0.0
0.0
0.0
0.0
0.0
0.0
0.0025513112
0.0
0.0
0.0
0.0
0.0
0.0
0.002539115
0.0
0.0
-0.0025338521
0.0
0.0
0.0
0.0
0.0
-0.0025232625
0.0
0.0
0.0
0.0
0.002514373
0.0025125882
-0.0025108012
0.0
0.0
-0.0025054256
0.0025036293
0.0
0.0
0.0
0.0024964204
-0.0024946127
0.0
0.0
0.0
0.0024873582
-0.002485539
0.0
0.0
0.0
0.0024782394
0.0024764088
0.0
0.0
0.0
0.0
0.0
0.0
0.0
0.0
-0.002459834
0.0
0.0024561265
0.0
0.0024524103
0.0
0.0
0.0024468193
0.0024449513
0.0024430812
0.0
0.0
0.0
0.0024355792
0.0024336984
0.0
0.0
0.0
0.0
0.0
0.0
0.0
0.0
-0.0024166747
0.0024147728
0.0
0.0
0.0
0.0
0.0024052311
0.0024033168
0.0
0.0023994814
0.0
0.002395638
0.0
0.0
0.0023898573
-0.0023879264
-0.0023859935
0.0
-0.0023821215
0.0
0.0023782414
0.0
0.0
0.0
0.0
0.0
0.0
0.0
-0.0023626413
0.0
0.0
0.0
-0.0023547937
-0.002352827
-0.0023508584
-0.0023488877
0.0
0.0
0.0
-0.0023409857
-0.0023390055
0.0
-0.0023350392
-0.0023330532
0.0
-0.0023290752
0.0
0.0
-0.0023230945
0.0
0.0
0.0
0.0
0.0
0.0
0.0
0.0
0.0
0.0
0.0
0.0
0.0
0.0
0.00229294
0.0
0.0
0.0022868598
0.0
0.0022827971
0.0022807634
0.0
0.0022766902
0.0
0.00227261
0.0
0.0
0.0022664766
0.0
0.0
0.0
0.0
0.0
0.0
0.0
0.0
0.0
0.0
0.0
0.0
0.0
-0.004475297
0.0
0.0
0.0
0.0
0.0
0.0
0.0
0.0
0.0
0.0
0.0
-0.002212677
0.0
0.0
0.0
0.0
-0.0022022028
0.0
0.0
0.0
0.0
0.0
-0.0021895813
-0.0021874723
0.0
0.0
-0.0021811358
0.0
0.0
-0.0021747854
0.0
0.0
0.0
0.0
-0.004328342
0.0
0.0
0.0
0.0
0.0
0.0
0.0
0.0
0.0
0.0
-0.0021406878
0.0
0.0
0.0
0.0
0.0
0.0021278046
0.0
0.0
0.0
0.0
0.0
0.0
0.0
0.0
0.0021083844
0.0
0.0
0.002101886
0.0
0.0
0.0
0.0
0.0
0.0
0.0
0.0
0.0
0.0
0.0
0.0
0.0
0.0
0.0
0.0
0.0
0.0
0.0
0.0
0.0
0.0
-0.002051671
-0.0020494724
0.0
0.0020450717
0.0
0.0
0.0
0.0
0.0
0.00203184
0.0
0.0
0.0
0.0
0.0020207807
0.0020185653
0.0020163488
0.0
0.0020119124
0.0
0.0020074714
0.002005249
0.0020030257
0.0
0.0
0.0
0.0019941211
0.0
0.0
0.0
0.0
0.0
0.0
0.0
0.0
0.0
0.0
0.0
0.0
0.0
0.0
-0.0019605744
0.0
0.0
0.0
0.0
0.0
0.0
0.0019448393
0.0
0.0019403347
0.0019380808
0.0
0.0
0.0
0.0
0.0
0.0019245378
0.0019222773
0.0
0.0
0.0
0.0
0.0
0.001908695
0.0
0.0
0.0
0.0
0.0
0.0
0.0
0.0
0.0018882611
0.0
0.0
0.0
0.0018791569
0.0018768788
0.0
0.0018723201
-0.0018700395
0.0
0.0
0.0018631929
0.001860909
0.0
0.001856339
0.0
0.001851766
0.0018494782
0.0
-0.0018449007
0.0
-0.00184032
0.0
0.0018357363
-0.0018334434
0.0018311498
0.0018288554
0.0
0.0
0.0
0.0018196709
0.0018173731
0.0018150745
0.0018127753
-0.0018104754
-0.0018081748
0.0018058736
-0.0018035716
0.0018012691
0.0
-0.001796662
0.0017943576
0.0017920524
0.0
0.0
0.0
0.0017828258
0.0017805176
0.0017782088
0.0017758994
0.0017735894
0.0017712789
0.0017689677
0.0017666561
0.0
0.0017620309
0.0017597175
0.0017574036
0.001755089
0.0
0.0
0.0
0.0017458257
0.0
0.0
0.0
-0.0017365542
0.0
0.0
-0.0017295954
0.0017272747
0.0017249536
0.0017226321
0.0017203101
0.0
0.0
0.0017133413
0.0017110176
0.0017086933
0.0017063686
0.0017040435
0.001701718
0.0016993921
0.0016970658
0.001694739
0.0
0.0016900843
0.0016877564
0.0
0.0016830994
0.0016807704
0.001678441
0.0016761112
0.0
-0.0016714507
0.0016691198
0.0033335774
0.0016644573
0.0016621253
0.0016597933
0.0016574608
0.0016551281
0.001652795
0.0016504617
0.001648128
0.0016457941
0.0016434599
0.0016411254
0.0016387906
0.0
0.0016341202
0.0016317847
0.001629449
0.0016271129
0.0032495533
0.0016224402
0.0016201034
0.0016177665
-0.0016154293
0.0
0.0016107543
0.0
0.0
0.0016037404
0.001601402
0.0015990634
0.0015967247
0.0015943858
0.0015920468
0.0015897077
0.0
0.0
-0.0015826892
0.0
0.0015780096
0.0
0.0015733294
0.0015709891
0.0
-0.0015663084
-0.0015639679
0.0
0.0015592865
0.0
-0.0015546049
0.001552264
0.001549923
0.0015475819
0.0015452408
0.0015428996
0.0
0.0
0.0
0.0
0.0015311934
0.0015288522
0.0015265108
0.0
0.0
0.0
0.0
-0.0015148043
0.0
0.0
0.0
0.0
0.0
0.0015007575
0.0014984165
0.0
0.0
0.0
0.0
0.0
0.0
0.0014820319
0.0014796916
0.0014773514
0.0014750113
0.0
0.0014703316
0.0
0.0
0.001463313
0.0014609736
0.0014586346
0.0
0.0014539568
0.0014516183
0.0014492797
0.0
0.0
0.0
0.0
0.0
-0.0014352531
0.001432916
0.0
0.0
0.0014259062
0.00142357
0.0
0.0
0.0014165629
0.0
0.0014118929
0.0
0.001407224
0.0014048899
0.0
0.0
-0.0013978893
0.0
-0.0013932239
0.0
0.0
0.0
0.0
0.0
0.0
0.0
0.0
0.0
0.0
0.0
0.0
0.0
0.0
0.0
0.0
-0.001353622
0.0
0.0
0.0
0.0
-0.0013419954
-0.0013396714
0.0
-0.0013350247
-0.001332702
0.0
0.0
-0.0013257368
0.0
-0.0013210955
0.0
-0.0013164562
0.0
0.0
-0.001309501
-0.0013071836
-0.0013048667
0.0
0.0
0.0
0.0
0.0
-0.0012909767
0.0
0.0
-0.001284039
-0.0012817276
-0.0012794167
0.0
0.0
0.0
0.0
0.0
0.0
0.0
0.0
-0.0012586459
-0.0012563411
0.0
0.0
0.0
0.0
0.0
-0.0012425258
0.0
0.0
0.0
0.0
0.0
-0.0012287345
-0.0012264384
0.0
-0.0012218483
-0.0012195542
-0.002434522
-0.0024299368
-0.0012126766
-0.0012103856
-0.0024161905
-0.0012058056
0.0
-0.0024024574
0.0
0.0
-0.0011943692
0.0
0.0
0.0
0.0
0.0
-0.0011806712
0.0
0.0
-0.001173833
0.0
0.0
0.0
0.0
0.0
0.0
0.0
-0.0011556349
-0.0011533641
-0.001151094
0.0
0.0
-0.0011442893
-0.0022840456
0.0
0.0
0.0
0.0
-0.0022614084
0.0
-0.0022523664
0.0
-0.002243332
-0.0022388177
0.0
0.0
0.0
0.0
0.0
0.0
0.0
0.0
0.0
0.0
0.0
0.0
0.0
0.0
0.0
0.0
0.0
0.0
0.0
0.0
0.0
0.0
0.0
0.0
0.0
0.0
0.0
0.0
0.0
0.0010521624
0.0020998747
0.0
0.0010454906
0.001043269
0.0010410484
0.002077658
0.0
0.0
0.0
0.0
0.0
0.0
0.0
0.0
0.0
-0.001016699
0.0
0.0
-0.0010100831
0.0
0.0
0.0010034782
0.0
0.0
0.0
0.0
0.0
0.0
0.0
0.0
0.0
0.0
0.0
0.0
0.0
0.0
0.0
0.0
0.0
0.0
0.0
0.0
0.0
0.0
0.0
0.0
0.0
0.0
-9.445487E-4
0.0
0.0
0.0
0.0
0.0
0.0
9.294295E-4
0.0
0.0
0.0
-9.2082075E-4
0.0
0.0
0.0
0.0
0.0
0.0
0.0
0.0
9.0153486E-4
8.993992E-4
0.0
8.951325E-4
8.930013E-4
8.908717E-4
8.887435E-4
8.866168E-4
0.0
8.82368E-4
8.802459E-4
8.7812525E-4
8.7600615E-4
8.738886E-4
8.717726E-4
8.696581E-4
0.0
0.0
0.0
0.0
8.591089E-4
8.570038E-4
0.0
8.527982E-4
-8.506978E-4
0.0
0.0
0.0
8.423121E-4
0.0
0.0
0.0
8.339522E-4
0.0
8.29782E-4
8.276994E-4
8.2561834E-4
8.23539E-4
0.0
0.0
0.0
0.0
8.1316713E-4
0.0
0.0
0.0
0.0
8.028372E-4
0.0
0.0
0.0
0.0
0.0
0.0
-7.88447E-4
0.0
0.0
7.8230567E-4
0.0
0.0
0.0
7.7414175E-4
7.7210524E-4
7.700704E-4
7.6803745E-4
0.0
7.639768E-4
0.0
0.0
0.0
0.0
0.0
7.5183803E-4
7.4982125E-4
7.4780633E-4
7.457932E-4
0.0
7.4177247E-4
0.0
7.3775917E-4
0.0
7.3375326E-4
0.0
0.0
7.277584E-4
0.0
0.0
0.0
0.0
0.0
0.0
0.0
7.1185513E-4
0.0
0.0
0.0
-7.0394936E-4
0.0
0.0
6.980403E-4
6.960745E-4
6.941107E-4
6.921488E-4
6.901889E-4
6.8823097E-4
6.8627496E-4
6.84321E-4
6.82369E-4
6.804189E-4
6.784709E-4
0.0
0.0
0.0
6.7069876E-4
0.0
6.6682475E-4
0.0
0.0
0.0
6.59101E-4
6.5717514E-4
6.552514E-4
0.0
0.0
0.0
6.4757676E-4
6.4566324E-4
6.437518E-4
0.0
0.0
0.0
0.0
6.342259E-4
6.32327E-4
0.0
0.0
6.2664296E-4
6.247525E-4
6.228641E-4
6.2097795E-4
0.0
6.172119E-4
0.0
6.1345444E-4
6.1157893E-4
6.097056E-4
6.078344E-4
6.059653E-4
6.0409843E-4
0.0
6.0037116E-4
5.9851084E-4
0.0
0.0
0.0
5.910913E-4
5.892419E-4
5.873947E-4
5.8554974E-4
0.0
0.0
5.800281E-4
5.78192E-4
5.763581E-4
5.745265E-4
0.0
-5.7086995E-4
-5.690451E-4
0.0
5.6540204E-4
5.635839E-4
5.617681E-4
0.0
0.0
0.0
0.0
0.0
0.0
5.491208E-4
0.0
-5.4552796E-4
0.0
0.0
0.0
0.0
0.0
0.0
0.0
5.3124916E-4
5.294748E-4
0.0
0.0
0.0
0.0
5.206383E-4
0.0
-5.1712024E-4
0.0
0.0
0.0
0.0
0.0
0.0
0.0
0.0
0.0
0.0
0.0
4.962125E-4
4.9448584E-4
4.927616E-4
9.820797E-4
0.0
4.8760357E-4
0.0
0.0
4.824675E-4
0.0
4.7905574E-4
0.0
0.0
0.0
0.0
4.7056953E-4
0.0
0.0
0.0
4.6382527E-4
0.0
0.0
0.0
0.0
4.5545123E-4
0.0
0.0
0.0
0.0
0.0
-4.4548558E-4
4.4383353E-4
0.0
0.0
0.0
0.0
0.0
-4.3397478E-4
0.0
4.3070907E-4
4.2908007E-4
0.0
0.0
-4.242086E-4
-4.2258998E-4
-4.2097393E-4
0.0
0.0
0.0
-4.1453578E-4
-4.129328E-4
0.0
-4.0973467E-4
0.0
0.0
-4.0495716E-4
0.0
0.0
-4.0020343E-4
-3.9862416E-4
-3.9704752E-4
-3.9547356E-4
0.0
0.0
0.0
0.0
-3.876437E-4
-3.8608574E-4
0.0
-3.8297792E-4
-3.8142802E-4
-3.7988083E-4
-3.7833632E-4
-3.7679455E-4
-3.7525545E-4
-3.737191E-4
-3.721854E-4
-3.7065445E-4
-3.6912624E-4
-3.6760073E-4
-3.6607796E-4
-3.645579E-4
-3.630406E-4
-3.61526E-4
-3.6001418E-4
-3.585051E-4
-3.5699873E-4
0.0
-3.539943E-4
-3.5249625E-4
-3.5100093E-4
-3.495084E-4
0.0
-3.465316E-4
-3.450474E-4
-3.4356592E-4
-0.0010262618
-3.4061138E-4
-3.391383E-4
-3.37668E-4
-3.3620052E-4
-3.347358E-4
0.0
0.0
0.0
0.0
0.0
-3.2600667E-4
0.0
-3.2311952E-4
-3.2168019E-4
-3.2024368E-4
-3.1881002E-4
-3.1737922E-4
0.0
0.0
-3.1310384E-4
0.0
0.0
-3.0885419E-4
0.0
-3.060354E-4
0.0
3.032281E-4
0.0
-6.008646E-4
0.0
0.0
0.0
0.0
0.0
0.0
0.0
0.0
0.0
0.0
0.0
0.0
0.0
0.0
0.0
0.0
0.0
0.0
0.0
0.0
0.0
0.0
0.0
0.0
0.0
0.0
0.0
2.625148E-4
2.6120333E-4
0.0
0.0
0.0
0.0
0.0
0.0
0.0
0.0
0.0
0.0
2.4697426E-4
0.0
0.0
0.0
0.0
0.0
0.0
0.0
0.0
0.0
4.6870956E-4
0.0
0.0
0.0
0.0
4.5631776E-4
0.0
0.0
0.0
0.0
0.0
0.0
0.0
0.0
0.0
0.0
0.0
0.0
0.0
0.0
0.0
0.0
2.0766631E-4
0.0
0.0
4.0828536E-4
0.0
0.0
0.0
1.9948809E-4
0.0
0.0
0.0
0.0
0.0
1.9259995E-4
0.0
0.0
-3.7839642E-4
0.0
0.0
0.0
0.0
0.0
0.0
0.0
0.0
0.0
0.0
0.0
0.0
0.0
-1.736991E-4
1.7261581E-4
-1.715357E-4
0.0
0.0
0.0
0.0
-1.6618308E-4
-1.6512215E-4
-1.6406442E-4
0.0
0.0
0.0
0.0
-1.5882392E-4
0.0
0.0
1.5571823E-4
1.5468943E-4
0.0
0.0
-1.5162246E-4
0.0
0.0
0.0
0.0
0.0
-1.4557593E-4
-1.4457954E-4
0.0
1.425965E-4
0.0
0.0
0.0
0.0
1.3769597E-4
0.0
0.0
0.0
0.0
0.0
0.0
0.0
0.0
0.0
0.0
-1.2720277E-4
-1.2626855E-4
0.0
0.0
0.0
0.0
0.0
0.0
0.0
1.1891366E-4
1.1800918E-4
1.17108015E-4
1.1621017E-4
1.1531563E-4
1.1442443E-4
1.13536546E-4
0.0
1.1177075E-4
1.1089285E-4
0.0
0.0
1.08279135E-4
1.0741457E-4
1.0655334E-4
1.0569546E-4
0.0
0.0
0.0
0.0
1.0145623E-4
0.0
9.9783996E-5
9.8952914E-5
0.0
9.7300835E-5
9.647984E-5
9.566221E-5
9.484794E-5
0.0
0.0
0.0
0.0
0.0
0.0
0.0
8.845529E-5
0.0
8.689092E-5
8.6113825E-5
0.0
8.4569794E-5
0.0
8.303934E-5
8.2279206E-5
0.0
0.0
0.0
7.927268E-5
0.0
0.0
0.0
0.0
0.0
0.0
0.0
7.342321E-5
0.0
0.0
0.0
0.0
1.3975674E-4
0.0
6.848442E-5
6.7792585E-5
0.0
6.641923E-5
0.0
6.505961E-5
6.438496E-5
6.371376E-5
1.2609197E-4
6.238167E-5
0.0
0.0
6.0409377E-5
5.9758844E-5
5.9111764E-5
5.846814E-5
0.0
0.0
-5.6557994E-5
5.5928198E-5
0.0
0.0
0.0
5.3443626E-5
5.2831147E-5
0.0
5.1616593E-5
0.0
0.0
0.0
0.0
-4.8640974E-5
0.0
4.747506E-5
4.6897323E-5
0.0
0.0
4.5185014E-5
4.4621214E-5
4.40609E-5
4.350408E-5
0.0
0.0
4.185455E-5
0.0
0.0
4.0236468E-5
3.97041E-5
0.0
-3.8649865E-5
3.8128E-5
0.0
0.0
0.0
0.0
3.5571233E-5
0.0
0.0
3.4079265E-5
0.0
3.310218E-5
3.2618907E-5
0.0
-3.1662912E-5
0.0
0.0
0.0
2.9793146E-5
0.0
2.887939E-5
0.0
0.0
0.0
0.0
2.66567E-5
-2.6222746E-5
0.0
2.5365433E-5
0.0
0.0
-2.410596E-5
-4.7386413E-5
0.0
0.0
-2.2476166E-5
0.0
0.0
0.0
2.0903006E-5
0.0
0.0
0.0
0.0
1.9016281E-5
0.0
0.0
0.0
0.0
0.0
0.0
0.0
0.0
0.0
0.0
0.0
0.0
0.0
1.4205622E-5
1.3888671E-5
1.3575279E-5
0.0
0.0
1.2656468E-5
0.0
0.0
1.1769722E-5
1.1481268E-5
0.0
0.0
1.0637302E-5
0.0
0.0
0.0
9.561959E-6
0.0
0.0
8.792934E-6
8.543734E-6
8.298108E-6
8.056054E-6
7.817573E-6
0.0
0.0
7.1235777E-6
6.8993963E-6
1.3357582E-5
0.0
0.0
-6.0384377E-6
0.0
0.0
0.0
5.2347305E-6
0.0
0.0
0.0
-4.4883036E-6
4.3106506E-6
4.1365797E-6
0.0
0.0
0.0
0.0
0.0
0.0
0.0
0.0
2.7312085E-6
2.5929814E-6
0.0
-2.3272864E-6
0.0
0.0
0.0
0.0
0.0
1.6162967E-6
-1.5103569E-6
0.0
0.0
0.0
0.0
0.0
9.5009244E-7
-8.6927935E-7
-7.920567E-7
7.1842453E-7
0.0
0.0
5.19073E-7
-4.598047E-7
0.0
0.0
0.0
2.5864583E-7
0.0
-1.796167E-7
-1.4549008E-7
-1.14955505E-7
-8.801307E-8
0.0
0.0
0.0
0.0
-7.1848034E-9
-1.796202E-9
0.0
