0.36654544
0.13396917
0.103436425
0.20631564
0.3574477
0.4251324
0.3436936
0.25400493
0.14704646
0.4723274
0.38593975
0.05260674
0.20243903
0.32482558
0.2579397
0.052767336
0.39568305
0.298306
0.124116756
0.08380551
0.32468572
0.24586685
0.12971316
0.47663352
0.42680287
0.27195376
0.089970954
0.09064928
0.3797597
0.5284086
0.30798185
0.38450357
0.27859578
0.13903426
0.34323993
0.3282353
0.30923647
0.14891087
0.2616187
0.28970546
0.2640121
0.24382581
0.21840674
0.19279902
0.16349368
0.25414687
0.23075162
0.2655559
0.2138977
0.06343828
0.23076196
0.19223692
0.16924155
0.2931541
0.3224844
0.123820364
0.29523274
0.24930842
0.11122147
0.07231085
0.3692156
0.11137273
0.17844817
0.0559076
0.105360225
0.094919965
0.1506094
0.23003267
0.12070513
0.021790285
0.1505833
0.20236753
0.13259679
0.034680914
0.023366498
0.04902517
0.10084085
0.15413107
0.1988517
0.14598827
0.013068969
0.12082678
0.10234234
0.081169404
0.030907063
0.057496738
0.123411775
0.18336321
0.17335874
0.1798809
0.27640697
0.16877715
0.17650656
0.25080654
0.09525749
0.101879895
0.09742369
0.04235076
0.096020475
0.109896034
0.10893666
0.04968583
0.22865602
0.3092661
0.16472413
0.065915495
0.052266788
0.12765245
0.12574956
0.03379207
0.06465123
0.13513856
0.1465064
0.117347226
0.06846693
0.13739428
0.20844516
0.1712386
0.2013861
0.12653783
0.09772468
0.17065695
0.14328973
0.102050975
0.15014702
0.15852341
0.17167406
0.1398478
0.15301047
0.13468766
0.019932372
0.049388703
0.09927692
0.20836574
0.13618234
0.00820133
0.087899156
0.15728858
0.14144512
0.062007993
0.032467294
0.07637075
0.22522224
0.24213175
0.22689347
0.094467536
0.15679131
0.2240932
0.08145286
0.060871147
0.085132666
0.050073873
0.09903405
0.111859165
0.18602681
0.13106292
0.05040375
0.1693585
0.1426253
0.050321154
0.044890225
0.054060984
0.15748802
0.119027324
0.10612535
0.10088042
0.039793987
0.066579305
0.28592268
0.309066
0.16245499
0.16180338
0.18997401
0.15310855
0.17723216
0.042052582
0.078283936
0.06922496
0.070528455
0.054353748
0.13965584
0.2176134
0.1079917
0.10824974
0.12658577
0.1185084
0.051678907
0.16343056
0.17069596
0.09799659
0.04954661
0.04530659
0.13271566
0.12800482
0.22630493
0.16053697
0.07065699
0.091180354
0.1168167
0.19187696
0.13931242
0.018527726
0.047275987
0.031047346
0.12648313
0.1669087
0.14397958
0.10297743
0.10786695
0.16339263
0.0764956
0.07991792
0.13443752
0.05930601
0.08393393
0.08234853
0.15534596
0.16468836
0.09521875
0.047368687
0.08315443
0.059045494
0.046708398
0.042605773
0.037854485
0.09776746
0.160575
0.11422513
0.09947208
0.114729896
0.111693345
0.16268204
0.14914759
0.07371069
0.04988258
0.07607797
0.11272572
0.10117672
0.0534285
0.048694573
0.046035275
0.047043145
0.102554664
0.1884307
0.17105818
0.075645156
0.058678858
0.018043851
0.09208791
0.035892777
0.08507623
0.14278024
0.2046096
0.04910354
0.115241006
0.16825147
0.17552441
0.18516006
0.08829148
0.19274029
0.16385254
0.12340942
0.14981373
0.08386624
0.05687851
0.16587575
0.17582306
0.07990441
0.07537482
0.07947443
0.04998215
0.11721614
0.08582356
0.052216887
0.07267975
0.093202285
0.18389124
0.14220142
0.02593082
0.08754184
0.10095684
0.0463347
0.04217534
0.07009997
0.080251426
0.033488855
0.106815994
0.07537576
0.047461275
0.027077982
0.039336994
0.09395506
0.12136668
0.07145038
0.049717788
0.1644765
0.06876358
0.13079824
0.14147963
0.06992696
0.08271674
0.14116381
0.13921468
0.10903319
0.08261055
0.09582919
0.16344625
0.15277997
0.033651043
0.088296026
0.09002772
0.098517686
0.12124229
0.117197745
0.081043795
0.060759675
0.093159914
0.13154201
0.13906528
0.063451394
0.046128903
0.058952093
0.04267813
0.054531414
0.038853858
0.07633033
0.14300469
0.13700883
0.15419318
0.17513773
0.11853943
0.059902973
0.05347671
0.012264037
0.059827145
0.07139619
0.09363075
0.07995381
0.03359939
0.068282396
0.077908196
0.110298134
0.022553414
0.043348346
0.02738063
0.023676142
0.067656815
0.08539401
0.1041154
0.11018351
0.047914315
0.036306087
0.004550052
0.065183416
0.04474998
0.034809195
0.08145953
0.06631874
0.063877486
0.07455279
0.07828628
0.03611665
0.045455553
0.0010142626
0.03472584
0.10657172
0.06582303
0.032906268
0.026257414
0.09906206
0.120362416
0.029776637
0.18120001
0.11194733
0.007363832
0.017686073
0.027734607
0.056640394
0.09818147
0.069678
0.031126032
0.054352544
0.040616013
0.0708598
0.07145223
0.07121975
0.12701735
0.0785074
0.074219406
0.21043894
0.16341431
0.0532398
0.024760699
0.036713343
0.012933737
0.040559813
0.043116763
0.051425546
0.044567194
0.08046105
0.07028544
0.0679438
0.112939045
0.09008282
0.044259608
0.038139205
0.03373305
0.036204528
0.05607837
0.023416402
0.048592836
0.038042337
0.049712412
0.075893775
0.03047792
0.023364821
0.08667939
0.07322971
0.018356867
0.03720959
0.062041517
0.0582758
0.039599393
0.12059816
0.0991576
0.10313527
0.113123804
0.12094344
0.08294165
0.032915507
0.040650297
0.05037855
0.081291705
0.04152398
0.028088572
0.07109179
0.09023159
0.087070085
0.07249145
0.13034603
0.1403073
0.14253609
0.18203674
0.116848804
0.03527898
0.034842987
0.031407528
0.012569774
0.051747184
0.09529171
0.11685081
0.07521257
0.074121274
0.05418116
0.03548585
0.043343674
0.010472381
0.038940247
0.061378494
0.09224619
0.062640965
0.06974395
0.050374523
0.01907028
0.022770224
0.05283541
0.06893714
0.08680193
0.082158096
0.044450175
0.011112381
0.010146355
0.054605737
0.022479989
0.076970436
0.071789354
0.013784946
0.07760981
0.119116805
0.0894186
0.022589684
0.037209705
0.05092638
0.037528303
0.01935409
0.061549164
0.089785926
0.07299296
0.020597447
0.034256633
0.026960786
0.058916144
0.03341189
0.0539389
0.04515094
0.049572945
0.05199054
0.060825817
0.015966475
0.054938227
0.122759335
0.09943565
0.040867582
0.031706344
0.056276023
0.103683785
0.09665071
0.039013974
0.0673674
0.091050304
0.07857354
0.058742248
0.0915833
0.08892417
0.056552984
0.052565295
0.0685244
0.020139433
0.011857122
0.043699447
0.098120384
0.123265855
0.08657232
0.07388235
0.044924427
0.07740629
0.056497235
0.077879086
0.08224364
0.058908604
0.04145879
0.03501713
0.008250028
0.03635493
0.04555662
0.03982665
0.0697967
0.13141052
0.16038659
0.15756844
0.07850225
0.06599896
0.06587308
0.03771522
0.10290801
0.023108855
0.012904419
0.06531165
0.04700173
0.07677478
0.073717795
0.04806997
0.009653985
0.06147089
0.010516021
0.10114139
0.06871478
0.09173412
0.05626986
0.015553429
0.0672539
0.022177631
0.1106941
0.10485522
0.04171644
0.04725713
0.03223322
0.07552621
0.08146014
0.04172451
0.019284673
0.039814506
0.047664817
0.064322814
0.013849691
0.0910942
0.12157016
0.090388715
0.1675585
0.13998374
0.07608589
0.0339584
0.065400176
0.033582
0.10652346
0.095662735
0.06763344
0.12654531
0.07300637
0.049558043
0.0760206
0.08382193
0.15190183
0.2143159
0.10543586
0.09330469
0.12405708
0.06688615
0.11694338
0.012827721
0.12432602
0.1937291
0.15185128
0.011241897
0.04447237
0.06486126
0.1143868
0.10876663
0.040898323
0.04785713
0.045691114
0.080334194
0.1128436
0.057110995
0.060609635
0.054953374
0.1316705
0.084779106
0.23353119
0.21549232
0.1739361
0.12612216
0.06405946
0.08988571
0.05528201
0.10774119
0.09642863
0.04418697
0.12431283
0.16762343
0.07365871
0.13301638
0.07407915
0.042359993
0.12240999
0.067369804
0.0642537
0.07123669
0.048279617
0.027034203
0.07318429
0.12818
0.0742283
0.09271717
0.06525359
0.1230335
0.050437566
0.074090086
0.04127794
0.034474608
0.09044137
0.15419422
0.14733878
0.05546713
0.09633063
0.08523479
0.025140252
0.07835978
0.041937243
0.047161736
0.019970337
0.060536284
0.08277058
0.021779224
0.054174867
0.049823374
0.0765534
0.080583684
0.054582655
0.07620235
0.12361623
0.058790743
0.03123646
0.060699087
0.061412737
0.05128068
0.020492662
0.032633774
0.027619
0.046846144
0.1336913
0.07957259
0.011005484
0.017389795
0.06420136
0.08572225
0.032015663
0.025455862
0.022090288
0.0825756
0.06623959
0.078296274
0.1596807
0.07850804
0.018926954
0.032442603
0.07169001
0.020044161
0.06871241
0.02796335
0.05679206
0.04023532
0.03506266
0.06006071
0.017438201
0.027415859
0.06485013
0.1100076
0.13072267
0.10050781
0.10496277
0.10109192
0.08120468
0.02860014
0.14290723
0.10518615
0.024331238
0.054551497
0.07388276
0.04986108
0.031626314
0.025351666
0.026220467
0.098843746
0.16894917
0.10564262
0.038021307
0.06736474
0.062255356
0.05320961
0.02991699
0.06561114
0.109951675
0.13735574
0.13705437
0.057777606
0.08287496
0.101670414
0.052898213
0.019787775
0.040847853
0.03501975
0.042192988
0.045226794
0.05490263
0.079967834
0.030721206
0.04195252
0.06512863
0.12952101
0.05150242
0.10362054
0.13843141
0.07805839
0.025556836
0.05340201
0.04549933
0.042348236
0.050912365
0.06420163
0.028824193
0.0478435
0.059130672
0.03771864
0.043077033
0.045435403
0.032409143
0.03883127
0.012144882
0.018283179
0.07653917
0.08434011
0.0081074005
0.037737165
0.009420194
0.035163943
0.06607722
0.055709578
0.051920272
0.10093009
0.04165766
0.026415017
0.06787529
0.079751015
0.08851279
0.06298784
0.0816774
0.04973855
0.07831732
0.10623625
0.13581724
0.10336311
0.02885147
0.09566018
0.039874315
0.045480497
0.03166241
0.032576963
0.036342524
0.08987772
0.10979395
0.04306818
0.041938007
0.07260752
0.055941377
0.06248732
0.07553216
0.073398374
0.05570216
0.0641758
0.04845429
0.040902704
0.0494266
0.012630252
0.0054058298
0.025379948
0.040336404
0.070020735
0.076213405
0.031161346
0.06264054
0.07987901
0.03979338
0.07298233
0.07762343
0.10755548
0.034114987
0.038389254
0.030432418
0.037936334
0.018193727
0.03612289
0.039194923
0.031969376
0.026789816
0.019032482
0.06243423
0.049849752
0.056289464
0.026761275
0.04409022
0.09689435
0.10049429
0.063636646
0.04641085
0.06674421
0.12890434
0.067679234
0.054251954
0.016712867
0.070231505
0.036833543
0.010472796
0.052663233
0.053985137
0.028816761
0.055678617
0.047531802
0.054785207
0.060924143
0.024157776
0.032130446
0.0640714
0.04053039
0.047576323
0.07218536
0.080392666
0.105184056
0.047514357
0.09023823
0.070524044
0.07796877
0.052878458
0.044861056
0.040872138
0.058706395
0.044527598
0.060876165
0.08990501
0.041722316
0.03665592
0.039031792
0.07591695
0.071881056
0.022196528
0.064631335
0.044702582
0.036191557
0.09073437
0.089862496
0.033460464
0.044920553
0.047498707
0.071992606
0.08694749
0.065942265
0.023072591
0.030997038
0.07576206
0.08350458
0.06143566
0.04347088
0.028920986
0.0035256387
0.021079347
0.04669746
0.07472508
0.11197472
0.10164833
0.04740744
0.08181325
0.07409851
0.059599806
0.08697687
0.013666177
0.053441815
0.07796492
0.04733338
0.009508701
0.033799626
0.042447183
0.03214588
0.073234506
0.09425826
0.028505687
0.042743202
0.07823973
0.0449055
0.0315309
0.097361274
0.11120043
0.11883941
0.11361121
0.04589364
0.06699124
0.10240017
0.086684406
0.058850553
0.06619055
0.05420425
0.016624628
0.021662954
0.023769544
0.019882366
0.02980169
0.06720832
0.031289287
0.028296262
0.05146184
0.058199573
0.072403535
0.06082089
0.09340559
0.13387924
0.10431936
0.0112020075
0.06346372
0.09813752
0.06776194
0.032040484
0.09987261
0.13549665
0.121826135
0.082379505
0.026514737
0.05697183
0.06134679
0.056166146
0.08096498
0.06754922
0.07051287
0.033481304
0.06214995
0.07291324
0.08397951
0.029186355
0.023453433
0.06660095
0.057031754
0.030008493
0.031111706
0.061277542
0.024457145
0.035606436
0.029633287
0.047135733
0.04375949
0.06226511
0.057535276
0.09247505
0.06421675
0.06255634
0.05164453
0.028304547
0.048996326
0.021913007
0.0060631465
0.020009214
0.019882668
0.080259226
0.043080863
0.03702164
0.033473283
0.029537708
0.031712614
0.019137645
0.042384457
0.033320393
0.015504552
0.037402403
0.077611625
0.046349622
0.0350372
0.05033993
0.034439165
0.032719865
0.036135525
0.041646175
0.07348461
0.06157255
0.037602652
0.07469397
0.09010221
0.062411595
0.06927351
0.044871304
0.022020938
0.054525707
0.11898693
0.06793953
0.05382205
0.025031533
0.039253935
0.06927593
0.043278586
0.05831163
0.07750495
0.08888472
0.063663214
0.028396236
0.033785574
0.0982883
0.103693165
0.0072884895
0.071716584
0.06400026
0.061501265
0.015439079
0.018154528
0.01775692
0.04769385
0.02738186
0.0849446
0.08871455
0.08190439
0.05593778
0.03927242
0.058623977
0.059460428
0.09174034
0.02550071
0.073854394
0.04938258
0.029862158
0.055725046
0.116550215
0.1254098
0.0753503
0.041174393
0.033076234
0.057416435
0.052052837
0.061377637
0.06593984
0.06408673
0.09088536
0.021488575
0.082439825
0.106869325
0.08118112
0.06803363
0.09433489
0.1400504
0.14607969
0.10076937
0.08872058
0.064271554
0.034709644
0.042931594
0.027555663
0.031492054
0.002098195
0.016194435
0.037316453
0.03505812
0.05122269
0.07774422
0.03129166
0.010966116
0.024007224
0.04125346
0.043082118
0.067317635
0.08283423
0.063483916
0.031202035
0.01749326
0.04780886
0.033077933
0.13673912
0.16124442
0.068350226
0.033485487
0.03618361
0.08082682
0.0969056
0.06295256
0.10386764
0.1587299
0.12066608
0.047834635
0.057621118
0.047059055
0.0014510853
0.050427634
0.11010757
0.082713805
0.047627464
0.0494766
0.015300709
0.062518895
0.06908836
0.052398864
0.12835896
0.10981896
0.052815236
0.049110018
0.047389243
0.015403992
0.034736704
0.04605557
0.06762373
0.06096148
0.029851122
0.07835163
0.06775552
0.008314105
0.06937704
0.060132146
0.023484182
0.017209632
0.03321011
0.08320811
0.048937097
0.029164594
0.03601039
0.03232227
0.045684908
0.033591215
0.036041718
0.042691242
0.00700107
0.12928595
0.1557957
0.08191259
0.042819683
0.060017012
0.065002225
0.078280546
0.042868763
0.043002483
0.089196816
0.060250513
0.013263228
0.054815482
0.014097637
0.05969901
0.12919918
0.07785479
0.03974502
0.058059953
0.05462834
0.043070525
0.092306405
0.053306296
0.07654428
0.11739698
0.085793756
0.042651277
0.019674731
0.03367304
0.03254392
0.044915006
0.061653618
0.06331776
0.058111392
0.076021105
0.043691237
0.026026977
0.079956524
0.094647825
0.069177926
0.048148073
0.026076254
0.0528485
0.08392102
0.046030253
0.042802535
0.08559923
0.10389787
0.052810065
0.056993995
0.10746549
0.14160465
0.13374777
0.102650344
0.1031738
0.0744617
0.01528847
0.0628934
0.11095056
0.08202539
0.020858556
0.09218181
0.05030418
0.031281967
0.046676748
0.028878555
0.050932832
0.024407387
0.047591217
0.050930936
0.05601334
0.043155935
0.018880771
0.027828326
0.049944367
0.015973456
0.052457184
0.0999696
0.12686393
0.072821535
0.016375141
0.020480407
0.028549869
0.08373649
0.09480523
0.017087616
0.035433076
0.030645102
0.0267154
0.03134127
0.04158327
0.04423181
0.095666215
0.086431704
0.11068563
0.12204057
0.15074654
0.14872998
0.09739455
0.049412094
0.022976875
0.06420164
0.077304214
0.06318262
0.042099275
0.053569775
0.07442047
0.028812068
0.029037276
0.007964597
0.018325126
0.06897828
0.056568615
0.04009883
0.028007405
0.030388094
0.029766517
0.040917344
0.048632156
0.0492936
0.020876382
0.055961736
0.050187577
0.019147964
0.031160206
0.031112066
0.030176006
0.07199594
0.12874174
0.12103017
0.013461732
0.039532527
0.04468415
0.09505658
0.084425874
0.030617561
0.063920364
0.094536334
0.07368243
0.027836392
0.024992833
0.034213386
0.029685365
0.035476033
0.04423593
0.026351968
0.043004997
0.08731793
0.05708308
0.047273334
0.05185224
0.04964675
0.05972932
0.06070356
0.029958809
0.038233187
0.023390759
0.05269165
0.025681945
0.028806249
0.0225017
0.04763148
0.097119145
0.08595229
0.03147546
0.026731579
0.02577622
0.04129417
0.039351128
0.03715084
0.036145143
0.12012429
0.09623664
0.07522681
0.116891444
0.11885124
0.06913254
0.057190422
0.038986813
0.005288531
0.043833356
0.065163106
0.05731003
0.051264774
0.02796632
0.031105673
0.02233932
0.038958065
0.00986769
0.04955389
0.07507105
0.02734119
0.042431947
0.0332475
0.07494796
0.08362342
0.03334018
0.009493322
0.01287278
0.038016975
0.12564994
0.14031312
0.12919211
0.10992005
0.073818676
0.06686591
0.023971891
0.063182704
0.106614344
0.08521587
0.05482125
0.023337051
0.041096997
0.084446095
0.07623242
0.014604648
0.039371133
0.022733789
0.027998522
0.024282387
0.0055570765
0.043154072
0.06727216
0.026194833
0.0034374523
0.03920053
0.070155285
0.06430045
0.0028286867
0.0636251
0.09423469
0.085159086
0.046696655
0.04057141
0.045555364
0.018787079
0.056117516
0.00769368
0.058379374
0.061159436
0.10129591
0.095749125
0.038299702
0.03538182
0.060089514
0.070337236
0.10134497
0.052546225
0.06719223
0.04463022
0.007954464
0.046570756
0.058272645
0.042637408
0.041880473
0.031965796
0.038310736
0.060637448
0.064144135
0.072893925
0.019886319
0.04797316
0.070877284
0.03524431
0.035046075
0.08994811
0.112572834
0.0779523
0.044911582
0.051917505
0.09367523
0.071258165
0.060836516
0.030929286
0.048803944
0.07844808
0.08661515
0.08639414
0.052777905
0.011742134
0.047703885
0.057572413
0.09589083
0.1167731
0.09718616
0.07503648
0.051398125
0.057458203
0.049108166
0.038522758
0.00449521
0.040281277
0.083592534
0.079191014
0.030034313
0.04218768
0.03738282
0.08464945
0.06520843
0.037073266
0.017962478
0.07240012
0.10157896
0.06931786
0.08812414
0.061528742
0.0977319
0.059755012
0.06090073
0.068699405
0.07905771
0.0129203135
0.09891338
0.07582182
0.062191013
0.07362762
0.05643612
0.025545701
0.06273031
0.13701326
0.13066733
0.10507226
0.11094658
0.060885947
0.022352615
0.10518436
0.116812125
0.054809403
0.033905152
0.03824291
0.055682488
0.060588356
0.031919513
0.018196862
0.03120801
0.10793004
0.1291357
0.089999616
0.07607571
0.05417694
0.03343402
0.04293064
0.06314031
0.040951956
0.0836368
0.08775026
0.030209316
0.052133106
0.07804864
0.06231095
0.024442984
0.06174711
0.08904624
0.06788258
0.05340141
0.028496541
0.117900744
0.092705525
0.049704887
0.09481914
0.033173747
0.0963283
0.024405982
0.01343711
0.0700102
0.069990255
0.10383649
0.11707823
0.07579309
0.037620407
0.082454324
0.13211606
0.07817099
0.054853287
0.08554019
0.073733956
0.034975708
0.042063143
0.024123276
0.015268954
0.04621971
0.08946775
0.06363045
0.022391576
0.014361262
0.039394703
0.057532813
0.08558801
0.03971199
0.056028947
0.06501401
0.026168643
0.049133487
0.081702225
0.024687968
0.0538378
0.058599893
0.09088574
0.10831417
0.014160234
0.07870302
0.051197372
0.021050613
0.046888545
0.048069447
0.055800907
0.02167294
0.05756198
0.103845485
0.14126503
0.10299703
0.025477348
0.04636742
0.016507901
0.04423646
0.02748289
0.015801271
0.061967347
0.025166286
0.020709006
0.034986686
0.047741517
0.06918695
0.057335507
0.022588044
0.04470423
0.13808154
0.13192794
0.037556473
0.026956467
0.01803402
0.07032883
0.08897096
0.052769687
0.03523708
0.061945915
0.042135723
0.03685094
0.031942986
0.014559753
0.046721302
0.03164266
0.04607865
0.037705608
0.028951809
0.044000145
0.08015231
0.102516964
0.10852669
0.10275588
0.07519389
0.026188072
0.010368283
0.024851535
0.04132607
0.06864172
0.06952034
0.062083952
0.04397002
0.075686075
0.10004856
0.062000446
0.03785297
0.058820106
0.12641914
0.055862404
0.049080502
0.058762882
0.06776868
0.06957463
0.021898868
0.032246612
0.05346259
0.06444892
0.08374527
0.03434896
0.011213062
0.040158655
0.04074278
0.063930795
0.064541094
0.055144098
0.0375799
0.030333348
0.029216154
0.022239948
0.08834464
0.11104877
0.038107254
0.068321116
0.10087511
0.06686385
0.012063826
0.047177177
0.06873489
0.02311368
0.061387014
0.0850867
0.054992475
0.049472813
0.06734559
0.079546586
0.06324887
0.051256265
0.012470076
0.11389358
0.09302519
0.021684038
0.02246191
0.06587623
0.08956607
0.06612943
0.06979997
0.08933893
0.05920449
0.03306559
0.043890823
0.060981005
0.11214065
0.04847818
0.1075008
0.111443944
0.097643346
0.053043384
0.033364717
0.06467152
0.07800824
0.075715534
0.043622877
0.020976217
0.10677382
0.11256495
0.045356672
0.036714144
0.09588015
0.062121257
0.052533325
0.075126626
0.04673531
0.05088771
0.10643045
0.11632471
0.038651276
0.04635358
0.026473483
0.04244044
0.056504425
0.052398987
0.046342824
0.07264118
0.1280635
0.119527005
0.09548921
0.07050323
0.058783166
0.038654145
0.049181532
0.045722842
0.08389834
0.16773784
0.100780256
0.05351792
0.052671302
0.076733656
0.0545929
0.02450989
0.027879061
0.047344256
0.03315159
0.043412775
0.07386218
0.07200535
0.06087135
0.08236527
0.03806588
0.030895783
0.053882584
0.040053993
0.014544559
0.01001122
0.05163751
0.06462078
0.034041934
0.018256087
0.0026785408
0.01826208
0.036864728
0.06859888
0.052802537
0.0471048
0.03456423
0.055516485
0.07260256
0.0966804
0.0790898
0.14120406
0.07335462
0.06265584
0.043182462
0.022325369
0.08097918
0.056013446
0.078643516
0.08364661
0.04221986
0.06647987
0.07213763
0.055878263
0.029119369
0.040747706
0.055170204
0.06852693
0.04837191
0.07455103
0.072251916
0.04751211
0.099265926
0.07041874
0.04071921
0.026068928
0.038483486
0.060655143
0.122798435
0.1392755
0.13397758
0.11225406
0.042797524
0.060741033
0.06630448
0.042848427
0.04297927
0.047797717
0.14658216
0.09760365
0.027182057
0.048642293
0.03951192
0.034073714
0.068495944
0.07404637
0.056848317
0.059654355
0.07852101
0.06299099
0.076530844
0.061666448
0.079725586
0.12847535
0.13382071
0.14200844
0.1387131
0.11486405
0.086739674
0.05888589
0.013445002
0.027268685
0.043823797
0.05279232
0.058816332
0.07647373
0.047256455
0.065232806
0.09898243
0.07535634
0.08066928
0.06383925
0.06966894
0.038342483
0.05714635
0.0369592
0.032482088
0.06550629
0.065751664
0.05207818
0.032298904
0.049482577
0.037284393
0.023019431
0.02427152
0.052712776
0.020888418
0.026665155
0.04654307
0.06597874
0.038857974
0.04811041
0.0523264
0.07096859
0.06187326
0.042866714
0.09456621
0.043463033
0.04268795
0.05145013
0.056032147
0.04614312
0.0075864056
0.022281703
0.040907048
0.034914043
0.10925
0.07816697
0.060465764
0.08636766
0.08779191
0.03802648
0.046777036
0.06559504
0.033226535
0.042383295
0.07914831
0.10046879
0.046619184
0.032345116
0.0147017315
0.10364069
0.10800343
0.0641356
0.049819637
0.081725985
0.08098469
0.056873042
0.037657697
0.008263263
0.01591292
0.03723743
0.032658443
0.040383108
0.032507148
0.05118958
0.10781172
0.128221
0.10034499
0.044931605
0.01934153
0.060402837
0.036643237
0.029375544
0.013870078
0.065752946
0.052850243
0.03697137
0.03978508
0.042178757
0.0434745
0.038705565
0.028884158
0.018905379
0.006313538
0.024482885
0.022863742
0.016475681
0.004407383
0.03153729
0.07006602
0.04792219
0.0066108494
0.04925855
0.013364898
0.03161771
0.044128414
0.06063632
0.022398332
0.017645016
0.014981062
0.028284572
0.04815911
0.082976945
0.038782742
0.04879651
0.030553931
0.05087376
0.06091097
0.017571846
0.02447087
0.037162803
0.01697968
0.02022548
0.02428058
0.010930272
0.04794385
0.08691292
0.076303706
0.03901127
0.029399397
0.057419706
0.056707542
0.06975989
0.08707137
0.077977136
0.024902962
0.0131287
0.026722042
0.044034548
0.040718716
0.020655323
0.05650786
0.038890854
0.006154464
0.012818717
0.022106437
0.03749035
0.039796263
0.059729397
0.06226646
0.025835982
0.00572038
0.011963548
0.020853268
0.026801674
0.042678516
0.05089476
0.035165824
0.032565635
0.014847272
0.023606803
0.0403032
0.02765057
0.036558356
0.04932223
0.042642523
0.03833931
0.055707574
0.0073461
0.025033494
0.012053405
0.053762976
0.06423876
0.06261949
0.040821034
0.008396383
0.015718237
0.020643206
0.011719418
0.022079024
0.022631189
0.029041054
0.03442822
0.03618145
0.022529028
0.01805281
0.026966488
0.020264843
0.038372364
0.06761021
0.05446832
0.033616126
0.029783798
0.03324723
0.003142923
0.03550966
0.054144226
0.045274593
0.03515509
0.05405383
0.043372568
0.040232062
0.021614235
0.0042472202
0.0118600475
0.041863594
0.07973582
0.09272746
0.028573934
0.038360745
0.022704426
0.027908284
0.044803817
0.051456634
0.041755095
0.036254287
0.05052479
0.043751266
0.036268983
0.04204531
0.054629497
0.057374217
0.008814181
0.026173243
0.009127833
0.017308183
0.023409551
0.030733857
0.03882139
0.082422145
0.09794286
0.08455813
0.0
0.0030518398
0.0
0.0
0.0
0.003051775
0.00305175
0.0
0.0
0.0
0.0
-0.0030515704
-0.0030515236
-0.0030514733
0.0
-0.003051362
-0.003051301
0.0
0.0
0.0
0.0
0.0
-0.003050859
-0.003050773
-0.003050683
-0.0030505897
-0.0030504928
-0.0030503923
0.0
0.0
0.0
0.0
-0.0030498356
0.0
-0.0030495878
-0.0030494586
0.0
0.0
0.0
0.0
0.0
0.0
0.0030484532
0.0
0.0
0.0
0.0
0.0
0.0
-0.0030472726
-0.0030470896
0.0
-0.0030467126
0.0
0.0030463214
0.0
0.0
-0.003045708
-0.0030454963
-0.0030452812
0.0
-0.00304484
-0.0030446139
-0.0060887686
-0.0030441512
-0.0030439147
0.0
0.0
-0.0030431831
0.0
0.0
0.0
0.0
0.0
0.0
0.0
-0.0030410753
-0.0030407957
-0.0030405126
-0.003040226
0.0
0.0
0.0
0.0
0.0
0.0
-0.0030381195
0.0030378043
0.0
0.0030371633
0.0060736747
0.0
0.003036175
0.0030358385
0.0030354983
0.0
0.0030348075
0.0030344569
-0.0030341025
0.0
0.0030333833
0.0
0.0030326499
0.0
0.0
0.0
0.0
0.0
0.0
0.0
0.0
0.0030291742
0.0
-0.0030283628
0.0
-0.0030275374
0.0
0.0
0.0
0.0
-0.0030254116
0.0
0.0
0.0
-0.0030236477
-0.0030231979
-0.0030227446
-0.0030222875
0.0
-0.0030213632
0.0
0.0
0.0030199504
0.0
0.0
0.0
0.0
-0.0030175252
0.0
0.0
-0.006032056
0.0
-0.0030150122
-0.003014499
-0.0030139827
-0.0030134625
0.0
-0.0030124118
0.0
0.0
0.0
-0.0030102683
0.0
-0.0030091756
0.0
0.0
-0.0030075102
0.0
0.0
-0.0030058138
-0.0030052413
0.0
-0.0030040857
0.0
0.0
0.0
0.0
0.0
0.0030005358
0.0
0.0
0.002998714
0.0
0.0029974822
0.002996861
0.0
0.0
0.0029949767
0.0029943418
0.0
0.0029930614
0.0
0.0029917674
0.0
0.0029904593
0.0029898002
0.0029891375
0.0029884714
0.0
0.0029871291
0.0
0.002985773
0.0029850898
0.002984403
0.0029837128
0.0029830192
0.0
0.0
0.0
0.0
0.0
0.0029787861
0.0
0.0
0.0029766234
0.0
0.0029751642
0.0029744296
0.0
0.0029729502
0.0029722054
0.0029714573
0.0
0.0029699504
0.0
0.0
0.002967665
0.0
0.0
0.0
0.0
0.0
-0.005926005
0.0
-0.0059228423
0.0
0.0
-0.005918048
0.0
0.0
0.0
0.0
0.0
0.0
0.0
0.0
0.0
0.0
-0.005899949
-0.0058982633
0.0
0.0
-0.005893166
0.0
0.0
0.0
0.0
-0.0058845375
0.0
0.0
0.0
0.0
0.0
-0.005873963
-0.005872177
0.0
0.0
0.0
0.0
0.0
-0.0058613233
-0.005859491
0.0
0.0
0.0
0.0
0.0
0.00292418
0.0029232407
0.0029222982
0.0
0.0
0.0
0.0
0.0
0.0
0.0
0.0
0.0029136685
0.0
0.0
0.0029107332
0.0029097481
0.0
0.0029077684
0.0029067737
0.0029057756
0.0
0.0
0.002902762
0.002901751
0.0029007369
0.0
0.0028986987
0.0028976747
0.0028966474
0.0
0.0
0.0
0.0
-0.0028914632
-0.002890417
0.0
-0.0028883142
-0.002887258
-0.0028861987
0.0
0.0
-0.0028830015
0.0
-0.002880854
0.0
0.0
0.0
0.0
0.0
0.0
0.0
0.0
0.002871033
0.0
0.0
0.0
0.0028665855
0.0
0.0
0.0
-0.0028620877
0.0
-0.00285982
-0.0028586814
0.0
0.0028563947
0.0
-0.0028540955
-0.0028529412
0.0
0.0
-0.0028494596
0.0
0.0
-0.00284595
0.0
0.0028435946
0.0
0.0
-0.0028400384
0.0
-0.002837652
0.0
0.0028352535
0.0028340495
0.0
0.0
0.0028304192
-0.0028292031
0.0
0.0
0.0
0.0
0.0
0.0
0.0
0.0
0.0
0.0028168724
0.0028156226
0.0
0.0
0.0
0.002810593
0.0028093278
0.0028080598
0.0028067888
0.0
0.0
0.0
0.0028016747
0.0028003885
0.0027990995
0.0
0.0
0.0027952143
0.0
0.0
0.0
0.0
0.0
0.0027873632
-0.0027860445
0.0027847225
0.0
0.0
0.0
0.0
0.0055561378
0.0027767292
-0.0027753867
0.0
0.0
0.0027713412
0.002769987
0.0
0.0
0.0027659065
0.0
0.0027631717
0.0027617998
0.0027604252
0.0027590476
0.0027576669
0.0
0.002754897
0.0027535078
0.0027521157
0.0027507208
0.0
0.0027479222
0.0
0.0
0.0
0.0027422903
0.0027408751
0.0
0.0
0.0027366127
0.0027351861
0.0027337568
0.0027323244
0.0027308895
0.0027294515
0.0
0.0
0.0027251206
0.0027236715
0.0027222193
0.0
-0.0027193069
0.0
0.0027163832
0.002714917
0.0027134481
0.0027119764
0.0
0.0027090246
0.0
0.0
0.0027045761
0.0027030879
0.0027015966
0.0
0.0
0.0
0.0
0.0
0.0026925916
0.0053821625
0.002689568
0.0026880521
0.0026865334
0.0
0.0026834877
0.0
0.0
0.002678899
-0.002677364
-0.0053516524
0.0
0.0
0.0
0.0
-0.0026680971
-0.0026665432
0.0
0.0
0.0
0.0
0.0
0.0
-0.0026555907
0.0
0.0
-0.002650857
0.0
0.0
0.0
0.0
0.0026429142
0.0
0.0026397186
0.002638117
0.0026365127
0.0026349057
0.0
0.0
-0.0026300694
0.0
-0.002626832
-0.0026252095
-0.0026235844
-0.0026219566
0.0026203264
0.0
0.0
-0.0026154201
0.0
0.0
0.0026104907
0.0
0.0
0.0026055383
0.0026038825
0.0
0.0
0.0
0.0
0.0
0.0
0.0
0.0
0.0
0.0
0.0
0.0
0.0
0.0
0.0
0.0
0.0025753477
0.0025736466
0.0
0.0025702373
0.002568529
0.0025668181
0.0
0.0025633893
0.0025616712
0.0
0.0025582276
0.0
0.0025547743
0.0
-0.0025513112
0.0
0.0025478385
0.0
0.0025443563
0.0025426117
-0.0025408645
-0.002539115
0.0
0.0
0.0
0.0
0.0
-0.0025285678
0.0025268018
0.0
0.0
0.0
-0.0025197137
-0.0025179358
0.0
0.0
0.0
-0.0025108012
-0.0025090117
0.0
-0.0025054256
-0.0025036293
-0.0025018305
-0.0025000295
0.0
0.0
0.0
-0.0024928025
0.0
-0.0024891752
0.0
0.0
-0.0024837174
0.0
-0.0024800678
0.0
0.0024764088
0.0024745762
0.0
0.0
0.0
-0.002467223
-0.002465379
0.0
-0.0024616846
-0.002459834
-0.0024579815
-0.0024561265
0.0
0.0
0.0024505488
0.0
0.0
0.0
0.0
0.002441209
0.0024393345
-0.002437458
0.0024355792
0.0
0.0
0.0
0.0
0.0
0.0
0.0024223684
0.0
0.0
0.0
0.0
0.0
0.0
0.0024090542
0.0
0.0024052311
-0.0024033168
-0.0024014001
0.0
-0.0023975607
0.0
0.0
0.0
0.0
0.0
-0.0023859935
0.0
0.0
0.0
0.0
0.0
0.0
0.0
0.0
0.0
0.0
0.0
-0.0023626413
-0.0023606822
0.0
-0.0023567586
-0.0023547937
-0.002352827
-0.0023508584
-0.0046977755
-0.002346915
0.0
0.0
0.0023409857
0.0
0.0023370232
0.0
0.0
0.0
0.0023290752
0.0
0.0
0.0
-0.0023210973
0.0
0.0
0.0
0.0
0.0
0.0
0.0
-0.0046101026
-0.0046060747
0.0
0.0
0.0
0.0
0.0
-0.002290915
0.0
0.0045737196
0.0
0.0
0.0
-0.0022787277
0.0
-0.002274651
-0.00227261
-0.0022705672
0.0
0.0
-0.0022644287
-0.0022623788
-0.0022603276
0.0
0.0
0.0
0.0
-0.0022500444
0.0
0.0
0.0
0.0
0.0
0.0
0.0
0.0
0.0
0.0
0.0
0.0
0.0
0.0
0.0
0.0
0.0
0.0
0.0
0.0
0.0044127945
0.0044086017
0.0044044056
0.0044002063
0.0043960037
0.0
0.0021937948
0.0021916889
0.0021895813
0.0021874723
0.0021853617
0.0021832495
0.0
0.0021790206
0.0
0.0
0.0
0.0
0.0021684214
0.0
0.0
0.004324087
0.0
0.0
0.0
0.0
0.004302768
0.0021492478
0.0
0.0021449707
0.00214283
0.0042813756
0.004277088
0.002136399
0.0021342526
0.0
0.0
0.0
0.0
0.0
0.0
0.0
-0.0021170296
0.0
0.0021127097
0.0021105479
0.0021083844
0.0
0.0021040535
0.002101886
0.0020997173
0.0
0.0020953757
0.002093203
0.0020910287
0.0020888532
0.0
0.0
0.0
0.0
0.0
0.0
0.0
-0.0020714018
0.0
0.0
0.0
0.0
0.0
0.0
0.0
0.0
0.0
0.0
0.0
0.0020450717
0.0020428693
0.0020406658
0.0
0.0
0.0020340483
0.0
0.0
0.0
0.0
0.0
0.0
0.0
0.0
0.0
0.0
0.0020096924
0.0
0.0
0.0020030257
0.0
0.0019985756
0.0019963488
0.0019941211
0.0
0.0
0.0
0.0
0.0
0.0
0.0019784956
0.0
0.0
0.0
0.0
-0.0019673028
-0.0019650608
-0.0019628182
-0.0019605744
-0.0019583295
-0.0019560836
-0.0019538368
-0.0019515889
-0.00194934
0.0
0.0019448393
0.0019425874
0.0
0.0
0.0
0.0019335703
0.0038626273
0.0019290559
0.0019267973
0.0019245378
0.0
0.0019200159
0.0
0.0
0.0
-0.001910961
0.0
-0.0019064281
0.0
0.0
-0.001899622
0.0
-0.0018950802
0.0
0.001890535
-0.0018882611
-0.0018859863
0.0
0.0
0.0
0.0018768788
0.0
0.0018723201
0.0018700395
0.0
0.0018654758
0.0
0.001860909
0.0
0.0
0.0
0.0
0.0
0.0
0.0018449007
0.0
0.00184032
0.0018380285
0.0018357363
0.0018334434
0.0018311498
0.0018288554
0.0018265604
0.0018242645
0.0018219681
0.0018196709
0.0
0.0
-0.0018127753
-0.0018104754
0.0
0.0
0.0
0.0
0.0
0.0
0.0
-0.0017920524
0.0
-0.0017874404
-0.0017851334
0.0
0.0
-0.0017782088
-0.0017758994
-0.0017735894
-0.0017712789
-0.0017689677
-0.0035333121
0.0
0.0
0.0
-0.0017574036
-0.003510178
-0.0017527741
-0.0017504585
0.0
0.0
-0.0017435086
-0.001741191
-0.0017388728
0.0
0.0
0.0
-0.0017295954
0.0
0.0
-0.0017226321
-0.0017203101
0.0
0.0
0.0
-0.0017110176
-0.0017086933
0.0017063686
0.0
0.0
0.0
0.0
0.001694739
0.0
0.0
0.0016877564
0.0016854281
0.0
0.0
-0.001678441
-0.0016761112
0.0
0.0
0.0
0.0016667887
0.0016644573
0.0016621253
0.0016597933
0.0033149216
0.0016551281
0.0
0.0016504617
0.0
0.0016457941
0.0016434599
0.0
0.0
0.0
0.0
-0.0016317847
-0.001629449
0.0
-0.0016247766
0.0
0.0
0.0
0.0
0.0016130919
0.0
0.0
-0.0016060785
0.0
0.0
0.0
0.0015967247
0.0
0.0015920468
0.0015897077
0.0015873683
0.0015850288
0.0
0.0
0.0015780096
0.0015756695
0.0
0.0
-0.0015686488
-0.0015663084
-0.0015639679
-0.0015616273
-0.0015592865
0.0
-0.0015546049
0.001552264
0.0
0.0015475819
0.0015452408
0.0015428996
0.0030811168
0.0030764344
0.001535876
0.0015335347
0.0030623868
0.0
0.0
0.0
0.0
0.0
0.0015171455
0.0015148043
0.0
0.0015101219
0.0015077807
0.0015054396
0.0
0.0015007575
0.0
0.0
0.0
0.0
0.0
0.0
0.0014843723
0.0
0.0
0.0
0.0
-0.0014726714
-0.0014703316
-0.001467992
-0.0014656524
-0.001463313
-0.0029219473
-0.0029172692
-0.0014562956
-0.0014539568
-0.0014516183
-0.0014492797
-0.002893883
-0.0028892069
-0.0014422656
-0.0014399278
0.0
0.0
0.0
-0.0014305791
-0.0014282425
0.0
0.0
0.0
0.0
-0.0028331259
-0.0014142278
-0.0014118929
-0.0014095583
0.0
0.0
0.0
0.0
-0.0013978893
-0.0013955565
0.0013932239
0.0
0.0
0.001386228
0.0
0.0
0.0
0.0013769048
0.0
0.0
0.001369916
0.0013675871
0.0
0.0
0.0
0.0
0.0013559485
0.0
0.0
0.0
-0.0013466448
0.0
0.0
0.0
-0.0013373479
-0.0013350247
0.0
0.0
0.0
0.0
0.0013234159
0.0
0.0
0.0013164562
0.0013141374
-0.001311819
-0.001309501
-0.0013071836
0.0
0.0
0.0
0.0012979193
-0.0012956045
-0.0012932903
0.0
0.0
0.001286351
0.0
0.0
0.0
0.0012771065
0.0012747968
0.0012724877
0.0012701792
0.0
0.0
0.0012632573
0.0
0.0012586459
0.0012563411
0.0
0.0012517334
0.0012494305
0.0
0.0
0.0
0.0
0.0
0.0
0.0
0.0012310314
0.0
0.0
0.001224143
0.0
0.0012195542
0.001217261
0.0
0.0012126766
0.0012103856
0.0012080952
0.0024116111
0.0012035168
0.0012012287
0.0011989414
0.0
0.0011943692
0.0
0.0
0.0
0.0
0.0
0.0
0.0
0.0011761115
0.0
0.0023431105
0.0011692784
0.0
0.0
0.0
0.0
0.0
0.0
0.0
0.0
0.0
0.0
0.0
0.0
0.0
0.0
0.0
0.0
0.0
0.0
0.0
0.0
0.0
0.0
0.0
0.0
0.0
0.0
0.0
0.0
-0.0022072715
-0.0022027728
0.0
0.0010968907
0.0
0.0
0.0
-0.0021758226
0.0
0.0
0.0
0.0
0.0
0.0010744734
0.0
0.0
0.0
-0.0021310719
0.0
0.0
0.0
0.0
0.0
0.0
0.0
0.0
0.0
0.0
0.0
0.0
0.0
0.0
0.0
0.001029963
0.0
0.0
0.0
0.0
0.0
0.0
0.0
-0.0020245744
-0.0010100831
-0.0010078803
0.0
0.0
0.0
0.0
-9.968844E-4
0.0
-9.924946E-4
0.0
0.0
0.0
0.0
0.0
0.0
0.0
0.0
0.0
0.0
0.0
0.0
0.0
0.0
9.59735E-4
9.575615E-4
9.553893E-4
9.532185E-4
9.5104903E-4
0.0028466426
9.4671414E-4
9.445487E-4
0.0
0.0
0.0
0.0
0.0
0.0
0.0
-9.272752E-4
0.0
-9.229708E-4
-9.2082075E-4
0.0
0.0
0.0
0.0
0.0
0.0
-9.0581045E-4
0.0
0.0
-8.993992E-4
0.0
0.0
0.0
0.0
0.0
0.0
0.0
0.0
0.0
0.0
-8.7600615E-4
0.0
-8.717726E-4
0.0
0.0
0.0
0.0
-8.6121564E-4
-8.591089E-4
-8.570038E-4
0.0
0.0
0.0
0.0
0.0
-8.4440614E-4
0.0
0.0
0.0
0.0016720796
8.339522E-4
8.318663E-4
0.0
8.276994E-4
8.2561834E-4
8.23539E-4
8.214613E-4
8.193853E-4
8.173109E-4
0.0
8.1316713E-4
0.0
0.0
0.0
0.0
8.028372E-4
8.007763E-4
7.9871714E-4
7.966597E-4
0.0
0.0
0.0
0.0
0.0
7.84351E-4
7.8230567E-4
0.0
0.0
-0.0015523601
0.0
7.7210524E-4
0.0
7.6803745E-4
0.0
7.639768E-4
0.0
7.599233E-4
-7.5789925E-4
0.0
0.0
-7.5183803E-4
0.0
0.0
7.457932E-4
0.0
0.0
0.0
0.0
7.357553E-4
0.0
0.0
7.297548E-4
0.0
-7.2576385E-4
0.0
7.2178047E-4
7.1979157E-4
0.0
7.1581954E-4
7.138364E-4
0.0
0.0
0.0
7.059229E-4
0.0
0.0
-7.0000807E-4
-6.980403E-4
-6.960745E-4
0.0
0.0
0.0
0.0
0.0
6.84321E-4
-6.82369E-4
0.0
0.0
0.0
0.0
0.0
0.0
0.0
6.6682475E-4
0.0
6.6295883E-4
6.610289E-4
6.59101E-4
0.0013143503
6.552514E-4
6.533296E-4
0.0
0.0
0.0
0.0
6.437518E-4
6.4184243E-4
6.399352E-4
0.0
6.361269E-4
0.0
0.0
0.0
0.0
6.2664296E-4
6.247525E-4
0.0
0.0
0.0
-6.172119E-4
-6.153321E-4
0.0
0.0
6.097056E-4
0.0
0.0
0.0
6.0223375E-4
0.0
0.0
5.966527E-4
0.0
5.929429E-4
-5.910913E-4
-5.892419E-4
0.0
0.0
5.8370695E-4
5.818664E-4
5.800281E-4
-5.78192E-4
0.0
5.745265E-4
5.726971E-4
5.7086995E-4
0.0
0.0
-5.6540204E-4
-5.635839E-4
0.0
0.0
5.5814313E-4
5.563341E-4
0.0
0.0
0.0
5.491208E-4
5.473232E-4
0.0
5.43735E-4
5.419443E-4
5.40156E-4
0.0
5.365863E-4
5.348049E-4
5.330258E-4
5.3124916E-4
5.294748E-4
5.277028E-4
5.259331E-4
0.0010483316
5.224009E-4
5.206383E-4
5.188781E-4
5.1712024E-4
5.1536475E-4
5.1361165E-4
5.1186094E-4
0.0
0.0
0.0
0.0
5.031433E-4
0.0
4.996731E-4
4.9794157E-4
0.0
0.0
0.0
0.0
0.0
4.8760357E-4
0.0
0.0
-4.824675E-4
-4.8076038E-4
-4.7905574E-4
0.0
4.7565385E-4
4.739566E-4
0.0
0.0
0.0
0.0
0.0
0.0
4.6214546E-4
0.0
4.587933E-4
0.0
0.0
0.0
0.0
-4.50457E-4
-8.9759467E-4
0.0
0.0
-4.4383353E-4
0.0
0.0
-4.3889263E-4
0.0
-4.356115E-4
0.0
-4.3234063E-4
0.0
0.0
-4.2745366E-4
-4.2582984E-4
-4.242086E-4
0.0
-4.2097393E-4
0.0
0.0
0.0
-4.1453578E-4
0.0
0.0
0.0
0.0
0.0
0.0
0.0
-4.0178536E-4
0.0
0.0
-3.9704752E-4
-3.9547356E-4
-3.9390224E-4
0.0
0.0
0.0
-3.876437E-4
0.0
0.0
-3.8297792E-4
0.0
0.0
3.7833632E-4
0.0
-3.7525545E-4
-3.737191E-4
0.0
0.0
0.0
0.0
0.0
0.0
0.0
0.0
0.0
0.0
-3.5699873E-4
-3.5549514E-4
3.539943E-4
3.5249625E-4
0.0
0.0
-3.480186E-4
0.0
-3.450474E-4
0.0
0.0
0.0
0.0
-3.37668E-4
-3.3620052E-4
0.0
-3.3327393E-4
-3.3181484E-4
0.0
0.0
-3.2745447E-4
-3.2600667E-4
-3.2456167E-4
-3.2311952E-4
-3.2168019E-4
-3.2024368E-4
-3.1881002E-4
-6.3475844E-4
-3.1595124E-4
-3.145261E-4
0.0
-3.1168445E-4
0.0
0.0
0.0
-3.060354E-4
-3.0463032E-4
0.0
0.0
0.0
0.0
0.0
0.0
0.0
0.0
0.0
0.0
0.0
0.0
0.0
-5.705249E-4
0.0
0.0
0.0
0.0
0.0
-5.5427337E-4
0.0
0.0
2.7311343E-4
2.7177826E-4
-5.4089207E-4
0.0
0.0
0.0
0.0
0.0
0.0
-5.2240666E-4
0.0
0.0
0.0
0.0
-5.0938135E-4
0.0
0.0
-5.0163793E-4
-4.9906876E-4
0.0
0.0
-4.9139746E-4
-4.888524E-4
0.0
0.0
0.0
0.0
0.0
0.0
0.0
0.0
0.0
4.6373456E-4
0.0
0.0
0.0
0.0
-4.514038E-4
-4.4895598E-4
0.0
0.0
0.0
0.0
0.0
0.0
0.0
0.0
0.0
0.0
0.0
2.100309E-4
0.0
0.0
0.0
0.0
0.0
0.0
0.0
0.0
0.0
1.9833224E-4
0.0
0.0
0.0
0.0
1.9259995E-4
1.914629E-4
0.0
0.0
1.880706E-4
0.0
1.858248E-4
0.0
1.8359163E-4
0.0
-1.813711E-4
0.0
0.0
0.0
0.0
0.0
-1.7478557E-4
0.0
0.0
0.0
1.7045879E-4
1.6938508E-4
1.6831454E-4
1.6724721E-4
1.6618308E-4
1.6512215E-4
1.6406442E-4
1.630099E-4
1.6195858E-4
1.6091048E-4
1.598656E-4
1.5882392E-4
1.5778546E-4
1.5675023E-4
1.5571823E-4
1.5468943E-4
0.0
0.0
1.5162246E-4
1.506066E-4
1.4959398E-4
1.485846E-4
1.4757847E-4
1.4657558E-4
1.4557593E-4
1.4457954E-4
1.435864E-4
1.425965E-4
0.0
1.4062651E-4
1.3964639E-4
0.0
0.0
1.3672565E-4
1.3575862E-4
1.3479484E-4
1.3383434E-4
1.3287713E-4
1.3192318E-4
1.3097253E-4
0.0
1.2908108E-4
1.2814028E-4
1.2720277E-4
0.0
0.0
1.2441001E-4
0.0
0.0
0.0
0.0
-1.19821445E-4
1.1891366E-4
1.1800918E-4
1.17108015E-4
1.1621017E-4
0.0
1.1442443E-4
1.13536546E-4
1.12651986E-4
1.1177075E-4
1.1089285E-4
1.1001828E-4
1.0914704E-4
0.0
0.0
1.0655334E-4
1.0569546E-4
0.0
1.0398972E-4
0.0
1.02297374E-4
1.0145623E-4
0.0
0.0
0.0
-9.8125194E-5
0.0
-9.647984E-5
-9.566221E-5
0.0
-9.403705E-5
0.0
9.2425376E-5
0.0
9.08272E-5
0.0
-8.924254E-5
0.0
-8.767141E-5
-8.689092E-5
-8.6113825E-5
0.0
-8.4569794E-5
-8.3802865E-5
-8.303934E-5
-8.2279206E-5
0.0
0.0
-8.001921E-5
7.927268E-5
7.8529556E-5
0.0
7.705353E-5
0.0
0.0
-7.486509E-5
0.0
0.0
7.270739E-5
0.0
0.0
0.0
-6.987837E-5
0.0
0.0
0.0
0.0
0.0
-6.57377E-5
-6.505961E-5
0.0
-6.371376E-5
6.304598E-5
0.0
0.0
0.0
6.0409377E-5
-5.9758844E-5
5.9111764E-5
0.0
0.0
0.0
-5.6557994E-5
0.0
0.0
5.4678985E-5
5.4059572E-5
5.3443626E-5
0.0
0.0
5.1616593E-5
0.0
0.0
4.9820796E-5
4.9229147E-5
0.0
0.0
0.0
4.6897323E-5
0.0
4.57523E-5
4.5185014E-5
4.4621214E-5
0.0
0.0
-4.295074E-5
0.0
4.185455E-5
4.1311694E-5
4.0772335E-5
0.0
3.97041E-5
0.0
0.0
0.0
0.0
0.0
0.0
0.0
0.0
0.0
3.4573077E-5
0.0
0.0
3.310218E-5
0.0
0.0
3.1662912E-5
0.0
0.0
3.0255305E-5
-5.958629E-5
0.0
0.0
0.0
0.0
2.7535194E-5
0.0
-2.66567E-5
2.6222746E-5
-2.5792324E-5
0.0
2.4942075E-5
0.0
-2.410596E-5
-2.3693206E-5
-2.3283988E-5
0.0
0.0
0.0
-2.1682503E-5
0.0
0.0
-2.051857E-5
0.0
-1.9760335E-5
-1.9386534E-5
-1.9016281E-5
0.0
-3.6572837E-5
-3.5853624E-5
0.0
0.0
-1.6869293E-5
0.0
0.0
0.0
0.0
0.0
2.9700404E-5
1.4526133E-5
1.4205622E-5
0.0
0.0
0.0
-1.2959177E-5
-1.2656468E-5
0.0
0.0
1.1769722E-5
1.1481268E-5
0.0
1.0915057E-5
0.0
0.0
1.0092493E-5
9.825441E-6
0.0
9.302046E-6
0.0
0.0
0.0
8.298108E-6
8.056054E-6
0.0
1.5165333E-5
7.3513343E-6
7.1235777E-6
0.0
6.678791E-6
0.0
0.0
0.0
-1.1664285E-5
-5.6294257E-6
-5.430288E-6
-5.2347305E-6
-5.0427525E-6
-4.854355E-6
0.0
0.0
4.3106506E-6
0.0
0.0
3.7991865E-6
3.635865E-6
3.4761272E-6
3.3199735E-6
3.1674044E-6
0.0
0.0
5.462417E-6
0.0
0.0
2.3272864E-6
0.0
2.075939E-6
1.9556464E-6
1.8389417E-6
1.725825E-6
1.6162967E-6
1.5103569E-6
1.408006E-6
1.3092442E-6
1.2140717E-6
0.0
2.0689913E-6
1.9001849E-6
8.6927935E-7
0.0
0.0
0.0
5.8193257E-7
5.19073E-7
0.0
0.0
3.5204212E-7
0.0
2.5864583E-7
2.1733533E-7
0.0
0.0
-1.14955505E-7
8.801307E-8
0.0
0.0
2.8739146E-8
1.6165792E-8
0.0
0.0
0.0
