0.02318347
0.07152872
0.024115598
0.2870027
1.0107346
1.013425
0.5581083
1.791688
3.262178
1.9706876
0.5686354
0.8312898
0.39861056
0.6738833
0.24360156
0.28461236
0.3689524
0.39564428
0.4507142
0.17289971
0.46385878
0.37582797
0.6935792
0.5855471
0.43987468
1.22367
0.98353153
0.3816524
0.07471558
0.6691003
0.7271222
0.3813023
0.35335326
0.5702138
0.7905244
0.4466393
0.033089813
0.27225575
0.42692614
0.28861973
0.27008265
0.298326
0.3507097
0.028343929
0.092611775
0.100379825
0.21552676
0.2750879
0.19239864
0.1669327
0.14010176
0.29972866
0.60885966
0.41078752
0.1786702
0.22164215
0.119594544
0.14239368
0.07462393
0.29999405
0.34393585
0.14462715
0.25599578
0.35192752
0.17592295
0.17233297
0.34400362
0.31583047
0.18740813
0.0031592012
0.27826133
0.41251242
0.3125739
0.068596944
0.27769738
0.37177214
0.22401811
0.25326958
0.28998563
0.16013469
0.20513435
0.22502863
0.279303
0.28749782
0.26577705
0.33272946
0.13290983
0.06108516
0.024674958
0.39022386
0.4991463
0.2714035
0.2311637
0.2726911
0.017270276
0.24184696
0.30990988
0.28882477
0.21030667
0.06665843
0.12572742
0.15645733
0.09981256
0.12436952
0.30080315
0.278304
0.18848422
0.16590764
0.086322464
0.09177925
0.13410366
0.07804407
0.13004018
0.030227441
0.12348609
0.08896325
0.3181832
0.44592103
0.32963
0.19512108
0.14257425
0.2678701
0.37030512
0.386102
0.35810894
0.2620044
0.09685083
0.18686405
0.19359908
0.18303566
0.30675423
0.18921247
0.078319
0.06404435
0.07675808
0.21644463
0.13231699
0.18206753
0.26511803
0.20035797
0.20043398
0.16436976
0.10634797
0.04766739
0.118830346
0.10030354
0.11452084
0.18744941
0.061467696
0.060257714
0.086112246
0.33066306
0.41674048
0.14032327
0.11464625
0.13430278
0.11968836
0.10703335
0.17747572
0.050905224
0.12550145
0.012397174
0.043734565
0.113233134
0.10541303
0.19374204
0.2901704
0.23134363
0.142719
0.16189778
0.11531662
0.11135166
0.101459704
0.05946688
0.037785884
0.12053331
0.12681384
0.099568054
0.059409294
0.18717784
0.16256016
0.1594731
0.25886077
0.2646389
0.15667345
0.32165843
0.19410484
0.052904796
0.15196188
0.120636195
0.17993872
0.22537412
0.20028847
0.16835146
0.13390812
0.038250495
0.06691479
0.18923464
0.2113017
0.25199318
0.14297734
0.06656618
0.10710272
0.026559656
0.047160976
0.11913751
0.20077235
0.21652037
0.13746893
0.121756166
0.16886345
0.1016798
0.043786153
0.15198693
0.09360876
0.2548679
0.14140859
0.09658248
0.10245378
0.018478448
0.14273365
0.09125327
0.13231844
0.17410761
0.19737941
0.11997169
0.13392207
0.075995035
0.123905875
0.080355965
0.048077036
0.15607922
0.110817745
0.017336732
0.13910882
0.20811911
0.17832987
0.1311528
0.11377998
0.094952
0.07299369
0.051583085
0.062040858
0.17765018
0.12507394
0.085126646
0.09339561
0.09532524
0.08452803
0.0736818
0.07746736
0.25590494
0.136895
0.13700397
0.22492045
0.23774031
0.16900346
0.21989577
0.28166494
0.13904966
0.1421757
0.14963678
0.015074153
0.10673634
0.06871885
0.070674196
0.0497137
0.074253075
0.09715578
0.23420165
0.14543904
0.054168183
0.05406673
0.07369361
0.27639687
0.2533635
0.07197504
0.117871575
0.1642506
0.13487947
0.20727979
0.41304955
0.34527332
0.2140693
0.06512139
0.09799711
0.102779575
0.04260379
0.037592128
0.12515853
0.096947156
0.089855924
0.11736161
0.16944
0.19975021
0.21442454
0.11792258
0.22800717
0.2371126
0.22459227
0.20434073
0.1423652
0.103095844
0.046617575
0.018711431
0.10710104
0.119071245
0.047079984
0.030105935
0.17715816
0.15229604
0.07467369
0.022993775
0.09235241
0.05159007
0.10818023
0.091905445
0.045928337
0.21932188
0.39427364
0.28615612
0.20510463
0.2408175
0.14002863
0.19226034
0.20297354
0.13474028
0.11870184
0.12594725
0.12095896
0.12040128
0.14668362
0.07922352
0.040932976
0.06666167
0.18258087
0.13917029
0.098818295
0.03302298
0.054237653
0.1717782
0.13849185
0.08548124
0.06633824
0.048247818
0.053583764
0.06401052
0.075902015
0.08741074
0.102401115
0.1643649
0.18531112
0.12616229
0.102465
0.10939186
0.18252027
0.35309255
0.37190586
0.54023945
0.6842949
0.5234922
0.0622619
0.3203577
0.1947263
0.04794086
0.1584449
0.057830885
0.12939818
0.029573085
0.24772987
0.35265845
0.36246067
0.2499002
0.14312868
0.1258079
0.19932066
0.19755808
0.35679448
0.25587514
0.19882381
0.17495167
0.29219967
0.29104155
0.107632145
0.050138514
0.10322972
0.20331451
0.21664417
0.16994092
0.10672375
0.149639
0.070083
0.22375442
0.26123065
0.25523004
0.24014264
0.13582192
0.05371096
0.11148898
0.12820192
0.10068887
0.062320247
0.07956925
0.34201837
0.24489276
0.20749788
0.30304497
0.071134634
0.28860846
0.40967348
0.31146872
0.18419822
0.1042574
0.08620427
0.10443384
0.27872998
0.19715075
0.024478583
0.028737133
0.1185951
0.08327748
0.19552182
0.15587948
0.021231754
0.021145638
0.07472564
0.20505068
0.16316594
0.075393684
0.12018067
0.17854047
0.22013105
0.13923375
0.17611423
0.012562066
0.07807203
0.08904396
0.16497962
0.20193395
0.15241933
0.16314831
0.18424349
0.23520605
0.26103505
0.14412278
0.104902685
0.066088185
0.122041166
0.1512798
0.13873327
0.07600302
0.043758854
0.11849843
0.13259278
0.0888387
0.02752786
0.19802321
0.46047288
0.47476014
0.204036
0.17132393
0.05648901
0.11393783
0.19854572
0.29499924
0.22576146
0.08676878
0.12292121
0.098177694
0.08987868
0.13699964
0.07085434
0.08932472
0.1575366
0.15681133
0.11207254
0.18250644
0.082512416
0.20643659
0.24433565
0.16490631
0.28569612
0.28725943
0.17537743
0.11706655
0.14735302
0.13424426
0.22649282
0.1537368
0.05667873
0.10577439
0.12120979
0.08448559
0.113545604
0.17341831
0.097459555
0.16374753
0.23776248
0.12258024
0.16480245
0.15098402
0.13413052
0.15449992
0.109343484
0.054662798
0.068510704
0.09561747
0.06591847
0.2048267
0.3287066
0.14985248
0.14785777
0.2661541
0.15899968
0.26828137
0.22068702
0.09808875
0.04947715
0.18743801
0.0521572
0.118979394
0.22306037
0.23604186
0.054511856
0.3066135
0.2904079
0.31426886
0.29514256
0.1989218
0.28088656
0.42281637
0.34344414
0.25614455
0.64403
0.5708145
0.2627042
0.12239271
0.32776418
0.50361276
0.11070789
0.07962936
0.27281597
0.39808717
0.27600455
0.08801046
0.1726309
0.31191105
0.5784549
0.567762
0.21488295
0.41397047
0.23716483
0.34390587
0.21051261
0.07026538
0.32834843
0.53842825
0.53086215
0.43626112
0.39063355
0.42601398
0.38555685
0.55867714
0.3985226
0.18923944
0.3996745
0.49782473
0.081850044
0.3687461
0.3768788
0.25341794
0.31434074
0.44754755
0.21895856
0.80336416
0.47051013
0.22102547
0.13499144
0.14009683
0.25579086
0.24642326
0.091608405
0.07085321
0.1950734
0.21207722
0.20975596
0.44807
0.43614
0.30074668
0.18816061
0.5082139
0.7781982
0.6091343
0.49792084
0.38787892
0.2544752
0.5110508
0.39462265
0.07909808
0.28246063
0.5377015
0.5868951
0.28478384
0.5583566
0.6747595
0.2402218
0.17348446
0.2031495
0.19125533
0.51340306
0.33025116
0.3894568
0.6765316
0.8497034
0.8504939
0.6198097
0.97363585
0.6013725
0.728872
1.0987595
1.0409285
0.5805255
0.232469
0.38995802
0.40190384
0.41693735
0.20123015
0.27931288
0.10008214
0.16699484
0.31526503
0.9696523
0.82633203
0.5573827
0.6901066
0.36963862
0.2545376
0.23175813
0.4863424
0.47756505
0.23090237
0.59699005
0.22641443
0.32937625
0.28068975
0.45874062
0.77341866
0.89479595
0.88313353
0.48838082
0.31106833
0.30786386
0.0489094
0.09415698
0.48473275
0.35262668
0.4264537
0.60935247
0.5442741
0.33671045
0.19465023
0.42622483
0.33846748
0.05596194
0.06462565
0.3381326
0.14019729
0.34615153
0.289035
0.18504308
0.38096103
0.5233546
0.3633362
0.28230417
0.3742422
0.28154474
0.24515907
0.4326669
0.3794721
0.31324905
0.40319875
0.27482393
0.21575414
0.24736877
0.18094091
0.089575574
0.29250854
0.32717356
0.07432966
0.23952629
0.13735203
0.14646553
0.26929116
0.19850197
0.26911175
0.18079752
0.17128722
0.24947302
0.12274448
0.0031146354
0.17855747
0.13072415
0.14929868
0.27612114
0.37928134
0.28167266
0.16466732
0.20106831
0.17572725
0.063657254
0.2392255
0.3841464
0.33929956
0.18842356
0.09086162
0.031536017
0.11203939
0.18944703
0.58977234
0.46444902
0.133815
0.22369492
0.15258266
0.10259411
0.22003952
0.29334542
0.22701861
0.110385574
0.12696236
0.08520872
0.18260774
0.19362089
0.12922308
0.1264842
0.18517976
0.14360425
0.029707575
0.0638095
0.15123549
0.075115554
0.07576489
0.04466302
0.040815458
0.07625645
0.10433454
0.111766584
0.14779942
0.108467445
0.035410758
0.019945491
0.002958608
0.047716975
0.08288987
0.08596822
0.023825672
0.11469721
0.09970482
0.06746199
0.12090602
0.31576508
0.3196939
0.22461945
0.270202
0.47016758
0.17636096
0.50184417
0.33416048
0.14891784
0.2015655
0.079450525
0.094989486
0.16807199
0.10005557
0.037415247
0.075094424
0.017400997
0.05748021
0.119450286
0.22246872
0.07599864
0.12773296
0.15381455
0.11454385
0.045242142
0.07068512
0.13980798
0.1667189
0.19507502
0.11349021
0.039846066
0.16748215
0.17623398
0.093114614
0.14205123
0.058672063
0.030538002
0.028036095
0.049370237
0.023328017
0.0651061
0.07619704
0.06914988
0.029173356
0.052682865
0.07986337
0.16781983
0.13957508
0.051557116
0.09950087
0.14331804
0.0545715
0.017364014
0.050669447
0.04620456
0.1055036
0.020322869
0.06572643
0.11089324
0.116455846
0.05623413
0.03242726
0.064359576
0.05131198
0.09560115
0.18858227
0.1983398
0.08466853
0.07381119
0.15827729
0.08581527
0.10086322
0.18450448
0.108050495
0.019489756
0.03872886
0.08070258
0.017638335
0.049563643
0.037260965
0.067572854
0.08424507
0.11199364
0.08089418
0.037483133
0.110566616
0.2357825
0.26844728
0.18545635
0.09648339
0.015361399
0.020235604
0.087302074
0.080207
0.091708995
0.05644092
0.06790039
0.066451244
0.081884235
0.10235853
0.099999465
0.064826645
0.079975635
0.09351969
0.06340718
0.06620924
0.14961585
0.117187284
0.06434581
0.040378332
0.0064945635
0.03911002
0.031117199
0.045818575
0.10056555
0.08938929
0.025302785
0.054733858
0.097968966
0.023738857
0.059030734
0.05393186
0.058069795
0.01945887
0.046836957
0.13504301
0.09486567
0.042778887
0.07747979
0.052438926
0.02991267
0.13655467
0.18207929
0.16269985
0.09327138
0.052270114
0.14383389
0.20364426
0.13349771
0.042878848
0.03824541
0.03402021
0.071494885
0.12283094
0.0699338
0.12142919
0.047159333
0.0949264
0.09182282
0.07125507
0.111765824
0.061784852
0.048909806
0.058569804
0.06476204
0.06417534
0.036640726
0.048256055
0.08700088
0.091282226
0.053666893
0.07348901
0.13184814
0.13392887
0.08822788
0.0768852
0.07863417
0.16265629
0.09570078
0.038643338
0.06415952
0.060383577
0.07977801
0.13365547
0.1879696
0.13318953
0.13869269
0.12630334
0.062295575
0.0233728
0.06778937
0.12175343
0.04032879
0.11583439
0.15523766
0.026113326
0.06965423
0.07492498
0.08360593
0.091183566
0.11430692
0.07585507
0.06285448
0.131289
0.17620966
0.12305461
0.09979302
0.02834525
0.091509715
0.07028991
0.041264556
0.05919552
0.047367573
0.048955318
0.026810605
0.11491046
0.22347155
0.13875224
0.039180048
0.06786616
0.042871136
0.037784908
0.06864273
0.08840632
0.050567318
0.036328025
0.05463475
0.07356662
0.085240245
0.13896817
0.13380897
0.06383018
0.019065723
0.09560555
0.09299004
0.040272143
0.034686223
0.052276477
0.033081647
0.059601057
0.096499845
0.084842026
0.035638794
0.03194041
0.07103419
0.12280642
0.15213256
0.25871742
0.3106677
0.27402627
0.26546085
0.17659394
0.10665342
0.065763734
0.057826336
0.041864943
0.07229278
0.12650336
0.010366485
0.14692433
0.16161118
0.065861635
0.04235531
0.09662233
0.14798431
0.15026164
0.13538721
0.06720126
0.072650865
0.11557914
0.11603039
0.0852797
0.08383733
0.0421662
0.038771287
0.096371815
0.07434338
0.027071351
0.028330067
0.017519156
0.06193819
0.1305622
0.12911047
0.097519465
0.047113918
0.009895135
0.040276192
0.043222174
0.03923401
0.108471945
0.11972286
0.070305265
0.15109521
0.12573959
0.07667487
0.08170759
0.08869671
0.012714605
0.018920662
0.06759306
0.10408125
0.05076887
0.043896206
0.030344082
0.060663007
0.045655254
0.06951569
0.05075922
0.032399856
0.0965693
0.105449565
0.09757244
0.036174472
0.08344497
0.12223469
0.12283738
0.077934444
0.020878721
0.0022885383
0.07552744
0.15313804
0.15934162
0.08868976
0.030413756
0.052855268
0.019131644
0.057383455
0.027722295
0.043703012
0.08065243
0.04778868
0.08800385
0.13077481
0.030815704
0.15524065
0.083860606
0.048945513
0.021555891
0.098417595
0.07209374
0.03846115
0.06905335
0.021761775
0.13899708
0.1298876
0.020690734
0.077708155
0.020222442
0.08173216
0.09203315
0.043722373
0.04338158
0.058098413
0.0843477
0.047791462
0.05180886
0.0164528
0.053204894
0.06195187
0.061784156
0.07290392
0.0758688
0.059630584
0.09031243
0.114883594
0.11293071
0.051251564
0.090523295
0.057666764
0.026323572
0.075757146
0.083181284
0.041526884
0.07320614
0.12651193
0.12580413
0.041968826
0.028259672
0.051351152
0.08949072
0.098005354
0.06487946
0.03735193
0.039471157
0.0965143
0.052420046
0.13128746
0.19186789
0.109361455
0.046000212
0.15024498
0.21514426
0.16655083
0.106427595
0.092041455
0.017389359
0.18371156
0.24029562
0.10611067
0.10477459
0.13588803
0.057466496
0.07946845
0.07018
0.05024761
0.023592463
0.0801083
0.12727323
0.14252457
0.05859174
0.046609085
0.01265871
0.065281406
0.08650711
0.1463781
0.09593968
0.0988109
0.08647074
0.062411543
0.048384123
0.09704628
0.108396284
0.07674337
0.03679287
0.059265774
0.07013637
0.13870142
0.15486772
0.09671672
0.124563105
0.0971601
0.0687004
0.10516983
0.12965235
0.12374229
0.031709205
0.056282744
0.05489545
0.06304526
0.15098496
0.08525384
0.02017287
0.10534431
0.0564143
0.06101405
0.07720927
0.04878657
0.019844707
0.05917846
0.078402616
0.028857706
0.05809257
0.053493407
0.038188666
0.04112219
0.057490908
0.046702933
0.048766322
0.0850888
0.09587338
0.1375566
0.07400544
0.10231397
0.1493536
0.12259119
0.09429114
0.07560812
0.07385625
0.08992274
0.0631008
0.10001755
0.15083899
0.07944437
0.08373403
0.050340265
0.10507056
0.013079048
0.04894459
0.041617576
0.039663844
0.093054265
0.11548725
0.08297514
0.080731645
0.07331064
0.055136982
0.04943421
0.07938001
0.11062242
0.07823684
0.08855634
0.13925038
0.026050696
0.15985797
0.27125707
0.20328222
0.031177206
0.04617003
0.02482008
0.057007965
0.09040094
0.08461494
0.16237013
0.21720992
0.095553204
0.20824066
0.272489
0.11402109
0.08504252
0.17313734
0.12955062
0.057230923
0.021284005
0.0070508565
0.053974494
0.09416693
0.06321899
0.08041349
0.04220545
0.06252697
0.046697028
0.04238228
0.04558234
0.05954951
0.09177132
0.13045909
0.113696165
0.13636674
0.11825824
0.13669364
0.14800689
0.025205636
0.07843214
0.11555901
0.059860356
0.029307788
0.051621873
0.11883364
0.12117369
0.05533833
0.04094592
0.11066588
0.06179402
0.08770534
0.07993198
0.075836904
0.09676987
0.09538454
0.0814668
0.017359698
0.0563348
0.045712195
0.06019478
0.042065393
0.0693334
0.043509185
0.025736067
0.040453054
0.027944438
0.08631685
0.1129126
0.047918133
0.04259578
0.057280604
0.08023265
0.113148466
0.10193775
0.087416574
0.024031589
0.042971514
0.06201601
0.036100514
0.061363626
0.034833893
0.062175695
0.052599642
0.11178644
0.15259072
0.11553184
0.08347276
0.034769814
0.0711841
0.07120307
0.031497795
0.08383137
0.17269328
0.10669959
0.051606547
0.05724516
0.046217367
0.022602182
0.06937228
0.09089662
0.07447642
0.03277155
0.076305814
0.07503168
0.02814742
0.019209348
0.08221414
0.04461143
0.057466023
0.07693813
0.11259808
0.076856725
0.17632537
0.092825234
0.055449437
0.09319392
0.13310458
0.19155832
0.17076175
0.10140039
0.04209458
0.038427535
0.05093197
0.038883824
0.032237913
0.038354352
0.10715802
0.10568201
0.10860978
0.23206615
0.2108219
0.13829373
0.097882695
0.07059404
0.10461729
0.20084716
0.1663653
0.1281743
0.3210372
0.25775045
0.18367386
0.13251966
0.047490723
0.11191882
0.08227675
0.051195823
0.03974662
0.05604231
0.0853624
0.08111494
0.03717272
0.061044157
0.09527451
0.046140015
0.00630179
0.023760201
0.051829856
0.1991325
0.21534204
0.19637622
0.015999198
0.085640796
0.07157403
0.056642078
0.09825122
0.14577572
0.038897846
0.053936627
0.07117034
0.09144921
0.042784214
0.00464754
0.021591363
0.053599034
0.17770642
0.22198214
0.19092384
0.331558
0.2685795
0.08809129
0.07688591
0.02527607
0.086104214
0.10360272
0.060909007
0.06930667
0.07099169
0.07681167
0.1631226
0.19308768
0.26889881
0.27303976
0.11068421
0.07437836
0.15904935
0.16865647
0.12591097
0.05130091
0.040632617
0.06857819
0.083306946
0.07937447
0.0729337
0.097873494
0.048414346
0.20589125
0.22878163
0.12770219
0.19281752
0.12484121
0.11170998
0.114073105
0.07300434
0.07033536
0.20201378
0.17571484
0.03840424
0.0482631
0.16155255
0.100620694
0.06231038
0.0971887
0.09615957
0.04203152
0.047032304
0.034087263
0.05701737
0.07548304
0.044507697
0.027779259
0.042336345
0.051493965
0.11554625
0.12819575
0.0509683
0.10245521
0.056514315
0.0291697
0.005598113
0.05637675
0.089915134
0.118759364
0.19552438
0.1720602
0.12124763
0.1750454
0.18224122
0.25428426
0.15827465
0.020746715
0.13267626
0.23460156
0.17740259
0.04150673
0.05437782
0.18585846
0.14206935
0.057304937
0.07002168
0.08124088
0.11800652
0.19778076
0.15401728
0.059341438
0.06287032
0.04103245
0.1578458
0.12657335
0.080046296
0.09621347
0.14295682
0.056604497
0.10554587
0.12667261
0.12593065
0.13595842
0.14255884
0.124531165
0.12714702
0.14953981
0.14751513
0.07330078
0.03161096
0.10377271
0.14005643
0.14597431
0.18396159
0.1083465
0.1415492
0.13843627
0.05929656
0.038461167
0.048254676
0.09224
0.06459218
0.053388007
0.17083193
0.19267464
0.14546011
0.08721085
0.067057125
0.08797051
0.02405742
0.059373133
0.035324458
0.030908512
0.016737252
0.07380135
0.05142069
0.07793308
0.19004942
0.26062575
0.19792204
0.064019576
0.04918638
0.026076261
0.026317086
0.16939728
0.38449177
0.32856628
0.13113916
0.05217317
0.066886365
0.25414425
0.46293366
0.45344484
0.20728578
0.2572463
0.19380513
0.009534134
0.31713456
0.34770712
0.12552464
0.10768277
0.07911676
0.03236778
0.08697876
0.18433318
0.16293007
0.14173609
0.10436327
0.04650917
0.08521219
0.05518884
0.14159065
0.08570362
0.05080496
0.12037591
0.09210872
0.022127923
0.0143278185
0.049750328
0.1673409
0.11283945
0.022112327
0.039522108
0.08719822
0.08672874
0.11743637
0.06957578
0.09280878
0.11240164
0.12455873
0.04641448
0.0048791287
0.043576986
0.08103048
0.102556534
0.12645616
0.035659824
0.08285879
0.06966233
0.082514025
0.15511739
0.14527193
0.062019445
0.11780816
0.07318845
0.040101945
0.030830948
0.024873635
0.03276395
0.054607924
0.056715056
0.039210476
0.021828702
0.0183403
0.008024562
0.03530696
0.06655233
0.02676367
0.022860026
0.081267
0.12634514
0.0773069
0.005524396
0.040648747
0.099080645
0.109512486
0.100480095
0.08253306
0.08389111
0.09610854
0.08036218
0.029264547
0.06443166
0.06367379
0.05165864
0.028254285
0.05355468
0.09850937
0.120597415
0.08002855
0.03743992
0.05968715
0.0687575
0.1285213
0.13299656
0.108959585
0.10278963
0.057232115
0.09346702
0.13454935
0.10789112
0.08030495
0.13389713
0.07486275
0.07246404
0.11359089
0.11959308
0.1506494
0.12733157
0.059195843
0.05377499
0.14216787
0.15573016
0.0689264
0.055822354
0.10183267
0.088474825
0.032799337
0.11412375
0.10248871
0.038284115
0.022669416
0.12114898
0.1589526
0.048998408
0.03673814
0.022935638
0.102871835
0.121129364
0.013980794
0.09969294
0.1207171
0.14036694
0.038022712
0.08941827
0.077574186
0.024888229
0.09769117
0.08243633
0.06478943
0.020666432
0.11887982
0.13649279
0.11848188
0.15107289
0.04215907
0.081607856
0.06831956
0.09091777
0.122565344
0.02762079
0.05917219
0.06418958
0.052504018
0.15821552
0.13296741
0.057370383
0.09074465
0.11625705
0.10931266
0.066724665
0.07951214
0.08228979
0.05720358
0.12701122
0.072325006
0.03190157
0.023724023
0.067058355
0.15015726
0.11980407
0.11402122
0.109204374
0.029389622
0.09936396
0.03613309
0.073717535
0.08196754
0.09726336
0.044557154
0.07953528
0.05336317
0.02290434
0.009421973
0.06337299
0.10296077
0.058069818
0.022920799
0.073970616
0.056910783
0.10613071
0.15093012
0.14345552
0.074751556
7.844836E-4
0.07995189
0.09154653
0.029952688
0.10522015
0.05443622
0.048975542
0.041680105
0.13799238
0.075215295
0.025881728
0.06438618
0.121272676
0.111939564
0.0143819945
0.13357735
0.12574469
0.08376447
0.13001904
0.14704038
0.066349305
0.047934026
0.065716885
0.087414876
0.08469684
0.09667102
0.051694423
0.16350186
0.18275598
0.12478169
0.013993465
0.083847545
0.045798823
0.06042871
0.023993898
0.07255934
0.041499622
0.06262344
0.08482332
0.101520516
0.12829524
0.12794676
0.20653503
0.11692673
0.054950483
0.09377426
0.07986882
0.08871075
0.08387861
0.08246272
0.049404483
0.06441385
0.0704517
0.10620525
0.102502875
0.061972883
0.03438936
0.07996851
0.056667782
0.041825313
0.09209685
0.12923218
0.09300214
0.031404052
0.037599687
0.05826754
0.037912432
0.08619291
0.053302135
0.089577295
0.053776346
0.009314606
0.049391527
0.07843317
0.10371344
0.019695867
0.06571014
0.022284837
0.049510032
0.054960202
0.020271411
0.06904745
0.08315679
0.016686898
0.056446534
0.061988734
0.084475085
0.08026684
0.0644389
0.084614106
0.12230967
0.09496548
0.086179614
0.031859808
0.0711089
0.0398685
0.04583039
0.017865745
0.0975927
0.07684851
0.030301368
0.028325634
0.086664386
0.107009515
0.071367726
0.030604402
0.048943464
0.10753275
0.15353453
0.121601894
0.023126809
0.0626925
0.1321887
0.14840814
0.06305936
0.018658776
0.022647878
0.025864314
0.052721787
0.07541742
0.08918217
0.021424904
0.10128259
0.087564506
0.028745627
0.017787091
0.045878984
0.02938033
0.020450873
0.01998467
0.03284575
0.06292046
0.08951584
0.102416106
0.04638919
0.059778754
0.06498787
0.035048585
0.033240937
0.04108093
0.081524804
0.10601291
0.07520873
0.05362308
0.07410908
0.061648216
0.047875844
0.03298664
0.02225005
0.06613274
0.058960434
0.03035206
0.06079694
0.04582852
0.07255148
0.055597413
0.041897472
0.040782105
0.0644754
0.041896358
0.024359105
0.028398402
0.05374808
0.027509747
0.046225317
0.07518372
0.070393324
0.045678455
0.028512739
0.034787778
0.0444076
0.046896916
0.047009416
0.043986134
0.0063216467
0.030676274
0.0818582
0.07744619
0.04608007
0.049059857
0.026901517
0.048173726
0.059396878
0.041466035
0.04342432
0.023679309
0.015114848
0.008926196
0.034520205
0.035714988
0.023346532
0.009533967
0.07406344
0.08746826
0.067270525
0.049383163
0.049561277
0.07861862
0.040019218
0.054568708
0.043737933
0.0423845
0.0536924
0.044544805
0.06254508
0.05776704
0.04748981
0.039491814
0.038311586
0.048237883
0.03335949
0.033847686
0.07006126
0.04575948
0.045429196
0.06128868
0.05972248
0.028522227
0.038449205
0.03351368
0.004424867
0.03874693
0.039722893
0.01829122
0.06267116
0.047274932
0.032369804
0.027497815
0.05631501
0.014685839
0.015964242
0.05211832
0.03468188
0.031281024
0.028574053
0.020781333
0.021919606
0.027345173
0.03745979
0.043360192
0.04354411
0.039127517
0.011057741
0.0447779
0.0716029
0.07335727
0.06270371
0.09985595
0.08099331
0.050329357
0.06499814
0.041634437
0.008883755
0.03800942
0.08383942
0.10176082
0.08787205
0.056580544
0.055014584
0.04394482
0.0057512783
0.01989124
0.030628473
0.04380641
0.0107000265
0.019393358
0.027246429
0.06199829
0.04389669
0.01007856
0.015527963
0.021759856
0.024068082
0.038231794
0.040313162
0.05190149
0.04342333
0.0224631
0.014337009
0.024879899
0.056044515
0.040677488
0.028992105
0.045902103
0.03605364
0.01126496
0.03271229
0.030597726
0.0067948564
0.012146041
0.003051847
0.0030518398
0.003051829
0.0
0.0
0.0
0.00915525
0.0030517213
0.009155067
0.009154959
0.0
0.006103141
0.0030515236
0.0061029466
0.0030514195
0.003051362
0.003051301
0.0
-0.003051168
0.003051096
0.0030510207
0.0061018835
0.009152577
0.0
0.003050683
0.0
0.0061009857
0.012201569
0.0061005764
0.0
0.0
0.003049954
0.015249178
0.015248568
0.012198351
0.006098917
0.0030493257
0.0030491892
0.0030490493
0.012195623
0.015243792
0.006097215
0.0060969065
0.0
0.0030481338
0.015239844
0.012191201
0.0060952557
0.0030474518
-0.006094545
0.0
0.0060938057
0.009140138
0.012186076
0.0
0.0
0.0
-0.006091416
0.0060909926
0.009135843
0.0060901246
0.00608968
0.0
0.0030443843
0.0
0.0030439147
0.012174698
0.0030434304
0.009129549
0.009128796
0.0030426774
0.006084839
0.0060843155
-0.0030418923
0.0
0.0030413512
0.0030410753
0.0060815914
0.0030405126
0.003040226
0.0030399356
0.0030396418
0.006078689
0.0060780873
0.006077478
-0.003038431
-0.006076239
-0.0060756085
-0.0030374855
0.0030371633
0.0030368373
0.0030365079
0.00607235
-0.0030358385
-0.0030354983
0.003035155
0.0030348075
0.012137827
0.0
-0.0060674897
-0.0030333833
-0.0030330184
0.0030326499
0.006064556
0.006063805
0.012126093
0.0060622813
0.0
0.009091094
0.0030299714
0.0030295746
0.0030291742
0.0030287702
0.0030283628
0.0030279518
0.0
0.0030271192
0.0
-0.0030262724
0.0030258438
0.0060508233
0.006049952
0.0030245367
0.003024094
-0.0030236477
-0.0030231979
0.0
0.0030222875
0.0060436544
0.0060427263
-0.0030208959
0.0
0.0030199504
0.0030194724
0.009056972
0.0030185059
0.0060360343
0.0060350504
-0.0030170297
0.0
0.006032056
-0.003015522
-0.0030150122
-0.003014499
-0.0030139827
0.0030134625
0.003012939
0.0
0.0
-0.003011347
-0.0030108094
0.0
0.0060194475
0.0
-0.003008624
-0.003008069
0.0
0.0090208445
0.006012765
0.0
0.009015723
0.0
0.0060081715
0.009010509
0.0060058325
0.006004653
0.009005199
0.0030011362
0.0030005358
0.008999796
0.014996624
0.008996142
0.0029981
0.0029974822
0.005993722
0.008988709
0.008986825
0.014974884
0.0059886836
-0.0029937034
-0.005986123
-0.002992416
0.0059835347
0.008973345
0.0059809186
0.0059796004
0.0
-0.0029884714
-0.002987802
-0.0029871291
0.0029864528
0.002985773
0.0029850898
0.002984403
0.0029837128
0.0029830192
0.0
0.005963244
0.0059618363
0.011920843
0.0029795002
-0.0029787861
0.0
-0.0029773477
0.0029766234
0.008927686
0.0059503284
0.0059488593
0.0029736916
0.0
0.0029722054
0.0029714573
0.0
0.0029699504
0.0
0.0029684303
0.002967665
0.0029668964
-0.0029661243
0.002965349
0.0059291404
0.005927576
0.005926005
0.0029622135
0.0
-0.008881876
-0.0029598265
0.002959024
0.008874654
0.008872227
0.0029565962
-0.0029557804
-0.008864883
-0.0029541384
0.0029533124
0.005904966
0.0029516502
0.0
0.0029499745
0.0029491317
0.0029482855
0.002947436
0.002946583
0.002945727
0.0029448674
0.0
0.0
0.0029422687
0.0058827917
0.0029405195
0.0
-0.0029387572
0.0
0.0029369814
0.008808265
0.0029351923
0.0
-0.00586678
-0.0058649676
0.0
0.0029306617
0.0029297455
-0.0029288263
-0.005855807
0.0
0.0029260484
0.008775347
0.00292418
0.0
-0.0058445963
-0.005842705
-0.0029204036
0.002919451
0.0
0.0029175368
0.0
0.0
0.0029146406
0.0029136685
0.0029126934
-0.0058234297
-0.0058214664
-0.0058194962
0.0
0.008723306
0.008720321
0.0
-0.005809549
-0.011615079
-0.005805524
0.0
0.0029007369
0.0028997194
-0.008696096
-0.017386049
-0.008689943
0.0
0.005789167
0.005787093
0.0
-0.0057829265
-0.00867125
-0.008668101
0.0028883142
0.002887258
-0.0057723974
-0.0057702726
-0.005768141
-0.005766003
0.0028819295
0.002880854
0.0028797756
-0.0057573877
-0.008632827
-0.011506083
-0.008626289
0.0
0.0028732377
0.002872137
-0.005742066
-0.014349629
-0.008606447
-0.0057354043
0.0
0.0028654658
0.0
-0.005726434
-0.008586263
-0.0028609554
0.00285982
0.0028586814
0.0028575396
0.0
-0.00856574
-0.005708191
0.0028529412
0.0057035675
0.0057012467
0.0028494596
-0.0028482927
-0.008541369
-0.0113838
-0.002844774
0.0028435946
0.0028424123
0.002841227
-0.0028400384
-0.011355387
-0.008512956
0.0
0.0028352535
0.005668099
0.0
-0.008494898
-0.008491258
-0.0056584063
0.0
-0.0028267615
-0.002825536
-0.008472922
-0.011292304
-0.008465524
-0.0028206035
-0.002819363
-0.0056362385
-0.01126749
-0.014078112
-0.0056287395
0.0
-0.002811855
-0.002810593
-0.011237311
-0.01684836
-0.014033944
-0.0056110295
-0.0028042379
0.0
0.0
-0.005600777
-0.005598199
-0.0055956147
-0.0027965123
-0.0027952143
0.0
-0.0027926092
-0.0055826046
-0.0055799843
-0.008366038
-0.0027873632
0.0027860445
0.0027847225
-0.0027833977
-0.00834621
-0.011122957
-0.008338217
0.0
-0.0027767292
-0.0027753867
-0.0027740411
-0.008318078
-0.0027713412
-0.002769987
-0.00553726
-0.0055345395
-0.00829772
-0.008293622
-0.0055263434
-0.0055235997
-0.0027604252
-0.005518095
-0.008273001
-0.005512567
-0.005509794
-0.0027535078
-0.0027521157
-0.0027507208
-0.005498646
-0.008243767
-0.008239555
-0.008235335
-0.005487405
-0.0054845805
-0.0027408751
-0.0027394572
-0.0027380362
-0.0027366127
-0.0027351861
0.0
0.0027323244
0.0027308895
-0.0027294515
-0.0027280108
-0.0054531344
-0.0054502413
0.0
0.0027222193
0.0027207646
0.0054386137
-0.0054356926
-0.00814915
-0.010859668
0.0
0.010847906
0.002710502
0.0
-0.010830179
-0.008118185
-0.0054091522
0.0027030879
0.005403193
-0.0054002055
-0.008095818
-0.008091319
-0.0026956042
-0.0026940994
-0.0026925916
-0.0026910813
-0.002689568
0.0
-0.0053730668
-0.008055036
-0.0053669754
-0.005363922
-0.0053608627
-0.005357798
-0.008032092
-0.0053516524
0.0
-0.0053454856
0.0026711968
-0.0026696483
-0.010672389
-0.010666173
-0.00799496
0.0
0.0
0.0026603006
-0.0026587334
-0.00797149
-0.007966773
-0.005308031
0.0026524374
-0.002650857
-0.0026492737
-0.007943063
-0.007938297
-0.005289016
-0.0026429142
0.0052826353
0.005279437
0.002638117
-0.0026365127
-0.013174529
-0.010533185
0.0
0.005260139
0.007885356
0.005253664
-0.005250419
-0.010494337
-0.00786587
0.0
0.0026186935
0.002617058
0.0026154201
-0.0026137796
-0.007836409
-0.007831472
-0.0026088424
-0.0026071917
-0.0026055383
-0.005207765
-0.005204448
-0.0052011264
-0.0025988996
0.0051944675
0.00519113
0.005187788
0.0025922204
-0.0025905445
-0.007766598
-0.0051743696
0.0
0.0051676305
0.005164253
-0.0025804355
-0.002578742
-0.002577046
0.0
0.005147293
0.0051438864
-0.0051404745
-0.007705587
-0.0051336363
-0.002565105
0.0025633893
0.0
-0.0025599506
0.0025582276
0.0025565021
0.0051095486
0.002553044
0.0
0.002549576
0.0025478385
0.0025460985
0.0025443563
0.0
0.0
0.002539115
0.005074726
0.0025356088
0.0025338521
0.002532093
-0.0025303317
0.0025285678
0.0050536036
0.0050500664
0.0075697876
0.007564468
0.0050394274
0.0050358716
0.0025161556
0.002514373
0.0025125882
0.0
0.0
0.0
0.0025054256
0.0025036293
0.005003661
0.005000059
0.0
0.0
0.0
0.004985605
0.00747297
0.0049783504
-0.0024873582
-0.002485539
-0.0024837174
0.0
0.0049601356
0.0049564787
0.0049528177
-0.0024745762
0.0
0.002470904
0.004938129
0.004934446
-0.002465379
-0.0024635328
-0.0024616846
0.002459834
0.004915963
0.004912253
0.004908539
0.0049048206
0.0049010976
0.0024486852
-0.0024468193
-0.0024449513
0.0048861625
0.009764836
0.004878669
0.002437458
0.0024355792
0.0
0.0024318153
0.012149651
0.004856086
-0.0024261535
0.0
0.0
-0.0024204727
0.0096742995
0.012083374
0.0024147728
0.0024128687
0.0
0.0
0.0024071436
0.0
0.0048066336
0.0024014001
-0.0023994814
0.0
-0.002395638
0.0023937132
0.009567145
0.009559429
0.0023879264
0.0023859935
0.0
0.0023821215
0.004760365
0.009512966
0.0071288953
0.00712306
0.0023724062
0.0
0.0047370126
0.0070996596
0.0047291964
0.0023626413
0.0
0.0
0.0
0.0023547937
0.004705654
0.0023508584
0.0070466627
0.007040745
0.0023449406
0.007028892
0.0046819714
0.0
0.0
-0.0023350392
0.0
0.0023310652
0.0
0.004654167
0.00232509
0.0023230945
0.0
0.0
0.0023170968
0.002315094
0.002313089
0.006933247
0.002309074
0.0
0.0069151544
0.0023030373
0.0069030644
0.0022990038
0.0022969844
0.006884889
-0.00229294
-0.00458183
0.0022888882
0.0
0.006854488
0.0068483916
0.0
0.0
-0.0045533804
0.002274651
0.00227261
0.0022705672
0.0022685227
-0.0090659065
-0.0045288573
0.0022623788
0.004520655
0.0022582742
0.0
0.0
0.0022521045
0.0022500444
0.0
0.0
0.0
0.0
0.0
-0.0022376485
0.0
0.0
0.002231428
0.0
0.0
0.0
-0.0022231105
0.002221027
0.0
0.0
0.0066443
-0.002212677
-0.0022105852
0.002208492
-0.0022063972
0.0044086017
0.0044044056
-0.0022001031
0.0
0.0
0.0
0.0021916889
0.0
0.0
0.0021853617
0.0021832495
0.0043622716
0.0
-0.0021769037
0.0
0.0021726657
0.0021705441
0.0021684214
0.0021662968
-0.002164171
-0.0021620435
-0.0021599147
-0.0021577843
0.0021556523
0.0043070377
0.004302768
0.0021492478
0.0
-0.006434912
-0.00428566
0.0021406878
0.0
0.002136399
0.0
-0.0021321047
0.0
0.004255609
0.0042513045
0.0
-0.0042426875
-0.0063575623
0.0
0.0042297407
0.0
0.0
0.0
-0.0021062198
-0.0021040535
-0.002101886
-0.0020997173
0.0
-0.0020953757
0.0
0.0
-0.0020888532
-0.0020866764
-0.006253495
-0.006246956
-0.002080138
0.0
-0.0020757725
0.0
-0.0062142056
-0.006207644
-0.0020670262
-0.0020648362
0.0020626453
0.0
0.0
0.0
-0.0020538683
-0.006155013
-0.0061484175
-0.0020472726
0.0
-0.0020428693
-0.0061219977
-0.0061153835
-0.008145021
0.0
0.00203184
0.0020296304
0.0
-0.004050416
-0.002022995
-0.0020207807
0.0
0.0020163488
0.0
-0.0020119124
-0.0060290773
-0.0060224137
-0.002005249
-0.0020030257
0.0020008013
0.0019985756
0.0
-0.0039882422
-0.0059756762
-0.0019896622
-0.001987431
0.0
0.0
-0.003961462
-0.0079139825
0.0
0.0019740216
0.0
0.0019695433
-0.0019673028
-0.0039301217
-0.005888454
-0.003921149
0.003916659
0.003912167
0.0
0.0
-0.00779736
-0.0038941803
0.0
0.0019425874
0.0038806694
0.0019380808
0.0
-0.0019335703
0.0
0.0019290559
0.005780392
0.0019245378
-0.0038445545
-0.0038400318
-0.0038355072
0.0
0.0019132261
0.003821922
-0.00381739
-0.009532141
-0.0038083205
0.0019018917
0.003799244
0.0018973516
0.0018950802
0.0
-0.001890535
-0.0018882611
0.0
0.0
0.0018814342
0.0
-0.0018768788
-0.0018745998
0.0
0.0018700395
0.001867758
0.0
0.0018631929
0.0
-0.0018586244
-0.001856339
0.0018540529
0.001851766
0.0
0.0
-0.0018449007
0.0018426107
0.00368064
0.0018380285
0.0
0.0018334434
0.0
0.0018288554
0.0
0.0
0.0
-0.0018196709
0.0
0.0018150745
0.0018127753
0.0018104754
0.0018081748
-0.0018058736
-0.0018035716
-0.0036025383
-0.0017989659
0.001796662
-0.0017943576
-0.0017920524
0.0
-0.0035748808
-0.0053554
-0.0017828258
-0.0017805176
-0.0035564175
-0.0017758994
0.0
0.0017712789
0.0017689677
0.0017666561
0.0017643437
0.0017620309
-0.003519435
-0.0035148072
-0.003510178
-0.005258322
-0.003500917
0.0
-0.0034916515
-0.0034870172
-0.003482382
-0.0034777457
-0.0034731084
-0.0034684702
-0.0034638308
-0.0034591907
-0.0017272747
-0.0034499073
-0.0034452642
0.0017203101
-0.0017179876
0.0
0.0017133413
-0.005133053
-0.0017086933
0.0017063686
0.0017040435
0.005105154
0.0
-0.0033941315
-0.001694739
-0.0016924118
0.0016900843
0.0016877564
0.0016854281
0.0016830994
0.0016807704
-0.003356882
-0.0033522225
0.0
0.0
0.0
-0.0016667887
-0.0016644573
0.0
0.0
0.0016574608
0.0016551281
0.001652795
0.0016504617
0.0
0.0
-0.0016434599
0.0016411254
0.0032775812
0.0016364555
0.0
-0.0016317847
0.0
0.0016271129
0.00487433
0.0048673204
0.0016201034
0.0
-0.0032308586
-0.0016130919
0.0
0.0016084164
0.003212157
0.0016037404
0.0
-0.0015990634
-0.0031934495
-0.0015943858
0.0031840936
0.0063588307
0.0015873683
0.0
0.0
0.0
0.0047340286
0.0015756695
0.003146659
0.0
-0.0015686488
0.0
0.0015639679
0.004684882
0.003118573
0.0015569457
0.0015546049
0.001552264
0.001549923
0.0
0.0015452408
0.0015428996
0.0
0.0030764344
0.001535876
0.0
0.0015311934
0.0045865565
0.0045795324
0.0045725084
0.0045654844
0.0
0.0015171455
0.0015148043
0.0030249262
0.0045303656
0.0030155615
0.0030108793
0.0
0.0015007575
0.0014984165
0.0014960757
0.0044812043
0.0029827883
0.0029781067
0.0014867128
0.0
0.0
0.004439075
0.0044320542
0.0044250344
0.0029453428
0.0014703316
0.002935984
0.0014656524
0.001463313
0.0
0.0014586346
0.0029125912
0.0043618707
0.0029032365
-0.0014492797
-0.002893883
0.0
0.0028845312
0.0028798557
0.0028751807
-0.0014352531
-0.002865832
-0.0014305791
0.0014282425
0.0042777183
0.00284714
0.0028424682
0.0
-0.0014165629
0.0
0.004235679
0.0070477915
0.001407224
-0.0014048899
-0.0042076684
-0.002800445
0.0013978893
0.002791113
0.0055728955
0.0
0.0
0.0
-0.0013838967
0.0027631314
0.0027584701
0.0027538096
0.0
-0.0013722453
-0.001369916
0.0
0.0
0.0013629305
0.0040818085
0.0013582754
0.0
-0.001353622
-0.0013512959
0.0013489701
0.0053865793
0.0053772796
0.0
-0.0013396714
-0.0026746958
-0.0013350247
0.0
0.0013303797
0.0013280581
0.0
0.0026468318
0.0013210955
0.0039563267
0.003949369
0.0
0.0
0.001309501
0.0013071836
0.0013048667
0.0
-0.0013002346
-0.0012979193
0.0
0.0012932903
0.0025819533
0.0012886636
0.0
-0.001284039
0.0
0.0012794167
0.0012771065
-0.0012747968
-0.003817463
0.0
-0.0012678714
0.0
0.0012632573
-0.0012609513
-0.0012586459
0.0025126822
0.0037621106
0.0037552002
0.002498861
-0.0037413847
-0.0037344801
-0.0037275774
-0.0012402255
0.001237926
0.0024712542
0.0
-0.003693094
-0.0012287345
-0.0012264384
-0.001224143
0.0024436966
0.0024391084
0.0
-0.0012149684
-0.0036380298
-0.0012103856
0.0
0.0036174168
0.0048140674
0.0
-0.0035968241
-0.0047866195
-0.0011943692
0.0023841683
0.0035693997
0.002375033
0.0023704679
-0.0023659042
-0.0023613423
-0.0011783909
0.0011761115
0.004695332
0.004686221
0.0023385568
-0.0011670024
-0.0023294543
-0.0011624529
0.0023203585
0.00347372
0.0023112698
0.0023067282
-0.001151094
-0.0022976499
-0.0011465566
0.0022885785
0.004568091
0.0022795144
0.0
-0.0022704578
-0.0022659323
0.0
0.0022568866
0.004504733
0.0022478483
0.001121666
-0.0011194089
0.0
0.0
0.0
0.0022207797
0.0011081374
0.0011058861
0.0011036358
0.0
0.0010991379
0.0032906719
0.0032839328
0.0010923989
0.0010901546
0.0010879113
-0.001085669
0.0010834278
-0.0010811876
0.0
0.0021534208
0.0032234201
0.0032167123
0.0010700026
-0.0021355373
-0.0010655359
0.0
0.0
0.005294221
0.0031698474
0.0010543886
0.0
-0.0010499373
0.0031431403
0.0010454906
0.0
0.0
-0.001038829
0.0
-0.0020687873
0.0
-0.001029963
-0.0020554988
0.0010255369
-0.0010233257
-0.0010211156
0.0010189067
-0.002033398
-0.0010144925
-0.0010122872
-0.0020201663
-0.0010078803
-0.003017036
-0.0020069564
0.001001279
9.990811E-4
9.968844E-4
0.0
-0.0019849893
-0.0019806034
-0.0029643301
-0.0029577587
9.837304E-4
0.0
0.0
0.0
-0.0019499732
-0.0019456077
0.0
9.684423E-4
9.6626347E-4
-0.001928172
-0.0028857295
-0.002879205
-0.001915123
9.553893E-4
9.532185E-4
9.5104903E-4
0.0
-0.0028401425
-0.0037781948
-0.002827154
-0.001880444
0.0
0.0
0.0
-0.0027947556
-0.003717718
-0.0027818256
-0.0018502446
9.229708E-4
9.2082075E-4
0.0
-0.0018330498
-0.0036575163
-0.0027367042
-9.1009185E-4
0.0
9.0581045E-4
-0.0018073438
-0.0036061394
-0.0017987984
-8.9726516E-4
-8.951325E-4
-8.930013E-4
0.0
-8.887435E-4
0.0
8.8449166E-4
0.0
-0.0026407377
-8.7812525E-4
0.0
0.0
8.717726E-4
0.0
-8.6754514E-4
-0.003461735
-0.0017266478
0.0
-8.591089E-4
-8.570038E-4
-8.549002E-4
-8.527982E-4
0.0
8.48599E-4
8.465018E-4
0.0
-8.423121E-4
-8.402197E-4
0.0
-8.360398E-4
-8.339522E-4
-0.0016637326
-0.003319128
-0.0016553988
-8.2561834E-4
0.0
8.214613E-4
8.193853E-4
0.0
8.1523816E-4
-8.1316713E-4
-0.0016221956
-8.090301E-4
8.069641E-4
0.0016097996
0.0
-0.0016015526
-0.0015974343
-7.966597E-4
7.946039E-4
7.9254986E-4
-0.001580995
-0.002365341
-0.0015727963
0.0
7.8230567E-4
0.0031210482
0.0015564404
0.0
0.0
-7.7210524E-4
0.0015401408
0.0
7.660062E-4
0.0015279535
-7.6194917E-4
-7.599233E-4
7.5789925E-4
-7.5587706E-4
0.0
0.0
-0.0022494637
-0.0014956127
-0.0022373796
-0.0014875638
0.0
-7.397649E-4
-7.3775917E-4
-0.0014715106
-7.3375326E-4
-0.0014635063
-7.297548E-4
7.277584E-4
-7.2576385E-4
-7.237712E-4
-0.0014435609
-0.0014395831
-0.0014356092
0.0
7.138364E-4
7.1185513E-4
0.0
-0.0014157968
-0.0014118458
-0.0014078987
0.0
0.0021000241
6.980403E-4
0.0
-0.002082332
-6.921488E-4
6.901889E-4
6.8823097E-4
6.8627496E-4
-6.84321E-4
-0.002729476
-0.0020412568
-6.784709E-4
0.0013530498
0.0
-6.7263877E-4
-0.0020120963
-0.002675043
-0.0013336495
-6.6489074E-4
6.6295883E-4
6.610289E-4
0.0
-0.0013143503
-0.0013105028
-6.533296E-4
-6.514099E-4
6.494923E-4
0.0
6.4566324E-4
-6.437518E-4
-0.0012836849
0.0
0.0
6.361269E-4
0.0012684518
6.32327E-4
0.0
0.0
6.2664296E-4
0.0
0.0012457282
0.0012419559
-0.0012381877
-6.172119E-4
6.153321E-4
-6.1345444E-4
0.0
6.097056E-4
-6.078344E-4
0.0
6.0409843E-4
6.0223375E-4
-6.0037116E-4
-0.0011970217
-0.0011933054
-5.947967E-4
-5.929429E-4
0.0
0.0
-0.0017621841
-5.8554974E-4
-5.8370695E-4
5.818664E-4
0.0
0.0
-5.763581E-4
-0.0017235795
-0.0011453942
-0.0017126099
-0.0011380902
0.0
0.0
0.0
0.0
-0.0011199089
-5.5814313E-4
0.0
5.5452733E-4
5.527229E-4
5.5092067E-4
-5.491208E-4
-0.0021892928
-0.0010910559
0.0
5.419443E-4
0.001080312
0.0010767399
-0.0010731725
-0.0021392195
-0.0015990776
-5.3124916E-4
0.0010589496
0.0
5.259331E-4
5.241658E-4
-5.224009E-4
-5.206383E-4
-5.188781E-4
0.0
0.0010307295
5.1361165E-4
-5.1186094E-4
-0.0010202252
0.0
5.066232E-4
0.0
5.031433E-4
0.0
-4.996731E-4
4.9794157E-4
0.0
0.0
0.0
0.0
0.0014679615
4.8760357E-4
4.858891E-4
4.841771E-4
-4.824675E-4
-4.8076038E-4
0.0
4.7735355E-4
9.513077E-4
0.0014218697
4.7226183E-4
0.0
0.0
0.0
0.0
4.6382527E-4
4.6214546E-4
9.2093623E-4
0.0
-4.57121E-4
0.0
0.0
4.5211922E-4
9.00914E-4
8.9759467E-4
-4.471402E-4
-4.4548558E-4
0.0
0.001326552
8.810741E-4
0.0
-4.372508E-4
-4.356115E-4
0.0
8.6468126E-4
4.3070907E-4
0.0
0.0
0.0
4.242086E-4
8.4517995E-4
4.2097393E-4
4.1936047E-4
4.1774963E-4
0.0
4.1453578E-4
4.129328E-4
4.113324E-4
4.0973467E-4
4.0813952E-4
0.0
0.0
-4.0336995E-4
0.0
4.0020343E-4
0.0
-3.9704752E-4
0.0
3.9390224E-4
0.0
3.9076761E-4
7.7840866E-4
3.876437E-4
-3.8608574E-4
-7.69061E-4
-3.8297792E-4
3.8142802E-4
3.7988083E-4
3.7833632E-4
3.7679455E-4
0.0
0.0
-3.721854E-4
-3.7065445E-4
-3.6912624E-4
-3.6760073E-4
0.0
3.645579E-4
3.630406E-4
0.0
3.6001418E-4
0.0
3.5699873E-4
0.0
3.539943E-4
3.5249625E-4
7.0200185E-4
6.990168E-4
3.480186E-4
0.0
0.0
0.0010306978
3.4208727E-4
3.4061138E-4
0.0
-3.37668E-4
3.3620052E-4
3.347358E-4
0.0013330957
3.3181484E-4
3.3035857E-4
3.2890512E-4
3.2745447E-4
3.2600667E-4
3.2456167E-4
3.2311952E-4
0.0
0.0
-3.1881002E-4
0.0
0.0
-3.145261E-4
0.0
-6.233689E-4
-6.2053575E-4
0.0
0.0
0.0
-6.0926063E-4
-9.096843E-4
-3.0182875E-4
3.004323E-4
2.9903874E-4
2.9764805E-4
-5.925205E-4
-5.8975077E-4
-5.869868E-4
-5.842286E-4
0.0
2.8936483E-4
0.0
-5.73254E-4
-8.5578737E-4
-8.517025E-4
-5.650843E-4
2.811864E-4
2.7983356E-4
0.0
0.0
0.0
0.0
0.0
0.0
0.0
-5.382335E-4
-5.3558085E-4
0.0
0.0
0.0
-5.250296E-4
-5.2240666E-4
-0.0010395793
-5.171786E-4
2.5728677E-4
2.5598722E-4
0.0
-5.067942E-4
-5.0421304E-4
0.0
2.4953438E-4
4.9650564E-4
2.4697426E-4
0.0
-4.888524E-4
-4.8631334E-4
0.0
0.0
0.0
-4.7621765E-4
-7.105633E-4
0.0
4.6870956E-4
4.6621903E-4
4.6373456E-4
2.306281E-4
0.0
0.0
0.0
2.257019E-4
4.4895598E-4
4.4651428E-4
2.2203937E-4
2.2082466E-4
-2.1961302E-4
-4.3680894E-4
2.1719899E-4
4.319932E-4
2.1479727E-4
4.272021E-4
2.124079E-4
4.2243573E-4
4.200618E-4
0.0
0.0
0.0
-2.0531412E-4
0.0
2.0297436E-4
0.0
2.0064706E-4
-1.9948809E-4
-5.9499673E-4
-3.9435906E-4
-3.9205985E-4
0.0
0.0
-3.851999E-4
0.0
-1.9032898E-4
0.0
5.642118E-4
-1.8694613E-4
0.0
0.0
0.0
0.0
-1.813711E-4
-1.8026559E-4
-3.5832648E-4
-1.7806406E-4
-1.7696805E-4
1.7587522E-4
0.0
-1.736991E-4
-1.7261581E-4
-5.146071E-4
-1.7045879E-4
0.0
0.0
3.3449443E-4
0.0
-3.302443E-4
-4.9219327E-4
-1.630099E-4
0.0
0.0
0.0
0.0
-1.5778546E-4
-1.5675023E-4
-1.5571823E-4
-1.5468943E-4
-1.5366387E-4
-1.5264156E-4
-6.0648983E-4
-6.024264E-4
-1.4959398E-4
-1.485846E-4
0.0
0.0
-1.4557593E-4
0.0
-1.435864E-4
0.0
0.0
-1.4062651E-4
-1.3964639E-4
-2.773391E-4
-2.7539194E-4
-1.3672565E-4
-2.7151723E-4
-5.3917937E-4
-5.3533737E-4
-2.6575426E-4
-1.3192318E-4
-1.3097253E-4
-2.6005032E-4
-2.5816215E-4
-1.2814028E-4
-1.2720277E-4
-1.2626855E-4
0.0
-2.4882003E-4
-2.4697138E-4
-2.4512934E-4
-2.4329392E-4
-2.414651E-4
0.0
1.1891366E-4
0.0
-1.17108015E-4
-2.3242034E-4
-4.6126253E-4
-1.1442443E-4
-2.2707309E-4
0.0
0.0
0.0
1.1001828E-4
0.0
-1.08279135E-4
-2.1482914E-4
-1.0655334E-4
0.0
1.0484092E-4
0.0
0.0
0.0
-1.0145623E-4
-1.0061843E-4
0.0
9.8952914E-5
9.8125194E-5
0.0
-9.647984E-5
-1.9132442E-4
-1.8969589E-4
0.0
1.8645906E-4
9.2425376E-5
1.832492E-4
0.0
-1.8006636E-4
-8.924254E-5
-8.845529E-5
0.0
8.689092E-5
0.0
-1.7068023E-4
-1.6913959E-4
-1.6760573E-4
-8.303934E-5
8.2279206E-5
0.0
0.0
-8.001921E-5
-2.3781802E-4
-1.5705911E-4
0.0
0.0
0.0
-1.5118232E-4
-2.9946037E-4
-7.414244E-5
0.0
0.0
7.1995004E-5
0.0
-1.4116097E-4
-1.3975674E-4
6.917968E-5
-6.848442E-5
-6.7792585E-5
0.0
6.641923E-5
0.0
6.505961E-5
6.438496E-5
0.0
0.0
-6.238167E-5
-1.2344157E-4
0.0
0.0
5.9758844E-5
-5.9111764E-5
-5.846814E-5
0.0
0.0
1.1311599E-4
1.11856396E-4
5.5301858E-5
0.0
-5.4059572E-5
5.3443626E-5
1.5849344E-4
2.0888854E-4
2.0646637E-4
1.02029044E-4
5.041592E-5
0.0
0.0
0.0
0.0
0.0
0.0
0.0
0.0
4.5185014E-5
0.0
4.40609E-5
4.350408E-5
0.0
4.24009E-5
4.185455E-5
4.1311694E-5
4.0772335E-5
4.0236468E-5
3.97041E-5
3.9175233E-5
0.0
3.8128E-5
1.1282891E-4
3.7094775E-5
0.0
0.0
-3.5571233E-5
3.50704E-5
0.0
3.4079265E-5
3.3588964E-5
3.310218E-5
3.2618907E-5
-3.2139153E-5
-6.3325824E-5
-9.357057E-5
3.072099E-5
6.051061E-5
5.958629E-5
0.0
0.0
2.84278E-5
0.0
2.7535194E-5
5.4188364E-5
5.33134E-5
5.244549E-5
5.1584648E-5
0.0
0.0
-4.90445E-5
0.0
4.7386413E-5
2.3283988E-5
2.2878308E-5
0.0
-2.2077566E-5
-2.1682503E-5
0.0
2.0903006E-5
2.051857E-5
2.013768E-5
0.0
-3.877307E-5
-1.9016281E-5
-3.7299153E-5
0.0
1.7926812E-5
0.0
1.7218248E-5
-1.6869293E-5
0.0
1.6182044E-5
3.16875E-5
6.2036044E-5
4.5533485E-5
4.4550605E-5
1.4526133E-5
0.0
1.3888671E-5
1.3575279E-5
0.0
0.0
1.2656468E-5
1.2357323E-5
2.4123481E-5
2.3539444E-5
0.0
0.0
0.0
1.0637302E-5
2.0726227E-5
2.0184985E-5
1.9650883E-5
9.561959E-6
9.302046E-6
9.045704E-6
1.7585868E-5
2.5631203E-5
8.298108E-6
0.0
1.5635145E-5
1.5165333E-5
2.2054004E-5
2.1370732E-5
0.0
0.0
6.4617625E-6
6.2483114E-6
1.8115314E-5
1.7496428E-5
1.1258851E-5
1.0860576E-5
0.0
1.0085505E-5
1.941742E-5
9.339077E-6
4.4883036E-6
4.3106506E-6
8.273159E-6
7.9321835E-6
7.598373E-6
7.27173E-6
6.9522544E-6
0.0
3.1674044E-6
6.036841E-6
5.7460434E-6
5.462417E-6
0.0
4.916681E-6
2.3272864E-6
0.0
2.075939E-6
0.0
0.0
-1.725825E-6
1.6162967E-6
3.0207138E-6
1.408006E-6
1.3092442E-6
2.4281435E-6
1.1224888E-6
0.0
9.5009244E-7
8.6927935E-7
7.920567E-7
0.0
0.0
0.0
0.0
9.196094E-7
4.041277E-7
7.0408424E-7
6.0709624E-7
7.7593745E-7
4.3467065E-7
0.0
0.0
1.14955505E-7
8.801307E-8
1.2932566E-7
4.4904837E-8
-5.7478292E-8
-3.2331585E-8
7.1848034E-9
7.184808E-9
0.0
