0.44523695
0.31583682
0.11686463
0.18238209
0.35025543
0.44824725
0.40360937
0.0849201
0.4669857
0.2506843
0.13286541
0.24041037
0.29522216
0.5409759
0.065715775
0.3007547
0.29737887
0.2810259
0.12781608
0.28334415
0.3071282
0.5417926
0.73528945
0.760569
0.34654027
0.36207458
0.7641494
0.6208013
0.13154373
0.42157876
0.36419246
0.20555402
0.27438223
0.08012217
0.3681157
0.28427723
0.052376837
0.25659838
0.51164293
0.2421918
0.11667141
0.0628353
0.064206645
0.070901945
0.046465766
0.1289853
0.05628826
0.04467207
0.08308209
0.10743866
0.13562422
0.24108373
0.20348696
0.07319803
0.16556512
0.31362483
0.27823436
0.1375098
0.03451575
0.1254213
0.14130092
0.008439544
0.22271912
0.35098982
0.21228361
0.15395644
0.2075564
0.23958881
0.24160764
0.13601416
0.06440214
0.10818878
0.23049201
0.25552374
0.17663042
0.1434503
0.0532241
0.13046616
0.20779827
0.19908516
0.14694498
0.07167569
0.13193685
0.1732752
0.14338166
0.16835216
0.11123533
0.12691373
0.054890208
0.1013339
0.062308177
0.035441067
0.090108275
0.16607153
0.190877
0.06707947
0.11073945
0.15768069
0.08262072
0.065155506
0.16299668
0.21038304
0.18219148
0.09145441
0.049955335
0.0265068
0.12282477
0.10282799
0.08271864
0.21899214
0.29645738
0.14327516
0.07415972
0.08715971
0.06987186
0.11115484
0.14291942
0.110395625
0.09373529
0.16592544
0.12856105
0.1333929
0.12788595
0.13060147
0.17811352
0.09459464
0.059460156
0.1098382
0.054867398
0.08896967
0.10928288
0.09394311
0.064999096
0.054520257
0.0549164
0.052274372
0.08699478
0.14180167
0.08180209
0.066576414
0.040415987
0.09199263
0.15877841
0.16501857
0.08457164
0.10807796
0.13450453
0.057176027
0.044638254
0.10801803
0.096156165
0.09731132
0.10285447
0.117599264
0.042105787
0.05181392
0.0834659
0.10841564
0.0923481
0.06528624
0.06407874
0.07847501
0.18873568
0.18948336
0.13664307
0.09892143
0.15026644
0.24203385
0.19049463
0.094301514
0.13831677
0.14446624
0.13819595
0.15738046
0.12575497
0.16934556
0.18561293
0.07412304
0.047205135
0.06742564
0.12520982
0.13888943
0.1271768
0.12077304
0.04872064
0.038510144
0.08436217
0.045446042
0.10573919
0.13272363
0.07196299
0.06505487
0.110956825
0.116816245
0.081767075
0.0968959
0.04058211
0.050507754
0.09263205
0.1399321
0.11312915
0.05164177
0.014338463
0.06256227
0.07648575
0.047876608
0.028053615
0.122005135
0.12443635
0.084871344
0.12003481
0.1859959
0.24211937
0.20516115
0.11300623
0.10641502
0.05897831
0.11341696
0.16151723
0.14429888
0.06816426
0.080019765
0.0512252
0.048957195
0.092778526
0.13205937
0.07763812
0.07447354
0.07575616
0.033523675
0.03798861
0.0919426
0.13214682
0.09262292
0.09982329
0.12181259
0.09557811
0.06358046
0.073073685
0.05951362
0.052173134
0.088937186
0.050321575
0.0481264
0.11169781
0.08720074
0.042377472
0.079400174
0.0931408
0.0767492
0.061761342
0.0452224
0.03399498
0.09866287
0.09791412
0.03698622
0.09881984
0.061967347
0.032520525
0.1430169
0.19635059
0.19794321
0.20388561
0.20289281
0.112853914
0.0687241
0.054578353
0.07276373
0.111627914
0.09646957
0.08054418
0.020258306
0.03763774
0.05981451
0.16287337
0.17387234
0.04687757
0.03472322
0.044411425
0.12020316
0.13566059
0.1566059
0.23876035
0.14105289
0.054903783
0.10664259
0.13870594
0.109347686
0.14708135
0.16405618
0.08497724
0.030235521
0.07927206
0.10156621
0.008866774
0.0061249505
0.030193504
0.03450164
0.08728576
0.07039098
0.0064275903
0.048695154
0.09745134
0.18089269
0.20761286
0.06343577
0.06755937
0.06493681
0.047731657
0.028686294
0.024657212
0.08128272
0.14067397
0.09546283
0.13551421
0.11017237
0.099956974
0.12659495
0.14438625
0.1562813
0.055518094
0.050501123
0.040069498
0.09048011
0.07175558
0.0400931
0.06963567
0.014081048
0.09519287
0.07858895
0.028386492
0.026262917
0.07781071
0.05428639
0.060591377
0.11864648
0.11686335
0.096169494
0.04071708
0.018725343
0.015632661
0.006373023
0.047207646
0.048838753
0.015357151
0.08845213
0.10709343
0.045730565
0.05653446
0.07764412
0.0036410044
0.043230955
0.16711017
0.20630382
0.14890718
0.028084625
0.102525316
0.05686529
0.07056246
0.11468191
0.24416724
0.15990973
0.07150399
0.12922665
0.09742032
0.13618584
0.14803398
0.07100436
0.103238136
0.118324265
0.17704032
0.13279961
0.036932066
0.06877742
0.085034944
0.026143543
0.006076352
0.09913548
0.16233337
0.11741009
0.051867284
0.14940736
0.11570983
0.06736402
0.090451695
0.06646675
0.008326381
0.034381285
0.078638256
0.12833028
0.15865692
0.16103502
0.07334721
0.11481543
0.08593022
0.11552607
0.08990308
0.024777425
0.0602798
0.05101426
0.031789947
0.08406859
0.10056533
0.021367557
0.022971833
0.10965262
0.11611316
0.07437503
0.21622397
0.24818322
0.17382528
0.11313057
0.03754219
0.025721194
0.06616994
0.09775475
0.053766027
0.039932072
0.027692117
0.069343224
0.091913
0.034694944
0.10673914
0.14955744
0.13871053
0.060455944
0.05856176
0.05095851
0.08751352
0.094160065
0.061480477
0.038978536
0.06383298
0.053577326
0.08457567
0.0714933
0.025555145
0.0059345844
0.04217445
0.082035735
0.07403988
0.07129317
0.091411665
0.031932153
0.058145642
0.054591563
0.08827343
0.045565125
0.106109396
0.030382304
0.09340999
0.16930676
0.12047183
0.122781046
0.1377655
0.04695586
0.0969024
0.10768288
0.07223647
0.13968475
0.08490725
0.013350422
0.015022508
0.018485421
0.052234158
0.07948364
0.13108279
0.12636477
0.08187177
0.04597997
0.023767365
0.11734591
0.14466348
0.053428896
0.056126077
0.19170813
0.19669957
0.10933921
0.056071617
0.07506182
0.13769987
0.012880908
0.07469805
0.04282654
0.04236102
0.03846559
0.10833144
0.18947926
0.16347414
0.079506636
0.08109701
0.081913
0.03886292
0.10468293
0.09973888
0.114958405
0.10794395
0.13103837
0.12110555
0.08283069
0.08791525
0.10283554
0.033856478
0.045837052
0.17954613
0.23499113
0.12403563
0.08484545
0.06716087
0.09167407
0.094780505
0.043960467
0.11894231
0.09018295
0.06768588
0.09041033
0.08457934
0.12573168
0.13094775
0.10132694
0.07086941
0.09138505
0.1224857
0.14942154
0.11785108
0.016820462
0.024940351
0.07052686
0.15424189
0.14028516
0.093544304
0.077825755
0.118350625
0.1091164
0.13549578
0.12314591
0.11505614
0.09863538
0.10335118
0.10016807
0.07179557
0.06672962
0.14331919
0.16546628
0.22091761
0.25470063
0.106558055
0.051964603
0.13504675
0.17332922
0.18885238
0.13697733
0.09626642
0.05704392
0.090598926
0.16487461
0.16387096
0.111026056
0.09122243
0.1492457
0.14863034
0.096347705
0.112784214
0.12108304
0.049456317
0.09981952
0.13264687
0.16423681
0.11768588
0.10260531
0.12747447
0.17894417
0.15058538
0.10434426
0.10285035
0.22832702
0.15549374
0.04755991
0.08881594
0.13972433
0.25121063
0.31079978
0.2661993
0.12856978
0.05508564
0.107207745
0.16350548
0.10214794
0.12590632
0.16915464
0.2996131
0.25665042
0.16719985
0.13379045
0.058223393
0.060947634
0.13469528
0.10152298
0.1144832
0.17973632
0.20125934
0.17364712
0.09785731
0.055920143
0.03596703
0.11767511
0.20272294
0.16161725
0.13420786
0.20826595
0.13229592
0.26671836
0.2630183
0.23375483
0.15129045
0.15948603
0.18673906
0.15651797
0.16081327
0.14163055
0.14248107
0.1893497
0.16792421
0.2326914
0.17918204
0.16803955
0.20857874
0.16635278
0.018413572
0.21962328
0.38783783
0.30980703
0.07562168
0.22602502
0.2924999
0.26622075
0.21391973
0.08028726
0.20673174
0.11338867
0.10861748
0.058938887
0.068988435
0.26869985
0.3097997
0.18453309
0.10178188
0.08756398
0.20581938
0.11837973
0.051628985
0.07862839
0.14557289
0.19923417
0.23935875
0.2304069
0.25129792
0.22959995
0.21282372
0.2607287
0.26725137
0.12763716
0.02979163
0.0589072
0.08562776
0.063552134
0.111073
0.0542425
0.048628595
0.11958427
0.0881195
0.046584297
0.11323998
0.13431086
0.15433586
0.07731755
0.10310845
0.09338165
0.1015202
0.0904126
0.12145621
0.051275097
0.0940031
0.080635294
0.12817565
0.1927063
0.1507547
0.081282385
0.07019226
0.050511222
0.13163266
0.13256693
0.06453033
0.063129604
0.07572585
0.016321562
0.01907033
0.019942597
0.06899834
0.19297312
0.20107682
0.115478724
0.048953842
0.004368874
0.08229117
0.09624561
0.02710311
0.047104295
0.065831766
0.08717394
0.18639097
0.24097185
0.20530574
0.12330999
0.048370425
0.10833897
0.10618583
0.056229897
0.07993765
0.06573139
0.103210054
0.101185516
0.043309115
0.057148606
0.059987783
0.14475246
0.0968417
0.022251388
0.04647625
0.20661376
0.19867353
0.061610967
0.028813154
0.05127116
0.072081
0.07303102
0.004711825
0.05182535
0.07431063
0.15432882
0.16621366
0.18071912
0.1685194
0.10041965
0.093605675
0.12533283
0.12554884
0.06376282
0.015061384
0.031095555
0.06381361
0.064113826
0.05772427
0.08278574
0.11719287
0.07829151
0.046521448
0.065050185
0.06767097
0.11601939
0.14735363
0.16389786
0.1421028
0.123686485
0.06973236
0.10844692
0.068805605
0.05053668
0.079324156
0.088812076
0.09272764
0.07575597
0.045466226
0.033612482
0.030400688
0.07224849
0.07132
0.028283438
0.042292554
0.11806593
0.15570515
0.1379339
0.09688073
0.04089538
0.058165386
0.12532568
0.09569971
0.050883595
0.048036665
0.02446954
0.024532456
0.023579864
0.09868531
0.101104535
0.04859355
0.09194787
0.06021103
0.045149524
0.03530784
0.019951822
0.07236026
0.101447575
0.06544287
0.070530504
0.08675087
0.05185023
0.084478
0.09501228
0.12804443
0.13418038
0.11516779
0.09116252
0.026952248
0.07558802
0.036681745
0.039924223
0.06542295
0.051813193
0.057194125
0.024109459
0.037513606
0.056437418
0.07504593
0.07445075
0.041671716
0.07674645
0.098195635
0.03632579
0.07174807
0.08419492
0.020702632
0.016580997
0.08579396
0.16331096
0.16127896
0.069146074
0.012407719
0.051512845
0.038525578
0.08973263
0.029549647
0.08177095
0.089817606
0.056630287
0.06669582
0.10625906
0.0826198
0.05145636
0.02629525
0.0151520325
0.0442541
0.027550539
0.031002745
0.03314395
0.03427884
0.0785113
0.05653542
0.0595822
0.10338963
0.075984165
0.04548124
0.025698127
0.034245193
0.07789262
0.13022876
0.116107196
0.0816041
0.052937377
0.03762315
0.03207645
0.089322336
0.08376425
0.04393664
0.052944295
0.0059949835
0.014945261
0.04113315
0.020681646
0.03756635
0.032091588
0.044826664
0.06854154
0.07562287
0.08429591
0.101850875
0.040340148
0.098008804
0.094761394
0.08607666
0.03125767
0.089889586
0.14435115
0.08771053
0.04945395
0.055206522
0.049183372
0.012543393
0.008665932
0.04743023
0.043623503
0.028811174
0.0663773
0.057177387
0.06745704
0.06826032
0.043513056
0.07367639
0.059207648
0.040313415
0.043454375
0.0341598
0.10231397
0.09144307
0.013542434
0.09036115
0.10091737
0.078257024
0.0941967
0.09368047
0.045263357
0.03502142
0.05059185
0.0069976463
0.044525698
0.07109985
0.08402277
0.06401883
0.087577604
0.10024331
0.06733303
0.033953078
0.048242472
0.03480758
0.08746778
0.104812875
0.05744449
0.060375396
0.028107489
0.07173003
0.085550345
0.09236877
0.06749067
0.090471126
0.09465861
0.052601382
0.02552773
0.03427954
0.08205147
0.074941576
0.06036596
0.0904378
0.050436713
0.078249946
0.07990658
0.09852911
0.0860578
0.023306973
0.043655075
0.015915303
0.025130995
0.024894623
0.031939376
0.022347126
0.03241444
0.048712485
0.052502338
0.097651705
0.08825644
0.05073772
0.024605295
0.038392566
0.033339135
0.03557258
0.11916999
0.11788789
0.09933514
0.11809408
0.08552436
0.0574571
0.102168426
0.04289579
0.02859107
0.005769512
0.07261959
0.06675709
0.01646311
0.035009798
0.039977062
0.041861713
0.04001302
0.05784179
0.098547086
0.14217116
0.10817801
0.020294257
0.08076293
0.098055765
0.033903044
0.019907206
0.044477485
0.05191332
0.030143894
0.078162596
0.07599812
0.07831073
0.08871115
0.06655544
0.03759538
0.067337275
0.10494165
0.083849594
0.06209903
0.03401504
0.088687584
0.06998672
0.030958926
0.10705002
0.105934046
0.03926369
0.022445897
0.037830483
0.040572945
0.082909115
0.12164627
0.11977974
0.1120361
0.017760603
0.099740766
0.14275011
0.1260652
0.041393712
0.046941746
0.068849474
0.0648126
0.058755547
0.07570977
0.08554956
0.083210014
0.06269456
0.045478508
0.014504481
0.065697215
0.08535546
0.03963532
0.059538443
0.080457
0.03943169
0.03380386
0.04490597
0.025889056
0.04155545
0.087691806
0.13918968
0.116999626
0.03314953
0.03671823
0.044079065
0.03612738
0.048024073
0.02311855
0.10110651
0.14953002
0.13266337
0.0658329
0.037006892
0.05096656
0.055458013
0.06909495
0.077846125
0.11804445
0.08118245
0.03255365
0.07943982
0.08457728
0.07865172
0.08174867
0.07228805
0.06407972
0.048968732
0.08269402
0.14048147
0.09153206
0.046862654
0.06812591
0.043601256
0.070341095
0.07334571
0.040844772
0.032126863
0.037264157
0.044263706
0.03716642
0.07822371
0.09177393
0.040434387
0.013074718
0.039801393
0.06326234
0.043254837
0.022737697
0.025366317
0.08124703
0.1332402
0.09668478
0.05601218
0.038249534
0.012201027
0.076539144
0.07795499
0.06515676
0.08323117
0.060371753
0.019493386
0.034515508
0.055903547
0.07921494
0.039716437
0.09396481
0.109059975
0.10762245
0.13930105
0.16274597
0.091783054
0.029511549
0.042713057
0.013668275
0.039885722
0.112734586
0.06952833
0.07778079
0.101982
0.078790955
0.080792814
0.03157899
0.067193665
0.1162845
0.13047521
0.0565932
0.014410701
0.018007185
0.082825296
0.030866088
0.10812978
0.11302033
0.12524468
0.10159757
0.015888778
0.08752511
0.097130425
0.10367143
0.15793552
0.15150063
0.08822157
0.06336367
0.028127324
0.0708029
0.10521372
0.06528551
0.010213847
0.060403142
0.08260658
0.050887678
0.01943562
0.025455682
0.012405997
0.072580054
0.07877652
0.06101123
0.00998327
0.03687543
0.017071396
0.027687196
0.025338285
0.044883847
0.08186584
0.04842722
0.11595053
0.048699107
0.036150333
0.04622954
0.0778384
0.02688344
0.06805266
0.055481378
0.042635493
0.0859414
0.121357374
0.08129971
0.057389844
0.05516366
0.07925452
0.07235669
0.036256444
0.096450716
0.062275004
0.018812386
0.02170301
0.06890736
0.060864113
0.020618482
0.05522215
0.11684063
0.12356002
0.09630192
0.041322384
0.04364529
0.063541144
0.017164592
0.04786857
0.031237349
0.05083039
0.025950106
0.048934687
0.025777753
0.07574035
0.11595308
0.09194936
0.08095785
0.07474085
0.15235591
0.15871668
0.032889802
0.062188666
0.024210738
0.04781685
0.067165874
0.021763176
0.046295367
0.037614413
0.061111216
0.09348798
0.09836633
0.06387828
0.07812297
0.04589661
0.0030986022
0.0138399545
0.037767462
0.052325603
0.009208475
0.066830195
0.0470468
0.08253719
0.18193142
0.1416328
0.06449896
0.07947232
0.14602654
0.099157736
0.07703283
0.095630154
0.07680333
0.032065142
0.05445005
0.1003101
0.0710438
0.037182882
0.026685346
0.03702193
0.057720978
0.05466351
0.053020343
0.04833484
0.06967923
0.041370552
0.03939297
0.057307404
0.0932704
0.0656566
0.08070326
0.11852317
0.10661556
0.06993296
0.09817064
0.064570725
0.027126404
0.101465076
0.09935041
0.072012335
0.040435586
0.03477788
0.062222246
0.04367183
0.055346895
0.034806266
0.07412803
0.034153923
0.04833744
0.015479074
0.06288617
0.09017332
0.09103009
0.07115873
0.05671174
0.06606238
0.07848423
0.044416476
0.03370405
0.04549981
0.059148144
0.09009875
0.052443445
0.05972276
0.12732787
0.11894637
0.100484766
0.10757898
0.0888947
0.08005856
0.08153937
0.11576613
0.12844424
0.15025873
0.16419187
0.09237066
0.10239474
0.065541886
0.031866092
0.08458962
0.107233904
0.027041141
0.13308744
0.14431766
0.120097704
0.1258561
0.05587063
0.018774228
0.06873059
0.19892383
0.2607563
0.20454924
0.14218745
0.11776334
0.03491045
0.08699976
0.08500429
0.06983504
0.14299904
0.12883301
0.053326156
0.12879749
0.08232062
0.006805265
0.0591448
0.06567371
0.03456653
0.09803985
0.08208153
0.015565245
0.08463437
0.10243655
0.07345217
0.047217082
0.08793295
0.18301187
0.23513392
0.18582371
0.14087905
0.0869785
0.030079609
0.025536416
0.018214487
0.06569561
0.07762353
0.024317762
0.06270067
0.05879184
0.096579455
0.13689159
0.082918994
0.09910914
0.14540699
0.20780228
0.25063026
0.2293988
0.098351255
0.07736657
0.1254444
0.031119645
0.07204401
0.19415562
0.21755287
0.18794677
0.12816237
0.1261034
0.20662639
0.22313684
0.2239358
0.15623097
0.05619598
0.12371852
0.10312025
0.010448097
0.06711982
0.12153204
0.101689816
0.059641708
0.124011196
0.15486573
0.1488655
0.083536655
0.10514149
0.13400055
0.20130903
0.23267588
0.40245545
0.38426334
0.26710564
0.19532353
0.237957
0.32671046
0.24056004
0.10035443
0.07910235
0.13920903
0.10993491
0.1588768
0.24002172
0.19759832
0.11389942
0.0833883
0.11930111
0.07201866
0.06014915
0.14300159
0.11586852
0.1165386
0.07986202
0.08181428
0.04107253
0.08277131
0.083752446
0.05659624
0.094089076
0.22860457
0.22798145
0.17969637
0.21673624
0.16152927
0.083570465
0.115844496
0.072179385
0.03496136
0.07551718
0.0959514
0.078796156
0.10905273
0.16215569
0.09880129
0.08394325
0.094558224
0.032884784
0.07980781
0.15475212
0.20569916
0.1676029
0.19956559
0.3056427
0.2449501
0.16316272
0.14077179
0.09829501
0.18453045
0.12911783
0.10193757
0.049071845
0.040478
0.076358944
0.092592336
0.1782206
0.065206416
0.10145029
0.10692343
0.14845784
0.1500393
0.11939643
0.21021053
0.19051957
0.082952544
0.08778871
0.11526492
0.072163396
0.1565621
0.22051233
0.12817878
0.02935843
0.16138446
0.17247933
0.04937752
0.035176605
0.03499739
0.09599521
0.11999197
0.12366573
0.14599618
0.20107254
0.17710178
0.14535457
0.09903071
0.07222525
0.15689704
0.17703396
0.10459222
0.07100227
0.0678162
0.11480627
0.07391268
0.05510859
0.041913565
0.15751997
0.17137913
0.13805346
0.11268729
0.069400005
0.06801873
0.029032355
0.088163145
0.1227676
0.06335527
0.0865402
0.105699845
0.042708606
0.054143794
0.061975267
0.06854707
0.08408378
0.06265595
0.092481725
0.07314839
0.018583711
0.0680572
0.11750599
0.074964516
0.034522034
0.08500134
0.04750626
0.10812426
0.040203456
0.040614247
0.05745202
0.03469339
0.014819219
0.020774717
0.020984275
0.028280154
0.062303323
0.052181046
0.06541139
0.08057934
0.041748013
0.04234633
0.09030153
0.13839442
0.17197497
0.15872754
0.11858824
0.13577014
0.16631895
0.13311438
0.085223764
0.05560759
0.04597534
0.06616034
0.1374463
0.144275
0.1351803
0.08988361
0.06336377
0.047534294
0.017661108
0.038582597
0.016497629
0.07271326
0.080959894
0.048400212
0.101270154
0.10334273
0.059962288
0.09349397
0.117995985
0.15538427
0.10774417
0.06194972
0.06648398
0.10608716
0.17796697
0.1426528
0.09891743
0.05306368
0.020296313
0.07532522
0.065699995
0.08762269
0.09106654
0.083687104
0.14771202
0.1125639
0.15332337
0.11765543
0.023275921
0.077156805
0.078827314
0.07623235
0.023867581
0.020294638
0.029662091
0.022664443
0.080605224
0.09761337
0.04803036
0.07492989
0.104665056
0.06160494
0.027502319
0.036708508
0.08034845
0.052424654
0.0787149
0.10341348
0.062774174
0.029292334
0.09922938
0.15347649
0.121577345
0.047864057
0.047070857
0.05995982
0.056282375
0.039804447
0.10463744
0.06219918
0.054060537
0.042733707
0.07012133
0.06855401
0.048978306
0.09310921
0.10723186
0.11057029
0.028793266
0.011332352
0.07322418
0.048509546
0.07015477
0.10237852
0.12592505
0.10114146
0.04366882
0.029504798
0.07112772
0.06109091
0.089674264
0.07381866
0.062630065
0.10648003
0.11302304
0.09982991
0.061877206
0.054914128
0.053337384
0.039171245
0.061926756
0.09395494
0.09121952
0.079128
0.06823355
0.066902116
0.046259835
0.047109406
0.11946112
0.10726426
0.057831306
0.03708062
0.058580868
0.047982786
0.05886593
0.046549644
0.07242152
0.11602884
0.113659665
0.081904896
0.072254255
0.032107186
0.08633828
0.12060441
0.036328867
0.11711374
0.1349311
0.041856404
0.11512453
0.05484389
0.0456683
0.08509111
0.09095683
0.01989786
0.02715322
0.08191279
0.10795955
0.05016438
0.035971772
0.030907247
0.06552151
0.07352836
0.018839061
0.037947055
0.015885334
0.067752406
0.05113983
0.015894804
0.069457255
0.06991467
0.07719937
0.043141086
0.09528132
0.08303852
0.03240012
0.04317024
0.06472278
0.03162522
0.04829815
0.014079747
0.04901876
0.053695887
0.072871074
0.07030325
0.041382108
0.07207528
0.06087413
0.06861364
0.16673279
0.12545846
0.05442955
0.057305627
0.03495193
0.02466775
0.017110968
0.04737321
0.043956995
0.042099398
0.067996785
0.0493008
0.021693476
0.036754962
0.07261547
0.048297424
0.061316654
0.15097542
0.1387357
0.084316
0.034031283
0.052091673
0.119342245
0.12925605
0.09225111
0.13251363
0.11135523
0.042447247
0.09624498
0.08343229
0.11274089
0.09658219
0.07499227
0.07813496
0.093794495
0.061256625
0.06904696
0.043432068
0.01692524
0.04099028
0.10891387
0.097144715
0.0607181
0.052842785
0.023060609
0.044150125
0.02532723
0.047006555
0.069467515
0.061851554
0.053139523
0.10252605
0.1003027
0.015624321
0.054398403
0.061219953
0.062932685
0.076218896
0.031042296
0.042708237
0.03389834
0.02244627
0.03997941
0.063677885
0.010180382
0.054136466
0.06596059
0.045358863
0.037091833
0.07061769
0.05546659
0.03365805
0.036368098
0.081433035
0.091854684
0.08668518
0.06393938
0.04182468
0.10194489
0.138344
0.0707834
0.01189351
0.04622599
0.040344723
0.07700169
0.08908014
0.07421189
0.019977443
0.06078738
0.091143854
0.07598582
0.10071865
0.07134574
0.08521294
0.070060246
0.060546737
0.042659145
0.06723905
0.11014409
0.09031866
0.07069026
0.043670144
0.065091416
0.053525593
0.059800673
0.06196289
0.027403826
0.07140541
0.06249168
0.061920907
0.06419902
0.053807136
0.08765815
0.037346486
0.08170861
0.091707274
0.019749057
0.034882214
0.0060450793
0.07733672
0.07377845
0.048224825
0.10777989
0.13828208
0.16354035
0.05923083
0.07587395
0.08756181
0.015152228
0.060178332
0.0649689
0.0683958
0.039133146
0.04547609
0.12854192
0.13247904
0.06676116
0.04876632
0.078081556
0.10213818
0.06795786
0.024544355
0.04773776
0.06561511
0.05241213
0.027483733
0.042567782
0.028127098
0.056830093
0.047606584
0.022518776
0.038562227
0.051523972
0.05499431
0.02629667
0.03785443
0.060586587
0.045218866
0.048212964
0.022535257
0.06319727
0.06296046
0.07242446
0.070579305
0.045691527
0.009731365
0.013784214
0.0499367
0.08885075
0.09862653
0.09532297
0.062825404
0.017148161
0.033687234
0.06277434
0.08340188
0.106744
0.07636032
0.036755536
0.01836842
0.008268845
0.05496746
0.08712217
0.091249526
0.06403702
0.02738057
0.019219812
0.04961943
0.03427151
0.042558085
0.06710935
0.057533883
0.046218503
0.04109366
0.05216084
0.08262126
0.063538976
0.050866313
0.029426547
0.030466987
0.061760075
0.038767
0.0061661843
0.02635037
0.05545223
0.016956361
0.027886556
0.03215805
0.019698627
0.018147979
0.010944376
0.06172088
0.06716144
0.047369298
0.054338638
0.045194697
0.020223284
0.040877823
0.019823998
0.021519268
0.029443065
0.031227166
0.042135987
0.07570948
0.075091764
0.04855491
0.03344198
0.0339042
0.030049415
0.04143324
0.08006283
0.08090543
0.05788535
0.045552406
0.033442616
0.038826615
0.03627774
0.028354462
0.03270813
0.045644145
0.02854304
0.035356797
0.05616003
0.072404906
0.05612894
0.055190355
0.07274432
0.033850357
0.022232464
0.030370671
0.033553157
0.03149117
0.02362466
0.024841795
0.07909877
0.10745683
0.07665505
0.075541474
0.05323649
0.0034974415
0.023171103
0.020318568
0.043701958
0.050864153
0.051978428
0.06217782
0.055268127
0.038863923
0.037664127
0.048544668
0.040866368
0.0071952743
0.029784622
0.03044393
0.046056278
0.053516097
0.035362177
0.02979052
0.032216765
0.07923255
0.06833506
0.029453509
0.08793029
0.049862593
0.02966601
0.018418387
0.026610771
0.020062985
0.02148435
0.049600527
0.043578126
0.017949063
0.035086837
0.031634185
0.033676766
0.021857554
0.033021662
0.045348257
0.034525648
0.017939761
0.037575852
0.057413116
0.044831812
0.076212846
0.074789695
0.04868186
0.018851902
0.011565453
0.056690045
0.059427068
0.017337494
0.029900078
0.07484071
0.07418088
0.042312935
0.03501029
0.021666301
0.01649735
0.0763847
0.10716427
0.0
0.0
0.0
-0.0061036292
0.0
0.0
0.0
0.0030517213
0.0
0.0
0.0
0.0
-0.006103047
0.0
0.0
0.0
0.0
0.0
0.003051168
0.003051096
0.0
0.0
0.003050859
0.0
0.003050683
0.0030505897
0.0
-0.0061007845
-0.0061005764
0.0
-0.006100138
0.0
0.0
-0.006099427
0.0
0.0
-0.009147977
0.0
0.0060980986
0.0
0.0030487585
0.0030486076
0.0
0.006096591
0.0030481338
0.0
0.0030478002
-0.0060952557
-0.0060949037
0.0
-0.0030470896
-0.0060938057
0.0
-0.003046519
0.0
0.0
0.0
0.0
-0.0030454963
0.0
0.0
0.0
0.0
0.0030443843
0.0030441512
0.0
0.0
0.0
0.0
0.0
0.0
0.0030424194
0.0030421577
0.0030418923
0.0030416236
0.0
-0.0030410753
0.0
0.0030405126
0.0
0.0030399356
0.0030396418
0.0
0.0
0.0
0.003038431
0.0030381195
0.0030378043
0.0030374855
0.0
0.0
-0.0030365079
0.0
0.0030358385
0.0030354983
0.0
-0.0030348075
0.0
0.0
0.0030337449
0.0030333833
0.0030330184
-0.0030326499
0.0
0.0
-0.0030315232
0.0030311407
0.0030307544
-0.0030303646
-0.0030299714
-0.0030295746
-0.0030291742
0.0
0.0
-0.0030279518
-0.0030275374
-0.0030271192
-0.0030266976
-0.0030262724
-0.0030258438
0.0
0.0
-0.0030245367
-0.003024094
-0.0030236477
-0.0030231979
0.0
0.0
0.0
0.0030213632
0.0
-0.0030204249
0.0060399007
0.0030194724
0.0
0.0030185059
-0.0030180172
-0.0030175252
0.0
0.0030165305
0.0
0.0
0.0
-0.003014499
0.0030139827
0.0
-0.003012939
0.0030124118
0.0
0.0
0.0030108094
0.0
-0.0030097237
0.0030091756
0.0
0.0
0.0030075102
-0.0030069482
-0.0030063826
0.0
-0.0030052413
0.0
0.0030040857
-0.0030035027
0.0
0.0030023265
-0.003001733
0.0
0.0
-0.002999932
0.0029993248
0.0
0.0029981
0.008992447
0.002996861
0.0029962363
0.0059912167
0.0
0.0
0.0029937034
0.0029930614
0.002992416
0.0029917674
-0.002991115
0.0029904593
0.0029898002
0.0029891375
0.0029884714
-0.002987802
-0.0029871291
-0.0029864528
0.002985773
0.0029850898
0.0
-0.0029837128
-0.0029830192
-0.0029823224
0.0
0.0
0.0
0.0
-0.0059575723
0.0
0.0029773477
-0.0029766234
-0.0029758955
0.0
-0.0029744296
-0.0029736916
0.0
-0.0029722054
-0.0029714573
0.0
-0.005939901
0.002969192
0.0029684303
0.002967665
0.0029668964
0.0
0.0
0.0
-0.002963788
-0.0029630025
-0.0029622135
-0.0029614212
0.0
0.0029598265
-0.002959024
-0.002958218
0.0
-0.008869789
0.0
0.002954961
-0.005908277
0.0029533124
-0.002952483
-0.0059033004
-0.002950814
0.0
0.0
0.0029482855
0.002947436
-0.002946583
0.0
-0.0029448674
-0.0029440045
0.008829415
0.0029422687
0.0
0.008821559
-0.00293964
-0.0029387572
0.0029378708
0.0
0.005872177
0.0029351923
-0.0029342927
-0.00586678
-0.0029324838
-0.0029315744
0.0029306617
0.005859491
0.0029288263
-0.0029279036
-0.0029269776
0.0
0.0
0.0
0.0
-0.0029222982
0.0
0.0
-0.002919451
0.0
0.0029175368
0.0058331494
0.0029156092
0.0029146406
0.0
-0.0029126934
0.0
0.0
0.0
0.0
0.0029077684
0.0
0.0
0.005809549
0.0029037697
0.0
0.002901751
0.0
0.005799439
0.0057973973
0.0028976747
0.0028966474
0.0028956172
-0.0028945834
0.005787093
0.0028925065
-0.0028914632
0.005780834
0.002889367
0.0057766284
0.008661774
0.0028861987
0.0028851363
0.005768141
-0.0028830015
-0.0028819295
0.008642563
0.0028797756
0.0
0.0
-0.0028765209
0.0
0.0028743353
0.0
0.002872137
0.002871033
0.0
-0.0028688156
0.0028677022
0.0
0.0057309316
0.0
-0.002863217
0.0
0.0
0.0
0.0
0.0028575396
0.0028563947
0.0028552467
-0.0028540955
-0.0028529412
0.0028517838
0.0
0.0028494596
0.0
-0.002847123
0.0
0.0
0.0028435946
0.0028424123
0.0
0.0
-0.0028388468
-0.002837652
-0.0028364544
0.0
-0.0028340495
-0.0028328425
0.0
0.0
-0.0028292031
-0.0028279838
0.0
-0.002825536
-0.0028243074
0.0
-0.0028218413
-0.0028206035
0.002819363
0.0
-0.005633745
-0.0028156226
-0.0056287395
-0.0056262277
0.0
0.0
0.0
0.0
-0.0056135776
0.0
0.0
-0.0028029578
-0.008405024
-0.0028003885
-0.008397299
0.0
0.0
-0.0027952143
0.0027939132
-0.0027926092
-0.0027913023
0.0027899921
0.0
-0.0027873632
0.0
0.0
0.0
0.0027820698
0.0
0.0
0.0
-0.0027767292
0.0
0.0027740411
-0.0027726928
0.0027713412
0.0
0.0
0.008301809
0.0027659065
0.0
0.0027631717
0.0
0.0
0.0
0.0
-0.0027562834
0.0
0.0
0.0
0.0027507208
0.002749323
0.0027479222
0.0027465185
0.002745112
0.0
0.0027422903
0.0027408751
0.0
0.0027380362
0.0
0.0
0.0054675136
0.0027323244
0.0027308895
0.0
0.0
0.0027265672
0.0054502413
0.005447343
0.0054444387
0.0027207646
-0.0027193069
0.0
0.0027163832
0.005429834
0.0027134481
0.0
0.005421004
0.0027090246
0.0
0.0054121236
0.0054091522
0.0
0.0027015966
0.0
0.002698606
0.005394213
0.0
0.005388199
0.008077775
0.0
0.0
0.0
0.0026865334
0.008055036
0.0053669754
0.008045883
0.0
0.0
0.0
0.0053516524
0.0053485716
0.010690971
0.0
-0.0026696483
0.0053361943
0.0
0.005329973
0.0053268545
0.0053237304
0.0
0.0
0.0
0.0
0.005308031
0.0
0.0
0.0
0.0
0.0
0.0
0.0
0.0052826353
0.0026397186
0.0
0.0
-0.0052698115
0.0026332962
0.002631684
0.005260139
0.005256904
0.0
0.0
0.0
0.0
0.0
0.0
0.002617058
0.0
0.0
0.005224273
0.0
0.0026088424
0.007821575
0.0
0.0
0.0
-0.0026005632
0.0
0.0
-0.002595565
0.0
0.0
0.0
0.0
0.0025871848
-0.0051710024
-0.0051676305
0.0
-0.0025804355
0.0
0.0
-0.0051506953
0.0
-0.0025719432
0.0025702373
0.002568529
0.0
0.002565105
-0.0025633893
-0.0051233424
0.0
-0.0025582276
0.0025565021
0.0025547743
-0.002553044
0.0
0.0
-0.0025478385
0.0025460985
0.0
0.0
0.0
-0.00507823
0.0
0.0025356088
0.0025338521
0.0
0.0
0.0
-0.0025268018
-0.0025250332
0.0
0.0025214893
0.0025197137
0.0025179358
0.0
0.0
0.0
0.0
0.0025090117
-0.0025072198
0.0
-0.0025036293
-0.0025018305
0.0
0.0024982262
0.0
0.0024946127
0.0024928025
-0.00249099
0.0
0.0
-0.002485539
-0.0024837174
0.0
-0.0024800678
0.0
0.0024764088
0.0
0.002472741
-0.002470904
-0.004938129
0.0
0.002465379
-0.0024635328
0.0024616846
-0.002459834
-0.0024579815
0.0
-0.0024542694
0.0
0.0024505488
0.0
-0.0024468193
0.0
0.0
0.0
0.0024393345
0.002437458
0.0024355792
0.0024336984
0.0
-0.0024299303
0.0
0.0
0.0
0.004844737
0.0
0.0
0.0
0.0
0.0024128687
0.0
0.0
0.0024071436
0.0024052311
0.0024033168
0.0
0.0
-0.0023975607
0.0
0.0
0.0
0.0
-0.0023879264
0.0
0.0
0.004764243
0.0
0.0
0.0023762984
-0.0023743534
-0.0023724062
-0.0023704572
-0.0023685063
-0.0023665533
0.0
-0.0047252825
-0.0023606822
0.0
-0.0023567586
-0.0023547937
-0.004705654
-0.0023508584
-0.0023488877
0.0
0.0
-0.002342964
0.0023409857
0.0
-0.0023370232
0.0
-0.0023330532
-0.0023310652
-0.0023290752
-0.0023270836
0.0
0.0
0.0
0.0
0.0
-0.004630188
0.0
0.0023110826
-0.002309074
0.0
0.0
-0.0023030373
0.0023010215
-0.0022990038
0.0
0.004589926
-0.00229294
0.0
0.0022888882
-0.0022868598
-0.0022848293
0.0
-0.0022807634
0.0
0.0
-0.002274651
-0.00227261
-0.0022705672
-0.0022685227
0.0022664766
0.0
0.0
0.0
-0.0022582742
0.0
0.0
0.0
0.0
-0.0044959653
0.0
-0.002243854
-0.0022417873
0.0
-0.0022376485
-0.0022355767
-0.0044670063
-0.004462856
-0.004458702
0.0
0.0
0.0
0.002221027
-0.002218942
0.0
0.0
-0.004425354
0.0
0.0
-0.0044127945
-0.0022043008
0.0
0.0
0.0
0.0
0.0
0.0
0.0
0.0
0.0
0.0
0.0
0.0
0.0
0.0021747854
0.0021726657
0.0
0.0021684214
0.0
-0.002164171
0.0021620435
0.0021599147
-0.0021577843
0.0
0.0
0.002151384
0.0042984956
0.00214711
0.0
0.00214283
-0.0021406878
0.0
0.002136399
0.0
0.0
0.0
0.0
0.0
0.0021234988
0.0
0.0
0.0
-0.0021148704
-0.0021127097
0.0
0.0021083844
0.0
0.0021040535
0.0
0.0
0.0020975473
0.0
0.0
0.0
0.0020888532
0.0
0.0020844983
-0.0020823188
0.0
0.002077956
0.0
0.0020735878
0.0
-0.0020692146
0.0
0.0
0.0
0.002060453
0.0
0.0
-0.0020538683
0.0
0.004098945
0.0020472726
0.0020450717
0.0020428693
0.0
0.0
0.0020362553
0.0020340483
0.00406368
0.0020296304
0.0
0.0
0.002022995
0.0040415614
0.0040371306
0.0040326975
0.0
0.0020119124
0.0040193847
0.0020074714
0.004010498
0.0020030257
0.0
0.0019985756
0.0019963488
0.0019941211
0.0019918922
0.0
0.001987431
0.0019851988
0.0019829655
0.001980731
0.0019784956
0.0019762593
0.0
0.0019717831
0.0019695433
0.0039346055
0.0
0.0
0.0
-0.0019583295
0.0
-0.0019538368
0.0
0.0
0.0
0.0
0.0
0.0
0.0
0.001935826
0.0
0.0
0.0
0.0
0.0
-0.0019222773
-0.0019200159
0.0
-0.0019154903
0.0019132261
0.0
0.0
0.0
-0.0019041602
0.0
-0.001899622
0.0
0.0
0.001892808
0.0
-0.0018882611
0.0
0.0
0.0
-0.0018791569
0.0
0.0
0.0
0.0
0.0
0.0018654758
0.0
0.0
-0.0018586244
-0.001856339
-0.0018540529
0.0
-0.0018494782
-0.0018471899
0.0
-0.0018426107
-0.00552096
-0.0018380285
-0.0018357363
0.0
0.0018311498
-0.0018288554
-0.0018265604
-0.0018242645
-0.0018219681
0.0
0.0
0.0
0.0
0.0
-0.0018081748
0.0
0.0
0.0
0.0
0.0
0.0
0.0017920524
0.0017897467
0.0
0.0
-0.0035656516
-0.0035610353
0.0
0.0
0.0
0.0
0.0
0.0
0.0
0.0
0.0
0.0
0.0
0.0
0.0
0.0
0.0
0.0
0.0
0.0
0.0
0.0
0.0
0.0
0.0
0.0
0.0
0.0
0.0
0.0
0.0
0.0
0.0
0.0
0.0
0.0
0.0
0.0
0.0
0.0
0.0
0.0
0.0
0.0
0.0
0.0
0.0
0.0
0.0
0.0
0.0
0.0
0.0
0.0
0.0
0.0
0.0
0.0
0.0
0.0
0.0
0.0
0.0032775812
0.0
0.0
0.0
0.0
0.0
0.0016247766
0.0016224402
0.0016201034
0.0
0.0
-0.0032261838
0.0
0.0016084164
0.0
0.0
-0.003202804
0.0
0.0
0.0015943858
0.0015920468
0.0
0.0
0.0
0.0
0.0015803494
0.0015780096
0.0
0.0
-0.0031419783
0.0
0.0
0.0
0.0
0.0
-0.0031138915
0.0
0.0
0.0
0.0
-0.0015452408
0.0
0.0015405584
0.0
0.001535876
0.0
-0.0015311934
0.0015288522
0.0015265108
0.0
0.0015218282
0.0
0.0
0.0015148043
0.0
0.0015101219
0.0015077807
0.0015054396
0.003006197
0.0015007575
0.0
0.0014960757
0.0014937348
0.0014913941
0.0014890534
0.0014867128
0.0
-0.0014820319
0.0
0.0014773514
0.0014750113
0.0014726714
0.0
0.0
-0.0014656524
0.0
0.0
0.0
0.0014562956
0.0
0.0014516183
0.0
0.0014469415
0.0014446034
0.0014422656
0.0
0.0
0.0014352531
0.0
-0.0014305791
0.0014282425
0.0014259062
0.0
-0.0014212341
-0.0014188983
0.0014165629
0.0
0.0014118929
0.0014095583
0.0
0.0
-0.0014025561
-0.0014002225
-0.0013978893
0.0
0.0
0.0
-0.0013885596
-0.001386228
-0.0013838967
0.0
0.0013792351
0.0013769048
0.0
0.0
0.0
-0.0013675871
0.0
-0.0013629305
-0.0013606028
0.0
0.0
0.0
-0.0013512959
0.0
0.0013466448
0.0
0.0013419954
0.0
0.0
-0.0013350247
0.0
0.0
-0.0013280581
0.0
0.0
0.0
-0.0013187756
0.0
0.0
0.0
0.0
0.0
-0.0013048667
-0.0013025504
0.0
-0.0012979193
-0.0012956045
0.0012932903
-0.0012909767
0.0
-0.001286351
0.0
0.0
0.0
0.0
0.0
-0.0012724877
0.0
-0.0012678714
0.0
0.0012632573
0.0
0.0
0.0
0.0
0.0
0.0
0.0
-0.0012448267
0.0012425258
0.0012402255
0.001237926
0.0012356271
0.0012333288
0.0012310314
0.0
0.0
0.001224143
0.0012218483
0.0024391084
0.002434522
0.0012149684
0.0
0.0
0.0
0.0
0.0012035168
0.0
0.0011989414
0.0
0.0
0.0
0.0
0.0
-0.0011852339
0.0
0.0
0.0
0.0011761115
0.0
0.0
0.0
0.0
0.0
0.0011624529
0.0011601793
0.0
0.0011556349
0.0011533641
0.0
0.0022976499
0.0011465566
0.0011442893
0.0011420228
0.0
0.0011374926
0.0011352289
0.0
0.0011307042
-0.0011284433
-0.0011261832
-0.0011239242
-0.001121666
-0.0011194089
0.0
0.0
0.0
-0.0011103898
-0.0022162749
-0.0011058861
-0.0011036358
-0.0011013864
0.0
-0.0010968907
-0.0010946443
-0.0010923989
-0.0021803093
-0.0010879113
-0.001085669
-0.0010834278
0.0
-0.0010789485
0.0
-0.0010744734
-0.0010722374
-0.0010700026
0.0
-0.0010655359
0.0
0.0010610737
0.0
0.0010566158
-0.0010543886
-0.0010521624
0.0
0.0
-0.0010454906
0.0
0.0
-0.001038829
0.0
-0.0010343937
-0.0010321777
-0.001029963
-0.0010277494
-0.0010255369
0.0010233257
0.0
0.0
0.0
-0.0010144925
0.0
0.0
0.0
-0.0010056787
-0.0010034782
-0.001001279
0.0
9.968844E-4
9.94689E-4
0.0
-0.0019806034
0.0
9.859196E-4
9.837304E-4
9.815425E-4
0.0
-9.771707E-4
0.0
0.0
0.0
0.0019368846
0.0
-9.64086E-4
9.619098E-4
-9.59735E-4
9.575615E-4
0.0019107786
0.0
0.0
9.4888086E-4
0.0
0.0
-9.423847E-4
0.0
0.0018761215
0.0
-9.337423E-4
0.0
-9.294295E-4
-9.272752E-4
9.251223E-4
0.0
0.0
0.0
0.0
9.143791E-4
9.1223477E-4
0.0
-9.0795045E-4
-9.0581045E-4
-0.0018073438
0.0
8.993992E-4
-8.9726516E-4
-8.951325E-4
-8.930013E-4
-0.0017817434
-8.887435E-4
-8.866168E-4
-8.8449166E-4
0.0
-8.802459E-4
-8.7812525E-4
0.0
-8.738886E-4
0.0
-8.696581E-4
-8.6754514E-4
0.0
-8.633239E-4
-8.6121564E-4
-8.591089E-4
-8.570038E-4
0.0
-8.527982E-4
-8.506978E-4
-8.48599E-4
-8.465018E-4
-8.4440614E-4
-8.423121E-4
-8.402197E-4
0.0
0.0
-8.339522E-4
-8.318663E-4
0.0
0.0
0.0
0.0
0.0
8.193853E-4
0.0
8.1523816E-4
0.0
0.0
0.0
0.0
0.0
8.028372E-4
0.0
7.9871714E-4
7.966597E-4
7.946039E-4
7.9254986E-4
0.0
-7.88447E-4
0.0
0.0
-7.8230567E-4
0.0
7.782202E-4
0.0
0.0
0.0
0.0
7.6803745E-4
0.0
0.0
7.6194917E-4
7.599233E-4
0.0
7.5587706E-4
0.0
0.0
0.0
0.0
7.457932E-4
0.0
-7.4177247E-4
0.0
0.0
7.357553E-4
7.3375326E-4
0.0
7.297548E-4
0.0
0.0
7.237712E-4
7.2178047E-4
7.1979157E-4
7.178046E-4
7.1581954E-4
7.138364E-4
7.1185513E-4
7.098758E-4
0.0
7.059229E-4
7.0394936E-4
7.0197775E-4
7.0000807E-4
0.0
6.960745E-4
0.0013882214
6.921488E-4
0.0
0.0
6.8627496E-4
6.84321E-4
6.82369E-4
6.804189E-4
6.784709E-4
0.0
6.745808E-4
6.7263877E-4
6.7069876E-4
6.6876074E-4
6.6682475E-4
0.0
0.0
0.0
0.0
6.5717514E-4
6.552514E-4
0.0
0.0
0.0
0.0
6.4566324E-4
0.0
6.4184243E-4
0.0
0.0
0.0
0.0
0.0
0.0012608604
0.0
0.0
0.001249505
0.0
0.0
0.0012381877
0.0
0.0
0.0
0.0
0.0
0.0
0.0
0.0
0.0
0.0
0.0
0.0
0.0
0.0
0.0
-0.0011784838
0.0
0.0
0.0
0.0
0.0
0.0
0.0
0.0
0.0
0.0
0.0
5.672224E-4
5.6540204E-4
5.635839E-4
5.617681E-4
0.0
0.0
0.0
0.0
0.0
0.0011018413
0.0
5.473232E-4
0.0
-0.00108747
5.419443E-4
5.40156E-4
0.0
5.365863E-4
-5.348049E-4
0.0
0.0
-5.294748E-4
5.277028E-4
0.0
0.0
0.0
-5.206383E-4
-0.0010377562
0.0
0.0
0.0
5.1186094E-4
0.0
-5.0836673E-4
-5.066232E-4
0.0
0.0
5.0140696E-4
9.993461E-4
0.0
0.0
0.0
0.0
0.0
4.893205E-4
4.8760357E-4
4.858891E-4
4.841771E-4
0.0
4.8076038E-4
4.7905574E-4
4.7735355E-4
0.0
-4.739566E-4
-4.7226183E-4
0.0
4.6887973E-4
4.671924E-4
0.0
0.0
-4.6214546E-4
0.0
0.0
4.57121E-4
0.0
0.0
-4.5211922E-4
-4.50457E-4
0.0
0.0
0.0
0.0
0.0
-4.4053706E-4
-4.3889263E-4
-4.372508E-4
-4.356115E-4
-4.3397478E-4
-4.3234063E-4
4.3070907E-4
0.0
-4.2745366E-4
0.0
-4.242086E-4
0.0
-4.2097393E-4
0.0
-4.1774963E-4
-4.161414E-4
4.1453578E-4
-4.129328E-4
0.0
4.0973467E-4
0.0
-4.0654704E-4
0.0
-4.0336995E-4
0.0
0.0
-3.9862416E-4
3.9704752E-4
0.0
0.0
3.923336E-4
0.0
0.0
0.0
3.8608574E-4
3.845305E-4
0.0
0.0
0.0
-3.7833632E-4
-3.7679455E-4
0.0
0.0
0.0
0.0
3.6912624E-4
0.0
3.6607796E-4
3.645579E-4
0.0
3.61526E-4
3.6001418E-4
3.585051E-4
3.5699873E-4
0.0
0.0
3.5249625E-4
3.5100093E-4
3.495084E-4
0.0
0.0
0.0
3.4356592E-4
-3.4208727E-4
-3.4061138E-4
3.391383E-4
-3.37668E-4
0.0
0.0
-3.3327393E-4
0.0
0.0
0.0
-3.2745447E-4
-3.2600667E-4
-3.2456167E-4
0.0
0.0
3.2024368E-4
0.0
0.0
0.0
0.0
0.0
0.0
0.0
0.0
0.0
0.0
0.0
3.032281E-4
3.0182875E-4
-3.004323E-4
2.9903874E-4
0.0
-2.9626026E-4
0.0
2.934934E-4
0.0
0.0
-2.8936483E-4
-2.8799445E-4
0.0
2.8526245E-4
0.0
0.0
0.0
-2.7983356E-4
0.0
5.5427337E-4
2.7579267E-4
5.4890313E-4
2.7311343E-4
0.0
0.0
0.0
0.0
0.0
0.0
0.0
2.625148E-4
2.6120333E-4
0.0
0.0
-2.5728677E-4
0.0
0.0
2.533971E-4
0.0
0.0
0.0
2.4825282E-4
0.0
-2.4569873E-4
0.0
0.0
2.4189017E-4
2.406267E-4
0.0
2.3810883E-4
-2.3685445E-4
0.0
0.0
0.0
2.3186728E-4
-2.306281E-4
-2.2939197E-4
0.0
0.0
0.0
0.0
0.0
0.0
2.2082466E-4
0.0
0.0
0.0
0.0
0.0
-2.1360104E-4
-2.124079E-4
-4.2243573E-4
0.0
2.0884706E-4
0.0
0.0
-2.0531412E-4
-4.0828536E-4
-2.0297436E-4
-2.0180915E-4
-2.0064706E-4
1.9948809E-4
-1.9833224E-4
0.0
0.0
-3.8976694E-4
0.0
1.9259995E-4
0.0
1.9032898E-4
0.0
0.0
0.0
0.0
1.8470665E-4
1.8359163E-4
0.0
0.0
0.0
0.0
1.7806406E-4
0.0
1.7587522E-4
1.7478557E-4
1.736991E-4
1.7261581E-4
-1.715357E-4
0.0
0.0
1.6831454E-4
3.3449443E-4
1.6618308E-4
1.6512215E-4
0.0
1.630099E-4
0.0
1.6091048E-4
3.197312E-4
1.5882392E-4
1.5778546E-4
1.5675023E-4
-1.5571823E-4
1.5468943E-4
0.0
1.5264156E-4
0.0
0.0
1.4959398E-4
2.971692E-4
2.9515693E-4
1.4657558E-4
1.4557593E-4
1.4457954E-4
1.435864E-4
2.85193E-4
1.4160988E-4
1.4062651E-4
1.3964639E-4
0.0
1.3769597E-4
1.3672565E-4
0.0
0.0
0.0
0.0
0.0
1.3097253E-4
1.3002516E-4
1.2908108E-4
0.0
-1.2720277E-4
0.0
1.2533764E-4
1.2441001E-4
1.2348569E-4
0.0
-1.2164696E-4
0.0
0.0
0.0
0.0
0.0
-1.1621017E-4
-1.1531563E-4
-1.1442443E-4
-1.13536546E-4
-1.12651986E-4
-1.1177075E-4
-1.1089285E-4
-1.1001828E-4
-1.0914704E-4
-1.08279135E-4
-1.0741457E-4
-1.0655334E-4
-1.0569546E-4
-1.0484092E-4
-2.0797944E-4
-1.0314187E-4
0.0
0.0
0.0
0.0
-9.8952914E-5
-9.8125194E-5
-9.7300835E-5
-9.647984E-5
0.0
0.0
-9.403705E-5
0.0
9.2425376E-5
0.0
0.0
0.0
-8.924254E-5
-8.845529E-5
-8.767141E-5
-8.689092E-5
0.0
0.0
-8.4569794E-5
-8.3802865E-5
0.0
0.0
8.152247E-5
0.0
-8.001921E-5
0.0
-7.8529556E-5
-7.778984E-5
7.705353E-5
-7.632064E-5
-7.559116E-5
0.0
-7.414244E-5
0.0
7.270739E-5
0.0
0.0
0.0
-6.987837E-5
0.0
6.848442E-5
0.0
0.0
0.0
0.0
0.0
6.438496E-5
6.371376E-5
0.0
0.0
-6.1720784E-5
0.0
6.0409377E-5
0.0
0.0
0.0
-5.782797E-5
-5.7191253E-5
0.0
0.0
0.0
0.0
-5.4059572E-5
0.0
-1.0566229E-4
0.0
0.0
-5.1014522E-5
0.0
0.0
-9.8458295E-5
-9.728195E-5
0.0
-9.495012E-5
0.0
0.0
0.0
0.0
0.0
0.0
-8.700816E-5
0.0
0.0
0.0
0.0
0.0
4.0236468E-5
0.0
7.8350466E-5
7.729973E-5
0.0
-7.521927E-5
0.0
-7.316684E-5
0.0
0.0
0.0
0.0
0.0
0.0
0.0
0.0
0.0
0.0
-6.238038E-5
0.0
0.0
0.0
0.0
0.0
-5.68556E-5
0.0
0.0
0.0
0.0
0.0
0.0
0.0
0.0
0.0
0.0
0.0
0.0
0.0
0.0
0.0
0.0
0.0
0.0
-4.103714E-5
-4.027536E-5
-3.952067E-5
-3.877307E-5
0.0
0.0
0.0
0.0
1.7570754E-5
1.7218248E-5
0.0
0.0
0.0
0.0
0.0
0.0
1.4850202E-5
0.0
0.0
0.0
0.0
0.0
0.0
0.0
1.2357323E-5
0.0
1.1769722E-5
1.1481268E-5
0.0
1.0915057E-5
0.0
1.0363114E-5
1.0092493E-5
9.825441E-6
1.9123918E-5
9.302046E-6
9.045704E-6
8.792934E-6
8.543734E-6
8.298108E-6
8.056054E-6
0.0
0.0
0.0
1.4247155E-5
6.8993963E-6
6.678791E-6
6.4617625E-6
6.2483114E-6
1.20768755E-5
5.8321425E-6
5.6294257E-6
5.430288E-6
0.0
5.0427525E-6
0.0
0.0
4.4883036E-6
0.0
-4.1365797E-6
0.0
3.7991865E-6
0.0
3.4761272E-6
3.3199735E-6
0.0
3.0184206E-6
-2.8730217E-6
2.7312085E-6
2.5929814E-6
0.0
0.0
0.0
0.0
-1.9556464E-6
1.8389417E-6
1.725825E-6
1.6162967E-6
-1.5103569E-6
-1.408006E-6
-1.3092442E-6
0.0
0.0
0.0
0.0
-8.6927935E-7
-7.920567E-7
0.0
-6.483831E-7
-5.8193257E-7
-5.19073E-7
-4.598047E-7
0.0
-3.5204212E-7
-6.0709624E-7
-2.5864583E-7
-2.1733533E-7
-1.796167E-7
-1.4549008E-7
-1.14955505E-7
-8.801307E-8
-6.466283E-8
-4.4904837E-8
0.0
0.0
-7.1848034E-9
-1.796202E-9
-0.0
