0.3433768
0.17352462
0.04965571
0.09002806
0.41740593
0.31966513
0.39124182
0.32854778
0.058137517
0.18014614
0.47596937
0.1565335
0.35912058
0.31384653
0.35572812
0.22124691
0.21035026
0.39639345
0.28625375
0.054804064
0.31871018
0.2397721
0.030450046
0.15384501
0.19586271
0.33110112
0.27889857
0.11162185
0.16373989
0.14792092
0.026294015
0.16265972
0.11166315
0.2798777
0.2655886
0.25061116
0.19816673
0.1821049
0.24345131
0.26229247
0.2830023
0.30503795
0.21783602
0.042976443
0.22511972
0.2284404
0.2081298
0.18813936
0.12755711
0.16133578
0.25507256
0.12394946
0.2011163
0.21210758
0.3124624
0.29021746
0.10352236
0.043985773
0.046452694
0.073853806
0.16825008
0.19883573
0.20082976
0.23400897
0.14201784
0.18296829
0.16937158
0.13959438
0.047931623
0.033358965
0.17958325
0.14951107
0.05366729
0.11788622
0.17392386
0.081837766
0.07020808
0.103397086
0.15957448
0.19868422
0.12260311
0.13019173
0.1806888
0.065879025
0.11441053
0.108178034
0.11730084
0.17331314
0.14084162
0.15124837
0.23014756
0.18912306
0.025692292
0.1264153
0.11731789
0.01571234
0.04236635
0.057378914
0.1012466
0.07263625
0.048176154
0.116315745
0.099290125
0.121260434
0.07608542
0.05111415
0.052181333
0.09943151
0.1676681
0.09151699
0.17697942
0.10323551
0.17471278
0.13458565
0.06741511
0.038543466
0.08570125
0.070851915
0.06559327
0.06622927
0.025510263
0.106427796
0.13801225
0.12167614
0.028339596
0.107650295
0.13395602
0.16810736
0.11217852
0.11368192
0.053147368
0.15008274
0.16604958
0.11894545
0.07877571
0.1164943
0.11146717
0.08926733
0.03782925
0.023239521
0.029342726
0.048163984
0.08917041
0.14344972
0.11566722
0.12828963
0.05031158
0.07588331
0.11143019
0.15306702
0.09522679
0.022431606
0.07197983
0.057236247
0.062295362
0.17685232
0.18366553
0.09806826
0.03499524
0.059901793
0.10256576
0.067675516
0.059525196
0.058385193
0.019212592
0.015594145
0.102890745
0.17374842
0.073167734
0.16704425
0.19810611
0.059211954
0.075768575
0.15276308
0.14383812
0.116289705
0.130903
0.12011192
0.094000086
0.043533053
0.049185626
0.04341747
0.081277706
0.111143254
0.113313414
0.12212997
0.18710433
0.12039685
0.07936475
0.12239191
0.12146157
0.05942093
0.046294745
0.083073795
0.114919364
0.046402626
0.0505564
0.0774211
0.045679986
0.10224804
0.096775085
0.04011804
0.07887327
0.08277771
0.03017619
0.042310547
0.049627323
0.02727943
0.123057075
0.15830791
0.084749006
0.058708202
0.053982947
0.095204085
0.157551
0.12878014
0.08796189
0.051018696
0.07478746
0.10310412
0.08345824
0.009884666
0.077818654
0.06521443
0.09175857
0.07359439
0.06022863
0.018815983
0.07765217
0.07804021
0.017367637
0.033655353
0.022077328
0.033033855
0.07990314
0.12051383
0.13642041
0.11943533
0.08261718
0.041643165
0.036394846
0.1484402
0.14871718
0.060068548
0.08976666
0.08903443
0.10963624
0.036127575
0.09647656
0.042326953
0.07231889
0.086158864
0.04938853
0.039247707
0.039951794
0.056052044
0.04664807
0.08264649
0.16457163
0.18202156
0.109696865
0.020715656
0.07183322
0.13282563
0.1256322
0.075324535
0.07122214
0.16027363
0.15772276
0.0938098
0.056327365
0.03185314
0.14384897
0.14902036
0.11008957
0.1217318
0.12154825
0.065326594
0.20047256
0.10189152
0.14120014
0.17269291
0.12275841
0.08604534
0.31822693
0.30347395
0.11665853
0.08750204
0.0597005
0.11601507
0.0727476
0.14850445
0.31569976
0.06016627
0.4099827
0.44814208
0.6022847
1.174941
1.4996008
0.90395325
0.64380896
0.676625
0.1690691
0.224738
0.048916116
0.28133294
0.3155487
0.43256468
0.4642712
0.19428606
0.017006919
0.18403709
0.1758792
0.054503053
0.19610924
0.1411319
0.12745385
0.11493434
0.05789205
0.03728671
0.09403688
0.10162074
0.03620662
0.08884521
0.12629999
0.16549072
0.0994894
0.090491265
0.08280688
0.19529404
0.21475227
0.15207621
0.08297167
0.129222
0.2039844
0.1465795
0.026080972
0.067133166
0.12936392
0.15898506
0.08864922
0.031943526
0.0870248
0.1309818
0.09059397
0.09569883
0.06902899
0.020859595
0.06877339
0.09718714
0.12469644
0.0991271
0.08546509
0.049630165
0.08072125
0.086226135
0.07220532
0.0793267
0.1128727
0.0589138
0.08407405
0.041838244
0.061967
0.089983284
0.032027863
0.034349345
0.054562084
0.10602902
0.083296955
0.013405221
0.09035911
0.100345254
0.05687412
0.0644655
0.030525228
0.090954386
0.15720679
0.14644015
0.09462722
0.17342104
0.18783869
0.15651073
0.062296204
0.033674024
0.05561816
0.06520459
0.116826005
0.12051944
0.12716626
0.08644054
0.08048949
0.075603664
0.062107287
0.11252906
0.088005066
0.061459634
0.097818114
0.30679682
0.2349357
0.28185013
0.22342071
0.29047102
0.47254804
0.33992448
0.089218736
0.100478895
0.024510536
0.09570742
0.21221963
0.11257285
0.08574759
0.1156748
0.019221617
0.08056208
0.10609877
0.05295322
0.12954147
0.12507835
0.15845661
0.06732428
0.03868542
0.046495542
0.009884143
0.0739477
0.07088614
0.053253546
0.12080982
0.1615514
0.068431646
0.033219177
0.0782973
0.12325897
0.13387229
0.06789252
0.11577313
0.13615754
0.14162068
0.14382038
0.07302439
0.118918866
0.08232117
0.096345864
0.069800794
0.007636062
0.048964012
0.051553935
0.071508236
0.08140239
0.0700618
0.077568136
0.077357106
0.041357815
0.04013499
0.08012867
0.025837222
0.03739751
0.072610565
0.12994069
0.16445704
0.121181056
0.044694114
0.093261674
0.11530262
0.07535777
0.053824365
0.06769433
0.12128266
0.10716045
0.10110268
0.10394193
0.061651897
0.034363326
0.051878504
0.07958656
0.1081884
0.13193949
0.047886617
0.08376091
0.09636031
0.05840732
0.06793388
0.12835175
0.14359157
0.061784834
0.12280707
0.1340432
0.0803246
0.054487623
0.024581127
0.08076566
0.08057531
0.078927144
0.07077215
0.089072846
0.107002944
0.077057764
0.08294591
0.07882132
0.0738233
0.06938819
0.096849225
0.13034818
0.14250661
0.10565454
0.06252695
0.07849706
0.111407414
0.061735902
0.12720263
0.13769476
0.02816963
0.11848069
0.059111662
0.11494682
0.15342103
0.07547427
0.018861914
0.089640796
0.13478144
0.06815078
0.042368293
0.06132296
0.01699984
0.015679186
0.033834625
0.06287651
0.07961044
0.03823022
0.12886018
0.1088195
0.079136424
0.1681604
0.110182256
0.03327381
0.14302249
0.19879906
0.06885297
0.052986708
0.06585575
0.07111248
0.13058035
0.112208985
0.10112307
0.13038155
0.05499311
0.08834778
0.14946327
0.17819193
0.10397166
0.023688955
0.104711436
0.121877745
0.10564038
0.054223828
0.094521604
0.15317442
0.16550416
0.13728744
0.044505343
0.11908203
0.1278791
0.13612044
0.20558617
0.12880659
0.058911867
0.018454667
0.0588303
0.0060065277
0.136092
0.21224302
0.15220587
0.07370078
0.03981549
0.14458908
0.15252468
0.065713756
0.054786745
0.07167412
0.11001991
0.14227767
0.09474828
0.16423085
0.13007487
0.048545785
0.11821764
0.107212864
0.17498061
0.082795076
0.16801567
0.15550272
0.15532695
0.030322488
0.22441062
0.2622356
0.18664072
0.25086147
0.18109694
0.14654797
0.22120757
0.13520166
0.08817046
0.10446641
0.124719985
0.17925052
0.060447183
0.09851836
0.11625184
0.17858343
0.12917046
0.0719781
0.14148185
0.13860132
0.077429794
0.06269276
0.106398165
0.0438398
0.24533717
0.33103466
0.21978933
0.109317645
0.13047554
0.19529335
0.15993911
0.14939412
0.16824837
0.03520052
0.19064848
0.1767307
0.12990117
0.059743643
0.24381964
0.21236786
0.14968987
0.17100182
0.080709256
0.09681634
0.18889228
0.25460735
0.22384614
0.07254983
0.0750775
0.03591661
0.19726539
0.28099948
0.19485702
0.11414555
0.13239175
0.12462356
0.119670905
0.07835777
0.09046094
0.10598105
0.14253616
0.1596608
0.07109339
0.16919209
0.23959956
0.14860559
0.20436257
0.2701752
0.116849184
0.074803345
0.2341458
0.21361439
0.09010571
0.17526215
0.15058549
0.116848476
0.01688644
0.17636737
0.14979075
0.062017832
0.031458788
0.12370217
0.029860208
0.15236385
0.106464475
0.05816328
0.0669346
0.14699157
0.15644643
0.09115766
0.071718864
0.121976934
0.11704714
0.08030017
0.102309555
0.10175006
0.14083996
0.066641174
0.10763385
0.18651485
0.108024165
0.041145664
0.042582054
0.09792785
0.053813275
0.21947196
0.18762532
0.03152644
0.045366567
0.012601521
0.1329105
0.13178854
0.009332342
0.08623123
0.020318685
0.069334544
0.1323056
0.07210603
0.05676704
0.094363794
0.07439542
0.03747044
0.07761608
0.07048958
0.026151279
0.073107705
0.1445873
0.09538817
0.058187936
0.07597794
0.06244631
0.10225281
0.14552006
0.14350669
0.09142814
0.027696216
0.05569889
0.0355353
0.042782493
0.011232614
0.0280311
0.082205474
0.067841515
0.058855094
0.097283445
0.037436098
0.056316942
0.08170195
0.09244906
0.07340835
0.014090101
0.02327092
0.07276191
0.09175722
0.079759926
0.027378643
0.034754325
0.020731382
0.09112199
0.08777565
0.046703037
0.01025867
0.027081987
0.050533075
0.12404128
0.07560287
0.013738695
0.047219858
0.06555659
0.09182523
0.076508336
0.07200904
0.061192714
0.062089086
0.05734838
0.025976527
0.029292515
0.014332232
0.078813724
0.040193997
0.053929597
0.07777342
0.10277208
0.13412379
0.1429924
0.13615094
0.11101479
0.052104395
0.030386604
0.044119716
0.074812844
0.077867106
0.041448597
0.10899004
0.09149499
0.114003465
0.15987423
0.115870915
0.06294543
0.040271286
0.053752862
0.08908437
0.065416574
0.05333557
0.043139
0.0753231
0.070941925
0.004591143
0.0783044
0.12511826
0.11613586
0.05446633
0.054934904
0.051992573
0.036756076
0.040711123
0.062360298
0.108208485
0.08601112
0.016515892
0.0470483
0.02918445
0.07199621
0.15575646
0.14598803
0.07766314
0.041931782
0.018264646
0.057388835
0.055581264
0.05881073
0.0936436
0.11355671
0.06240392
0.05564953
0.0893131
0.1321405
0.15023595
0.10835004
0.021654315
0.041017383
0.028355531
0.035687838
0.034953844
0.023846248
0.058838114
0.079214014
0.073234074
0.13136066
0.13853206
0.051616997
0.046346463
0.060357362
0.04362325
0.06990349
0.092176884
0.064333476
0.041218825
0.053798527
0.031186301
0.04067491
0.023364851
0.09141383
0.081545435
0.02312857
0.07722263
0.0701535
0.08338403
0.026418373
0.06957697
0.061685506
0.047406055
0.049181234
0.08085078
0.054685313
0.056033023
0.08582507
0.077154614
0.06993741
0.13877194
0.07424082
0.03325206
0.036022082
0.045833092
0.07965856
0.0356933
0.026759569
0.04114651
0.023475314
0.08594273
0.10403271
0.027995933
0.072788484
0.071521215
0.025391292
0.031070631
0.054336336
0.07659207
0.04303345
0.016598312
0.053825177
0.11357847
0.10226173
0.08468178
0.113177866
0.09216606
0.033068854
0.1202938
0.07579884
0.04139765
0.038562436
0.010026233
0.03192797
0.037714127
0.068164736
0.0497627
0.08115106
0.11568702
0.08268572
0.06756188
0.092153765
0.07200976
0.029461274
0.04462518
0.047225498
0.07375877
0.07185768
0.07205223
0.0781803
0.052094564
0.034631196
0.06487859
0.027338454
0.012824836
0.060880426
0.12573427
0.0983308
0.029587734
0.053563323
0.089222215
0.036476873
0.07739428
0.15685233
0.08390345
0.020129837
0.03938191
0.06499236
0.08847751
0.17917442
0.24270463
0.152128
0.06332667
0.04105741
0.037359335
0.057710864
0.009582625
0.0731772
0.07238025
0.026696835
0.055520225
0.07296901
0.08819926
0.083649315
0.028422501
0.0176574
0.05571758
0.07797174
0.07093669
0.11119776
0.06676102
0.029506467
0.07254297
0.106568575
0.09195396
0.042721312
0.06748943
0.09289038
0.13327469
0.10463426
0.051890794
0.018838897
0.06451338
0.057885587
0.057482067
0.056160584
0.049114734
0.037996273
0.010676648
0.085979305
0.13747701
0.07269569
0.06377637
0.08925887
0.09482177
0.035049625
0.07265683
0.09857658
0.024264906
0.06413592
0.03517033
0.073909566
0.07221411
0.010038723
0.030347321
0.016706351
0.041545104
0.039170217
0.052239735
0.05273794
0.060585108
0.026737519
0.064901635
0.09373406
0.0853808
0.07479793
0.056255702
0.052542966
0.052882142
0.04712474
0.027872156
0.027371159
0.06572485
0.086501114
0.052225
0.099342026
0.074264534
0.055871204
0.03064525
0.034543313
0.008148451
0.04518597
0.056209363
0.03841769
0.022650281
0.035204466
0.07114796
0.09652904
0.026315916
0.082741864
0.11292587
0.07981402
0.056802604
0.10123245
0.04274407
0.028197704
0.04891066
0.052164435
0.092200406
0.11002031
0.04387632
0.03063083
0.052816577
0.02957063
0.025189197
0.07514756
0.070034556
0.049442757
0.07408548
0.009303394
0.028817615
0.07979112
0.059233356
0.019620176
0.0076295547
0.008366569
0.02193039
0.03797609
0.060197502
0.05645715
0.04434563
0.021105206
0.0688532
0.09125301
0.009155454
0.09839522
0.08185213
0.09531693
0.08560124
0.0060668173
0.048820686
0.0063259224
0.040810075
0.05746072
0.0501004
0.009312832
0.07011647
0.1165142
0.054456487
0.083997115
0.043525018
0.08009439
0.06612173
0.053173784
0.06034762
0.07483881
0.068313636
0.062465385
0.052379288
0.058039445
0.06616861
0.03586092
0.107594185
0.09042925
0.08793636
0.06682527
0.08456561
0.11680251
0.075060904
0.03203075
0.045776315
0.11335543
0.13310817
0.053988144
0.048858177
0.06323535
0.06212688
0.055352192
0.07929802
0.14120659
0.1555845
0.089903854
0.045465816
0.020078186
0.02339553
0.060332563
0.058501266
0.038043942
0.08609782
0.075884566
0.060711075
0.08595429
0.10819626
0.084156886
0.0667683
0.08318116
0.10477665
0.09867012
0.06999957
0.034402736
0.047857203
0.025501683
0.047977358
0.017145464
0.11065697
0.15233703
0.11265739
0.063339025
0.027871842
0.017263798
0.018316204
0.029402694
0.0331697
0.07625485
0.07349794
0.006820865
0.08521861
0.10206271
0.08270457
0.12986702
0.1124295
0.074350454
0.03377682
0.052550238
0.05861074
0.089128196
0.102437906
0.09406099
0.077304445
0.06667367
0.040685974
0.07559647
0.07034818
0.029012658
0.018916503
0.009260289
0.034793723
0.03808025
0.09345016
0.06976846
0.056988746
0.058750365
0.07761668
0.06488545
0.045284655
0.08732804
0.112116754
0.035952386
0.03421094
0.07355128
0.059515398
0.0650123
0.10959026
0.13278139
0.10696462
0.06341402
0.09324697
0.07796412
0.03107832
0.05909549
0.07738559
0.08293232
0.066409625
0.036808446
0.0360609
0.060407516
0.11041663
0.13341959
0.10099525
0.083441526
0.077078365
0.053720333
0.017040087
0.0932239
0.11072596
0.09637147
0.049138203
0.081803575
0.09432
0.055538185
0.026268872
0.03814702
0.04731006
0.07393778
0.055310447
0.029108256
0.0434286
0.05168313
0.13494955
0.113403164
0.09242967
0.08956609
0.03480496
0.030057358
0.096829005
0.046509374
0.10023833
0.1324983
0.10176942
0.13481283
0.12326285
0.093867235
0.030008767
0.035921104
0.056524783
0.04629097
0.013923385
0.060631752
0.06151838
0.048410855
0.03965089
0.023888208
0.08887193
0.106597945
0.04553728
0.039193064
0.048013102
0.10813399
0.09685844
0.09158234
0.12474293
0.12612697
0.05933682
0.03965745
0.028938055
0.024740769
0.030029077
0.036009617
0.049557153
0.08133834
0.06383998
0.024712386
0.053850614
0.065677725
0.09182696
0.05470053
0.07501944
0.06539647
0.07329461
0.09853346
0.07835948
0.046210535
0.04770774
0.08824332
0.040652495
0.019678261
0.058409818
0.09362728
0.038141705
0.11707334
0.10947235
0.07393389
0.057724174
0.09238192
0.13353716
0.103289284
0.015706187
0.11833784
0.106403835
0.16778249
0.17948994
0.101862885
0.110078834
0.09065595
0.11236674
0.08418313
0.045182183
0.07601202
0.02955658
0.042813696
0.10684421
0.15386616
0.06159266
0.07930051
0.033175677
0.065837204
0.03788562
0.022901282
0.049513765
0.026553936
0.06601788
0.10416883
0.06670563
0.013303614
0.012082414
0.012883799
0.01400631
0.07093085
0.16535364
0.099853076
0.0644064
0.08398418
0.06608651
0.09078659
0.09783569
0.10651462
0.09543056
0.06472744
0.017835608
0.025886655
0.047145598
0.012015443
0.07023702
0.06837311
0.06273994
0.030838534
0.035765175
0.121440195
0.14431168
0.07119011
0.020240597
0.06846662
0.079900034
0.0841018
0.10314271
0.06599984
0.02699731
0.03452469
0.06752853
0.018028341
0.030572355
0.046015237
0.083907165
0.07963766
0.05274985
0.07200376
0.046191774
0.017867
0.07175566
0.07524619
0.017830057
0.08297328
0.13938817
0.11361105
0.014485193
0.07987159
0.03300828
0.0223637
0.06254845
0.027472056
0.04833045
0.09475334
0.12184364
0.12470877
0.04065524
0.062089205
0.048842456
0.0727657
0.13836733
0.14382976
0.09575719
0.01429723
0.097930975
0.1282242
0.08728892
0.085008666
0.117866516
0.07706751
0.1187437
0.029296553
0.07462689
0.05281596
0.04618002
0.018146187
0.019305246
0.06534403
0.07905427
0.004481537
0.09480236
0.11098769
0.08591516
0.14578739
0.10365394
0.058489393
0.021627426
0.032113083
0.0050091236
0.07809691
0.09785753
0.03050337
0.014965756
0.034781013
0.05556347
0.047453027
0.10570729
0.13140914
0.03081876
0.12880005
0.13100654
0.11771235
0.11710058
0.053953815
0.09789974
0.07911911
0.0501311
0.105520256
0.06589844
0.04613778
0.0792757
0.14531705
0.108901195
0.038113613
0.0425779
0.07333047
0.05854005
0.04003859
0.029144347
0.042178188
0.0448401
0.083061285
0.16005228
0.1197388
0.028239438
0.0798624
0.10266322
0.028642496
0.07083445
0.049036823
0.08399846
0.0070361234
0.06240224
0.113017045
0.06389852
0.048853427
0.032880004
0.05767798
0.09118577
0.07630277
0.10292546
0.1123874
0.10251431
0.09221321
0.10125619
0.13174914
0.06355532
0.038433284
0.05234081
0.10046157
0.08672386
0.04245606
0.11038873
0.113814145
0.1074703
0.06447472
0.025334282
0.07375914
0.17351772
0.19028425
0.10735714
0.03589073
0.0429484
0.051561672
0.051219374
0.031923197
0.07182388
0.07200886
0.06964867
0.057021078
0.08878055
0.018537542
0.07239567
0.08820093
0.02484639
0.025922868
0.0128044225
0.0202085
0.10066961
0.1859913
0.13637379
0.12816913
0.05631269
0.07189745
0.049325198
0.013540412
0.06024665
0.09111593
0.13240318
0.11197846
0.072698265
0.09439488
0.10510672
0.026240679
0.038544398
0.05421824
0.056934506
0.012463468
0.017879872
0.037631497
0.06604108
0.13342685
0.09769434
0.07480941
0.010113244
0.07635389
0.08582927
0.014495157
0.07683028
0.14156362
0.14283052
0.15377785
0.09759081
0.029796818
0.15923618
0.14839032
0.03212602
0.07848941
0.05155627
0.020815663
0.05472047
0.028919486
0.055523284
0.061220977
0.18509011
0.14079106
0.07380217
0.010082327
0.055772766
0.05952129
0.03290876
0.030368853
0.04987691
0.082879424
0.11323839
0.10049228
0.049672704
0.123450145
0.024675816
0.044472292
0.07237573
0.03229623
0.035802845
0.020956324
0.0336613
0.079150885
0.084786445
0.10501746
0.027913207
0.09846241
0.10368893
0.09686053
0.11461528
0.06674235
0.032430433
0.07622472
0.04394809
0.06633998
0.043356016
0.03580021
0.03772499
0.019827392
0.06616346
0.07171892
0.050397888
0.0919514
0.029125301
0.046101585
0.06933183
0.070755646
0.028536303
0.023432726
0.03387915
0.05225637
0.0880567
0.111731134
0.10445695
0.05149642
0.041797474
0.06855134
0.01726058
0.08367333
0.050901745
0.03682153
0.052176967
0.04500323
0.09277502
0.058107965
0.07949492
0.101444475
0.123779334
0.12189634
0.063538924
0.12504052
0.094033204
0.07393788
0.13776135
0.071844086
0.054707825
0.086467616
0.055752296
0.071870714
0.09861716
0.09056004
0.04898341
0.05902775
0.056859676
0.04181048
0.101659216
0.13676508
0.08188868
0.10833742
0.14598908
0.08977006
0.10161773
0.061149333
0.07848065
0.085718416
0.021158038
0.045424208
0.058062997
0.07950479
0.07651521
0.07822992
0.09906452
0.095062226
0.038666286
0.019080678
0.05610766
0.07486372
0.089756705
0.08054658
0.074561976
0.06673977
0.07026073
0.09941564
0.033478674
0.052256912
0.09674828
0.09326477
0.07252389
0.07345822
0.087293096
0.051847477
0.06121558
0.07417405
0.059905797
0.1184251
0.12693083
0.08293384
0.055873424
0.060318366
0.051883418
0.10977911
0.18813124
0.111544415
0.055720903
0.02217782
0.13110848
0.2383883
0.15870361
0.09785108
0.041972075
0.013738736
0.0694723
0.086931154
0.0605782
0.084345736
0.19628507
0.107305616
0.1928498
0.23166947
0.3205615
0.14769575
0.124498956
0.9675485
2.239792
1.3436112
6.2625065
8.315362
0.46236783
5.024105
2.374494
0.3262197
0.4376942
0.55259156
0.33775112
0.18830194
0.11376568
0.10830494
0.16822778
0.11371326
0.057308763
0.08874189
0.02472252
0.015435344
0.044377424
0.04405884
0.076139644
0.06509032
0.071932785
0.06580985
0.057597578
0.05979084
0.090522565
0.050384227
0.020132981
0.086247265
0.04372314
0.068624906
0.0835153
0.00848564
0.07849472
0.086701296
0.077538
0.04083726
0.036357615
0.08877912
0.029460737
0.08690224
0.098172724
0.03492966
0.12604748
0.13903378
0.09736224
0.024763199
0.10834531
0.13414878
0.1163662
0.100512154
0.16713531
0.07263109
0.026176784
0.057527576
0.039108325
0.03373209
0.16849521
0.18385817
0.10615964
0.07750321
0.104917176
0.15101872
0.12238892
0.07148608
0.008744915
0.05698296
0.109339505
0.092541955
0.058383252
0.083569966
0.10914084
0.107563265
0.0745184
0.073998265
0.07269953
0.053818457
0.07377741
0.06794216
0.053061508
0.07081268
0.046152458
0.08699088
0.07582594
0.061947275
0.08413498
0.059741087
0.048321247
0.049687777
0.09304745
0.04400968
0.0866362
0.13546194
0.13134542
0.08687036
0.13863032
0.07993904
0.061631665
0.08415165
0.028904917
0.05279269
0.09523875
0.065311804
0.085307084
0.10718674
0.058969736
0.04423275
0.07545156
0.081910096
0.054086786
0.059562515
0.0659086
0.05355005
0.03491149
0.03480248
0.03291684
0.0939157
0.14690545
0.15646711
0.11190459
0.08492358
0.035103343
0.032758266
0.059923917
0.06075312
0.026206613
0.101466246
0.15751459
0.1430233
0.106385946
0.1283265
0.17277327
0.092249095
0.041148208
0.11330213
0.14075705
0.09532499
0.077669755
0.0779261
0.062775016
0.06529051
0.09309085
0.08927542
0.1495923
0.08665726
0.043925878
0.06793344
0.0898523
0.10287207
0.07144934
0.08449644
0.14327146
0.16017376
0.1026133
0.098735176
0.13322066
0.08607994
0.076565735
0.016077079
0.0993326
0.082477376
0.06213781
0.057130624
0.07176693
0.09526026
0.06470713
0.05070795
0.025998252
0.025259325
0.03267937
0.013491166
0.027550317
0.10643312
0.12606128
0.03260297
0.028844552
0.054976948
0.09027979
0.08872218
0.074647434
0.03395901
0.03961524
0.014123324
0.019382235
0.040256795
0.10323252
0.09756048
0.08641602
0.09775879
0.07239733
0.004834303
0.038937226
0.021452108
0.049515393
0.033156253
0.02979281
0.048574723
0.050607786
0.06704231
0.07003898
0.0208748
0.034835737
0.10422083
0.086661726
0.053199593
0.065948844
0.030528715
0.042362586
0.04006
0.07329397
0.01304127
0.08032119
0.06982806
0.059163723
0.06290063
0.03155721
0.053634774
0.058512565
0.034482922
0.034671832
0.033452123
0.031612903
0.03817553
0.061255377
0.042171676
0.026954055
0.056104098
0.011656934
0.039348554
0.0038966006
0.018574055
0.031117495
0.07571644
0.047990374
0.024944594
0.051931795
0.06971885
0.056901254
0.08083136
0.090573005
0.05168848
0.05035973
0.021657912
0.041984554
0.043382905
0.014754889
0.029179895
0.048194617
0.041512102
0.04589802
0.036474448
0.0067010545
0.028651766
0.048547246
0.05821629
0.07109374
0.035723962
0.01027205
0.039046004
0.09202076
0.08748962
0.04794149
0.020772148
0.05230909
0.05011575
0.04090825
0.03999408
0.042627767
0.050745144
0.07460673
0.08272669
0.048331965
0.013405986
0.01899814
0.005925333
0.03899191
0.04531757
0.027669532
0.020411469
0.04660423
0.051291216
0.036557157
0.047899947
0.007937437
0.029469708
0.025670394
0.045866124
0.016516887
0.048279047
0.033661056
0.016301177
0.037459515
0.019087661
0.031219568
0.028644199
0.016242139
0.022270892
0.005003847
0.016210856
0.017444037
0.087945275
0.12112048
0.055658586
0.014914627
0.02342392
0.041837875
0.05214157
0.04369373
0.019523792
0.0584059
0.03602104
0.047143646
0.08358812
0.035897907
0.043341756
0.07096074
0.03742306
0.0018681197
0.017479638
0.00779073
0.03277513
0.04681372
0.0626081
0.06607029
0.041124247
0.025275761
0.029070817
0.023314927
0.039359313
0.037098374
0.039735973
0.0667678
0.070513666
0.07044759
0.08239343
0.041532714
0.044532496
0.046895593
0.030264305
0.012215118
0.012170985
0.0097095985
0.007060603
0.021450568
0.042575024
0.03355836
0.0381802
0.04049363
0.042357784
0.032778088
0.024947839
0.003051847
-0.0030518398
0.003051829
0.0030518146
-0.0030517967
0.0
-0.0061035
-0.0030517213
-0.006103378
-0.0061033056
0.0030516135
-0.006103141
0.0
-0.0030514733
0.0
0.003051362
-0.003051301
0.0030512363
-0.003051168
0.0
-0.0061020413
-0.0061018835
-0.003050859
-0.006101546
0.0
-0.0061011794
-0.0061009857
-0.0030503923
-0.0061005764
0.0
0.0
-0.003049954
-0.0030498356
-0.006099427
-0.0030495878
-0.006098917
0.0
0.0
-0.0030490493
0.0030489056
-0.0030487585
0.0
0.0
0.0030482954
0.0030481338
0.0
0.0
-0.0030476279
0.0
-0.0030472726
0.0
0.0060938057
0.0
0.003046519
0.0
0.0030461205
0.009137749
0.003045708
0.0060909926
0.0030452812
0.0
0.0
-0.0060892277
0.0030443843
0.0
0.0
0.0030436744
0.0
0.0030431831
0.0
0.006085355
0.0
0.0030421577
0.0
-0.0030416236
0.0
-0.0030410753
0.0030407957
0.0
0.003040226
0.0030399356
0.0
0.0030393444
0.0030390436
0.006077478
0.003038431
0.006076239
0.0030378043
0.0
-0.0030371633
-0.0030368373
-0.0030365079
0.003036175
-0.0030358385
-0.0030354983
0.0
-0.0030348075
0.0060689137
0.0030341025
0.0030337449
-0.0030333833
-0.0030330184
0.0
-0.003032278
0.0030319025
0.0
0.0030311407
0.0
0.0030303646
0.0060599428
0.0
0.0030291742
0.0030287702
0.0
0.0
-0.0030275374
0.0
0.0
0.0
0.0
-0.0030254116
0.0
0.0
0.003024094
0.0030236477
0.0
0.0030227446
0.0
0.0030218272
0.0
0.0030208959
0.0030204249
-0.0030199504
0.0
-0.0060379817
0.0
0.0
0.0
0.0030170297
0.0030165305
0.006032056
0.0
0.0
0.0
0.0
-0.0030134625
-0.003012939
-0.0030124118
-0.0030118811
0.0
0.0030108094
0.0030102683
0.0030097237
0.0
0.0
-0.003008069
-0.0030075102
0.0
0.0
-0.0030058138
0.0
0.0
0.0
0.0
0.0
0.0
0.0
0.0030011362
0.0
0.002999932
0.0
0.0
0.0
-0.0029974822
0.002996861
-0.0059924726
0.0
0.0
0.0
0.0
0.0
0.008977248
0.0029917674
0.002991115
0.0
-0.0059796004
0.0
0.0
0.0
0.0
0.0
0.005971546
0.0
0.005968806
0.008951139
0.0059660384
0.008946967
-0.005963244
0.0
-0.0059604216
0.0029795002
0.0
0.0
0.0059546954
-0.0059532467
0.005951791
0.0
0.0029744296
0.0
0.0
0.0
0.0
0.0
0.0
-0.005938384
0.0
-0.00593533
0.0
0.0
-0.005930698
0.0059291404
0.0
0.005926005
0.0
-0.0059228423
0.005921251
-0.005919653
0.0
-0.002958218
0.0
0.0
-0.0029557804
0.005909922
0.0
0.0059066247
0.002952483
0.0
0.005901628
-0.0029499745
0.0058982633
0.0
0.0
0.0
0.0
0.0058897347
-0.0029440045
0.0058862767
0.0
-0.0058827917
0.005881039
0.0
0.0058775144
0.0
-0.0029369814
0.0
-0.0058703846
0.0058685853
0.0
0.0058649676
0.0
-0.0058613233
0.0
-0.0029288263
0.005855807
0.0
0.0
0.0
-0.00584836
0.0
-0.0058445963
0.0029213524
0.0029204036
0.0
0.008755486
-0.0029175368
0.0029165747
0.0
0.0
0.005827337
-0.0029126934
0.0029117148
-0.0058214664
0.0
0.00290876
-0.0029077684
0.0058135474
0.0
0.0
0.0
0.0
0.002901751
0.0
0.008699158
-0.0028986987
0.0
0.0
-0.0028956172
0.0028945834
-0.0028935466
0.0
0.0
-0.002890417
0.008668101
-0.0028883142
0.002887258
0.0
-0.0028851363
0.0
-0.008649005
0.0028819295
-0.008642563
-0.0028797756
-0.0028786939
-0.002877609
0.011506083
0.0
0.0028743353
0.0
0.0
0.0
-0.008609777
0.005737631
-0.0057354043
-0.0028665855
0.0
-0.0057286858
0.002863217
-0.0057241754
0.0028609554
0.0
-0.0028586814
0.005715079
-0.0057127895
0.0028552467
-0.005708191
0.0
0.0
-0.011402493
0.0028494596
-0.011393171
0.0
0.0
0.0
0.0056871893
-0.0028424123
0.005682454
0.0
0.0
0.0
-0.005672909
0.0028352535
-0.008502149
0.0
0.0
-0.0056608384
0.0056584063
-0.0028279838
0.005653523
0.0
-0.0028243074
0.002823076
-0.0056436826
0.0028206035
-0.005638726
-0.0028181192
0.0
-0.005631245
0.0056287395
-0.0056262277
0.00562371
0.0
-0.0028093278
0.00842418
-0.0028067888
0.008416545
-0.0028042379
-0.0028029578
-0.0028016747
-0.011201554
0.0027990995
-0.008393423
0.0027965123
0.0027952143
0.0
0.008377828
-0.0027913023
0.0055799843
0.0027886792
0.0
0.005572089
-0.008354167
0.0027833977
-0.0055641397
0.0
0.0027794056
-0.0027780689
0.0055534584
-0.00832616
0.0055480823
0.0027726928
0.0
0.008309961
-0.00553726
0.0027672697
-0.00829772
-0.005529081
-0.0027631717
-0.0082853995
0.0055208504
-0.005518095
0.0055153337
0.0
-0.002754897
0.0137675395
-0.0027521157
0.011002883
0.0
-0.0027479222
0.0027465185
-0.008235335
0.005487405
-0.010969161
0.0
0.0
-0.0027380362
0.008209838
-0.0054703723
0.00820127
-0.0027323244
0.0
0.0027294515
-0.0081840325
0.0027265672
-0.008175362
0.0
0.0027222193
-0.0027207646
0.0054386137
-0.0054356926
0.0054327664
0.002714917
0.0
0.010847906
-0.002710502
0.008127074
-0.0027075447
-0.0027060618
0.0027045761
-0.0054061757
0.00810479
-0.0054002055
0.005397212
0.0
0.0
0.013470497
-0.0026925916
0.010764325
0.0
-0.0026880521
0.0053730668
-0.008055036
0.0026834877
-0.010727844
0.0
-0.002678899
-0.002677364
0.010703305
-0.0053485716
0.0053454856
-0.0026711968
-0.0026696483
0.0026680971
-0.00799963
0.00799496
-0.007990282
0.0
0.0
-0.0079762
0.013285817
-0.0053111813
0.007962046
0.0
-0.005301714
0.007947821
-0.007943063
0.007938297
-0.005289016
0.0026429142
0.0026413177
-0.007919156
0.010552468
-0.0052730255
0.007904718
0.0026332962
-0.002631684
0.007890208
-0.002628452
0.01313416
-0.0026252095
0.0
0.0026219566
-0.010481305
0.010474774
-0.005234116
0.0026154201
0.0052275592
0.0
0.010441963
-0.005217685
0.010428767
0.0026055383
0.0
0.0078066722
-0.0052011264
0.0051977993
-0.007791701
0.0
0.002593894
-0.0025922204
0.010362178
-0.0051777316
0.0077615543
0.0
0.0
0.010328506
-0.005160871
0.007736226
-0.005154092
0.0
0.0
-0.010287773
0.0051404745
-0.007705587
0.0051336363
0.0
-0.0025633893
0.010246685
-0.0076798517
0.0076746824
-0.0025565021
-0.0025547743
0.005106088
-0.010205245
0.005099152
-0.010191354
0.0025460985
0.0025443563
-0.0076278346
0.010163458
-0.00507823
0.010149452
0.0
-0.0025338521
0.005064186
-0.012651659
0.0025285678
-0.010107207
-0.0025250332
0.0
-0.007564468
0.010078855
-0.0075538075
0.007548467
0.0
-0.0050251763
0.0050216024
-0.012545058
0.007521659
-0.005010851
-0.0025036293
0.0025018305
-0.012500147
0.0049964525
-0.004992841
0.0049892254
0.0024928025
-0.00249099
0.012445876
-0.007462075
0.007456617
-0.0024837174
-0.0024818936
0.0049601356
-0.009912957
0.0049528177
-0.009898305
0.004945482
0.002470904
-0.0024690644
0.014803337
-0.004930758
0.009854131
-0.0024616846
0.0
0.004915963
-0.0073683797
0.014725617
-0.009809641
0.0
0.0
-0.007340458
0.012224757
-0.0048861625
0.009764836
0.0
-0.002437458
0.009742317
-0.007301095
0.0121590765
-0.0024299303
0.002428043
0.0
-0.009697048
0.007267105
-0.009681891
0.0048371498
0.0024166747
-0.0048295455
0.009651475
-0.00964385
0.009636217
-0.0024071436
-0.0024052311
0.0024033168
-0.0096056005
0.007198444
-0.009590243
0.002395638
-0.0023937132
-0.009567145
0.0047797146
-0.0071637793
0.009543974
0.0
0.0
0.004760365
-0.009512966
0.009505194
-0.00712306
0.0023724062
0.0
-0.009474025
0.0070996596
-0.009458393
0.0070879236
0.0
-0.0023587213
0.007070276
-0.009419175
0.011764135
-0.004701717
0.0
0.007040745
-0.011724703
0.007028892
-0.011704928
0.0023390055
0.0
-0.0046700784
0.009332213
-0.0069931955
0.011645377
0.0
0.00232509
0.004646189
-0.0069632917
0.006957294
-0.011585484
0.004630188
0.0
-0.006933247
0.011545369
-0.011535318
0.009220205
0.0
0.0
0.011495019
-0.009187938
0.011474815
-0.00458588
0.00458183
0.0045777764
-0.006860579
0.009139317
-0.011413986
0.009123053
-0.0022787277
0.0
0.011373255
-0.0068178303
0.011352837
-0.0068055685
0.0
0.0
-0.011311894
0.00904131
-0.011291372
0.0
-0.0045083254
-0.004504209
0.0090001775
-0.0044959653
0.013475515
0.0
0.0022417873
0.0044794376
-0.008950594
0.008942307
-0.008934013
0.0
0.0
-0.0044545447
0.008900769
-0.0066693313
0.008884108
0.0
0.0
0.0044295336
-0.008850708
0.011052926
-0.006625476
0.0066191917
0.0
-0.011011014
0.0066003096
-0.013188012
0.0065876977
0.0
0.0
0.010947906
-0.006562417
0.010926808
-0.004366499
0.0021811358
0.004358041
-0.008707615
0.008699141
-0.010863327
0.0021705441
-0.0021684214
-0.0043325936
0.010820854
-0.0064861304
0.010799573
-0.0043155686
0.0021556523
0.0064605568
-0.01075692
0.010746239
-0.00644133
0.0
0.0
-0.0064220633
0.0064156326
-0.010681996
0.006402758
0.0
0.0
0.010639023
-0.006376957
0.010617494
-0.006364031
0.0063575623
0.0042340592
-0.010574352
0.0063381293
-0.010552739
0.006325153
-0.0042124395
0.0
0.008407544
-0.006299152
0.012585283
-0.006286127
0.0062796087
0.0041820575
-0.0062665595
0.006260029
-0.01250699
0.006246956
-0.002080138
-0.002077956
0.00830309
-0.0062207635
0.010357009
-0.0020692146
0.0020670262
0.006194509
-0.008250581
0.008241812
-0.010291297
0.0
-0.0020538683
-0.006155013
0.00819789
-0.012283636
0.008180287
-0.0061286082
0.0
0.008153845
-0.006108766
0.010170241
-0.00812736
0.0020296304
0.0020274199
-0.008100832
0.00809198
-0.010103904
0.0020185653
-0.0020163488
-0.0020141313
0.00804765
-0.0080387695
0.010037356
-0.002005249
0.0020030257
0.0040016025
-0.009992878
0.007985395
-0.009970605
0.0019918922
-0.0039793244
-0.005962293
0.007940795
-0.007931862
0.011884387
-0.0019784956
0.0
0.003948043
-0.0078871325
0.007878173
-0.009836514
0.0019650608
-0.0019628182
-0.007842298
0.0058749886
-0.011736502
0.0058615105
-0.0019515889
0.0
0.0077883606
-0.009724196
0.009712937
-0.0077613387
0.0038761615
0.001935826
-0.009667852
0.0038626273
-0.011574335
0.005780392
-0.0019245378
-0.0019222773
0.011520095
-0.009588768
0.009577451
-0.0019132261
0.001910961
0.005726085
-0.009532141
0.0057124807
-0.009509458
0.001899622
-0.0018973516
-0.0037901604
0.007571232
-0.005671605
0.011329566
-0.0018859863
0.0
0.005644303
-0.0075166277
0.007507515
-0.0074983994
0.0037446402
0.0018700395
-0.003735516
0.0055964277
-0.009315964
0.005582727
0.0
-0.001856339
0.0074162115
-0.0055552977
0.0092473915
-0.0036943797
0.0036898013
0.0018426107
-0.00736128
0.009190142
-0.0073429453
0.00550033
-0.0018311498
-0.0018288554
0.0073062414
-0.007297058
0.009109841
-0.0036393418
0.0036347462
0.003630149
-0.005438326
0.0072419015
-0.0090408735
0.0054176208
-0.0018035716
-0.0036025383
0.0071958634
-0.007186648
0.008971788
-0.0035841048
0.0
0.005362321
-0.0071405335
0.007131303
-0.0053415527
0.0035564175
0.0
-0.0035471788
0.0070851156
-0.0088448385
0.00883328
-0.0017643437
-0.0017620309
0.008798587
-0.0035148072
0.010530534
-0.0017527741
0.0052513755
0.0017481424
-0.0052374774
0.0069740345
-0.008705955
0.0034777457
-0.0034731084
-0.0034684702
0.0069276616
-0.005188786
0.008636373
-0.0034499073
0.0
0.0034406201
-0.005153963
0.0051469943
-0.0068533653
0.0017110176
-0.0034173867
-0.005119106
0.003408087
-0.006806872
0.0067975684
-0.0033941315
-0.001694739
0.0033848237
-0.005070253
0.0067510256
-0.0050562844
0.0016830994
-0.0016807704
-0.006713764
0.0033522225
-0.008368906
0.005014352
-0.0016691198
-0.0016667887
0.0049933717
-0.0066485014
0.008298966
-0.0033149216
0.004965384
0.004958385
-0.006601847
0.004944384
-0.008228971
0.0016434599
-0.0032822508
-0.0032775812
0.006545822
-0.006536481
0.009790708
-0.003258898
0.0032542257
0.0032495533
-0.0048673204
0.0064804135
-0.006471066
0.0032308586
-0.0016130919
-0.0016107543
0.0064336658
-0.006424314
0.004811221
-0.003202804
0.0015990634
0.0047901743
-0.0047831577
0.007960234
-0.0047691227
0.0047621047
0.0015850288
-0.0047480674
0.0047410484
-0.0078900475
0.0047270088
-0.0015733294
-0.0015709891
0.0031372977
-0.004698925
0.009383807
-0.0031232545
0.0046778596
0.0015569457
-0.0062184194
0.001552264
-0.010849461
0.0
-0.0046357224
-0.004628699
0.0030811168
-0.0076910863
0.006143504
-0.0030670695
0.0015311934
0.0015288522
-0.0061060432
0.003048339
-0.009130969
0.0015194869
-0.0015171455
-0.004544413
0.0030249262
-0.0075506093
0.0030155615
-0.0030108793
0.0
0.0045022727
-0.0044952496
0.0059843026
-0.0029874695
0.0029827883
0.0014890534
-0.0044601383
0.0029687446
-0.00741016
0.0029593832
-0.0029547028
-0.0029500227
0.0044180145
-0.0058813263
0.0073399595
0.0
0.004389939
0.004382921
-0.0058345385
0.004368887
-0.0058158273
0.0014516183
-0.0014492797
-0.002893883
0.0028892069
-0.0057690623
0.0043197838
-0.0028751807
0.0014352531
0.002865832
-0.0042917375
0.0042847274
-0.007129531
0.00284714
0.0
-0.0028377967
0.0028331259
-0.0070711393
0.0028237859
-0.0028191167
0.0
0.0042146696
-0.0028051122
0.0070011127
-0.0027957787
0.002791113
0.0013932239
-0.0027817832
0.0027771192
-0.0069311396
0.0013838967
-0.004144697
-0.0013792351
0.0027538096
-0.0027491497
0.005488981
-0.002739832
0.0013675871
0.0013652586
-0.002725861
0.005442411
-0.008149653
0.0
-0.002707244
-0.0054051834
0.0026979402
-0.0053865793
0.0053772796
-0.0013419954
0.0013396714
0.0013373479
-0.005340099
0.005330808
-0.005321519
0.0
-0.0013257368
-0.0039702477
0.0013210955
-0.0052751023
0.003949369
-0.0026282747
0.0
0.003928503
-0.0013071836
0.0065243337
-0.003907651
0.0013002346
0.0012979193
-0.0012956045
0.003879871
-0.0051639066
0.0012886636
-0.003859053
-0.001284039
0.0025634551
-0.005117667
0.005108426
-0.0012747968
0.0
0.0012701792
-0.0038036138
0.002531128
-0.006316287
0.0012609513
-0.0025172918
-0.003769023
0.0025080738
-0.0050069336
0.0037482914
-0.0024942565
0.0
0.0012425258
-0.0037206765
0.004951704
-0.0037068813
0.0012333288
0.0
-0.0036862036
0.002452877
-0.003672429
0.0036655448
-0.0024391084
0.001217261
0.0012149684
-0.0036380298
0.0048415423
-0.0012080952
0.0024116111
0.0
-0.003603686
0.0011989414
-0.0059832744
0.0011943692
-0.0023841683
0.0
0.0035625496
-0.0035557018
0.0059147603
-0.0023613423
0.0023567819
0.002352223
-0.003521499
0.0035146659
-0.0046771136
0.0011670024
-0.0023294543
-0.0023249057
0.0011601793
-0.00347372
0.0034669049
-0.0011533641
0.002302188
0.0034464747
-0.0011465566
0.0034328678
-0.004568091
0.0022795144
0.0
-0.0022704578
0.0011329661
-0.005653521
0.0022568866
-0.0022523664
0.0
0.002243332
-0.0022388177
0.0044686105
-0.0022297949
0.002225286
0.0
-0.0022162749
0.0022117721
-0.004414543
0.0
-0.003297414
0.0
0.0021892886
-0.0043695956
0.0043606185
-0.0021758226
0.002171338
0.0021668556
-0.0021623753
0.002157897
-0.0043068416
0.0
-0.0021444748
-0.0010700026
0.0021355373
-0.0031966078
0.004253217
0.0
0.0021176885
0.0031698474
-0.0021087772
0.0042086495
-0.0020998747
0.0
-0.0010454906
-0.002086538
0.0010410484
-0.003116487
0.0020732216
-0.0010343937
0.0010321777
0.003089889
0.0
0.0051276847
0.0
0.0020422311
0.0010189067
-0.001016699
0.002028985
-0.0030368618
0.0
-0.0040315213
-0.0010056787
0.0020069564
-0.003003837
0.0039963243
0.0
0.0029840667
0.0019849893
-0.0019806034
0.00197622
-0.0029577587
0.0
-9.815425E-4
-0.0029380678
0.0
-0.0019499732
0.0029184115
-9.706224E-4
0.002905327
0.0028987904
0.0
0.0038476393
-0.002879205
0.0028726845
-9.553893E-4
-9.532185E-4
0.0019020981
-0.0037955234
0.0028401425
-9.445487E-4
0.0
0.002820666
9.3806075E-4
0.0037436034
0.0
0.0037263408
9.294295E-4
0.0
0.0018502446
-0.0027689124
-9.2082075E-4
-0.0027560163
-9.165249E-4
0.0018287582
0.0
0.0036403674
0.0
0.0036232418
9.036719E-4
0.0
0.0026981977
-0.0035890606
0.0
-0.0017860027
-0.0017817434
8.887435E-4
-0.0026598505
0.002653475
0.0
0.0017604918
0.0017562505
0.0
0.0034955544
-8.717726E-4
0.0017393162
-8.6754514E-4
-0.0017308675
0.0
-0.002583647
0.0017182179
-8.570038E-4
8.549002E-4
0.0017055965
0.0
0.004242995
0.0
0.0025332184
-8.423121E-4
-8.402197E-4
0.0
-0.004180199
8.339522E-4
-0.0016637326
0.0
8.276994E-4
-8.2561834E-4
0.004117695
0.0
0.0032775411
0.0016346218
0.0
0.0024395015
-0.0016221956
8.090301E-4
-8.069641E-4
0.0
8.028372E-4
-0.0016015526
0.0023961514
0.0
0.0015892078
0.0015850997
0.0
0.003153788
-0.0015727963
0.001568702
-7.8230567E-4
-0.0015605241
7.782202E-4
-0.0023285402
0.0015482835
-7.7210524E-4
7.700704E-4
0.0015360749
7.660062E-4
0.003055907
7.6194917E-4
0.0030396932
7.5789925E-4
0.0
0.0015077132
-0.002255514
0.0014996425
-0.002243419
0.0
0.0014875638
-7.4177247E-4
0.0036988244
0.0
0.002207266
0.0014675065
7.317531E-4
0.0021892644
-0.0014555168
7.2576385E-4
-0.0021713136
-0.0014435609
7.1979157E-4
-0.0014356092
0.0021474587
-7.138364E-4
0.0014237103
0.0014197516
0.0
0.0028236916
-7.0394936E-4
0.0014039555
-7.0000807E-4
-0.002094121
0.001392149
-0.002082332
0.0013842976
-0.0013803778
6.8823097E-4
0.0013725499
-6.84321E-4
0.0034118448
0.0
0.0027138835
6.765249E-4
0.0
0.0020179164
-0.002682795
0.0
-0.0020004741
-6.6489074E-4
6.6295883E-4
-0.0013220578
0.001977303
-0.0013143503
0.0026210055
0.0013066592
-6.514099E-4
0.0012989846
-0.0019427302
0.0012913265
-0.0012875036
-0.0012836849
0.0
-0.00191409
0.0019083807
-6.342259E-4
0.001264654
0.0012608604
-6.285355E-4
0.0018799287
-0.001249505
0.0012457282
-6.2097795E-4
-0.0012381877
0.0
-0.0024613284
6.1345444E-4
-0.0012231579
0.0
6.078344E-4
-0.0012119306
0.0018122953
-0.0012044675
0.0018011136
0.0011970217
-5.966527E-4
0.0011895933
-0.0023717715
0.0
-0.0017677257
-5.873947E-4
5.8554974E-4
-0.0011674139
0.0017455992
-5.800281E-4
0.002312768
0.0011527162
-5.745265E-4
0.0017180913
-0.0022834798
5.690451E-4
-0.0011344448
-5.6540204E-4
5.635839E-4
-0.0016853041
0.0011199089
-0.0011162863
5.563341E-4
0.0011090547
0.0
0.0022036827
-0.0010982417
0.0010946464
-5.4552796E-4
-0.00108747
0.0
-0.002160624
0.0010767399
-0.002146345
0.0
5.330258E-4
-5.3124916E-4
0.002647374
-5.277028E-4
0.0015777994
5.241658E-4
-5.224009E-4
5.206383E-4
-0.0020755124
-5.1712024E-4
-0.0015460943
-5.1361165E-4
-5.1186094E-4
-0.001530338
0.0015251001
-5.066232E-4
0.0015146461
0.0010062866
-5.0140696E-4
0.0014990192
-9.958831E-4
9.92425E-4
-0.0014834575
-0.0014782848
0.0
-0.001957282
9.7520713E-4
-4.858891E-4
4.841771E-4
4.824675E-4
-4.8076038E-4
0.0014371673
-9.547071E-4
9.513077E-4
-4.739566E-4
-4.7226183E-4
0.0
-0.0023443988
4.671924E-4
-0.0013965227
4.6382527E-4
9.242909E-4
0.0
0.0018351732
0.0
0.0018218049
9.075679E-4
-4.5211922E-4
9.00914E-4
-0.001346392
4.471402E-4
-8.9097116E-4
-4.4383353E-4
4.42184E-4
-8.810741E-4
0.0021944633
-4.372508E-4
0.001742446
8.6794957E-4
-4.3234063E-4
0.0021535454
-8.5816014E-4
8.549073E-4
-4.2582984E-4
-4.242086E-4
4.2258998E-4
-0.0012629217
0.0012580814
-4.1774963E-4
8.322828E-4
8.2907156E-4
0.0
0.002056662
0.0
0.0016325581
0.0
-4.0495716E-4
0.0
-0.0020089268
4.0020343E-4
-7.972483E-4
3.9704752E-4
0.0015818942
0.0
0.0023540016
0.0
0.0015568173
0.0011629311
3.8608574E-4
0.001538122
-0.0015319117
3.8142802E-4
-0.0011396424
-3.7833632E-4
0.0
-3.7525545E-4
0.0014948763
-3.721854E-4
0.0011119634
3.6912624E-4
-3.6760073E-4
0.0010982339
-3.645579E-4
3.630406E-4
-0.001084578
-7.2002836E-4
-3.585051E-4
-0.0017849937
7.109903E-4
-7.079886E-4
3.5249625E-4
7.0200185E-4
-3.495084E-4
0.0013920744
-3.465316E-4
0.0013801896
0.0
-3.4208727E-4
3.4061138E-4
-0.0013565532
0.0
-0.0010086015
0.0
3.3327393E-4
-3.3181484E-4
9.910758E-4
0.0
9.823635E-4
0.0
0.0
3.2311952E-4
-0.0012867207
0.0
-0.0012752401
-6.3475844E-4
0.0
-9.435784E-4
9.393116E-4
-3.1168445E-4
6.2053575E-4
6.1770837E-4
0.0
0.0012241416
-3.0463032E-4
9.096843E-4
-6.036575E-4
-9.012969E-4
-2.9903874E-4
-0.0011905922
2.9626026E-4
-8.846261E-4
0.0
0.0
0.0
8.6809444E-4
-2.8799445E-4
8.59881E-4
0.0
-5.678017E-4
0.0
-0.0014059319
0.0
-8.3545095E-4
-2.7713669E-4
0.0
-2.7445157E-4
5.4622686E-4
-2.7177826E-4
8.113381E-4
0.0
-2.6779043E-4
5.3293415E-4
-7.9544005E-4
0.0
-7.875444E-4
-5.2240666E-4
-2.5989482E-4
-2.585893E-4
5.1457353E-4
-2.5598722E-4
0.0010187627
5.067942E-4
2.5210652E-4
0.0010032759
-2.4953438E-4
4.9650564E-4
-4.939485E-4
-4.9139746E-4
-4.888524E-4
-9.726267E-4
0.0
-4.812534E-4
4.7873252E-4
4.7621765E-4
2.3685445E-4
4.7120618E-4
-2.3435478E-4
6.9932855E-4
0.0
0.0
0.0
-9.126355E-4
0.0
-4.514038E-4
0.0
4.4651428E-4
0.0
6.6247396E-4
2.1961302E-4
6.5521343E-4
4.3439798E-4
0.0
4.2959454E-4
-8.544042E-4
2.124079E-4
-6.336536E-4
-4.200618E-4
0.0
-4.1533262E-4
4.1297733E-4
-4.1062824E-4
6.1242806E-4
4.0594873E-4
2.0180915E-4
6.019412E-4
-1.9948809E-4
0.0
-5.9153856E-4
-3.9205985E-4
-1.9488347E-4
-7.7496056E-4
0.0
-3.829258E-4
0.0
1.8919821E-4
-1.880706E-4
5.608384E-4
0.0
3.694133E-4
0.0
-3.6495956E-4
-1.813711E-4
-5.407968E-4
0.0
-5.341922E-4
-1.7696805E-4
0.0
-1.7478557E-4
5.210973E-4
0.0
5.146071E-4
1.7045879E-4
1.6938508E-4
0.0
-5.0174166E-4
0.0
-6.604886E-4
-4.9219327E-4
-1.630099E-4
-4.8587576E-4
1.6091048E-4
0.0
1.5882392E-4
1.5778546E-4
3.1350047E-4
4.6715466E-4
0.0
3.0732775E-4
-4.5792465E-4
-1.5162246E-4
-1.506066E-4
-5.983759E-4
0.0
-4.427354E-4
0.0
1.4557593E-4
1.4457954E-4
4.307592E-4
1.425965E-4
5.664395E-4
0.0
0.0
-1.3866955E-4
-5.507839E-4
-1.3672565E-4
-4.0727583E-4
-1.3479484E-4
-1.3383434E-4
0.0
5.276927E-4
1.3097253E-4
2.6005032E-4
1.2908108E-4
1.2814028E-4
3.8160832E-4
-3.7880568E-4
0.0
-4.9764005E-4
-2.4697138E-4
-2.4512934E-4
-4.8658784E-4
1.2073255E-4
-1.19821445E-4
1.1891366E-4
2.3601836E-4
2.3421603E-4
1.1621017E-4
0.0
1.1442443E-4
-2.2707309E-4
-1.12651986E-4
-2.235415E-4
-4.435714E-4
-1.1001828E-4
-4.3658816E-4
1.08279135E-4
1.0741457E-4
1.0655334E-4
3.1708638E-4
0.0
3.1196917E-4
0.0
-1.02297374E-4
-1.0145623E-4
-3.018553E-4
-9.9783996E-5
-4.947646E-4
-1.9625039E-4
-1.9460167E-4
0.0
1.9132442E-4
9.484794E-5
3.761482E-4
1.8645906E-4
9.2425376E-5
9.16246E-5
-1.816544E-4
-9.003318E-5
-2.6772762E-4
-1.7691057E-4
-8.767141E-5
-2.6067276E-4
8.6113825E-5
-8.5340114E-5
1.6913959E-4
1.6760573E-4
2.4911802E-4
2.4683762E-4
8.152247E-5
8.076914E-5
-1.6003841E-4
-7.927268E-5
-1.5705911E-4
-3.1115935E-4
0.0
-1.5264128E-4
7.559116E-5
7.486509E-5
0.0
2.2026962E-4
1.4541479E-4
2.8798002E-4
7.1286035E-5
-7.0580485E-5
-6.987837E-5
-2.7671873E-4
-1.3696884E-4
-2.7117034E-4
-6.710419E-5
0.0
-6.57377E-5
1.9517883E-4
6.438496E-5
1.9114125E-4
1.8913797E-4
6.238167E-5
1.2344157E-4
-1.2212672E-4
0.0
-1.7927654E-4
-1.773353E-4
-5.846814E-5
-1.734839E-4
1.1438251E-4
0.0
1.6778459E-4
1.10603716E-4
1.0935797E-4
2.1623829E-4
0.0
1.5849344E-4
-5.2222134E-5
-5.1616593E-5
-5.1014522E-5
-1.5124776E-4
-4.9820796E-5
-1.9691659E-4
4.8640974E-5
0.0
0.0
1.8758929E-4
4.6323068E-5
1.372569E-4
9.037003E-5
4.4621214E-5
4.40609E-5
-8.700816E-5
0.0
-1.696036E-4
-8.37091E-5
-8.262339E-5
-4.0772335E-5
8.0472935E-5
0.0
3.9175233E-5
3.8649865E-5
3.8128E-5
3.7609636E-5
0.0
0.0
-7.2151146E-5
-1.0671369E-4
-1.402816E-4
-1.0371923E-4
3.4079265E-5
-3.3588964E-5
3.310218E-5
3.2618907E-5
0.0
9.498873E-5
0.0
6.144198E-5
-3.0255305E-5
-5.958629E-5
-2.9334506E-5
-1.1551756E-4
0.0
-8.39392E-5
2.7535194E-5
5.4188364E-5
2.66567E-5
7.866824E-5
2.5792324E-5
1.0146173E-4
2.4942075E-5
2.452225E-5
2.410596E-5
-4.7386413E-5
0.0
-9.151323E-5
0.0
-2.2077566E-5
-2.1682503E-5
4.2581967E-5
0.0
8.207428E-5
4.027536E-5
3.952067E-5
3.877307E-5
0.0
0.0
-3.6572837E-5
-3.5853624E-5
-3.5141507E-5
-3.4436496E-5
0.0
-3.3047785E-5
3.236409E-5
1.584375E-5
1.5509011E-5
4.5533485E-5
1.4850202E-5
2.9052266E-5
-1.4205622E-5
-1.3888671E-5
-2.7150558E-5
-5.306179E-5
-1.2959177E-5
-5.0625873E-5
-1.2357323E-5
0.0
1.1769722E-5
4.5925073E-5
1.119638E-5
3.274517E-5
0.0
0.0
0.0
-1.9650883E-5
0.0
-3.7208185E-5
-9.045704E-6
-1.7585868E-5
-1.7087468E-5
8.298108E-6
-8.056054E-6
2.345272E-5
7.5826665E-6
7.3513343E-6
2.1370732E-5
0.0
0.0
-1.9385288E-5
-1.2496623E-5
-1.20768755E-5
-1.7496428E-5
0.0
-1.0860576E-5
1.0469461E-5
5.0427525E-6
4.854355E-6
1.4008616E-5
0.0
8.621301E-6
-4.1365797E-6
-3.9660918E-6
-7.598373E-6
-1.09075945E-5
-3.4761272E-6
-6.639947E-6
0.0
-3.0184206E-6
0.0
8.193626E-6
2.5929814E-6
9.833362E-6
2.3272864E-6
2.1998192E-6
2.075939E-6
-3.911293E-6
-1.8389417E-6
-6.9033E-6
-1.6162967E-6
-1.5103569E-6
-1.408006E-6
1.3092442E-6
0.0
3.3674664E-6
1.0344957E-6
1.9001849E-6
1.7385587E-6
0.0
1.4368491E-6
-1.9451493E-6
-1.1638651E-6
-1.038146E-6
-9.196094E-7
0.0
-3.5204212E-7
6.0709624E-7
2.5864583E-7
4.3467065E-7
3.592334E-7
0.0
2.2991101E-7
8.801307E-8
0.0
-4.4904837E-8
-8.621744E-8
-1.6165792E-8
-1.4369607E-8
-1.796202E-9
0.0
