1.006115
0.49973196
1.9083678
5.2295628
14.979884
20.800444
16.032553
6.1311636
16.402456
15.898542
27.030943
23.650171
25.087076
19.427883
22.36847
18.959581
27.03883
20.142975
15.405823
11.074414
11.40797
10.704689
5.6510243
5.0959024
4.3696904
4.344736
3.6248267
2.719608
2.4274566
1.9377711
3.5083878
4.405591
3.6516988
2.2911713
4.352014
3.7546175
1.3377639
1.0699009
0.51384014
1.5141734
3.0680356
1.9829707
4.8094664
5.9484057
4.2959375
4.7421722
2.8396373
2.1477563
3.9621434
3.1590874
2.9320703
3.175392
2.7607913
2.7760673
0.8098254
0.4730317
1.1530995
1.0345068
0.40771085
1.0731032
0.82093155
0.9317624
1.5256201
1.0060822
1.4092902
1.7918321
1.0803181
0.9339004
0.56504923
1.028904
0.6616194
0.1282911
0.61426574
0.7109277
0.78554946
0.62658143
0.4831951
0.69881225
0.44789767
0.33866248
0.56200475
0.2866886
0.3007777
0.1901427
0.4860694
0.48665377
0.17272785
0.25949585
0.37640896
0.17347038
0.43814683
0.018431302
0.35325617
0.087796055
0.2706753
0.34209698
0.29341757
0.49223217
0.60918856
0.52278304
0.29060444
0.4296629
0.081545286
0.52306974
0.4922581
0.43877685
0.511339
0.34657732
0.7620728
0.17204429
0.48092222
0.63009
0.46107104
0.42751542
0.3968201
0.370716
0.29204068
0.87180954
0.95217866
0.50948316
0.7684599
0.8412627
0.466405
0.5929577
0.67543715
1.0413734
0.8371988
0.36437726
0.7092732
0.62684274
0.44321766
0.9141548
0.5148559
0.14387648
0.24830712
0.14554964
0.070117824
0.4988396
0.8383514
0.6153394
0.34509146
0.22291589
0.16839741
0.23616637
0.15423608
0.29226843
0.379099
0.5494979
0.8023641
0.27845597
0.35898745
0.5721716
0.63031155
0.6000365
0.2245168
0.052567106
0.3568221
0.5414986
0.118775584
0.46708125
0.14252627
0.23471002
0.24320011
0.31660482
0.27651486
0.05562738
0.4970695
0.5329321
0.2535055
0.31122547
0.24511693
0.18500371
0.092230834
0.39874122
0.3245056
0.13535063
0.50696504
0.6331232
0.46317208
0.1591093
0.21567997
0.17905396
0.3569103
0.24460511
0.16544487
0.18664028
0.19654572
0.27898943
0.076961234
0.28030112
0.29989302
0.14724992
0.099616885
0.20397134
0.17020172
0.3008389
0.17055503
0.22156648
0.22246295
0.15962628
0.20669045
0.21534137
0.2283311
0.265555
0.19073924
0.25711223
0.27894872
0.18303868
0.16318019
0.16285823
0.32997432
0.42985213
0.0894321
0.2929712
0.38342997
0.35518768
0.4156225
0.20530498
0.26515576
0.25339657
0.052505594
0.22382055
0.14088097
0.32945168
0.26895112
0.14091761
0.08572912
0.12756805
0.19422783
0.09536634
0.059800062
0.20842765
0.321484
0.19189616
0.039220728
0.17213017
0.3481789
0.37228525
0.38040626
0.32578006
0.26146185
0.30193356
0.43510178
0.16116975
0.10413006
0.23176752
0.24518104
0.24976046
0.3259891
0.18928175
0.016466467
0.06543537
0.18486291
0.18060552
0.09879575
0.08004088
0.30846098
0.31046432
0.29249245
0.30472052
0.45395887
0.41897824
0.14370455
0.19556431
0.1738414
0.32076237
0.37954456
0.4792631
0.32094213
0.27950752
0.056629784
0.19579458
0.3120004
0.2107197
0.1475541
0.34438637
0.40331152
0.23516186
0.2347253
0.38310012
0.5390888
0.33409625
0.19141228
0.37024432
0.20082477
0.21591258
0.37794408
0.44536263
0.235092
0.41522297
0.287849
0.08144081
0.1804126
0.2539249
0.17634603
0.12858228
0.033992805
0.07863221
0.071774565
0.074856475
0.14424185
0.27899837
0.2167065
0.025744457
0.27540785
0.14251687
0.1614063
0.09165989
0.28128564
0.14983538
0.15313447
0.3274928
0.22738184
0.05489727
0.119562104
0.24204735
0.3337609
0.2266388
0.26785788
0.41798112
0.33753055
0.05329774
0.22158913
0.12513185
0.14405312
0.27312946
0.15256989
0.058950666
0.06667679
0.27067056
0.20045131
0.1423119
0.11456134
0.3198706
0.31291047
0.12711106
0.055924527
0.0069545787
0.22197273
0.27155897
0.107436866
0.14034477
0.2507258
0.25887552
0.36397263
0.5816106
0.43421516
0.11939257
0.1625389
0.13075003
0.27858675
0.32046166
0.10160376
0.18819195
0.21141827
0.14567415
0.22212666
0.084243946
0.13214299
0.17833483
0.16848919
0.41806468
0.41675404
0.14173986
0.2512989
0.23448049
0.027245339
0.12467452
0.07887066
0.0855425
0.17699064
0.1254164
0.27007222
0.30890843
0.3047789
0.22560719
0.17188103
0.27427652
0.34540084
0.34360626
0.3882602
0.3523863
0.41074926
0.41731417
0.24018729
0.060754675
0.22437686
0.39408255
0.24366209
0.19958964
0.11114365
0.35086828
0.40444326
0.066311605
0.23499423
0.3348609
0.12699667
0.20924518
0.2230866
0.25045797
0.42455015
0.38968155
0.2954399
0.34282392
0.106845245
0.28473333
0.15806869
0.072207175
0.24225457
0.5842842
0.43694764
0.12067687
0.13528672
0.26937068
0.20812988
0.26827592
0.22528806
0.24184516
0.3134279
0.40129152
0.61351717
0.3805108
0.07887653
0.029345056
0.1920844
0.4503821
0.5115478
0.5606977
0.48384455
0.25677785
0.37204668
0.6243941
0.4517479
0.09644697
0.3746399
0.1930063
0.28225052
0.49614036
0.3896923
0.06340283
0.20219211
0.2882067
0.51541305
0.7545883
0.33364373
0.27350134
0.3987908
0.2306145
0.68879306
0.5597464
0.20832263
0.46781617
1.0968944
0.8623631
0.16141349
0.24842323
0.11329228
0.23296054
0.47692117
0.49793515
0.20187123
0.12722905
0.35502326
0.5502208
0.24000093
0.07133522
0.26118234
0.05952429
0.26641572
0.17653689
0.14231576
0.048437458
0.32499665
0.52383626
0.2648513
0.4063392
0.19502231
0.56877846
0.96078265
0.9354634
0.805317
0.5618168
0.38199037
0.5891252
0.473161
0.17022675
0.37350276
0.15321673
0.35116127
0.5754457
0.5143425
0.07936226
0.5740985
0.4991068
0.19449422
0.5473318
0.3224925
0.5401472
0.15709059
0.6279752
0.56019473
0.67062926
0.86947227
0.3568471
0.29054582
0.40575945
0.24604332
0.49110532
0.28444803
0.063929334
0.2814172
0.47032323
0.45191288
0.5584761
0.57253546
0.47388598
0.55518883
0.29294395
0.3846756
0.7315117
0.57053447
0.10354403
0.43760425
0.3947545
0.20900996
0.4330942
0.43644828
0.38194805
0.19769219
0.18455204
0.36466783
0.42874426
0.6302097
0.7355296
0.20215277
0.2988805
0.81019384
1.1402384
0.7937679
0.35253555
0.68586963
0.2056795
0.26415867
0.2700727
0.20950194
0.42855325
0.54321474
0.6320882
0.4377207
0.4942303
0.7513127
0.6134942
0.12698576
0.63632137
1.053727
0.8346469
0.03967099
0.62756914
0.40844527
0.16025737
0.4537756
0.5521936
0.5340058
0.39679936
0.420464
0.25258052
0.5613962
0.50500673
0.8635409
0.42490497
0.262343
0.61045843
0.63751256
0.38126415
0.24590053
0.99537224
0.92527246
0.65494096
0.58058083
0.42272347
0.3689418
0.6747138
0.25183976
0.14057027
0.38198873
0.21961986
0.21943362
0.93828386
1.056459
0.8033349
0.54746854
1.5455909
1.3341883
0.85633546
0.80215514
0.41983473
0.31772032
0.4725988
1.0000854
0.96767855
0.46743608
1.424525
1.6727338
1.0375034
0.32541388
0.78181386
0.16784519
0.4554108
0.49605194
0.71389794
0.3985374
0.88384825
0.7645135
1.9665928
1.9035759
2.1004522
1.76602
0.9182577
0.6808548
0.9548567
1.0863177
0.18185611
0.63414204
0.7011085
0.4480176
0.49241638
0.889605
1.0047296
1.0205669
0.6740178
1.1878146
1.4727023
0.6050183
0.33304733
0.7239949
1.2315465
1.5790691
1.7297956
2.0613217
3.150969
3.4178107
2.7319221
2.6146789
2.6648078
1.3393666
0.9765726
1.9687328
1.8490983
2.301475
4.0301533
4.3081274
2.8493166
3.7937968
2.6652796
0.7412023
1.2176747
2.0604584
1.2366811
0.27091727
0.8111611
1.0598351
0.86518186
0.25826886
0.43960053
0.61747515
0.5193087
0.54333586
0.77211845
0.6284725
0.14828236
0.67842156
0.72626835
0.017587613
0.6777602
0.81676364
0.41650766
0.3315454
0.2978039
0.53013515
0.40124008
0.3142424
0.24044232
0.29239976
0.42204696
0.5035997
0.25771624
0.2611094
0.7514361
0.9601036
0.732145
0.5032228
0.47086787
0.36401165
0.7758744
0.7179532
0.14739978
0.37510428
0.16147764
0.30322325
0.25048488
0.123529725
0.3604829
0.3856486
0.3104497
0.11490188
0.22526686
0.2584707
0.34610257
0.14114513
0.32362884
0.34956756
0.07780733
0.39509487
0.66556036
0.421894
0.17980702
0.3721523
0.3075223
0.1441707
0.27033842
0.29754904
0.086616196
0.21103583
0.13678494
0.13528487
0.15892042
0.26974052
0.14446354
0.24464479
0.2633067
0.14710502
0.12138173
0.19159994
0.25849897
0.3163107
0.3888367
0.35772967
0.23915589
0.20233311
0.2408543
0.07830092
0.056611035
0.09320202
0.103772186
0.21021704
0.1692913
0.05226357
0.14956053
0.13607097
0.12586674
0.105750285
0.079054624
0.058519952
0.26255137
0.20946217
0.025754692
0.15828687
0.15818116
0.12770551
0.18086453
0.0699455
0.09071548
0.04922401
0.053365182
0.16317679
0.1667829
0.102583684
0.11094543
0.13405713
0.13530928
0.09037889
0.21632403
0.14672562
0.2762704
0.33590287
0.28675526
0.12360433
0.07791219
0.25981843
0.26877007
0.20696492
0.06604026
0.1277671
0.15518534
0.17452747
0.16748966
0.2466126
0.182341
0.10493203
0.0613271
0.19573942
0.34913263
0.2457133
0.21332753
0.40683818
0.41007003
0.15392555
0.2079801
0.14121804
0.21776073
0.26827908
0.24226382
0.070291676
0.27996582
0.26108947
0.12153037
0.05923883
0.1674105
0.22481942
0.109768935
0.18903631
0.2547101
0.19846623
0.21931939
0.24293537
0.30116078
0.21492696
0.14692265
0.17626624
0.07824818
0.13569582
0.17461152
0.29916587
0.32085773
0.08529012
0.2668623
0.37562904
0.3058264
0.24657609
0.106255844
0.19736491
0.29077384
0.24638334
0.114636056
0.23724267
0.21279939
0.07812802
0.16755337
0.11155378
0.05912789
0.08464514
0.12973548
0.17321697
0.14894836
0.039981786
0.033332933
0.085706145
0.12621842
0.08637185
0.022198053
0.1587673
0.22472751
0.19223933
0.19544822
0.101373546
0.17607057
0.24943256
0.105564855
0.10524332
0.1787852
0.1738417
0.10472976
0.1051446
0.17584777
0.15989016
0.1271512
0.10959374
0.1354893
0.041237425
0.19077748
0.11415799
0.06888961
0.16301742
0.13210514
0.08343482
0.123646274
0.29708996
0.1334572
0.18885659
0.22300543
0.1455336
0.16153553
0.07785436
0.02034085
0.09358377
0.035405423
0.18140452
0.21949579
0.16051187
0.11483511
0.033765193
0.1405497
0.08827698
0.027199887
0.051228344
0.0521498
0.2281656
0.28844965
0.12840898
0.16545478
0.13746311
0.060451496
0.1196507
0.24591492
0.12837787
0.13200016
0.051722866
0.1910152
0.1732872
0.1196021
0.04892363
0.19265068
0.14947467
0.05252425
0.1582727
0.1092545
0.09784169
0.18781902
0.16978836
0.22430834
0.17388247
0.08492926
0.038824186
0.04407564
0.103883624
0.11982716
0.026480176
0.1596589
0.24103115
0.24915028
0.25602385
0.22251713
0.1522176
0.17662533
0.18129292
0.2065678
0.092977084
0.06484965
0.081854455
0.12834042
0.14449011
0.098376505
0.15381972
0.082015306
0.09116128
0.1207541
0.14038584
0.069928296
0.022422312
0.0523253
0.0609439
0.1150974
0.20572013
0.2473733
0.1947815
0.06532657
0.011031676
0.13139501
0.299171
0.2132948
0.1202473
0.22499722
0.17970969
0.03958031
0.07982529
0.08568801
0.16730514
0.16568041
0.06195779
0.08774885
0.04872341
0.09925816
0.12856704
0.06666998
0.020703243
0.023379656
0.0050085606
0.08520306
0.11716522
0.029932845
0.06657625
0.11970709
0.17931305
0.15180132
0.055615477
0.05569507
0.13135004
0.1438569
0.11935241
0.20106417
0.18439516
0.13142414
0.0678557
0.11769846
0.24855198
0.15306298
0.14420885
0.09350632
0.04415444
0.009260513
0.13079621
0.19744243
0.19077928
0.20782103
0.19282167
0.11355805
0.048709184
0.072860934
0.12327244
0.051637344
0.06634813
0.111356154
0.1318011
0.034401212
0.12447834
0.13184799
0.026680753
0.033384673
0.0911714
0.0994222
0.092496194
0.07088998
0.16462687
0.18734778
0.1312383
0.021065217
0.12779744
0.08896426
0.1040092
0.046138976
0.17881237
0.1453687
0.039122738
0.06667033
0.1329083
0.11415738
0.03700147
0.04452667
0.10187648
0.09825765
0.19475964
0.25987303
0.22404489
0.17576484
0.039443612
0.14969082
0.14965728
0.12218763
0.16801107
0.15453625
0.05774814
0.07877305
0.14839384
0.153785
0.123403795
0.08227206
0.07073619
0.08182428
0.17463619
0.13617283
0.12793168
0.11006822
0.22121367
0.17420658
0.09396966
0.16442838
0.19956522
0.108436234
0.11374523
0.10376103
0.14203005
0.19288747
0.18854234
0.050164133
0.042222273
0.037319366
0.08150997
0.07913194
0.073562294
0.10953307
0.12451449
0.052452724
0.10490078
0.20038529
0.13999374
0.015740735
0.11295388
0.13679992
0.12741774
0.13175647
0.12033957
0.09356791
0.08547155
0.23493998
0.16384646
0.051887564
0.16110848
0.09471892
0.05689754
0.13337345
0.10607759
0.06407151
0.10132976
0.038062926
0.10773328
0.23022023
0.22934847
0.077941835
0.032912593
0.16002247
0.15147285
0.044427093
0.19385953
0.16767485
0.114060044
0.18315412
0.18379536
0.19600321
0.18433106
0.053595774
0.08289121
0.13448368
0.109930255
0.15146393
0.2210125
0.2014038
0.14709838
0.0440173
0.039129995
0.14862049
0.113123454
0.07781564
0.10830239
0.105835184
0.10931462
0.08675093
0.0624174
0.26209074
0.2746756
0.15623383
0.026454756
0.13429372
0.1489492
0.18670513
0.20045595
0.17923275
0.03979068
0.07138924
0.0804072
0.12693505
0.15918139
0.19001627
0.10199672
0.12948672
0.09659741
0.09161655
0.23888892
0.22698058
0.09764161
0.10909144
0.06748853
0.09089673
0.17010215
0.13729827
0.1531559
0.18807186
0.13443112
0.04798275
0.015406007
0.056282476
0.08966039
0.08146424
0.13670407
0.08058816
0.022557274
0.041874945
0.06063266
0.07238594
0.06064732
0.1414026
0.15121733
0.225512
0.17807136
0.13942191
0.18246292
0.19150072
0.23774604
0.19763824
0.17076539
0.22005424
0.12238244
0.07421359
0.20494172
0.17529108
0.03464803
0.06600327
0.14745224
0.16361551
0.20033805
0.14831991
0.12932776
0.12434862
0.1151733
0.13004291
0.20898454
0.18362696
0.11319187
0.22086957
0.17115957
0.12923571
0.13082846
0.06742014
0.085674435
0.045990728
0.17614447
0.1056314
0.08336556
0.11889139
0.04372674
0.06779122
0.05138257
0.016161498
0.09311089
0.06846057
0.07732419
0.11563707
0.118685275
0.28664336
0.31637293
0.29408288
0.21409054
0.1036722
0.16230993
0.13422094
0.12588902
0.060649447
0.27083096
0.11647184
0.19018856
0.2832628
0.21275245
0.037438996
0.27223602
0.26382133
0.22552377
0.18843594
0.30725238
0.23088099
0.0063404953
0.15736079
0.25218996
0.12566988
0.062735714
0.09185143
0.21138737
0.21800321
0.14426635
0.09006203
0.15985808
0.11480804
0.09177651
0.011632319
0.08048571
0.012102987
0.14071815
0.271077
0.20590669
0.008754653
0.14488712
0.19270796
0.12641627
0.18637234
0.27730858
0.20377763
0.17619051
0.19211198
0.195509
0.07897739
0.046711475
0.0024511553
0.0911089
0.1837859
0.18338333
0.102471285
0.08809748
0.16476236
0.060520053
0.23086154
0.13444905
0.06975851
0.26962104
0.28258467
0.25717482
0.25133932
0.21368605
0.1076637
0.20587088
0.2660134
0.08258308
0.19652548
0.2440716
0.15566166
0.052753028
0.04509234
0.12743019
0.19960703
0.24720995
0.17364044
0.07439975
0.13846
0.09949955
0.16579242
0.11745836
0.09800249
0.05040801
0.16224106
0.15921465
0.09567903
0.18043764
0.13622043
0.20326148
0.27702907
0.25798982
0.12176058
0.24400993
0.30755028
0.19398724
0.15606733
0.15353583
0.21818501
0.15993005
0.14578187
0.13514704
0.13615535
0.14942685
0.15368149
0.117022984
0.3039725
0.2112525
0.07638663
0.11510384
0.2024709
0.08944158
0.025982048
0.09826721
0.04431071
0.11416706
0.14381509
0.1341419
0.098535776
0.123131506
0.3133141
0.23418674
0.39650765
0.5474685
0.38501188
0.21787347
0.40650296
0.5196374
0.49150783
0.21037805
0.18003348
0.208419
0.11866723
0.18923582
0.2372569
0.27345288
0.06251173
0.22328563
0.2019244
0.17871967
0.23537031
0.20017982
0.2260858
0.33937252
0.26595148
0.2917854
0.5685436
0.2761259
0.3123702
0.48043752
0.24522667
0.06795537
0.14612557
0.080062844
0.31114352
0.34593576
0.2630454
0.13504197
0.11326562
0.03490361
0.16482788
0.20755668
0.10659705
0.03591704
0.30730277
0.51874834
0.27777162
0.12162826
0.19771676
0.14960901
0.06671917
0.108607605
0.211406
0.22570576
0.16830005
0.15659496
0.17978673
0.09797884
0.058953624
0.11144926
0.29538244
0.44589606
0.4258686
0.091025814
0.19425485
0.23554265
0.062983625
0.27649575
0.2882165
0.17525867
0.11271632
0.08223759
0.12668648
0.06788539
0.22260593
0.3318316
0.30473873
0.39481837
0.40802237
0.19218509
0.18027538
0.29975897
0.017631825
0.44862407
0.4827923
0.15924653
0.4511592
0.4415591
0.38865015
0.12019059
0.16281925
0.3847409
0.4896378
0.25661457
0.26444983
0.40848467
0.29245958
0.21546876
0.36336845
0.28446588
0.21943009
0.37996382
0.16086881
0.108716466
0.17166425
0.25312304
0.62241894
0.4265986
0.21832289
0.31250143
0.1400944
0.2126247
0.19984889
0.2835255
0.26949924
0.48110875
0.43768916
0.56806636
0.41414478
0.33794972
0.09191174
0.2696869
0.08700185
0.30040404
0.2871005
0.19097205
0.22380312
0.3184788
0.22890753
0.10579715
0.19257326
0.31475407
0.34217137
0.2034707
0.11055214
0.14954405
0.34574547
0.36987185
0.30133483
0.16252184
0.28709206
0.48634252
0.4748666
0.23883383
0.36440063
0.39669403
0.1511858
0.09663162
0.14552628
0.12806872
0.18127657
0.27872813
0.22305514
0.09178595
0.30042425
0.18774208
0.031450387
0.16744591
0.16922538
0.25259194
0.26717168
0.14748347
0.15968141
0.20973311
0.0990758
0.10341405
0.16322581
0.14473101
0.18561268
0.2541292
0.046717435
0.23071127
0.30075058
0.24617152
0.08473945
0.1483481
0.107234485
0.15598288
0.21342036
0.2069264
0.08568348
0.07144921
0.221284
0.21311462
0.26250592
0.44474462
0.36687642
0.1774425
0.048228268
0.113154195
0.09135031
0.13350512
0.17122781
0.12794352
0.18154925
0.21591623
0.14776757
0.22918148
0.22800775
0.21388975
0.17018272
0.16175628
0.15428127
0.2462865
0.2747335
0.21000002
0.19430238
0.09278578
0.12056241
0.15243135
0.0689207
0.08824579
0.23854242
0.252258
0.13129991
0.15256746
0.11330453
0.1056197
0.09706341
0.10510792
0.22590084
0.28932017
0.25290647
0.028502459
0.30714452
0.18949507
0.22715874
0.3228694
0.25412863
0.20811328
0.0828932
0.13785134
0.164633
0.062302485
0.13631116
0.162705
0.08165297
0.087337084
0.08543601
0.10690034
0.13555881
0.14700834
0.08116177
0.06497843
0.13267024
0.14055283
0.107287176
0.14662983
0.24468537
0.12879631
0.055186875
0.056715176
0.08137355
0.034938104
0.011519519
0.06310825
0.07020232
0.044376336
0.02824899
0.011495353
0.102046944
0.12050087
0.1533365
0.19874996
0.063425176
0.056317117
0.032040954
0.03382323
0.06272878
0.048141595
0.1229964
0.15021008
0.06461872
0.10613684
0.0899199
0.052715033
0.10424968
0.12508918
0.17246845
0.14626618
0.0965235
0.12064179
0.17970397
0.14258559
0.078894176
0.05838578
0.11236917
0.16182429
0.09438851
0.0964624
0.2453974
0.17279682
0.022630282
0.037332118
0.19812985
0.16018283
0.060062267
0.12295322
0.17764089
0.1008742
0.0524615
0.08093252
0.12881756
0.17382345
0.11561576
0.027241314
0.081478074
0.15429267
0.11674188
0.07220495
0.07515371
0.13149615
0.08876143
0.10774037
0.056132555
0.13543108
0.045774646
0.109140925
0.14318353
0.10622909
0.030708425
0.051602077
0.07202016
0.1325245
0.14087121
0.11561524
0.14042364
0.10184782
0.13695267
0.23574689
0.19262232
0.18195611
0.14841798
0.07229839
0.16313991
0.08755394
0.036457233
0.06901181
0.013046805
0.10549168
0.102693856
0.04800659
0.09740061
0.07190402
0.131207
0.11300702
0.01701479
0.055005763
0.035456892
0.040397026
0.06809646
0.08099649
0.06685213
0.04368526
0.03181952
0.10897844
0.15936239
0.17612982
0.04335241
0.04453625
0.12829384
0.1651459
0.06281766
0.08690539
0.040119164
0.15244061
0.24415115
0.18574336
0.024874521
0.07800169
0.07225626
0.14737876
0.07467374
0.15424608
0.2398675
0.126833
0.1570223
0.19373237
0.1710946
0.10831813
0.046653233
0.08064696
0.057283986
0.18899293
0.20797972
0.25453445
0.25336835
0.17033161
0.11478113
0.023307202
0.041340247
0.041267674
0.0801829
0.053096306
0.023137065
0.061399627
0.059355292
0.017774602
0.07172144
0.18780681
0.17352904
0.12405005
0.1443862
0.13962951
0.112173654
0.04512347
0.07257055
0.04197716
0.10087729
0.094938844
0.02719552
0.04017915
0.18329103
0.17579988
0.083634354
0.16446973
0.03911202
0.13373196
0.11342391
0.1637475
0.1568387
0.09561119
0.09510171
0.071798064
0.049170088
0.10231598
0.16250789
0.09042633
0.15788224
0.2508289
0.1264081
0.1043417
0.088219315
0.08273606
0.091640286
0.031432167
0.1423772
0.099975616
0.10979291
0.09123543
0.029166339
0.069485284
0.09320297
0.053454626
0.12731676
0.06837084
0.022954784
0.06784822
0.104319654
0.08847766
0.11335718
0.10097479
0.064999215
0.06486858
0.11138306
0.18533874
0.1533818
0.08118263
0.042590123
0.105556175
0.12759192
0.19388957
0.14837031
0.13965179
0.1612877
0.03018039
0.11351629
0.22003904
0.14969982
0.03245559
0.09614244
0.06737128
0.052238785
0.10768454
0.10747083
0.050940868
0.099335514
0.11984156
0.06295606
0.028245246
0.099210024
0.1854162
0.14189601
0.061705645
0.0756229
0.043079607
0.08119417
0.22628379
0.2109437
0.152808
0.11796025
0.0960193
0.024037458
0.06454058
0.06391956
0.066497676
0.15821008
0.1487096
0.068137266
0.14327207
0.13123551
0.025894906
0.14473233
0.13223967
0.024856135
0.1512604
0.10093781
0.053567458
0.08682859
0.15007253
0.18065307
0.054188028
0.044726346
0.016613726
0.07454961
0.13271758
0.081774674
0.07957338
0.015380563
0.08392974
0.032322876
0.07849773
0.070108116
0.078598715
0.047509335
0.024200305
0.038161166
0.05545464
0.063870795
0.018634992
0.0657449
0.07774917
0.06323162
0.10003592
0.03643705
0.09779712
0.09268748
0.088091515
0.03493461
0.12155915
0.14322104
0.04701339
0.010585168
0.05388933
0.0884082
0.034279194
0.054298572
0.076753415
0.059306134
0.057436988
0.09249177
0.06682367
0.052474644
0.059991032
0.0658936
0.08469743
0.066891
0.017872175
0.07757962
0.12470309
0.11568918
0.044928517
0.05529247
0.05439519
0.046124835
0.033717997
0.008873614
0.04134187
0.09746844
0.04766591
0.040604405
0.09326409
0.08858705
0.041818395
0.03501019
0.02642459
0.006690106
0.038125988
0.053957015
0.07224478
0.103643045
0.10734068
0.089564584
0.066906735
0.056207493
0.025323743
0.010727163
0.0048620286
0.013085592
0.013006464
0.038379684
0.07609099
0.07878417
0.03008288
0.030039584
0.014367414
0.0329766
0.026927806
0.039904516
0.035037212
0.020578355
0.026851991
0.023492154
0.03038039
0.011304961
0.027894607
0.0152246235
0.025135862
0.033153757
0.04699229
0.037586164
0.03086511
0.020442117
0.0141468095
0.038097806
0.059962925
0.047813877
0.037267406
0.04049423
0.029652938
0.0433646
0.06456957
0.017068239
0.04102904
0.0252886
0.008547619
0.029894495
0.01654459
0.05439719
0.009956175
0.0293163
0.01963259
0.029806867
0.067877166
0.034951083
0.04569829
0.05853183
0.03461991
0.019627329
0.031419247
0.06451689
0.03375881
0.030761251
0.0622845
0.02782052
0.046954706
0.058233526
0.03956417
0.050213356
0.037755124
0.03402608
0.067587964
0.05066874
0.03553494
0.07516693
0.040551838
0.018770192
0.041689456
0.054822456
0.040843263
0.024854647
0.0462784
0.030334799
0.006573213
0.014680333
0.037526455
0.035676695
0.0069836
0.038602374
0.06364518
0.06474653
0.036772653
0.014598202
0.03170068
0.031081403
0.012503389
0.020921823
0.030299854
0.088858016
0.056850567
0.004106574
0.017885868
0.044499286
0.061981585
0.056919035
0.06232942
0.084108464
0.050866548
0.010228366
0.019106617
0.031891204
0.008683204
0.045076925
0.046130665
0.05622938
0.06470965
0.06492806
0.06851488
0.006103694
0.012207359
0.012207316
0.0
-0.0061035934
-0.0122071
-0.0061035
0.0061034425
0.012206756
-0.0061033056
-0.01830968
-0.021360992
-0.027463712
-0.00915442
0.0
-0.003051362
-0.0091539025
-0.015256181
-0.018307008
-0.018306578
-0.0091530625
0.0
-0.006101718
-0.018304637
-0.018304098
-0.018303538
-0.0152524635
-0.0030503923
-0.0030502882
-0.012200722
-0.018300414
-0.018299725
-0.015249178
-0.009149141
-0.0030495878
0.0
-0.0030493257
-0.009147568
-0.009147148
-0.0030489056
0.0
0.009145823
0.0060969065
0.006096591
0.0030481338
-0.0030479687
0.0
0.009142883
0.01523726
0.009141818
0.006094179
0.0
0.0
0.009139556
0.012185286
0.0152306035
0.009137749
0.006091416
0.009136489
0.021316968
0.021315437
0.02131388
0.0121784555
0.0060887686
0.012176605
0.015219573
0.02130572
0.030434305
0.027388647
0.021300524
0.01217071
0.018254517
0.021295104
0.021293247
0.015208118
0.015206756
0.015205376
0.02128557
0.027364613
0.024321808
0.012159742
0.0030396418
0.0030393444
0.0
0.006077478
0.009115293
0.006076239
0.012151217
0.0030374855
0.0060743266
0.015184187
0.0060730157
0.003036175
0.0
-0.0030354983
0.0
0.009104423
0.015172284
0.01213641
0.0030337449
0.0
0.006066037
0.00909795
0.0151613895
0.018191414
0.0030315232
-0.0090934215
-0.009092263
-0.0060607293
0.0030299714
0.0060591493
-0.0060583483
-0.024230162
-0.018170176
-0.015139759
-0.0121101495
-0.009081358
-0.01210679
-0.018157635
-0.018155063
-0.015127058
-0.003024976
0.0030245367
-0.009072281
-0.0151182385
-0.018139187
-0.0151137225
0.0
0.0060436544
0.0060427263
-0.0030208959
-0.018122548
-0.015099752
-0.0060389447
0.0
0.0030185059
0.0
-0.0060350504
-0.0060340595
-0.006033061
-0.012064112
-0.006031044
-0.0090450365
-0.012057996
-0.012055931
-0.009040387
-0.009038816
-0.0030124118
-0.0030118811
0.003011347
-0.0030108094
-0.015051342
0.0
0.0030091756
0.0
0.003008069
-0.0030075102
-0.012027793
0.0
0.012023255
0.018031446
0.024037322
0.0060081715
-0.009010509
-0.0060058325
-0.012009306
0.0
0.012004545
0.009001607
-0.002999932
-0.014996624
-0.01499357
0.0
0.0059949644
0.008990583
0.0059924726
-0.008986825
-0.014974884
-0.008983025
0.0029937034
0.005986123
0.0
-0.014958836
-0.01794669
-0.011961837
-0.0059796004
-0.0029891375
-0.005976943
-0.008963406
-0.020909904
-0.008959359
-0.008957319
-0.011940359
-0.014922015
-0.023869703
-0.017898116
-0.014911612
-0.002981622
0.0
-0.017881265
-0.029795002
-0.038724218
-0.03871489
-0.029773476
-0.011906493
-0.008927686
-0.023801314
-0.032718726
-0.032710608
-0.029729502
-0.017833233
-0.008914372
-0.02079494
-0.026729554
-0.029691922
-0.020779012
-0.014838325
-0.014834482
-0.011864497
-0.023722792
-0.03261027
-0.023710305
-0.017778015
-0.014811068
-0.008884263
-0.011842502
-0.026638437
-0.026631216
-0.020707527
-0.017744454
-0.0059131924
-0.008867341
-0.020684727
-0.029541384
-0.02657981
-0.017714897
-0.017709902
-0.0206557
-0.026549771
-0.03244045
-0.02653457
-0.026526924
-0.023572665
-0.020620089
-0.026503807
-0.03827206
-0.0382608
-0.029422687
-0.02058977
-0.014702598
-0.02057748
-0.03232633
-0.03819232
-0.026432833
-0.014680442
-0.011740769
-0.02054005
-0.03226729
-0.041054774
-0.03224732
-0.020514632
-0.011718982
-0.014644131
-0.032206938
-0.040977687
-0.038038626
-0.029251156
-0.01754508
-0.020462684
-0.03506758
-0.04674164
-0.05840807
-0.040872317
-0.02042947
-0.017505221
-0.026249172
-0.049565356
-0.05829281
-0.052446034
-0.03495232
-0.023293719
-0.020375133
-0.02909748
-0.04944892
-0.05815537
-0.04650838
-0.03196353
-0.023238195
-0.020326389
-0.02902762
-0.03482101
-0.029007368
-0.017398316
-0.02029089
-0.026079072
-0.031863123
-0.055016726
-0.031840418
-0.011574186
-0.03471008
-0.03469756
-0.049137086
-0.072234176
-0.0404364
-0.014436291
-0.011544795
-0.008655408
-0.028840704
-0.051894028
-0.046110872
-0.031689394
-0.017278653
-0.011514775
-0.011510436
-0.025888689
-0.028754298
-0.017246012
0.0028732377
0.008616411
-0.005742066
-0.022959407
-0.02581934
-0.020073915
-0.0028665855
0.008596398
0.0114573715
-0.0085896505
-0.022896701
-0.017165732
-0.01143928
0.0
-0.0028575396
-0.014281973
-0.011420987
-0.008562286
-0.014264706
0.0
0.0057012467
-0.019946218
-0.017089756
-0.017082738
-0.02561355
0.0
-0.0028435946
-0.011369649
-0.014206135
-0.0369205
-0.03690501
-0.017025912
-0.008509363
-0.008505761
-0.014170248
-0.033994112
-0.031147957
-0.016982516
-0.011316813
-0.016967902
-0.028267615
-0.045208577
-0.04518892
-0.025407683
-0.01975289
-0.03102664
-0.039471082
-0.047908027
-0.056337446
-0.03378747
-0.014071848
-0.011252455
-0.02249484
-0.0393483
-0.05337723
-0.050545078
-0.028067889
-0.01683309
-0.0112169515
-0.02522662
-0.039223444
-0.036405053
-0.019593697
-0.013989037
-0.008389537
-0.013976072
-0.030733045
-0.030718701
-0.016747814
-0.011159969
0.0
0.0027873632
-0.019502312
-0.025062503
-0.016700387
-0.00834621
0.0055614784
0.011117622
0.0
0.0
0.0
0.0
0.016636156
0.01939939
0.0138499355
0.00553726
0.0027672697
0.0
0.013822703
0.022105373
0.019332599
0.016562551
0.008277142
0.008273001
0.019293984
0.024794074
0.024781572
0.016512694
0.0082521625
0.016495937
0.024731299
0.027465185
0.021960896
0.02194962
0.024680613
0.030149627
0.032873485
0.03559447
0.035575964
0.02188149
0.02460381
0.027323244
0.027308894
0.04094177
0.043648172
0.032718804
0.016350724
0.0081710145
0.013611097
0.032649174
0.04350891
0.03804985
0.0162983
0.002714917
0.0027134481
0.01627186
0.035236526
0.035217322
0.024367902
0.0054121236
-0.0054091522
0.0027030879
0.01620958
0.021600822
0.010794424
0.010788426
-0.0053912085
-0.008082299
0.0107703665
0.01883757
0.010758272
-0.0053761043
-0.018805733
-0.016110072
0.0
0.005363922
0.0053608627
-0.005357798
-0.016064184
-0.02140661
-0.013371429
-0.0026727428
0.0026711968
-0.0053392965
-0.016008582
-0.018665802
-0.018654905
-0.007990282
-0.007985596
-0.007980902
-0.013293667
-0.018600143
-0.018589135
-0.0026540156
0.0
-0.002650857
-0.010597095
-0.029124565
-0.021168793
-0.015867049
-0.0026429142
0.0
-0.010558874
-0.021104936
-0.02900164
-0.021079246
-0.010533185
0.0
-0.005260139
-0.010513808
-0.018387824
-0.018376466
-0.015741507
-0.010487827
-0.0052406527
-0.010474774
-0.013085291
-0.013077101
-0.0052275592
0.0026121365
-0.0052209813
-0.03130611
-0.033893492
-0.020844307
0.0
0.033828914
0.013002816
-0.020791197
-0.03376404
-0.046720173
-0.023345048
0.015553324
0.015543267
0.010355463
-0.0051743696
-0.03878252
-0.033589598
-0.010328506
-0.010321742
0.0
-0.0077311383
-0.038630214
-0.03088376
-0.023147488
-0.015421424
-0.005137058
-0.015400909
-0.03078126
-0.03588745
-0.038425066
-0.028159456
-0.012791137
-0.015339012
-0.01788342
-0.028083483
-0.030615734
-0.028045338
-0.025478385
-0.015276592
-0.017810494
-0.027968727
-0.027949508
-0.025391148
-0.015224178
-0.010142435
-0.017736964
-0.027853023
-0.035424642
-0.037928518
-0.03284842
-0.017675232
-0.012616312
-0.022693403
-0.025197137
-0.032733165
-0.04025849
-0.030172478
-0.025125884
-0.02008641
-0.01756308
-0.022564977
-0.027559683
-0.020029034
-0.027520135
-0.022500265
-0.01998581
-0.03744631
-0.02993535
-0.01994242
-0.017436929
-0.014935051
-0.01492415
-0.012427695
-0.0074511524
-0.009927575
-0.014880406
-0.024782395
-0.034669723
-0.022271186
-0.012363706
-0.004941808
-0.004938129
-0.009868892
-0.012326895
-0.022171795
-0.022155162
-0.014759005
-0.0024579815
0.004912253
0.004908539
-0.0024524103
-0.009802195
-0.0048973705
0.0024468193
0.007334854
0.0024430812
-0.007323627
-0.012196673
-0.014624747
-0.012177896
-0.004867397
0.0
0.0024299303
-0.002428043
-0.016983075
-0.016969834
-0.01453421
0.0
0.007255724
0.0024166747
-0.0072443183
-0.009651475
-0.012054812
-0.0072271624
0.0024071436
0.0024052311
-0.0024033168
0.0
-0.0047989627
-0.0047951215
0.0
-0.0023937132
-0.0023917863
0.0023898573
0.0023879264
0.004771987
0.0071521755
0.004764243
0.00952073
0.011891207
0.0071288953
0.01424612
0.014234438
0.009481829
0.009474025
0.0047331066
0.0047291964
0.01653849
0.02124614
0.016511051
0.011783793
0.007064381
0.014116962
0.018806867
0.023488877
0.025816066
0.018759524
0.011714821
0.0163869
0.018712044
0.032718327
0.037360627
0.027996637
0.027972782
0.02561983
0.030252088
0.03952653
0.044138797
0.04177975
0.037105568
0.03012226
0.030096222
0.041635603
0.050843816
0.055417776
0.048448335
0.043795977
0.039151635
0.043719407
0.052877087
0.055127624
0.05278415
0.045858797
0.048109215
0.050355542
0.05488463
0.061690394
0.05935273
0.05473832
0.05013201
0.047810495
0.054591626
0.05908786
0.063575886
0.058981594
0.052128963
0.047553003
0.052034713
0.058768515
0.05871513
0.058661703
0.054099906
0.047294192
0.049500976
0.053951584
0.0583939
0.058340207
0.051561106
0.047034092
0.046990618
0.04694711
0.051370572
0.05132284
0.040128317
0.042318176
0.04005346
0.040015988
0.046641566
0.039940953
0.03546968
0.028791968
0.024339445
0.024316438
0.026501903
0.03309596
0.035268813
0.026426433
0.022001032
0.017584015
0.013175395
0.019744154
0.015341822
0.013137489
0.021874724
0.013112171
0.004366499
0.013086814
0.004358041
0.010884519
0.010873927
-0.008690663
0.0
0.0
0.0043325936
0.015149197
0.004324087
-0.010799573
-0.015104489
-0.010778261
-0.0021535188
0.002151384
0.0
-0.00214711
-0.0021449707
-0.01499981
-0.010703439
-0.008554176
-0.012818395
-0.0021342526
-0.0042642094
-0.014909687
-0.008511218
-0.014879567
-0.01911149
-0.010606719
-0.014834312
-0.010585148
-0.006344611
-0.0147889685
-0.021105478
-0.018975459
-0.023168417
-0.016832428
-0.01050943
-0.008398869
-0.010487736
-0.01885838
-0.018838827
-0.010455144
-0.0062665595
-0.006260029
-0.008337993
-0.010411594
-0.008320552
0.0
0.0020757725
0.0
-0.0041428036
-0.012415288
-0.006201078
-0.0041296724
0.0
0.006181359
0.0020582592
0.0
-0.0041077365
-0.002051671
0.0
0.0020472726
0.0
0.0020428693
0.0020406658
0.0061153835
0.010181277
0.010170241
0.0101592
0.008118521
0.0040548397
0.010126039
0.014160965
0.014145466
0.014129957
0.0120980935
0.012084787
0.014083386
0.022106616
0.024089655
0.02406299
0.02804236
0.03201282
0.03197721
0.029945234
0.029911816
0.029878382
0.035813916
0.03776119
0.039703976
0.03965931
0.03565316
0.039569914
0.037548926
0.039480433
0.041407444
0.04726904
0.04524796
0.0451964
0.052996088
0.04901436
0.050916567
0.06063859
0.06252278
0.0702572
0.072125584
0.06425398
0.06029002
0.06022021
0.06209071
0.07170899
0.08130469
0.08120995
0.08111517
0.077162236
0.0712915
0.076981515
0.082657926
0.09216076
0.09780543
0.09002805
0.08609518
0.08217132
0.08970866
0.097227834
0.10282466
0.104604036
0.09878035
0.09486758
0.10043925
0.10599725
0.10965103
0.10951914
0.105615236
0.097952954
0.105360314
0.11462857
0.12012024
0.12372359
0.1217008
0.114072405
0.11206548
0.117524974
0.12297073
0.12654181
0.12638646
0.12066204
0.11495128
0.11295772
0.114667654
0.12376172
0.12729815
0.12529753
0.1196208
0.1157958
0.11565139
0.11367349
0.113531284
0.11338904
0.1150733
0.11492867
0.11114006
0.11099993
0.11267713
0.10890447
0.10876652
0.110438995
0.11029866
0.11377003
0.1082143
0.104473606
0.104340024
0.10061307
0.10227838
0.10393904
0.10380531
0.1018841
0.0963972
0.09270694
0.09258691
0.09602328
0.09412267
0.08867947
0.08679266
0.081372514
0.08126618
0.0846885
0.08105342
0.07742757
0.06853874
0.05791794
0.050830446
0.050763298
0.0576887
0.061103903
0.061022803
0.05223573
0.04173295
0.034731083
0.034684703
0.039834056
0.041510288
0.043181866
0.031049166
0.022394218
0.018923411
0.018897863
0.02230364
0.02570012
0.015399158
0.01025216
0.010238212
0.003408087
0.00850859
0.0033987842
-0.0050911973
-0.010168434
-0.013539295
-0.016900843
-0.011814295
-0.015168853
-0.021880293
-0.026892327
-0.031890377
-0.033522226
-0.03012806
-0.035100464
-0.038389757
-0.04833687
-0.053262632
-0.049863763
-0.0497938
-0.049723826
-0.054619227
-0.06280621
-0.06601847
-0.06757325
-0.070769146
-0.069025315
-0.068927266
-0.08030074
-0.081822775
-0.08497425
-0.08322102
-0.08147245
-0.08460987
-0.09261227
-0.095723964
-0.098826304
-0.10030152
-0.09207947
-0.09517242
-0.098256014
-0.10293865
-0.110819414
-0.10905434
-0.10569253
-0.108736314
-0.10378711
-0.11160701
-0.11940351
-0.12240749
-0.123814724
-0.11729213
-0.11395362
-0.120106556
-0.12466276
-0.1292049
-0.13058634
-0.12725012
-0.12392326
-0.12217206
-0.1266814
-0.12805343
-0.12942079
-0.124555655
-0.121259175
-0.121076584
-0.120893985
-0.12999688
-0.13134547
-0.13268937
-0.13094747
-0.1245956
-0.12287008
-0.12114924
-0.12555785
-0.12689473
-0.12975341
-0.12650606
-0.12783356
-0.1276369
-0.12592308
-0.13027318
-0.1270469
-0.12534012
-0.12514581
-0.13247868
-0.13377577
-0.13356742
-0.13036224
-0.12417428
-0.122486256
-0.11931153
-0.12359143
-0.1263706
-0.12468728
-0.12597272
-0.119855024
-0.11671077
-0.11505089
-0.117813714
-0.113215536
-0.11303538
-0.11138958
-0.10682184
-0.111034
-0.11085623
-0.110678464
-0.111954674
-0.10741975
-0.105797425
-0.10707367
-0.104011446
-0.09663179
-0.0878356
-0.0891306
-0.09759721
-0.10030412
-0.1030017
-0.09712049
-0.08412846
-0.07687278
-0.079589106
-0.08229611
-0.09066003
-0.08909635
-0.079066
-0.07470659
-0.0703612
-0.07305427
-0.07854314
-0.07701224
-0.071292356
-0.06559116
-0.059908625
-0.06119923
-0.0652623
-0.066538945
-0.06227535
-0.056644194
-0.048273224
-0.041307144
-0.048110116
-0.05351756
-0.050686892
-0.049233135
-0.0395925
-0.038162056
-0.03945748
-0.035315163
-0.040678456
-0.035194173
-0.02972851
-0.032375284
-0.029626187
-0.029575039
-0.03220789
-0.0281331
-0.02540961
-0.021360395
-0.018657828
-0.022616457
-0.02656116
-0.022537524
-0.018527823
-0.014532051
-0.011868981
-0.014481018
-0.01445551
-0.01311819
-0.010476008
-0.0013071836
-0.0013048667
-0.003907651
-0.0013002346
-0.0025958386
0.0
0.0064664516
0.0051639066
0.0051546544
0.005145404
0.001284039
0.0025634551
0.0076765004
0.014048171
0.015297561
0.012724877
0.010161433
0.010142971
0.011390076
0.01894886
0.022697123
0.02139698
0.020101458
0.017556516
0.017524267
0.022489749
0.02868395
0.029875841
0.027335567
0.027284961
0.025996445
0.02965505
0.03453321
0.035699908
0.0356333
0.033113837
0.03305186
0.03421175
0.037806183
0.041386873
0.043738864
0.04244368
0.042363495
0.043491427
0.045820612
0.04934419
0.04804915
0.046758715
0.04666954
0.045386028
0.04649128
0.047591995
0.046313144
0.04859459
0.047318082
0.047226842
0.0518492
0.05174891
0.05047482
0.051548433
0.047940414
0.046680093
0.04891854
0.047660567
0.047567353
0.04863208
0.046225395
0.049594652
0.04949704
0.048250645
0.049301933
0.04691586
0.046822935
0.04900956
0.046637196
0.047679614
0.047584575
0.046358872
0.04739462
0.046173513
0.047204815
0.05047497
0.052612215
0.051389024
0.050170384
0.047843654
0.047746763
0.04764991
0.05087076
0.05187088
0.049562387
0.04946121
0.047166295
0.04816435
0.04915795
0.051237267
0.05004392
0.04776944
0.046587396
0.046491068
0.047473732
0.047375258
0.04727683
0.046106208
0.044940107
0.043778516
0.043686975
0.047848694
0.04668724
0.0455303
0.040151402
0.0369036
0.041034333
0.04304743
0.040860824
0.041819625
0.036514413
0.032272503
0.034281358
0.035244767
0.03620378
0.035094045
0.03089889
0.028776983
0.028715035
0.028653119
0.030633468
0.0305672
0.027450874
0.022318836
0.020245746
0.020201663
0.022173367
0.022124931
0.020069564
0.018023023
0.015985297
0.013956381
0.010941578
0.011909937
0.013864224
0.011857321
0.009859196
0.0059023825
0.005889255
0.0029380678
0.0019543413
0.0038999463
0.0029184115
0.0
-9.684423E-4
-0.0019325269
-9.64086E-4
-0.0028857295
-0.004798675
-0.0047878074
-0.0047769467
-0.005719311
-0.005706294
-0.007591047
-0.008520427
-0.0094454875
-0.005654308
-0.005641332
-0.009380607
-0.01029491
-0.012138651
-0.012110608
-0.013012013
-0.013909128
-0.012026589
-0.012921591
-0.013812311
-0.013780082
-0.013747873
-0.013715686
-0.012771287
-0.01456147
-0.017251058
-0.01811621
-0.01897711
-0.018932233
-0.014390388
-0.0134589765
-0.01432212
-0.018753028
-0.023162663
-0.023107331
-0.020392187
-0.017689833
-0.01764736
-0.018485164
-0.021075007
-0.023652166
-0.020973327
-0.02005077
-0.01826282
-0.019085994
-0.023366712
-0.025899718
-0.028420117
-0.026632376
-0.020568091
-0.018807804
-0.021319956
-0.025520934
-0.031398162
-0.032167066
-0.027865402
-0.022742428
-0.022685932
-0.025143867
-0.030097432
-0.03335809
-0.03161092
-0.030701935
-0.028141778
-0.028896643
-0.032118022
-0.035322838
-0.035233565
-0.034327056
-0.032609526
-0.032526687
-0.034877203
-0.033979263
-0.034699455
-0.03380579
-0.034522
-0.035234157
-0.035143554
-0.035053026
-0.033373363
-0.034872193
-0.033991393
-0.034691665
-0.035387915
-0.035295796
-0.035203755
-0.03433153
-0.035019908
-0.034928106
-0.035610523
-0.03551684
-0.03465317
-0.03302561
-0.031406254
-0.03132305
-0.032763813
-0.034956474
-0.035621267
-0.03552622
-0.033923548
-0.033080872
-0.032242313
-0.031407867
-0.031323314
-0.03123884
-0.0296709
-0.028111067
-0.028772607
-0.028694456
-0.027882624
-0.027074864
-0.026271174
-0.026199302
-0.025401736
-0.02460822
-0.023818756
-0.02303333
-0.022969747
-0.022906225
-0.023556601
-0.024203075
-0.023425901
-0.022652749
-0.02188361
-0.020414531
-0.019655377
-0.02170025
-0.020941209
-0.020186162
-0.021517431
-0.020764465
-0.01932529
-0.019270467
-0.01784315
-0.016423704
-0.017059224
-0.015649635
-0.01492636
-0.015560072
-0.014840778
-0.014798054
-0.014755373
-0.012706454
-0.012002845
-0.010638252
-0.0112703
-0.013881607
-0.012522919
-0.012486328
-0.011794524
-0.008493285
-0.009119739
-0.0084434
-0.008418498
-0.010330612
-0.009012525
-0.008343952
-0.007679222
-0.00765636
-0.00826965
-0.008244936
-0.006955597
-0.005673872
-0.00565682
-0.0043865005
-0.0043732673
-0.0056057773
-0.0049678236
-0.0043336567
-0.0037032715
-0.0018459962
-6.1345444E-4
-0.0018347368
-6.097056E-4
-0.0012156687
-0.0018178959
-6.0409843E-4
-6.0223375E-4
0.0012007423
0.002992554
0.0023866107
0.0023791867
5.929429E-4
-5.910913E-4
0.0
0.0023495788
0.0029277487
0.0035022418
0.0034911984
0.0011600562
5.78192E-4
0.0011527162
0.0017235795
0.0017180913
0.0022834798
0.0028452254
0.0022688897
0.0022616081
0.0033815035
0.0033706082
0.0022398178
0.0022325725
0.0016690022
0.0011090547
0.0038690602
0.0044073653
0.0038438456
0.0032839393
0.0027276396
0.002718675
0.004877499
0.0048614037
0.0037685896
0.0053658625
0.004813244
0.0042642066
0.0053124917
0.004765273
0.0031662167
0.0031555989
0.003669161
0.0036568062
0.005206383
0.005188781
0.004136962
0.005669012
0.00616334
0.0030711656
0.0035707885
0.0055920337
0.0065861014
0.0075732307
0.0075471494
0.006016884
0.0049967305
0.005975299
0.0079394
0.0093952315
0.009855232
0.007856637
0.0063611665
0.0058512427
0.0072883363
0.01162025
0.012061688
0.01201901
0.011497338
0.0090697175
0.009037423
0.010901001
0.012278807
0.013646517
0.012659753
0.010278233
0.010706675
0.010667982
0.012015781
0.013814044
0.014222593
0.014627872
0.0127526345
0.012252167
0.013111457
0.01351371
0.014361515
0.016097046
0.013364567
0.012427338
0.012381152
0.012775575
0.013605672
0.0139920255
0.012632734
0.01084937
0.010376176
0.011198436
0.012014242
0.012396156
0.012774895
0.011453632
0.010987339
0.012208244
0.013000174
0.013785738
0.012900383
0.012021538
0.011975051
0.011517308
0.013111509
0.013468605
0.013822599
0.013363587
0.012101098
0.012455346
0.012406306
0.013154597
0.013896664
0.013446101
0.013786579
0.012162342
0.011332261
0.012454539
0.012792242
0.013513001
0.013458567
0.013021248
0.011824269
0.011776306
0.012485099
0.013564603
0.013509196
0.014201324
0.013770861
0.012972906
0.012550292
0.013233626
0.0135448845
0.014217759
0.014521623
0.013737989
0.012600496
0.012189173
0.012851954
0.013864311
0.014867761
0.014804842
0.013338035
0.0122327935
0.011832633
0.012475138
0.0134568475
0.013742637
0.012999316
0.011580788
0.011191564
0.011480712
0.011430818
0.012719961
0.012997683
0.01227715
0.011232192
0.009867154
0.010478543
0.012062247
0.012333344
0.012924781
0.012223847
0.010568041
0.011158351
0.011108273
0.0113742445
0.012581045
0.011897947
0.011532324
0.010859376
0.009883334
0.010453074
0.011017274
0.011575951
0.0115226675
0.0108658355
0.0102146985
0.0092702005
0.009822386
0.01066537
0.010910389
0.011152749
0.009931886
0.008722143
0.008680944
0.009503817
0.009458691
0.009413661
0.008800926
0.0076286383
0.008154405
0.008115173
0.0089114765
0.008868374
0.007997987
0.0068612895
0.006281609
0.0067944564
0.0064907046
0.007266152
0.0064269705
0.0058622756
0.00556808
0.0047489265
0.005250296
0.0049628634
0.0051978966
0.0046546077
0.0038593016
0.003327834
0.0035656693
0.0040543536
0.004537917
0.0040131034
0.0027448782
0.002730781
0.0027167168
0.0029483845
0.0034219665
0.0034041933
0.0026607919
0.0021656402
0.0021542963
0.0021429795
0.0023685445
0.0028272371
0.0025779025
0.002331095
0.0018549382
0.0018450248
0.0022939197
0.00205343
0.0018154308
0.0013542114
0.0015713458
0.0020093143
0.002442433
0.0022082466
0.0015372912
0.0010920224
0.001085995
8.639864E-4
0.001503581
0.0021360104
0.0016992632
0.001478525
0.0016802473
0.0018796235
0.0018689968
0.0022713752
0.0020531411
0.0010207134
8.1189745E-4
0.001210855
0.0020064707
0.0027928334
0.002379987
0.0017746157
9.801496E-4
0.0011693009
0.0015499211
0.0021185994
0.0022975546
0.0015226319
0.0015135857
7.522824E-4
7.477845E-4
0.0014865984
0.0014776532
0.0016523247
0.0014598382
0.0010882267
0.0010815936
0.0012541426
5.341922E-4
7.078722E-4
5.2762567E-4
5.243567E-4
0.0010421945
0.0012083107
0.0010292142
5.1137636E-4
0.0
-1.6831454E-4
6.6898885E-4
8.309154E-4
8.256107E-4
4.9219327E-4
-4.890297E-4
-8.097929E-4
-4.8273144E-4
1.598656E-4
7.941196E-4
6.311418E-4
-3.1350047E-4
-7.785911E-4
-0.0012375155
-7.683194E-4
-3.0528312E-4
-1.5162246E-4
-4.518198E-4
-0.0010471579
-0.0011886768
-7.3789235E-4
-2.9315116E-4
-4.367278E-4
-8.674772E-4
-0.001435864
-0.0014259651
-0.0014160988
-0.0012656385
-8.378784E-4
-0.0012480259
-0.0013769596
-0.0013672565
-0.0019006205
-0.0021567175
-0.0018736809
-0.0022589113
-0.002110771
-0.002488478
-0.0028605536
-0.0024525404
-0.0025628055
-0.002798461
-0.0027779082
-0.0026320904
-0.0029858404
-0.0029636568
-0.0031866815
-0.003041174
-0.0027768486
-0.0028757148
-0.0028539277
-0.0031862478
-0.0032790243
-0.0029052543
-0.0031135222
-0.0030894596
-0.0031790233
-0.0034922115
-0.003129581
-0.0032158925
-0.0033005483
-0.0031652641
-0.003140095
-0.0033298517
-0.0035162603
-0.00348795
-0.0033549094
-0.0032236814
-0.0029911143
-0.0028643264
-0.0029422306
-0.003018553
-0.0031930879
-0.0030675405
-0.0027475054
-0.0026271224
-0.002411996
-0.0025828797
-0.0027505904
-0.0026330375
-0.0027036562
-0.0025879105
-0.0021073658
-0.0020890257
-0.0023408628
-0.0023203061
-0.0022998373
-0.0020164424
-0.0015640366
-0.0015500488
-0.0018774825
-0.0018605355
-0.001843663
-0.0016607868
-0.0013164673
-0.0013043595
-0.0012923062
-0.0014403457
-0.0015061809
-0.001413532
-0.0012446374
-0.001001696
-9.1584766E-4
-9.070939E-4
-0.0010481112
-8.1556686E-4
-8.810785E-4
-7.9978135E-4
-6.47955E-4
-7.8414637E-4
-7.0580485E-4
-6.9878367E-4
-6.226171E-4
-4.109065E-4
-3.3896294E-4
-4.6972933E-4
-4.649346E-4
-4.601639E-4
-3.9035766E-4
-1.9315489E-4
-3.822825E-4
-3.7827593E-4
-4.3667166E-4
-4.937663E-4
-3.6638015E-4
-3.6245625E-4
-2.3903538E-4
-2.3644706E-4
-3.5080884E-4
-4.0479578E-4
-4.0033876E-4
-3.3934796E-4
-4.4742558E-4
-2.2120743E-4
5.4678985E-5
-2.1623829E-4
-3.7410538E-4
-4.754803E-4
-5.222213E-4
-3.6131614E-4
-2.550726E-4
-2.520796E-4
-3.4874558E-4
-5.415206E-4
-5.350507E-4
-4.325065E-4
-3.323254E-4
-3.2828125E-4
-4.1690763E-4
-6.405322E-4
-6.325902E-4
-5.800758E-4
-5.287308E-4
-4.3504077E-4
-3.006552E-4
-5.088108E-4
-6.696728E-4
-6.609871E-4
-6.5235735E-4
-4.4260116E-4
-3.97041E-4
-3.9175234E-4
-6.1839784E-4
-7.6256E-4
-6.017542E-4
-4.8223208E-4
-2.5608393E-4
-2.8860458E-4
-5.3356844E-4
-6.3126715E-4
-7.260346E-4
-6.1342673E-4
-4.3665656E-4
-4.634305E-4
-4.566647E-4
-5.4636557E-4
-6.015953E-4
-4.9904303E-4
-3.9937286E-4
-3.6306368E-4
-3.2772459E-4
-4.4001758E-4
-5.1982905E-4
-4.2641698E-4
-3.9171625E-4
-2.7535195E-4
-1.8965927E-4
-3.198804E-4
-3.6711845E-4
-4.3846952E-4
-4.0584692E-4
-2.7436283E-4
-1.96178E-4
-1.6874172E-4
-2.1323885E-4
-3.0269186E-4
-2.2878309E-4
-2.4723783E-4
-2.2077565E-4
-1.0841252E-4
-1.9161885E-4
-2.5083605E-4
-2.2570428E-4
-2.013768E-4
-2.1736367E-4
-1.3570573E-4
-1.3311396E-4
-1.3054704E-4
-9.14321E-5
-1.2548768E-4
-1.2299528E-4
-6.887299E-5
-5.060788E-5
-4.9571674E-5
0.0
0.0
-1.5509011E-5
1.5177828E-5
4.4550605E-5
8.71568E-5
9.9439356E-5
1.2499804E-4
9.502695E-5
7.959268E-5
1.0367342E-4
1.01251746E-4
1.3593055E-4
1.809261E-4
1.4123667E-4
1.1481268E-4
1.119638E-4
1.3098068E-4
1.3828492E-4
1.4508358E-4
1.513874E-4
1.179053E-4
1.3386742E-4
1.4883274E-4
1.809141E-4
1.7585867E-4
1.7087469E-4
1.4936594E-4
1.1278475E-4
1.4071632E-4
1.4407067E-4
1.3967535E-4
1.567187E-4
1.3108853E-4
1.2689704E-4
1.4862054E-4
1.3121453E-4
1.3888408E-4
1.4580355E-4
1.1821794E-4
1.14036055E-4
1.0992934E-4
1.15983305E-4
1.2135888E-4
1.3074708E-4
1.211842E-4
9.914496E-5
9.927792E-5
8.725402E-5
1.0257804E-4
1.05440085E-4
9.385543E-5
8.299934E-5
6.96829E-5
6.640525E-5
7.469856E-5
8.1936254E-5
8.038242E-5
7.375022E-5
6.516402E-5
5.7195295E-5
5.6050354E-5
5.47581E-5
5.1490366E-5
5.177475E-5
4.364001E-5
3.6248566E-5
3.3792145E-5
3.404035E-5
3.2779935E-5
3.1429685E-5
2.7931383E-5
2.375231E-5
2.0862704E-5
1.9801417E-5
1.8679038E-5
1.880311E-5
1.6294112E-5
1.193868E-5
1.1035313E-5
1.0911447E-5
9.505137E-6
8.499347E-6
6.9834373E-6
4.781377E-6
3.7719508E-6
2.9098014E-6
2.6439766E-6
2.3763528E-6
1.6165707E-6
1.1675257E-6
6.897395E-7
3.3948163E-7
1.6525048E-7
5.0293654E-8
0.0
