0.2778289
0.106467254
0.13692658
0.03619728
0.521634
0.67066675
0.2907681
0.42380866
0.29735044
0.2621406
0.23285998
0.18315196
0.21098645
0.41598782
0.36335078
0.34081978
0.36353326
0.13590762
0.20461078
0.2728514
0.28993827
0.06302431
0.22289893
0.26443163
0.3541573
0.22327991
0.3217098
0.1455303
0.07368504
0.1424511
0.13552259
0.08605202
0.08614412
0.056843948
0.083175324
0.13923217
0.28715825
0.31309745
0.31033584
0.17490913
0.051961858
0.25938055
0.32549185
0.19864225
0.16766846
0.21649052
0.18419023
0.14271739
0.12283914
0.16462553
0.10170132
0.113907985
0.13727957
0.17210312
0.1551582
0.06469022
0.08437796
0.08091787
0.05132689
0.1366849
0.1254216
0.116707124
0.15393808
0.33588535
0.26585135
0.19681595
0.11075374
0.079569176
0.09982462
0.13372232
0.033515673
0.07755192
0.03956153
0.11404269
0.062610164
0.019076321
0.018432934
0.07781143
0.18266769
0.21087208
0.16142125
0.16757484
0.13363114
0.12766135
0.12437251
0.14966464
0.11900039
0.13251577
0.17301586
0.07279177
0.15407917
0.10924146
0.17543122
0.09906205
0.17125198
0.12008198
0.2254481
0.24634616
0.09931203
0.04630036
0.05682565
0.13827057
0.191848
0.059366785
0.04829459
0.08121896
0.08443747
0.055507515
0.11169358
0.11729387
0.094521634
0.11025051
0.12006017
0.08287303
0.13619402
0.12888847
0.099533305
0.06582885
0.18109907
0.25011674
0.08650594
0.11166295
0.1260832
0.08402845
0.04855071
0.08805147
0.09892249
0.19100377
0.16792
0.21543765
0.1466102
0.068190165
0.06770805
0.051296398
0.15210009
0.124844514
0.067207955
0.053148113
0.09216038
0.12471183
0.032327108
0.118900985
0.1563665
0.035869095
0.12558587
0.085070685
0.052893586
0.09812756
0.13806726
0.14639185
0.17799914
0.10322536
0.10458704
0.09210433
0.025124714
0.031618387
0.03388717
0.10199296
0.09011939
0.157579
0.092261106
0.021951355
0.098182864
0.06952185
0.049847133
0.09092235
0.10082053
0.055276036
0.072975054
0.067363195
0.06980033
0.09331515
0.09222467
0.06925479
0.06498359
0.09175346
0.14054611
0.12174178
0.16807666
0.114248164
0.042550992
0.027142135
0.05903053
0.109058715
0.033120006
0.05736453
0.027129022
0.021835493
0.11595574
0.14778236
0.08103907
0.043173928
0.03537397
0.11674956
0.123648204
0.10257015
0.12574112
0.13230713
0.087836064
0.07012758
0.02833933
0.11782106
0.19562
0.20875895
0.21172991
0.22097541
0.092899986
0.03693915
0.03405831
0.06139724
0.018853802
0.036465164
0.11602724
0.10459586
0.10299033
0.08963981
0.11139125
0.06095374
0.06926368
0.12649332
0.094804056
0.052774455
0.047734916
0.0642925
0.067679375
0.04388418
0.07693799
0.012882404
0.08796953
0.11773814
0.12715025
0.114154994
0.12152223
0.08278842
0.0065493654
0.032605216
0.076894455
0.14643273
0.15332627
0.11666607
0.05661521
0.099857226
0.090995595
0.09588424
0.05481667
0.042755052
0.11811812
0.13216656
0.10005237
0.07752518
0.14763586
0.07267686
0.096953824
0.13041842
0.11769556
0.024317699
0.043122586
0.06385692
0.075756654
0.047654785
0.10786258
0.063914195
0.010768878
0.10935726
0.15991777
0.074861355
0.07146169
0.12701
0.102252886
0.12425943
0.13591039
0.06872537
0.009814049
0.045582876
0.05855658
0.022594534
0.12811597
0.11399235
0.019087564
0.07959608
0.06634471
0.030035872
0.02452454
0.03834843
0.039810333
0.07078606
0.12199921
0.12803617
0.14980161
0.13041128
0.078844815
0.045849897
0.05010701
0.052735675
0.08362162
0.120689504
0.10127127
0.052608892
0.08469201
0.13837332
0.1081988
0.07731681
0.07398456
0.07665994
0.07474864
0.06656759
0.014364132
0.060057633
0.013836142
0.013141672
0.051222593
0.085333765
0.16513573
0.15288977
0.10785569
0.13602576
0.093208246
0.011076753
0.05830002
0.11183889
0.055215374
0.053100217
0.10147062
0.05681331
0.021329822
0.08152777
0.06788638
0.086542696
0.050824184
0.021370048
0.025035726
0.05965994
0.05246999
0.058745254
0.11645563
0.07026173
0.04495735
0.06625921
0.06888878
0.039306883
0.058656354
0.0930605
0.052492708
0.012488301
0.05662543
0.123587646
0.13157023
0.04845994
0.03532816
0.031110452
0.052071527
0.10007873
0.061609592
0.07847251
0.131631
0.11257583
0.12860255
0.09674294
0.032390703
0.038546238
0.0643127
0.07079492
0.018612547
0.056159165
0.040532004
0.044655144
0.028761648
0.059113268
0.056529958
0.038246617
0.044686157
0.041702814
0.12323997
0.1305881
0.06579362
0.048404355
0.07927463
0.041946482
0.055937257
0.0115561355
0.07943246
0.05987875
0.13770755
0.19734553
0.12499459
0.01383538
0.08422171
0.08194638
0.062594905
0.14962316
0.17376891
0.19714174
0.0600435
0.07576017
0.06955166
0.02900616
0.039852347
0.050239265
0.104065485
0.091825515
0.10708671
0.090403564
0.024885014
0.074876964
0.077368066
0.02078895
0.02480887
0.06134422
0.080592096
0.027714064
0.054776706
0.1336363
0.06782854
0.10647076
0.13899578
0.030727569
0.045491774
0.012772917
0.007334675
0.075379446
0.059687726
0.040936884
0.06456317
0.09190527
0.06463664
0.092934206
0.04978427
0.040453754
0.019153422
0.0963667
0.07562156
0.058857635
0.052270036
0.016477862
0.016122542
0.04176448
0.044962317
0.07660725
0.08692197
0.056511387
0.014464019
0.029470265
0.0789414
0.08593091
0.06318787
0.06898868
0.052385557
0.0661455
0.06687901
0.11939209
0.07269857
0.03380738
0.071154505
0.047775116
0.059850004
0.08584616
0.11695279
0.066156134
0.008870761
0.023538046
0.033599876
0.037285652
0.07816404
0.1173909
0.08093092
0.12745829
0.06561253
0.10174315
0.0884057
0.05174869
0.009922138
0.048212003
0.05418144
0.027533682
0.023641456
0.028316947
0.03116829
0.060406543
0.025766218
0.10109156
0.084623635
0.023850104
0.07017643
0.044257525
0.071398176
0.07646626
0.044133417
0.06399219
0.08398016
0.084019154
0.106505655
0.071574025
0.11742511
0.13173118
0.12022705
0.108969234
0.16183096
0.11698815
0.03982545
0.054503947
0.032591894
0.113537274
0.03743237
0.046985436
0.018834665
0.04008284
0.087331966
0.14273937
0.11558791
0.025948722
0.011386103
0.04725701
0.07484719
0.042690746
0.024718845
0.03296449
0.052181132
0.028004134
0.0357255
0.03447995
0.03907797
0.08326212
0.09285964
0.06859791
0.07353233
0.04446266
0.0932081
0.14116172
0.116106905
0.043287504
0.021165268
0.06731592
0.075109474
0.004036804
0.076893345
0.107718505
0.10307272
0.08814901
0.10295774
0.1446273
0.1156643
0.049214963
0.074629664
0.12930588
0.08249763
0.07510395
0.08904543
0.11435662
0.15410525
0.0942315
0.07063594
0.109054334
0.14821002
0.08139995
0.045688517
0.013334884
0.062089443
0.066223115
0.091843106
0.12618299
0.097363435
0.002578366
0.11247363
0.12259044
0.1166441
0.06956126
0.07640163
0.09709006
0.06929046
0.051955275
0.051391285
0.042217534
0.071095236
0.07928713
0.046027526
0.032973833
0.03342199
0.092184864
0.10740488
0.090171084
0.09564792
0.17925873
0.19856282
0.14274831
0.059464782
0.03246553
0.019790076
0.08161543
0.0527725
0.13670564
0.1040402
0.08172753
0.03573018
0.051984098
0.12043491
0.07422032
0.12930031
0.1719952
0.14139177
0.07048024
0.060630184
0.052326754
0.027023707
0.046275005
0.007594048
0.06397402
0.06996423
0.0945457
0.061548505
0.01019991
0.07923793
0.06686833
0.10357086
0.06158873
0.02277564
0.13828914
0.12810917
0.038102087
0.067496605
0.10416388
0.12142245
0.09057474
0.0010849352
0.026481438
0.05941131
0.084427185
0.019096775
0.05003657
0.12942837
0.18562512
0.14054643
0.051622372
0.19067219
0.13253063
0.1439682
0.304283
0.2068185
0.23214698
0.58613956
0.7023916
0.55244327
0.35466066
0.4633241
0.44579232
0.3293466
0.14852528
0.10704289
0.07903594
0.1977871
0.10421395
0.17626728
0.074159436
0.0361951
0.11165055
0.029728742
0.052334774
0.03550837
0.06017997
0.11705271
0.11998508
0.040759075
0.025154164
0.022803938
0.08663046
0.12071948
0.044922143
0.024206797
0.091410585
0.12281148
0.036194447
0.05014846
0.08399696
0.065857165
0.08279983
0.027585553
0.0816012
0.09504548
0.089032374
0.067328885
0.047394935
0.05008834
0.02254428
0.035616316
0.05514485
0.035223182
0.05978181
0.02827272
0.0618773
0.09598113
0.08160318
0.02861959
0.017005105
0.05313808
0.13408834
0.15993237
0.155098
0.1156717
0.08459372
0.07351359
0.01586354
0.05664194
0.09204086
0.097979404
0.048347272
0.05472039
0.10563681
0.08098911
0.06490628
0.012695204
0.05943609
0.08099056
0.11071495
0.15966491
0.08515113
0.041559994
0.08176599
0.02384258
0.04353947
0.026371295
0.09899777
0.061534155
0.05872833
0.056183018
0.02200121
0.018323045
0.029352704
0.04229003
0.06682211
0.12704074
0.10184892
0.168001
0.100825995
0.049614675
0.082965955
0.07813258
0.1038179
0.12173984
0.11889364
0.07706396
0.025533902
0.057742737
0.011478715
0.040830314
0.036556154
0.026029572
0.037890073
0.048324525
0.060736395
0.07160228
0.037841216
0.07654981
0.10925658
0.02858921
0.052024633
0.026942847
0.04422799
0.1051617
0.08354364
0.048667245
0.041202188
0.06032502
0.057133436
0.036886085
0.029111959
0.10400923
0.103175916
0.063613884
0.0746866
0.20789054
0.26429826
0.12620518
0.033410694
0.0817101
0.033169713
0.033482827
0.0330655
0.036219664
0.037486777
0.054022163
0.09255273
0.030036464
0.014876213
0.009912519
0.027581077
0.04277236
0.075770415
0.08110121
0.06300476
0.023491181
0.06897605
0.08726586
0.11158856
0.076265305
0.046623554
0.079788044
0.06340283
0.048232656
0.061665937
0.03990071
0.016243862
0.072207935
0.134088
0.10391744
0.021047445
0.054390505
0.05496539
0.037712388
0.040897716
0.055045865
0.05239788
0.07013984
0.020256568
0.09724301
0.04713177
0.039934117
0.042680856
0.058581203
0.05823092
0.048715215
0.02720681
0.043191023
0.029342672
0.05531322
0.07172304
0.03859747
0.07229823
0.20029506
0.18263936
0.09115559
0.058856394
0.06414519
0.038683012
0.03763579
0.045243125
0.036462232
0.07031581
0.05464607
0.14460343
0.09420766
0.06031836
0.024929412
0.08184771
0.12695858
0.098487206
0.07851019
0.07006108
0.09163694
0.05110143
0.02610183
0.043985687
0.03619041
0.043542456
0.013345847
0.07366513
0.07984397
0.01002146
0.079806216
0.09921296
0.10769365
0.13348839
0.12276223
0.09947674
0.07829564
0.036967266
0.031987518
0.020255627
0.109940715
0.1625503
0.08103916
0.11128426
0.17109215
0.102866925
0.09708407
0.11286594
0.13349655
0.002303114
0.06808473
0.03180717
0.052295968
0.065852776
0.055214547
0.056194227
0.06514375
0.07971082
0.108123034
0.042223714
0.08896117
0.03795198
0.08129755
0.08322328
0.08822502
0.09352595
0.063132636
0.07019637
0.19187346
0.28441387
0.17592168
0.11198477
0.09715831
0.039392486
0.10780685
0.10982853
0.034910932
0.12706862
0.15949258
0.057659708
0.027260194
0.08886884
0.09375335
0.08637937
0.05427977
0.040271815
0.07267836
0.10800668
0.1708585
0.12329339
0.08364076
0.053451344
0.04598267
0.07685804
0.066646785
0.04409412
0.08035499
0.08986533
0.094500005
0.04673341
0.025346126
0.04848672
0.05694223
0.026779814
0.044165183
0.06971844
0.06971064
0.05811684
0.039699964
0.039999764
0.11690581
0.09526192
0.03353502
0.03746474
0.037730087
0.031143915
0.040330116
0.04493955
0.065035254
0.120031916
0.124591246
0.09364904
0.016337443
0.0723258
0.054737892
0.042654287
0.07927856
0.054395717
0.10538014
0.064938664
0.046118982
0.06947404
0.053926654
0.030725135
0.10209359
0.06371292
0.03939256
0.06575904
0.06853436
0.079744086
0.04629044
0.03937798
0.077895395
0.08897316
0.0282915
0.06555096
0.04824191
0.08081552
0.06785935
0.018341374
0.062370177
0.0829285
0.0131596485
0.07436325
0.06064616
0.03681957
0.040727824
0.04044784
0.035435565
0.074289784
0.04714259
0.052159924
0.018424788
0.03513075
0.018523311
0.007765409
0.034153517
0.035211753
0.045848757
0.031072354
0.08795034
0.04870348
0.016174652
0.04909308
0.09764886
0.09390081
0.048485253
0.041723028
0.034125622
0.06980741
0.014012855
0.04122254
0.031586062
0.08859841
0.08350191
0.061255824
0.06931959
0.075975224
0.05785685
0.06651702
0.087524906
0.12775084
0.08488963
0.09199241
0.04566727
0.07568825
0.11322676
0.04735719
0.08433352
0.07075206
0.07905905
0.105418295
0.07989139
0.0879911
0.07358096
0.06259113
0.027058747
0.077114746
0.11868199
0.08573335
0.06821183
0.056552865
0.043565966
0.035970923
0.04052875
0.041581288
0.03539636
0.0539544
0.02811774
0.05019191
0.047431525
0.009546666
0.026829328
0.05368373
0.078611396
0.072877064
0.063897565
0.027199784
0.024709826
0.011222486
0.052845087
0.067355506
0.08247514
0.07959867
0.061442208
0.0038364183
0.020391995
0.03786176
0.06397083
0.030133544
0.03288206
0.041808665
0.07120237
0.08837968
0.08193766
0.09124999
0.06305706
0.10634713
0.109956786
0.031847876
0.044063605
0.036364384
0.047708586
0.06906193
0.046342373
0.061278466
0.06818013
0.08117395
0.081497364
0.028092382
0.055919953
0.026975341
0.057752665
0.05616534
0.07593181
0.052711274
0.016298283
0.101579875
0.061057296
0.079622924
0.08750838
0.042706918
0.03567283
0.05097208
0.08886855
0.061165716
0.043920737
0.08559604
0.072226435
0.0651569
0.022224436
0.090753235
0.12599187
0.11377039
0.07487916
0.07226035
0.08620104
0.062545784
0.050930846
0.13505621
0.08263353
0.06385956
0.034807544
0.039670415
0.03206683
0.070317104
0.091637075
0.060346395
0.082452014
0.07984377
0.06662866
0.06776658
0.050874524
0.07411899
0.094332784
0.051667787
0.024792237
0.09032618
0.09695299
0.066826284
0.11483492
0.096535735
0.07877987
0.06318266
0.0890043
0.083005175
0.08003977
0.109426044
0.091346025
0.08014527
0.095622785
0.07419825
0.08824331
0.042273935
0.055715047
0.08774246
0.082196616
0.12499113
0.12123734
0.11022036
0.05301798
0.08104024
0.06963002
0.08142052
0.094231695
0.120703965
0.07754596
0.05854388
0.017714838
0.06082294
0.07871021
0.038171425
0.037672088
0.01308032
0.04054244
0.059261095
0.058410764
0.07797454
0.1222628
0.119642496
0.13277833
0.07455926
0.034837324
0.13179356
0.12444006
0.120931216
0.12301985
0.10115286
0.065290175
0.009548163
0.015786503
0.039588604
0.071255006
0.07435175
0.04987128
0.03315647
0.012739633
0.0338911
0.06511956
0.07521135
0.02987239
0.062436737
0.05364753
0.06832096
0.097586036
0.10470551
0.090326995
0.10773826
0.09193791
0.03991791
0.032285355
0.042773064
0.054482155
0.07057806
0.025970004
0.0489109
0.10362341
0.1164213
0.112468064
0.057288583
0.03883634
0.017506551
0.04922909
0.08199357
0.05590206
0.014374069
0.075949684
0.075322166
0.015886081
0.05027396
0.101644434
0.0618099
0.06642594
0.0407247
0.0387115
0.06390005
0.10009964
0.09442685
0.032732368
0.055231184
0.0523157
0.027498351
0.056044262
0.03191409
0.043839097
0.049660627
0.042085536
0.07881032
0.041058067
0.011207536
0.027844742
0.06246902
0.08011094
0.056769174
0.07453532
0.07938169
0.06786651
0.05243337
0.09020916
0.057811182
0.07146695
0.064965844
0.081852734
0.14488864
0.16347888
0.089166865
0.06740095
0.07971171
0.043069348
0.01806471
0.043781802
0.011847723
0.08015377
0.079152256
0.07216591
0.08927022
0.07258388
0.07894979
0.07587228
0.06294838
0.032334954
0.07660467
0.10916405
0.033265065
0.07691923
0.14733842
0.14593387
0.101437174
0.06284319
0.03338562
0.09599594
0.08994532
0.11692496
0.09771117
0.038973644
0.00678584
0.03925451
0.118442126
0.12268125
0.050044253
0.036717918
0.03030412
0.015665922
0.058387592
0.12102734
0.0759829
0.095924474
0.081388645
0.042761322
0.08178703
0.13437822
0.115860045
0.077732444
0.06354741
0.028771684
0.06398268
0.06646133
0.02505692
0.04727103
0.014830264
0.07967492
0.095987745
0.04956189
0.06899954
0.08478737
0.031358898
0.026259705
0.046396893
0.05497314
0.06833387
0.06929207
0.023983503
0.1314496
0.113781415
0.045163512
0.088892706
0.04220659
0.12230194
0.1515315
0.0246569
0.06295687
0.058352385
0.04396397
0.043421373
0.0559784
0.030844467
0.07123631
0.05360134
0.016899759
0.044049878
0.0919599
0.03232376
0.117106535
0.03668708
0.0736396
0.088857554
0.045608573
0.009680602
0.05986762
0.07632848
0.12230658
0.1005175
0.054114684
0.038968462
0.05914554
0.07348443
0.07268965
0.11637174
0.1433788
0.07058193
0.027339712
0.05335486
0.014320919
0.080458015
0.0429417
0.044963937
0.05679047
0.100090414
0.10559371
0.13211703
0.16441794
0.082871236
0.085501075
0.12455014
0.087516494
0.054597832
0.07162733
0.10847675
0.062413886
0.026668044
0.043764323
0.09635462
0.09350789
0.13359706
0.14703809
0.07539418
0.054385185
0.046477754
0.06460099
0.057099592
0.058425628
0.0573261
0.03259018
0.009544137
0.016460018
0.052484997
0.07628945
0.016629152
0.0796365
0.06873489
0.069783024
0.064978465
0.00305371
0.014584892
0.026223231
0.09557546
0.13897459
0.1366945
0.09401567
0.0807054
0.05634864
0.06202454
0.06307088
0.083750434
0.104868434
0.09786331
0.07686305
0.05492075
0.17636767
0.16214228
0.0917885
0.08276417
0.042961344
0.057172824
0.022161473
0.114380926
0.09068122
0.072090164
0.060932495
0.028345533
0.020868126
0.054300833
0.08945498
0.031249458
0.11454915
0.06721869
0.06026385
0.1069901
0.08672509
0.07660464
0.06174109
0.03605806
0.056983538
0.08233242
0.060560454
0.022021465
0.1137538
0.11995249
0.057133213
0.025179904
0.056020282
0.082965955
0.04165313
0.029523464
0.068011805
0.13107148
0.13215451
0.12114506
0.042963527
0.02926468
0.14347678
0.16917989
0.09223984
0.044826265
0.06775164
0.046042092
0.06039288
0.046835605
0.038319472
0.09409155
0.13277294
0.09622562
0.025465092
0.094412886
0.09117389
0.047989074
0.10183262
0.06791595
0.065537415
0.091426745
0.033776868
0.02629244
0.04517576
0.044200502
0.058510546
0.020301959
0.0650329
0.049763758
0.08647958
0.14402857
0.0825572
0.040919352
0.10591118
0.1454414
0.097613126
0.04502338
0.04378236
0.01055363
0.02169447
0.045038845
0.094260655
0.052621007
0.03596294
0.013166563
0.022991287
0.064925686
0.059814304
0.049474027
0.09964878
0.0069214148
0.0742273
0.0654717
0.041523088
0.022914603
0.085862264
0.0662617
0.07356454
0.0180708
0.017555512
0.044212926
0.06268567
0.09132564
0.038620345
0.007789278
0.029846607
0.025894234
0.09264382
0.13500878
0.115188695
0.07152863
0.06715943
0.122096345
0.10998387
0.023182267
0.08730826
0.06465459
0.082376696
0.052928463
0.02458119
0.046359666
0.05761519
0.034884352
0.066947035
0.096834324
0.04738961
0.13081676
0.104074545
0.0969114
0.07618205
0.054415014
0.09716309
0.081508905
0.026663164
0.022766612
0.037514016
0.08133086
0.05916855
0.04227154
0.11645483
0.08751301
0.03200271
0.09846654
0.075657204
0.04954103
0.041106064
0.09963651
0.12587377
0.06704918
0.046447564
0.045154016
0.045254067
0.029458381
0.008896278
0.030181801
0.041346844
0.035210833
0.044560947
0.019930067
0.0698206
0.07757637
0.04142294
0.051166512
0.010813784
0.049667194
0.07727733
0.036253378
0.02786514
0.025381956
0.08014904
0.09302501
0.077829115
0.019289196
0.017539319
0.047069613
0.06434456
0.041370966
0.10277332
0.0954013
0.08231044
0.073741816
0.1065269
0.122358344
0.088198096
0.118107915
0.038155373
0.04121667
0.055956542
0.06266372
0.018908696
0.059283562
0.06488003
0.051166516
0.045195747
0.05719092
0.013873339
0.053905435
0.13418555
0.10115697
0.08567543
0.12601867
0.11717527
0.07868081
0.1045643
0.0958701
0.14687942
0.044254027
0.031724703
0.03942992
0.047745515
0.09911957
0.09259345
0.021159764
0.050437786
0.0586092
0.104915746
0.08280929
0.061018918
0.029890565
0.0879089
0.0902704
0.08048012
0.08828758
0.1296923
0.059425987
0.08539711
0.07778182
0.14457618
0.060818553
0.099240765
0.027495136
0.16270638
0.106914334
0.27919483
0.4674373
0.3157453
0.7787098
4.5490065
9.576189
6.6845655
7.819897
4.2083282
1.1239249
1.6520063
1.1173593
0.21289867
0.21366675
0.12914145
0.2151937
0.1755639
0.20104323
0.17490605
0.10013944
0.05152877
0.06629853
0.07569446
0.21684548
0.1112369
0.06415217
0.02448538
0.15206096
0.10259623
0.073731735
0.04104692
0.05081299
0.045813207
0.062422276
0.10061413
0.07370213
0.10988244
0.104975514
0.011465261
0.14930327
0.09574764
0.05923114
0.07086788
0.0727924
0.104414955
0.15110661
0.11837928
0.1349089
0.051040236
0.08368265
0.04217104
8.717643E-4
0.061848585
0.076984346
0.06319385
0.08364196
0.054066945
0.020971088
0.047916524
0.09365412
0.09056223
0.111434825
0.08656557
0.045694366
0.13261442
0.1446332
0.09503064
0.09089827
0.074032746
0.07003584
0.027647212
0.024779953
0.008105833
0.055495482
0.06108526
0.057650022
0.03233889
0.0088256495
0.050253358
0.04008249
0.041464828
0.01028538
0.048012786
0.04221654
0.10704968
0.05635455
0.029208379
0.07218685
0.1226164
0.07762365
0.037386447
0.0883298
0.11530428
0.046795484
0.061575923
0.085631266
0.012786488
0.09242741
0.07963442
0.07425196
0.15725252
0.16593933
0.115357526
0.06535891
0.0942617
0.10225462
0.1047906
0.046224754
0.019865787
0.06758803
0.12162168
0.09081675
0.07126043
0.047565278
0.073188104
0.10102809
0.004923969
0.11714885
0.15807371
0.09931955
0.033969678
0.010992924
0.040865302
0.043952055
0.02229058
0.04128802
0.06766082
0.050756935
0.012236404
0.038801517
0.038445495
0.009072148
0.066124976
0.093672924
0.036029454
0.07088662
0.07918352
0.116206415
0.11599031
0.023171876
0.032264132
0.058943458
0.028017763
0.059155423
0.0651099
0.08969654
0.071301825
0.09995002
0.11114043
0.0717338
0.026182972
0.058032013
0.038186587
0.06789747
0.025051368
0.017264886
0.06382943
0.0554141
0.05685379
0.051422723
0.05837372
0.082163624
0.09141497
0.14256774
0.162061
0.055137374
0.07370127
0.119315535
0.07593841
0.0479705
0.07229569
0.075229965
0.072037406
0.06598497
0.023421135
0.021905135
0.0647881
0.1284719
0.08194337
0.022935469
0.05109962
0.0593093
0.0706757
0.049150623
0.060732033
0.06110178
0.057503946
0.08068893
0.0123902
0.069631234
0.05080163
0.09129021
0.12333316
0.123385526
0.110925145
0.07812438
0.035925753
0.023214055
0.04330402
0.03136343
0.049430173
0.07812161
0.13617742
0.1329066
0.073112495
0.055363797
0.030414835
0.034235332
0.06886696
0.038016845
0.056356173
0.044449598
0.08456923
0.11067003
0.09581286
0.14791363
0.14263076
0.111116216
0.16091208
0.10434628
0.05683815
0.03535431
0.0493883
0.038561426
0.039879292
0.033091336
0.061038334
0.025162943
0.057308972
0.056228336
0.024950538
0.052495137
0.027010018
0.07647482
0.035465017
0.07196594
0.08192866
0.07017448
0.06994324
0.03915788
0.07247164
0.08882629
0.100210086
0.036057282
0.07592725
0.09628046
0.06578219
0.008466796
0.007054551
0.05309458
0.06729752
0.058334097
0.05334358
0.06749405
0.04875304
0.08715642
0.08821349
0.019868832
0.11561943
0.167501
0.09602214
0.013541164
0.05039772
0.025451714
0.036509905
0.027007245
0.057686087
0.054880247
0.052423477
0.044271704
0.015118482
0.055039927
0.030400908
0.08269884
0.1074399
0.039506808
0.034885775
0.03522464
0.05721214
0.057469126
0.04582476
0.037771948
0.04028536
0.05100551
0.07728054
0.057217892
0.026798582
0.033894453
0.055411194
0.0751095
0.08091916
0.039622676
0.042831298
0.03969945
0.044595473
0.014043468
0.02094136
0.013319294
0.0427409
0.04838347
0.017067203
0.07711142
0.12214642
0.096443295
0.063417114
0.075675815
0.06875855
0.024440577
0.01173793
0.022579864
0.019976536
0.017157802
0.040470023
0.041159432
0.02499491
0.032160934
0.04626706
0.039776493
0.029314525
0.030100685
0.027143128
0.088676885
0.081518225
0.05124166
0.044748753
0.042715218
0.017134525
0.03038386
0.033549182
0.009979563
0.02062229
0.032089267
0.040690716
0.06363172
0.049000967
0.034666575
0.06775952
0.07017656
0.057213433
0.021106016
0.0227433
0.043295223
0.055535864
0.04743924
0.07864434
0.085556835
0.04545995
0.026293242
0.034803037
0.027375067
0.016499361
0.04257513
0.0642398
0.032260217
0.019043209
0.033713747
0.024821708
0.035957508
0.01702635
0.019737665
0.03580366
0.021259699
0.058959506
0.09972595
0.11495511
0.07091369
0.0511737
0.061495923
0.034731127
0.01907373
0.033363707
0.03169559
0.027264839
0.021450708
0.021292133
0.053234328
0.076981105
0.040392376
0.03294248
0.006813747
0.04313217
0.007631297
0.057610214
0.04176408
0.036873285
0.054766584
0.05134163
0.028750699
0.06521044
0.060765054
0.05543194
0.0
-0.0061036795
0.0
-0.0030518146
0.0030517967
0.0
-0.0061035
0.0
-0.006103378
0.0030516528
0.0
0.0
0.0030515236
-0.0030514733
0.0030514195
0.0
0.003051301
0.0030512363
-0.003051168
0.003051096
0.0
0.0
0.003050859
0.0
0.006101366
-0.0030505897
0.0
0.0030503923
0.0
0.006100361
-0.003050069
0.0
0.0
-0.006099427
0.0030495878
-0.0030494586
0.0030493257
-0.0030491892
0.0
0.0060978113
-0.0030487585
0.0030486076
0.0030484532
0.0
0.0030481338
-0.0030479687
0.0030478002
0.0030476279
0.0
0.0030472726
-0.0030470896
0.0030469028
0.0030467126
0.003046519
0.006092643
0.0030461205
0.006091832
0.0
0.0030454963
0.0030452812
0.0
0.00608968
0.0
0.0
0.0030441512
-0.0030439147
0.0030436744
0.0
0.0030431831
0.0030429321
0.0
0.0030424194
-0.0060843155
0.0030418923
0.0030416236
-0.0030413512
0.0030410753
-0.0060815914
0.0
0.0
0.0
0.0030396418
-0.0030393444
0.0030390436
-0.003038739
-0.003038431
0.0
0.0
0.0030374855
0.0
-0.0030368373
0.0
-0.003036175
0.0030358385
0.0
-0.003035155
0.0030348075
-0.0030344569
0.0030341025
0.0
0.0
0.0
0.0
0.003032278
-0.0030319025
0.0
0.0
0.0
0.0
-0.0030299714
0.0
0.0030291742
0.0
0.0030283628
0.0
0.0
0.0
0.0
0.0030262724
0.0
0.0060508233
0.0
0.0030245367
0.0
0.0
0.0060463957
0.0030227446
0.0
0.0030218272
-0.0030213632
0.0030208959
0.0
0.0030199504
0.0030194724
0.0
0.0030185059
0.0
0.0
0.0
0.0
-0.003016028
-0.003015522
-0.0030150122
0.003014499
0.0
0.0030134625
0.0
-0.0030124118
-0.0030118811
0.0
0.0030108094
0.0
0.0030097237
0.0
0.0
0.003008069
-0.0030075102
0.0
0.0
0.0
0.0
-0.0060093305
0.0
0.0
-0.0030029162
0.0
-0.003001733
-0.0030011362
-0.0030005358
0.0
0.0029993248
0.0
0.0029981
0.0
-0.002996861
0.0
-0.0029956084
0.0029949767
0.0
0.0
0.0
0.0
0.0059835347
0.0
0.0
-0.0029898002
0.0
0.0029884714
0.0
0.0
0.0
-0.005971546
0.0
-0.002984403
0.0029837128
0.0029830192
0.0
0.005963244
-0.0029809182
0.0
0.0
-0.0059575723
0.005956137
0.0
0.0029766234
0.0
0.0
0.0059488593
0.0
0.0059459005
0.0029722054
0.0
0.005941411
-0.0029699504
0.005938384
0.0
0.0
0.005933793
0.0
0.0
-0.0029645702
0.0
0.0029630025
-0.005924427
0.0059228423
-0.005921251
0.0
0.002959024
-0.005916436
0.0
-0.0059131924
0.0
0.0
-0.005908277
0.0029533124
0.0
0.0
0.0
0.0
0.0029491317
0.0
0.0
0.0
-0.005891454
0.0
-0.005888009
0.0
0.0
-0.0058827917
0.0
-0.00587928
0.0
-0.0029378708
0.0
0.005872177
-0.0058703846
0.0
-0.00586678
0.0
0.0029315744
-0.0029306617
0.0
0.0
0.0
0.0
-0.0029260484
0.0029251156
-0.00584836
0.0
0.0
-0.005842705
0.0029204036
0.0
0.0029184956
0.0
-0.0058331494
0.0029156092
-0.0029146406
0.0
0.0
0.0
0.0029107332
-0.008729245
0.0
-0.0058155367
0.0
0.005811551
-0.0029047744
0.0
-0.005805524
-0.002901751
0.0
-0.008699158
0.0028986987
-0.0057953494
0.0
0.0
-0.00868375
0.0028935466
0.0
0.0
0.0
-0.002889367
0.0028883142
-0.002887258
0.0028861987
0.0
-0.0028840704
0.0028830015
-0.008645788
0.002880854
0.0028797756
0.0
0.002877609
-0.0057530417
0.0
0.0
-0.0028732377
0.002872137
-0.002871033
0.002869926
0.0
-0.0028677022
-0.0028665855
-0.008596398
0.0028643429
-0.002863217
-0.0028620877
0.0
-0.00857946
0.0028586814
-0.0028575396
-0.0028563947
0.0
-0.011416382
0.0
-0.0028517838
0.0028506233
0.0
-0.0028482927
0.002847123
-0.0056919
0.0
0.0
-0.0028424123
0.0
-0.005680077
0.0
-0.002837652
-0.0028364544
0.005670507
-0.005668099
0.0028328425
-0.0028316325
-0.0056608384
0.0
-0.0056559676
0.0028267615
-0.002825536
0.0
0.002823076
-0.0028218413
0.0028206035
0.0
0.0028181192
0.0028168724
-0.0028156226
0.0028143697
-0.0028131139
0.002811855
0.002810593
-0.0056186556
0.0056161196
-0.0028067888
0.0028055147
0.0028042379
0.0
0.0056033493
-0.0028003885
0.005598199
0.0027978073
0.0
0.0055904286
0.0
0.0027926092
-0.0027913023
-0.0027899921
0.0027886792
-0.0027873632
0.0027860445
0.0
0.0
0.0027820698
-0.0027807392
0.005558811
0.0
0.0027767292
0.0055507733
-0.0027740411
0.0055453856
-0.0027713412
0.002769987
0.00553726
-0.0027672697
0.005531813
-0.005529081
0.0027631717
0.0027617998
0.0
0.005518095
-0.0027576669
0.0027562834
0.0
-0.0027535078
0.0055042314
-0.0055014417
0.005498646
-0.0027479222
-0.0027465185
0.002745112
-0.008231107
0.0054845805
0.0
0.0
0.0027380362
-0.0054732254
0.0054703723
0.0
0.0
0.0027308895
-0.005458903
0.0054560215
-0.0027265672
0.0027251206
0.0027236715
-0.0027222193
0.005441529
-0.008157921
0.0027178463
0.0
-0.002714917
0.0054268963
-0.00813593
0.002710502
-0.0027090246
-0.0054150894
0.0054121236
-0.0054091522
0.0
-0.005403193
-0.0054002055
0.002698606
-0.008091319
0.0053912085
0.0
-0.0026925916
0.0026910813
-0.005379136
0.0053761043
-0.0026865334
0.0
0.0026834877
-0.008045883
0.0026804314
-0.005357798
0.002677364
0.0
-0.0053485716
0.0053454856
-0.0053423936
0.0
0.0026680971
-0.0053330865
0.0026649865
-0.007990282
0.0026618652
0.0
-0.0026587334
0.005314327
-0.0026555907
0.0026540156
0.0
0.0
0.0052985474
-0.0026476877
0.007938297
-0.002644508
-0.0026429142
0.0026413177
-0.007919156
0.002638117
-0.0026365127
0.0
0.0
-0.005263368
0.0026300694
-0.002628452
0.002626832
0.0026252095
-0.0052471687
0.0052439133
-0.007860979
-0.0026186935
0.002617058
-0.00784626
0.0052275592
-0.0026121365
0.0026104907
-0.0026088424
-0.0026071917
0.0052110767
-0.005207765
0.005204448
-0.0026005632
0.0
0.0051944675
-0.00519113
0.005187788
-0.0025922204
0.0
0.0051777316
-0.0077615543
0.0077565038
-0.0025838153
0.0
0.005160871
-0.007736226
0.005154092
-0.0025753477
0.0
0.0051438864
-0.0051404745
0.002568529
-0.0077004544
0.0
0.0
-0.007685013
0.005119901
-0.0051164553
0.0051130042
0.0025547743
-0.005106088
0.0076539335
-0.005099152
0.0025478385
-0.0025460985
-0.0050887126
0.0025426117
-0.0076225935
0.00507823
-0.002537363
-0.0025356088
0.0025338521
-0.007596279
0.0050606634
-0.0050571356
0.0
0.0025250332
-0.005046525
0.0050429786
-0.0025197137
0.0025179358
0.005032311
-0.002514373
0.007537765
-0.0025108012
0.0050180233
0.0025072198
-0.005010851
0.0075108875
-0.0025018305
0.0025000295
0.0024982262
-0.0024964204
0.0049892254
-0.0024928025
0.00498198
0.0024891752
-0.0049747163
0.007456617
-0.004967435
0.0049637873
0.0
-0.0024782394
0.0049528177
-0.0049491525
0.004945482
-0.004941808
0.0
0.004934446
-0.009861516
0.0049270657
-0.0024616846
0.002459834
0.004915963
-0.0024561265
0.004908539
-0.0073572304
0.0024505488
0.0024486852
-0.0048936387
0.0048899027
-0.0024430812
0.002441209
0.0
-0.004874916
0.0048711584
-0.0024336984
0.0024318153
0.0
-0.004856086
0.004852307
-0.007272786
0.004844737
0.0
0.0
0.0048333495
-0.0072443183
0.0048257373
-0.0024109625
0.0
0.0024071436
-0.0072156936
0.009613267
-0.0024014001
0.0023994814
0.0023975607
-0.007186914
0.007181139
-0.007175359
0.0023898573
0.0023879264
-0.0071579805
0.004768117
-0.0071463645
0.0023801825
0.0023782414
0.0
0.00712306
-0.007117219
0.0023704572
0.0
-0.0070996596
0.0070937946
-0.0047252825
0.0023606822
-0.0023587213
0.0
0.007064381
-0.007058481
0.0023508584
-0.0070466627
-0.00469383
0.004689881
-0.007028892
0.0046819714
-0.0023390055
0.0
0.0023350392
-0.006999159
0.0046621305
-0.006987226
0.0
0.00232509
-0.006969284
0.0069632917
-0.006957294
0.0023170968
0.0
-0.004626178
0.006933247
-0.006927222
0.0023070637
0.0
-0.006909112
0.0069030644
-0.0068970113
0.0022969844
0.0
0.0
0.0068727448
-0.0068666646
0.006860579
-0.0045696585
0.0
0.0045615267
-0.0045574554
0.0068300706
0.0
0.00227261
0.006811702
-0.0045370455
0.0067994297
-0.0045288573
0.0022623788
0.0
-0.0045165485
0.011281097
-0.0067624883
0.0022521045
0.0022500444
-0.0044959653
0.0044918386
-0.004487708
0.0044835745
0.0
-0.004475297
0.00670673
-0.006700509
0.004462856
0.0
-0.0044545447
0.0044503845
-0.008892442
0.004442054
-0.004437884
0.0
0.0044295336
-0.004425354
0.008842341
-0.004416984
0.0
0.0044086017
-0.0044044056
0.0088004125
-0.0021980018
0.0021958991
0.0
-0.0043833777
0.0043791626
-0.0043749446
0.0021853617
0.0
-0.0043622716
0.004358041
-0.0065307114
0.0043495707
-0.0021726657
-0.0021705441
0.008673686
-0.0064988905
0.004328342
0.0
-0.0043198294
0.0043155686
-0.006466957
0.0043070377
0.0
0.0
0.00644133
-0.006434912
0.00642849
-0.0042813756
-0.002138544
0.004272798
-0.004268505
0.0042642094
-0.004259911
0.0
0.0042513045
-0.0063704965
0.006364031
-0.0063575623
0.0
0.0021148704
-0.0063381293
0.006331643
-0.006325153
0.0042124395
0.0
-0.004203772
0.006299152
-0.0062926416
0.0041907514
0.0
-0.0020910287
0.0041777063
-0.006260029
0.0041689966
0.0
0.0
0.004155912
-0.004151545
0.0041471757
-0.0041428036
0.0
0.006201078
-0.0041296724
0.006187936
-0.006181359
-0.0020582592
0.0020560645
-0.008215473
0.006155013
-0.0061484175
0.0
0.0
-0.0061286082
0.0061219977
-0.0061153835
0.0
0.0
-0.0060955198
0.0020296304
-0.0060822596
0.002025208
0.002022995
-0.0020207807
0.006055696
-0.0060490468
0.0060423934
0.0
0.0
0.0060224137
-0.008020996
0.006009077
-0.0020008013
0.0
0.0039926977
-0.0039882422
0.0059756762
-0.0019896622
0.0
0.0019851988
-0.0019829655
0.007922924
-0.0019784956
0.0019762593
0.0019740216
-0.0078871325
0.0019695433
-0.0019673028
0.0019650608
0.0019628182
-0.003921149
0.003916659
-0.003912167
0.0019538368
0.0019515889
-0.00389868
0.0038941803
-0.007779357
0.0038851749
0.0
-0.0019380808
0.003871652
-0.0038671405
0.0038626273
0.0
0.0
0.0038490756
-0.005766832
0.0057600476
-0.0019177536
0.0019154903
0.005739678
-0.001910961
0.005726085
-0.0019064281
0.0
0.0019018917
-0.001899622
0.0037947032
-0.0018950802
0.001892808
0.0
-0.0018882611
0.0037719726
-0.0037674215
0.0018814342
0.0
-0.0018768788
0.0037491997
-0.00561696
0.003740079
0.0
0.0
0.0055895783
-0.005582727
0.0055758734
0.0
0.0
0.003703532
-0.0018494782
0.0073887594
0.0
0.0018426107
0.00552096
-0.0018380285
0.0073429453
-0.0018334434
0.0018311498
0.0036577107
-0.0018265604
0.007297058
-0.0018219681
0.0018196709
0.0018173731
-0.003630149
0.007251101
-0.0018104754
0.0018081748
0.0
-0.0018035716
0.0036025383
-0.0035979317
0.005389986
0.0017943576
0.0017920524
0.00536924
-0.005362321
0.0053554
0.0
0.0017805176
0.0053346264
-0.0035517989
0.0053207683
0.0
0.0
0.0035333121
-0.0035286874
0.0070481235
-0.003519435
0.0017574036
0.003510178
-0.0035055482
0.007001834
-0.0017481424
0.0017458257
0.0017435086
-0.003482382
0.0069554914
-0.0034731084
0.0017342351
0.0034638308
-0.0017295954
0.0051818243
-0.0034499073
0.0051678964
0.0
0.0
0.0051469943
-0.0068533653
0.005133053
-0.0017086933
0.0
0.0051121307
-0.003403436
0.0033987842
-0.0016970658
0.0
0.0050772354
-0.0033801687
0.0067510256
-0.0016854281
0.0
0.0016807704
-0.001678441
0.0050283335
-0.0033475622
0.0016714507
0.0
-0.005000366
0.0049933717
-0.0033242507
0.0016597933
0.0016574608
-0.0033102562
0.004958385
-0.004951385
0.003296256
0.0016457941
0.0
0.0032822508
-0.0032775812
0.003272911
0.0
0.0
0.004888347
-0.0016271129
0.00487433
0.0
0.0
0.0048532994
-0.0032308586
0.0048392755
-0.0016107543
0.0
0.0016060785
-0.0032074808
0.004804206
-0.0031981268
0.0015967247
0.0015943858
-0.0047761407
0.0047691227
-0.0015873683
0.0031700577
0.0015826892
-0.0015803494
0.0031560191
-0.003151339
0.003146659
0.0
-0.0015686488
0.0031326169
-0.0031279358
0.0031232545
-0.003118573
0.0
0.0031092097
-0.0046567917
0.003099846
-0.0030951637
0.0
0.0030857993
-0.0030811168
0.0030764344
-0.003071752
-0.0015335347
0.0015311934
-0.0030577043
0.0030530216
-0.003048339
-0.0015218282
0.0015194869
-0.003034291
0.0030296086
-0.004537389
0.0015101219
0.0015077807
0.0
0.004509296
-0.003001515
0.0044952496
0.0
-0.0029874695
0.0029827883
-0.00446716
0.0014867128
0.0
-0.0014820319
0.0029593832
-0.0029547028
0.0044250344
0.0
0.0
0.002935984
-0.0043969573
0.002926626
-0.0014609736
-0.0014586346
0.0014562956
-0.0043618707
0.0043548546
-0.0014492797
0.0
0.0014446034
-0.0043267966
0.0028798557
-0.0028751807
0.0014352531
0.0
-0.0028611582
0.0042847274
-0.0028518124
0.00142357
-0.0014212341
-0.0014188983
0.0028331259
-0.005656911
0.0014118929
-0.0014095583
-0.001407224
0.0014048899
-0.0042076684
0.0014002225
-0.0013978893
0.0
0.0013932239
-0.0027817832
0.0013885596
-0.002772456
-0.0013838967
0.0013815657
-0.0027584701
0.0027538096
-0.0013745748
0.0013722453
0.001369916
-0.0027351743
0.0013652586
-0.002725861
0.0013606028
0.0
-0.002711897
0.004060866
-0.0013512959
0.0013489701
0.0
-0.0013443199
0.0040259864
-0.0026793429
0.0
0.0
-0.001332702
0.0013303797
-0.0026561162
0.0013257368
-0.0013234159
-0.0013210955
0.0013187756
-0.0026329125
0.0026282747
-0.001311819
0.0
0.0
-0.0026097335
0.003907651
-0.0013002346
0.0012979193
0.0012956045
-0.0025865806
0.00387293
-0.0012886636
0.001286351
0.0
-0.0012817276
0.0025588335
-0.0012771065
0.0012747968
0.0
0.0
0.0025357427
-0.001265564
0.0012632573
-0.0012609513
-0.0012586459
0.0025126822
-0.0012540369
0.0
0.0
-0.0012471282
0.0024896534
-0.0012425258
0.002480451
-0.001237926
-0.0024712542
0.0024666577
-0.003693094
0.0012287345
-0.0012264384
0.002448286
0.0024436966
-0.0012195542
0.0
-0.0012149684
0.0024253533
0.0
-0.0012080952
0.0024116111
-0.0012035168
0.0
0.0011989414
-0.0011966549
0.0035831074
-0.0011920842
0.0023796
0.0011875165
0.0
0.0035488564
-0.0011806712
0.0035351727
0.0011761115
0.0
0.0023431105
-0.0011692784
0.0023340047
0.0
0.0
0.0011601793
-0.0023158134
0.0023112698
-0.0011533641
0.0
0.0022976499
-0.0022931132
0.0022885785
-0.0011420228
0.0
0.0022749852
-0.0011352289
0.0022659323
0.0
0.0022568866
0.0
0.0
0.002243332
-0.0011194089
0.0022343053
0.0
-0.001112643
0.0022207797
-0.0022162749
0.0022117721
0.0
0.0
0.0021982759
-0.0021937813
0.0021892886
-0.0010923989
0.0
0.0021758226
-0.001085669
0.0032502834
0.0
0.0
0.0010767104
0.0
0.0021444748
0.0
0.0010677687
0.0
-0.0021266085
0.0021221475
0.0
0.0
0.0
0.0
0.0020998747
-0.002095427
0.0010454906
0.001043269
0.0
0.002077658
0.0
0.0020687873
0.0
0.0
0.0010277494
-0.0020510738
0.0020466514
-0.0020422311
0.0
0.0
-0.0030434777
0.0010122872
-0.0020201663
0.0
0.0
-0.0030104348
0.001001279
-0.0019981621
-9.968844E-4
9.94689E-4
-0.0029774841
0.0
-0.00197622
0.0
0.0
-0.001963085
0.0019587118
-0.0029315117
0.0
0.0
-9.706224E-4
9.684423E-4
-0.0019325269
0.0
-9.619098E-4
0.0
9.575615E-4
-0.002866168
9.532185E-4
-0.0019020981
-9.4888086E-4
0.0
-0.0028336463
0.0
-0.002820666
-9.3806075E-4
0.0
-0.0037349693
9.315852E-4
-9.294295E-4
-9.272752E-4
0.0
-0.0027689124
0.0
-9.1867207E-4
0.0
-9.143791E-4
-9.1223477E-4
9.1009185E-4
-0.0027238512
0.0
0.0
-9.0153486E-4
8.993992E-4
-8.9726516E-4
0.0
-8.930013E-4
-8.908717E-4
8.887435E-4
-0.0017732336
8.8449166E-4
-8.82368E-4
-8.802459E-4
0.0
-0.0017520123
8.738886E-4
-8.717726E-4
-8.696581E-4
0.0
-8.654338E-4
0.0
-8.6121564E-4
0.0
8.570038E-4
-0.0017098004
0.0
-0.0017013956
0.0
0.0
-8.4440614E-4
0.0
-0.0016804395
0.0
0.0
-8.339522E-4
0.0
-8.29782E-4
8.276994E-4
-8.2561834E-4
-8.23539E-4
8.214613E-4
-0.0016387706
0.0
-0.0016304763
-8.1316713E-4
0.0
-0.0024270902
0.0
-8.048998E-4
0.0
0.0
-0.0015974343
7.966597E-4
-0.0015892078
-7.9254986E-4
0.0
-0.001576894
7.8639813E-4
-0.001568702
-7.8230567E-4
0.0
-0.0015564404
7.7618007E-4
-0.0023224254
7.7210524E-4
0.0
-0.0015360749
7.660062E-4
-0.0015279535
0.0
-7.599233E-4
-7.5789925E-4
7.5587706E-4
-0.0015077132
0.0
-7.4982125E-4
-0.0014956127
7.457932E-4
-0.0014875638
7.4177247E-4
-7.397649E-4
-7.3775917E-4
0.0
-0.0022012598
7.317531E-4
-0.0021892644
-7.277584E-4
0.0
-0.002895085
0.0
-0.0021593748
-0.0014356092
-7.1581954E-4
-7.138364E-4
7.1185513E-4
-0.0014197516
7.078984E-4
0.0
-7.0394936E-4
7.0197775E-4
-0.0014000161
0.0
-6.960745E-4
-6.941107E-4
6.921488E-4
-0.0013803778
6.8823097E-4
-6.8627496E-4
-6.84321E-4
6.82369E-4
-6.804189E-4
6.784709E-4
-0.0013530498
0.0
6.7263877E-4
-0.0013413975
6.6876074E-4
-6.6682475E-4
0.0
6.6295883E-4
-0.0013220578
6.59101E-4
-0.0019715256
0.0
0.0
-0.0013028198
0.0012989846
-0.0012951535
6.4566324E-4
-6.437518E-4
-0.0012836849
0.0012798704
-6.3803E-4
0.0
-6.342259E-4
-6.32327E-4
6.304302E-4
-6.285355E-4
0.0
-6.247525E-4
-6.228641E-4
0.0
-0.0018572815
6.172119E-4
-0.0012306642
0.0
6.1157893E-4
-0.0012194111
6.078344E-4
-0.0012119306
0.0
6.0223375E-4
-0.0012007423
5.9851084E-4
-0.0011933054
0.0
0.0
-0.0011821826
5.892419E-4
-0.0011747894
5.8554974E-4
0.0
-5.818664E-4
0.0011600562
-0.001156384
0.0
-5.745265E-4
-5.726971E-4
5.7086995E-4
-5.690451E-4
0.0
-5.6540204E-4
-5.635839E-4
0.0
-0.0011199089
0.0011162863
-5.563341E-4
5.5452733E-4
0.0011054458
-0.0011018413
5.491208E-4
-5.473232E-4
5.4552796E-4
5.43735E-4
-5.419443E-4
0.001080312
-5.3836993E-4
5.365863E-4
0.0
-5.330258E-4
0.0010624983
0.0
0.0010554056
5.259331E-4
0.0
0.0010448018
-5.206383E-4
0.0010377562
0.0
0.0
0.0010272233
-5.1186094E-4
5.101126E-4
0.0
0.0
0.001009764
0.0
0.0010028139
0.0
4.9794157E-4
9.92425E-4
-4.9448584E-4
9.855232E-4
0.0
0.0
9.7520713E-4
-4.858891E-4
9.683542E-4
-4.824675E-4
0.0
4.7905574E-4
-4.7735355E-4
9.513077E-4
-9.479132E-4
4.7226183E-4
-4.7056953E-4
0.0
9.343848E-4
-4.655076E-4
4.6382527E-4
0.0
0.0
9.175866E-4
-4.57121E-4
4.5545123E-4
4.5378396E-4
0.0
9.00914E-4
-4.4879733E-4
8.942804E-4
0.0
4.4383353E-4
8.84368E-4
0.0
0.0013166779
0.0
4.356115E-4
8.6794957E-4
-4.3234063E-4
8.6141814E-4
0.0
4.2745366E-4
8.516597E-4
0.0
8.4517995E-4
0.0
0.0
8.3549926E-4
4.161414E-4
8.2907156E-4
0.0
4.113324E-4
4.0973467E-4
0.0
8.130941E-4
0.0
8.067399E-4
4.0178536E-4
4.0020343E-4
7.972483E-4
-3.9704752E-4
7.909471E-4
3.9390224E-4
3.923336E-4
7.8153523E-4
0.0
7.752874E-4
0.0
3.845305E-4
7.6595583E-4
0.0
7.5976166E-4
0.0
3.7679455E-4
3.7525545E-4
0.0
7.443708E-4
0.0
3.6912624E-4
3.6760073E-4
0.0
3.645579E-4
0.0
3.61526E-4
3.6001418E-4
0.0
3.5699873E-4
-3.5549514E-4
3.539943E-4
0.0
0.0
3.495084E-4
-3.480186E-4
3.465316E-4
0.0
3.4356592E-4
3.4208727E-4
0.0
3.391383E-4
-3.37668E-4
3.3620052E-4
3.347358E-4
0.0
9.954446E-4
0.0
3.2890512E-4
3.2745447E-4
0.0
9.7368506E-4
0.0
3.2168019E-4
3.2024368E-4
-6.3762005E-4
3.1737922E-4
-3.1595124E-4
0.0
3.1310384E-4
0.0
3.1026787E-4
-3.0885419E-4
3.0744335E-4
0.0
0.0
3.032281E-4
-6.036575E-4
3.004323E-4
-2.9903874E-4
0.0
2.9626026E-4
-2.9487538E-4
2.934934E-4
0.0
2.907381E-4
5.7872967E-4
0.0
8.59881E-4
0.0
2.8390085E-4
5.650843E-4
0.0
5.596671E-4
0.0
2.7713669E-4
0.0
0.0
5.4622686E-4
0.0
2.7044603E-4
0.0
0.0
2.6646708E-4
-5.302934E-4
2.6382925E-4
5.250296E-4
0.0
2.5989482E-4
-2.585893E-4
0.0
0.0
0.0
2.533971E-4
0.0
0.0
0.0
-4.9650564E-4
2.4697426E-4
-4.9139746E-4
4.888524E-4
0.0
0.0
4.812534E-4
-4.7873252E-4
4.7621765E-4
0.0
0.0
4.6870956E-4
0.0
2.3186728E-4
0.0
0.0
0.0
0.0
2.257019E-4
0.0
2.2325714E-4
0.0
0.0
0.0
0.0
4.3439798E-4
0.0
0.0
2.1360104E-4
-4.248158E-4
4.2243573E-4
0.0
4.1769413E-4
4.1533262E-4
0.0
4.1062824E-4
0.0
0.0
0.0
-4.0129412E-4
0.0
0.0
0.0
0.0
0.0
3.8748028E-4
0.0
0.0
1.9032898E-4
0.0
0.0
0.0
0.0
0.0
-1.8359163E-4
3.6495956E-4
0.0
0.0
0.0
0.0
1.7696805E-4
0.0
1.7478557E-4
0.0
0.0
1.715357E-4
0.0
5.081552E-4
0.0
1.6724721E-4
0.0
0.0
1.6406442E-4
0.0
1.6195858E-4
1.6091048E-4
0.0
1.5882392E-4
0.0
0.0
0.0
0.0
1.5366387E-4
0.0
1.5162246E-4
1.506066E-4
0.0
1.485846E-4
0.0
1.4657558E-4
1.4557593E-4
1.4457954E-4
1.435864E-4
0.0
1.4160988E-4
0.0
1.3964639E-4
1.3866955E-4
-1.3769597E-4
0.0
0.0
0.0
0.0
0.0
0.0
0.0
1.3002516E-4
1.2908108E-4
0.0
1.2720277E-4
0.0
0.0
0.0
0.0
1.2256467E-4
-1.2164696E-4
0.0
1.19821445E-4
0.0
1.1800918E-4
0.0
0.0
0.0
-1.1442443E-4
1.13536546E-4
0.0
1.1177075E-4
0.0
1.1001828E-4
1.0914704E-4
-1.08279135E-4
1.0741457E-4
0.0
1.0569546E-4
1.0484092E-4
0.0
1.0314187E-4
-1.02297374E-4
-1.0145623E-4
0.0
-9.9783996E-5
9.8952914E-5
-9.8125194E-5
-1.9460167E-4
0.0
-9.566221E-5
0.0
0.0
0.0
0.0
-9.16246E-5
0.0
0.0
8.924254E-5
-8.845529E-5
0.0
8.689092E-5
0.0
8.5340114E-5
0.0
-8.3802865E-5
0.0
0.0
0.0
-8.076914E-5
8.001921E-5
-7.927268E-5
0.0
0.0
-1.5410707E-4
0.0
0.0
0.0
0.0
-7.342321E-5
0.0
0.0
0.0
7.0580485E-5
0.0
-6.917968E-5
-6.848442E-5
-6.7792585E-5
0.0
-1.3283845E-4
6.57377E-5
-6.505961E-5
-1.2876993E-4
0.0
-6.304598E-5
6.238167E-5
-6.1720784E-5
0.0
0.0
-1.1951769E-4
5.9111764E-5
-5.846814E-5
-5.782797E-5
5.7191253E-5
-5.6557994E-5
0.0
0.0
-5.4678985E-5
0.0
-1.0688725E-4
-5.2831147E-5
-5.2222134E-5
0.0
0.0
0.0
0.0
-9.8458295E-5
0.0
-4.8056278E-5
-4.747506E-5
4.6897323E-5
-4.6323068E-5
0.0
-4.5185014E-5
-4.4621214E-5
4.40609E-5
0.0
0.0
0.0
0.0
0.0
-4.0772335E-5
0.0
0.0
0.0
3.8649865E-5
-3.8128E-5
3.7609636E-5
-7.418955E-5
-3.658342E-5
0.0
-7.1142465E-5
0.0
-3.4573077E-5
-3.4079265E-5
-3.3588964E-5
-3.310218E-5
0.0
-3.2139153E-5
0.0
3.119019E-5
0.0
3.0255305E-5
-2.9793146E-5
0.0
0.0
0.0
2.7979733E-5
-2.7535194E-5
0.0
-2.66567E-5
-2.6222746E-5
0.0
-5.0730865E-5
0.0
-2.452225E-5
-2.410596E-5
0.0
-4.6567977E-5
0.0
0.0
0.0
0.0
-2.1290984E-5
0.0
0.0
2.013768E-5
1.9760335E-5
0.0
1.9016281E-5
0.0
1.8286419E-5
1.7926812E-5
0.0
0.0
-1.6869293E-5
1.6523893E-5
0.0
0.0
0.0
-1.5177828E-5
0.0
0.0
1.4205622E-5
0.0
0.0
1.3265448E-5
0.0
1.2656468E-5
2.4714645E-5
0.0
1.1769722E-5
-1.1481268E-5
-1.119638E-5
2.1830114E-5
0.0
1.0363114E-5
1.0092493E-5
9.825441E-6
0.0
0.0
1.8091408E-5
0.0
0.0
8.298108E-6
-8.056054E-6
0.0
0.0
7.3513343E-6
0.0
0.0
6.678791E-6
-6.4617625E-6
6.2483114E-6
0.0
-5.8321425E-6
-5.6294257E-6
-5.430288E-6
0.0
0.0
-4.854355E-6
4.6695386E-6
-4.4883036E-6
-4.3106506E-6
0.0
-7.9321835E-6
0.0
-3.635865E-6
0.0
0.0
3.1674044E-6
3.0184206E-6
0.0
0.0
-2.5929814E-6
2.4583405E-6
0.0
-2.1998192E-6
0.0
0.0
0.0
1.725825E-6
0.0
1.5103569E-6
1.408006E-6
1.3092442E-6
1.2140717E-6
0.0
1.0344957E-6
9.5009244E-7
8.6927935E-7
7.920567E-7
0.0
6.483831E-7
0.0
5.19073E-7
0.0
4.041277E-7
0.0
-3.0354812E-7
2.5864583E-7
-2.1733533E-7
0.0
0.0
-1.14955505E-7
8.801307E-8
-6.466283E-8
0.0
0.0
-1.6165792E-8
7.1848034E-9
0.0
0.0
