0.32174835
0.24817567
0.522179
0.65829295
0.8618596
0.4160819
0.45557886
0.9333909
0.25811124
0.9651192
0.48176956
0.4966427
0.284996
0.119609766
0.30617428
0.38467288
0.11959095
0.6671773
1.015635
0.8044755
0.2853757
0.09404979
0.47727972
0.5986089
0.049783595
0.42404488
0.3959891
0.49951112
0.46077034
0.08967923
0.26630774
0.22993983
0.26720557
0.44030693
0.3416509
0.06995823
0.3035913
0.2253315
0.41816357
0.76021034
0.45704612
0.25973073
0.3759519
0.4601544
0.3715608
0.12273276
0.1707553
0.22843309
0.32735944
0.16601981
0.07728305
0.17525277
0.107595995
0.34722593
0.36404556
0.24684855
0.42639354
0.17808682
0.3496117
0.47753325
0.35034752
0.26311788
0.13645327
0.17370075
0.04178889
0.15960303
0.1618796
0.09686293
0.1850306
0.29536954
0.23615205
0.22773956
0.19358711
0.18547133
0.10406899
0.39149338
0.19747467
0.026532369
0.11183736
0.280133
0.1144883
0.32615
0.26462927
0.29215693
0.20961717
0.39060315
0.124796286
0.071407445
0.11175268
0.12231834
0.08902095
0.2855206
0.21612553
0.18211205
0.11821969
0.10804302
0.2346556
0.1813383
0.25722408
0.22610845
0.14737467
0.16803865
0.31388214
0.19741888
0.21308954
0.131051
0.04239782
0.17564948
0.3509331
0.3402105
0.14302842
0.14110792
0.17889334
0.27218
0.10735965
0.089153625
0.046424054
0.23845616
0.1131311
0.23834683
0.18121101
0.024424627
0.084718354
0.0569881
0.07766826
0.0987236
0.031191103
0.108984105
0.13590701
0.4705567
0.56413424
0.6854427
0.63752323
0.23755805
0.24876894
0.40865603
0.4799847
0.3240039
0.19454065
0.21237208
0.16934511
0.16262756
0.09729913
0.17324373
0.10537374
0.054123044
0.14860229
0.110118516
0.080620684
0.1462133
0.13835345
0.13692452
0.17335467
0.10609338
0.027276589
0.118058145
0.28406903
0.22725746
0.075278215
0.15153013
0.29343316
0.26158673
0.21375626
0.11975215
0.096842885
0.14020237
0.092804685
0.17238359
0.17725188
0.15714729
0.11717163
0.08203499
0.1378657
0.16574149
0.21423465
0.25394034
0.033192664
0.10047256
0.034971353
0.13367072
0.19273354
0.3097794
0.26983398
0.17738311
0.06551608
0.115330435
0.24048914
0.18772905
0.11071394
0.25810927
0.33369046
0.18922111
0.11473119
0.13976267
0.1927913
0.10188963
0.10853978
0.13651912
0.039075587
0.042505596
0.039257057
0.08074529
0.089778595
0.09962768
0.11150459
0.049446482
0.076272696
0.14125498
0.1011048
0.11245594
0.051501486
0.11746598
0.042083144
0.11245722
0.122107916
0.13481312
0.13018946
0.0746906
0.0695054
0.19961135
0.27943024
0.24758041
0.16402699
0.091707565
0.12381396
0.15376563
0.1207358
0.18176915
0.03841345
0.0822468
0.089328535
0.0990426
0.05426725
0.078457125
0.1449808
0.21493925
0.22571726
0.13738458
0.09639089
0.08647529
0.22275981
0.16034128
0.040801574
0.047694035
0.24886754
0.19423208
0.07656669
0.07593311
0.061315764
0.013818393
0.06562446
0.06689312
0.093829
0.051790837
0.1919995
0.17179261
0.09561192
0.23126349
0.1083156
0.13475949
0.17155735
0.10449357
0.045322966
0.048524234
0.012768641
0.04657675
0.02209925
0.10037831
0.15818372
0.08489394
0.08923258
0.132507
0.14673422
0.107899114
0.06650897
0.14065531
0.08616359
0.12083539
0.1418829
0.13383295
0.10733728
0.03150301
0.08218286
0.09923779
0.09004965
0.2300438
0.19964713
0.106415674
0.07831961
0.11379809
0.072545566
0.22559354
0.15670311
0.022459468
0.053134695
0.11763607
0.079620555
0.1172947
0.14414516
0.15519111
0.1712481
0.19204566
0.16544093
0.08910132
0.11122937
0.10220525
0.15405245
0.17950673
0.2742848
0.2753604
0.17608176
0.1701935
0.13596469
0.08999228
0.022413215
0.17880583
0.10532959
0.04982124
0.08427356
0.14101563
0.09233337
0.06632848
0.1333769
0.049181372
0.1732421
0.08496356
0.032477867
0.13132837
0.13788934
0.1553319
0.13757281
0.046970483
0.031900737
0.039376445
0.03855363
0.14462708
0.1291889
0.028328678
0.08183488
0.12724519
0.115421325
0.023767605
0.10158273
0.13802944
0.15060835
0.17121832
0.15192918
0.038981855
0.06534284
0.079114266
0.15997179
0.087319754
0.13402137
0.15893741
0.1337529
0.13986585
0.09834355
0.074750386
0.24601027
0.1460333
0.05585437
0.05115724
0.10583158
0.056101788
0.08375141
0.034536507
0.21189733
0.24747102
0.05703389
0.103364706
0.09832208
0.14017347
0.091516964
0.070796594
0.121810056
0.07037973
0.09525779
0.031765006
0.13230899
0.13804324
0.1575061
0.19614775
0.11499527
0.16449142
0.0373891
0.152777
0.10014496
0.11716872
0.074543916
0.14569393
0.1666129
0.1279544
0.19427186
0.12410761
0.04648431
0.027479202
0.07365581
0.0815663
0.09339928
0.031501837
0.17751947
0.08901747
0.074429385
0.03209503
0.06547885
0.089251064
0.18753229
0.26656696
0.2133906
0.22360826
0.2904244
0.27164307
0.2392848
0.33488834
0.14904767
0.2439629
0.19649018
0.2563722
0.1844366
0.06733278
0.18847437
0.12581232
0.12574238
0.088294566
0.094044425
0.1735313
0.16034631
0.0859855
0.121574074
0.063698396
0.12806919
0.015426449
0.060949888
0.104335986
0.0986543
0.068790965
0.1767223
0.17416367
0.038609963
0.20188852
0.17379297
0.10161928
0.12811862
0.094363175
0.08026312
0.14180845
0.076492965
0.10239648
0.070379764
0.103293926
0.15809755
0.111297406
0.05307987
0.065787934
0.118865006
0.20091751
0.06292257
0.21254528
0.074534945
0.22111663
0.19125515
0.14454916
0.06360284
0.09759218
0.25722048
0.21358638
0.16422787
0.2799622
0.24212086
0.17719792
0.053547747
0.10207105
0.08746519
0.08072907
0.032243803
0.17537953
0.14993298
0.09909824
0.12155419
0.1228261
0.1968645
0.1796448
0.12358375
0.09747486
0.26029462
0.2906953
0.20965016
0.31007636
0.28449103
0.10788667
0.13481474
0.18142828
0.20059708
0.15435474
0.011969513
0.08722758
0.079387985
0.094268054
0.062093355
0.15815185
0.1613526
0.2642947
0.20513363
0.2206964
0.2689524
0.23106976
0.06343229
0.0393005
0.02051848
0.14522314
0.13173008
0.12177162
0.1580212
0.03678461
0.06606816
0.1720016
0.2087513
0.1785221
0.08731221
0.13572076
0.12585302
0.042703815
0.14904574
0.14660098
0.10275722
0.043993086
0.14999552
0.25131732
0.17236833
0.23361628
0.3679151
0.15292339
0.11312462
0.03771911
0.07523197
0.1390093
0.21491481
0.08809368
0.14646807
0.06925518
0.20573431
0.2877634
0.1545039
0.09902374
0.054217074
0.22150011
0.28867292
0.22767724
0.29059535
0.18572532
0.14387213
0.3232117
0.064804725
0.12749729
0.1634125
0.10264094
0.08139533
0.24931568
0.29804286
0.018688314
0.10694631
0.12224921
0.14590268
0.17479536
0.17955898
0.13464509
0.099033855
0.10185815
0.13486846
0.26406837
0.34207097
0.19333257
0.15573068
0.14328255
0.15566036
0.36775857
0.24283488
0.20466435
0.26066235
0.18122013
0.26347104
0.21925642
0.18485439
0.11611185
0.14397903
0.23128842
0.31861463
0.45117402
0.39442518
0.17979479
0.034411527
0.1188791
0.15196007
0.20072483
0.23103526
0.030026607
0.13049923
0.17844938
0.22838762
0.2081071
0.41671273
0.23356895
0.09100496
0.18389621
0.07157713
0.3072727
0.4114351
0.60094357
0.4626023
0.57141787
0.57997835
0.47758755
0.22771086
0.21535967
0.31201443
0.8106727
0.97022784
0.47134694
0.19396459
0.49734604
0.39686012
0.105986446
0.34949583
0.26838374
0.46801767
0.50767154
0.5518446
0.6281261
0.59102273
0.28740525
0.32585946
0.6563236
0.7188572
0.46427014
0.17748187
0.6160763
0.74400985
0.60516095
0.59517133
0.79441404
0.52261764
0.4527334
0.7777943
0.76227325
0.1744582
0.32886896
0.3018362
0.3109733
0.38901794
0.35762224
0.44812462
0.46354598
0.46059793
0.5611865
0.48890477
0.167406
0.106777795
0.05580361
0.18038677
0.10947111
0.22957662
0.37842757
0.25852767
0.2563094
0.27397805
0.18571664
0.18799065
0.27720085
0.35044768
0.028622054
0.35390005
0.37784672
0.25823462
0.46478313
0.4246866
0.3608122
0.20808522
0.22557928
0.053658493
0.22815068
0.23606582
0.1250323
0.20344198
0.17737505
0.031897955
0.22821058
0.21874034
0.09457045
0.010759243
0.098327294
0.0135859335
0.19972298
0.20921412
0.058962855
0.030867355
0.054619424
0.1343291
0.1393522
0.09162075
0.1700956
0.097064905
0.12973337
0.12181879
0.04419279
0.051926363
0.07589834
0.08672281
0.11091443
0.22569048
0.31365865
0.12979127
0.1963393
0.2527693
0.1950404
0.34320143
0.19075145
0.055275135
0.1028072
0.21477307
0.3062119
0.25423262
0.02440773
0.07314405
0.18659401
0.22462372
0.07812815
0.12516582
0.11492724
0.12177203
0.2183907
0.24354362
0.09755949
0.051607724
0.15323088
0.106282055
0.051753078
0.18932284
0.20760716
0.10005733
0.07510806
0.11662505
0.15430388
0.21954985
0.1415113
0.0476108
0.19406861
0.21761248
0.045963325
0.12060324
0.15011132
0.10133037
0.020734336
0.1078919
0.20618965
0.17056745
0.1100709
0.05128622
0.03782532
0.05976513
0.14370246
0.1470905
0.09253536
0.06850441
0.05498206
0.052348018
0.077680126
0.049566116
0.04134174
0.13626508
0.1285708
0.059138577
0.13716686
0.12846725
0.16069594
0.062697984
0.07933267
0.080766134
0.03483211
0.0789826
0.032121804
0.05181408
0.073358715
0.14205809
0.15814798
0.18421914
0.037847962
0.12732287
0.08347676
0.13456868
0.19363435
0.07394479
0.044146996
0.025460217
0.06817946
0.04910393
0.068954095
0.112889975
0.10844697
0.0823837
0.10004184
0.025957134
0.08497643
0.09352659
0.09380647
0.12524146
0.13153951
0.111295454
0.082832806
0.08687908
0.103803806
0.02721594
0.015983678
0.044685375
0.12283382
0.12048681
0.20573626
0.12371228
0.065989785
0.120152645
0.16735446
0.14095132
0.13832171
0.12131666
0.022847312
0.054591693
0.030716991
0.13920319
0.099663414
0.080271766
0.10174999
0.06514672
0.015986355
0.056654993
0.17252149
0.20812747
0.12245204
0.057804897
0.03275008
0.03456772
0.08536619
0.11964627
0.083506726
0.084032245
0.104756534
0.07842243
0.09554059
0.06851529
0.028276715
0.04530537
0.06559869
0.079318814
0.073129594
0.07337389
0.11773791
0.17188993
0.10045127
0.07196606
0.057180546
0.095457114
0.14278474
0.08398425
0.08172151
0.14681363
0.13068862
0.07498342
0.062385418
0.08978931
0.034344796
0.038193267
0.051876463
0.056236353
0.05050542
0.102353044
0.115907945
0.04468569
0.10983304
0.076229624
0.036634885
0.067256086
0.075445905
0.02967628
0.017876597
0.048960168
0.1310496
0.1036995
0.029685425
0.07094215
0.1352304
0.055492427
0.08665911
0.14511523
0.13540153
0.07514172
0.017383605
0.10980368
0.11613699
0.007273947
0.1148828
0.13881929
0.15990378
0.07059719
0.06405787
0.026230488
0.123829566
0.13882345
0.086898334
0.074876636
0.09002266
0.20321497
0.21449149
0.13915204
0.05315539
0.075552866
0.05371938
0.06805973
0.06375736
0.112684555
0.12904476
0.12017538
0.040309228
0.05007731
0.05587381
0.08267026
0.041827336
0.06978595
0.119156234
0.07802229
0.062135596
0.090578414
0.07028637
0.041514974
0.06362073
0.09601009
0.09331793
0.09719248
0.09538314
0.093793295
0.16091134
0.14116423
0.14163367
0.110302486
0.045235872
0.06036164
0.015915167
0.03687628
0.0690747
0.08837548
0.055735793
0.027725728
0.09097376
0.10171534
0.11707575
0.10625095
0.02958352
0.06493503
0.10464157
0.061189733
0.016300369
0.015575079
0.04807054
0.022161221
0.035678543
0.071267635
0.12774378
0.11328594
0.09276524
0.11282181
0.16680288
0.17057472
0.14802592
0.0822711
0.16431864
0.13730434
0.06794769
0.06623542
0.10554038
0.090621464
0.064467594
0.09157003
0.0604377
0.0778887
0.06431575
0.043521512
0.033364642
0.030506987
0.075550295
0.104949564
0.050051752
0.007231153
0.024559928
0.06908826
0.097050294
0.059882436
0.08094347
0.096571855
0.023001181
0.076715834
0.014903731
0.020740682
0.05916513
0.0728123
0.057231903
0.08492115
0.08742194
0.09244608
0.067611665
0.065903604
0.110793196
0.048262376
0.03135006
0.06570188
0.08252297
0.055480007
0.07295529
0.049821574
0.08959715
0.085604
0.05835001
0.13463186
0.02196394
0.15189686
0.15371385
0.045954384
0.016995244
0.030455584
0.0905258
0.1111692
0.06812612
0.11053245
0.06950627
0.03855602
0.010826554
0.09687902
0.093050815
0.023166105
0.05981538
0.119594574
0.12796544
0.116784826
0.06611689
0.07444378
0.121348694
0.0785256
0.018353445
0.047508795
0.09639268
0.049443882
0.05722936
0.051258255
0.06549546
0.104837134
0.099983834
0.09991208
0.0581467
0.08272874
0.06998582
0.012670782
0.040003706
0.12612228
0.07264264
0.020687025
0.06081033
0.058824576
0.03385174
0.06268891
0.054177374
0.034832694
0.009790293
0.063318156
0.055609066
0.118021004
0.1327981
0.067986906
0.012161558
0.045790303
0.09197995
0.14412497
0.10007218
0.07078475
0.047276974
0.14778171
0.14121287
0.09278048
0.09465949
0.09058749
0.072299466
0.001650308
0.11947845
0.16341238
0.06349789
0.023005739
0.011267248
0.017738707
0.023544312
0.047476806
0.0395075
0.0520392
0.04399556
0.035623435
0.06525199
0.06922069
0.122705504
0.10033444
0.041035227
0.09928501
0.07304883
0.015487318
0.027024718
0.050784443
0.14283055
0.14693487
0.15191187
0.06399115
0.08156998
0.15211865
0.14549024
0.10283191
0.07500602
0.05340659
0.08213642
0.06924048
0.07220032
0.14332576
0.09789696
0.014341842
0.038881678
0.0777708
0.11390561
0.031987067
0.031824924
0.12888199
0.1784927
0.07326681
0.03113305
0.08462248
0.08498896
0.03276694
0.016051183
0.022023262
0.037219718
0.05873849
0.03222834
0.108333446
0.096425585
0.1351413
0.13895425
0.031230547
0.046083547
0.019084034
0.084742256
0.119388744
0.12617756
0.023885138
0.08637765
0.04354369
0.03885869
0.034156833
0.08671465
0.10784644
0.14160402
0.08471453
0.055039316
0.02999293
0.0140556535
0.009041753
0.059185777
0.14169551
0.13433437
0.053707916
0.07300782
0.09890126
0.12544443
0.12069906
0.079057515
0.052204844
0.11434026
0.09516888
0.116782404
0.10478497
0.03841333
0.1008023
0.0707728
0.048634257
0.04280321
0.07949164
0.048013538
0.03254685
0.054156218
0.09456856
0.046428148
0.09131803
0.17059343
0.1990238
0.12668341
0.065936565
0.07215993
0.09626104
0.091441646
0.07351284
0.059939954
0.07831924
0.1081444
0.08041049
0.075630344
0.07275718
0.11227282
0.09289059
0.010029469
0.09521692
0.1322967
0.088590145
0.030202862
0.037964914
0.04684262
0.027411837
0.042078983
0.12025658
0.11662176
0.08687568
0.08087344
0.11437566
0.15238331
0.13929223
0.070222095
0.09605179
0.1267819
0.10847914
0.06531016
0.031497344
0.05083445
0.060040887
0.08517737
0.037835855
0.05332404
0.05877887
0.022051744
0.063409396
0.098579094
0.10621011
0.07327778
0.061593257
0.08023275
0.117040515
0.11698114
0.021985145
0.14089799
0.12048453
0.06422529
0.094663285
0.11769118
0.07818198
0.14160775
0.12751953
0.04348648
0.037801757
0.074669175
0.022744702
0.17990504
0.2086807
0.16216008
0.07147405
0.10061639
0.075804
0.035593342
0.07772131
0.15070117
0.24269389
0.23644634
0.08245552
0.1471247
0.18494667
0.115243554
0.10624867
0.22482343
0.17408249
0.20025638
0.12697373
0.05045078
0.09346524
0.15329786
0.17561808
0.13904405
0.017951058
0.08812523
0.03001958
0.05866829
0.12416601
0.09055949
0.14942549
0.14264055
0.089391716
0.0605322
0.13246046
0.1607857
0.117541194
0.044494465
0.14219047
0.07003387
0.14753374
0.13510329
0.11435313
0.048943844
0.1416571
0.21893653
0.18547367
0.11834321
0.08748725
0.07089865
0.14485997
0.10722041
0.07503246
0.12180894
0.22048111
0.14173095
0.0739819
0.045375284
0.14276265
0.088296525
0.1024403
0.17053464
0.15258645
0.030162591
0.080626205
0.12922448
0.14074057
0.09248132
0.045202415
0.1167918
0.07710578
0.087386884
0.10950945
0.077990666
0.14010628
0.1560162
0.17429033
0.11114301
0.013524904
0.12265858
0.09168531
0.06461664
0.11814222
0.1672459
0.19049957
0.039783258
0.15872367
0.076881036
0.12374082
0.15331857
0.12253192
0.091667615
0.15710755
0.12161797
0.15658249
0.013737131
0.13552544
0.19912651
0.15269235
0.122090474
0.13590138
0.07460664
0.15029615
0.1283871
0.084972456
0.13914223
0.052685425
0.18200505
0.13445814
0.09563896
0.06380469
0.14516643
0.053730536
0.094361804
0.03811465
0.03826056
0.23882496
0.2846844
0.1098134
0.033952683
0.04445681
0.11588813
0.23655078
0.25791067
0.12440859
0.05751342
0.17725769
0.16893704
0.081256896
0.14700401
0.18631293
0.09828715
0.14574784
0.17084289
0.18812558
0.23250444
0.094305634
0.11231445
0.14790624
0.14006492
0.0686967
0.14279708
0.07796214
0.14128333
0.08562627
0.08626284
0.10643403
0.054979492
0.06508366
0.101457305
0.077885695
0.16160084
0.17193094
0.18721707
0.11130227
0.1461584
0.11602728
0.07207043
0.08631638
0.1264859
0.042418007
0.13279426
0.2685473
0.2975725
0.13577677
0.13962545
0.111773744
0.01599559
0.07630667
0.23072769
0.2450841
0.16956784
0.20170456
0.29842606
0.26701763
0.14579488
0.11464244
0.26226863
0.1792549
0.2239085
0.17064011
0.22380175
0.13708025
0.26457107
0.21274826
0.10805921
0.10018216
0.07138322
0.22665395
0.34315768
0.2928456
0.20424645
0.1415695
0.32420123
0.2501015
0.14332254
0.19797915
0.080124825
0.019952675
0.06165508
0.119968355
0.3579286
0.2992325
0.21007521
0.19582134
0.14740992
0.16197827
0.32459185
0.45617908
0.41580695
0.28573218
0.124796085
0.112122126
0.050876312
0.13565986
0.2226117
0.11366891
0.24074976
0.16647565
0.19951512
0.20541142
0.19082008
0.17508523
0.12157946
0.12906876
0.1330603
0.08604721
0.26350257
0.20420581
0.046058822
0.14624788
0.07550312
0.20538844
0.28021672
0.09608082
0.17209327
0.29671526
0.26905462
0.20462036
0.23939088
0.11292356
0.15975958
0.08556868
0.044625793
0.1407158
0.09658666
0.12785338
0.15366168
0.24399579
0.18970516
0.07579186
0.041575495
0.040477395
0.07444723
0.117022425
0.07363212
0.14822453
0.10389788
0.088015355
0.07063231
0.029348709
0.22484769
0.2276596
0.14564706
0.07117869
0.1152653
0.19483289
0.068781935
0.14628248
0.18708798
0.041269813
0.1514948
0.15188426
0.19199273
0.095750965
0.09224717
0.18410186
0.13397545
0.07345324
0.09973802
0.11321261
0.113271594
0.13404232
0.24531156
0.22905804
0.12814192
0.0504975
0.07603023
0.08515567
0.1460787
0.2408826
0.06046946
0.26013294
0.15924282
0.13792764
0.19365388
0.1327911
0.059809923
0.17643666
0.18140252
0.08021779
0.044245254
0.12674789
0.049106542
0.13822432
0.16961217
0.064245485
0.029290637
0.058588043
0.12923136
0.12141128
0.08479191
0.07395063
0.14824572
0.09748164
0.092994094
0.10725181
0.11778447
0.10640936
0.1372294
0.18107498
0.13435282
0.099287115
0.07098922
0.038180042
0.034212027
0.042944815
0.06231539
0.08909732
0.012781727
0.14272872
0.19845304
0.10730854
0.058977846
0.12841041
0.19867055
0.14097005
0.08730742
0.08342961
0.043937717
0.0916678
0.0983198
0.11560277
0.09796868
0.048859913
0.07227332
0.05064655
0.115707204
0.14677589
0.072259784
0.10504546
0.16509444
0.14993384
0.06902972
0.10529577
0.08994785
0.11218328
0.15427168
0.10344975
0.035569258
0.08363023
0.12405037
0.0828827
0.01661424
0.059264656
0.09546904
0.12977211
0.09087451
0.19369733
0.1416107
0.058488168
0.1037129
0.048529588
0.080184564
0.02727221
0.058249693
0.081009515
0.1335689
0.103036605
0.088396825
0.15060303
0.010474644
0.023812769
0.090284735
0.047325183
0.06915163
0.16699332
0.108726785
0.17697781
0.10471526
0.12711468
0.08629087
0.021707352
0.17653003
0.098816365
0.23212837
0.24777898
0.6163452
0.18574671
0.17860217
2.4547293
3.5962384
4.424912
5.509521
4.3762903
8.234314
5.713253
3.3448164
1.3760071
1.04879
0.9037644
1.9170096
1.4114481
0.10306855
0.17462997
0.6111836
0.83820426
0.8705713
0.71818435
0.50055933
0.14543648
0.13025017
0.109417416
0.089886
0.16861318
0.18519281
0.0787562
0.11688842
0.084371015
0.028074529
0.016628688
0.080666766
0.12311753
0.0025330526
0.0867717
0.11559932
0.13177328
0.050833713
0.07634724
0.04098304
0.06366738
0.026556447
0.033940453
0.06506867
0.088871405
0.15008274
0.0920909
0.12716232
0.088116996
0.03560563
0.059238415
0.14310597
0.15860157
0.07946796
0.1257251
0.1760504
0.06324886
0.027080365
0.121583626
0.13330163
0.12602526
0.16353115
0.17595227
0.15247278
0.051908556
0.030560782
0.050483435
0.04084493
0.055743895
0.092029355
0.033241544
0.06323184
0.039027378
0.022863975
0.021053689
0.021008164
0.061531335
0.067397945
0.056110885
0.035779025
0.026781306
0.067437
0.13796787
0.08516778
0.044506144
0.045669056
0.09536341
0.059188925
0.030099137
0.05368071
0.05087512
0.016105125
0.05245824
0.08950322
0.1206667
0.120027475
0.051915295
0.073600486
0.050103255
0.024897637
0.024729006
0.04869523
0.0109783
0.069747224
0.09873941
0.10047988
0.014092222
0.091895014
0.07059183
0.10233328
0.0014990285
0.093074016
0.037999433
0.028705077
0.016307205
0.04321636
0.049364522
0.07218856
0.05699563
0.09000643
0.13587828
0.07297163
0.056989845
0.13174127
0.037269905
0.017064108
0.06956757
0.08621454
0.057997968
0.060090832
0.11455238
0.08774575
0.025303675
0.06467763
0.05866451
0.06692556
0.051028408
0.08963012
0.07108318
0.04329649
0.046793446
0.102460936
0.07805626
0.02561833
0.00809327
0.083678775
0.17209136
0.06745257
0.0218118
0.072800525
0.12090802
0.11389312
0.08535478
0.061588235
0.06015426
0.06415273
0.07576379
0.11999037
0.09944489
0.057313774
0.029943014
0.07389008
0.12729944
0.1468251
0.1414924
0.028983897
0.08305219
0.11672115
0.10982311
0.06662229
0.007330922
0.045241408
0.025302924
0.02239716
0.08120589
0.08350571
0.060431782
0.09776473
0.053576555
0.032267246
0.030731976
0.030244574
0.055285253
0.06663327
0.08278588
0.081701435
0.08567196
0.03795255
0.08431344
0.08091399
0.012140504
0.08148906
0.081563234
0.07457054
0.08189026
0.037962172
0.077224046
0.091969535
0.05989738
0.039897002
0.062580325
0.058411065
0.11782665
0.098994724
0.027878217
0.050370265
0.1000965
0.06646958
0.11143468
0.039788194
0.05942598
0.082170136
0.11580977
0.06755092
0.023811478
0.039501175
0.08318185
0.05217361
0.013093038
0.023961164
0.0392418
0.046832662
0.07569353
0.0074468805
0.06518405
0.057512775
0.053271055
0.04872838
0.08477258
0.07649315
0.03949933
0.054641083
0.05101449
0.052177783
0.03578729
0.05010658
0.05766118
0.06192423
0.14414962
0.08091937
0.015185432
0.059875097
0.09564435
0.11038823
0.07392128
0.032646514
0.06086778
0.070151895
0.078090966
0.050558336
0.04045421
0.06088767
0.014051047
0.04257023
0.037959106
0.016750317
0.058410354
0.09523089
0.07896487
0.024472123
0.03585614
0.0628135
0.039938435
0.041294158
0.067036904
0.010792013
0.07952376
0.036598284
0.060821448
0.10093799
0.09212544
0.061289195
0.03135102
0.06770445
0.029808462
0.044222437
0.0324731
0.07411896
0.10591188
0.049638093
0.022169165
0.026029222
0.07133389
0.049155243
0.029806871
0.040662084
0.09409587
0.05739657
0.06660082
0.086833596
0.05869919
0.09508523
0.07547316
0.09061046
0.060811244
0.03722472
0.060112666
0.07002284
0.082150005
0.04985374
0.055057336
0.075364746
0.0939897
0.054183424
0.051033292
0.042178176
0.026424289
0.016046772
0.029619114
0.047312904
0.050840437
0.06440593
0.051083237
0.017025273
0.026997834
0.034851134
0.044081833
0.031987235
0.025077516
0.03347625
0.031656604
0.037140958
0.040417656
0.07805063
0.06284208
0.012332066
0.051780738
0.05926413
0.027168697
0.02129415
0.024046246
0.045312107
0.02675186
0.051911894
0.07379568
0.08675001
0.06012708
0.03171092
0.013115024
0.02668132
0.040516153
0.04213321
0.019662254
0.027413871
0.047235947
0.034528177
0.04921621
0.009413379
0.053339977
0.062186576
0.027582776
0.05503915
0.082456924
0.036565676
0.008101851
0.027986277
0.047927953
0.036865275
0.03037397
0.044307772
0.051617105
0.029138632
0.04398738
0.021400228
0.018780109
0.027593812
0.07563819
0.105677664
0.07476176
0.03865467
0.041368786
0.0052712606
0.011685717
0.005393408
0.026492005
0.028566547
0.055007294
0.03671239
0.063069224
0.0882338
0.05451802
0.029696666
0.036745008
0.037808318
0.028238408
0.040463798
0.061606664
0.0271633
0.003975977
0.046797235
0.05492877
0.003051847
-0.0030518398
0.003051829
-0.0030518146
-0.0030517967
-0.003051775
0.0
0.009155164
0.006103378
0.0030516528
0.0
-0.006103141
0.0
-0.0030514733
0.0030514195
0.003051362
-0.003051301
-0.0030512363
-0.009153504
-0.006102192
0.0
0.0
0.003050859
0.0
-0.009152049
-0.009151769
0.0
0.0
0.0030502882
0.0030501804
-0.006100138
-0.006099908
-0.0030498356
-0.0030497136
0.0060991757
0.0030494586
-0.0030493257
-0.0030491892
-0.0060980986
-0.0030489056
-0.006097517
0.0030486076
-0.0030484532
-0.009144886
-0.0030481338
-0.009143907
-0.0030478002
0.0030476279
0.0
0.0
-0.006094179
-0.0030469028
0.0
0.0
0.006092643
0.0030461205
-0.003045916
0.0
-0.0030454963
0.0
0.0030450623
-0.00304484
-0.0030446139
-0.0030443843
-0.0060883025
-0.0030439147
0.0030436744
0.0
0.0
-0.0030429321
-0.009128032
0.0
0.0
0.0030418923
0.0030416236
-0.009124054
0.0
-0.0030407957
-0.0030405126
0.003040226
0.0
-0.0030396418
-0.006078689
-0.0030390436
-0.003038739
0.0
0.0030381195
-0.0030378043
-0.0030374855
0.0030371633
0.0
0.0
-0.003036175
0.0
-0.0030354983
-0.003035155
0.006069615
0.0
0.0030341025
0.0030337449
-0.0030333833
0.0
0.0030326499
0.003032278
0.0030319025
0.0
0.0030311407
0.0030307544
0.0030303646
0.0030299714
0.0030295746
0.0
0.0030287702
0.0030283628
0.0030279518
0.0030275374
0.0030271192
-0.006053395
0.0
0.0
0.0
0.006049952
-0.0030245367
0.003024094
-0.0030236477
0.0
0.0030227446
-0.0030222875
0.0030218272
-0.0030213632
-0.0030208959
0.0
0.0
0.0030194724
0.0
0.0030185059
-0.0030180172
0.0
0.0030170297
0.0
0.003016028
-0.003015522
0.0030150122
0.003014499
0.0
0.0030134625
0.0
0.0
-0.0030118811
-0.009034041
0.0030108094
0.0
-0.0030097237
-0.0030091756
-0.009025872
-0.003008069
-0.0030075102
0.0030069482
0.0030063826
-0.0030058138
-0.0030052413
-0.0090139955
0.0
0.0
0.0
0.0030023265
-0.009005199
-0.009003408
0.0
-0.002999932
0.0
0.0
-0.0029981
-0.008992447
-0.008990583
0.0
0.0
0.0
0.0
-0.00898111
-0.008979185
-0.005984832
0.0
0.002991115
0.0
-0.0029898002
-0.008967413
-0.0029884714
0.0
0.0
-0.0029864528
-0.008957319
-0.008955269
-0.008953209
-0.0029837128
0.0
0.0
0.002981622
-0.008942754
-0.0059604216
0.0
0.0
0.011912274
0.014886738
0.0059532467
0.0
-0.0059503284
0.0
0.0
0.008918851
0.0
-0.0059429146
-0.0029707055
-0.005939901
0.005938384
0.0029684303
0.002967665
0.0
-0.008898373
0.0
0.0
0.0
0.005926005
0.0
0.0
-0.005921251
0.0
0.005918048
0.002958218
0.011829635
0.0029565962
0.0
-0.005909922
-0.005908277
0.0059066247
0.005904966
0.0059033004
0.005901628
-0.005899949
-0.0058982633
-0.005896571
0.0
0.0
0.005891454
0.0
-0.011776018
0.0
-0.0058845375
0.0
0.005881039
-0.00881892
-0.0058775144
-0.0058757416
-0.005873963
0.0
-0.0058703846
0.0
-0.00586678
-0.0058649676
-0.0029315744
-0.0029306617
0.0
-0.0029288263
0.0
-0.005853955
-0.008778145
0.0
-0.00584836
-0.0029232407
-0.0029222982
-0.005842705
0.005840807
-0.002919451
0.0
-0.0029175368
-0.008749723
0.0
-0.005829281
-0.0029136685
-0.00873808
-0.0087351445
-0.0058214664
-0.0058194962
0.0
-0.0029077684
-0.0029067737
0.0
-0.0029047744
0.0
-0.002902762
0.0
0.00870221
0.0
0.0057973973
0.0
-0.005793295
-0.008686852
-0.0028945834
0.005787093
-0.0028925065
0.0
-0.00867125
-0.011557468
-0.0028883142
-0.008661774
0.0
0.0
-0.011536282
-0.0028830015
-0.008645788
-0.005761708
0.0
0.0
0.0
-0.0028765209
0.0
-0.0028743353
-0.0028732377
0.0
-0.005742066
0.008609777
0.0
0.0
0.0028665855
-0.0057309316
0.0
0.002863217
0.0028620877
0.005721911
-0.00285982
-0.0028586814
-0.005715079
-0.0028563947
0.0
0.0028540955
0.008558824
-0.0028517838
0.0
-0.0028494596
-0.0056965854
0.002847123
-0.00284595
0.002844774
0.0028435946
0.0
0.002841227
-0.005680077
0.0
0.0
0.0
0.0028352535
-0.0028340495
0.0028328425
0.0
-0.0028304192
0.0
-0.0028279838
0.005653523
-0.002825536
0.0
0.002823076
-0.0056436826
0.0028206035
-0.002819363
0.0
0.0
-0.0028156226
0.0
-0.0056262277
0.002811855
-0.002810593
-0.0056186556
0.0
-0.008420367
-0.0028055147
0.0
-0.008408873
0.0
0.0
-0.0027990995
0.0
0.0
0.0
0.0
0.0027926092
0.0
0.0055799843
0.0027886792
0.0
0.011144178
-0.0027847225
0.0027833977
0.0055641397
-0.0055614784
0.008338217
0.0
-0.0027767292
0.0055507733
-0.0027740411
0.0027726928
0.0027713412
-0.002769987
-0.00276863
0.0027672697
0.005531813
0.0
0.0055263434
0.0
0.0
0.005518095
-0.0027576669
0.005512567
0.002754897
0.0055070156
0.0055042314
0.0
0.002749323
0.0
0.0
0.002745112
0.0
0.0027422903
0.0027408751
0.0054789144
0.0
0.0
0.0
-0.0027337568
0.0027323244
0.0027308895
0.0
0.0054560215
-0.0054531344
0.0027251206
0.0027236715
-0.0027222193
0.005441529
0.0
0.0054356926
-0.0027163832
0.0
0.010853793
0.0027119764
0.008131506
0.005418049
0.0027075447
0.0
0.0027045761
0.0108123515
0.0027015966
0.0
-0.002698606
-0.008091319
0.0
0.0026940994
0.0026925916
0.0
-0.008068704
-0.0026880521
-0.0080596
0.002685012
0.0026834877
-0.005363922
0.0
0.0
-0.005354728
0.0
0.0026742858
0.0
0.0
0.0026696483
-0.0053361943
-0.0026665432
0.0
-0.0026634273
0.007985596
0.0026603006
-0.0026587334
0.0
-0.0053111813
-0.0026540156
0.0026524374
0.002650857
0.0026492737
-0.0052953754
0.0
-0.005289016
-0.0026429142
0.0052826353
-0.005279437
0.002638117
-0.0026365127
-0.0052698115
0.0
0.0
0.005260139
0.002628452
0.0
-0.0026252095
0.0
0.0026219566
0.0026203264
0.0026186935
-0.002617058
-0.0026154201
-0.0052275592
-0.005224273
0.0026104907
-0.0026088424
0.0
0.0
-0.005207765
0.0
-0.0026005632
0.0025988996
0.0051944675
-0.002595565
0.005187788
0.0
0.0025905445
0.007766598
0.0025871848
0.0025855012
0.0025838153
0.0025821265
0.0
0.002578742
0.002577046
0.0025753477
0.0025736466
-0.0025719432
0.0
0.002568529
0.0
0.002565105
0.0
0.0
0.005119901
-0.0025582276
0.0025565021
0.0
-0.002553044
0.0
-0.002549576
0.0025478385
0.0025460985
0.0025443563
0.0
0.0
0.0
-0.002537363
0.0025356088
0.0
0.0
0.0025303317
0.0025285678
0.0
-0.0025250332
0.0
0.0025214893
0.0025197137
0.0025179358
0.0
0.0
-0.0025125882
-0.0050216024
0.0
0.0
0.0025054256
0.0050072586
0.0025018305
0.0025000295
-0.0024982262
0.0024964204
0.0049892254
0.0024928025
0.00249099
-0.0024891752
-0.0024873582
0.0
0.0
0.0024818936
0.0
0.0024782394
0.0
0.0
0.002472741
0.002470904
0.004938129
0.0
0.0
0.0049270657
0.0024616846
0.002459834
0.004915963
0.0024561265
0.004908539
0.0024524103
0.0024505488
0.0
0.007340458
0.009779805
0.0024430812
0.004882418
0.0
0.002437458
0.0024355792
0.0024336984
0.0048636305
0.0048598605
-0.002428043
-0.0024261535
0.0
0.0
0.0024204727
0.0048371498
0.0
0.0024147728
0.0024128687
0.0
0.009636217
0.004814287
0.0024052311
0.0024033168
0.0
0.0023994814
0.0023975607
0.0
0.0023937132
0.0023917863
0.0
-0.0023879264
0.0
-0.0023840584
0.0
0.0
-0.0023782414
0.0
-0.0023743534
0.0
0.0023704572
0.0
0.0
0.0
-0.0047252825
-0.0023606822
0.0023587213
0.0023567586
0.0023547937
0.0
0.0
-0.0046977755
0.0
0.0
0.0
0.0046819714
0.0
0.0023370232
0.0
0.0023330532
0.0046621305
-0.0046581505
0.0
0.0
0.0
0.0023210973
0.002319098
0.0
0.0
0.0
0.0023110826
0.0
0.0
-0.0046101026
-0.0046060747
0.0023010215
-0.0045980075
0.0
-0.002294963
-0.00458588
0.0
0.0
0.0022868598
-0.0045696585
0.0022827971
0.0
0.0
0.0022766902
0.0
0.0
0.0
0.0
0.0045329533
-0.0045288573
0.0
0.0
-0.0045165485
0.004512439
-0.0045083254
0.0
0.0045000887
-0.0044959653
0.0044918386
0.0
0.0
0.0
-0.008950594
-0.0044711535
-0.0022335032
0.002231428
0.0
0.0
0.0
-0.0022231105
0.002221027
0.0
0.0
-0.0022147668
-0.004425354
0.0022105852
-0.004416984
0.0
0.0022043008
-0.0044044056
0.0
-0.006594006
0.0
0.0
0.0
0.0021895813
-0.006562417
-0.0021853617
-0.004366499
-0.006543407
0.004358041
-0.0021769037
0.0021747854
0.0
-0.0043410882
0.004336843
-0.0021662968
0.002164171
0.0
-0.0043198294
0.0021577843
-0.0043113045
0.0021535188
0.004302768
0.0
0.0
-0.006434912
0.0
-0.0064220633
0.002138544
0.0064091976
-0.00853701
0.0
-0.006389866
-0.004255609
0.0021256523
0.0
0.006364031
0.0
0.0
-0.0042297407
-0.0042254194
0.0021105479
-0.006325153
0.0021062198
0.0
-0.0063056587
0.0020997173
-0.0020975473
0.0041907514
0.0
-0.008364115
0.0
-0.006260029
0.0020844983
0.0
-0.002080138
0.0
-0.00830309
0.0
-0.0020714018
0.0020692146
0.0020670262
-0.008259345
-0.0041252906
-0.006181359
0.0020582592
0.0020560645
-0.0020538683
0.004103342
-0.0061484175
0.0
0.0
-0.0061286082
0.0040813317
-0.0020384612
-0.0020362553
0.0
-0.0060955198
0.0
-0.008109679
0.0
-0.002022995
-0.0020207807
0.008074261
0.0
0.0100706555
0.0020119124
0.0
0.0060224137
-0.004010498
0.0020030257
0.0
0.0
0.009981744
-0.0019941211
0.007967569
0.0019896622
-0.003974862
0.0019851988
-0.003965931
0.0059421933
0.0
0.0019762593
0.0019740216
-0.005915349
0.0019695433
-0.0039346055
0.0019650608
0.0019628182
-0.005881723
0.0019583295
-0.0019560836
0.0
0.0019515889
-0.0058480203
0.0
-0.005834518
0.0019425874
-0.0019403347
-0.0038761615
0.003871652
-0.007734281
0.0019313137
-0.0019290559
-0.0038535947
0.0038490756
-0.005766832
0.0019200159
-0.0038355072
-0.0038309805
0.0019132261
-0.0057328832
0.00381739
-0.0057192845
-0.0038083205
0.0019018917
-0.003799244
0.0075894063
-0.0037901604
-0.001892808
-0.001890535
-0.005664783
0.0
-0.007534843
0.0
-0.0018791569
-0.0037537576
0.0056237993
-0.0037446402
0.0018700395
-0.001867758
-0.0055964277
0.0018631929
-0.001860909
0.0055758734
0.001856339
-0.0018540529
0.0
-0.01109687
0.0036943797
-0.0018449007
0.0
0.00552096
-0.007352114
0.0018357363
-0.00550033
-0.0054934495
0.0036577107
-0.0018265604
0.007297058
-0.0036439362
0.0
0.0
-0.007260298
0.007251101
-0.0036209507
0.0
0.0
-0.009017859
0.0018012691
-0.0017989659
0.003593324
0.0
-0.0035841048
0.00536924
-0.0071497615
0.0071405335
0.0
-0.0053415527
0.0017782088
-0.008879497
0.0053207683
0.0
-0.0035379354
0.0017666561
-0.008821718
0.005286093
-0.0017597175
0.0
0.003510178
-0.0070110965
0.007001834
-0.0017481424
0.0017458257
0.0017435086
-0.006964764
0.0069554914
-0.0052096625
0.0034684702
0.005195746
-0.005188786
0.006909099
-0.005174861
0.0034452642
0.00516093
0.0
0.008578324
-0.0068533653
0.0
-0.0034173867
-0.0034127373
0.010224261
-0.001701718
0.005098176
-0.0033941315
-0.005084217
0.0033848237
-0.005070253
0.008438782
0.0016854281
-0.0016830994
0.0050423113
-0.005035323
0.006704445
0.0
0.0016714507
0.0050073597
-0.0033335774
0.0049933717
-0.004986376
0.0016597933
0.008287304
0.0016551281
0.00991677
-0.0033009234
0.003296256
0.0016457941
-0.0016434599
0.0098467525
-0.0032775812
0.003272911
0.0032682405
-0.0016317847
0.009776694
-0.0032542257
0.0016247766
-0.0032448804
-0.0032402067
0.003235533
-0.004846288
0.0064523676
-0.0016107543
0.0
0.003212157
-0.0064149615
0.0080070095
0.0
0.0015967247
0.0031887717
-0.0063681873
0.0047691227
-0.0015873683
0.0015850288
0.0031653785
-0.0015803494
0.0047340286
-0.0047270088
0.003146659
0.0031419783
-0.0015686488
0.007831542
-0.0046919035
0.0015616273
0.0
0.0
0.0031092097
-0.0046567917
0.003099846
-0.0030951637
0.0
0.004628699
-0.0061622337
0.0046146517
-0.001535876
-0.0030670695
0.00459358
-0.0045865565
0.0045795324
-0.003048339
-0.0015218282
0.0030389738
-0.0045514368
0.0060592173
-0.0015124631
0.0015101219
0.0030155615
-0.0030108793
0.006012394
-0.003001515
0.002996833
0.0014960757
-0.0044812043
0.004474182
-0.0014890534
0.0059468513
0.004453117
0.0014820319
0.004439075
-0.0044320542
0.0029500227
-0.0014726714
0.0
0.005871968
-0.0029313047
0.004389939
0.0
-0.0029172692
0.0029125912
-0.0058158273
0.0014516183
-0.0014492797
0.0
0.0028892069
-0.0028845312
0.0057597114
-0.0028751807
0.0014352531
0.002865832
-0.0028611582
0.008569455
-0.0028518124
0.00142357
0.0014212341
-0.0028377967
0.004249689
-0.0014142278
0.0028237859
-0.0014095583
-0.001407224
0.0028097797
-0.0042076684
0.002800445
0.0
-0.0013955565
0.0013932239
-0.004172675
0.0013885596
-0.002772456
-0.0013838967
0.005526263
-0.004137705
0.0068845237
-0.0027491497
-0.0027444905
0.0
-0.0054703485
0.0027305172
-0.0013629305
0.0
0.0027165508
0.0
0.005414488
-0.0013512959
0.0026979402
0.0013466448
-0.0053772796
0.0026839909
-0.0026793429
0.0040120436
0.0013350247
-0.001332702
0.006651899
-0.0013280581
0.0039772103
0.0013234159
0.0
0.0026375512
-0.005265825
0.0052565495
0.001311819
0.001309501
0.0026143673
-0.0013048667
0.0065127523
0.0
0.0
0.0012956045
-0.0012932903
0.00387293
-0.0012886636
0.001286351
0.0
-0.0038451827
0.0038382502
-0.002554213
0.005099187
0.003817463
-0.0038105375
0.0012678714
-0.005062256
0.0
0.0012609513
-0.0012586459
0.003769023
-0.0037621106
-0.0025034668
-0.002498861
-0.0037413847
0.0024896534
-0.0024850515
0.0012402255
-0.002475852
0.0
0.0024666577
-0.0012310314
0.0036862036
-0.002452877
0.0
0.004887393
-0.0012195542
0.0036517829
-0.0024299368
-0.0012126766
0.0012103856
-0.0036242856
0.0036174168
0.0
0.0012012287
0.0023978828
-0.0011966549
0.0023887383
-0.0035762524
0.0011898
0.0
-0.0035557018
0.0035488564
-0.0035420132
0.0
0.0
-0.003521499
0.0035146659
-0.0023385568
0.0
0.0
0.0
-0.0011601793
-0.0023158134
0.0034669049
0.0
0.0
0.0011488249
-0.0022931132
0.0011442893
-0.0022840456
0.0
0.0011374926
-0.0022704578
0.0022659323
-0.0022614084
0.0
0.0011261832
-0.0022478483
0.001121666
-0.0022388177
0.0022343053
0.0011148974
-0.002225286
0.0033311693
-0.0022162749
-0.0011058861
-0.0011036358
-0.0022027728
-0.0010991379
-0.0021937813
0.0010946443
0.0
0.0
0.0021758226
-0.004342676
0.0010834278
0.0
-0.002157897
0.0021534208
-0.0021489467
-0.0010722374
-0.0021400051
0.0
0.0
-0.0021266085
0.0010610737
-0.0031765327
-0.0021132317
0.0010543886
-0.0021043248
0.0
-0.0010477134
-0.0031364718
-0.0031298068
-0.0031231453
-0.001038829
-0.0031098323
-0.0010343937
-0.0030965332
-0.003089889
0.0010277494
-0.0030766109
0.0
-0.0010211156
-0.0030567201
0.002033398
-0.002028985
0.0020245744
0.0
0.0
0.0020113573
-0.0010034782
0.0
-9.990811E-4
0.0
0.001989378
0.0
9.903017E-4
-9.8811E-4
0.0
9.837304E-4
-0.001963085
0.0
-0.0029315117
0.0
0.0
-9.706224E-4
0.0019368846
-9.6626347E-4
0.0
-9.619098E-4
-0.002879205
-9.575615E-4
-0.002866168
0.0
0.0
-9.4888086E-4
0.0
-0.0018890974
0.0
-9.40222E-4
-9.3806075E-4
0.0018718017
-9.337423E-4
0.0018631704
9.294295E-4
-9.272752E-4
0.0
-0.0027689124
9.2082075E-4
-9.1867207E-4
-9.165249E-4
0.0
-0.0027367042
0.0
-0.0027238512
0.0
0.0
-0.0036061394
0.0
-0.0035890606
-8.951325E-4
0.0
-0.002672615
0.0
-0.0035464673
0.0
-8.82368E-4
-0.0026407377
0.0
-0.0026280186
0.0
0.0
-8.696581E-4
8.6754514E-4
-0.0017308675
0.0
-8.6121564E-4
-8.591089E-4
8.570038E-4
-8.549002E-4
8.527982E-4
-0.0025520935
-8.48599E-4
0.0
-0.0016888123
8.423121E-4
-0.0016804395
0.0
8.360398E-4
-0.0016679044
0.0
-8.29782E-4
0.0
0.0
0.0
8.214613E-4
-0.0016387706
8.173109E-4
0.0
-0.0016263343
0.0016221956
-8.090301E-4
8.069641E-4
0.0016097996
-8.028372E-4
0.002402329
0.0
7.966597E-4
7.946039E-4
0.0
7.904975E-4
0.0
7.8639813E-4
0.0
0.0023469168
0.0
-7.782202E-4
0.0023285402
-7.7414175E-4
7.7210524E-4
0.0023102113
-0.0015360749
0.0015320124
0.0
0.0
0.0022797699
-7.5789925E-4
0.0015117541
0.0
0.0015036761
0.0014996425
0.0
0.0022373796
0.0
7.4177247E-4
-7.397649E-4
0.0
7.357553E-4
-7.3375326E-4
0.0014635063
-0.0014595096
-7.277584E-4
7.2576385E-4
-7.237712E-4
7.2178047E-4
-7.1979157E-4
-7.178046E-4
0.0
-0.0014276728
7.1185513E-4
-0.0014197516
-7.078984E-4
7.059229E-4
-7.0394936E-4
7.0197775E-4
-7.0000807E-4
0.0
0.001392149
-6.941107E-4
0.0013842976
-6.901889E-4
-6.8823097E-4
6.8627496E-4
-6.84321E-4
6.82369E-4
6.804189E-4
0.0020354127
0.0013530498
0.0020237425
0.002690555
-6.7069876E-4
0.002006282
0.0013336495
0.0019946722
0.0026518353
0.0
0.001318202
6.5717514E-4
0.0013105028
0.0019599888
0.0
0.0019484769
0.0012951535
0.0
6.437518E-4
-6.4184243E-4
6.399352E-4
6.3803E-4
0.0012722538
6.342259E-4
-6.32327E-4
0.0012608604
0.0
0.0018799287
0.001249505
0.0
0.0018629337
-6.1909383E-4
0.0
0.0012306642
0.0
0.0018347368
6.097056E-4
6.078344E-4
6.059653E-4
0.0
6.0223375E-4
0.0
0.0023940434
5.966527E-4
5.947967E-4
5.929429E-4
-0.0011821826
0.0011784838
0.0
0.0
5.8370695E-4
-0.0011637328
0.0011600562
0.0
0.0011527162
0.001149053
-0.0011453942
5.7086995E-4
-5.690451E-4
0.0011344448
0.0011308041
0.0
5.617681E-4
-5.5995444E-4
5.5814313E-4
0.0011126682
0.0022181093
0.0022108916
0.0
0.0010982417
0.0
-0.0010910559
0.00108747
5.419443E-4
0.0016204679
5.3836993E-4
0.0
-5.348049E-4
0.0
0.0010624983
5.294748E-4
0.0015831083
5.259331E-4
-0.0015724974
5.224009E-4
0.0
0.0015566342
0.002068481
0.0010307295
0.0010272233
-5.1186094E-4
-5.101126E-4
0.0010167335
5.066232E-4
0.001009764
0.0010062866
5.0140696E-4
-4.996731E-4
4.9794157E-4
0.0
0.0
9.855232E-4
0.0
0.0
4.8760357E-4
0.0
4.841771E-4
0.0
-4.8076038E-4
4.7905574E-4
0.0
0.0
4.739566E-4
4.7226183E-4
0.0
4.6887973E-4
4.671924E-4
4.655076E-4
9.2765054E-4
4.6214546E-4
4.6046812E-4
9.175866E-4
4.57121E-4
4.5545123E-4
0.0
4.5211922E-4
0.0013513711
8.9759467E-4
0.0013414206
8.9097116E-4
4.4383353E-4
4.42184E-4
0.0
0.0013166779
8.745016E-4
8.71223E-4
8.6794957E-4
4.3234063E-4
0.0012921272
4.2908007E-4
8.549073E-4
8.516597E-4
-8.484172E-4
0.0
-4.2097393E-4
-4.1936047E-4
0.0016709985
8.322828E-4
8.2907156E-4
4.129328E-4
-8.226648E-4
-4.0973467E-4
0.0
4.0654704E-4
4.0495716E-4
4.0336995E-4
-8.035707E-4
0.0
7.972483E-4
3.9704752E-4
0.0019773678
0.0011817068
-3.923336E-4
0.0
-7.7840866E-4
0.0
0.001544343
3.845305E-4
3.8297792E-4
-3.8142802E-4
-3.7988083E-4
0.0
0.0011303836
0.0015010218
7.474382E-4
3.721854E-4
-3.7065445E-4
0.0
3.6760073E-4
7.321559E-4
0.0010936738
0.0
7.23052E-4
-3.6001418E-4
-7.170102E-4
7.1399746E-4
0.0010664854
0.0010619829
0.0
-7.0200185E-4
-3.495084E-4
-6.960372E-4
3.465316E-4
0.0013801896
6.8713183E-4
6.8417453E-4
-3.4061138E-4
-3.391383E-4
6.75336E-4
0.0010086015
6.694716E-4
6.6654786E-4
0.0
-6.6071714E-4
0.0
3.2745447E-4
6.5201335E-4
9.7368506E-4
6.4623903E-4
-3.2168019E-4
0.0
-6.3762005E-4
-3.1737922E-4
6.319025E-4
0.0
0.0012524154
3.1168445E-4
-9.3080365E-4
0.0
-3.0744335E-4
-3.060354E-4
9.1389095E-4
0.0
-6.036575E-4
-3.004323E-4
-8.971162E-4
-2.9764805E-4
0.0
0.0
5.869868E-4
-2.921143E-4
-8.722143E-4
0.0
0.0
0.0
5.705249E-4
-8.517025E-4
-2.8254214E-4
-2.811864E-4
-5.596671E-4
5.569673E-4
0.0
0.0
2.7445157E-4
-2.7311343E-4
0.0
-2.7044603E-4
-5.382335E-4
0.0
0.0
2.651467E-4
5.276585E-4
-2.625148E-4
-7.8361E-4
-2.5989482E-4
-2.585893E-4
0.0
2.5598722E-4
-2.5469068E-4
0.0
-2.5210652E-4
0.0
2.4953438E-4
4.9650564E-4
4.939485E-4
0.0
2.444262E-4
2.4315667E-4
2.4189017E-4
4.812534E-4
2.3936626E-4
-2.3810883E-4
-2.3685445E-4
-2.3560309E-4
-2.3435478E-4
2.3310952E-4
-2.3186728E-4
0.0
0.0
0.0
-2.2692885E-4
-2.257019E-4
0.0
0.0
4.4407873E-4
-4.4164932E-4
-2.1961302E-4
-2.1840447E-4
0.0
2.159966E-4
0.0
-2.1360104E-4
-4.248158E-4
-4.2243573E-4
-2.100309E-4
2.0884706E-4
2.0766631E-4
2.0648866E-4
-2.0531412E-4
-2.0414268E-4
-2.0297436E-4
-2.0180915E-4
0.0
1.9948809E-4
-1.9833224E-4
-3.9435906E-4
0.0
-3.8976694E-4
-1.9374014E-4
1.9259995E-4
1.914629E-4
1.9032898E-4
0.0
-1.880706E-4
-1.8694613E-4
-1.858248E-4
1.8470665E-4
1.8359163E-4
1.8247978E-4
0.0
-3.6053118E-4
0.0
0.0
1.7696805E-4
1.7587522E-4
0.0
-1.736991E-4
0.0
-3.430714E-4
1.7045879E-4
1.6938508E-4
1.6831454E-4
1.6724721E-4
1.6618308E-4
1.6512215E-4
1.6406442E-4
1.630099E-4
1.6195858E-4
0.0
3.197312E-4
0.0
0.0
3.1350047E-4
-3.1143645E-4
0.0
0.0
-3.0528312E-4
-3.0324492E-4
1.506066E-4
0.0
1.485846E-4
-2.9515693E-4
-4.3972672E-4
1.4557593E-4
1.4457954E-4
1.435864E-4
0.0
-2.8321976E-4
-4.2187952E-4
-2.7929278E-4
-2.773391E-4
0.0
0.0
-1.3575862E-4
-1.3479484E-4
-2.6766869E-4
0.0
1.3192318E-4
1.3097253E-4
1.3002516E-4
1.2908108E-4
-1.2814028E-4
1.2720277E-4
3.7880568E-4
1.2533764E-4
2.4882003E-4
1.2348569E-4
0.0
-1.2164696E-4
-2.414651E-4
1.19821445E-4
1.1891366E-4
-1.1800918E-4
-3.5132404E-4
-3.486305E-4
-1.1531563E-4
-1.1442443E-4
-1.13536546E-4
-1.12651986E-4
-1.1177075E-4
-3.3267855E-4
-3.300548E-4
-1.0914704E-4
0.0
0.0
0.0
-1.0569546E-4
-2.0968184E-4
-1.0398972E-4
-1.0314187E-4
1.02297374E-4
2.0291246E-4
0.0
-9.9783996E-5
-1.9790583E-4
-3.9250078E-4
-9.7300835E-5
0.0
9.566221E-5
-9.484794E-5
0.0
-9.322953E-5
-1.8485075E-4
-9.16246E-5
-1.816544E-4
-9.003318E-5
-1.7848508E-4
-1.7691057E-4
-8.767141E-5
8.689092E-5
8.6113825E-5
8.5340114E-5
-8.4569794E-5
-8.3802865E-5
-8.303934E-5
-1.6455841E-4
0.0
0.0
8.001921E-5
7.927268E-5
7.8529556E-5
1.5557968E-4
-7.705353E-5
0.0
-7.559116E-5
-1.4973019E-4
7.414244E-5
0.0
-2.1812218E-4
-1.4399001E-4
-2.8514414E-4
-2.1174147E-4
-6.987837E-5
-2.0753904E-4
-1.3696884E-4
-1.3558517E-4
-2.0131258E-4
-1.3283845E-4
-6.57377E-5
-6.505961E-5
0.0
0.0
-1.8913797E-4
-6.238167E-5
0.0
0.0
6.0409377E-5
5.9758844E-5
0.0
-1.1693628E-4
0.0
-5.7191253E-5
-5.6557994E-5
0.0
-1.10603716E-4
-1.0935797E-4
0.0
0.0
0.0
0.0
-5.1616593E-5
0.0
-5.041592E-5
0.0
4.9229147E-5
0.0
0.0
4.747506E-5
-4.6897323E-5
-4.6323068E-5
0.0
-9.037003E-5
8.924243E-5
4.40609E-5
8.700816E-5
4.295074E-5
-4.24009E-5
-4.185455E-5
0.0
4.0772335E-5
4.0236468E-5
7.94082E-5
0.0
0.0
-3.8128E-5
0.0
3.7094775E-5
1.0975026E-4
1.0822672E-4
3.5571233E-5
-3.50704E-5
-6.9146154E-5
-3.4079265E-5
-3.3588964E-5
6.620436E-5
3.2618907E-5
3.2139153E-5
0.0
-6.238038E-5
3.072099E-5
0.0
2.9793146E-5
2.9334506E-5
0.0
-2.84278E-5
-5.5959466E-5
-5.5070388E-5
-2.7094182E-5
0.0
2.6222746E-5
-5.1584648E-5
-7.60963E-5
-4.988415E-5
-2.452225E-5
2.410596E-5
4.7386413E-5
2.3283988E-5
0.0
-2.2476166E-5
-4.415513E-5
-2.1682503E-5
0.0
2.0903006E-5
0.0
0.0
-3.952067E-5
-1.9386534E-5
-1.9016281E-5
3.7299153E-5
5.4859258E-5
0.0
1.7570754E-5
-1.7218248E-5
-1.6869293E-5
1.6523893E-5
1.6182044E-5
3.16875E-5
1.5509011E-5
-1.5177828E-5
0.0
-1.4526133E-5
0.0
2.7777342E-5
2.7150558E-5
2.6530895E-5
1.2959177E-5
0.0
0.0
1.2061741E-5
1.1769722E-5
1.1481268E-5
2.239276E-5
0.0
1.0637302E-5
-1.0363114E-5
-1.0092493E-5
9.825441E-6
0.0
0.0
-9.045704E-6
-8.792934E-6
8.543734E-6
1.6596216E-5
0.0
0.0
0.0
-7.3513343E-6
0.0
1.3798793E-5
0.0
0.0
6.2483114E-6
-6.0384377E-6
0.0
0.0
0.0
0.0
5.0427525E-6
4.854355E-6
-4.6695386E-6
-4.4883036E-6
-8.621301E-6
-1.240974E-5
-3.9660918E-6
-7.598373E-6
0.0
0.0
-9.95992E-6
0.0
-3.0184206E-6
-2.8730217E-6
0.0
-5.185963E-6
0.0
-2.3272864E-6
0.0
0.0
-1.9556464E-6
0.0
-1.725825E-6
1.6162967E-6
3.0207138E-6
0.0
-1.3092442E-6
-2.4281435E-6
0.0
-1.0344957E-6
0.0
-8.6927935E-7
-7.920567E-7
7.1842453E-7
-1.2967662E-6
0.0
-5.19073E-7
-1.3794141E-6
0.0
-3.5204212E-7
0.0
2.5864583E-7
-2.1733533E-7
0.0
-1.4549008E-7
-2.2991101E-7
0.0
0.0
0.0
0.0
-3.2331585E-8
-2.8739214E-8
-1.796202E-9
0.0
