2.3716022E-4
0.011551386
0.022862513
0.033652097
0.043558046
0.05215156
0.058979694
0.063631214
0.06580947
0.065397024
0.06250083
0.057472453
0.050903548
0.04360064
0.03653697
0.030739527
0.026992314
0.025356516
0.025062243
0.025117723
0.024895469
0.024236761
0.023297736
0.022336507
0.021514889
0.020788629
0.019944023
0.018737836
0.017037228
0.014907131
0.01265982
0.010876271
0.010241602
0.010959828
0.012488544
0.014136858
0.015466666
0.016282963
0.016545892
0.016300771
0.015626786
0.014602221
0.013288335
0.0117318425
0.009980572
0.008103921
0.0062133665
0.0044910884
0.0032483446
0.0028798212
0.0032905266
0.003925415
0.0044749966
0.004889452
0.0052401465
0.005634139
0.0061466894
0.006782623
0.0074846777
0.008168988
0.008755937
0.009185779
0.009423743
0.009461011
0.009314964
0.009029066
0.008670106
0.008318474
0.008047654
0.007896083
0.007846776
0.007831742
0.0077595357
0.0075474815
0.00714432
0.006541538
0.0057782973
0.0049462514
0.004197947
0.0037399058
0.003735435
0.0041435645
0.004765463
0.005418534
0.005991598
0.0064271963
0.0067003598
0.0068053077
0.0067473785
0.0065377257
0.0061896206
0.0057161613
0.005129743
0.0044438345
0.0036775908
0.0028645638
0.0020716414
0.0014515355
0.0012936413
0.001625241
0.0020825488
0.002439127
0.0026096199
0.0025817528
0.0024124417
0.002251981
0.0023321242
0.0027880417
0.003521894
0.0043543815
0.0051429193
0.005792315
0.0062470217
0.006486298
0.0065201265
0.0063832738
0.006126393
0.005804283
0.005462963
0.005129227
0.004807335
0.0044850484
0.0041460427
0.0037825918
0.0034040401
0.0030398718
0.0027369065
0.002547213
0.002503826
0.0025988
0.0027895628
0.0030257092
0.0032667564
0.0034844938
0.0036589892
0.003774725
0.0038188158
0.0037811527
0.0036556253
0.0034414888
0.0031441737
0.002775156
0.0023508517
0.001890755
0.0014152365
9.4349857E-4
4.9215695E-4
7.48873E-5
2.9849538E-4
6.186964E-4
8.800351E-4
0.0010801547
0.0012243978
0.0013322573
0.0014435776
0.0016149213
0.0018959166
0.002300936
0.0028060428
0.0033656487
0.003927133
0.004438704
0.0048540398
0.0051358864
0.0052590207
0.0052123866
0.0050001903
0.0046418896
0.0041712467
0.0036348135
0.0030902124
0.0026035334
0.0022411537
0.002046484
0.002008987
0.0020684968
0.0021589403
0.002238245
0.0022896708
0.002312437
0.0023125268
0.0022964396
0.002268296
0.0022297937
0.0021816457
0.0021248152
0.0020604557
0.001988621
0.0019068465
0.00180996
0.0016917342
0.0015478074
0.0013785503
0.0011906046
9.962111E-4
8.097381E-4
6.4132945E-4
4.900059E-4
3.4391426E-4
2.0588646E-4
2.1532744E-4
4.4586326E-4
7.607847E-4
0.0011139408
0.0014787863
0.0018333015
0.0021619026
0.0024581917
0.0027255134
0.002973944
0.0032137614
0.0034476477
0.0036654489
0.0038442733
0.003953599
0.003962801
0.003848521
0.0036004947
0.0032256516
0.002751346
0.0022301166
0.0017505611
0.0014486328
0.0014392798
0.0016545539
0.0019239406
0.0021333497
0.0022317756
0.0022061227
0.0020676947
0.0018455602
0.0015825778
0.0013319226
0.0011490197
0.0010685665
0.0010773906
0.0011283484
0.0011814067
0.001220445
0.0012472365
0.0012692392
0.0012885503
0.0012965885
0.0012763507
0.0012091905
0.0010815663
8.897636E-4
6.442049E-4
3.863669E-4
2.9824497E-4
5.292153E-4
8.4042887E-4
0.0011405026
0.0014063059
0.0016339986
0.0018312363
0.0020119015
0.0021892022
0.0023688823
0.0025459055
0.002706206
0.002831942
0.0029073532
0.0029231533
0.0028786561
0.0027815667
0.0026457089
0.002487274
0.0023206933
0.0021557969
0.0019978597
0.0018508342
0.0017218606
0.0016233257
0.0015686536
0.0015619094
0.0015892227
0.0016211035
0.0016232384
0.0015667421
0.0014339444
0.0012208075
9.383637E-4
6.1899866E-4
3.6563043E-4
4.455126E-4
7.428682E-4
0.0010420681
0.0012836561
0.0014451501
0.0015181735
0.0015038542
0.0014103644
0.0012506014
0.0010400536
7.954954E-4
5.364251E-4
3.0149706E-4
2.4704193E-4
4.416105E-4
6.877914E-4
9.2999113E-4
0.0011561298
0.0013625992
0.0015485631
0.0017135225
0.0018555686
0.0019706169
0.002053167
0.0020986453
0.0021067557
0.0020847474
0.0020490058
0.0020227563
0.00202804
0.0020740381
0.0021498164
0.0022280242
0.0022760502
0.0022667681
0.0021852949
0.002032227
0.0018245789
0.001594838
0.0013865017
0.0012406032
0.0011705239
0.0011470183
0.0011185999
0.0010424929
8.9767575E-4
6.8526145E-4
4.3082406E-4
2.3962044E-4
3.7236226E-4
6.4124144E-4
8.912153E-4
0.0010850655
0.0012084127
0.0012581253
0.0012390284
0.0011609406
0.0010354847
8.732868E-4
6.8250054E-4
4.6974485E-4
2.479761E-4
1.3656483E-4
3.3616056E-4
5.883503E-4
8.3211175E-4
0.0010482892
0.0012234151
0.0013491603
0.001423797
0.0014532786
0.001451303
0.0014377335
0.001434585
0.0014596034
0.001520157
0.0016118585
0.0017227555
0.0018390487
0.0019486608
0.00204219
0.0021124163
0.0021534895
0.002160414
0.002129025
0.0020563754
0.0019413324
0.0017851827
0.0015921155
0.0013695477
0.0011284
8.836786E-4
6.563438E-4
4.7822547E-4
3.928177E-4
4.10453E-4
4.7473324E-4
5.3472555E-4
5.728631E-4
5.922566E-4
6.0698803E-4
6.331823E-4
6.7831523E-4
7.3542324E-4
7.872437E-4
8.143572E-4
8.008452E-4
7.3685683E-4
6.1945897E-4
4.526737E-4
2.4780218E-4
6.050385E-5
2.451213E-4
4.760074E-4
6.835542E-4
8.5204537E-4
9.7206986E-4
0.0010407442
0.0010627647
0.0010513137
0.001028141
0.0010207557
0.0010538069
0.0011372257
0.0012624667
0.0014106979
0.0015627828
0.0017041598
0.0018256212
0.0019223032
0.0019920582
0.0020337377
0.002045786
0.0020255034
0.0019691675
0.0018729414
0.0017342431
0.0015531646
0.001333591
0.001083885
8.1739615E-4
5.543119E-4
3.3294843E-4
2.521538E-4
3.4936547E-4
4.7814343E-4
5.728955E-4
6.186149E-4
6.1509025E-4
5.700579E-4
4.9802446E-4
4.211701E-4
3.6979493E-4
3.7003943E-4
4.1733214E-4
4.8278694E-4
5.409492E-4
5.7703326E-4
5.8443495E-4
5.6301075E-4
5.1921833E-4
4.677647E-4
4.3282483E-4
4.4025196E-4
4.961223E-4
5.8137963E-4
6.7136623E-4
7.485642E-4
8.0496864E-4
8.424278E-4
8.7264413E-4
9.1472897E-4
9.876669E-4
0.0010999572
0.0012450689
0.0014061118
0.0015634154
0.0016997124
0.0018025574
0.0018650647
0.0018856067
0.0018667325
0.0018135045
0.0017315882
0.0016255945
0.0014982128
0.0013504631
0.0011829878
9.97947E-4
8.0110284E-4
6.043548E-4
4.308683E-4
3.250994E-4
3.291896E-4
4.0069636E-4
4.7176288E-4
5.099998E-4
5.043011E-4
4.5399196E-4
3.6543442E-4
2.528837E-4
1.5491794E-4
1.7732536E-4
3.0155064E-4
4.4076508E-4
5.690777E-4
6.76154E-4
7.557338E-4
8.0325187E-4
8.151633E-4
7.890344E-4
7.242662E-4
6.235328E-4
4.9575407E-4
3.6476704E-4
2.9408542E-4
3.6059183E-4
5.17445E-4
6.938843E-4
8.577758E-4
9.946349E-4
0.0010993443
0.001174356
0.0012286034
0.0012750883
0.0013264568
0.0013896591
0.0014625712
0.0015347708
0.0015915753
0.0016186935
0.0016057187
0.0015481197
0.0014480121
0.0013140263
0.0011604332
0.0010054214
8.6792937E-4
7.6211244E-4
6.904951E-4
6.418004E-4
5.9802004E-4
5.44535E-4
4.7535775E-4
3.9329357E-4
3.0791946E-4
2.3271338E-4
1.7996837E-4
1.5174957E-4
1.3977611E-4
1.4803109E-4
1.9918392E-4
2.9827713E-4
4.29555E-4
5.743553E-4
7.1469945E-4
8.3378603E-4
9.170567E-4
9.534306E-4
9.3630067E-4
8.641076E-4
7.405004E-4
5.744292E-4
3.820373E-4
2.0601571E-4
2.1510385E-4
3.9996486E-4
6.029496E-4
7.88341E-4
9.446606E-4
0.0010669964
0.0011544725
0.0012095124
0.0012373024
0.0012450675
0.0012409659
0.0012325661
0.0012251791
0.0012206828
0.0012174912
0.0012117825
0.0011993803
0.0011774302
0.0011452565
0.0011042141
0.0010566869
0.0010046634
9.485396E-4
8.867688E-4
8.1658165E-4
7.353981E-4
6.4221956E-4
5.3839706E-4
4.2751583E-4
3.14454E-4
2.0392514E-4
9.945977E-5
2.7969863E-5
1.1131368E-4
2.1427996E-4
3.2367953E-4
4.3710982E-4
5.4886565E-4
6.5073353E-4
7.3381467E-4
7.9040416E-4
8.155132E-4
8.078026E-4
7.6979556E-4
7.0733955E-4
6.284471E-4
5.419599E-4
4.5706402E-4
3.8542956E-4
3.4654918E-4
3.655924E-4
4.4943934E-4
5.794163E-4
7.317084E-4
8.8566483E-4
0.0010232867
0.001129172
0.0011916448
0.0012043181
0.0011676584
0.0010904456
9.911256E-4
8.9821336E-4
8.4549375E-4
8.554733E-4
9.215075E-4
0.0010143733
0.0011032401
0.0011664408
0.0011923696
0.0011776007
0.0011248259
0.001040934
9.3515206E-4
8.172217E-4
6.9569057E-4
5.7654694E-4
4.6263335E-4
3.5448992E-4
2.537711E-4
1.7354947E-4
1.589242E-4
2.2843402E-4
3.310138E-4
4.3550122E-4
5.2732485E-4
5.973386E-4
6.401073E-4
6.5443985E-4
6.44196E-4
6.1858E-4
5.909079E-4
5.7437597E-4
5.750923E-4
5.8774964E-4
5.9919874E-4
5.9640635E-4
5.728578E-4
5.3264067E-4
4.934263E-4
4.845034E-4
5.2832125E-4
6.178921E-4
7.2591385E-4
8.2578213E-4
8.9915737E-4
9.364537E-4
9.3640253E-4
9.056099E-4
8.5769524E-4
8.111192E-4
7.843303E-4
7.883544E-4
8.21942E-4
8.747633E-4
9.349434E-4
9.937141E-4
0.0010457089
0.0010871242
0.0011138583
0.00112075
0.0011021342
0.0010532651
9.7191037E-4
8.595638E-4
7.220301E-4
5.6951E-4
4.168817E-4
2.8626394E-4
2.1321204E-4
2.2170543E-4
2.7129552E-4
3.207264E-4
3.592656E-4
3.9025358E-4
4.2031865E-4
4.5310942E-4
4.8691445E-4
5.1651784E-4
5.37021E-4
5.470558E-4
5.502997E-4
5.547778E-4
5.693748E-4
5.9849187E-4
6.387419E-4
6.806403E-4
7.1315764E-4
7.276048E-4
7.198143E-4
6.9113576E-4
6.487371E-4
6.050771E-4
5.753686E-4
5.7152024E-4
5.951336E-4
6.3717796E-4
6.849752E-4
7.286591E-4
7.6355E-4
7.89882E-4
8.113492E-4
8.330172E-4
8.590193E-4
8.907677E-4
9.2640327E-4
9.6153206E-4
9.90573E-4
0.001007962
0.0010088839
9.895997E-4
9.475914E-4
8.8171556E-4
7.9247134E-4
6.82406E-4
5.5669516E-4
4.2419715E-4
3.003542E-4
2.1527741E-4
2.0810212E-4
2.58516E-4
3.1318684E-4
3.467053E-4
3.525113E-4
3.351245E-4
3.0989767E-4
3.026325E-4
3.3548917E-4
4.0524706E-4
4.914458E-4
5.75681E-4
6.4697384E-4
7.010687E-4
7.389556E-4
7.648592E-4
7.8347855E-4
7.9707056E-4
8.037138E-4
7.977659E-4
7.7220815E-4
7.216753E-4
6.453057E-4
5.495993E-4
4.5268965E-4
3.8995774E-4
4.0134657E-4
4.8348177E-4
5.960123E-4
7.063773E-4
7.971573E-4
8.609125E-4
8.968937E-4
9.09059E-4
9.042228E-4
8.899513E-4
8.723925E-4
8.546579E-4
8.364286E-4
8.1489113E-4
7.8634504E-4
7.476046E-4
6.9672556E-4
6.331069E-4
5.572748E-4
4.7066665E-4
3.7562402E-4
2.757419E-4
1.7716132E-4
9.587964E-5
8.698244E-5
1.4385172E-4
2.0058431E-4
2.4083507E-4
2.629474E-4
2.7303444E-4
2.8519094E-4
3.175349E-4
3.802324E-4
4.68743E-4
5.705273E-4
6.7252055E-4
7.638786E-4
8.365964E-4
8.856029E-4
9.0861577E-4
9.0574217E-4
8.7884825E-4
8.308254E-4
7.6497666E-4
6.84811E-4
5.9456984E-4
5.009043E-4
4.1628917E-4
3.6316487E-4
3.6709226E-4
4.2915074E-4
5.2400655E-4
6.264654E-4
7.200577E-4
7.9481205E-4
8.4527215E-4
8.6958305E-4
8.689091E-4
8.467824E-4
8.082704E-4
7.590301E-4
7.044289E-4
6.4895506E-4
5.960619E-4
5.4835447E-4
5.077485E-4
4.751615E-4
4.497015E-4
4.2801705E-4
4.0467607E-4
3.736854E-4
3.3047725E-4
2.7387403E-4
2.0875905E-4
1.5325566E-4
1.4780863E-4
2.025366E-4
2.7761736E-4
3.47979E-4
4.0394856E-4
4.4438627E-4
4.753283E-4
5.0849945E-4
5.564524E-4
6.2510476E-4
7.097668E-4
7.97894E-4
8.744327E-4
9.258166E-4
9.4221724E-4
9.187683E-4
8.5621985E-4
7.612521E-4
6.467046E-4
5.3202774E-4
4.430357E-4
4.0405957E-4
4.167712E-4
4.5674123E-4
4.99687E-4
5.3540606E-4
5.6540896E-4
5.9666025E-4
6.3476246E-4
6.7892397E-4
7.2146906E-4
7.5127423E-4
7.579841E-4
7.3505245E-4
6.814893E-4
6.0289475E-4
5.1245466E-4
4.3201694E-4
3.889257E-4
3.973762E-4
4.4065746E-4
4.892665E-4
5.2204565E-4
5.286992E-4
5.0679507E-4
4.593219E-4
3.9314345E-4
3.1844183E-4
2.5012184E-4
2.1117966E-4
2.2341039E-4
2.7933915E-4
3.5589648E-4
4.3810107E-4
5.1770714E-4
5.8910117E-4
6.480054E-4
6.916254E-4
7.192104E-4
7.324419E-4
7.3526526E-4
7.3291844E-4
7.3019374E-4
7.295007E-4
7.297708E-4
7.269514E-4
7.158134E-4
6.920968E-4
6.54236E-4
6.0448196E-4
5.495205E-4
5.0037325E-4
4.702164E-4
4.6824152E-4
4.927976E-4
5.3232047E-4
5.727707E-4
6.029559E-4
6.1597227E-4
6.09089E-4
5.8344705E-4
5.438637E-4
4.985854E-4
4.5839464E-4
4.338621E-4
4.3035246E-4
4.4454358E-4
4.670422E-4
4.8815494E-4
5.014049E-4
5.0410384E-4
4.964295E-4
4.7994812E-4
4.561096E-4
4.2529157E-4
3.8698726E-4
3.4150458E-4
2.934337E-4
2.570361E-4
2.572912E-4
3.0774425E-4
3.929577E-4
4.899035E-4
5.813243E-4
6.554248E-4
7.047359E-4
7.2596426E-4
7.2019384E-4
6.930201E-4
6.543144E-4
6.1706785E-4
5.9431436E-4
5.9393985E-4
6.14673E-4
6.476385E-4
6.8178214E-4
7.080729E-4
7.2093663E-4
7.1810785E-4
7.000201E-4
6.692046E-4
6.2978547E-4
5.869585E-4
5.4620963E-4
5.1206525E-4
4.865749E-4
4.6843584E-4
4.5373748E-4
4.38171E-4
4.1951207E-4
3.9935438E-4
3.8345702E-4
3.797284E-4
3.9336985E-4
4.2247635E-4
4.5889796E-4
4.9280503E-4
5.1628426E-4
5.247692E-4
5.171561E-4
4.952128E-4
4.6247226E-4
4.2276373E-4
3.787729E-4
3.3134746E-4
2.803376E-4
2.2761246E-4
1.8342088E-4
1.7356874E-4
2.1678612E-4
2.9461322E-4
3.8294596E-4
4.6685885E-4
5.3708965E-4
5.88128E-4
6.178445E-4
6.273829E-4
6.208372E-4
6.0456176E-4
5.8609014E-4
5.7274615E-4
5.702183E-4
5.815725E-4
6.070493E-4
6.4444996E-4
6.895986E-4
7.366878E-4
7.787107E-4
8.081816E-4
8.181196E-4
8.0311333E-4
7.602698E-4
6.8992254E-4
5.960949E-4
4.869369E-4
3.7584038E-4
2.8457062E-4
2.4400934E-4
2.6546113E-4
3.1775128E-4
3.700698E-4
4.0956354E-4
4.3428256E-4
4.4775705E-4
4.5554817E-4
4.6221894E-4
4.6904993E-4
4.735743E-4
4.7105376E-4
4.5669585E-4
4.273796E-4
3.82466E-4
3.238226E-4
2.5531455E-4
1.8199312E-4
1.0932817E-4
4.4999986E-5
4.1210707E-5
9.471724E-5
1.512235E-4
2.0942827E-4
2.7042715E-4
3.3336977E-4
3.9531986E-4
4.5223322E-4
5.0024607E-4
5.3685036E-4
5.617587E-4
5.773142E-4
5.8825145E-4
6.005874E-4
6.1967596E-4
6.481505E-4
6.849673E-4
7.260941E-4
7.6609896E-4
7.995418E-4
8.216836E-4
8.286295E-4
8.172284E-4
7.8501087E-4
7.303249E-4
6.527065E-4
5.534423E-4
4.3635338E-4
3.0944162E-4
1.9188039E-4
1.4479911E-4
2.1413865E-4
3.155838E-4
4.049485E-4
4.6893017E-4
5.0289E-4
5.0703867E-4
4.8553568E-4
4.4580214E-4
3.9742497E-4
3.502314E-4
3.11251E-4
2.8158168E-4
2.561658E-4
2.276823E-4
1.91184E-4
1.4664597E-4
1.0074151E-4
7.247586E-5
8.384061E-5
1.1341822E-4
1.3731084E-4
1.4953202E-4
1.5548765E-4
1.7059324E-4
2.1078126E-4
2.7735718E-4
3.600762E-4
4.4727925E-4
5.29414E-4
5.99667E-4
6.5424986E-4
6.925406E-4
7.168683E-4
7.317371E-4
7.4240996E-4
7.530753E-4
7.652532E-4
7.7723747E-4
7.8484E-4
7.8291696E-4
7.668866E-4
7.3376077E-4
6.8261893E-4
6.1466487E-4
5.330734E-4
4.428823E-4
3.5135003E-4
2.6961142E-4
2.1591455E-4
2.1010826E-4
2.4691652E-4
3.0080127E-4
3.5327146E-4
3.9476607E-4
4.200835E-4
4.2627106E-4
4.1201955E-4
3.7764403E-4
3.2529826E-4
2.5941458E-4
1.8799494E-4
1.2771194E-4
1.12776375E-4
1.4992253E-4
1.9898373E-4
2.3707679E-4
2.554278E-4
2.5066396E-4
2.2258727E-4
1.7353459E-4
1.0853355E-4
4.426349E-5
7.8434314E-5
1.6371722E-4
2.5181664E-4
3.37042E-4
4.177049E-4
4.9357885E-4
5.649162E-4
6.3157774E-4
6.9241406E-4
7.4510265E-4
7.8647904E-4
8.1321876E-4
8.2265516E-4
8.135442E-4
7.8664965E-4
7.4506365E-4
6.941676E-4
6.410592E-4
5.931672E-4
5.559438E-4
5.3040776E-4
5.123677E-4
4.9435295E-4
4.688919E-4
4.3114735E-4
3.8035773E-4
3.2071598E-4
2.625649E-4
2.232507E-4
2.1912446E-4
2.4541368E-4
2.802621E-4
3.0534627E-4
3.1055193E-4
2.9193936E-4
2.504635E-4
1.9220822E-4
1.3252962E-4
1.1027678E-4
1.5219575E-4
2.1649702E-4
2.7358765E-4
3.1164815E-4
3.2535038E-4
3.1313277E-4
2.7636634E-4
2.1870916E-4
1.4536292E-4
6.268825E-5
3.2955642E-5
1.2010255E-4
2.0924829E-4
2.973975E-4
3.8461824E-4
4.7077445E-4
5.5441394E-4
6.323597E-4
7.000547E-4
7.52457E-4
7.851648E-4
7.9548854E-4
7.8328187E-4
7.514203E-4
7.058323E-4
6.549338E-4
6.081758E-4
5.734798E-4
5.542227E-4
5.4789154E-4
5.4794113E-4
5.473124E-4
5.409423E-4
5.263989E-4
5.032594E-4
4.7204125E-4
4.332727E-4
3.870708E-4
3.333515E-4
2.7255568E-4
2.0675441E-4
1.4174706E-4
9.4185845E-5
9.7031014E-5
1.3908366E-4
1.847935E-4
2.2067095E-4
2.4295706E-4
2.522695E-4
2.5228944E-4
2.4863175E-4
2.4676204E-4
2.491659E-4
2.5374693E-4
2.550349E-4
2.468512E-4
2.2432995E-4
1.8486801E-4
1.2881233E-4
6.438433E-5
6.581279E-5
1.5354947E-4
2.5557942E-4
3.5867753E-4
4.559359E-4
5.415398E-4
6.106316E-4
6.5970817E-4
6.871194E-4
6.935255E-4
6.821852E-4
6.588881E-4
6.3125533E-4
6.071086E-4
5.920126E-4
5.871449E-4
5.892255E-4
5.9280515E-4
5.932138E-4
5.884394E-4
5.793973E-4
5.687741E-4
5.5893866E-4
5.498654E-4
5.382955E-4
5.1867525E-4
4.8517843E-4
4.3366116E-4
3.6290544E-4
2.7516074E-4
1.7665929E-4
8.3590196E-5
7.8978665E-5
1.5919846E-4
2.3515422E-4
2.91632E-4
3.245979E-4
3.3407254E-4
3.232157E-4
2.9773524E-4
2.650532E-4
2.3297161E-4
2.0754886E-4
1.9068785E-4
1.7973296E-4
1.7046706E-4
1.60966E-4
1.536639E-4
1.5491253E-4
1.709441E-4
2.0272536E-4
2.4646605E-4
2.9751513E-4
3.520819E-4
4.070656E-4
4.5955085E-4
5.065762E-4
5.452799E-4
5.733444E-4
5.895871E-4
5.945174E-4
5.906724E-4
5.82503E-4
5.7555916E-4
5.748768E-4
5.830427E-4
5.9907226E-4
6.189281E-4
6.372145E-4
6.488842E-4
6.502561E-4
6.393134E-4
6.155193E-4
5.7938794E-4
5.3199974E-4
4.7460556E-4
4.0842342E-4
3.3467702E-4
2.5488908E-4
1.7159391E-4
9.1481204E-5
5.6196106E-5
1.1413859E-4
1.8613678E-4
2.4981963E-4
2.9901104E-4
3.3004972E-4
3.4077317E-4
3.3056736E-4
3.0054842E-4
2.5383043E-4
1.9626292E-4
1.393707E-4
1.0938991E-4
1.329165E-4
1.8559185E-4
2.3954315E-4
2.833844E-4
3.1255983E-4
3.2599395E-4
3.254215E-4
3.1538756E-4
3.0325903E-4
2.9833338E-4
3.087228E-4
3.370147E-4
3.7937058E-4
4.2894873E-4
4.792561E-4
5.2546E-4
5.6453794E-4
5.951103E-4
6.172172E-4
6.320345E-4
6.414603E-4
6.475336E-4
6.517471E-4
6.544425E-4
6.545342E-4
6.497013E-4
6.3697953E-4
6.135232E-4
5.7729724E-4
5.275506E-4
4.6501646E-4
3.9185176E-4
3.113565E-4
2.2753328E-4
1.4455541E-4
6.622416E-5
4.689628E-6
6.590067E-5
1.1730041E-4
1.5916621E-4
1.9237988E-4
2.1764424E-4
2.3497034E-4
2.4356498E-4
2.4222887E-4
2.3022803E-4
2.0864647E-4
1.8255644E-4
1.6415541E-4
1.710334E-4
2.0885875E-4
2.6497542E-4
3.2404604E-4
3.745028E-4
4.0796457E-4
4.1870584E-4
4.0381638E-4
3.6380027E-4
3.0391008E-4
2.3797536E-4
1.978013E-4
2.23374E-4
3.0305813E-4
3.9967676E-4
4.9183547E-4
5.691079E-4
6.2676915E-4
6.640278E-4
6.8312266E-4
6.883135E-4
6.845264E-4
6.758133E-4
6.641231E-4
6.489567E-4
6.280903E-4
5.989463E-4
5.59925E-4
5.112138E-4
4.5493597E-4
3.9471497E-4
3.347899E-4
2.788443E-4
2.2883047E-4
1.8432889E-4
1.4305304E-4
1.0253736E-4
6.273265E-5
3.4936038E-5
5.232017E-5
8.982825E-5
1.2600946E-4
1.560635E-4
1.788497E-4
1.9549695E-4
2.0898944E-4
2.2323505E-4
2.4147058E-4
2.6478124E-4
2.9182056E-4
3.1973713E-4
3.453385E-4
3.6581364E-4
3.7897125E-4
3.8320688E-4
3.7741396E-4
3.6100656E-4
3.3419702E-4
2.9871703E-4
2.5936082E-4
2.2680259E-4
2.190258E-4
2.4996168E-4
3.1391828E-4
3.9549486E-4
4.8192422E-4
5.6406646E-4
6.3504605E-4
6.8959146E-4
7.2391756E-4
7.358316E-4
7.24898E-4
6.9258263E-4
6.42338E-4
5.7960494E-4
5.116776E-4
4.4723478E-4
3.9498642E-4
3.6073977E-4
3.4388356E-4
3.3713735E-4
3.3079015E-4
3.1709255E-4
2.919251E-4
2.5457673E-4
2.0691853E-4
1.5251459E-4
9.592106E-5
4.3687767E-5
3.0952146E-5
7.092717E-5
1.1387323E-4
1.565413E-4
2.0079243E-4
2.4760823E-4
2.958221E-4
3.4223046E-4
3.8245652E-4
4.1201836E-4
4.2731347E-4
4.264313E-4
4.0978147E-4
3.8053177E-4
3.4477623E-4
3.1103677E-4
2.8803822E-4
2.8011823E-4
2.8381287E-4
2.9072198E-4
2.9380535E-4
2.9170513E-4
2.905118E-4
3.023887E-4
3.3809952E-4
3.9784552E-4
4.717971E-4
5.470123E-4
6.1181973E-4
6.5729837E-4
6.777978E-4
6.7122054E-4
6.391452E-4
5.8676535E-4
5.226111E-4
4.5789278E-4
4.0478853E-4
3.7245074E-4
3.6168908E-4
3.6430827E-4
3.6922732E-4
3.6831616E-4
3.5793238E-4
3.379113E-4
3.099276E-4
2.7603912E-4
2.379013E-4
1.9720897E-4
1.5816862E-4
1.3290126E-4
1.412399E-4
1.8509787E-4
2.4645223E-4
3.102541E-4
3.6693033E-4
4.101726E-4
4.36384E-4
4.4480577E-4
4.3760458E-4
4.1954956E-4
3.969757E-4
3.7584238E-4
3.593284E-4
3.4651492E-4
3.3362638E-4
3.172106E-4
2.9731428E-4
2.7934095E-4
2.731134E-4
2.8672756E-4
3.18802E-4
3.5939793E-4
3.9723507E-4
4.2432756E-4
4.3744815E-4
4.3842744E-4
4.3372056E-4
4.324783E-4
4.423638E-4
4.6483238E-4
4.941058E-4
5.207083E-4
5.358154E-4
5.3387077E-4
5.136231E-4
4.783245E-4
4.354055E-4
3.9530796E-4
3.6839294E-4
3.595547E-4
3.6462306E-4
3.734585E-4
3.761255E-4
3.6634045E-4
3.4200045E-4
3.046938E-4
2.5938806E-4
2.1504774E-4
1.8599372E-4
1.8757606E-4
2.2040083E-4
2.7041158E-4
3.24428E-4
3.7406012E-4
4.1390175E-4
4.4038007E-4
4.515285E-4
4.4716196E-4
4.2911668E-4
4.0134243E-4
3.6965194E-4
3.4083868E-4
3.208638E-4
3.1254295E-4
3.1460726E-4
3.2347976E-4
3.3606813E-4
3.5109548E-4
3.6849236E-4
3.878397E-4
4.0715057E-4
4.2280232E-4
4.3053762E-4
4.2691748E-4
4.1073677E-4
3.842621E-4
3.5424746E-4
3.3199097E-4
3.298383E-4
3.5290734E-4
3.9464186E-4
4.4263244E-4
4.8562887E-4
5.160372E-4
5.299896E-4
5.2686734E-4
5.087181E-4
4.795401E-4
4.44352E-4
4.0801178E-4
3.7391583E-4
3.4302197E-4
3.138179E-4
2.834387E-4
2.4940117E-4
2.1132793E-4
1.7282236E-4
1.4428934E-4
1.4237131E-4
1.7235335E-4
2.2070495E-4
2.7365354E-4
3.229811E-4
3.6387477E-4
3.934959E-4
4.1044326E-4
4.1458878E-4
4.070816E-4
3.9046156E-4
3.6882795E-4
3.4787264E-4
3.342506E-4
3.3359163E-4
3.476673E-4
3.7329085E-4
4.0420276E-4
4.337623E-4
4.565195E-4
4.6872516E-4
4.68374E-4
4.5510195E-4
4.3004513E-4
3.957183E-4
3.5599605E-4
3.162935E-4
2.838417E-4
2.6709927E-4
2.7245417E-4
2.997272E-4
3.4259623E-4
3.930556E-4
4.4407483E-4
4.899479E-4
5.2606803E-4
5.4884556E-4
5.5580464E-4
5.457415E-4
5.188437E-4
4.7670194E-4
4.221851E-4
3.5917293E-4
2.9216087E-4
2.2575993E-4
1.6411298E-4
1.10258254E-4
6.5620836E-5
3.124339E-5
2.5210493E-5
5.5198092E-5
9.524065E-5
1.4138017E-4
1.914005E-4
2.422472E-4
2.9045588E-4
3.3272535E-4
3.6641356E-4
3.8995108E-4
4.0318008E-4
4.0759888E-4
4.0642745E-4
4.0428818E-4
4.0620487E-4
4.1587296E-4
4.3395348E-4
4.5762697E-4
4.8169715E-4
5.002767E-4
5.081325E-4
5.0149206E-4
4.7848636E-4
4.3942724E-4
3.8708386E-4
3.271937E-4
2.6957932E-4
2.294141E-4
2.2257832E-4
2.4970676E-4
2.9515766E-4
3.442369E-4
3.8913958E-4
4.2693617E-4
4.5728218E-4
4.807457E-4
4.9755926E-4
5.068811E-4
5.0671544E-4
4.94441E-4
4.676739E-4
4.251328E-4
3.6726714E-4
2.9653785E-4
2.1733671E-4
1.3558814E-4
5.812882E-5
9.159107E-6
5.765965E-5
8.4956446E-5
8.813596E-5
6.790705E-5
3.349672E-5
5.3148346E-5
1.2170686E-4
1.983122E-4
2.7311867E-4
3.3972494E-4
3.9399212E-4
4.343845E-4
4.620751E-4
4.8046603E-4
4.939692E-4
5.0623016E-4
5.1852176E-4
5.292585E-4
5.349354E-4
5.318414E-4
5.17639E-4
4.9229927E-4
4.5828626E-4
4.200114E-4
3.8257457E-4
3.4996693E-4
3.234939E-4
3.017342E-4
2.8262648E-4
2.6653105E-4
2.5817257E-4
2.6501057E-4
2.9112393E-4
3.3260018E-4
3.8013584E-4
4.2390882E-4
4.560947E-4
4.7161835E-4
4.682962E-4
4.467292E-4
4.099759E-4
3.6298967E-4
3.1179958E-4
2.6239885E-4
2.1932417E-4
1.8423122E-4
1.5547812E-4
1.296731E-4
1.04365354E-4
8.004454E-5
6.0698636E-5
5.135493E-5
5.0213388E-5
4.9339615E-5
4.8695958E-5
6.5181586E-5
1.1048953E-4
1.7820176E-4
2.604172E-4
3.49765E-4
4.3863337E-4
5.1942584E-4
5.85225E-4
6.305359E-4
6.519552E-4
6.4867584E-4
6.227718E-4
5.7922886E-4
5.2565965E-4
4.7150019E-4
4.262062E-4
3.9607417E-4
3.810743E-4
3.75083E-4
3.700462E-4
3.6022282E-4
3.4404456E-4
3.2409432E-4
3.0596918E-4
2.9591974E-4
2.974054E-4
3.0882526E-4
3.2481397E-4
3.394838E-4
3.4863217E-4
3.5033864E-4
3.4468906E-4
3.3318103E-4
3.1803988E-4
3.0154732E-4
2.854715E-4
2.7070136E-4
2.571638E-4
2.4401587E-4
2.3000017E-4
2.1382177E-4
1.9445342E-4
1.7133272E-4
1.4443335E-4
1.1418354E-4
8.1209975E-5
4.5933728E-5
8.342673E-6
3.3659013E-5
8.0718906E-5
1.3513849E-4
1.9779723E-4
2.6806365E-4
3.4356507E-4
4.2038038E-4
4.935197E-4
5.5757025E-4
6.074083E-4
6.388917E-4
6.4945704E-4
6.3856127E-4
6.079318E-4
5.6161656E-4
5.058409E-4
4.4862973E-4
3.9893825E-4
3.6468974E-4
3.4961E-4
3.5118757E-4
3.6263975E-4
3.769201E-4
3.8892677E-4
3.9550292E-4
3.9465187E-4
3.849362E-4
3.6537874E-4
3.3584866E-4
2.9781042E-4
2.5538416E-4
2.1667768E-4
1.9393707E-4
1.9686016E-4
2.2134652E-4
2.5363042E-4
2.8187167E-4
2.9932568E-4
3.035021E-4
2.951858E-4
2.775694E-4
2.5512284E-4
2.3196563E-4
2.1001577E-4
1.8800594E-4
1.6244609E-4
1.3016592E-4
9.1828406E-5
6.1933526E-5
8.073082E-5
1.3646604E-4
1.9975087E-4
2.6005929E-4
3.127153E-4
3.5624218E-4
3.919919E-4
4.2344295E-4
4.5459825E-4
4.878254E-4
5.222899E-4
5.539851E-4
5.7719165E-4
5.863976E-4
5.779323E-4
5.5109744E-4
5.088789E-4
4.5835023E-4
4.10552E-4
3.7852296E-4
3.713392E-4
3.8715266E-4
4.145545E-4
4.4064154E-4
4.5606215E-4
4.557011E-4
4.378125E-4
4.0301622E-4
3.5349748E-4
2.9252935E-4
2.2457354E-4
1.5697842E-4
1.0759479E-4
1.11535155E-4
1.6130872E-4
2.2085347E-4
2.7460145E-4
3.1611178E-4
3.421261E-4
3.5134982E-4
3.441641E-4
3.2239672E-4
2.889423E-4
2.4720878E-4
2.0047351E-4
1.513441E-4
1.0174126E-4
5.5231616E-5
3.852642E-5
7.9161844E-5
1.3358366E-4
1.8952861E-4
2.4288567E-4
2.90481E-4
3.299404E-4
3.6020624E-4
3.8198245E-4
3.9783385E-4
4.1169237E-4
4.27635E-4
4.4823784E-4
4.7338934E-4
5.0035457E-4
5.249452E-4
5.429819E-4
5.514312E-4
5.490619E-4
5.366821E-4
5.170105E-4
4.94148E-4
4.7256044E-4
4.5561942E-4
4.441827E-4
4.3607273E-4
4.2689044E-4
4.1160278E-4
3.8598414E-4
3.4746988E-4
2.9549855E-4
2.3163059E-4
1.600347E-4
9.162311E-5
7.118075E-5
1.2526699E-4
1.9314837E-4
2.5433087E-4
3.0271924E-4
3.3536088E-4
3.5091987E-4
3.4930176E-4
3.314336E-4
2.9905429E-4
2.54509E-4
2.0057823E-4
1.4041204E-4
7.798802E-5
2.7619455E-5
6.0420793E-5
1.1506184E-4
1.6433254E-4
2.0493472E-4
2.3569376E-4
2.5683918E-4
2.7016347E-4
2.7912768E-4
2.8851733E-4
3.0326805E-4
3.266333E-4
3.588869E-4
3.976352E-4
4.3924796E-4
4.8020878E-4
5.178352E-4
5.50429E-4
5.770543E-4
5.971209E-4
6.0995016E-4
6.144996E-4
6.0936913E-4
5.931069E-4
5.6472013E-4
5.2424066E-4
4.7319796E-4
4.148964E-4
3.5441166E-4
2.981352E-4
2.5240533E-4
2.2069323E-4
2.0067778E-4
1.8520569E-4
1.674598E-4
1.4582867E-4
1.2727862E-4
1.2743943E-4
1.5489056E-4
1.9879274E-4
2.442656E-4
2.8070033E-4
3.011837E-4
3.0171566E-4
2.8096169E-4
2.4009166E-4
1.8249232E-4
1.1331069E-4
3.904605E-5
3.5808494E-5
1.0155668E-4
1.5529829E-4
1.9340859E-4
2.147631E-4
2.2085413E-4
2.1606905E-4
2.0777699E-4
2.0532787E-4
2.1641524E-4
2.4262544E-4
2.8001898E-4
3.2362738E-4
3.7017878E-4
4.182622E-4
4.6741441E-4
5.170422E-4
5.656348E-4
6.104974E-4
6.480003E-4
6.741633E-4
6.8535196E-4
6.7891757E-4
6.5368804E-4
6.102741E-4
5.511905E-4
4.8082488E-4
4.053103E-4
3.323458E-4
2.7076577E-4
2.2875358E-4
2.0909322E-4
2.0527911E-4
2.0617295E-4
2.0348896E-4
1.9402384E-4
1.7868874E-4
1.6119065E-4
1.4668926E-4
1.3968603E-4
1.4132267E-4
1.4884585E-4
1.5817603E-4
1.662451E-4
1.7146504E-4
1.732469E-4
0.0
0.0
0.0
0.0
0.0
0.0
0.0
0.0
0.0
0.0
0.0
0.0
0.0
0.0
0.0
0.0
0.0
0.0
0.0
0.0
0.0
0.0
0.0
0.0
0.0
0.0
0.0
0.0
0.0
0.0
0.0
0.0
0.0
0.0
0.0
0.0
0.0
0.0
0.0
0.0
0.0
0.0
0.0
0.0
0.0
0.0
0.0
0.0
0.0
0.0
0.0
0.0
0.0
0.0
0.0
0.0
0.0
0.0
0.0
0.0
0.0
0.0
0.0
0.0
0.0
0.0
0.0
0.0
0.0
0.0
0.0
0.0
0.0
0.0
0.0
0.0
0.0
0.0
0.0
0.0
0.0
0.0
0.0
0.0
0.0
0.0
0.0
0.0
0.0
0.0
0.0
0.0
0.0
0.0
0.0
0.0
0.0
0.0
0.0
0.0
0.0
0.0
0.0
0.0
0.0
0.0
0.0
0.0
0.0
0.0
0.0
0.0
0.0
0.0
0.0
0.0
0.0
0.0
0.0
0.0
0.0
0.0
0.0
0.0
0.0
0.0
0.0
0.0
0.0
0.0
0.0
0.0
0.0
0.0
0.0
0.0
0.0
0.0
0.0
0.0
0.0
0.0
0.0
0.0
0.0
0.0
0.0
0.0
0.0
0.0
0.0
0.0
0.0
0.0
0.0
0.0
0.0
0.0
0.0
0.0
0.0
0.0
0.0
0.0
0.0
0.0
0.0
0.0
0.0
0.0
0.0
0.0
0.0
0.0
0.0
0.0
0.0
0.0
0.0
0.0
0.0
0.0
0.0
0.0
0.0
0.0
0.0
0.0
0.0
0.0
0.0
0.0
0.0
0.0
0.0
0.0
0.0
0.0
0.0
0.0
0.0
0.0
0.0
0.0
0.0
0.0
0.0
0.0
0.0
0.0
0.0
0.0
0.0
0.0
0.0
0.0
0.0
0.0
0.0
0.0
0.0
0.0
0.0
0.0
0.0
0.0
0.0
0.0
0.0
0.0
0.0
0.0
0.0
0.0
0.0
0.0
0.0
0.0
0.0
0.0
0.0
0.0
0.0
0.0
0.0
0.0
0.0
0.0
0.0
0.0
0.0
0.0
0.0
0.0
0.0
0.0
0.0
0.0
0.0
0.0
0.0
0.0
0.0
0.0
0.0
0.0
0.0
0.0
0.0
0.0
0.0
0.0
0.0
0.0
0.0
0.0
0.0
0.0
0.0
0.0
0.0
0.0
0.0
0.0
0.0
0.0
0.0
0.0
0.0
0.0
0.0
0.0
0.0
0.0
0.0
0.0
0.0
0.0
0.0
0.0
0.0
0.0
0.0
0.0
0.0
0.0
0.0
0.0
0.0
0.0
0.0
0.0
0.0
0.0
0.0
0.0
0.0
0.0
0.0
0.0
0.0
0.0
0.0
0.0
0.0
0.0
0.0
0.0
0.0
0.0
0.0
0.0
0.0
0.0
0.0
0.0
0.0
0.0
0.0
0.0
0.0
0.0
0.0
0.0
0.0
0.0
0.0
0.0
0.0
0.0
0.0
0.0
0.0
0.0
0.0
0.0
0.0
0.0
0.0
0.0
0.0
0.0
0.0
0.0
0.0
0.0
0.0
0.0
0.0
0.0
0.0
0.0
0.0
0.0
0.0
0.0
0.0
0.0
0.0
0.0
0.0
0.0
0.0
0.0
0.0
0.0
0.0
0.0
0.0
0.0
0.0
0.0
0.0
0.0
0.0
0.0
0.0
0.0
0.0
0.0
0.0
0.0
0.0
0.0
0.0
0.0
0.0
0.0
0.0
0.0
0.0
0.0
0.0
0.0
0.0
0.0
0.0
0.0
0.0
0.0
0.0
0.0
0.0
0.0
0.0
0.0
0.0
0.0
0.0
0.0
0.0
0.0
0.0
0.0
0.0
0.0
0.0
0.0
0.0
0.0
0.0
0.0
0.0
0.0
0.0
0.0
0.0
0.0
0.0
0.0
0.0
0.0
0.0
0.0
0.0
0.0
0.0
0.0
0.0
0.0
0.0
0.0
0.0
0.0
0.0
0.0
0.0
0.0
0.0
0.0
0.0
0.0
0.0
0.0
0.0
0.0
0.0
0.0
0.0
0.0
0.0
0.0
0.0
0.0
0.0
0.0
0.0
0.0
0.0
0.0
0.0
0.0
0.0
0.0
0.0
0.0
0.0
0.0
0.0
0.0
0.0
0.0
0.0
0.0
0.0
0.0
0.0
0.0
0.0
0.0
0.0
0.0
0.0
0.0
0.0
0.0
0.0
0.0
0.0
0.0
0.0
0.0
0.0
0.0
0.0
0.0
0.0
0.0
0.0
0.0
0.0
0.0
0.0
0.0
0.0
0.0
0.0
0.0
0.0
0.0
0.0
0.0
0.0
0.0
0.0
0.0
0.0
0.0
0.0
0.0
0.0
0.0
0.0
0.0
0.0
0.0
0.0
0.0
0.0
0.0
0.0
0.0
0.0
0.0
0.0
0.0
0.0
0.0
0.0
0.0
0.0
0.0
0.0
0.0
0.0
0.0
0.0
0.0
0.0
0.0
0.0
0.0
0.0
0.0
0.0
0.0
0.0
0.0
0.0
0.0
0.0
0.0
0.0
0.0
0.0
0.0
0.0
0.0
0.0
0.0
0.0
0.0
0.0
0.0
0.0
0.0
0.0
0.0
0.0
0.0
0.0
0.0
0.0
0.0
0.0
0.0
0.0
0.0
0.0
0.0
0.0
0.0
0.0
0.0
0.0
0.0
0.0
0.0
0.0
0.0
0.0
0.0
0.0
0.0
0.0
0.0
0.0
0.0
0.0
0.0
0.0
0.0
0.0
0.0
0.0
0.0
0.0
0.0
0.0
0.0
0.0
0.0
0.0
0.0
0.0
0.0
0.0
0.0
0.0
0.0
0.0
0.0
0.0
0.0
0.0
0.0
0.0
0.0
0.0
0.0
0.0
0.0
0.0
0.0
0.0
0.0
0.0
0.0
0.0
0.0
0.0
0.0
0.0
0.0
0.0
0.0
0.0
0.0
0.0
0.0
0.0
0.0
0.0
0.0
0.0
0.0
0.0
0.0
0.0
0.0
0.0
0.0
0.0
0.0
0.0
0.0
0.0
0.0
0.0
0.0
0.0
0.0
0.0
0.0
0.0
0.0
0.0
0.0
0.0
0.0
0.0
0.0
0.0
0.0
0.0
0.0
0.0
0.0
0.0
0.0
0.0
0.0
0.0
0.0
0.0
0.0
0.0
0.0
0.0
0.0
0.0
0.0
0.0
0.0
0.0
0.0
0.0
0.0
0.0
0.0
0.0
0.0
0.0
0.0
0.0
0.0
0.0
0.0
0.0
0.0
0.0
0.0
0.0
0.0
0.0
0.0
0.0
0.0
0.0
0.0
0.0
0.0
0.0
0.0
0.0
0.0
0.0
0.0
0.0
0.0
0.0
0.0
0.0
0.0
0.0
0.0
0.0
0.0
0.0
0.0
0.0
0.0
0.0
0.0
0.0
0.0
0.0
0.0
0.0
0.0
0.0
0.0
0.0
0.0
0.0
0.0
0.0
0.0
0.0
0.0
0.0
0.0
0.0
0.0
0.0
0.0
0.0
0.0
0.0
0.0
0.0
0.0
0.0
0.0
0.0
0.0
0.0
0.0
0.0
0.0
0.0
0.0
0.0
0.0
0.0
0.0
0.0
0.0
0.0
0.0
0.0
0.0
0.0
0.0
0.0
0.0
0.0
0.0
0.0
0.0
0.0
0.0
0.0
0.0
0.0
0.0
0.0
0.0
0.0
0.0
0.0
0.0
0.0
0.0
0.0
0.0
0.0
0.0
0.0
0.0
0.0
0.0
0.0
0.0
0.0
0.0
0.0
0.0
0.0
0.0
0.0
0.0
0.0
0.0
0.0
0.0
0.0
0.0
0.0
0.0
0.0
0.0
0.0
0.0
0.0
0.0
0.0
0.0
0.0
0.0
0.0
0.0
0.0
0.0
0.0
0.0
0.0
0.0
0.0
0.0
0.0
0.0
0.0
0.0
0.0
0.0
0.0
0.0
0.0
0.0
0.0
0.0
0.0
0.0
0.0
0.0
0.0
0.0
0.0
0.0
0.0
0.0
0.0
0.0
0.0
0.0
0.0
0.0
0.0
0.0
0.0
0.0
0.0
0.0
0.0
0.0
0.0
0.0
0.0
0.0
0.0
0.0
0.0
0.0
0.0
0.0
0.0
0.0
0.0
0.0
0.0
0.0
0.0
0.0
0.0
0.0
0.0
0.0
0.0
0.0
0.0
0.0
0.0
0.0
0.0
0.0
0.0
0.0
0.0
0.0
0.0
0.0
0.0
0.0
0.0
0.0
0.0
0.0
0.0
0.0
0.0
0.0
0.0
0.0
0.0
0.0
0.0
0.0
0.0
0.0
0.0
0.0
0.0
0.0
0.0
0.0
0.0
0.0
0.0
0.0
0.0
0.0
0.0
0.0
0.0
0.0
0.0
0.0
0.0
0.0
0.0
0.0
0.0
0.0
0.0
0.0
0.0
0.0
0.0
0.0
0.0
0.0
0.0
0.0
0.0
0.0
0.0
0.0
0.0
0.0
0.0
0.0
0.0
0.0
0.0
0.0
0.0
0.0
0.0
0.0
0.0
0.0
0.0
0.0
0.0
0.0
0.0
0.0
0.0
0.0
0.0
0.0
0.0
0.0
0.0
0.0
0.0
0.0
0.0
0.0
0.0
0.0
0.0
0.0
0.0
0.0
0.0
0.0
0.0
0.0
0.0
0.0
0.0
0.0
0.0
0.0
0.0
0.0
0.0
0.0
0.0
0.0
0.0
0.0
0.0
0.0
0.0
0.0
0.0
0.0
0.0
0.0
0.0
0.0
0.0
0.0
0.0
0.0
0.0
0.0
0.0
0.0
0.0
0.0
0.0
0.0
0.0
0.0
0.0
0.0
0.0
0.0
0.0
0.0
0.0
0.0
0.0
0.0
0.0
0.0
0.0
0.0
0.0
0.0
0.0
0.0
0.0
0.0
0.0
0.0
0.0
0.0
0.0
0.0
0.0
0.0
0.0
0.0
0.0
0.0
0.0
0.0
0.0
0.0
0.0
0.0
0.0
0.0
0.0
0.0
0.0
0.0
0.0
0.0
0.0
0.0
0.0
0.0
0.0
0.0
0.0
0.0
0.0
0.0
0.0
0.0
0.0
0.0
0.0
0.0
0.0
0.0
0.0
0.0
0.0
0.0
0.0
0.0
0.0
0.0
0.0
0.0
0.0
0.0
0.0
0.0
0.0
0.0
0.0
0.0
0.0
0.0
0.0
0.0
0.0
0.0
0.0
0.0
0.0
0.0
0.0
0.0
0.0
0.0
0.0
0.0
0.0
0.0
0.0
0.0
0.0
0.0
0.0
0.0
0.0
0.0
0.0
0.0
0.0
0.0
0.0
0.0
0.0
0.0
0.0
0.0
0.0
0.0
0.0
0.0
0.0
0.0
0.0
0.0
0.0
0.0
0.0
0.0
0.0
0.0
0.0
0.0
0.0
0.0
0.0
0.0
0.0
0.0
0.0
0.0
0.0
0.0
0.0
0.0
0.0
0.0
0.0
0.0
0.0
0.0
0.0
0.0
0.0
0.0
0.0
0.0
0.0
0.0
0.0
0.0
0.0
0.0
0.0
0.0
0.0
0.0
0.0
0.0
0.0
0.0
0.0
0.0
0.0
0.0
0.0
0.0
0.0
0.0
0.0
0.0
0.0
0.0
0.0
0.0
0.0
0.0
0.0
0.0
0.0
0.0
0.0
0.0
0.0
0.0
0.0
0.0
0.0
0.0
0.0
0.0
0.0
0.0
0.0
0.0
0.0
0.0
0.0
0.0
0.0
0.0
0.0
0.0
0.0
0.0
0.0
0.0
0.0
0.0
0.0
0.0
0.0
0.0
0.0
0.0
0.0
0.0
0.0
0.0
0.0
0.0
0.0
0.0
0.0
0.0
0.0
0.0
0.0
0.0
0.0
0.0
0.0
0.0
0.0
0.0
0.0
0.0
0.0
0.0
0.0
0.0
0.0
0.0
0.0
0.0
0.0
0.0
0.0
0.0
0.0
0.0
0.0
0.0
0.0
0.0
0.0
0.0
0.0
0.0
0.0
0.0
0.0
0.0
0.0
0.0
0.0
0.0
0.0
0.0
0.0
0.0
0.0
0.0
0.0
0.0
0.0
0.0
0.0
0.0
0.0
0.0
0.0
0.0
0.0
0.0
0.0
0.0
0.0
0.0
0.0
0.0
0.0
0.0
0.0
0.0
0.0
0.0
0.0
0.0
0.0
0.0
0.0
0.0
0.0
0.0
0.0
0.0
0.0
0.0
0.0
0.0
0.0
0.0
0.0
0.0
0.0
0.0
0.0
0.0
0.0
0.0
0.0
0.0
0.0
0.0
0.0
0.0
0.0
0.0
0.0
0.0
0.0
0.0
0.0
0.0
0.0
0.0
0.0
0.0
0.0
0.0
0.0
0.0
0.0
0.0
0.0
0.0
0.0
0.0
0.0
0.0
0.0
0.0
0.0
0.0
0.0
0.0
0.0
0.0
0.0
0.0
0.0
0.0
0.0
0.0
0.0
0.0
-5.1186094E-4
-5.101126E-4
-5.0836673E-4
-5.066232E-4
-5.04882E-4
-5.031433E-4
-5.0140696E-4
-4.996731E-4
-4.9794157E-4
-4.962125E-4
-4.9448584E-4
-4.927616E-4
-4.910398E-4
-4.893205E-4
-4.8760357E-4
-4.858891E-4
-4.841771E-4
-4.824675E-4
-4.8076038E-4
-4.7905574E-4
-4.7735355E-4
-4.7565385E-4
-4.739566E-4
-4.7226183E-4
-4.7056953E-4
-4.6887973E-4
-4.671924E-4
-4.655076E-4
-4.6382527E-4
-4.6214546E-4
-4.6046812E-4
-4.587933E-4
-4.57121E-4
-4.5545123E-4
-4.5378396E-4
-4.5211922E-4
-4.50457E-4
-4.4879733E-4
-4.471402E-4
-4.4548558E-4
-4.4383353E-4
-4.42184E-4
-4.4053706E-4
-4.3889263E-4
-4.372508E-4
-4.356115E-4
-4.3397478E-4
-4.3234063E-4
-4.3070907E-4
-4.2908007E-4
-4.2745366E-4
-4.2582984E-4
-4.242086E-4
-4.2258998E-4
-4.2097393E-4
-4.1936047E-4
-4.1774963E-4
-4.161414E-4
-4.1453578E-4
-4.129328E-4
-4.113324E-4
-4.0973467E-4
-4.0813952E-4
-4.0654704E-4
-4.0495716E-4
-4.0336995E-4
-4.0178536E-4
-4.0020343E-4
-3.9862416E-4
-3.9704752E-4
-3.9547356E-4
-3.9390224E-4
-3.923336E-4
-3.9076761E-4
-3.8920433E-4
-3.876437E-4
-3.8608574E-4
-3.845305E-4
-3.8297792E-4
-3.8142802E-4
-3.7988083E-4
-3.7833632E-4
-3.7679455E-4
-3.7525545E-4
0.0
0.0
0.0
0.0
0.0
0.0
0.0
0.0
0.0
0.0
0.0
0.0
0.0
0.0
0.0
0.0
0.0
0.0
0.0
0.0
0.0
0.0
0.0
0.0
0.0
0.0
0.0
0.0
0.0
0.0
0.0
0.0
0.0
0.0
0.0
0.0
0.0
0.0
0.0
0.0
0.0
0.0
0.0
0.0
0.0
0.0
0.0
0.0
0.0
0.0
0.0
0.0
0.0
0.0
0.0
0.0
0.0
0.0
0.0
0.0
0.0
0.0
0.0
0.0
0.0
0.0
0.0
0.0
0.0
0.0
0.0
0.0
0.0
0.0
0.0
0.0
0.0
0.0
0.0
2.6120333E-4
2.5989482E-4
2.585893E-4
2.5728677E-4
2.5598722E-4
2.5469068E-4
2.533971E-4
2.5210652E-4
2.5081896E-4
2.4953438E-4
2.4825282E-4
2.4697426E-4
2.4569873E-4
2.444262E-4
2.4315667E-4
2.4189017E-4
2.406267E-4
2.3936626E-4
2.3810883E-4
2.3685445E-4
2.3560309E-4
2.3435478E-4
2.3310952E-4
2.3186728E-4
2.306281E-4
2.2939197E-4
2.2815888E-4
2.2692885E-4
2.257019E-4
2.2447799E-4
2.2325714E-4
2.2203937E-4
2.2082466E-4
2.1961302E-4
2.1840447E-4
2.1719899E-4
2.159966E-4
2.1479727E-4
2.1360104E-4
2.124079E-4
2.1121786E-4
2.100309E-4
2.0884706E-4
2.0766631E-4
2.0648866E-4
2.0531412E-4
2.0414268E-4
2.0297436E-4
2.0180915E-4
2.0064706E-4
1.9948809E-4
1.9833224E-4
1.9717953E-4
1.9602993E-4
1.9488347E-4
1.9374014E-4
1.9259995E-4
1.914629E-4
1.9032898E-4
1.8919821E-4
1.880706E-4
1.8694613E-4
1.858248E-4
1.8470665E-4
1.8359163E-4
1.8247978E-4
1.813711E-4
1.8026559E-4
1.7916324E-4
1.7806406E-4
1.7696805E-4
1.7587522E-4
1.7478557E-4
1.736991E-4
1.7261581E-4
1.715357E-4
1.7045879E-4
1.6938508E-4
1.6831454E-4
1.6724721E-4
1.6618308E-4
1.6512215E-4
1.6406442E-4
1.630099E-4
1.6195858E-4
1.6091048E-4
1.598656E-4
1.5882392E-4
1.5778546E-4
1.5675023E-4
1.5571823E-4
1.5468943E-4
1.5366387E-4
1.5264156E-4
1.5162246E-4
1.506066E-4
1.4959398E-4
2.971692E-4
2.9515693E-4
2.9315116E-4
2.9115187E-4
2.8915907E-4
2.871728E-4
2.85193E-4
2.8321976E-4
2.8125301E-4
2.7929278E-4
2.773391E-4
2.7539194E-4
2.734513E-4
2.7151723E-4
2.6958968E-4
2.6766869E-4
2.6575426E-4
2.6384636E-4
2.6194507E-4
2.6005032E-4
2.5816215E-4
2.5628056E-4
2.5440555E-4
2.525371E-4
2.5067528E-4
2.4882003E-4
2.4697138E-4
2.4512934E-4
2.4329392E-4
2.414651E-4
2.3964289E-4
2.3782732E-4
2.3601836E-4
2.3421603E-4
2.3242034E-4
2.3063127E-4
2.2884886E-4
2.2707309E-4
2.2530397E-4
2.235415E-4
2.217857E-4
2.2003656E-4
2.1829408E-4
2.1655827E-4
2.1482914E-4
2.1310669E-4
2.1139091E-4
2.0968184E-4
2.0797944E-4
2.0628374E-4
2.0459475E-4
2.0291246E-4
2.0123686E-4
1.9956799E-4
1.9790583E-4
1.9625039E-4
1.9460167E-4
1.9295968E-4
1.9132442E-4
1.8969589E-4
1.880741E-4
1.8645906E-4
1.8485075E-4
1.832492E-4
9.08272E-5
9.003318E-5
8.924254E-5
8.845529E-5
8.767141E-5
8.689092E-5
8.6113825E-5
8.5340114E-5
8.4569794E-5
8.3802865E-5
8.303934E-5
8.2279206E-5
8.152247E-5
8.076914E-5
8.001921E-5
7.927268E-5
7.8529556E-5
7.778984E-5
7.705353E-5
7.632064E-5
7.559116E-5
7.486509E-5
7.414244E-5
7.342321E-5
7.270739E-5
7.1995004E-5
7.1286035E-5
7.0580485E-5
6.987837E-5
6.917968E-5
6.848442E-5
6.7792585E-5
6.710419E-5
6.641923E-5
6.57377E-5
6.505961E-5
6.438496E-5
6.371376E-5
6.304598E-5
6.238167E-5
6.1720784E-5
6.106336E-5
6.0409377E-5
5.9758844E-5
5.9111764E-5
5.846814E-5
5.782797E-5
5.7191253E-5
5.6557994E-5
5.5928198E-5
5.5301858E-5
5.4678985E-5
5.4059572E-5
5.3443626E-5
5.2831147E-5
5.2222134E-5
5.1616593E-5
5.1014522E-5
5.041592E-5
4.9820796E-5
4.9229147E-5
4.8640974E-5
4.8056278E-5
4.747506E-5
4.6897323E-5
4.6323068E-5
4.57523E-5
4.5185014E-5
4.4621214E-5
4.40609E-5
4.350408E-5
4.295074E-5
4.24009E-5
4.185455E-5
0.0
0.0
0.0
0.0
0.0
0.0
0.0
0.0
0.0
0.0
0.0
0.0
0.0
0.0
0.0
0.0
0.0
0.0
0.0
0.0
0.0
0.0
0.0
0.0
0.0
0.0
0.0
0.0
0.0
0.0
0.0
0.0
0.0
0.0
0.0
0.0
0.0
0.0
0.0
-2.2878308E-5
-2.2476166E-5
-2.2077566E-5
-2.1682503E-5
-2.1290984E-5
-2.0903006E-5
-2.051857E-5
-2.013768E-5
-1.9760335E-5
-1.9386534E-5
-1.9016281E-5
-1.8649576E-5
-1.8286419E-5
-1.7926812E-5
-3.5141507E-5
-3.4436496E-5
-3.3738586E-5
-3.3047785E-5
-3.236409E-5
-3.16875E-5
-3.1018022E-5
-3.0355655E-5
-2.9700404E-5
-2.9052266E-5
-2.8411245E-5
-2.7777342E-5
-2.7150558E-5
-2.6530895E-5
-2.5918354E-5
-2.5312936E-5
-2.4714645E-5
-2.4123481E-5
-2.3539444E-5
-3.4443805E-5
-3.358914E-5
-3.274517E-5
-3.1911906E-5
-3.108934E-5
-4.036997E-5
-3.9301765E-5
-3.8247836E-5
-3.7208185E-5
-3.6182817E-5
-3.5171735E-5
-3.4174936E-5
-3.319243E-5
-3.2224216E-5
-3.127029E-5
-3.0330666E-5
-3.675667E-5
-3.5617886E-5
-3.449698E-5
-3.3393957E-5
-3.2308813E-5
-3.1241558E-5
-3.0192188E-5
-2.9160712E-5
-2.814713E-5
-2.715144E-5
-2.6173651E-5
-2.5213762E-5
-2.4271776E-5
-2.8017232E-5
-2.6929823E-5
-2.5863905E-5
-2.481948E-5
-2.379655E-5
-2.2795119E-5
-2.1815189E-5
-2.0856762E-5
-1.991984E-5
-1.9004427E-5
-1.8110522E-5
-1.723813E-5
-1.6387252E-5
-1.815087E-5
-1.9666724E-5
-1.8618292E-5
-1.7598553E-5
-1.6607511E-5
-1.5645172E-5
-1.4711533E-5
-1.38066E-5
-1.29303735E-5
-1.2082855E-5
-1.1264048E-5
-1.0473954E-5
-9.712574E-6
-1.0102399E-5
-9.310461E-6
-8.550832E-6
-7.823514E-6
-7.1285103E-6
-6.465821E-6
-5.835448E-6
-5.237393E-6
-4.6716573E-6
-4.1382423E-6
-3.6371491E-6
-3.5204212E-6
-3.0354813E-6
-2.5864583E-6
-2.173353E-6
-1.7961671E-6
-1.4549007E-6
-1.149555E-6
-8.801307E-7
-6.466283E-7
-4.4904837E-7
-3.161306E-7
-1.7782372E-7
-8.6217646E-8
-2.1554424E-8
-0.0
