0.27139595
0.18689053
0.7589135
1.5365567
1.7682333
1.2807697
1.0377192
1.9273767
1.9101739
1.8750473
2.4761193
2.0939147
2.538961
1.9617339
6.8652406
4.7781763
0.8071794
2.0655107
2.6486132
2.0059993
1.8020706
0.8052229
0.380487
1.5925981
1.3478183
0.121451735
0.6142696
1.9748209
2.4559913
2.3148444
1.537367
1.5713947
1.9605076
0.32388237
0.9508869
1.8988818
1.1592836
0.15539132
0.68635267
1.0087438
0.26459485
0.9565118
1.2935762
0.15258701
1.2919116
0.5700516
1.200216
1.1048671
1.4015907
1.2054862
1.376614
0.7927316
1.3162669
1.3190522
1.0926535
0.7363874
0.68935114
0.69411355
0.35915053
0.24295035
0.5304521
0.6417141
0.23028114
0.16051212
0.52667725
0.5260244
0.43649903
0.097755946
0.24093711
0.3130391
0.6528276
0.38440245
0.46236867
0.58919436
0.48843792
0.12959948
0.22886801
0.35044944
0.25507566
0.5891822
0.3996718
0.5498562
0.11753556
0.5397463
0.5059218
0.3941066
0.6043894
0.3808759
0.3161022
0.36910868
0.112986095
0.09968396
0.2991097
0.11765729
0.1411926
0.25335604
0.6329302
0.49234816
0.30864227
0.49042252
0.23663102
0.3881618
0.49029994
0.3997201
0.3125937
0.3682497
0.4025415
0.17435397
0.19226561
0.15830293
0.119552985
0.25321528
0.28021333
0.22467105
0.26368782
0.38127485
0.2431799
0.42021176
0.19415683
0.12814613
0.25877324
0.40341792
0.35780492
0.23099723
0.508641
0.6413984
0.5519234
0.23642462
0.0055275015
0.13047408
0.14035606
0.35686848
0.3086281
0.28176457
0.4717651
0.4882426
0.32765797
0.36278158
0.34692872
0.23787151
0.40381697
0.22371842
0.12260954
0.1176792
0.1088825
0.16404605
0.3038411
0.42925674
0.4180757
0.54256594
0.574833
0.3630709
0.2675602
0.088876896
0.11636178
0.20339987
0.056213688
0.17471752
0.24558571
0.18762097
0.26549163
0.2460747
0.14324988
0.042272132
0.19089252
0.10109153
0.13388175
0.09841984
0.12576157
0.025709566
0.09786243
0.031914305
0.21761934
0.16995145
0.054390747
0.10430273
0.057712264
0.12217041
0.22259894
0.21302432
0.24972028
0.19828738
0.16858472
0.2005028
0.16777498
0.17548996
0.16263546
0.111305915
0.21390598
0.07744792
0.20585988
0.21585372
0.11993525
0.21211724
0.29877836
0.3802147
0.27720696
0.08695504
0.10399837
0.14463936
0.22854939
0.32000017
0.2657545
0.27352732
0.18953755
0.18774055
0.23344697
0.08002716
0.119078346
0.19848652
0.18589962
0.1267084
0.14217399
0.26128045
0.26039603
0.16955718
0.2810156
0.31275013
0.16545057
0.15584211
0.2598253
0.18418396
0.16568306
0.25702626
0.15798892
0.18971543
0.16623697
0.12728855
0.13612063
0.1929406
0.20483735
0.2478043
0.32102087
0.16752182
0.32854286
0.5279663
0.25039905
0.31575093
0.28376687
0.33483347
0.157339
0.31847194
0.45454684
0.3339748
0.1528844
0.3193832
0.3290278
0.07978031
0.1896635
0.2193784
0.102738045
0.32004026
0.24024707
0.20187503
0.3172234
0.21277006
0.12850547
0.1961726
0.20963858
0.12891178
0.17330895
0.2527007
0.16383275
0.26022184
0.04526269
0.31926277
0.2348752
0.15409942
0.3629984
0.26036388
0.2502435
0.24104343
0.23980056
0.31467438
0.22962578
0.14343177
0.327186
0.2971698
0.088151835
0.18744098
0.20249411
0.17802547
0.1863802
0.34178182
0.47645077
0.5648524
0.43422088
0.28908744
0.33384633
0.2329323
0.1744398
0.22030686
0.093221195
0.22716868
0.04836014
0.21385257
0.09722988
0.21817924
0.24446283
0.1359311
0.13162386
0.19383039
0.34032273
0.4200661
0.40640962
0.40878993
0.49563023
0.47185016
0.24124181
0.20360507
0.20578273
0.19557898
0.025889585
0.20522238
0.34118953
0.31474894
0.094024904
0.06951005
0.13935019
0.085732274
0.16874617
0.20167226
0.20136788
0.1253092
0.08642526
0.06968081
0.09975716
0.15908092
0.15399513
0.10198286
0.102927215
0.12366592
0.1371322
0.1495261
0.080207475
0.11731236
0.107907705
0.081839085
0.078284286
0.12642711
0.08639037
0.10715681
0.14573665
0.1817284
0.23747824
0.24170421
0.098924294
0.13544318
0.15195699
0.10478736
0.26094556
0.25203133
0.15646718
0.13781595
0.045297813
0.20361291
0.16142885
0.07418577
0.21264015
0.15709421
0.35645616
0.2732584
0.15338282
0.11027569
0.39029774
0.3028725
0.0696811
0.20090976
0.03927554
0.22596492
0.107679464
0.2035345
0.16716182
0.30287483
0.21676113
0.23969549
0.4262971
0.40050036
0.27943358
0.25566152
0.25292212
0.10040772
0.09372154
0.06619335
0.123640984
0.07932234
0.12216468
0.031333003
0.10786941
0.23734637
0.33017075
0.25467
0.480672
0.52739
0.4197846
0.360325
0.36280337
0.06197629
0.2387708
0.3973158
0.4068836
0.13695686
0.17552498
0.12335859
0.064764544
0.05912408
0.08449851
0.30229566
0.35329974
0.4137389
0.4256577
0.1885175
0.11605682
0.057792593
0.22501236
0.15157658
0.1537692
0.22522181
0.29046458
0.33093166
0.13573468
0.074481875
0.22167487
0.3091768
0.19841944
0.35726324
0.19661298
0.40085143
0.1930204
0.22313464
0.2218864
0.30461836
0.103006184
0.20668845
0.12526853
0.06791656
0.17371249
0.21616636
0.11908974
0.28794095
0.2685031
0.0914895
0.074993454
0.11356631
0.15501931
0.049026147
0.176669
0.2361317
0.16264096
0.1395788
0.14707886
0.088598646
0.3038885
0.42177072
0.22590487
0.24052523
0.22435603
0.23024431
0.1481415
0.43865007
0.280943
0.037557226
0.114584416
0.30814025
0.26403195
0.09770724
0.24650668
0.19023658
0.1193868
0.22693413
0.102504104
0.061773524
0.19186816
0.28063905
0.20773849
0.20004013
0.33106068
0.30582207
0.28906748
0.13661377
0.40411684
0.42927694
0.3156611
0.15789883
0.16492698
0.0872561
0.026165191
0.21820341
0.26715145
0.012850422
0.32404533
0.2676139
0.16973054
0.2093129
0.12745376
0.086162545
0.0627037
0.1195674
0.114624396
0.21035577
0.38661328
0.5221231
0.45025268
0.17530401
0.411568
0.35936356
0.24377754
0.13258466
0.20276631
0.36081886
0.09703118
0.25337163
0.3954433
0.38912708
0.23130244
0.17038555
0.056802277
0.22423142
0.095895074
0.20263158
0.22208214
0.22429034
0.37529355
0.55523956
0.5061591
0.2830597
0.3604394
0.38746923
0.25872263
0.22423299
0.18462302
0.30148655
0.11572185
0.38183275
0.68970186
0.5784722
0.1777518
0.03229813
0.31184208
0.6918455
0.6324963
0.6013278
0.38191974
0.4909777
0.35864183
0.13577585
0.30864286
0.48623854
0.53622156
0.569819
0.31836796
0.12680413
0.41424358
0.34525567
0.26704594
0.27670458
0.21553028
0.28160316
0.21909922
0.3088952
0.27855384
0.37337235
0.32369784
0.3863735
0.25143144
0.56882674
0.68209606
0.17497362
0.44649875
0.45302126
0.920757
0.5902405
0.29469788
0.4466458
0.49168867
0.27673513
0.46739107
0.42371082
0.42783657
0.9245418
0.88244486
0.5925073
0.47672182
0.5151309
0.39093468
0.12359856
0.5032946
0.8478167
0.8144287
0.68219364
0.83085954
0.6183665
0.47674137
0.81959593
1.1376868
0.78664774
0.5686605
0.5064468
0.115772985
0.14946572
0.22853965
0.18290329
0.15543117
0.28386393
0.70402837
0.6938333
0.9842486
0.8557164
0.71803796
1.0217955
0.557133
0.40522403
0.5099922
0.78959274
0.9812231
0.7534786
0.31544656
0.58675003
0.8613728
0.8910462
0.9569434
0.9232132
0.7181238
0.7479639
0.87732047
0.7685835
0.43194693
0.15465389
0.27265897
0.28238106
0.53386635
0.61954683
0.32282066
0.26013502
0.24851897
0.17236377
0.6703213
0.58000314
0.22361654
0.5072013
0.90999234
0.9691593
0.8393256
0.61637276
0.41656613
0.28691038
0.53155607
0.8653081
0.78981566
0.4215202
0.092036694
0.28172916
0.45458028
0.14721498
0.30208594
0.55391955
0.13554938
0.6829976
0.55581516
0.11141392
0.054387495
0.07339965
0.31474158
0.48895657
0.4873678
0.43521562
0.16175297
0.0038244263
0.13419093
0.19472328
0.016978659
0.3774966
0.43019795
0.27433804
0.22760598
0.81120247
0.7451853
0.32530358
0.39963105
0.6675118
0.2692333
0.22772425
0.3581835
0.24630736
0.3913198
0.5391012
0.5569518
0.5124444
0.34071818
0.33794788
0.32543713
0.4848554
0.31743753
0.46137542
0.42541367
0.2757348
0.32157362
0.37921718
0.32361236
0.29382247
0.3190797
0.23011859
0.22844386
0.239001
0.15297759
0.30593306
0.29506558
0.20908514
0.19428979
0.071566656
0.2636472
0.18277307
0.2848733
0.5475327
0.32924914
0.39997238
0.2939061
0.16905922
0.3776817
0.53422296
0.4820526
0.46833247
0.32239005
0.13951989
0.08339729
0.1726571
0.20279332
0.070648
0.007735119
0.15082149
0.33979523
0.3167878
0.10871924
0.20444483
0.042193964
0.15039964
0.044885036
0.11863501
0.16142765
0.33383134
0.40803292
0.2763426
0.097993806
0.023019388
0.027563198
0.05785912
0.14110042
0.17518885
0.29654408
0.29475242
0.09475021
0.19729957
0.16043392
0.09847911
0.21073687
0.11920131
0.123667955
0.19354512
0.3067628
0.3414478
0.27889267
0.19318134
0.10313346
0.030220985
0.040365376
0.13838042
0.14025776
0.1030639
0.04165333
0.21668154
0.29805696
0.12825745
0.101689264
0.03735615
0.21385162
0.06755875
0.18990931
0.28240016
0.29090944
0.26370668
0.23974937
0.26508272
0.30546203
0.38477013
0.26301187
0.22377922
0.14766712
0.11349445
0.074111134
0.05819444
0.07200372
0.13333744
0.16721883
0.1973876
0.017072653
0.103201464
0.06921138
0.17901888
0.07629439
0.06756037
0.056418825
0.1787765
0.24048755
0.1450789
0.0925866
0.087452516
0.10209272
0.058809105
0.07486423
0.103416525
0.023362042
0.1129064
0.09460519
0.12626968
0.1869568
0.123087324
0.24454802
0.22302122
0.14484179
0.1379023
0.2746847
0.30454955
0.18620904
0.18603945
0.2283809
0.1259898
0.10568408
0.13393149
0.056671493
0.055476006
0.13094258
0.14024146
0.17996556
0.124004394
0.055447977
0.01881094
0.012972726
0.026352616
0.028951121
0.025518632
0.1279504
0.19931863
0.19412728
0.16189696
0.09436592
0.19964863
0.20712157
0.1329966
0.047154013
0.12624949
0.07835549
0.042137675
0.123791754
0.20548214
0.1374796
0.031953752
0.17335877
0.16626158
0.1343436
0.11789311
0.057403345
0.021922627
0.1561712
0.11301599
0.05553615
0.10578489
0.068117015
0.014275869
0.008661025
0.060071353
0.11010747
0.04349374
0.09567313
0.12177866
0.11808088
0.08380726
0.124750555
0.123858586
0.05333371
0.034104723
0.0871659
0.10268982
0.023011927
0.077925056
0.052934982
0.14455274
0.16372687
0.16018409
0.14200741
0.18592691
0.13582471
0.095953435
0.1409861
0.23534016
0.14815924
0.08669814
0.10038448
0.14795089
0.042750202
0.0630243
0.05507007
0.04248367
0.07893903
0.06730165
0.06601443
0.10124945
0.084907025
0.15189798
0.21786124
0.12139881
0.095360845
0.12635185
0.09935495
0.11836108
0.13823135
0.094443195
0.065645896
0.11520927
0.14661247
0.08976134
0.0612641
0.12563302
0.07384862
0.03576008
0.09273315
0.10864027
0.08880074
0.034903582
0.051143974
0.08967365
0.07767979
0.0843047
0.14996225
0.12407583
0.11570135
0.043745395
0.040461566
0.043983504
0.03726378
0.057412434
0.034000557
0.07327124
0.071010366
0.09099501
0.1787513
0.16119681
0.09844248
0.13958871
0.1363368
0.08563572
0.040698096
0.081404455
0.10214256
0.09574926
0.070693366
0.0022923525
0.06243497
0.059754398
0.04780042
0.09069001
0.10969098
0.038103856
0.09392238
0.010231526
0.06845401
0.100582324
0.12207144
0.08136787
0.07862623
0.050441872
0.10305547
0.058426734
0.07069805
0.05245168
0.08294415
0.041293863
0.028975165
0.0686714
0.1955004
0.19092229
0.080443405
0.09017182
0.054651286
0.17120335
0.18638535
0.049178552
0.058572087
0.11041664
0.12929888
0.05506118
0.089147486
0.14189632
0.11671542
0.10061315
0.083076596
0.069492236
0.044959374
0.14484592
0.24340206
0.15513532
0.07767681
0.1307676
0.15495309
0.12624776
0.08566205
0.043903556
0.06109255
0.070013754
0.09525726
0.08195137
0.053382307
0.04373986
0.109012395
0.09101592
0.13191213
0.04678332
0.17436045
0.058904752
0.095666386
0.037396435
0.018304614
0.06817571
0.09495778
0.10333191
0.06181004
0.015116052
0.07177404
0.09466677
0.041843817
0.08661016
0.079411365
0.053885292
0.13937315
0.16384314
0.17307188
0.1424329
0.088766225
0.14569996
0.1328056
0.091019996
0.05999055
0.07265656
0.015230329
0.15596062
0.26328385
0.22250429
0.1287142
0.13714994
0.0963209
0.010299918
0.025445325
0.13059074
0.124188796
0.12689799
0.16322923
0.09151578
0.12412604
0.10091358
0.14367132
0.14246556
0.0467836
0.22381182
0.20924583
0.0773081
0.08417274
0.043016013
0.045658983
0.10210131
0.026345951
0.11774435
0.14530478
0.2191663
0.07051144
0.13623546
0.08599545
0.056597985
0.091394074
0.1066749
0.082679234
0.09188886
0.1486845
0.14914648
0.1368271
0.11438467
0.08744835
0.1039296
0.10230889
0.033263303
0.057932667
0.053991377
0.13106586
0.15190648
0.20161745
0.19172804
0.1269271
0.19310193
0.1606328
0.11734902
0.2164536
0.18419307
0.14755651
0.09975571
0.04858376
0.028595552
0.0953784
0.07780974
0.029392458
0.017049383
0.055207275
0.058915876
0.053491376
0.12134469
0.05196494
0.046203934
0.10723151
0.09275749
0.057136275
0.06313353
0.121416174
0.059332576
0.09533142
0.068756334
0.07912249
0.11482078
0.11956346
0.12225479
0.094534926
0.041305386
0.077900894
0.057086878
0.07108965
0.025203431
0.062113285
0.061804585
0.07405468
0.122693986
0.053343117
0.055268392
0.11040471
0.10879694
0.061998792
0.17506272
0.17788851
0.07258569
0.05302702
0.09279053
0.10092362
0.08752446
0.0064745937
0.09149593
0.15620705
0.048641693
0.12897564
0.1210886
0.038227305
0.04133602
0.029193329
0.024514876
0.109064035
0.11948254
0.070952095
0.10978545
0.026464604
0.06868956
0.048410904
0.009701659
0.02158809
0.038553245
0.049568497
0.11861937
0.13521622
0.022553813
0.116945155
0.07982196
0.08091386
0.12684718
0.071012
0.06306359
0.12993845
0.081758805
0.06725074
0.050368935
0.046093024
0.07225897
0.04512347
0.06421232
0.07543999
0.10756865
0.06924386
0.08711166
0.056689683
0.1534169
0.10791667
0.14611852
0.188174
0.07258283
0.07626525
0.075168766
0.03623032
0.012726189
0.051525053
0.061739177
0.03927953
0.04695977
0.12328107
0.08836541
0.25078604
0.2624235
0.09353313
0.120974556
0.15985022
0.1946752
0.27542508
0.24580769
0.2031015
0.199866
0.17116164
0.053355422
0.12062584
0.15454003
0.10978736
0.123413354
0.160857
0.06959461
0.08456908
0.13146839
0.18550524
0.22447732
0.24548523
0.23252176
0.06010643
0.22723159
0.14443457
0.14634459
0.17411865
0.077414356
0.06886175
0.13681032
0.08094355
0.07213047
0.14193396
0.11933767
0.10037736
0.23230515
0.3465995
0.2039448
0.23567204
0.14931445
0.11445967
0.2156295
0.15786768
0.24976683
0.46380025
0.48660263
0.35407078
0.3499995
0.25444886
0.18353108
0.19065464
0.15975104
0.06400471
0.07094561
0.1648344
0.2178533
0.18675776
0.07140202
0.02865326
0.09437731
0.044115264
0.16701227
0.1682406
0.08928927
0.032215424
0.21456085
0.3474677
0.25104427
0.19257703
0.110030614
0.10252456
0.10418139
0.15326731
0.21368882
0.22129744
0.30620268
0.21788806
0.11615109
0.047820475
0.09987339
0.0804734
0.14902253
0.24868292
0.33625937
0.3392608
0.3653156
0.3539828
0.3056457
0.44489205
0.27498224
0.17188792
0.22149777
0.3045967
0.3990966
0.3950271
0.30161142
0.14681478
0.095234364
0.051179826
0.15891427
0.1620842
0.078571096
0.20100862
0.051333293
0.18982191
0.42653206
0.2763128
0.3604866
0.2955347
0.1589896
0.24898055
0.18360835
0.009938017
0.13122633
0.23542477
0.28311613
0.17661038
0.3325813
0.32690752
0.15176238
0.0913758
0.16881652
0.25460768
0.2322072
0.28267416
0.25703478
0.29211015
0.4850737
0.5387541
0.4724966
0.3888564
0.39107493
0.12346311
0.4310916
0.3664517
0.2658661
0.34745866
0.34392315
0.150409
0.2664336
0.31806383
0.08473975
0.060529172
0.21508385
0.24319892
0.37621307
0.25438178
0.09355697
0.0820575
0.15463616
0.31076002
0.38063484
0.24774134
0.33006293
0.09833433
0.04770374
0.4597668
0.38833645
0.41202828
0.71784854
0.64068484
0.1835679
0.18075149
0.54735774
0.6020645
0.5888957
0.70215774
0.31002384
0.23266721
0.58946615
0.66017544
0.49960613
0.32603866
0.10351251
0.39566916
0.3319095
0.10049886
0.25438166
0.28076777
0.64937764
0.3988278
0.3960101
0.65774375
0.5946117
0.3601107
0.23173293
0.057075866
0.109204605
0.29869038
0.23183574
0.29702353
0.27212828
0.073505856
0.4073005
0.6889618
0.4823387
0.4042223
0.8276485
0.7837068
0.37581843
0.59588516
0.21530302
0.45649797
0.27276528
0.41248006
0.4513543
0.49968117
0.6081875
0.39433375
0.5636457
0.43328905
0.20662823
0.17032278
0.2051412
0.20375647
0.104897305
0.1693971
0.20521839
0.343098
0.5910118
0.2656049
0.17665847
0.43818393
0.43283936
0.32344663
0.10600545
0.2572294
0.52736944
0.22212033
0.13294148
0.4869105
0.96546364
0.4298191
0.6789699
0.44253692
0.38191232
0.54158926
0.25090516
0.098766215
0.1161161
0.17699611
0.48684758
0.574689
0.33306947
0.4925027
0.047901228
0.5884875
0.6665072
0.68257517
0.2311622
0.09141043
0.32920468
0.4943611
0.11413653
0.19237787
0.5908991
0.57408214
0.20843592
0.090629734
0.09789761
0.31183147
0.3219418
0.19846818
0.32769597
0.10455948
0.26128307
0.4818056
0.49612582
0.54510516
0.63722545
0.60426944
0.3303955
0.46475115
0.6489683
0.41604784
0.43593347
0.35325295
0.051816646
0.2582227
0.27989605
0.18135963
0.32806095
0.34424928
0.5417053
0.55658734
0.5506857
0.71490604
0.56749487
0.28560495
0.19277844
0.11930427
0.33908734
0.51690865
0.29527918
0.28099415
0.33367532
0.31871554
0.3197903
0.39502403
0.2968089
0.12295415
0.3182195
0.21464604
0.052425284
0.087196074
0.23565109
0.3339699
0.23986931
0.4509471
0.27966332
0.08672199
0.31055465
0.40596876
0.24009946
0.19232759
0.2065466
0.2733019
0.23419268
0.20149423
0.1459935
0.18114106
0.21748047
0.11568825
0.063773766
0.18594298
0.26017645
0.4051956
0.37777504
0.25528428
0.30447382
0.2714431
0.19513087
0.20660216
0.22305886
0.48454142
0.25008658
0.32458708
0.33792394
0.18645532
0.13495359
0.2811555
0.2542071
0.33954266
0.32437122
0.13224393
0.17311746
0.15524098
0.10022245
0.1690326
0.15873735
0.15478423
0.29633376
0.34773326
0.25825587
0.19622135
0.26591972
0.29227555
0.2440396
0.13086252
0.14383057
0.28865212
0.18809368
0.05585965
0.08251752
0.08148225
0.13323927
0.14108197
0.16494434
0.16356531
0.14323364
0.12398964
0.031712513
0.067143485
0.13020393
0.094620794
0.19191802
0.074244946
0.08985156
0.09512002
0.14134747
0.12437234
0.061575096
0.108766876
0.07244472
0.041630026
0.10063972
0.17001638
0.077544235
0.08843433
0.104928285
0.24876209
0.2118012
0.0705081
0.094449304
0.18908243
0.12399961
0.1811324
0.032616332
0.06803039
0.028275408
0.15294738
0.0397667
0.1606772
0.198384
0.0035223744
0.18025011
0.065159306
0.17250729
0.12711123
0.034013823
0.029523006
0.08075859
0.11378212
0.1024981
0.121808365
0.06204068
0.07505522
0.06017463
0.15321936
0.18762723
0.07696885
0.2180815
0.1299643
0.17439951
0.2167104
0.10907501
0.11593511
0.17764921
0.014297445
0.16397315
0.18649502
0.15049887
0.104369745
0.13762052
0.099994235
0.054355755
0.122294046
0.06894582
0.08717812
0.06414287
0.07160908
0.10167931
0.048695147
0.06641687
0.11617958
0.024725463
0.045226224
0.06297429
0.042194966
0.0204444
0.12086236
0.10662051
0.11089368
0.07272639
0.14142105
0.16284399
0.09211827
0.032678626
0.0979691
0.12728336
0.13316078
0.11178482
0.099774174
0.033936854
0.015031587
0.060360514
0.055300564
0.082973145
0.12646985
0.0651948
0.0892897
0.06080204
0.08725444
0.044686172
0.0707648
0.09595706
0.0488086
0.041272473
0.070261225
0.13204047
0.09367019
0.13288376
0.111076996
0.21493483
0.17360212
0.08337437
0.0973518
0.132316
0.07652559
0.059201505
0.10310489
0.08208503
0.009038064
0.0782748
0.08331368
0.07681481
0.026134264
0.09489081
0.0856127
0.048848227
0.03640257
0.13386327
0.0962741
0.091577396
0.10521636
0.08517752
0.036845926
0.08359437
0.1732489
0.16472825
0.08620055
0.021919759
0.058632527
0.05288235
0.07844245
0.08827535
0.05436878
0.067017056
0.06626727
0.088514976
0.10942658
0.089188874
0.06285293
0.051883496
0.113225386
0.19749327
0.07310391
0.09095072
0.08898502
0.028933553
0.007404404
0.008308974
0.14765574
0.33040777
0.5282607
0.36548963
0.14905918
0.07764286
0.03813392
0.060622767
0.18768294
0.22144718
0.07914509
0.20453559
0.13599885
0.07485266
0.0469549
0.106158115
0.038491856
0.056843556
0.082343146
0.06601701
0.0275415
0.082142726
0.052083198
0.123163454
0.08874116
0.071732685
0.12169944
0.07928956
0.08588428
0.061932534
0.073513515
0.09022868
0.056740336
0.016737176
0.08581327
0.09477655
0.043336403
0.063239194
0.09684067
0.018600741
0.03176884
0.07821174
0.18895356
0.14327128
0.0115374755
0.04876326
0.022097928
0.027765308
0.047594544
0.068416506
0.018627219
0.031817205
0.097529866
0.09085389
0.06385238
0.080973156
0.04922324
0.10809108
0.18477425
0.15490517
0.09485408
0.073907875
0.061245434
0.07567481
0.085505374
0.11057026
0.091234855
0.032100607
0.033475596
0.027915692
0.04658904
0.02800732
0.14736763
0.13494052
0.07806103
0.014440035
0.06524162
0.0997228
0.111099906
0.032828223
0.11090736
0.08963744
0.11702661
0.082816094
0.016330209
0.08430638
0.09938254
0.0072058802
0.025892282
0.049136948
0.07346666
0.0842381
0.07278053
0.059633583
0.094533004
0.09178404
0.06516037
0.08578009
0.12480688
0.07158442
0.048807967
0.070694655
0.06442749
0.06266549
0.07459285
0.10511983
0.07823202
0.061525192
0.0855384
0.07733752
0.069330454
0.12124604
0.12462848
0.07919224
0.09718387
0.10832639
0.12299567
0.09577896
0.051468402
0.03654229
0.05339358
0.03093827
0.031795774
0.03502431
0.009930084
0.042957395
0.13127483
0.1588485
0.11523232
0.13199319
0.06499398
0.092286505
0.1065375
0.052099742
0.03633961
0.02938123
0.01967173
0.07751333
0.0501199
0.07744763
0.09247582
0.043243036
0.051192477
0.06596429
0.12115507
0.08031643
0.089020595
0.062081803
0.045308378
0.08725182
0.015893364
0.05251681
0.066032454
0.0829754
0.05003675
0.075879976
0.08403718
0.083893746
0.031904157
0.024564743
0.030946642
0.032097176
0.06397419
0.047312196
0.08719005
0.04575581
0.04999349
0.079917565
0.023342438
0.1229616
0.1279248
0.07316664
0.06123875
0.03960116
0.014358784
0.029180156
0.06935569
0.11440164
0.11106737
0.06805158
0.06862564
0.08173964
0.028033018
0.06796726
0.017033653
0.020927617
0.0556786
0.050007664
0.04908296
0.076315776
0.05335634
0.049662262
0.045656264
0.040126063
0.057970516
0.028898139
0.03767343
0.029955413
0.016643357
0.021949904
0.046555772
0.051845808
0.031588547
0.016878774
0.028474657
0.027272461
0.04588833
0.054118183
0.03508019
0.019304993
0.0325368
0.018307816
0.02422474
0.007333677
0.0078514945
0.032901257
0.0025272185
0.061503917
0.08577095
0.06358836
0.05824259
0.053119168
0.02561792
0.044342086
0.021617576
0.02120549
0.01709395
0.044369444
0.061709937
0.050247643
0.035011835
0.027392196
0.01621256
0.019292064
0.039917354
0.046106603
0.015899004
0.038624115
0.038019214
0.056353033
0.05260187
0.0734435
0.07528742
0.060680155
0.037343297
0.030018741
0.034262117
0.023012547
0.03781033
0.016870696
0.040147524
0.024623938
0.05192971
0.059377607
0.06059029
0.0719571
0.071639344
0.033755675
0.010749286
0.0028483637
0.0068937005
0.0075601507
0.022086268
0.049181014
0.050050672
0.04313161
0.05486534
0.06515234
0.06638275
0.06837081
0.071324445
0.017020032
0.06612416
0.08482591
0.069040455
0.013478858
0.014524362
0.046783663
0.030198822
0.027501807
0.016002439
0.04678087
0.04580696
0.011711723
0.036026184
0.04019763
0.018070238
0.06292115
0.030757815
0.02308223
0.056201678
0.039553706
0.0056232633
0.022356117
0.03665049
0.025769506
0.06981018
0.051104274
0.020878827
0.01113482
0.034666236
0.065746546
0.079945534
0.0437193
0.0138607165
0.056616385
0.102483146
0.11187771
0.083022244
-0.012207388
-0.027466558
-0.012207316
-0.018310888
-0.015258983
-0.003051775
-0.0061035
-0.012206885
-0.012206756
-0.0061033056
-0.0030516135
-0.0030515704
-0.0030515236
-0.0061029466
-0.009154258
-0.003051362
-0.006102602
0.0061024725
0.009153504
-0.003051096
0.0061020413
-0.0061018835
-0.009152577
0.012203092
-0.003050683
0.0030505897
0.018302957
-0.018302353
-0.0030502882
0.018301083
0.003050069
0.027449587
0.02744852
-0.009149141
0.0060991757
0.012197834
-0.009147977
0.027442703
0.024392394
0.0
0.006097517
0.0030486076
0.0030484532
0.015241477
0.030481339
0.018287813
0.0
-0.0030476279
-0.0060949037
-0.0030472726
0.021329626
0.012187611
0.0
0.0
-0.009138965
-0.009138362
0.012183664
0.01522854
0.012181985
0.009135843
-0.0060901246
0.0
0.009133842
0.0060887686
0.0030441512
0.0030439147
-0.012174698
-0.012173722
0.0
-0.012171729
0.0
0.006084839
-0.0060843155
-0.0060837846
-0.00912487
-0.012165405
-0.0030410753
0.009122387
0.006081025
-0.003040226
-0.009119807
-0.009118926
-0.009118034
0.0
0.006077478
0.0
-0.0030381195
-0.009113412
-0.0030374855
0.0030371633
0.0060736747
0.0
-0.009108525
-0.015179193
-0.009106495
0.0
0.0
0.0060689137
-0.006068205
-0.015168724
-0.0030333833
0.0
-0.0060652997
0.003032278
-0.0030319025
-0.015157617
-0.012124563
0.0
0.0
-0.0030299714
-0.0030295746
-0.0090875225
-0.0060575404
0.0030283628
0.0030279518
-0.0030275374
0.0030271192
-0.0030266976
-0.01210509
0.0030258438
-0.0030254116
-0.012099904
0.0
-0.009072281
-0.0060472954
0.0
-0.021159211
-0.01208915
-0.0060436544
-0.018128179
0.0
-0.009061274
-0.021139653
-0.009058417
-0.018113945
-0.021129541
0.0060360343
-0.009052576
-0.012068119
0.006033061
-0.018096168
-0.021108653
-0.0060300245
-0.009043498
0.0060279653
0.0
-0.009038816
-0.0060248235
-0.0060237623
-0.003011347
-0.0030108094
-0.0030102683
-0.0060194475
-0.009027527
-0.006017248
-0.009024207
-0.009022531
-0.0090208445
-0.015031913
-0.015029068
-0.0060104826
-0.012018661
-0.012016343
-0.0030035027
-0.018017499
-0.012009306
-0.003001733
-0.0060022725
-0.0030005358
0.0
-0.014996624
-0.01499357
-0.0029981
-0.0059949644
0.005993722
0.008988709
0.0
0.0059899534
0.0059886836
-0.0029937034
-0.0029930614
-0.008977248
-0.0029917674
0.00598223
-0.008971378
-0.014949
-0.008967413
-0.011953886
-0.002987802
0.0059742583
0.0
0.005971546
0.0
-0.008953209
0.0
0.0
0.0
0.008944866
0.0
-0.014901054
-0.014897501
-0.01489393
0.0
0.008932043
0.0059532467
0.0
0.0
-0.0059488593
0.008921075
0.017837701
0.008916616
0.0059429146
-0.005941411
-0.005939901
0.005938384
0.008905291
0.008902995
0.008900689
-0.0059322487
-0.005930698
0.0
0.002963788
0.014815012
0.011848854
0.0
-0.005921251
-0.005919653
-0.005918048
0.005916436
0.011829635
0.0059131924
-0.0059115607
-0.011819844
-0.011816554
-0.0059066247
0.002952483
0.011806601
0.0
0.0
-0.0058982633
-0.011793142
-0.011789744
0.0
-0.005891454
-0.0058897347
0.0
-0.0058862767
-0.0058845375
0.0
-0.011762078
0.0
0.0
-0.014689354
-0.008810944
-0.011744354
-0.014675962
0.0
0.0
-0.008797452
0.0
0.0
-0.005859491
0.0058576525
-0.005855807
-0.005853955
0.0
-0.0058502313
0.0
0.0058464813
-0.0029222982
-0.0029213524
0.0
-0.005838902
0.005836991
0.011670147
0.0
0.0029156092
0.005829281
-0.0029136685
0.0
0.0
-0.0087322
-0.0029097481
-0.00290876
-0.008723306
-0.008720321
-0.005811551
-0.0029047744
-0.0029037697
-0.002902762
-0.005803502
-0.00870221
-0.005799439
-0.0057973973
-0.0028976747
-0.0028966474
-0.0028956172
-0.011578334
-0.005787093
-0.005785013
-0.0028914632
0.005780834
0.002889367
-0.0028883142
-0.002887258
-0.0057723974
0.0028851363
0.005768141
0.0028830015
0.008645788
0.002880854
0.0028797756
0.0057573877
0.005755218
0.008629563
0.0057508596
0.0028743353
0.0028732377
0.002872137
0.0
0.002869926
0.0
-0.0028677022
0.0
-0.0028654658
-0.0057286858
-0.002863217
-0.0028620877
0.0
0.0
-0.0057173627
-0.005715079
-0.0028563947
-0.0028552467
0.0
0.0
-0.0028517838
0.00855187
-0.0028494596
-0.0028482927
0.0
-0.00284595
-0.002844774
-0.0028435946
-0.0028424123
-0.008523681
-0.0028400384
-0.0028388468
-0.002837652
-0.0028364544
-0.005670507
0.0
-0.0028328425
0.0
0.0
-0.0056584063
-0.0028279838
0.0
0.0
0.0028243074
0.002823076
0.0
0.0028206035
-0.002819363
0.0
0.0028168724
0.008446868
0.0028143697
-0.0028131139
-0.002811855
0.0
0.0
0.0028080598
0.0028067888
0.0028055147
0.0
-0.0028029578
0.0028016747
0.011201554
0.0027990995
0.0055956147
0.0055930247
0.0
0.0
-0.0055852183
-0.0055826046
-0.0027899921
-0.0027886792
-0.0027873632
0.005572089
0.0027847225
0.0027833977
0.00834621
0.008342218
0.0027794056
0.0055561378
0.0055534584
0.0027753867
0.0055480823
0.0
0.0
0.002769987
0.00276863
0.0027672697
0.0027659065
0.0027645405
-0.0027631717
-0.0027617998
0.0
0.005518095
0.0027576669
0.008268851
0.005509794
0.0055070156
0.011008463
0.0082521625
0.010997292
0.010991689
0.005493037
0.008235335
0.008231107
0.008226871
0.0054817502
0.0
0.0054760724
0.008209838
0.010940745
0.013668783
0.005464649
0.005461779
0.008188355
0.0081840325
0.013632836
0.010900483
0.005447343
0.0027222193
0.0
0.0027193069
0.0054356926
0.0027163832
0.002714917
0.0027134481
0.0027119764
0.0
0.0
0.0
0.0
0.0
-0.0027030879
0.0027015966
0.0027001027
0.0
0.0026971065
-0.0026956042
-0.0026940994
-0.008077775
-0.008073243
-0.005379136
-0.0026880521
0.0
0.0
0.0
-0.002681961
-0.0026804314
0.0
-0.002677364
0.0026758262
-0.0026742858
-0.0053454856
0.0026711968
0.0026696483
0.0026680971
0.0
-0.005329973
-0.007990282
-0.0026618652
0.0026603006
0.0026587334
0.005314327
0.0
-0.005308031
-0.005304875
-0.007952571
0.0
0.0026476877
-0.002646099
-0.007933524
-0.007928742
-0.007923953
-0.005279437
-0.002638117
-0.0052730255
-0.0052698115
-0.0052665924
-0.007895052
-0.007890208
-0.005256904
-0.005253664
-0.0026252095
-0.0026235844
0.0
-0.010481305
-0.018330855
-0.010468232
-0.0026154201
0.0052275592
0.007836409
-0.0026104907
-0.013044213
-0.01564315
-0.018238768
-0.005207765
0.0078066722
0.0026005632
-0.0051977993
-0.015583402
-0.02076452
-0.010375576
-0.005184441
0.0025905445
0.0
-0.0077615543
-0.012927506
-0.012919076
-0.005164253
-0.005160871
-0.002578742
-0.0077311383
-0.018027432
-0.020589173
-0.018003602
-0.0051404745
0.005137058
0.0
-0.01026042
-0.017943725
-0.02049337
-0.012799753
-0.0051164553
-0.0025565021
-0.0051095486
-0.010212176
-0.012756556
-0.01274788
-0.010191354
-0.007638296
-0.007633069
-0.0050852234
-0.0076225935
-0.01015646
-0.002537363
-0.0050712177
-0.0076015564
-0.010128372
-0.012651659
-0.007585704
-0.007580405
-0.0075751
-0.0075697876
-0.015128936
-0.015118282
-0.012589679
-0.010064622
-0.005028746
-0.0025125882
-0.0075324033
-0.0075270347
-0.007521659
-0.015032554
-0.012518146
-0.012509152
-0.0075000883
-0.0049964525
-0.009985682
-0.0024946127
-0.0024928025
-0.00249099
-0.0024891752
-0.007462075
-0.009942156
-0.0024837174
0.0024818936
0.0024800678
0.0
-0.007429227
-0.0024745762
0.0
0.002470904
0.0024690644
0.002467223
0.002465379
0.0
0.0
-0.002459834
0.0
0.004912253
0.0073628086
0.0073572304
0.0049010976
0.0024486852
0.0
0.0
0.0048861625
0.007323627
0.0073180036
0.004874916
0.0024355792
-0.0024336984
0.0048636305
0.0048598605
0.002428043
0.004852307
0.002424262
0.0024223684
0.0
-0.0048371498
0.0024166747
0.0048295455
-0.0048257373
0.0
0.0024090542
0.0024071436
0.0048104622
0.0048066336
0.0024014001
0.0023994814
0.0023975607
0.002395638
0.0023937132
0.0023917863
0.0023898573
0.004775853
0.004771987
0.0023840584
0.0
0.0023801825
0.0023782414
0.0023762984
0.009497413
0.009489625
0.0047409143
0.0023685063
-0.0047331066
0.0
0.0047252825
0.009442729
0.0047174427
0.0023567586
-0.0023547937
-0.002352827
0.004701717
0.0046977755
0.01408149
0.011724703
0.004685928
0.0046819714
0.004678011
0.009348093
0.011675196
0.011665265
0.011655326
0.009316301
0.009308334
0.01162545
0.011615473
0.011605486
0.009276392
0.009268387
0.01157547
0.009252356
0.013866494
0.011545369
0.006921191
0.0046101026
0.006909112
0.009204086
0.013794023
0.013781906
0.009179852
0.00687882
0.0068727448
0.0068666646
0.009147439
0.013708976
0.013696783
0.009123053
0.006836183
0.013660141
0.0136479065
0.01136305
0.013623404
0.0068055685
0.0045329533
0.009057715
0.009049515
0.013561965
0.013549645
0.0067686583
0.009016651
0.0112605225
0.0090001775
0.015735878
0.011229596
0.004487708
0.011208937
0.006719156
0.0067129456
0.0111778835
0.006700509
0.006694284
0.006688053
0.0022272724
0.006675577
0.0066693313
0.004442054
0.0066568255
0.002216855
0.0066443
0.0066380305
0.0066317557
0.01104246
0.011031986
0.0066129025
0.0022022028
0.0022001031
0.006594006
0.0065876977
0.006581384
0.0021916889
0.0021895813
0.0021874723
0.0021853617
0.004366499
0.006543407
0.0065370617
0.0065307114
0.0021747854
-0.0021726657
0.0021705441
0.008673686
0.0064988905
0.004328342
0.0064861304
0.0021599147
0.0021577843
0.006466957
0.0043070377
0.004302768
0.0021492478
0.0
0.0021449707
0.00214283
0.0021406878
0.002138544
-0.002136399
-0.0021342526
-0.0021321047
-0.0021299555
-0.0021278046
0.0042513045
0.0042469976
-0.0021213437
-0.0063575623
-0.0084681185
-0.0021148704
0.0021127097
0.0042210957
0.004216769
-0.0021062198
-0.004208107
-0.008407544
-0.0041994345
0.0020975473
-0.0020953757
-0.002093203
0.0020910287
-0.010444266
-0.008346706
-0.0020844983
-0.0041646375
0.004160276
0.002077956
-0.0020757725
-0.0020735878
-0.0041428036
-0.004138429
0.0
-0.0020648362
-0.0041252906
-0.002060453
-0.0020582592
-0.0020560645
-0.0041077365
0.0
-0.0020494724
-0.0020472726
-0.0020450717
-0.008171477
-0.008162663
-0.0061153835
-0.0040725106
-0.0061021447
-0.00406368
-0.0060888915
-0.010137099
-0.008100832
-0.00809198
-0.010103904
-0.008074261
-0.0060490468
-0.008056525
-0.010059562
-0.010048462
-0.008029886
-0.004010498
-0.008012103
-0.008003205
-0.0039971513
-0.007985395
-0.0079764845
-0.0039837845
-0.0039793244
-0.001987431
-0.007940795
-0.007931862
-0.001980731
-0.0019784956
-0.0019762593
-0.0019740216
-0.0019717831
-0.0039390866
-0.005901908
-0.0019650608
0.0
0.0019605744
0.0
-0.0019560836
-0.0019538368
-0.0039031778
-0.00194934
-0.0019470901
-0.0038896785
-0.0077703497
-0.0038806694
-0.009690404
-0.007743304
-0.0019335703
-0.0038626273
-0.0019290559
-0.0038535947
-0.0019245378
-0.0038445545
-0.0038400318
-0.0038355072
-0.0038309805
-0.00956613
-0.003821922
0.0
-0.0019064281
-0.0038083205
-0.0038037833
-0.005698866
-0.0018973516
0.0018950802
-0.003785616
0.0
-0.0037765221
-0.0037719726
0.0
-0.0037628685
-0.0037583138
0.0
-0.0037491997
-0.00561696
-0.0018700395
-0.001867758
-0.0037309516
0.0
-0.003721818
-0.0037172488
-0.003712678
-0.0055621588
-0.001851766
-0.005548435
-0.0018471899
-0.0018449007
-0.005527832
-0.00368064
-0.003676057
-0.0036714727
-0.0018334434
0.0
-0.0036577107
-0.0018265604
-0.007297058
-0.0072878725
0.0
0.0036347462
0.0
-0.0018127753
-0.0018104754
-0.005424524
0.0
0.0
-0.0018012691
0.0
-0.003593324
-0.0017943576
0.0
-0.0035794934
0.0
0.0017851334
-0.0017828258
0.0
-0.0017782088
-0.0035517989
-0.0017735894
0.0035425578
0.0053069033
0.0035333121
0.0
-0.0035240618
0.0
0.0017574036
0.007020356
0.010516644
0.007001834
0.0034962848
0.0034916515
0.0017435086
0.003482382
0.010433237
0.008682771
0.008671176
0.0069276616
0.0034591907
0.0051818243
0.010349722
0.008613161
0.0068812403
0.012025913
0.006862659
0.008566706
0.008555087
0.0034173867
0.008531843
0.006816174
0.003403436
0.010196352
0.006788263
0.006778956
0.008462059
0.0084504215
0.008438782
0.0067417123
0.010098597
0.0067230817
0.006713764
0.0083805565
0.0066951243
0.008357253
0.0050073597
0.008333944
0.013315658
0.011634878
0.0132783465
0.011602226
0.009930768
0.011569565
0.00990277
0.00824064
0.009874765
0.0065738396
0.008205627
0.013110325
0.006545822
0.006536481
0.009790708
0.006517796
0.009762677
0.011373436
0.008112201
0.012960827
0.009706599
0.004846288
0.0064523676
0.0048322626
0.008042082
0.01124255
0.011226182
0.011209814
0.007995317
0.0047901743
0.0047831577
0.0063681873
0.007948538
0.0126989465
0.0063401153
0.0031653785
0.0031606988
0.0015780096
0.007878347
0.007866647
0.007854946
0.0031372977
-0.0015663084
0.0015639679
0.006246509
0.006237146
0.0031138915
0.004663815
0.0046567917
0.0
0.0061903275
0.0046357224
-0.0015428996
0.0061622337
0.0046146517
-0.001535876
0.0030670695
0.0030623868
0.0
0.0061060432
0.0076208473
0.0015218282
0.004558461
0.006068582
0.0015148043
0.0060498524
0.0045303656
0.0
0.004516319
0.0
-0.0015007575
0.002996833
0.0014960757
0.0029874695
0.0014913941
-0.00446716
-0.0044601383
0.0
0.0
0.007398458
0.0088641085
-0.0014750113
0.0
0.0014703316
-0.001467992
0.0029313047
0.0073165647
0.0014609736
0.0
-0.0029125912
-0.010177698
-0.0029032365
0.0028985594
0.002893883
0.0057784137
0.0
-0.0014399278
-0.0028751807
-0.0057410123
0.002865832
0.0042917375
-0.0014282425
0.007129531
-0.00427071
-0.0056849364
0.0014188983
-0.0014165629
0.0014142278
0.0028237859
-0.0014095583
-0.002814448
-0.0042146696
0.0042076684
0.008401335
0.0041936683
0.0013955565
-0.0027864478
-0.004172675
0.0
0.001386228
0.0013838967
0.0027631314
-0.004137705
0.0
0.0054982994
0.0
0.0041097477
0.0041027614
-0.0027305172
0.002725861
0.0040818085
-0.0027165508
0.002711897
0.002707244
-0.0040538874
0.0026979402
0.0053865793
-0.0040329597
0.0013419954
-0.0013396714
-0.0026746958
0.005340099
-0.001332702
-0.006651899
0.0013280581
-0.0079544205
-0.007940495
0.0039632865
-0.0026375512
0.0026329125
0.0065706866
-0.005247276
-0.002619002
-0.0026143673
-0.0065243337
0.0013025504
0.0013002346
-0.0064895963
-0.005182418
0.0
-0.0025819533
-0.0012886636
0.003859053
-0.002568078
0.0
0.0025588335
-0.0012771065
-0.0012747968
-0.0012724877
-0.006350896
-0.0038036138
-0.001265564
-0.0050530294
-0.0025219026
-0.0025172918
-0.0050253645
-0.0025080738
-0.006258667
-0.002498861
0.0
-0.004979307
0.0012425258
-0.0012402255
-0.002475852
-0.0012356271
-0.0024666577
-0.0024620628
-0.002457469
-0.004905754
-0.006120715
-0.0036655448
-0.004878217
-0.002434522
0.0048598736
0.0036380298
0.0024207712
0.0024161905
-0.0024116111
-0.0012035168
-0.0024024574
-0.0011989414
0.0023933097
0.0011943692
0.0011920842
-0.0047592
-0.002375033
0.0
-0.0011829521
0.0047226846
-0.0011783909
-0.004704446
-0.002347666
-0.0070293318
0.0011692784
0.0011670024
-0.0011647271
0.0
-0.004640717
-0.004631627
-0.0034669049
-0.0046134563
0.001151094
0.0
-0.0045862263
0.0034328678
-0.0022840456
-0.007978301
0.0011374926
-0.0034056867
-0.0033988983
0.0011307042
-0.005642216
-0.0033785498
0.0022478483
-0.00560833
-0.0033582265
0.0011171526
-0.0022297949
0.001112643
-0.0033311693
-0.0011081374
-0.0033176583
-0.00772545
0.0011013864
0.0010991379
-0.0065813437
0.0
-0.0043695956
-0.008721237
0.0032637338
0.001085669
-0.0032502834
0.0010811876
-0.004315794
-0.007536973
-0.0010744734
-0.0021444748
-0.0010700026
-0.0010677687
-0.0063932156
-0.0053165215
0.0031832212
0.0
0.0
0.0031631656
-0.0063129743
-0.0041997493
-0.0010477134
-0.005227453
0.001043269
0.0031231453
-0.003116487
0.0031098323
0.0010343937
-0.0030965332
0.001029963
-0.0030832482
-0.0041021476
0.003069977
0.0
-0.0020378134
0.004066796
0.0010144925
0.0
0.0060604988
0.0
0.0
0.0060208696
-0.003003837
0.0
0.0039875377
-0.003978756
9.924946E-4
9.903017E-4
-0.0029643301
0.0029577587
9.837304E-4
-0.005889255
0.0
0.0
-0.0029249596
0.0038912154
0.0067943567
9.684423E-4
0.0
-0.0028922579
-0.0028857295
0.00191947
9.575615E-4
0.002866168
0.003812874
0.0
-0.0037955234
-0.0037868565
9.445487E-4
0.0
0.0
0.003752243
-9.3590084E-4
9.337423E-4
0.0027947556
-9.294295E-4
0.004636376
0.0
-9.229708E-4
0.003683283
-0.0018373441
0.0
9.143791E-4
0.0
0.0036403674
0.0
0.0
0.0
-0.0036061394
-8.993992E-4
8.9726516E-4
0.0
-8.930013E-4
0.0
8.887435E-4
-0.0035464673
0.0
-8.82368E-4
-0.0035209835
0.0017562505
0.0017520123
0.0
0.007845953
0.0034786323
-0.0017350903
0.0051926025
-0.0017266478
-8.6121564E-4
0.008591089
0.0034280152
8.549002E-4
0.0059695877
-8.506978E-4
-0.001697198
0.0050790105
0.0
0.0025269364
0.005881538
-0.0033525159
-0.0016720796
0.0025018565
-0.002495599
0.001659564
0.0033107975
-0.0024768552
-0.001647078
-8.214613E-4
-0.0016387706
0.0032692435
0.005706667
-0.0016263343
-8.110978E-4
8.090301E-4
-0.005648749
-0.0032195991
0.0024085117
-0.0016015526
-0.0015974343
-0.0015933193
-0.007946039
-7.9254986E-4
0.001580995
-0.001576894
0.0039319904
-0.001568702
-0.0062584453
0.0023407862
0.0015564404
-0.0031047203
0.003096567
7.7210524E-4
-0.0046204226
0.0046082246
0.0045960373
-0.0015279535
0.0030477967
0.0
-0.006063194
7.5587706E-4
7.538566E-4
0.0
0.0044989274
-7.4780633E-4
-0.003728966
-0.0022313457
-0.0029670899
0.0014795298
0.0014755183
-0.0014715106
-7.3375326E-4
-0.0014635063
-0.0014595096
-7.277584E-4
-0.0014515277
7.237712E-4
-7.2178047E-4
-0.003598958
-0.0014356092
-0.0014316391
-0.0014276728
0.0014237103
7.098758E-4
-7.078984E-4
0.0028236916
7.0394936E-4
0.0
0.0028000323
-0.002094121
-0.0020882236
6.941107E-4
-0.0027685952
-0.0020705666
0.0
-0.002058825
-6.84321E-4
0.0
0.0
6.784709E-4
6.765249E-4
0.0020237425
0.0013452775
6.7069876E-4
-6.6876074E-4
-0.0020004741
0.0
-0.0019888764
6.610289E-4
0.002636404
0.0
0.0019657542
0.0
0.0
0.0025979693
0.0012951535
0.0019369897
0.0019312555
0.0
-0.0012798704
6.3803E-4
0.0012722538
0.0031711294
0.003793962
0.0
-0.001257071
-0.0012532859
-0.0018742575
0.0018685925
0.0049678236
0.0024763753
0.0
-0.0018459962
-0.0024538178
6.1157893E-4
0.0024388223
0.0030391717
0.0018178959
-0.0024163937
0.0
0.0
0.0
0.003579916
-0.0011895933
-0.0023717715
-0.0029554565
-0.0023569677
0.0023495788
0.0017566492
5.8370695E-4
5.818664E-4
-0.0011600562
0.001156384
0.0011527162
0.0
0.0011453942
0.0
-0.0011380902
0.0022688897
0.0028270101
-5.635839E-4
0.0028088402
-5.5995444E-4
-0.004465145
5.563341E-4
-0.0011090547
-0.0011054458
0.0049582864
0.0016473624
-0.0016419697
0.0010910559
-0.001631205
0.0
0.003781092
0.0
-5.365863E-4
0.0010696098
-0.0015990776
-5.3124916E-4
0.002647374
0.0
5.259331E-4
0.0010483316
-0.0010448018
-5.206383E-4
-0.0015566342
0.0
0.0015460943
0.001540835
0.0010237219
-0.001530338
-0.0010167335
-0.0015198695
0.001009764
0.0020125732
-0.0010028139
-4.996731E-4
-0.0019917663
-0.002977275
-4.9448584E-4
9.855232E-4
0.0014731195
9.78641E-4
9.7520713E-4
-0.0014576673
-0.0029050624
-0.00192987
-9.6152077E-4
4.7905574E-4
4.7735355E-4
-0.0019026154
-0.004265609
-0.002833571
-0.0037645563
-9.3775947E-4
9.343848E-4
-0.0018620304
-0.0041744276
-0.004159309
-0.0018418725
-0.00137638
-0.001828484
-9.1090245E-4
-0.0013613519
-0.0013563577
-4.50457E-4
-0.001346392
-0.0035771215
-0.0013364567
-0.0017753341
-0.001326552
-8.810741E-4
-8.7778526E-4
-8.745016E-4
-0.002613669
-4.3397478E-4
4.3234063E-4
-4.3070907E-4
-4.2908007E-4
-0.001282361
-0.002554979
-0.0016968345
-4.2258998E-4
0.0
8.3872094E-4
0.0
-0.0024968483
-8.2907156E-4
-8.258656E-4
-0.0024679943
0.0
0.0
-0.0024392821
-0.0028347003
-0.0012101098
-0.0012053561
-8.0040685E-4
0.0015944967
-0.0023822852
-7.909471E-4
0.0019695112
-3.923336E-4
0.0015630705
3.8920433E-4
-0.0027135059
3.8608574E-4
-3.845305E-4
-3.8297792E-4
0.0015257121
-0.0011396424
-0.0026483543
0.0
-3.7525545E-4
-3.737191E-4
0.0014887416
-7.413089E-4
-0.0022147575
-7.3520147E-4
-7.321559E-4
3.645579E-4
0.0010891218
-3.61526E-4
3.6001418E-4
-7.170102E-4
7.1399746E-4
0.0010664854
-3.539943E-4
0.0010574887
3.5100093E-4
0.0010485252
0.0020881116
0.0013861264
0.0024153315
0.0017178296
6.8417453E-4
6.8122277E-4
3.391383E-4
0.0
6.7240105E-4
0.0013389433
6.6654786E-4
0.0013272593
0.0013214343
3.2890512E-4
3.2745447E-4
9.7802E-4
3.2456167E-4
6.4623903E-4
6.4336037E-4
3.2024368E-4
6.3762005E-4
9.5213763E-4
-3.1595124E-4
6.290522E-4
0.002191727
3.1168445E-4
0.0012410715
0.0012354167
3.0744335E-4
0.0012241416
0.002132412
0.0012129124
0.0015091439
9.012969E-4
2.9903874E-4
0.0014882403
5.925205E-4
5.8975077E-4
2.934934E-4
5.842286E-4
0.0011629524
5.7872967E-4
0.0011519778
0.001146508
0.0011410498
0.0011356034
0.0011301686
0.0011247456
0.0011193343
0.0016709019
0.0011085467
-2.7579267E-4
0.0010978063
8.1934035E-4
2.7177826E-4
0.0027044602
5.382335E-4
-5.3558085E-4
7.994012E-4
-2.651467E-4
0.0015829755
0.002625148
7.8361E-4
0.0018192638
0.0015515358
5.1457353E-4
0.0017919105
0.0010187627
5.067942E-4
5.0421304E-4
2.5081896E-4
0.0
9.930113E-4
9.87897E-4
9.827949E-4
0.001466557
0.00145894
7.256705E-4
0.0014437602
0.0019149301
4.7621765E-4
4.737089E-4
0.0014136186
0.0
4.6621903E-4
0.0013912037
0.0
0.0013763518
9.126355E-4
0.0
0.0013542114
0.0
0.0
0.0015542755
4.4164932E-4
8.784521E-4
0.0015288313
0.0
0.0
4.2959454E-4
0.0
2.124079E-4
2.1121786E-4
-2.100309E-4
0.0
4.1533262E-4
-4.1297733E-4
4.1062824E-4
4.0828536E-4
-4.0594873E-4
4.036183E-4
0.0
-3.9897618E-4
5.9499673E-4
3.9435906E-4
-5.880898E-4
3.8976694E-4
0.0
-3.851999E-4
3.829258E-4
-5.7098694E-4
-1.8919821E-4
3.761412E-4
0.0
3.716496E-4
-1.8470665E-4
-1.8359163E-4
3.6495956E-4
0.0
-5.407968E-4
0.0
-1.7806406E-4
-8.8484026E-4
-5.2762567E-4
-3.4957114E-4
-5.210973E-4
-1.7261581E-4
0.0
-1.7045879E-4
-1.6938508E-4
-3.3662908E-4
-1.6724721E-4
3.3236615E-4
-3.302443E-4
-6.562577E-4
-6.520396E-4
-8.097929E-4
-1.6091048E-4
0.0
-4.7647176E-4
-7.889273E-4
-7.8375114E-4
-7.785911E-4
-4.6406832E-4
3.0732775E-4
0.0
1.5162246E-4
-1.506066E-4
-7.479699E-4
1.485846E-4
-1.4757847E-4
-0.001026029
-2.9115187E-4
-5.7831814E-4
-8.615184E-4
-1.425965E-4
-2.8321976E-4
-7.0313254E-4
-1.3964639E-4
-4.1600864E-4
-6.884798E-4
-4.1017696E-4
-5.4303446E-4
-4.043845E-4
-1.3383434E-4
-1.3287713E-4
-5.276927E-4
-3.929176E-4
-1.3002516E-4
-6.454054E-4
-6.407014E-4
-5.088111E-4
-5.050742E-4
-2.5067528E-4
-3.7323005E-4
-1.2348569E-4
-3.6769404E-4
-2.4329392E-4
-1.2073255E-4
-4.7928578E-4
0.0
-1.1800918E-4
-1.17108015E-4
-1.1621017E-4
-6.918938E-4
-4.5769772E-4
-3.4060964E-4
-3.3795595E-4
0.0
-3.3267855E-4
-5.500914E-4
-2.1829408E-4
-6.496748E-4
-5.3707283E-4
0.0
-3.1708638E-4
0.0
-2.0797944E-4
-7.219931E-4
-4.091895E-4
-5.0728116E-4
-4.0247373E-4
0.0
-2.9685875E-4
-4.90626E-4
-1.9460167E-4
-2.8943951E-4
-1.9132442E-4
1.8969589E-4
0.0
-2.7968857E-4
-3.697015E-4
-3.664984E-4
-1.816544E-4
-1.8006636E-4
-8.924254E-5
-8.845529E-5
0.0
-8.689092E-5
-4.305691E-4
-2.5602034E-4
-8.4569794E-5
-8.3802865E-5
2.4911802E-4
1.6455841E-4
-2.445674E-4
0.0
-1.6003841E-4
-2.3781802E-4
7.8529556E-5
-7.778984E-5
-3.0821413E-4
-7.632064E-5
7.559116E-5
-1.4973019E-4
2.2242732E-4
7.342321E-5
-7.270739E-5
2.1598501E-4
-1.4257207E-4
-7.0580485E-5
2.0963511E-4
6.917968E-5
2.7393768E-4
1.3558517E-4
6.710419E-5
1.9925769E-4
1.314754E-4
1.9517883E-4
1.2876993E-4
1.2742751E-4
1.8913797E-4
6.238167E-5
2.4688314E-4
3.6638015E-4
1.8122813E-4
2.987942E-4
1.773353E-4
5.846814E-5
2.3131187E-4
5.7191253E-5
1.1311599E-4
1.6778459E-4
-5.5301858E-5
0.0
-1.08119144E-4
-5.3443626E-5
-5.2831147E-5
-1.566664E-4
-1.5484978E-4
-1.5304357E-4
-5.041592E-5
0.0
4.9229147E-5
4.8640974E-5
4.8056278E-5
4.747506E-5
-9.3794646E-5
0.0
0.0
-4.5185014E-5
-4.4621214E-5
-1.321827E-4
-2.1752038E-4
-8.590148E-5
-8.48018E-5
4.185455E-5
2.4787016E-4
8.154467E-5
0.0
-7.94082E-5
-1.9587617E-4
-1.15949595E-4
0.0
0.0
-7.418955E-5
-1.0975026E-4
-1.4430229E-4
-7.1142465E-5
-3.50704E-5
-3.4573077E-5
0.0
-6.717793E-5
-1.655109E-4
-9.785672E-5
-6.4278305E-5
-6.3325824E-5
-3.119019E-5
3.072099E-5
-6.051061E-5
-8.9379435E-5
-1.4667252E-4
-1.7327635E-4
5.68556E-5
8.39392E-5
2.7535194E-5
1.0837673E-4
-5.33134E-5
-1.0489098E-4
2.5792324E-5
5.0730865E-5
1.4965245E-4
9.8089E-5
-1.4463576E-4
-1.1846603E-4
-9.3135954E-5
-1.6014816E-4
-2.2476166E-5
0.0
0.0
-2.1290984E-5
-1.2541802E-4
-1.0259285E-4
-1.4096376E-4
-7.904134E-5
3.877307E-5
-5.7048845E-5
-9.324788E-5
-1.09718516E-4
-1.613413E-4
-1.0542452E-4
-3.4436496E-5
-8.4346466E-5
-1.6523893E-5
-1.6182044E-5
-1.2675E-4
-1.7059912E-4
-1.669561E-4
-5.940081E-5
-1.4526133E-5
-1.4205622E-5
0.0
-5.4301116E-5
-9.285813E-5
-9.071424E-5
-7.593881E-5
-2.4714645E-5
-3.618522E-5
-7.0618335E-5
-6.888761E-5
-5.59819E-5
-3.274517E-5
-1.0637302E-5
0.0
1.0092493E-5
-3.9301765E-5
-1.0518155E-4
-6.511433E-5
-4.5228524E-5
-4.396467E-5
-2.5631203E-5
-5.8086753E-5
-4.8336322E-5
-4.690544E-5
-7.582666E-5
-2.9405337E-5
-2.1370732E-5
-4.139638E-5
-2.6715164E-5
-3.8770577E-5
-4.373818E-5
-2.4153751E-5
-2.9160712E-5
-1.6888278E-5
0.0
-2.0938922E-5
-4.538477E-5
-2.4271776E-5
-4.6695386E-6
-8.976607E-6
-4.3106506E-6
-4.1365797E-6
-1.5864367E-5
-7.598373E-6
-7.27173E-6
-1.0428381E-5
-3.3199735E-6
3.1674044E-6
0.0
-8.619065E-6
-8.193626E-6
-2.5929814E-6
2.4583405E-6
0.0
-2.1998192E-6
-4.151878E-6
-1.9556464E-6
0.0
-1.725825E-6
-1.6162967E-6
3.0207138E-6
0.0
0.0
1.2140717E-6
-1.1224888E-6
1.0344957E-6
9.5009244E-7
1.7385587E-6
1.5841134E-6
-7.1842453E-7
6.483831E-7
5.8193257E-7
5.19073E-7
1.8392188E-6
4.041277E-7
0.0
3.0354812E-7
0.0
0.0
5.3885014E-7
7.2745036E-7
5.747775E-7
3.5205227E-7
1.9398848E-7
1.3471451E-7
1.14956585E-7
8.082896E-8
3.5924018E-8
7.184808E-9
0.0
