0.29958504
0.23154142
0.0661072
0.042610496
0.104565136
0.27935478
0.3832479
0.22663555
1.0559144
0.83750904
0.26030982
0.26513115
0.7007873
0.6842968
0.9202466
1.2676897
0.7936402
0.6745566
1.000248
0.54938173
1.7897345
1.4969145
0.31340343
0.39082265
0.19449978
0.19599707
0.19966662
0.5115365
0.6824628
1.0309975
1.6092292
1.1243538
0.38334036
1.5819407
2.6155696
2.366982
2.173575
10.2399025
9.467718
3.648995
1.566731
0.8307022
0.585024
0.8240436
0.44938737
0.34747294
0.40577272
0.53090453
0.42634973
0.0731463
0.39652124
0.27654287
0.21100551
1.014077
1.6316314
1.0341105
0.059764843
0.5333265
0.30076423
0.061890457
0.09955888
0.21018569
0.37293288
0.5471761
0.49018738
0.23308557
0.37055966
0.117969364
0.31943583
1.9893053
3.9907367
3.9310274
2.0924423
0.92450446
0.58191186
0.71760297
0.69209605
0.6758308
0.44179562
0.4536602
0.35527053
0.09706202
0.20771103
0.3353531
0.28737533
0.22004655
0.08841276
0.35815126
0.38798758
0.1432942
0.19102454
0.19168037
0.23218346
0.28126714
0.27958718
0.28955123
0.17045894
0.069526285
0.30397946
0.44886675
0.37903762
0.13562658
0.21243262
0.088846125
0.11168077
0.21228577
0.33760005
0.25420842
0.08790295
0.15409927
0.34735432
0.2656612
0.14527227
0.13532647
0.06592286
0.011020971
0.10803408
0.1938121
0.10155273
0.10556951
0.02255933
0.015116556
0.10386365
0.20375112
0.10719731
0.07795872
0.13485716
0.16387136
0.16250217
0.16368344
0.17577985
0.1717081
0.08950418
0.0978275
0.10392536
0.057084106
0.14068212
0.15454619
0.124438465
0.20516142
0.277875
0.27470013
0.12055749
0.17230754
0.16452795
0.03890135
0.06838627
0.16857062
0.18085358
0.08452382
0.11648311
0.19246708
0.14504601
0.10736433
0.11307249
0.11892687
0.15989287
0.2012136
0.1414554
0.018729443
0.05208292
0.18493874
0.22183487
0.08781842
0.090383336
0.102888756
0.084440045
0.16990496
0.1252657
0.1328496
0.12182505
0.042491946
0.124883816
0.1941261
0.0654244
0.06015349
0.18522908
0.24759988
0.24493404
0.16921648
0.12715487
0.12898983
0.13817559
0.18354042
0.19343592
0.19353653
0.17788087
0.0892532
0.05479381
0.0149316285
0.13606064
0.2137029
0.113866225
0.059291508
0.08438012
0.14727485
0.1812069
0.111078635
0.10019799
0.17909859
0.11405634
0.14349332
0.09815691
0.054864302
0.091018304
0.054019883
0.092643894
0.067630656
0.053653702
0.08003676
0.0420688
0.03145887
0.0371354
0.04381215
0.09342739
0.08444164
0.1085853
0.118386656
0.12639056
0.12137659
0.07218827
0.15967046
0.062268294
0.042043462
0.08728571
0.055659663
0.023307772
0.10621473
0.20612201
0.19894579
0.1488961
0.1208883
0.118782334
0.13134062
0.11132164
0.10387899
0.05464745
0.0654045
0.13299242
0.15890332
0.092691354
0.093654834
0.18545233
0.15140134
0.053867456
0.11993746
0.10600469
0.12095062
0.044176444
0.036227897
0.031015515
0.09293552
0.09640045
0.08204555
0.031685274
0.104682736
0.16686542
0.15168579
0.10820578
0.117915146
0.0677176
0.009165911
0.054614875
0.017639734
0.016532395
0.0117632635
0.051872082
0.1403941
0.19679368
0.14149083
0.07893834
0.030978544
0.02742507
0.15392216
0.15690143
0.09424589
0.019942932
0.05909349
0.029071337
0.104647
0.17961408
0.1790821
0.099819906
0.06671752
0.09690503
0.13998306
0.11941379
0.07853883
0.09847224
0.18762375
0.1452846
0.10129372
0.096075304
0.03812537
0.08708546
0.083709374
0.05518799
0.01442104
0.078035586
0.11935998
0.046358246
0.013985355
0.051866155
0.09003554
0.038892638
0.008062694
0.043921404
0.11220323
0.09017362
0.028825393
0.062760204
0.07950492
0.095340535
0.08088923
0.020884925
0.034203168
0.025347125
0.07425248
0.069000676
0.07191728
0.014182743
0.04803012
0.09497007
0.14628442
0.15882543
0.1289903
0.07808785
0.04870418
0.028505769
0.057951115
0.050513834
0.07541682
0.059408434
0.053267255
0.05881153
0.058869284
0.12930036
0.12846124
0.09861014
0.007846624
0.10956847
0.02719597
0.10874161
0.12507081
0.085107215
0.08187294
0.060589835
0.093753725
0.18298073
0.06720306
0.040073145
0.033105116
0.052323513
0.043464333
0.05856733
0.04416792
0.10754104
0.13740452
0.09742336
0.07268033
0.043516636
0.07939147
0.061996017
0.021852147
0.024718672
0.07277606
0.048782147
0.060145177
0.02847667
0.08144368
0.12375284
0.12888746
0.07945579
0.06794396
0.12263786
0.07548184
0.045057252
0.07404129
0.06756912
0.059004724
0.072920464
0.09736093
0.08129353
0.07445025
0.06503428
0.11183678
0.09403322
0.049910516
0.1206509
0.15570518
0.041376494
0.047257893
0.15255497
0.10714236
0.1117084
0.07924543
0.095931344
0.035719603
0.09458124
0.082954004
0.041866522
0.03070114
0.035301074
0.033564974
0.11413127
0.10726024
0.058399376
0.091899455
0.07477027
0.11625851
0.09193006
0.026012383
0.027792545
0.103087686
0.07750058
0.026973758
0.037401095
0.089333676
0.09284331
0.041320145
0.04082718
0.10981583
0.12673691
0.16200149
0.21501018
0.17255168
0.08448516
0.049299024
0.005322892
0.07794214
0.081595056
0.08947261
0.07164962
0.046040002
0.05651791
0.002046621
0.046613246
0.06672549
0.085669294
0.08027611
0.08800099
0.09105132
0.08076755
0.0088411495
0.064530194
0.08925245
0.122563615
0.073042765
0.05109254
0.14449029
0.10033446
0.06753138
0.093120396
0.0422312
0.05617616
0.103883445
0.17615308
0.16470768
0.077388786
0.01940238
0.030246278
0.035012044
0.027011527
0.10178644
0.13577501
0.12453441
0.18446466
0.18056391
0.059762854
0.08850946
0.19101633
0.32557547
0.22809191
0.0674046
0.055014662
0.14206871
0.18512799
0.14433004
0.119222425
0.14823899
0.035021722
0.057823718
0.049560685
0.10931861
0.14968029
0.12912786
0.07246751
0.014935827
0.13585384
0.17799057
0.104331546
0.022164589
0.038383618
0.05934853
0.10171858
0.0103998305
0.09218634
0.039501686
0.065160245
0.11614683
0.04619129
0.055146974
0.030299503
0.06343968
0.105226144
0.09707579
0.08105024
0.03627848
0.034670793
0.034953866
0.03196822
0.14996356
0.2256538
0.19650623
0.11921116
0.0053729
0.067036584
0.11389042
0.12119703
0.1476145
0.0972018
0.086491965
0.077439986
0.12596305
0.12609577
0.14715616
0.1402801
0.07149177
0.04478712
0.09376889
0.111879066
0.060395837
0.089243956
0.11301123
0.08739426
0.080707714
0.12450453
0.12515818
0.047562398
0.050900653
0.032712877
0.19552225
0.10051258
0.010448838
0.1746565
0.2702778
0.17494082
0.11156061
0.13020511
0.18039666
0.109661676
0.056516703
0.035520356
0.15185839
0.2579903
0.14839233
0.114294454
0.19140756
0.2612359
0.24030054
0.053212594
0.06557122
0.025991838
0.08271204
0.0922846
0.13583408
0.13730541
0.016306486
0.07787191
0.03939255
0.10002463
0.06437852
0.075389676
0.10795096
0.051826436
0.06789194
0.08988063
0.15230769
0.08434682
0.0056218104
0.03171137
0.06277831
0.10957038
0.10790914
0.042123776
0.09043202
0.05266514
0.15793277
0.24870196
0.27407083
0.2144325
0.072780706
0.11283228
0.2547007
0.18681367
0.10278213
0.20820977
0.16602348
0.037883576
0.12686849
0.15935907
0.15738355
0.1793778
0.1083188
0.047158144
0.072395585
0.105274424
0.057057325
0.019120375
0.14590135
0.25453612
0.19357397
0.2465974
0.18190035
0.09061818
0.110193014
0.036250964
0.08393761
0.25564688
0.2384637
0.13181847
0.20319031
0.12495908
0.057709686
0.167237
0.261465
0.19194116
0.014322272
0.11489327
0.10139479
0.23580429
0.20747072
0.061688572
0.06885969
0.021340104
0.006678862
0.06406588
0.09004476
0.1500586
0.11708027
0.10559492
0.12264632
0.107394144
0.034293078
0.12923111
0.1466024
0.14438781
0.09101877
0.017627018
0.09090418
0.073339865
0.16654937
0.14383137
0.09005003
0.13052236
0.073819265
0.01735389
0.054192968
0.17047426
0.14862278
0.075811915
0.09511491
0.07265906
0.098176785
0.10649112
0.11984574
0.15160334
0.13084202
0.19331491
0.13520242
0.13376756
0.1091237
0.08643688
0.18153892
0.31065413
0.26327738
0.12216766
0.051638663
0.085660934
0.12473785
0.15238184
0.14686354
0.14888553
0.1985078
0.15843928
0.04372508
0.15430063
0.24716882
0.18057881
0.1474381
0.093182646
0.053260308
0.051741004
0.18317565
0.19671677
0.12696086
0.09808256
0.10250784
0.12703395
0.10036554
0.062644854
0.09673079
0.17147958
0.19430022
0.112652496
0.06601098
0.06901319
0.14869298
0.123436354
0.0809324
0.078172244
0.09815861
0.14861678
0.09293716
0.03762626
0.010522317
0.04762211
0.122548215
0.13575695
0.05210026
0.116604455
0.18771993
0.22882544
0.23342435
0.198672
0.10601386
0.12563705
0.13337953
0.036211435
0.064185336
0.08435973
0.08400108
0.10327412
0.14295018
0.08895025
0.043149687
0.04108587
0.077609874
0.07065324
0.1315667
0.04890174
0.14704584
0.16420734
0.017242055
0.020782832
0.04970356
0.053390853
0.13435122
0.12494212
0.116351426
0.06637257
0.047790073
0.04910822
0.060814418
0.06804771
0.14582093
0.18607312
0.20190062
0.22911602
0.13704555
0.07330198
0.017362677
0.06547824
0.116257206
0.12487898
0.14817478
0.05912614
0.028966296
0.099338256
0.097448155
0.10942049
0.031547572
0.12395403
0.01828103
0.06746181
0.10912979
0.086715326
0.06461933
0.022810569
0.04112995
0.040910926
0.05212594
0.046706688
0.08542096
0.040560633
0.01451202
0.048414085
0.05830689
0.028424105
0.032974593
0.0658883
0.035779938
0.08296517
0.06587576
0.18565357
0.14920115
0.06435927
0.047853965
0.05746328
0.08080345
0.15603383
0.12647003
0.03972596
0.026938993
0.072905555
0.07753318
0.076464705
0.02564124
0.04490942
0.046742372
0.046790466
0.041784562
0.030526645
0.060107894
0.10639573
0.040507957
0.0311556
0.09493052
0.13438375
0.07798645
0.061809804
0.015701208
0.02953731
0.037458304
0.07256011
0.052370496
0.027899573
0.045910712
0.060310077
0.050090883
0.012766076
0.07410207
0.097283304
0.012205891
0.040225994
0.042454746
0.09478978
0.02454656
0.038647722
0.10826253
0.14345779
0.12458112
0.09406376
0.0899396
0.06562749
0.02023241
0.056253687
0.10789171
0.058538936
0.018590404
0.06255376
0.12139738
0.08338723
0.023033993
0.019410435
0.012383698
0.038237866
0.09529752
0.081958175
0.049890358
0.06374101
0.07735273
0.07252558
0.07905686
0.10245081
0.14344884
0.10477564
0.11063669
0.14436035
0.092834786
0.04598212
0.07703546
0.09506686
0.044431873
0.084183216
0.043629304
0.072775446
0.14217415
0.12750272
0.043219116
0.009403158
0.032033637
0.059383515
0.06859698
0.057709098
0.07256952
0.08053499
0.061391354
0.08910007
0.09235541
0.03234018
0.03487937
0.04686243
0.062573746
0.066796415
0.04039645
0.034876898
0.06633693
0.038358778
0.045739558
0.088669084
0.06218391
0.0073138154
0.024536269
0.10469678
0.15599352
0.13883094
0.08833677
0.013042738
0.06311601
0.08025487
0.12319332
0.11968813
0.07149631
0.08893464
0.12786098
0.13585111
0.11723333
0.09937975
0.06676737
0.0106816925
0.034570593
0.035829864
0.050533336
0.03671375
0.043186735
0.110640995
0.091814436
0.057829406
0.014088201
0.05407797
0.025049731
0.017564395
0.028821873
0.04910862
0.031675432
0.055731673
0.0015036925
0.03198918
0.04644359
0.030158063
0.07412105
0.05086931
0.01937876
0.044737026
0.05760128
0.0053409883
0.09606639
0.09495031
0.026016437
0.02875143
0.086638644
0.09669841
0.06477485
0.040688004
0.05779493
0.065960325
0.10549642
0.06482202
0.054976866
0.10784082
0.09953283
0.07237338
0.026402565
0.02992823
0.041621014
0.029402656
0.063154705
0.055047512
0.013236601
0.037687894
0.023273487
0.029814985
0.04027953
0.025541542
0.085172035
0.041644424
0.056139164
0.0462138
0.059607744
0.052530207
0.015357684
0.058456857
0.06257801
0.041240796
0.07244692
0.065305315
0.07341205
0.070495024
0.08473707
0.040623173
0.028858071
0.037938297
0.053792533
0.032638483
0.031042377
0.021898273
0.030041728
0.031553984
0.030068075
0.055003922
0.018582843
0.09621782
0.14232561
0.08455123
0.030651527
0.062984996
0.05722059
0.121356696
0.124917805
0.07708212
0.038714577
0.08942434
0.086937636
0.08162886
0.03615178
0.054835748
0.03993131
0.09061475
0.11355476
0.11081336
0.08440711
0.025995735
0.00448645
0.034293503
0.056379434
0.07695789
0.14298429
0.15146232
0.031589877
0.05932265
0.06538219
0.11281926
0.09400125
0.041139983
0.021159815
0.051586818
0.044651225
0.03308967
0.02716998
0.022324432
0.033237666
0.02291413
0.008451725
0.016548531
0.023794575
0.010972441
0.07213326
0.051327594
0.031071745
0.081638314
0.09282784
0.09110535
0.0948245
0.05002453
0.05451072
0.11324864
0.09167515
0.0504014
0.030710023
0.06161578
0.09964881
0.036937255
0.04586155
0.065222576
0.045188837
0.024105478
0.029200353
0.06261125
0.06021337
0.07793276
0.05051438
0.042179152
0.06736653
0.027891977
0.02549792
0.06530141
0.061256625
0.051246222
0.033214998
0.034122504
0.026537541
0.088352256
0.09657764
0.06576035
0.043416798
0.026269708
0.05630054
0.017812854
0.03134167
0.020028071
0.04071017
0.03854888
0.025151119
0.02302529
0.06531045
0.091200136
0.058554012
0.054144125
0.05694744
0.04112356
0.020707607
0.06816749
0.0152054755
0.0887336
0.13409148
0.13179101
0.10268643
0.13169733
0.09035288
0.01513781
0.028875465
0.02861187
0.086289324
0.061381564
0.059088506
0.11447898
0.137508
0.102293216
0.040274788
0.053883888
0.11104301
0.10217604
0.060031082
0.028591573
0.08045079
0.05546022
0.023066392
0.017680297
0.10901524
0.13763818
0.10812647
0.075715065
0.039631248
0.09291585
0.0935972
0.030162873
0.068803266
0.053040612
0.06913641
0.07258474
0.049704846
0.03051032
0.062262386
0.051088832
0.07954425
0.10036911
0.029353436
0.09400959
0.068355605
0.053044833
0.069091596
0.053664077
0.018878082
0.04338184
0.016597284
0.040742606
0.026255848
0.056588557
0.09827827
0.10338626
0.07172346
0.090225175
0.098839544
0.06425763
0.038482767
0.036550533
0.08472138
0.030720834
0.055481706
0.10088004
0.09967702
0.016487606
0.104891814
0.14806095
0.111861594
0.06296422
0.02509591
0.011871133
0.101324394
0.097515196
0.07593975
0.09537244
0.024658455
0.044915218
0.106640786
0.08135935
0.0053739552
0.017623475
0.08981232
0.10314681
0.022830209
0.034207344
0.11540235
0.09043325
0.06667075
0.048819996
0.012878422
0.0026399554
0.052858926
0.10306271
0.05927593
0.050608303
0.082209006
0.043343637
0.025625275
0.04538491
0.023627263
0.03742665
0.03205175
0.036298476
0.018608695
0.05321106
0.010319854
0.07972182
0.048474375
0.034829944
0.06479512
0.0961124
0.080617316
0.027659567
0.051077932
0.033808652
0.033710636
0.04638975
0.09217463
0.12856625
0.1172347
0.12449514
0.12697129
0.09882762
0.11546199
0.08343197
0.06769864
0.09712725
0.06431993
0.055308204
0.097911954
0.1138502
0.08764411
0.02495958
0.0027508526
0.0135503635
0.030802218
0.05309696
0.08571168
0.08571912
0.072319865
0.07648135
0.0558126
0.023665676
0.06254462
0.028016742
0.036182225
0.012126146
0.036553755
0.1048432
0.08054389
0.052907947
0.07955505
0.12781057
0.15826777
0.08919453
0.019118557
0.025378745
0.037428085
0.016590875
0.06370999
0.039536245
0.030669168
0.060750663
0.07288196
0.100569345
0.08581452
0.033042774
0.09167852
0.056457274
0.015974512
0.07118489
0.040029388
0.09051024
0.10349917
0.050501168
0.04254351
0.064576626
0.052135583
0.0170112
0.03968988
0.04070815
0.023443004
0.08575122
0.047946822
0.041486572
0.08188629
0.05651744
0.01078804
0.07013073
0.069204636
0.063252784
0.045419592
0.09150992
0.14417316
0.06964772
0.09376412
0.07034054
0.060643267
0.12595211
0.12126036
0.03902127
0.044010088
0.0590163
0.035544466
0.026935283
0.08030309
0.08649946
0.1011062
0.060669404
0.0632243
0.03913902
0.067596555
0.027279865
0.016472768
0.033150643
0.06935687
0.10142614
0.08472333
0.07268788
0.106177576
0.06698979
0.042236365
0.058932398
0.09479425
0.10134628
0.011045077
0.07291506
0.079883456
0.07958132
0.03469282
0.03461487
0.09687337
0.06926508
0.029771764
0.062968284
0.03626348
0.1013287
0.14965352
0.12613742
0.03552117
0.087715626
0.14746058
0.1491769
0.12487719
0.061444134
0.062438603
0.025878254
0.046970297
0.07357734
0.08279042
0.053058084
0.061203655
0.048656944
0.038769506
0.06889892
0.03905405
0.08060795
0.076216176
0.07207495
0.11146418
0.1853058
0.21170977
0.14600253
0.035808552
0.078244455
0.091926746
0.08062374
0.05268983
0.051242862
0.08175281
0.07108004
0.06778755
0.104275845
0.10138857
0.09192708
0.09578826
0.038344804
0.03504012
0.041179955
0.09679843
0.02859836
0.04813536
0.039060526
0.047280885
0.04641954
0.054706
0.11942192
0.1297707
0.07130021
0.08945711
0.122850634
0.07237752
0.07272099
0.106377326
0.13265379
0.11596783
0.08024894
0.06646753
0.0505482
0.021207822
0.028818537
0.10807338
0.14720972
0.047433395
0.069820456
0.086361565
0.026052367
0.094582334
0.108118765
0.092100725
0.0995854
0.07651017
0.03801186
0.046064585
0.1349018
0.20300072
0.10456418
0.07526907
0.11757722
0.045580156
0.08726654
0.104921475
0.13866515
0.10733843
0.042180005
0.0578281
0.11581987
0.12304155
0.10462114
0.055483002
0.064638436
0.11270836
0.051611196
0.0148153845
0.08730439
0.04143719
0.06939818
0.09994395
0.10712563
0.14892896
0.11600875
0.07820877
0.08534676
0.110663086
0.13749409
0.1667287
0.116282925
0.10155054
0.12681605
0.10561021
0.04814627
0.083493955
0.068486914
0.022069668
0.071882784
0.061803225
0.060860146
0.0883459
0.08499856
0.12452303
0.15526822
0.08518883
0.022911867
0.052606497
0.06954129
0.01884383
0.06527343
0.00496858
0.13371803
0.09658494
0.07803337
0.05082856
0.067458354
0.15066357
0.10706957
0.030140825
0.14779764
0.10373473
0.056847613
0.07983659
0.07463985
0.07157799
0.06642019
0.10148498
0.10009758
0.1853991
0.07111211
0.055711802
0.07731906
0.10541637
0.0509274
0.07029889
0.020511495
0.10453961
0.13929866
0.13425176
0.0929123
0.09670997
0.08891067
0.02555081
0.020024192
0.05599447
0.04076146
0.03381829
0.0054596392
0.10509879
0.17066333
0.14214204
0.06839362
0.030351834
0.08031649
0.054170936
0.054448005
0.0440911
0.12228282
0.09293674
0.08224798
0.05323637
0.048626833
0.0421861
0.03798136
0.034854546
0.056721
0.03965214
0.07695075
0.14417306
0.105875716
0.10734855
0.12073089
0.06974588
0.04978571
0.04049398
0.057718024
0.037444342
0.053680513
0.09331725
0.059380483
0.03366166
0.026843099
0.025500512
0.03568643
0.06689984
0.19943492
0.17049207
0.029918896
0.030657059
0.08306491
0.057162
0.051026892
0.05739015
0.0271985
0.049799833
0.065454
0.042559102
0.033689324
0.08967232
0.087296814
0.10674965
0.04256385
0.05102035
0.06784484
0.12229744
0.11267835
0.030551838
0.025401536
0.011814418
0.06369475
0.09966868
0.090582065
0.11403021
0.096618846
0.06330019
0.014512188
0.05359986
0.0809832
0.055748004
0.115502305
0.116713025
0.059188534
0.03250704
0.041091166
0.031682253
0.1377852
0.13869117
0.07862032
0.066825
0.035308357
0.060840312
0.13404897
0.12037127
0.050483283
0.023046892
0.020862631
0.054558504
0.1349109
0.14954828
0.09070794
0.07618223
0.06591106
0.09524906
0.09193448
0.039845478
0.051441118
0.029156495
0.05015933
0.050551992
0.03042715
0.047460534
0.05232299
0.0139661385
0.08207597
0.1145113
0.11672021
0.12663211
0.07568432
0.10686839
0.13122611
0.10688713
0.12114751
0.11857734
0.12615713
0.048634112
0.045691013
0.06312469
0.079670824
0.07392152
0.057980392
0.06185609
0.05354029
0.0977059
0.09369768
0.09542571
0.05822126
0.14803408
0.12303971
0.020894771
0.05225907
0.04571275
0.052413236
0.045995884
0.01656146
0.003819617
0.06725543
0.057273887
0.043101717
0.09697927
0.08800375
0.13839269
0.13689984
0.10821361
0.060103804
0.09445968
0.10693819
0.12687285
0.120823815
0.10539385
0.06613647
0.06981442
0.052519284
0.06302666
0.020080691
0.057115518
0.040018726
0.020009926
0.04987924
0.057132386
0.023652913
0.12722038
0.12681839
0.06517478
0.080148004
0.08975653
0.16849521
0.15062502
0.03949131
0.02809905
0.045694042
0.0352501
0.0189131
0.03197722
0.030448245
0.046274263
0.07972097
0.07187443
0.09696727
0.03931376
0.10844199
0.09019729
0.04234329
0.08078869
0.07641045
0.12162932
0.16922079
0.1197789
0.0666684
0.068525165
0.009723213
0.1124764
0.13895941
0.060441874
0.06448525
0.056007814
0.00813681
0.020186944
0.014923735
0.05928979
0.12947859
0.15589066
0.12929028
0.11334469
0.11871487
0.08552991
0.030035721
0.010077934
0.08264249
0.051137403
0.060110405
0.092898816
0.12677008
0.050766584
0.13928148
0.13984653
0.08723918
0.24409287
0.47254595
0.64640176
0.82514876
0.49018258
0.09853991
0.22127895
0.067231506
0.02706145
0.086708635
0.01702784
0.019696278
0.10281164
0.07309807
0.06200707
0.052499004
0.041480727
0.026708085
0.035079274
0.01830449
0.023942059
0.0056386045
0.05494172
0.06757564
0.030679824
0.05877122
0.017324872
0.05253194
0.072837695
0.020443728
0.008452695
0.07219165
0.06745198
0.02513158
0.02807156
0.025367009
0.082452394
0.09945615
0.099289104
0.03770041
0.0032789465
0.031913657
0.07371839
0.029036919
0.045675058
0.10141796
0.13976416
0.050886795
0.07773652
0.14069402
0.12233166
0.019850811
0.05726108
0.080363676
0.032110117
0.06491113
0.087326504
0.11136404
0.13379277
0.10717767
0.1049973
0.043078337
0.09751146
0.052612226
0.066647716
0.055230334
0.05047245
0.15231507
0.17396116
0.11543434
0.07393432
0.08720776
0.069832034
0.054085117
0.15035364
0.099298686
0.015076322
0.13762155
0.19225413
0.112737276
0.11395685
0.020120548
0.029021159
0.04197144
0.056228094
0.061187454
0.009764759
0.045363702
0.05193051
0.07589129
0.035596706
0.04139979
0.037723336
0.08226104
0.10578379
0.052873928
0.039602865
0.07985837
0.106071495
0.06810601
0.06918508
0.1581476
0.14530015
0.012350204
0.066398785
0.052324332
0.12072763
0.0748939
0.067888126
0.055956174
0.018961232
0.0697186
0.08306407
0.054642156
0.089248314
0.093016446
0.048086695
0.019375097
0.06905016
0.07624174
0.06414465
0.0460817
0.07554858
0.05584921
0.11525499
0.12635756
0.06870677
0.04731243
0.05762935
0.10159907
0.15125304
0.14914352
0.07871897
0.049347598
0.08849325
0.031419616
0.059964247
0.116692714
0.118554875
0.059349347
0.02754416
0.024793329
0.022674918
0.041322455
0.023504214
0.025796734
0.05905531
0.025843602
0.021547848
0.037109625
0.03821435
0.03774393
0.037308425
0.03446715
0.06485393
0.07298731
0.06514083
0.08027657
0.059389453
0.0429919
0.022491835
0.05807611
0.03046068
0.039150115
0.0455996
0.019133419
0.050620668
0.07636372
0.0541848
0.01729914
0.023144705
0.08845478
0.07985049
0.041072145
0.09174327
0.07819902
0.05310009
0.06668763
0.08634479
0.04125119
0.01376819
0.054912757
0.03576362
0.024216503
0.08285353
0.09679612
0.092529714
0.10282389
0.041174952
0.083057456
0.033707418
0.068848744
0.030083071
0.02062393
0.03391249
0.02808496
0.023491526
0.033718936
0.05270016
0.04745217
0.038152937
0.03403333
0.0071271486
0.00887344
0.06028463
0.037273783
0.030493788
0.024523182
0.015560609
0.020468414
0.03983069
0.052725095
0.044247884
0.008523662
0.037852034
0.07071952
0.093584925
0.03865621
0.028761182
0.008622148
0.030118566
0.049124528
0.089622214
0.040943734
0.01781857
0.036366004
0.052938655
0.050491087
0.06538469
0.055192728
0.0431631
0.028562436
0.04371545
0.018720035
0.0155158
0.02564701
0.034388516
0.03527268
0.035085138
0.06347355
0.061086826
0.049942005
0.023592321
0.035328247
0.034431532
0.026283037
0.055634174
0.05000941
0.016031243
0.0068009286
0.012752061
0.029256945
0.052173454
0.046787564
0.07581637
0.059192866
0.036766212
0.038683407
0.054879684
0.043547124
0.020307017
0.025636593
0.021816885
0.021318343
0.03162888
0.023029989
0.03487744
0.048012998
0.033241108
0.050837964
0.07073676
0.0770008
0.028203795
0.04503508
0.03913957
0.03695142
0.06692362
0.07050677
0.07272717
0.049353775
0.018915068
0.014545942
0.015646879
0.018576024
0.03205358
0.014720551
0.040954683
0.010041479
0.034464248
0.035923596
0.053454008
0.049987122
0.04866968
0.050161667
0.03232266
0.012245394
0.005523777
0.044626433
0.06146226
0.014400708
0.04443916
0.011513023
0.048828892
0.04192741
0.012502949
0.020988548
0.033023924
0.024150498
0.04187849
0.03586769
0.027291114
0.043464832
0.04027578
0.07253519
0.02945771
0.0348305
0.040234633
0.05685879
0.0
0.0
-0.003051829
-0.009155444
-0.00915539
-0.00610355
-0.0061035
0.0030517213
0.0
-0.0030516528
-0.006103227
-0.006103141
0.0030515236
0.0030514733
0.0030514195
0.003051362
0.0
0.0
0.003051168
0.003051096
0.0061020413
0.012203767
0.006101718
0.006101546
0.009152049
0.009151769
0.009151478
0.009151177
0.012201153
0.006100361
0.012200276
0.012199816
0.012199342
0.012198854
0.012198351
0.015247293
0.015246629
0.018295135
0.018294295
0.018293435
0.021341309
0.021340255
0.01829072
0.015241477
0.015240669
0.015239844
0.012191201
0.012190511
0.012189807
0.01218909
0.009141268
0.0060938057
0.006093425
0.003046519
0.006092643
0.006092241
0.006091832
-0.003045708
0.0
-0.0030452812
-0.0060901246
0.0
-0.0060892277
-0.0030443843
-0.0060883025
-0.009131744
-0.009131023
-0.009130292
-0.0060863663
-0.012171729
-0.01217071
-0.015212097
-0.015210789
-0.009125677
-0.0121664945
-0.015206756
-0.012164301
-0.015203978
-0.015202563
-0.01520113
-0.015199678
-0.015198209
-0.012157378
-0.015195218
-0.015193695
-0.012153724
-0.012152478
-0.012151217
-0.012149942
-0.012148653
-0.012147349
-0.0121460315
-0.0121447
-0.009107515
-0.0060709966
-0.009105464
-0.006069615
-0.0060689137
-0.009102308
-0.0060674897
-0.00910015
-0.006066037
-0.0060652997
-0.003032278
-0.0030319025
-0.0060630464
-0.0030311407
-0.009092263
0.0
0.0
0.0
0.0030291742
0.0030287702
0.0030283628
0.0
0.0
0.0030271192
0.0030266976
0.01210509
0.0030258438
0.0030254116
0.003024976
0.0030245367
0.009072281
0.009070943
0.015115989
0.009068233
0.01208915
0.009065482
0.012085453
0.009062687
0.009061274
0.009059851
0.009058417
0.009056972
0.009055518
0.009054052
0.009052576
0.012068119
0.012066122
0.009048084
0.012062088
0.012060049
0.009043498
0.012055931
0.01205385
0.009038816
0.012049647
0.012047525
0.009034041
0.0030108094
0.009030805
0.0030097237
0.009027527
0.009025872
0.006016138
0.009022531
0.0
0.0030063826
0.0
0.0
0.0030046653
0.0030040857
0.0
0.0
0.0030023265
0.0
-0.0030011362
0.0
-0.005999864
-0.0029993248
-0.005997428
-0.0059962
-0.008992447
-0.008990583
-0.0059924726
-0.008986825
-0.0059899534
-0.008983025
-0.0059874067
-0.008979185
-0.011969664
-0.008975302
-0.014955575
-0.011961837
-0.014949
-0.014945688
-0.011953886
-0.01493901
-0.014935645
-0.014932264
-0.014928864
-0.014925448
-0.008953209
-0.014918565
-0.014915097
-0.014911612
-0.01490811
-0.01490459
-0.011920843
-0.008938501
-0.0119151445
-0.008934205
-0.014886738
-0.011906493
-0.008927686
-0.008925493
-0.0059488593
-0.008921075
-0.0059459005
-0.005944411
-0.008914372
-0.008912116
-0.005939901
-0.005938384
0.0
0.0
-0.0029668964
-0.0059322487
-0.005930698
0.0
0.005927576
0.005926005
0.005924427
0.0059228423
0.0
0.0
0.0
0.005916436
0.011829635
0.0059131924
0.0059115607
0.002954961
0.0
0.011813249
0.005904966
0.0059033004
0.005901628
0.011799898
0.011796527
0.011793142
0.011789744
0.011786332
0.011782908
0.0058897347
0.011776018
0.011772553
0.011769075
0.011765583
0.011762078
0.01175856
0.011755029
0.017627226
0.014684906
0.011744354
0.008805577
0.0058685853
0.01173356
0.011729935
0.008794723
0.011722647
0.005859491
0.0058576525
0.005855807
0.005853955
0.0058520967
0.0058502313
0.00584836
0.0058464813
0.0058445963
0.005842705
0.005840807
0.005838902
0.0
0.0029175368
0.0
0.0
0.0
0.0
0.0
0.0
0.0
0.0
0.0
-0.0029077684
-0.0029067737
-0.0029057756
-0.0029047744
-0.0029037697
-0.005805524
-0.005803502
-0.00870221
-0.008699158
-0.008696096
-0.0086930245
-0.008689943
-0.008686852
-0.00868375
-0.00868064
-0.011570026
-0.011565853
-0.011561668
-0.011557468
-0.011553257
-0.011549032
-0.011544795
-0.011540545
-0.011536282
-0.011532006
-0.011527718
-0.011523416
-0.011519102
-0.011514775
-0.008632827
-0.008629563
-0.008626289
-0.008623006
-0.011492951
-0.008616411
-0.008613099
-0.008609777
-0.005737631
-0.008603106
-0.0028665855
-0.0028654658
0.0
0.0
0.0
0.0028609554
0.00285982
0.0028586814
0.0028575396
0.0028563947
0.011420987
0.011416382
0.008558824
0.011407135
0.011402493
0.011397839
0.011393171
0.014235615
0.014229749
0.014223869
0.014217974
0.011369649
0.014206135
0.01704023
0.014194234
0.011350608
0.011345818
0.008505761
0.008502149
0.005665685
0.005663265
0.0056608384
0.0056584063
0.0056559676
0.0028267615
0.002825536
0.0028243074
0.002823076
0.0028218413
0.0028206035
0.0
0.0028181192
0.0
0.0028156226
0.0028143697
0.0
0.0
0.0
-0.0028093278
-0.0028080598
-0.0028067888
-0.0028055147
-0.0028042379
-0.0056059156
-0.0056033493
-0.005600777
-0.005598199
-0.0027978073
-0.0055930247
-0.0027952143
-0.0055878265
-0.0055852183
-0.0055826046
-0.0055799843
-0.008366038
-0.0055747265
-0.0027860445
-0.005569445
-0.0083501935
-0.0055641397
-0.008342218
-0.008338217
-0.008334206
-0.0055534584
-0.00832616
-0.008322123
-0.008318078
-0.011085365
-0.008309961
-0.01107452
-0.011069079
-0.00829772
-0.008293622
-0.008289515
-0.0082853995
-0.011041701
-0.008277142
-0.011030667
-0.011025134
-0.011019588
-0.008260524
-0.0055042314
-0.0055014417
-0.005498646
-0.0054958444
-0.005493037
-0.008235335
-0.008231107
-0.0054845805
-0.0054817502
-0.0027394572
-0.0054760724
-0.0054732254
-0.0054703723
-0.0054675136
-0.0027323244
0.0
0.0
0.0
0.0027265672
0.0027251206
0.0027236715
0.0027222193
0.0027207646
0.0027193069
0.0054356926
0.0027163832
0.002714917
0.008140344
0.005423953
0.010842008
0.010836098
0.008122634
0.008118185
0.008113729
0.008109263
0.010806386
0.0135005135
0.008095818
0.010788426
0.010782417
0.010776398
0.013462958
0.010764325
0.010758272
0.0107522085
0.0107461335
0.010740048
0.013417439
0.013409805
0.010721725
0.0133944955
0.01338682
0.013379131
0.010697143
0.010690971
0.01602718
0.010678593
0.008004291
0.00799963
0.00799496
0.007990282
0.0053237304
0.007980902
0.0079762
0.00797149
0.0053111813
0.005308031
0.0
0.002650857
0.0026492737
0.0026476877
0.005292198
0.0
0.0
0.0
0.0
0.0
0.0
0.0026349057
0.0026332962
0.002631684
0.005260139
0.0
0.0
0.0026252095
0.0
0.0052439133
0.0
0.0
0.0
-0.0026154201
0.0
-0.0026121365
0.0
-0.005217685
0.0
0.0
-0.0026038825
0.0
-0.0026005632
-0.0025988996
-0.0025972337
-0.00519113
-0.005187788
-0.007776662
-0.005181089
-0.0051777316
-0.0051743696
-0.0051710024
-0.0051676305
-0.00774638
-0.005160871
-0.007736226
-0.0077311383
-0.0051506953
-0.005147293
-0.0077158296
-0.0051404745
-0.005137058
-0.0077004544
-0.00513021
-0.0051267785
-0.0025616712
-0.0076798517
-0.0025582276
-0.0051130042
-0.007664323
-0.005106088
-0.0025513112
0.0
-0.0025478385
0.0
0.0
-0.0025426117
0.0
0.0
0.005074726
0.0025356088
0.0025338521
0.005064186
0.0025303317
0.0025285678
0.007580405
0.0050500664
0.005046525
0.007564468
0.0050394274
0.0075538075
0.005032311
0.0075431196
0.010050353
0.010043205
0.010036047
0.015043318
0.015032554
0.012518146
0.015010983
0.017500207
0.0149893565
0.014978523
0.012473064
0.012464012
0.01494594
0.014935051
0.012436791
0.009942156
0.00993487
0.009927575
0.009920271
0.009912957
0.012382044
0.009898305
0.0074182237
0.002470904
0.0024690644
0.0074016685
0.002465379
0.0073905988
0.0073850537
0.0
0.0024579815
0.0
0.0
-0.0024524103
-0.0024505488
0.0
-0.0048936387
-0.0048899027
-0.0024430812
-0.007323627
-0.0073180036
-0.004874916
-0.012177896
-0.007301095
-0.007295446
-0.0072897905
-0.009712172
-0.009704614
-0.0121213095
-0.009689474
-0.009681891
-0.0096742995
-0.0024166747
-0.009659091
-0.007238606
-0.007232887
-0.009636217
-0.007221431
-0.0096209245
-0.00720995
-0.0072042
-0.0095979255
-0.009590243
-0.009582552
-0.009574853
-0.009567145
-0.009559429
-0.009551706
-0.009543974
-0.0071521755
-0.0071463645
-0.0071405475
-0.004756483
-0.009505194
-0.00712306
-0.007117219
-0.0071113715
-0.0047370126
-0.0070996596
-0.0070937946
-0.0070879236
-0.007082047
-0.0070761642
-0.004713517
-0.0047095874
-0.004705654
-0.004701717
-0.0023488877
-0.002346915
0.0
0.0
0.0
0.0023390055
0.0023370232
0.0023350392
0.0023330532
0.0023310652
0.0023290752
0.0
0.0069752703
0.004646189
0.0069632917
0.006957294
0.0023170968
0.0069452818
0.0069392673
0.006933247
0.006927222
0.006921191
0.0069151544
0.006909112
0.0069030644
0.011495019
0.011484922
0.006884889
0.011464699
0.00916366
0.009155553
0.011434298
0.011424147
0.011413986
0.011403817
0.011393638
0.0113834515
0.0136479065
0.00909044
0.009082269
0.009074091
0.0090659065
0.0113221435
0.011311894
0.011301638
0.009033097
0.009024878
0.009016651
0.009008418
0.0067501334
0.008991931
0.008983677
0.0067315623
0.008967149
0.0044794376
0.0022376485
0.0044711535
0.0022335032
0.002231428
0.002229351
0.0022272724
0.0022251923
0.0
-0.002221027
-0.002218942
0.0
0.0
-0.002212677
-0.0022105852
-0.002208492
-0.0044127945
-0.0066129025
-0.0022022028
-0.0044002063
-0.0043960037
-0.0043917983
-0.0043875896
-0.008766755
-0.008758325
-0.008749889
-0.008741447
-0.008732998
-0.010905679
-0.008716082
-0.008707615
-0.008699141
-0.008690663
-0.010852721
-0.010842106
-0.010831485
-0.008656684
-0.010810218
-0.008639659
-0.010788921
-0.010778261
-0.010767595
-0.01075692
-0.010746239
-0.01073555
-0.010724854
-0.01071415
-0.010703439
-0.010692721
-0.010681996
-0.010671264
-0.012792628
-0.008519822
-0.008511218
-0.008502609
-0.008493995
-0.008485375
-0.008476749
-0.0063510886
-0.006344611
-0.0063381293
-0.006331643
-0.006325153
-0.006318659
-0.0063121608
-0.004203772
-0.0020997173
0.0
0.0041907514
0.0
0.0
0.0
0.0
0.0041689966
0.0041646375
0.004160276
0.004155912
0.0
0.0041471757
0.0062142056
0.006207644
0.006201078
0.006194509
0.006187936
0.006181359
0.006174778
0.006168193
0.008215473
0.006155013
0.0061484175
0.0081890905
0.006135215
0.008171477
0.008162663
0.008153845
0.008145021
0.0061021447
0.00812736
0.008118521
0.010137099
0.008100832
0.00809198
0.008083123
0.008074261
0.008065395
0.008056525
0.00804765
0.0040193847
0.004014943
0.004010498
0.0020030257
0.0020008013
0.0019985756
0.0019963488
0.0019941211
0.0019918922
0.0019896622
-0.003974862
0.0
0.0019829655
-0.003961462
0.0019784956
-0.0039525186
-0.003948043
0.0
-0.0039390866
0.0
-0.0058951825
-0.005888454
-0.005881723
-0.0058749886
-0.005868251
-0.0039076735
-0.0078063556
-0.00779736
-0.0077883606
-0.009724196
-0.0077703497
-0.0077613387
-0.0038761615
-0.005807478
-0.007734281
-0.0077252546
-0.0096452795
-0.0077071893
-0.009622689
-0.005766832
-0.0076800636
-0.0057532606
-0.007661961
-0.00956613
-0.0057328832
-0.00763478
-0.0057192845
-0.0057124807
-0.0076075667
-0.007598488
-0.0075894063
-0.007580321
-0.005678424
-0.00378107
-0.0037765221
-0.005657959
-0.005651132
-0.007525737
-0.0037583138
-0.0037537576
-0.0037491997
-0.0037446402
-0.0018700395
-0.001867758
-0.0037309516
-0.0018631929
0.0
-0.0018586244
0.0
-0.0018540529
0.0
0.0
0.0018471899
0.0018449007
0.0
0.00184032
0.003676057
0.0018357363
0.0036668868
0.0036622996
0.0036577107
0.0036531207
0.003648529
0.0054659043
0.005459013
0.0054521193
0.0054452233
0.007251101
0.005431426
0.0036163495
0.0054176208
0.005410715
0.0072050765
0.0071958634
0.00898331
0.00717743
0.008960262
0.008948733
0.008937201
0.0071405335
0.007131303
0.010683105
0.007112835
0.0071035977
0.008867947
0.008856394
0.0088448385
0.0070666242
0.007057375
0.0070481235
0.00703887
0.0070296144
0.007020356
0.005258322
0.007001834
0.0069925697
0.0052374774
0.005230526
0.003482382
0.0034777457
0.0052096625
0.0034684702
0.005195746
0.005188786
0.0034545495
0.0034499073
0.0034452642
0.0034406201
0.0017179876
0.0017156648
0.0017133413
0.0017110176
0.0017086933
0.0
0.0
-0.001701718
-0.0016993921
-0.0016970658
-0.003389478
-0.0016924118
-0.0033801687
-0.0016877564
-0.0050562844
-0.0050492985
-0.0050423113
-0.006713764
-0.0050283335
-0.0066951243
-0.0066858027
-0.008345599
-0.006667155
-0.006657829
-0.008310627
-0.008298966
-0.008287304
-0.00827564
-0.008263975
-0.008252309
-0.00824064
-0.008228971
-0.00986076
-0.008205627
-0.008193953
-0.008182278
-0.006536481
-0.009790708
-0.009776694
-0.008135565
-0.008123883
-0.0048673204
-0.0064804135
-0.006471066
-0.006461717
-0.0064523676
-0.006443017
-0.0048252493
-0.003212157
-0.0032074808
-0.001601402
-0.0031981268
-0.0015967247
0.0
-0.0015920468
-0.0031794154
0.0
-0.0015850288
0.0
0.0015803494
0.0
0.0015756695
0.003146659
0.0031419783
0.0031372977
0.0031326169
0.0031279358
0.0031232545
0.003118573
0.0015569457
0.0031092097
0.003104528
0.0046497686
0.0061903275
0.0046357224
0.004628699
0.0061622337
0.0046146517
0.004607628
0.006134139
0.00459358
0.0045865565
0.0045795324
0.003048339
0.006087313
0.0075974343
0.006068582
0.0060592173
0.0060498524
0.0045303656
0.0075389035
0.007527198
0.007515493
0.0075037875
0.0074920827
0.0074803783
0.005974939
0.0059655765
0.0059562135
0.007433564
0.0074218614
0.0059281276
0.004439075
0.0044320542
0.0044250344
0.0044180145
0.0044109947
0.004403976
0.0029313047
0.001463313
0.0029219473
0.0029172692
0.0014562956
0.0014539568
0.0014516183
0.0
0.0
0.0
0.0
0.0
0.0
0.0
0.0
0.0
0.0014282425
-0.0014259062
-0.00142357
-0.0014212341
-0.0028377967
-0.0014165629
-0.0014142278
-0.0028237859
-0.0028191167
-0.002814448
-0.0014048899
-0.0014025561
-0.0042006676
-0.0041936683
-0.0041866694
-0.0027864478
-0.0027817832
-0.0027771192
-0.005544912
-0.0055355867
-0.005526263
-0.0027584701
0.0
-0.0013745748
-0.0027444905
-0.0041097477
-0.0013675871
-0.0013652586
-0.0013629305
-0.0013606028
-0.0013582754
-0.0013559485
-0.001353622
-0.0027025917
-0.0013489701
-0.0013466448
0.0
0.0
0.0
0.0
-0.0013350247
0.0
0.0
0.0
0.0013257368
0.0026468318
0.0013210955
0.0
0.0013164562
0.0
0.001311819
0.001309501
0.0013071836
0.0013048667
0.0013025504
0.0013002346
0.0012979193
0.0012956045
0.0012932903
0.0012909767
0.0025773272
0.003859053
0.003852117
0.0038451827
0.0038382502
0.0038313193
0.0038243902
0.0012724877
0.0038105375
0.0025357427
0.003796692
0.003789772
0.003782854
0.0025172918
0.003769023
0.0037621106
0.0037552002
0.0037482914
0.0012471282
0.0037344801
0.0024850515
0.0037206765
0.003713778
0.0037068813
0.0036999865
0.0024620628
0.0012287345
0.0
0.002448286
0.0
0.0024391084
0.002434522
0.0
0.0
0.0
0.0
0.0024116111
0.0012035168
0.0
-0.0011989414
-0.0011966549
-0.0023887383
-0.0023841683
0.0
0.0
-0.0011852339
-0.0023659042
-0.0023613423
-0.0035351727
-0.002352223
-0.002347666
-0.0011715553
-0.0011692784
-0.0023340047
-0.0034941814
-0.0034873583
-0.003480538
-0.0023158134
-0.0034669049
-0.0046134563
-0.00575547
-0.0045952997
-0.0045862263
-0.004577157
-0.0034260685
-0.004559029
-0.0045499704
-0.0056761447
-0.0045318645
-0.005653521
-0.005642216
-0.004504733
-0.005619621
-0.0067299963
-0.0044776355
-0.0044686105
-0.0044595897
-0.004450572
-0.0044415593
-0.0044325497
-0.0044235443
-0.004414543
-0.0022027728
-0.0021982759
-0.0021937813
-0.0021892886
-0.0043695956
-0.0021803093
-0.0021758226
-0.002171338
0.0
-0.0021623753
-0.002157897
-0.0021534208
-0.0021489467
-0.0010722374
-0.0010700026
0.0
0.0
0.0021266085
0.0
0.0
0.0
0.0
0.0021043248
0.0020998747
0.0031431403
0.0041819625
0.002086538
0.0041641938
0.002077658
0.0020732216
0.0020687873
0.0020643554
0.003089889
0.0030832482
0.0030766109
0.0020466514
0.0030633467
0.0030567201
0.0050834953
0.005072463
0.0030368618
0.0030302494
0.0020157606
0.003017036
0.0030104348
0.0050063953
0.0029972433
0.0039875377
0.003978756
0.0029774841
0.003961207
0.0029643301
0.0029577587
0.0029511913
0.0029446275
0.0029380678
0.0029315117
9.749866E-4
9.7280386E-4
0.0019412448
9.684423E-4
0.0028987904
9.64086E-4
0.0
9.59735E-4
9.575615E-4
9.553893E-4
9.532185E-4
9.5104903E-4
9.4888086E-4
0.0
0.0
0.0
0.0
0.0
-9.3590084E-4
-9.337423E-4
-0.0027947556
-0.0027882885
-0.0027818256
-0.0018502446
-0.0027689124
-0.0027624622
-0.0036746883
-0.0036660996
-0.0027431373
-0.0027367042
-0.0036403674
-0.0036318018
-0.0036232418
-0.0036146876
-0.0036061394
-0.003597597
-0.0035890606
-0.00358053
-0.0035720053
-0.0035634867
-0.003554974
-0.0035464673
-0.002653475
-0.003529472
-0.0026407377
-8.7812525E-4
-0.0026280186
-0.0034955544
-0.0034870903
-8.696581E-4
-8.6754514E-4
-8.654338E-4
-8.633239E-4
-8.6121564E-4
-0.0017182179
-8.570038E-4
-8.549002E-4
0.0
0.0
0.0
-8.465018E-4
0.0
0.0
0.0
8.3812897E-4
0.0
0.0
8.318663E-4
8.29782E-4
8.276994E-4
0.0016512367
8.23539E-4
0.0016429226
0.0016387706
0.0016346218
0.0024457145
0.0016263343
0.0016221956
0.0016180602
8.069641E-4
0.0016097996
0.0024085117
0.0032031052
0.0031948686
0.0023899789
0.0023838116
0.0023776495
0.001580995
0.003153788
0.0031455925
0.002353053
0.0031292227
0.0023407862
0.0023346606
0.0023285402
0.0015482835
0.0023163157
0.0030802817
0.003840187
0.0022980187
0.0015279535
0.0022858474
0.0030396932
0.003031597
0.0030235082
0.0030154265
0.002255514
0.0022494637
0.002243419
0.002983173
0.0022313457
0.0022253175
7.397649E-4
0.0014755183
0.0014715106
0.0014675065
0.0029270125
0.0014595096
0.0014555168
0.0014515277
7.237712E-4
7.2178047E-4
7.1979157E-4
0.0014356092
7.1581954E-4
7.138364E-4
0.0
-7.098758E-4
0.0
-7.059229E-4
0.0
0.0
-7.0000807E-4
-0.0013960806
-0.001392149
-6.941107E-4
-0.0013842976
-0.0020705666
-0.0013764619
-0.002058825
-0.001368642
-0.001364738
-0.0013608378
-0.0013569418
-0.0020295745
-0.0020237425
-0.0020179164
-0.0020120963
-0.002006282
-0.002667299
-0.0019946722
-0.0019888764
-0.0019830866
-0.001318202
-0.0026287006
-0.0019657542
-0.0019599888
-0.0026056396
-0.0012989846
-0.0012951535
-0.0012913265
-0.0012875036
-0.0012836849
-0.0012798704
-6.3803E-4
-6.361269E-4
0.0
-6.32327E-4
0.0
-0.001257071
-6.2664296E-4
0.0
0.0
-6.2097795E-4
-6.1909383E-4
-6.172119E-4
-0.0012306642
-6.1345444E-4
-6.1157893E-4
6.097056E-4
0.0
-6.059653E-4
0.0
0.0
6.0037116E-4
0.0
-5.966527E-4
0.0
5.929429E-4
5.910913E-4
0.0
-5.873947E-4
0.0
0.0
5.818664E-4
5.800281E-4
5.78192E-4
5.763581E-4
0.0
0.0011453942
0.0011417399
0.0017071352
0.0011344448
0.001696206
0.0011271678
0.0011235361
0.0011199089
0.0011162863
0.0016690022
0.0011090547
0.0011054458
0.0011018413
0.0010982417
0.0010946464
0.0010910559
0.001631205
0.001625833
0.0016204679
0.0016151099
0.0010731725
0.0016044147
0.0021321033
0.0015937474
0.0015884244
0.0015831083
0.0010518662
0.0015724974
0.0015672026
0.0010412766
0.0015566342
5.1712024E-4
0.0010307295
5.1361165E-4
0.0
5.101126E-4
5.0836673E-4
5.066232E-4
5.04882E-4
0.0
-5.0140696E-4
-4.996731E-4
-4.9794157E-4
-4.962125E-4
-9.889717E-4
-0.0019710464
-9.820797E-4
-4.893205E-4
-9.7520713E-4
-9.717782E-4
-4.841771E-4
-9.64935E-4
-9.6152077E-4
-9.581115E-4
-0.0014320607
-0.0014269615
-0.0014218697
-0.0014167855
-0.0014117087
-0.0014066392
-0.0018687696
-0.0018620304
-0.0018553011
-9.242909E-4
-0.0013814043
-0.00137638
-9.14242E-4
-0.0018218049
-0.0013613519
-0.0018084769
-0.0013513711
-0.0017951893
-0.0013414206
-0.0013364567
-0.0013315006
-4.42184E-4
-8.810741E-4
-4.3889263E-4
-4.372508E-4
-0.0013068345
-4.3397478E-4
-4.3234063E-4
-4.3070907E-4
4.2908007E-4
4.2745366E-4
0.0
0.0
-4.2258998E-4
-4.2097393E-4
0.0
0.0
0.0
4.1453578E-4
0.0
4.113324E-4
4.0973467E-4
4.0813952E-4
8.130941E-4
4.0495716E-4
4.0336995E-4
4.0178536E-4
8.0040685E-4
3.9862416E-4
7.9409505E-4
3.9547356E-4
3.9390224E-4
0.0011770008
0.0011723029
0.001167613
0.0011629311
7.721715E-4
0.001538122
0.0015319117
0.0015257121
0.0018994041
0.001135009
0.0015071782
0.0011257663
0.0014948763
7.443708E-4
0.0014826178
7.382525E-4
0.0011028022
0.0010982339
7.291158E-4
0.0014521624
0.001084578
0.0010800426
7.170102E-4
0.0010709963
0.0010664854
0.0010619829
7.049925E-4
3.5100093E-4
0.0010485252
6.960372E-4
6.930632E-4
0.0010351421
3.4356592E-4
3.4208727E-4
3.4061138E-4
3.391383E-4
3.37668E-4
3.3620052E-4
3.347358E-4
0.0
0.0
0.0
0.0
-6.5490894E-4
-6.5201335E-4
-3.2456167E-4
-9.6935855E-4
-9.650405E-4
-9.6073106E-4
-9.564301E-4
-9.5213763E-4
-9.478537E-4
-9.435784E-4
-9.393116E-4
-6.233689E-4
-9.3080365E-4
-9.265626E-4
-9.223301E-4
-0.0012241416
-9.1389095E-4
-9.096843E-4
-9.054863E-4
-9.012969E-4
-8.971162E-4
-0.0011905922
-8.887808E-4
-8.846261E-4
-8.8048016E-4
-8.763429E-4
-8.722143E-4
-8.6809444E-4
-8.6398335E-4
-8.59881E-4
-8.5578737E-4
-5.678017E-4
-8.476265E-4
-8.4355916E-4
-8.3950063E-4
-5.569673E-4
-5.5427337E-4
-8.2737795E-4
-8.2335476E-4
-2.7311343E-4
-5.435565E-4
-5.4089207E-4
-2.6911675E-4
-5.3558085E-4
-2.6646708E-4
0.0
0.0
0.0
2.6120333E-4
0.0
0.0
0.0
0.0
0.0
0.0
0.0
5.0163793E-4
4.9906876E-4
4.9650564E-4
4.939485E-4
0.0
4.888524E-4
4.8631334E-4
4.8378034E-4
4.812534E-4
4.7873252E-4
4.7621765E-4
4.737089E-4
4.7120618E-4
4.6870956E-4
4.6621903E-4
0.0
0.0
4.5878394E-4
4.5631776E-4
4.538577E-4
4.514038E-4
4.4895598E-4
4.4651428E-4
4.4407873E-4
4.4164932E-4
6.5883907E-4
4.3680894E-4
4.3439798E-4
4.319932E-4
4.2959454E-4
4.272021E-4
4.248158E-4
4.2243573E-4
4.200618E-4
4.1769413E-4
0.0
0.0
4.1062824E-4
0.0
4.0594873E-4
4.036183E-4
2.0064706E-4
0.0
3.966645E-4
0.0
0.0
0.0
-1.9374014E-4
-1.9259995E-4
0.0
0.0
-1.8919821E-4
-1.880706E-4
-3.7389225E-4
-3.716496E-4
-3.694133E-4
-3.6718327E-4
-3.6495956E-4
-5.4411334E-4
-5.407968E-4
-5.374897E-4
-5.341922E-4
-5.3090416E-4
-5.2762567E-4
-5.243567E-4
-6.947964E-4
-6.9046323E-4
-6.861428E-4
-5.1137636E-4
-5.081552E-4
-5.0494366E-4
-3.3449443E-4
-4.9854926E-4
-4.9536646E-4
-6.562577E-4
-4.890297E-4
-6.478343E-4
-6.436419E-4
-3.197312E-4
-4.7647176E-4
-6.311418E-4
-6.2700093E-4
-4.6715466E-4
-4.6406832E-4
-4.6099164E-4
-4.5792465E-4
-4.5486738E-4
-4.518198E-4
-2.9918796E-4
-4.457538E-4
-4.427354E-4
-1.4657558E-4
-1.4557593E-4
-1.4457954E-4
-1.435864E-4
-1.425965E-4
-1.4160988E-4
0.0
-1.3964639E-4
-1.3866955E-4
0.0
-1.3672565E-4
0.0
-1.3479484E-4
0.0
-1.3287713E-4
-1.3192318E-4
0.0
0.0
1.2908108E-4
2.5628056E-4
2.5440555E-4
1.2626855E-4
3.760129E-4
2.4882003E-4
2.4697138E-4
3.6769404E-4
3.6494088E-4
3.6219766E-4
3.5946435E-4
3.5674096E-4
3.5402752E-4
2.3421603E-4
2.3242034E-4
2.3063127E-4
2.2884886E-4
1.13536546E-4
4.5060794E-4
2.235415E-4
1.1089285E-4
2.2003656E-4
2.1829408E-4
2.1655827E-4
1.0741457E-4
1.0655334E-4
1.0569546E-4
2.0968184E-4
2.0797944E-4
2.0628374E-4
2.0459475E-4
2.0291246E-4
2.0123686E-4
9.9783996E-5
9.8952914E-5
1.9625039E-4
9.7300835E-5
1.9295968E-4
1.9132442E-4
1.8969589E-4
1.880741E-4
9.322953E-5
9.2425376E-5
9.16246E-5
9.08272E-5
0.0
8.924254E-5
8.845529E-5
8.767141E-5
8.689092E-5
0.0
8.5340114E-5
0.0
0.0
0.0
0.0
-1.6304494E-4
-8.076914E-5
0.0
-1.5854536E-4
-7.8529556E-5
-7.778984E-5
-1.5410707E-4
-1.5264128E-4
-1.5118232E-4
-7.486509E-5
-1.4828487E-4
-2.2026962E-4
-2.1812218E-4
-2.1598501E-4
-2.138581E-4
-1.4116097E-4
-2.0963511E-4
-2.0753904E-4
-2.0545325E-4
-2.0337776E-4
-2.0131258E-4
-1.9925769E-4
-1.314754E-4
-1.9517883E-4
-1.9315489E-4
-1.9114125E-4
-1.2609197E-4
-1.2476333E-4
-1.2344157E-4
-1.2212672E-4
-1.8122813E-4
-1.1951769E-4
-1.773353E-4
-1.7540442E-4
-1.1565594E-4
-1.1438251E-4
0.0
-5.5928198E-5
-5.5301858E-5
-1.0935797E-4
-5.4059572E-5
0.0
5.2831147E-5
0.0
0.0
5.1014522E-5
0.0
0.0
0.0
4.8640974E-5
4.8056278E-5
4.747506E-5
9.3794646E-5
1.389692E-4
1.372569E-4
1.3555503E-4
8.924243E-5
1.321827E-4
1.3051223E-4
8.590148E-5
1.272027E-4
8.37091E-5
8.262339E-5
8.154467E-5
8.0472935E-5
1.191123E-4
7.8350466E-5
1.15949595E-4
1.14384E-4
7.521927E-5
1.483791E-4
1.4633368E-4
1.0822672E-4
1.0671369E-4
7.01408E-5
6.9146154E-5
1.0223779E-4
1.3435585E-4
1.3240872E-4
9.785672E-5
9.6417454E-5
9.498873E-5
1.2476076E-4
1.2288395E-4
9.076592E-5
8.9379435E-5
8.8003515E-5
1.1551756E-4
8.52834E-5
8.39392E-5
1.10140776E-4
1.0837673E-4
7.99701E-5
7.866824E-5
2.5792324E-5
7.60963E-5
7.4826225E-5
4.90445E-5
4.821192E-5
2.3693206E-5
4.6567977E-5
2.2878308E-5
4.4952332E-5
6.623269E-5
4.3365006E-5
2.1290984E-5
2.0903006E-5
2.051857E-5
2.013768E-5
0.0
0.0
3.8032562E-5
3.7299153E-5
0.0
0.0
-1.7570754E-5
0.0
1.6869293E-5
0.0
-1.6182044E-5
-1.584375E-5
-1.5509011E-5
-1.5177828E-5
-1.4850202E-5
-1.4526133E-5
-5.682249E-5
-5.5554683E-5
-4.0725838E-5
-2.6530895E-5
-1.2959177E-5
-3.7969407E-5
-3.7071968E-5
-4.8246962E-5
-4.7078887E-5
-3.4443805E-5
-2.239276E-5
-2.1830114E-5
-2.1274604E-5
-3.108934E-5
-3.0277479E-5
-1.9650883E-5
-1.9123918E-5
-1.8604092E-5
0.0
-1.7585868E-5
-8.543734E-6
0.0
-8.056054E-6
0.0
7.5826665E-6
-7.3513343E-6
-7.1235777E-6
0.0
0.0
0.0
0.0
0.0
0.0
0.0
0.0
0.0
5.0427525E-6
4.854355E-6
0.0
4.4883036E-6
4.3106506E-6
4.1365797E-6
7.9321835E-6
3.7991865E-6
3.635865E-6
6.9522544E-6
3.3199735E-6
3.1674044E-6
6.036841E-6
5.7460434E-6
5.462417E-6
2.5929814E-6
7.3750216E-6
4.654573E-6
4.3996383E-6
6.227817E-6
3.911293E-6
1.8389417E-6
3.45165E-6
3.2325934E-6
3.0207138E-6
2.816012E-6
3.9277325E-6
2.4281435E-6
2.2449776E-6
3.103487E-6
1.9001849E-6
2.607838E-6
1.5841134E-6
2.1552737E-6
1.2967662E-6
1.1638651E-6
1.038146E-6
9.196094E-7
8.082554E-7
7.0408424E-7
1.2141925E-6
5.1729165E-7
2.1733533E-7
3.592334E-7
2.9098015E-7
2.2991101E-7
1.7602613E-7
1.2932566E-7
4.4904837E-8
5.7478292E-8
3.2331585E-8
7.1848034E-9
1.796202E-9
0.0
