0.03600884
0.27533042
0.47388372
0.41113177
1.1923186
1.2268469
1.6737154
2.7122543
1.877196
0.4727731
0.85844916
0.8709701
0.6324278
1.0737535
0.6420523
0.4816006
0.36128214
0.57086056
0.8157672
0.5351307
0.17080884
0.3944708
0.778143
0.06490425
0.35818925
0.51623815
0.38404202
0.51864266
0.26149788
0.3753926
0.4146501
0.6337714
0.7250498
0.45122433
0.47114027
0.5051808
0.273944
0.036346007
0.17871283
0.3439848
0.3658789
0.23020364
0.44226614
0.117796324
0.29179043
0.43488824
0.41644657
0.32747525
0.17529537
0.16102496
0.2310366
0.5310352
0.5545173
0.23190555
0.24468733
0.37064376
0.34935316
0.09515895
0.16212761
0.16862093
0.19540925
0.25759193
0.13964187
0.27672735
0.5088573
0.5478887
0.35847703
0.17772663
0.1723088
0.32285297
0.23725007
0.24145879
0.3186233
0.34588718
0.4057197
0.30129483
0.20256689
0.12148793
0.21589753
0.113090925
0.10160376
0.16038483
0.15856503
0.076201536
0.16050632
0.06261389
0.100200236
0.18965891
0.13610478
0.15651827
0.2965879
0.2128629
0.10901341
0.117946476
0.1632043
0.1296047
0.2158018
0.12701544
0.14700046
0.1777858
0.10888016
0.22123487
0.119406775
0.14276063
0.16029646
0.06716566
0.04572427
0.048397057
0.0752676
0.08709682
0.20087504
0.27729857
0.14637198
0.07450973
0.09150951
0.039090652
0.12625282
0.13110891
0.23088446
0.2842285
0.28444082
0.16712761
0.119624525
0.10911153
0.051567383
0.088321924
0.07626173
0.04368855
0.19143307
0.18367712
0.15440895
0.13245203
0.17002755
0.16122198
0.13969228
0.13157856
0.15785274
0.2759451
0.22819223
0.179919
0.2099252
0.21270168
0.15676829
0.2246903
0.04474942
0.14038719
0.038416225
0.08786623
0.017127635
0.13727057
0.19632603
0.04810234
0.17747217
0.28437093
0.18859504
0.073918425
0.038053676
0.0796022
0.0127190435
0.1789208
0.21475859
0.068923905
0.1874207
0.26720473
0.105371825
0.082601056
0.09871601
0.030004757
0.17329042
0.12373631
0.023976035
0.08657824
0.0707804
0.044068918
0.09939647
0.13231686
0.08109376
0.09287913
0.24456704
0.23884922
0.12113081
0.04016571
0.10820765
0.20008971
0.14759475
0.13650934
0.09810819
0.026925407
0.17482314
0.18897255
0.06541123
0.07560079
0.07648812
0.10777286
0.016911045
0.08649181
0.0399111
0.1250835
0.11926313
0.17685083
0.21317048
0.077000745
0.0314402
0.17587031
0.24295747
0.25968453
0.24890497
0.14917842
0.08623506
0.021800842
0.016673114
0.029612485
0.08596371
0.06965748
0.13279459
0.16732192
0.07362197
0.07077235
0.07523737
0.12546591
0.14524686
0.09434612
0.07043501
0.11657721
0.08021444
0.025278749
0.063522644
0.06962656
0.044584725
0.084051736
0.14069869
0.2284816
0.2580375
0.10848224
0.08006279
0.097469576
0.077303156
0.19773789
0.20801479
0.07889247
0.06966799
0.117072046
0.13513754
0.040204868
0.10475801
0.09905367
0.09355411
0.102433525
0.07216114
0.076878
0.11775855
0.083862275
0.07278416
0.13115554
0.091535695
0.057083536
0.11816003
0.15897024
0.1628883
0.057937365
0.10013035
0.10830649
0.09438848
0.07957734
0.096329294
0.10909616
0.21804596
0.16956843
0.14244749
0.2317091
0.21067603
0.17840037
0.15231563
0.14374979
0.16213672
0.14602457
0.0752863
0.011813578
0.08557623
0.21187992
0.23324001
0.15515967
0.12779458
0.09897757
0.060808692
0.038610782
0.089100264
0.044793144
0.07249679
0.09055362
0.10554745
0.096465446
0.02061411
0.08771832
0.090346746
0.18436968
0.20178598
0.13296174
0.092308834
0.032164298
0.036737405
0.052675623
0.04891665
0.04501897
0.036452353
0.044993952
0.063388504
0.09777026
0.08951586
0.0279651
0.034562074
0.09121052
0.07336059
0.047228605
0.018918078
0.07646466
0.11798948
0.087153934
0.048818838
0.119262576
0.14969668
0.10549416
0.074141234
0.09391296
0.042345956
0.15104258
0.14512758
0.13418826
0.108626656
0.022221198
0.02176299
0.08551049
0.16020247
0.10129955
0.11525142
0.09865412
0.039666556
0.13088933
0.12457175
0.025268609
0.003761972
0.021519639
0.042789984
0.028579952
0.052382935
0.09542854
0.10377002
0.1614552
0.07784341
0.12678707
0.16420601
0.15994978
0.08081503
0.07635854
0.14490314
0.1570581
0.041781925
0.05444902
0.039787207
0.029723085
0.085138574
0.117690556
0.13136382
0.101629995
0.054341506
0.059618436
0.05259631
0.028928896
0.109106325
0.061199825
0.09614316
0.04043686
0.036724746
0.030728227
0.04057695
0.036973245
0.035721578
0.02796291
0.04332253
0.14448346
0.14451614
0.04344781
0.10680528
0.061126113
0.09484883
0.13076967
0.0047176885
0.09762652
0.11051208
0.08319314
0.068367384
0.09865101
0.08856876
0.027623244
0.027271355
0.11066263
0.15162466
0.097269736
0.083723426
0.0441705
0.0795314
0.10381402
0.09724432
0.04655855
0.12030284
0.049181014
0.12984502
0.07137935
0.041358627
0.03153873
0.044686556
0.09111273
0.120001875
0.057145655
0.029131152
0.08546421
0.08309268
0.07460838
0.068783164
0.011448648
0.07184606
0.12237373
0.09181967
0.06167789
0.040844753
0.011562763
0.116567574
0.1545339
0.06124619
0.035907473
0.02698226
0.07625126
0.07028985
0.01645504
0.024739414
0.014162864
0.061824065
0.124255344
0.110159084
0.11568454
0.04831698
0.09173411
0.15188752
0.073353246
0.12323757
0.15498473
0.03827712
0.022314155
0.021537261
0.08934088
0.13885845
0.10575473
0.13225654
0.13467124
0.12474551
0.13262346
0.17358677
0.25750187
0.21129332
0.08489606
0.08260304
0.07211433
0.02951804
0.12915702
0.14736232
0.17647335
0.170732
0.14705752
0.15189196
0.24763896
0.1621323
0.08477866
0.06980894
0.030782308
0.12824763
0.06735397
0.059127726
0.01947704
0.06380931
0.07316193
0.08414685
0.045726556
0.06326869
0.032586433
0.09992193
0.0877548
0.08960117
0.12825085
0.108176686
0.105581865
0.12430702
0.15345983
0.1453268
0.13076082
0.10215554
0.091535814
0.09946173
0.076231726
0.071915016
0.03674449
0.04235116
0.1465342
0.097319685
0.12413376
0.11693438
0.10533528
0.14205985
0.066778615
0.109023444
0.15850219
0.24015166
0.113164224
0.0553783
0.17737812
0.10535829
0.06497695
0.017417928
0.042449385
0.06005687
0.10973949
0.08263692
0.053912286
0.12994714
0.1266051
0.12421807
0.04156874
0.036482897
0.014867706
0.060033556
0.08890265
0.070333764
0.054863747
0.10266658
0.08220908
0.098608024
0.046756614
0.10425093
0.277006
0.39985728
0.28405786
0.12640195
0.08266411
0.0682544
0.16211584
0.2104751
0.04754897
0.1157956
0.055563755
0.18637244
0.14989233
0.24441221
0.18260036
0.027188977
0.06573171
0.24513656
0.27971163
0.23559171
0.2588168
0.14783187
0.07936532
0.08053906
0.14720084
0.25799093
0.2787562
0.19378209
0.07679194
0.18350807
0.12233823
0.079969354
0.13880931
0.20440744
0.30807123
0.35109794
0.21208122
0.107724026
0.13127136
0.06491874
0.046859235
0.046686467
0.11160134
0.038206067
0.26059422
0.12874243
0.107392825
0.0771562
0.13614534
0.20084172
0.21065843
0.0805534
0.1847842
0.18850805
0.21669449
0.39916518
0.35853362
0.23915787
0.19539407
0.29584205
0.18283507
0.35062534
0.46784115
0.36674455
0.11435719
0.19339295
0.35438687
0.39189938
0.26261732
0.42827356
0.5234726
0.35762045
0.13881075
0.28605792
0.14020981
0.10551894
0.20686017
0.19531555
0.33800787
0.19871417
0.15133713
0.2163326
0.11665499
0.26644415
0.30219617
0.1495958
0.3392321
0.34259677
0.30554464
0.17013025
0.112456836
0.15627436
0.2730773
0.19850814
0.28048953
0.087498814
0.21108156
0.15746984
0.32669175
0.03047101
0.28571957
0.30774456
0.10090614
0.17171653
0.3283277
0.30229464
0.25038138
0.18830988
0.078677215
0.18234196
0.044839807
0.24083556
0.22114575
0.16437319
0.072665446
0.116011195
0.08229707
0.05918942
0.05519445
0.21722758
0.30720308
0.3413151
0.2850248
0.22879982
0.1308662
0.044574354
0.11957966
0.24093626
0.30868337
0.22203755
0.27274078
0.27958313
0.20877571
0.14179592
0.12061468
0.1253499
0.18038654
0.16525395
0.1040368
0.08708466
0.2147637
0.26455086
0.27027914
0.14521368
0.1092444
0.077297606
0.30888394
0.28399163
0.20689349
0.2731103
0.22752388
0.19020887
0.07881409
0.233827
0.2358623
0.15148444
0.059588924
0.14220771
0.16126576
0.13535385
0.061832678
0.13844638
0.16307257
0.13475956
0.051263064
0.1325316
0.17999935
0.12427111
0.12203583
0.22102654
0.09940699
0.00496175
0.05109572
0.046840798
0.14367062
0.092810676
0.075101174
0.09669375
0.16661602
0.15715319
0.20576234
0.062146466
0.08348259
0.070445575
0.121551864
0.18364711
0.13126902
0.09992437
0.0912793
0.11991909
0.196581
0.15172805
0.044828236
0.10975673
0.19330652
0.08238002
0.09852258
0.067498386
0.042528152
0.031121032
0.07668729
0.052384764
0.0930529
0.11116421
0.12176118
0.095124565
0.019378392
0.112167776
0.09303305
0.18983376
0.21349724
0.12311292
0.112293765
0.19660567
0.10061829
0.030819027
0.10853694
0.04312852
0.081076525
0.07093933
0.092060335
0.17083058
0.16760746
0.102740265
0.08774285
0.052857343
0.058415525
0.064769216
0.029690098
0.03652092
0.015481736
0.11301946
0.114115015
0.07697152
0.20525204
0.19622497
0.14427882
0.031614933
0.019086154
0.038169727
0.106916875
0.09287764
0.083100006
0.071909055
0.10092212
0.109539665
0.036001556
0.08402096
0.05100668
0.10206347
0.20203473
0.18682379
0.041818988
0.06524083
0.013381779
0.067744076
0.09376259
0.12665574
0.13870808
0.10424853
0.08968409
0.05071629
0.031402864
0.06365304
0.09086919
0.09723168
0.12338645
0.09383833
0.055893917
0.1211822
0.1257127
0.108568594
0.10862122
0.1306649
0.1452429
0.09900481
0.10192728
0.049900495
0.022438949
0.03875386
0.11262159
0.10217983
0.01903782
0.037992794
0.1015513
0.11525976
0.06918963
0.048597716
0.12910956
0.03856477
0.0255387
0.07758966
0.100410864
0.080082335
0.08151631
0.045169253
0.036440555
0.074321166
0.074934445
0.059048243
0.034022063
0.038858403
0.11818712
0.070571624
0.077565774
0.17495105
0.14744754
0.042538133
0.04470688
0.08135245
0.06487057
0.06832922
0.050246604
0.06591902
0.12471593
0.1865948
0.155512
0.07152212
0.089074105
0.09073462
0.054805234
0.060093794
0.10798334
0.06794682
0.148759
0.14432086
0.08807592
0.06466951
0.06957547
0.015580494
0.13069831
0.11415666
0.055730574
0.09067652
0.022134135
0.065444104
0.09747222
0.08857913
0.03025631
0.04501499
0.048224993
0.0715255
0.036760602
0.09217281
0.075396575
0.02290465
0.09566057
0.10919991
0.101618804
0.12318317
0.081105724
0.0732919
0.044911616
0.061007097
0.08546902
0.08259557
0.049015444
0.031594656
0.0148689
0.04201177
0.09830936
0.12787017
0.10511464
0.047055054
0.06400261
0.08915313
0.16073911
0.11680817
0.038929787
0.04941038
0.09262497
0.15979591
0.15518767
0.07180756
0.017251307
0.021403637
0.055146944
0.00773785
0.06957721
0.07207801
0.016136903
0.038186073
0.056918312
0.03334667
0.02430158
0.089993976
0.15606695
0.09039187
0.041825145
0.11504877
0.16699412
0.09448501
0.07570659
0.04783756
0.017828502
0.027655285
0.062858105
0.07532548
0.012506034
0.030727204
0.02182148
0.050528567
0.090460725
0.05006259
0.06962072
0.088519074
0.02298516
0.018884847
0.04811856
0.07049048
0.039260183
0.07356553
0.109337024
0.0815926
0.08736425
0.09131675
0.062240735
0.06318715
0.08409314
0.07415647
0.047744144
0.0401789
0.084019154
0.088984385
0.04931412
0.041435122
0.049451523
0.033531036
0.10395903
0.10345544
0.07061095
0.08013668
0.050339878
0.0797068
0.034556467
0.041096102
0.06893465
0.12529682
0.13296196
0.14592215
0.07277794
0.018165644
0.0065567177
0.02151144
0.02091783
0.067415096
0.06747552
0.05331638
0.122038886
0.05722271
0.047264162
0.08938995
0.10470327
0.102067776
0.09846371
0.09487054
0.040170442
0.055669114
0.09520157
0.079612926
0.038404994
0.036058698
0.075408526
0.08575649
0.045526624
0.029880539
0.04417854
0.037599646
0.062044982
0.09364883
0.11222333
0.11118787
0.12842563
0.13877031
0.090531364
0.05687265
0.041480802
0.12551606
0.16592889
0.11166422
0.05884172
0.104397304
0.08349814
0.012324235
0.030821007
0.06491996
0.038250476
0.034959566
0.08948324
0.12048716
0.11794003
0.06450385
0.03701554
0.097023234
0.06918643
0.07761472
0.07376273
0.06794079
0.07908115
0.11025211
0.064958185
0.019449735
0.019664064
0.026965238
0.030440044
0.05122745
0.08843625
0.084830515
0.0837297
0.09889754
0.039770063
0.11808781
0.08198724
0.0312662
0.071386434
0.06967796
0.029692857
0.047415476
0.016869456
0.066502854
0.050176702
0.118336275
0.1051448
0.019154955
0.06715407
0.115233354
0.09258978
0.0085303
0.035735894
0.011155199
0.063019544
0.12388852
0.17479478
0.08334488
0.012694838
0.05747448
0.059614662
0.07294218
0.13225663
0.15561984
0.20278186
0.13559626
0.08294404
0.1570651
0.12700436
0.06490041
0.10730057
0.17226408
0.12143374
0.042860042
0.07735307
0.1240129
0.1306938
0.0791501
0.105331674
0.10112076
0.077948116
0.09235785
0.07611706
0.12129554
0.11137358
0.07011588
0.071317665
0.028666662
0.049148224
0.05651495
0.07259959
0.1269413
0.05722108
0.028836615
0.04381763
0.05038304
0.03426369
0.030055325
0.06827248
0.08034842
0.07652103
0.061915416
0.0696701
0.068129845
0.07695608
0.086681485
0.063892536
0.010187862
0.025752313
0.070015915
0.05424528
0.046121456
0.055937387
0.023480913
0.050344724
0.08866491
0.12168443
0.11556098
0.090475135
0.00477605
0.033150602
0.03440831
0.08967239
0.15940614
0.13653482
0.108215965
0.10173348
0.04137738
0.052504692
0.11637485
0.09700172
0.035856396
0.072273016
0.06572908
0.08558756
0.086976774
0.1296215
0.13563839
0.0858781
0.01070649
0.07440868
0.12883024
0.12371574
0.029684993
0.05121666
0.10261157
0.13014992
0.12077502
0.094822004
0.11694939
0.14264053
0.130183
0.10705759
0.07745968
0.052324805
0.12906858
0.104034446
0.031543043
0.07985946
0.062026422
0.08395093
0.045631826
0.022593243
0.0785589
0.09740671
0.08163509
0.035966318
0.0237864
0.06728696
0.11761607
0.08339439
0.052013073
0.03779298
0.0683532
0.11915897
0.07215463
0.048518397
0.02833243
0.0118509345
0.050807934
0.03801533
0.013889536
0.016390074
0.028936816
0.112000756
0.13231051
0.005493945
0.102970734
0.08600941
0.12575641
0.08922644
0.036734764
0.08777521
0.07680288
0.018940408
0.036413446
0.07272335
0.09577083
0.073650904
0.09371447
0.09490702
0.028002342
0.03517183
0.03367222
0.047668576
0.058658082
0.07041002
0.12038205
0.06351274
0.02464585
0.048601385
0.08804796
0.07018231
0.04099531
0.043622497
0.0256766
0.13601547
0.20661068
0.111802846
0.03050612
0.058158167
0.1506337
0.13648547
0.09664449
0.12867735
0.13718607
0.088224106
0.076588556
0.049694695
0.019036662
0.028715612
0.091710605
0.13458613
0.018462395
0.028682105
0.13958284
0.13179716
0.09362556
0.11270455
0.07736209
0.02334404
0.04297901
0.08022813
0.039927375
0.076818466
0.08853053
0.068080716
0.058941774
0.030001977
0.06872021
0.094353035
0.0780588
0.11369015
0.0973388
0.041673947
0.103397235
0.043856893
0.090606
0.08856845
0.06646783
0.14608252
0.1561232
0.14259765
0.17051308
0.13981
0.07265344
0.11779524
0.120406225
0.04006585
0.06460656
0.054057408
0.06908519
0.093549296
0.11608485
0.07747533
0.102630064
0.15435995
0.110067874
0.105460875
0.05146281
0.04652912
0.044160973
0.071327165
0.1345486
0.10332236
0.034325916
0.03243452
0.11082515
0.15237698
0.08850307
0.040095914
0.039843928
0.034961145
0.06614852
0.04966359
0.112304926
0.10762097
0.058239166
0.05030889
0.0334307
0.05583052
0.089956045
0.11248873
0.107301906
0.052890915
0.008577849
0.030586319
0.074951015
0.06782783
0.050941564
0.06622262
0.053384315
0.028857453
0.040373717
0.06643198
0.09278241
0.087147854
0.16705629
0.11673612
0.043051828
0.115609884
0.1009925
0.07046732
0.09648316
0.18217598
0.13615099
0.1184448
0.05762468
0.09105883
0.06520493
0.10823367
0.16480944
0.07808885
0.124495536
0.20802818
0.11041894
0.023112709
0.017313793
0.040723115
0.17662792
0.20703708
0.12033644
0.076537564
0.038022324
0.07995736
0.11643733
0.11689153
0.15494329
0.10386298
0.12873925
0.08215599
0.03247603
0.033262137
0.121070996
0.09325954
0.07897187
0.099234775
0.16963875
0.09954807
0.10158672
0.13432206
0.18444097
0.14651154
0.04216317
0.0499059
0.061069205
0.056681972
0.1335659
0.22884372
0.15886803
0.05027889
0.114909224
0.056158334
0.083558105
0.13218577
0.06590341
0.04493809
0.06772354
0.028049245
0.017072286
0.068006456
0.057500757
0.09446222
0.1814875
0.0977268
0.08160548
0.14640056
0.11344508
0.20677431
0.22775596
0.13981594
0.12329551
0.04247353
0.059034027
0.12753175
0.13191326
0.08535497
0.11174341
0.14892952
0.04909974
0.04509987
0.010117994
0.091749564
0.18314539
0.13343103
0.06268238
0.14436999
0.13747425
0.2285038
0.09810454
0.15783149
0.22931902
0.14599551
0.12153541
0.17209579
0.100556254
0.030644264
0.13769841
0.14101006
0.13122316
0.09645851
0.04344223
0.18022957
0.2018743
0.17232022
0.23059393
0.107718706
0.11984905
0.19343562
0.13353422
0.1061775
0.17867447
0.14558603
0.24460296
0.12452477
0.15534008
0.3185394
0.27447698
0.16297552
0.07998606
0.08156366
0.16132821
0.12722296
0.046279285
0.21736911
0.34348986
0.3505473
0.13641138
0.10819879
0.16046463
0.22315754
0.14701624
0.048678998
0.14693923
0.26207748
0.24773358
0.073349714
0.084366545
0.13336296
0.18452089
0.20855464
0.20654337
0.15029684
0.14285553
0.09837088
0.057469208
0.10477666
0.07498699
0.20543186
0.124860935
0.3018021
0.13616678
0.10271697
0.01525416
0.21466468
0.20412956
0.095444694
0.16023746
0.07396141
0.060604952
0.007330539
0.027861714
0.059022795
0.09781223
0.21004532
0.30871564
0.24630933
0.08788554
0.115551025
0.09117357
0.07421138
0.067944504
0.16696467
0.10167543
0.04780531
0.060765855
0.03647063
0.11402804
0.11804652
0.086391605
0.06707972
0.1609467
0.06756386
0.027599078
0.084147856
0.1656547
0.14074005
0.03262669
0.06452689
0.10172316
0.070534684
0.092909515
0.059552435
0.012382954
0.12928575
0.20953292
0.13881524
0.042096794
0.08720014
0.062352423
0.022404877
0.05280574
0.04936233
0.08511345
0.11828881
0.19960862
0.1434772
0.013746477
0.03992713
0.10220521
0.1541415
0.16748741
0.1237468
0.08152406
0.12310693
0.15001056
0.18980725
0.21181381
0.14768846
0.065975346
0.078730665
0.08263554
0.08997856
0.13425778
0.09060423
0.12671527
0.18874632
0.1178546
0.08128912
0.068972714
0.076956175
0.106630765
0.06147246
0.09035051
0.056525677
0.03936296
0.10482145
0.1981063
0.14070056
0.058670975
0.048848093
0.10645084
0.06767998
0.04981882
0.055871323
0.053385887
0.10224639
0.119834736
0.061581325
0.018787043
0.02706656
0.12058483
0.17664957
0.06549738
0.05549021
0.03770239
0.02651109
0.03458392
0.021441719
0.09002946
0.039074466
0.11863787
0.10232971
0.07628312
0.07854014
0.017171869
0.06494389
0.057771638
0.027382992
0.06523725
0.13895215
0.06595314
0.036671758
0.09198535
0.02072185
0.031508546
0.02543156
0.04664254
0.035966244
0.059818294
0.082942165
0.08378718
0.09181531
0.16545266
0.16629212
0.07743727
0.08223978
0.20150581
0.15255482
0.052095547
0.073024265
0.02155052
0.09941667
0.028913131
0.08694245
0.08175257
0.035848316
0.05515397
0.071277484
0.05818647
0.10011855
0.10460308
0.090161085
0.056243017
0.044468235
0.06325239
0.059057377
0.15710358
0.07694607
0.07526451
0.07578241
0.044602323
0.15796126
0.16290374
0.02875173
0.13229156
0.12803052
0.1519245
0.08039451
0.014610213
0.0774292
0.08196242
0.02921983
0.061920978
0.024804158
0.056742914
0.04942073
0.016302695
0.09033974
0.107409984
0.089320965
0.091179
0.05031764
0.028435504
0.08338564
0.10024911
0.04380233
0.038847327
0.1062906
0.095477484
0.07499406
0.056831915
0.05463752
0.087429106
0.08548043
0.06851703
0.04752266
0.0569567
0.04073972
0.050450865
0.066959776
0.12441898
0.13656746
0.08230905
0.12215655
0.0931266
0.042955644
0.08328345
0.08224189
0.06968458
0.07058085
0.098825075
0.17843306
0.20580003
0.14799501
0.072732136
0.038217735
0.07847844
0.1284087
0.16459961
0.15558483
0.07786954
0.034240197
0.055366576
0.060782075
0.06158668
0.036482736
0.052439753
0.08909656
0.06982414
0.07335553
0.007595332
0.13144694
0.1788644
0.11051484
0.07167984
0.10596703
0.072903916
0.054332327
0.008057808
0.029694801
0.014842376
0.07494111
0.057646304
0.050884154
0.08235657
0.099941835
0.09876695
0.047224272
0.019364487
0.05286174
0.01897402
0.06610636
0.06444637
0.026700651
0.058434233
0.08000197
0.10681781
0.0941618
0.048309255
0.093418635
0.08752583
0.00801581
0.09724052
0.083879076
0.10142636
0.10890251
0.03739429
0.038818177
0.077747904
0.05770292
0.06250881
0.07166475
0.055470083
0.09044352
0.06194478
0.038445987
0.013877812
0.024609642
0.08133492
0.1436174
0.086633556
0.012443222
0.0147508
0.038376763
0.02246087
0.023649815
0.039909627
0.0540161
0.067593195
0.058523282
0.040423635
0.06433704
0.058236048
0.124648936
0.116172075
0.09057083
0.09568169
0.0626362
0.08501346
0.10704404
0.058973085
0.017233375
0.05526832
0.05139387
0.015630031
0.00263721
0.05464037
0.058940306
0.13963039
0.14595304
0.08658154
0.03373337
0.07662405
0.05449726
0.008135908
0.08154304
0.14415139
0.14706762
0.10594887
0.032231633
0.033537954
0.034404714
0.076742806
0.07566944
0.07557383
0.09845356
0.0766279
0.024304992
0.047813162
0.105129704
0.087373994
0.09347214
0.06600849
0.025258977
0.044503383
0.085829295
0.074234575
0.05111031
0.022840995
0.024847513
0.027973797
0.009397061
0.045512594
0.058560714
0.007885102
0.0831883
0.12110668
0.03444019
0.049999814
0.104804374
0.11036787
0.08737467
0.064251594
0.09317507
0.09119987
0.038802397
0.034820076
0.056921665
0.057622444
0.007080383
0.019288857
0.038572803
0.08695498
0.14548305
0.19534023
0.10105907
0.010570417
0.023033654
0.040316198
0.016657624
0.08054593
0.09867527
0.05736384
0.013300158
0.039566673
0.046525896
0.049462378
0.07992521
0.032112166
0.03944567
0.04063258
0.017160669
0.0815964
0.073458165
0.15255909
0.11710788
0.09929716
0.08023126
0.034829736
0.04044322
0.023181783
0.045151137
0.0887405
0.06759762
0.06889796
0.09842255
0.07745729
0.06432156
0.10386918
0.05436356
0.018923467
0.011462344
0.08076233
0.11088643
0.046659425
0.030201802
0.047222454
0.017430762
0.035003405
0.034450687
0.07524608
0.076494984
0.056783654
0.024499891
0.023858216
0.06342032
0.035065003
0.013635516
0.02449661
0.016686853
0.024030041
0.019078586
0.05412444
0.09266437
0.104346834
0.09059078
0.06513766
0.058982898
0.044103708
0.055903755
0.065853655
0.050286785
0.051188815
0.056652922
0.053012673
0.032179084
0.022162577
0.022333276
0.008485172
0.03802485
0.06176316
0.052435327
0.04895062
0.07891336
0.052176107
0.036363054
0.048170634
0.032431453
0.02027137
0.024620896
0.039028883
0.004401428
0.041863564
0.06311024
0.071621686
0.06714554
0.055769112
0.04727895
0.04230119
0.044400424
0.08665883
0.09068061
0.06189594
0.022901481
0.037258565
0.019437505
0.024126757
0.037861798
0.030539999
0.041816883
0.010972122
0.027230812
0.008663566
0.007670281
0.042675287
0.056434307
0.08278561
0.077873506
0.022537932
0.016623909
0.016741045
0.015212362
0.034265216
0.03834926
0.023576902
0.041185535
0.028308207
0.013519745
0.006603751
0.016349407
0.02429106
0.029338492
0.03556746
0.050897706
0.043260355
0.05567496
0.0599228
0.06884618
0.039356537
0.037508998
0.052945476
0.051186714
0.06312251
0.034743264
0.02323923
0.0115948
0.032920282
0.008375289
0.024219941
0.046917725
0.06989759
0.03752741
0.018401459
0.0076848646
0.0433776
0.02005653
0.008489854
0.044353116
0.03982534
0.037867345
0.0241423
0.04060954
0.017037418
0.05297621
0.042142145
0.041072745
0.025335254
0.03505689
0.014672441
0.011068063
0.030256405
0.03005076
0.0120307645
0.022025578
0.06350157
0.044399403
0.010442585
0.018186245
0.023204325
0.03407963
0.027074812
0.029701464
0.037098385
0.03718965
0.019687796
0.02810631
0.04726884
0.04067514
0.05429855
0.08023865
0.033628725
0.0524507
0.042393785
0.03592203
0.03857925
0.023993345
0.041623056
0.076251075
0.046894494
0.032493465
0.04453855
0.035757523
0.030118274
0.08641546
0.08696707
0.006103694
0.0061036795
0.003051829
0.0030518146
0.0061035934
0.009155326
0.0061035
0.0030517213
0.006103378
0.0
0.0030516135
0.0030515704
0.0030515236
0.0030514733
-0.0030514195
-0.003051362
0.0
-0.0030512363
0.003051168
0.006102192
0.0
0.0061018835
0.003050859
-0.003050773
0.0
0.0
0.0030504928
0.0
0.0
0.0030501804
0.0
0.0
0.0
0.0030497136
0.0030495878
0.0030494586
0.0030493257
0.0
0.0
0.0
0.0
0.0030486076
0.0030484532
0.0
0.0
0.0
0.0030478002
0.0060952557
0.0030474518
0.0
0.0
0.0
0.006093425
0.006093038
0.0030463214
0.0030461205
0.003045916
0.003045708
0.0060909926
0.0030452812
0.0030450623
0.00608968
0.0030446139
0.0030443843
0.0060883025
0.0030439147
0.006087349
0.009130292
0.0060863663
0.009128796
0.0030426774
0.006084839
0.0060843155
0.0060837846
0.0060832473
0.0060827024
0.0030410753
0.0030407957
0.0030405126
0.006080452
0.006079871
0.0030396418
0.006078689
0.0060780873
0.003038739
0.006076862
0.009114359
0.0030378043
0.0030374855
0.0030371633
0.0030368373
0.0
0.0
0.006071677
0.0030354983
0.003035155
0.0030348075
0.0060689137
0.006068205
0.0030337449
0.00910015
0.006066037
0.0030326499
0.003032278
0.0030319025
0.0030315232
0.0030311407
0.006061509
0.0030303646
0.0030299714
0.0030295746
0.0030291742
0.0030287702
0.0030283628
0.0030279518
0.0030275374
0.0030271192
0.009080093
0.0030262724
0.0030258438
0.0
0.003024976
0.0030245367
0.003024094
0.012094591
0.0030231979
0.0030227446
0.0030222875
0.0030218272
0.0090640895
0.009062687
0.0030204249
0.0
0.0
0.0
0.0
0.0060360343
0.0030175252
0.0
0.0
0.0
0.006031044
0.012060049
0.012057996
0.0
0.006026925
0.0
0.0
0.009035643
0.006022694
0.0
0.0
-0.0030097237
0.0
0.006017248
0.006016138
0.0060150204
-0.0060138963
0.0
0.0
0.0060104826
0.0060093305
0.0
0.0
-0.0030029162
-0.0030023265
0.006003466
0.0060022725
0.0060010715
0.005999864
0.0
0.0
0.0029981
0.0029974822
0.005993722
0.0029962363
0.0
0.0059899534
0.0029943418
-0.0029937034
0.005986123
0.002992416
0.0029917674
0.00598223
0.0029904593
0.0029898002
0.005978275
0.005976943
0.002987802
0.0059742583
0.0029864528
0.002985773
0.0059701796
0.002984403
0.0059674256
0.0029830192
0.0029823224
0.005963244
0.0029809182
0.0059604216
0.0029795002
0.0029787861
0.0029780685
0.008932043
0.0059532467
0.005951791
0.0029751642
0.0029744296
0.0029736916
0.0059459005
0.0029722054
0.0029714573
0.0029707055
0.005939901
0.005938384
0.0059368606
0.00593533
0.005933793
0.0059322487
0.005930698
0.0059291404
0.005927576
0.008889007
0.0029622135
0.0029614212
0.0029606256
0.0029598265
0.008877072
0.008874654
0.008872227
0.0029565962
0.0029557804
0.002954961
0.0029541384
0.008859937
0.008857449
0.008854951
0.002950814
0.0029499745
0.0029491317
0.0029482855
0.008842308
0.002946583
0.002945727
0.0029448674
0.0029440045
0.0029431384
0.0029422687
0.0029413959
0.0029405195
0.00293964
-0.0029387572
0.0029378708
-0.0029369814
-0.0029360885
0.0
-0.0029342927
-0.00293339
-0.0029324838
0.0
0.0
-0.0029297455
-0.0058576525
-0.005855807
-0.0029269776
0.0029260484
-0.0029251156
-0.00292418
-0.0029232407
-0.0058445963
-0.0029213524
-0.0029204036
-0.005838902
-0.005836991
-0.0029175368
-0.0058331494
-0.0058312183
-0.0029146406
-0.0029136685
0.0
-0.0058234297
-0.0058214664
0.0
-0.00290876
-0.0058155367
-0.0058135474
-0.005811551
-0.005809549
-0.0029037697
0.0
0.0
-0.0029007369
-0.005799439
-0.0028986987
-0.0028976747
-0.0028966474
0.0
-0.0028945834
-0.005787093
-0.005785013
-0.0057829265
0.002890417
0.005778734
0.0028883142
0.002887258
0.0028861987
0.0
0.0028840704
0.0028830015
0.0028819295
0.002880854
-0.0028797756
-0.0057573877
-0.005755218
-0.0057530417
-0.0057508596
0.0028743353
0.0
0.0
-0.005742066
-0.005739852
0.0
-0.0057354043
0.0028665855
0.0028654658
0.0
-0.005726434
0.0028620877
0.0
-0.00571964
-0.0057173627
-0.005715079
0.0
0.0
-0.005708191
0.0
0.0
-0.00855187
-0.0056989193
-0.0028482927
-0.002847123
0.0
-0.002844774
-0.008530784
-0.0028424123
-0.002841227
-0.0028400384
0.0
-0.008512956
-0.005672909
0.0
0.0
0.0
0.0028316325
-0.0056608384
-0.0028292031
0.0
-0.008480284
-0.0084766075
-0.008472922
-0.008469228
-0.0028218413
-0.0028206035
-0.005638726
-0.0028181192
-0.008450617
-0.005631245
-0.0028143697
-0.0056262277
-0.00562371
-0.002810593
-0.0028093278
-0.0028080598
0.0
-0.0056110295
0.0
0.0
-0.0056033493
-0.0028003885
-0.0027990995
-0.0027978073
0.0055930247
-0.0027952143
-0.0055878265
-0.0027926092
-0.0027913023
0.0
0.0027886792
0.0027873632
0.0
-0.0027847225
0.0
-0.0027820698
-0.0027807392
-0.0027794056
-0.0027780689
0.0
-0.0055507733
-0.0027740411
-0.0055453856
-0.008314024
-0.005539974
-0.00553726
-0.0027672697
-0.0027659065
-0.0027645405
-0.0055263434
-0.0055235997
-0.0027604252
-0.005518095
-0.0055153337
-0.005512567
-0.008264692
-0.0055070156
-0.0055042314
-0.0055014417
-0.005498646
-0.0027479222
-0.0027465185
-0.005490224
-0.005487405
-0.0054845805
-0.0027408751
-0.0027394572
-0.0027380362
-0.0027366127
-0.0054703723
-0.0027337568
-0.005464649
-0.0027308895
-0.005458903
-0.0054560215
-0.0054531344
-0.0054502413
-0.0027236715
-0.0027222193
-0.0027207646
-0.0054386137
-0.0054356926
-0.0027163832
-0.005429834
-0.0027134481
0.0
-0.002710502
-0.005418049
-0.0054150894
-0.0054121236
-0.0027045761
-0.0027030879
0.0
-0.0027001027
-0.005397212
-0.0026971065
-0.0053912085
-0.0026940994
0.0
0.0
0.002689568
0.0
0.0
-0.002685012
-0.0026834877
0.0
0.0
0.0
0.0
-0.0053516524
-0.0053485716
-0.0026727428
-0.0026711968
-0.0026696483
-0.0026680971
-0.0053330865
-0.0026649865
-0.007990282
-0.0026618652
0.0
0.0
0.0026571634
-0.0026555907
-0.005308031
-0.0026524374
-0.002650857
-0.0026492737
0.0026476877
-0.002646099
-0.005289016
-0.0052858284
-0.0052826353
-0.0026397186
-0.002638117
-0.0026365127
-0.0052698115
-0.0052665924
-0.005263368
-0.005260139
0.0
-0.005253664
-0.005250419
-0.0052471687
-0.0052439133
-0.0052406527
-0.005237387
-0.005234116
-0.0052308403
-0.0026137796
-0.005224273
-0.0026104907
0.0
0.0
-0.0026055383
-0.0026038825
-0.002602224
-0.0026005632
-0.0025988996
0.0
-0.002595565
-0.002593894
0.0025922204
-0.0025905445
0.0
0.0025871848
-0.0051710024
-0.0025838153
-0.0025821265
-0.0025804355
0.0
-0.002577046
-0.0025753477
0.0
0.0
0.0
-0.002568529
-0.0025668181
-0.00513021
-0.0025633893
-0.0025616712
-0.0025599506
0.0
-0.0025565021
-0.0025547743
-0.005106088
-0.0025513112
-0.005099152
-0.0025478385
0.0
-0.0025443563
-0.0025426117
0.0
0.002539115
-0.002537363
-0.0025356088
0.0025338521
-0.002532093
-0.0025303317
0.0025285678
0.0
0.0025250332
0.0025232625
-0.0050429786
0.0025197137
0.0
0.0
0.005028746
0.0
0.0025108012
0.0050180233
0.0
0.0
0.0
0.0025018305
0.005000059
0.0049964525
0.0024964204
-0.0024946127
0.0024928025
0.0
0.0024891752
0.0049747163
0.004971078
0.0
0.0
0.0
0.0024782394
0.009905635
0.0049491525
0.0
0.002470904
0.0
-0.002467223
0.002465379
0.0024635328
0.0024616846
0.004919668
0.0
0.0024561265
0.0024542694
0.0073572304
0.0049010976
0.0024486852
0.0
0.0
0.0048861625
0.0
0.004878669
0.002437458
0.0024355792
0.0024336984
0.0048636305
0.0048598605
0.004856086
0.0024261535
0.0
0.0024223684
0.0024204727
0.0048371498
0.0048333495
0.0024147728
0.0
0.0024109625
0.0024090542
0.004814287
0.0048104622
0.0
0.0024014001
0.0023994814
0.0023975607
0.004791276
0.0023937132
0.0023917863
0.0047797146
0.004775853
0.004771987
0.0023840584
0.004764243
0.004760365
0.0023782414
0.0023762984
0.0047487067
0.0047448124
0.0023704572
0.0023685063
0.0023665533
0.0023645982
0.0023626413
0.0023606822
0.0047174427
0.004713517
0.0023547937
0.002352827
0.0023508584
0.0023488877
0.00469383
0.004689881
0.004685928
0.0046819714
0.0023390055
0.0023370232
0.0023350392
0.0023330532
0.0
0.0046581505
0.0023270836
-0.00465018
-0.0023230945
-0.0023210973
-0.004638196
0.0
0.002315094
-0.002313089
0.0
-0.004618148
-0.0046141273
0.0
-0.0023030373
0.0023010215
0.0022990038
0.0
-0.002294963
-0.00458588
-0.002290915
0.0022888882
0.0022868598
0.0
0.0022827971
-0.0022807634
-0.0022787277
0.0022766902
0.002274651
-0.00227261
-0.0022705672
-0.0022685227
0.0022664766
0.0022644287
0.0
0.0
-0.0022582742
-0.0022562195
0.0022541627
0.0
0.0022500444
0.0022479827
0.0022459193
0.002243854
-0.0022417873
0.0022397188
0.0022376485
0.0022355767
0.0044670063
0.002231428
0.002229351
0.0022272724
0.0
0.0022231105
0.002221027
0.002218942
0.002216855
0.0
0.0
0.0022105852
0.002208492
0.0066191917
0.0066129025
0.0
0.0
0.0
0.0
0.0043875896
0.0043833777
0.0
-0.0021874723
-0.0021853617
-0.0021832495
0.0021811358
0.004358041
0.0021769037
-0.0021747854
-0.0021726657
-0.0021705441
-0.0021684214
0.0021662968
0.0
-0.0021620435
0.0
-0.0021577843
-0.0021556523
0.0
0.0
0.0
0.00214711
0.0021449707
0.0
0.0
0.0
0.0
0.004268505
0.0
0.0
0.0
0.0
0.0042469976
0.0042426875
0.0
0.0
-0.0021148704
0.0
0.0042210957
0.0
0.0
0.0
0.0
0.0041994345
0.0
-0.0020953757
0.0
0.0020910287
0.0
-0.0020866764
0.0
0.0
0.002080138
0.002077956
0.0020757725
0.0
-0.0020714018
0.0
0.0041340524
0.0020648362
0.0041252906
0.006181359
0.0
0.0020560645
0.0
0.0
0.0020494724
0.0020472726
0.0
0.0020428693
0.0
0.0
0.0020362553
0.0
0.0
0.0020296304
0.0020274199
0.0
0.002022995
0.0020207807
0.0
0.0020163488
0.0020141313
0.0020119124
0.0040193847
0.0020074714
0.002005249
0.0020030257
0.0020008013
0.0039971513
0.0039926977
0.0019941211
0.0
0.0039793244
0.003974862
0.0039703976
0.003965931
0.001980731
0.0019784956
0.0019762593
0.003948043
0.0039435662
0.0039390866
0.0019673028
0.0019650608
0.0019628182
0.0
0.0019583295
0.0019560836
0.0019538368
0.0019515889
0.00194934
0.0
0.0019448393
0.0019425874
0.0
0.0019380808
0.001935826
0.0019335703
0.0019313137
0.0
0.0
0.0019245378
0.0019222773
0.0
0.0
0.0
0.0019132261
0.001910961
0.001908695
0.0
0.0019041602
0.0038037833
0.001899622
0.0037947032
0.0037901604
0.001892808
0.0
-0.0018882611
-0.0018859863
0.0018837107
0.0018814342
0.0
0.0018768788
-0.0018745998
-0.0018723201
0.003740079
0.003735516
0.0018654758
0.0
-0.001860909
0.0
0.001856339
0.0037081058
0.003703532
0.0018494782
0.0
0.0
0.0
0.00368064
0.003676057
0.0018357363
0.0
0.0
0.0018288554
0.0036531207
0.003648529
0.0036439362
0.0036393418
0.0018173731
0.0
0.0
0.0018104754
0.005424524
0.0036117472
0.0
0.0
0.0
0.001796662
0.003588715
0.0017920524
0.0
0.0
-0.0017851334
0.0
0.0
0.0017782088
0.0017758994
0.0
0.0017712789
0.0
0.0
0.0035286874
0.0017620309
0.0017597175
0.0
0.0
0.0017527741
0.0017504585
0.0017481424
0.0052374774
0.005230526
0.001741191
0.0017388728
0.0
0.0
0.0017319154
0.0034591907
0.0017272747
0.0
-0.0017226321
0.0
0.0017179876
0.0017156648
0.0017133413
0.0017110176
0.0
0.0
0.0017040435
-0.001701718
0.0016993921
0.0
-0.001694739
0.0
0.0
0.0
0.0016854281
0.0
0.0
0.0
-0.0016761112
0.0016737811
0.0016714507
0.0016691198
0.0016667887
0.0
0.0
-0.0016597933
0.0
0.0016551281
0.0
-0.0016504617
0.001648128
-0.0016457941
0.0
0.0032822508
0.0
-0.0016364555
0.0
-0.0016317847
0.0
0.0016271129
-0.0016247766
0.0
-0.0016201034
-0.0016177665
0.0
-0.0016130919
-0.0016107543
-0.0016084164
-0.003212157
-0.0016037404
0.0
0.0
0.0
0.0
0.0
0.0015897077
0.0015873683
0.0
0.0015826892
0.0
0.0
0.0
-0.0015733294
0.0015709891
0.0
0.0015663084
0.0015639679
0.0
0.0
-0.0015569457
0.0
0.003104528
0.001549923
-0.0015475819
0.0
-0.0015428996
-0.0015405584
0.0015382172
0.003071752
0.0015335347
0.0015311934
0.0015288522
0.0
0.0015241695
0.0015218282
0.0030389738
0.0015171455
0.0015148043
0.0015124631
-0.0015101219
0.0
0.0
-0.0015030985
0.003001515
0.0014984165
0.0
0.0
0.0
-0.0014890534
-0.0014867128
0.0
0.0
0.0
0.0
0.0
0.0014726714
-0.0014703316
-0.002935984
0.0
0.0
-0.0014609736
-0.0014586346
-0.0029125912
-0.0014539568
0.0
-0.0014492797
0.0
-0.0014446034
-0.0014422656
-0.0014399278
-0.0028751807
-0.0028705061
-0.001432916
-0.0014305791
-0.0014282425
0.0
-0.00284714
-0.0028424682
-0.0014188983
-0.0014165629
-0.0014142278
-0.0028237859
-0.0014095583
-0.002814448
-0.0042146696
-0.0028051122
-0.002800445
-0.0027957787
0.0
-0.0013932239
-0.0027817832
-0.0027771192
-0.002772456
0.0
0.0
-0.0027584701
-0.0013769048
-0.0013745748
-0.0027444905
-0.001369916
-0.0013675871
-0.0013652586
0.0
-0.0013606028
-0.0027165508
0.0
-0.001353622
-0.0013512959
-0.0026979402
-0.0013466448
-0.0013443199
-0.0026839909
-0.0013396714
-0.0026746958
-0.0013350247
-0.001332702
-0.0013303797
-0.0013280581
-0.0013257368
-0.0026468318
-0.002642191
-0.0013187756
-0.0013164562
-0.0013141374
0.0
-0.001309501
-0.0013071836
-0.0013048667
-0.0026051009
-0.0013002346
0.0
-0.0012956045
0.0
-0.0025819533
-0.0025773272
-0.001286351
-0.001284039
0.0
0.0012794167
-0.0012771065
0.0012747968
-0.0012724877
-0.0012701792
0.0
0.0
-0.0012632573
-0.0012609513
-0.0012586459
-0.0012563411
-0.0012540369
0.0
0.0
-0.0012471282
-0.0012448267
-0.0012425258
-0.0037206765
-0.001237926
0.0
0.0
0.0
0.0
-0.0012264384
0.0
0.0
0.0024391084
0.0
0.0
0.0
-0.0012103856
-0.0012080952
0.0
0.0
0.0
0.0023978828
0.0
0.0011943692
0.0011920842
0.0011898
0.0011875165
0.0023704679
0.0023659042
0.0011806712
0.0023567819
0.0
0.002347666
0.0011715553
0.0
0.0
0.0
-0.0011624529
0.0011601793
0.0
-0.0011556349
0.0011533641
-0.001151094
-0.0011488249
-0.0022931132
-0.0011442893
-0.0011420228
0.0
0.0
0.0
0.0
-0.0022614084
0.0
-0.0011261832
-0.0011239242
0.002243332
0.0
-0.0011171526
0.0
0.0
0.0
0.0
0.0
0.0
0.0
0.0
0.0
0.0
0.0
0.0
0.0
0.0
0.0
0.0
0.0
0.0
0.0
0.0
0.0
-0.0021355373
0.0
0.0
0.0
0.0010588443
0.0
0.0
0.0021043248
0.0
0.0
0.0
0.0
0.0
0.0
0.0
0.0
0.0
0.0
0.0
0.0
-0.0020466514
0.0
-0.0020378134
0.0
0.0
0.0
0.0
0.0
0.0
0.0
0.001001279
9.990811E-4
0.0
0.0
9.924946E-4
0.0
9.8811E-4
9.859196E-4
0.0
0.0
0.0
9.771707E-4
0.0019499732
0.0
0.0
-9.684423E-4
-9.6626347E-4
0.0
0.0
-9.59735E-4
-9.575615E-4
-9.553893E-4
-9.532185E-4
0.0
0.0
-9.4671414E-4
-9.445487E-4
-9.423847E-4
-9.40222E-4
-9.3806075E-4
0.0
-9.337423E-4
-9.315852E-4
-9.294295E-4
0.0
-9.251223E-4
-9.229708E-4
0.0
0.0
-9.165249E-4
0.0
0.0
0.0
0.0
0.0
0.0
0.0
0.0
0.0
8.951325E-4
0.0
0.0
0.0
0.0
0.0
8.82368E-4
8.802459E-4
8.7812525E-4
8.7600615E-4
0.0
0.0
8.696581E-4
8.6754514E-4
8.654338E-4
8.633239E-4
-8.6121564E-4
-8.591089E-4
8.570038E-4
0.0
8.527982E-4
0.0017013956
8.48599E-4
-8.465018E-4
0.0
0.0
0.0
0.0016762579
8.360398E-4
0.0
0.0
8.29782E-4
8.276994E-4
0.0
8.23539E-4
0.0016429226
8.193853E-4
0.0016346218
0.0016304763
0.0024395015
0.0016221956
0.0024270902
0.0016139282
8.048998E-4
0.0016056744
8.007763E-4
7.9871714E-4
7.966597E-4
7.946039E-4
7.9254986E-4
7.904975E-4
7.88447E-4
0.0
0.0
0.0015646113
0.0015605241
7.782202E-4
0.0015523601
0.0
7.7210524E-4
0.0015401408
0.0015360749
7.660062E-4
0.0015279535
7.6194917E-4
7.599233E-4
7.5789925E-4
7.5587706E-4
7.538566E-4
0.0
0.0
7.4780633E-4
-7.457932E-4
0.0
0.0014835449
0.0
0.0
0.0
0.0
-7.317531E-4
-7.297548E-4
0.0
7.2576385E-4
-7.237712E-4
-0.0014435609
-0.0014395831
-0.0014356092
-7.1581954E-4
7.138364E-4
0.0
0.0
0.0
-7.059229E-4
7.0394936E-4
0.0
0.0
6.980403E-4
-6.960745E-4
-6.941107E-4
-0.0013842976
-0.0013803778
-6.8823097E-4
6.8627496E-4
0.0
-6.82369E-4
-0.0027216757
-0.0033923546
-0.0020295745
-6.745808E-4
-6.7263877E-4
-0.0013413975
-0.002006282
-0.002667299
-0.0019946722
-6.6295883E-4
-6.610289E-4
-6.59101E-4
-0.0013143503
-6.552514E-4
-6.533296E-4
-6.514099E-4
-6.494923E-4
-0.0019427302
-0.0019369897
-0.0019312555
-0.0019255274
-6.399352E-4
-6.3803E-4
-0.0019083807
-0.0019026777
-0.001264654
-0.0012608604
-6.285355E-4
-6.2664296E-4
-0.001249505
-0.0012457282
-0.0018629337
-0.0024763753
-0.0012344238
-0.0012306642
-0.0012269089
-6.1157893E-4
-0.0012194111
-0.0018235031
-0.0012119306
-0.0012081969
-0.0012044675
-6.0037116E-4
-0.0011970217
-5.966527E-4
-5.947967E-4
-5.929429E-4
-5.910913E-4
-0.0011784838
-0.0011747894
-0.0017566492
-0.0011674139
-5.818664E-4
0.0
0.0
-0.0011527162
-0.001149053
-0.0017180913
-0.0011417399
-5.690451E-4
-5.672224E-4
0.0
-0.0016907518
-0.0011235361
-5.5995444E-4
-0.0011162863
-5.563341E-4
0.0
0.0
-5.5092067E-4
-5.491208E-4
-5.473232E-4
0.0
5.43735E-4
0.0
5.40156E-4
5.3836993E-4
5.365863E-4
5.348049E-4
0.0
-5.3124916E-4
0.0
5.277028E-4
5.259331E-4
0.0
0.0
-5.206383E-4
-5.188781E-4
5.1712024E-4
5.1536475E-4
5.1361165E-4
0.0
0.0
5.0836673E-4
0.0
0.0
0.0010062866
5.0140696E-4
9.993461E-4
9.958831E-4
-4.962125E-4
4.9448584E-4
-4.927616E-4
4.910398E-4
9.78641E-4
4.8760357E-4
4.858891E-4
0.0
0.0
4.8076038E-4
0.0014371673
9.547071E-4
4.7565385E-4
-4.739566E-4
-4.7226183E-4
0.0
4.6887973E-4
4.671924E-4
0.0
-4.6382527E-4
-4.6214546E-4
-4.6046812E-4
4.587933E-4
0.0
-9.1090245E-4
0.0
-4.5211922E-4
-4.50457E-4
8.9759467E-4
0.0
-8.9097116E-4
-4.4383353E-4
-8.84368E-4
0.0
4.3889263E-4
0.0
0.0
-8.6794957E-4
-8.6468126E-4
-4.3070907E-4
0.0
0.0
-4.2582984E-4
-4.242086E-4
-0.0012677698
-4.2097393E-4
-4.1936047E-4
0.0
4.161414E-4
-4.1453578E-4
-4.129328E-4
-8.226648E-4
-4.0973467E-4
0.0
0.0
0.0
-4.0336995E-4
-4.0178536E-4
-4.0020343E-4
-3.9862416E-4
0.0
3.9547356E-4
3.9390224E-4
-3.923336E-4
-3.9076761E-4
0.0
-3.876437E-4
7.721715E-4
7.69061E-4
-3.8297792E-4
0.0
-3.7988083E-4
-3.7833632E-4
3.7679455E-4
0.0
0.0
0.0
0.0
0.0
3.6760073E-4
0.0
0.0
0.0
0.0
0.0
3.585051E-4
3.5699873E-4
3.5549514E-4
0.0
0.0
3.5100093E-4
0.0
0.0
0.0
0.0
0.0
0.0
0.0
-6.782766E-4
-3.37668E-4
0.0
0.0
3.3327393E-4
3.3181484E-4
0.0
-6.5781025E-4
-3.2745447E-4
-6.5201335E-4
0.0
3.2311952E-4
3.2168019E-4
3.2024368E-4
0.0
0.0
0.0
3.145261E-4
0.0
0.0
0.0
0.0
0.0
3.060354E-4
3.0463032E-4
0.0
-6.036575E-4
0.0
0.0
2.9764805E-4
5.925205E-4
2.9487538E-4
2.934934E-4
0.0
0.0
5.7872967E-4
5.759889E-4
5.73254E-4
5.705249E-4
0.0
0.0
2.811864E-4
2.7983356E-4
8.3545095E-4
8.3141006E-4
2.7579267E-4
0.0
2.7311343E-4
2.7177826E-4
2.7044603E-4
8.0735027E-4
5.3558085E-4
2.6646708E-4
2.651467E-4
2.6382925E-4
2.625148E-4
2.6120333E-4
2.5989482E-4
2.585893E-4
2.5728677E-4
2.5598722E-4
0.0
5.067942E-4
2.5210652E-4
0.0
4.9906876E-4
0.0
-2.4697426E-4
0.0
0.0
2.4315667E-4
2.4189017E-4
0.0
-2.3936626E-4
0.0
2.3685445E-4
2.3560309E-4
0.0
-2.3310952E-4
2.3186728E-4
0.0
0.0
0.0
0.0
0.0
0.0
2.2325714E-4
2.2203937E-4
2.2082466E-4
0.0
0.0
-2.1719899E-4
0.0
0.0
2.1360104E-4
0.0
-2.1121786E-4
-2.100309E-4
-4.1769413E-4
-2.0766631E-4
0.0
2.0531412E-4
0.0
-2.0297436E-4
2.0180915E-4
-2.0064706E-4
-1.9948809E-4
0.0
-1.9717953E-4
0.0
0.0
0.0
0.0
1.914629E-4
0.0
0.0
1.880706E-4
0.0
0.0
0.0
-1.8359163E-4
0.0
-1.813711E-4
-1.8026559E-4
-1.7916324E-4
-1.7806406E-4
-1.7696805E-4
-1.7587522E-4
-1.7478557E-4
0.0
-1.7261581E-4
0.0
-1.7045879E-4
-1.6938508E-4
-1.6831454E-4
-3.3449443E-4
0.0
0.0
-1.6406442E-4
-1.630099E-4
-1.6195858E-4
-1.6091048E-4
-1.598656E-4
0.0
-1.5778546E-4
-1.5675023E-4
-1.5571823E-4
0.0
0.0
-1.5264156E-4
-1.5162246E-4
-1.506066E-4
-1.4959398E-4
-1.485846E-4
0.0
0.0
1.4557593E-4
1.4457954E-4
1.435864E-4
0.0
1.4160988E-4
2.8125301E-4
0.0
0.0
0.0
0.0
4.0727583E-4
4.043845E-4
1.3383434E-4
1.3287713E-4
1.3192318E-4
0.0
1.3002516E-4
1.2908108E-4
2.5628056E-4
2.5440555E-4
1.2626855E-4
1.2533764E-4
1.2441001E-4
0.0
0.0
1.2164696E-4
1.2073255E-4
1.19821445E-4
0.0
1.1800918E-4
0.0
0.0
1.1531563E-4
1.1442443E-4
0.0
1.12651986E-4
1.1177075E-4
0.0
2.2003656E-4
0.0
1.08279135E-4
1.0741457E-4
0.0
1.0569546E-4
2.0968184E-4
2.0797944E-4
2.0628374E-4
2.0459475E-4
1.0145623E-4
2.0123686E-4
1.9956799E-4
9.8952914E-5
0.0
9.7300835E-5
9.647984E-5
9.566221E-5
9.484794E-5
9.403705E-5
9.322953E-5
0.0
9.16246E-5
0.0
0.0
8.924254E-5
0.0
8.767141E-5
0.0
-8.6113825E-5
0.0
0.0
8.3802865E-5
0.0
0.0
8.152247E-5
-8.076914E-5
0.0
0.0
-7.8529556E-5
-7.778984E-5
0.0
-7.632064E-5
0.0
-7.486509E-5
-1.4828487E-4
-7.342321E-5
-7.270739E-5
0.0
0.0
0.0
-1.3975674E-4
-6.917968E-5
6.848442E-5
0.0
6.710419E-5
0.0
0.0
0.0
0.0
6.371376E-5
0.0
0.0
1.2344157E-4
-6.106336E-5
0.0
0.0
0.0
0.0
5.782797E-5
1.1438251E-4
5.6557994E-5
0.0
-5.5301858E-5
0.0
0.0
0.0
0.0
5.2222134E-5
0.0
0.0
-5.041592E-5
0.0
4.9229147E-5
4.8640974E-5
4.8056278E-5
0.0
0.0
-4.6323068E-5
0.0
4.5185014E-5
0.0
0.0
-8.700816E-5
-4.295074E-5
4.24009E-5
4.185455E-5
0.0
4.0772335E-5
4.0236468E-5
3.97041E-5
7.8350466E-5
0.0
7.6256E-5
3.7609636E-5
0.0
3.658342E-5
3.6075573E-5
3.5571233E-5
3.50704E-5
3.4573077E-5
-3.4079265E-5
3.3588964E-5
3.310218E-5
0.0
3.2139153E-5
0.0
0.0
3.072099E-5
3.0255305E-5
0.0
2.9334506E-5
2.887939E-5
0.0
0.0
0.0
2.7094182E-5
0.0
0.0
0.0
0.0
2.4942075E-5
2.452225E-5
0.0
2.3693206E-5
0.0
2.2878308E-5
2.2476166E-5
0.0
2.1682503E-5
2.1290984E-5
2.0903006E-5
2.051857E-5
4.027536E-5
0.0
1.9386534E-5
0.0
0.0
1.8286419E-5
1.7926812E-5
1.7570754E-5
0.0
1.6869293E-5
0.0
1.6182044E-5
0.0
0.0
3.0355655E-5
0.0
0.0
-2.8411245E-5
0.0
2.7150558E-5
0.0
2.5918354E-5
0.0
0.0
-1.2061741E-5
-1.1769722E-5
2.2962537E-5
2.239276E-5
0.0
0.0
0.0
0.0
1.9650883E-5
0.0
0.0
0.0
0.0
0.0
8.298108E-6
0.0
0.0
0.0
0.0
0.0
0.0
0.0
1.2923525E-5
0.0
0.0
0.0
0.0
0.0
5.2347305E-6
1.0085505E-5
0.0
0.0
0.0
0.0
4.1365797E-6
3.9660918E-6
3.7991865E-6
0.0
0.0
0.0
0.0
3.0184206E-6
2.8730217E-6
0.0
0.0
-2.4583405E-6
-4.654573E-6
0.0
2.075939E-6
0.0
0.0
0.0
0.0
0.0
1.408006E-6
2.6184885E-6
0.0
0.0
0.0
0.0
0.0
0.0
0.0
-6.483831E-7
-5.8193257E-7
0.0
0.0
0.0
0.0
0.0
0.0
-2.1733533E-7
0.0
0.0
0.0
0.0
-6.466283E-8
-8.9809674E-8
-2.8739146E-8
1.6165792E-8
0.0
-1.796202E-9
0.0
