0.30762872
0.13263814
0.07354885
0.7820422
1.975434
1.3060184
0.3755531
0.68342435
0.53155303
1.009138
0.84031713
0.63270617
0.5606034
1.1064103
0.69207627
0.48879126
0.5726438
0.18396713
0.3888397
0.1031648
0.59957236
0.5422168
0.41302383
0.54849255
0.11694393
0.26179516
0.40966937
0.6065716
0.9515946
0.7170658
1.4539326
1.2984475
0.7668794
1.3787127
1.6141367
1.3830241
1.7247155
1.7364124
1.7383434
1.4666361
1.0015845
1.42098
1.5627946
1.7164432
2.1046634
2.6220465
2.447123
1.712981
1.47455
1.0878133
0.4976886
0.58092576
1.0219954
1.5298157
1.2984692
1.4514574
1.0818293
0.54141814
0.37534383
0.4650759
0.47094464
0.35511747
0.57459354
0.33948955
0.5896377
0.4499855
0.27395847
0.27997944
0.43967903
0.21842873
0.10481142
0.11346678
0.59011835
0.8730776
0.7953013
1.1182128
1.3273798
1.4142749
1.9831635
1.9571291
2.213387
2.4418836
2.3624554
1.871745
1.3965807
0.5278574
0.43966165
0.3102068
0.21583666
0.5863885
0.7921347
1.3355665
0.6935332
1.460099
0.6395516
0.4852414
0.4090269
0.39742717
0.46617648
0.74713254
1.3575937
1.3610107
1.3801694
1.4151762
1.8412768
1.4055957
1.1567773
1.0587225
0.96704644
0.85336906
0.5871439
0.54526925
0.27240252
0.22628689
0.15122189
0.1201257
0.2180703
0.40281343
0.40750402
0.44343922
0.8265581
0.62352026
0.4511255
0.4085962
0.25850612
0.53527975
0.25037676
0.6251235
0.5907878
0.30382174
0.6465786
0.6255803
0.5900901
0.56092656
0.41823515
0.44249186
0.44710875
0.49261048
0.3154541
0.28409597
0.51424426
0.57536876
0.22934325
0.23630084
0.03586792
0.26957422
0.16874336
0.2884756
0.29227003
0.350949
0.3339566
0.039783053
0.41422677
0.3181595
0.59239304
0.4770832
0.51221216
0.4784898
0.7495669
0.5380031
0.52512026
0.48573118
0.34381753
0.15341106
0.43787587
0.3314131
0.14885242
0.09850746
0.30686346
0.3350419
0.17415059
0.35553724
0.4776802
0.4628624
0.24535154
0.30813465
0.32955843
0.45607448
0.5767209
0.52038234
0.21392125
0.55666643
0.5890679
0.12233278
0.4013357
0.30334958
0.23240772
0.17645477
0.28696987
0.2311444
0.3886566
0.3863856
0.27199566
0.25177878
0.36299533
0.4531472
0.3788042
0.08117173
0.30452663
0.32212496
0.08356941
0.109462075
0.13747951
0.093351044
0.21162178
0.22271632
0.18892814
0.41863766
0.37388608
0.5951961
0.4636816
0.21873581
0.5895152
0.25867245
0.2832635
0.15326846
0.3663319
0.291623
0.33075902
0.45595226
0.49828577
0.25745073
0.47423834
0.16569372
0.2809666
0.21907614
0.069681786
0.11431942
0.05557447
0.16675703
0.2170055
0.18514423
0.10997287
0.18368927
0.22174802
0.16738887
0.11391422
0.15647216
0.089185774
0.23134549
0.087071195
0.23297994
0.3374992
0.485846
0.4436581
0.13182488
0.12981944
0.11332348
0.049602635
0.14618292
0.24177268
0.13766226
0.22473589
0.111231506
0.15741201
0.055947382
0.10695814
0.35520005
0.38289097
0.45144403
0.41985682
0.4138548
0.19291358
0.033126716
0.12096285
0.28407678
0.10179067
0.24308047
0.31758934
0.13580965
0.14630887
0.50149304
0.66767645
0.5315176
1.5730371
2.8924844
2.4211109
4.9572763
6.0604386
4.445317
13.0016985
16.789692
3.5921953
8.642765
10.065243
3.030816
2.5801713
2.2828937
0.26128677
0.51083386
0.2832968
0.66671205
0.41966486
0.42768842
0.5346957
0.24489662
0.120550625
0.2530088
0.17555195
0.35197392
0.38063902
0.19368003
0.08753027
0.117040336
0.18014999
0.31228724
0.07733982
0.27315232
0.25307226
0.079131134
0.12565146
0.10123315
0.044174444
0.1377696
0.14349096
0.13653974
0.19656344
0.30069488
0.08925876
0.124981165
0.07545367
0.2438399
0.3060504
0.20674758
0.16589482
0.19474025
0.18189448
0.22023174
0.08951952
0.28678104
0.029392676
0.27999368
0.15797
0.11916687
0.072773874
0.026279474
0.15609314
0.07012309
0.1549838
0.102916226
0.21156573
0.23480326
0.29201713
0.19857123
0.2099429
0.05944367
0.47637415
0.21187504
0.10955132
0.2612002
0.14182995
0.17850341
0.2487414
0.13607652
0.31093067
0.17603104
0.18647556
0.32469317
0.13873927
0.2797538
0.5894723
0.74523866
0.44532818
0.32248724
0.39294365
0.31261215
0.3920877
0.33205125
0.73598397
0.06903198
0.072815664
0.24080676
0.18719268
0.2774268
0.40385675
0.26503894
0.28458625
1.0751232
0.6149459
1.0801308
1.61091
0.7150621
6.3184385
11.843737
11.340168
6.736836
3.9562924
2.073731
0.3702013
0.56793773
0.32264817
0.6148625
0.94136924
0.6305663
0.597103
0.44328037
0.5412931
0.2668576
0.40569356
0.40076005
0.33724654
0.17524618
0.20784038
0.2357726
0.13331287
0.18893799
0.7175516
0.6592215
0.15553941
0.25612402
0.30945894
0.16058755
0.15430722
0.39481735
0.6422949
0.20609519
0.18315168
0.32435763
0.47150943
0.27161378
0.14074384
0.10884377
0.15242174
0.1259993
0.11168651
0.17389436
0.15801485
0.04993885
0.011718583
0.1711871
0.09776755
0.32407838
0.18352166
0.16900268
0.21397942
0.30456978
0.13142693
0.2759387
0.24017413
0.36104634
0.19218718
0.080514506
0.24972571
0.15746199
0.11803114
0.15822685
0.09822434
0.012103099
0.12247084
0.08318881
0.06941064
0.10727566
0.21736462
0.33492085
0.34826592
0.36426306
0.044062506
0.040361255
0.18965869
0.20758064
0.032522783
0.122482404
0.1636679
0.17876579
0.23676403
0.6987332
0.7441899
0.3217348
0.1723862
0.18708102
0.2044953
0.22588034
0.33223513
0.20578448
0.033548716
0.23675916
0.3427985
0.20806614
0.14003573
0.19645743
0.23054968
0.21000075
0.22060208
0.18045917
0.2903548
0.25643566
0.18750618
0.22684455
0.111295305
0.1916622
0.055331096
0.16926087
0.14531833
0.1162114
0.22795361
0.14381073
0.08609634
0.14404178
0.13208258
0.229096
0.024900498
0.026673358
0.14052127
0.07670006
0.12343683
0.19638637
0.20878477
0.30489394
0.25648397
0.21217063
0.24776824
0.23843986
0.2954594
0.13803148
0.3308962
0.08956702
0.2953183
0.19104525
0.10513454
0.24254416
0.16354515
0.16177733
0.3807894
0.3149995
0.14792962
0.085260995
0.11691146
0.14221957
0.106860764
0.1060969
0.05101344
0.09698915
0.021711668
0.055812042
0.12852149
0.26877773
0.17196761
0.016818052
0.024824386
0.55241543
0.55013144
0.42318445
0.34081775
0.027358036
0.13090737
0.39762428
0.19630876
0.18850122
0.11010415
0.521765
0.2655792
0.16687874
0.42234483
0.17397091
0.17804566
0.13275744
0.4339318
0.7269623
0.27111143
0.3336615
0.31303823
0.23873569
0.33764794
0.045026742
0.40058613
0.3811984
0.23822792
0.22506018
0.55602014
0.29922822
0.10633216
0.11312688
0.2636429
0.4075268
0.45445314
0.19662772
0.43207693
0.382682
0.64297056
0.74677604
0.40007284
0.3464186
0.46690214
0.36660472
0.1332862
0.49822205
0.70772344
0.9903913
0.37473112
0.6001787
0.7102462
0.0761269
0.6678379
0.3880607
0.28319597
0.48015282
0.56170464
0.3123084
0.55821794
0.68997556
0.358592
0.45172945
0.105776824
0.17696407
0.6320865
0.55016786
0.33992973
0.6938028
0.28853485
0.10550875
0.42182395
0.566019
0.31365448
0.6325753
0.5836896
0.8676838
0.5477831
0.33600464
0.8531651
0.77302957
0.5374491
0.761498
0.26080924
0.11448799
0.33136243
0.18699442
0.5452792
0.2894021
0.622697
0.049305025
0.62229925
1.285652
0.35549718
0.5244024
0.37646946
0.5059662
0.5639418
0.26519856
0.3120834
0.43660408
0.80964124
0.48107192
0.22964378
0.5958168
0.6014574
0.20254631
0.29671058
0.26444715
0.17588602
0.46076065
0.45551836
1.3686814
1.2427757
0.617957
0.19188249
0.163704
0.39941204
0.75212324
0.95322174
0.617173
0.23018044
0.4416995
0.40642846
0.563656
0.3127929
0.40651482
0.5542779
0.5080308
0.50516737
0.21193631
0.4283204
0.40207824
0.36970925
0.6156221
0.12747666
0.35584012
0.45899996
0.19837737
0.36557895
0.1586217
0.24142465
0.04951749
0.30599868
0.24877854
0.24461553
0.31162292
0.33582282
0.26384175
0.20834945
0.34528846
0.11951365
0.07097052
0.28496486
0.3233424
0.4539365
0.35126597
0.3313926
0.70053583
0.636905
0.5257862
0.61799145
0.656469
0.49029052
0.16412298
0.05773123
0.21512069
0.47069368
0.3955591
0.07761822
0.13753584
0.22543575
0.24630119
0.26674625
0.0914534
0.14595455
0.21479905
0.16556318
0.16941953
0.20954022
0.17427826
0.2887883
0.5360775
0.19171351
0.42711705
0.22994341
0.08999946
0.19893627
0.21138696
0.17071167
0.13883513
0.089670755
0.35434714
0.2430307
0.085282795
0.19588774
0.27416915
0.019050688
0.18473436
0.07746685
0.04819335
0.14400087
0.13070737
0.06470467
0.057106957
0.120613635
0.059422612
0.20820947
0.22458377
0.05746176
0.09926458
0.1502616
0.16734211
0.26995367
0.3035722
0.09997638
0.11196997
0.061580576
0.061830737
0.05554729
0.07990968
0.15933111
0.32200018
0.41427866
0.1716824
0.24757613
0.23272587
0.09527327
0.098988965
0.1618557
0.13735455
0.19369996
0.15688284
0.04368733
0.036828686
0.117697954
0.13670802
0.11037141
0.11257261
0.116622895
0.079438195
0.16848318
0.17015512
0.09793766
0.13667676
0.12902309
0.16151832
0.23601079
0.10279571
0.22577693
0.111868314
0.09286201
0.09501705
0.15201774
0.27246007
0.20350356
0.09072646
0.058306046
0.117786646
0.016679255
0.17691654
0.17683473
0.15251394
0.18822719
0.14936413
0.128431
0.015091314
0.16015792
0.02348564
0.19937097
0.08679738
0.13915968
0.05726337
0.2538971
0.13672867
0.10364567
0.15756352
0.11086447
0.07856167
0.020753833
0.16468988
0.07000725
0.09113014
0.07112172
0.14656408
0.09313186
0.025790732
0.08347672
0.0030651516
0.13752656
0.12060889
0.09954997
0.20245233
0.30822158
0.17319562
0.11901489
0.2558582
0.09496981
0.2200542
0.14067918
0.06824769
0.09883561
0.025636775
0.05370305
0.053606838
0.021528777
0.11310521
0.11291612
0.043286398
0.0700212
0.03886187
0.08455227
0.14781399
0.20616862
0.18700434
0.1471583
0.0958821
0.03428508
0.053370573
0.035155788
0.15209818
0.10602127
0.099191144
0.17087217
0.10515796
0.05426076
0.100622326
0.13497306
0.1168426
0.13511775
0.22142416
0.04256294
0.03178192
0.15736876
0.110925205
0.091063365
0.03141774
0.05921204
0.053825773
0.059291445
0.06606857
0.08533658
0.22324206
0.24843925
0.064770445
0.051792957
0.09236277
0.14035808
0.15079537
0.12561001
0.060493946
0.059925314
0.08646078
0.009651845
0.09948841
0.055342555
0.097575195
0.092327625
0.075779185
0.10516634
0.049246483
0.05316281
0.08358923
0.07319815
0.06236331
0.03709206
0.055718448
0.06408211
0.07821404
0.13199778
0.16332746
0.1907479
0.06386751
0.11993747
0.14856653
0.17678292
0.18121223
0.087334886
0.097065255
0.12808068
0.076432005
0.07531399
0.041645154
0.07573415
0.026985742
0.023066059
0.06961558
0.09144431
0.104604095
0.19238168
0.24963553
0.10322903
0.06618727
0.079799704
0.17393525
0.19765873
0.08003706
0.014682021
0.089523785
0.05015981
0.02605099
0.08032146
0.08932004
0.006258435
0.103147134
0.11217455
0.092559524
0.097154975
0.115614004
0.16082227
0.17352527
0.23044106
0.18748406
0.10972119
0.09432513
0.1951233
0.15594134
0.03292752
0.057592552
0.193623
0.1540586
0.11527243
0.059566323
0.021557705
0.040327966
0.071829446
0.052357197
0.096526235
0.063597195
0.06654081
0.12154076
0.038641732
0.073496774
0.07556486
0.083470285
0.18688807
0.067588106
0.3314864
0.46410888
0.25158426
0.24315067
0.033476673
0.1328891
0.02388345
0.038192805
0.058751643
0.09600528
0.056240354
0.024151217
0.057954486
0.13707225
0.13585404
0.24623139
0.37852296
0.40989625
0.24827339
0.15003508
0.34334314
0.40462238
0.1729166
0.14396836
0.13698348
0.05286272
0.13845563
0.086073995
0.04743098
0.076487385
0.115369774
0.14596473
0.1503064
0.20886438
0.27150267
0.19028425
0.054219317
0.06990268
0.017640458
0.022693906
0.10686196
0.09497532
0.05206148
0.07605881
0.08097942
0.13050212
0.17170882
0.06782673
0.09508628
0.08303573
0.11281773
0.10803382
0.017523894
0.03312379
0.056607563
0.09913252
0.11251989
0.115438655
0.08445397
0.10700637
0.14633925
0.13938786
0.12569566
0.06521853
0.04421947
0.035240307
0.08421698
0.12923683
0.12691903
0.094904825
0.07448208
0.09028089
0.038768347
0.09588977
0.14119394
0.118335694
0.083292395
0.09013145
0.032388505
0.12831686
0.13332625
0.20418403
0.15497434
0.08694929
0.038641855
0.15573114
0.12796158
0.10026566
0.09855352
0.1251075
0.061249916
0.0585586
0.014047157
0.12137293
0.1935615
0.0035706488
0.15896827
0.14991578
0.19495703
0.14537835
0.07160948
0.10983505
0.15598781
0.062296767
0.20726573
0.25857967
0.16102266
0.052926466
0.08571357
0.039568376
0.015458479
0.079337224
0.18116595
0.18202752
0.088326976
0.117717266
0.07889794
0.06328934
0.038653262
0.050916977
0.056939017
0.029167298
0.014000856
0.116481654
0.111377545
0.049751874
0.077602684
0.030090362
0.06515359
0.10433858
0.09728647
0.060486328
0.06883992
0.117460184
0.14914793
0.15685184
0.107773714
0.059788413
0.021960074
0.09147132
0.18831089
0.123426564
0.12050226
0.08634909
0.101036996
0.11215337
0.01833062
0.13310099
0.10395137
0.11640032
0.08646502
0.14727803
0.0783335
0.06918074
0.118752085
0.099699035
0.07531687
0.07602698
0.089320995
0.12970844
0.1224881
0.11639058
0.03247766
0.07087048
0.04674922
0.14529786
0.18826586
0.08647698
0.06928856
0.07675191
0.10784621
0.024617968
0.12683482
0.029947909
0.12378286
0.111957654
0.06678253
0.11033037
0.13949703
0.15554741
0.036768753
0.09050612
0.030405907
0.054361653
0.018992363
0.03253402
0.06345969
0.021289838
0.051491022
0.063589536
0.094508454
0.066392526
0.042218313
0.03867955
0.052712515
0.05829086
0.056466985
0.18013267
0.1270345
0.033876486
0.03730677
0.069647364
0.1239666
0.09492379
0.065977216
0.008227375
0.05876471
0.049529765
0.03299806
0.081013046
0.09966486
0.11130703
0.1303928
0.15626514
0.13149108
0.046332426
0.107158765
0.15881944
0.07138301
0.033255592
0.061154347
0.087544896
0.0776209
0.03911423
0.13792636
0.13636795
0.051100098
0.06913104
0.13953307
0.087801784
0.04479575
0.10558317
0.09287134
0.04662129
0.17091906
0.079868354
0.04406824
0.10911617
0.12110927
0.06402798
0.010900313
0.14143251
0.16201141
0.09137697
0.083860025
0.028001988
0.07994696
0.15963079
0.1882663
0.11380772
0.102432154
0.09324692
0.16768165
0.16384982
0.102690004
0.21062864
0.19025151
0.06907065
0.078683056
0.10157062
0.09677809
0.1337873
0.08271305
0.017170617
0.08783117
0.2343185
0.16433181
0.17467608
0.07994341
0.034892052
0.03845804
0.09455648
0.10372038
0.10351334
0.06698601
0.03498225
0.08243444
0.10839847
0.11712681
0.13922283
0.13779812
0.120350584
0.026026286
0.10580701
0.16335627
0.12497737
0.09963504
0.11850428
0.093171775
0.15556787
0.21261609
0.077453494
0.0756104
0.09124177
0.16112947
0.10593334
0.11752772
0.10006775
0.07369225
0.07861721
0.04784873
0.09351164
0.16624501
0.08180784
0.07346626
0.05509084
0.11019751
0.16160402
0.12995489
0.044680674
0.03808054
0.059447475
0.12332741
0.23238043
0.121563196
0.071162544
0.049051113
0.077670075
0.07254325
0.10109806
0.036521554
0.058659095
0.062450804
0.123304054
0.13079874
0.07552435
0.033215985
0.07369354
0.0961623
0.044098366
0.017107967
0.006876272
0.047853805
0.057075832
0.042104892
0.06770388
0.06567816
0.049571026
0.1644481
0.049637415
0.09733502
0.06645798
0.055782296
0.034736145
0.039304346
0.0573556
0.04033965
0.18503058
0.18448038
0.08006016
0.06273069
0.06926898
0.07928084
0.09018327
0.119953506
0.09206475
0.10450066
0.050262664
0.13696495
0.10767439
0.032465123
0.11660743
0.15111046
0.04435074
0.12532143
0.13572344
0.18550967
0.0980753
0.036666676
0.034165554
0.0927255
0.097329
0.075677514
0.10033386
0.13052715
0.11787545
0.14886095
0.0660611
0.07970227
0.045848463
0.102150224
0.13514355
0.034882497
0.14173694
0.24470164
0.26347938
0.064791776
0.084570244
0.17948556
0.02112753
0.2481732
0.10142591
0.064738184
0.1336217
0.06506842
0.051380888
0.060465388
0.06199332
0.117838055
0.11088831
0.06718255
0.15466022
0.21325383
0.21010001
0.14697064
0.15599002
0.194256
0.054901242
0.13019024
0.06629764
0.0698679
0.22654656
0.3389394
0.22241293
0.14727943
0.05049903
0.08843425
0.06838626
0.014158987
0.20228766
0.2696661
0.21489102
0.046748612
0.12595677
0.13201356
0.14927706
0.11394963
0.024467334
0.038986675
0.23556139
0.24477418
0.2280053
0.26149577
0.18405503
0.07451561
0.11480623
0.16559047
0.08442551
0.14305243
0.13027106
0.20401008
0.04466545
0.16800433
0.24841443
0.16533567
0.09412206
0.22689696
0.110579036
0.017360559
0.20651115
0.27978638
0.12479784
0.06488504
0.016791422
0.050012216
0.19607666
0.14647149
0.14329599
0.32347935
0.3276188
0.05084197
0.11245695
0.04325949
0.18450071
0.31945458
0.17837776
0.17253377
0.1882836
0.24777433
0.19107707
0.3611428
0.38083962
0.18920636
0.107139006
0.43192238
0.32338616
0.17985207
0.29011175
0.33623973
0.18482059
0.11222894
0.107538335
0.27097797
0.26766044
0.19322734
0.23518115
0.27520788
0.08352127
0.17156786
0.17811982
0.11629163
0.048251297
0.3296228
0.48495802
0.2853016
0.19682765
0.08283609
0.27405703
0.1624345
0.048177898
0.16542691
0.17873819
0.17290065
0.29129037
0.18963005
0.372135
0.16877794
0.19599737
0.10523705
0.078106
0.17999195
0.37585884
0.56971455
0.20041455
0.19764851
0.20702937
0.054027356
0.35045832
0.15279283
0.2814665
0.35272738
0.38357237
0.08023793
0.10444609
0.05315654
0.1644528
0.36070222
0.31801766
0.14533418
0.11673458
0.058671013
0.0063776346
0.15990184
0.18054545
0.2518355
0.2626762
0.17153946
0.05469434
0.05912161
0.09077499
0.22017618
0.20979127
0.16841935
0.2923618
0.07845048
0.258291
0.2736796
0.21714103
0.13183743
0.11576546
0.105000444
0.11069035
0.2737349
0.1513583
0.12767649
0.26308504
0.34898925
0.22757037
0.22530493
0.20898326
0.12727483
0.1148358
0.14333504
0.14950766
0.10381526
0.041331306
0.19088748
0.22828746
0.16244607
0.1288955
0.14608102
0.28831705
0.30971384
0.20393342
0.24245101
0.24270916
0.10736741
0.20459324
0.22407627
0.25128263
0.26271188
0.13130163
0.0890501
0.097577855
0.18639481
0.30361477
0.26302147
0.15112501
0.17426874
0.13013268
0.08958229
0.24882728
0.17651626
0.08757289
0.08735746
0.18303579
0.25693753
0.17989567
0.12573461
0.21882838
0.22832175
0.19457671
0.09634238
0.19286506
0.22259168
0.10690196
0.05099182
0.063353784
0.09755052
0.06365688
0.09824548
0.17444253
0.11182922
0.034999
0.09311241
0.07407701
0.13519023
0.049751405
0.12188811
0.074743986
0.09698238
0.060914177
0.1903184
0.04893184
0.13490823
0.08830245
0.017896805
0.045607105
0.14572304
0.17824692
0.12108419
0.052987747
0.057885632
0.10571473
0.07529715
0.10815805
0.18576357
0.09588132
0.16194607
0.17258354
0.037836514
0.11004916
0.04191737
0.1228471
0.14113314
0.07194064
0.119351625
0.07135061
0.043909416
0.059791464
0.040912718
0.22005698
0.37693784
0.2732873
0.12563692
0.022461243
0.14981411
0.117023796
0.02965657
0.02740548
0.077614635
0.054353293
0.096711256
0.06936189
0.0808979
0.07469025
0.083585665
0.05149853
0.18525894
0.17882343
0.14920968
0.18917692
0.2001265
0.1112545
0.09461582
0.07602769
0.14978288
0.24268933
0.14704907
0.20289846
0.20407051
0.05658627
0.1644521
0.03655546
0.09464808
0.038188767
0.07884416
0.1055351
0.03621988
0.074712425
0.09679859
0.05089174
0.043360505
0.07825088
0.06621482
0.11184513
0.12425507
0.0616915
0.102611564
0.09437263
0.16225792
0.05743725
0.09768068
0.09233595
0.16328062
0.16329545
0.16360086
0.20998058
0.120425075
0.040475775
0.040815596
0.14461505
0.09907497
0.082298465
0.106683515
0.0926223
0.072472796
0.07008308
0.061751228
0.05764263
0.09269795
0.04075105
0.08624306
0.027324889
0.07412422
0.037607294
0.13764666
0.055099647
0.12092517
0.1670749
0.19907022
0.06606839
0.17779435
0.27799648
0.68610024
0.8562668
1.5489317
2.4549742
9.549242
10.887213
6.779747
2.7238476
1.6649586
1.9216523
1.6132909
0.9522344
0.7900346
0.52577007
0.23471455
0.15903871
0.08336618
0.18800496
0.17372514
0.034096822
0.11796201
0.08075994
0.06948419
0.0812551
0.106555656
0.16509712
0.19834433
0.17862757
0.005457181
0.17215994
0.1541761
0.11026443
0.075109646
0.010812825
0.033304483
0.123389184
0.13369629
0.07009519
0.12183854
0.028159926
0.034382954
0.07389072
0.07142394
0.1645146
0.1919377
0.10490684
0.16280583
0.20462635
0.09471758
0.09213655
0.0694012
0.061825246
0.074761994
0.07401647
0.15854675
0.15087783
0.078328535
0.11079735
0.26566747
0.22659397
0.09881259
0.03515401
0.072082475
0.05964754
0.03775303
0.06558354
0.028287526
0.09865999
0.003678131
0.10541622
0.058004618
0.06700943
0.033189856
0.08587734
0.08405474
0.09877232
0.099331245
0.14455318
0.06761076
0.098874345
0.0115551185
0.036024008
0.11970836
0.11411298
0.05268051
0.15788637
0.07344366
0.03763672
0.1207444
0.09847909
0.028034313
0.09262571
0.085989326
0.05591325
0.046370335
0.036973335
0.064503334
0.04664039
0.10514467
0.08669559
0.049473204
0.10074763
0.09298836
0.044577993
0.066568896
0.10647753
0.07302243
0.098258406
0.098387256
0.052874416
0.028747296
0.009971606
0.021561999
0.033420507
0.0049784705
0.030312583
0.092997804
0.0782705
0.0406829
0.022156317
0.029818168
0.014964521
0.022153677
0.060314696
0.13180344
0.12757297
0.033318944
0.0502774
0.024996247
0.08340986
0.06812275
0.07032265
0.066033125
0.049138438
0.06824101
0.026118686
0.11843415
0.069763765
0.09663003
0.05584944
0.023316307
0.045115847
0.051627707
0.041406702
0.058585152
0.11625138
0.11741536
0.078363046
0.043800198
0.048548903
0.07260249
0.041742526
0.04488244
0.062226303
0.09019455
0.09955062
0.052148115
0.038843624
0.08719399
0.078609824
0.07779657
0.06698186
0.08587165
0.124874376
0.07076485
0.09803265
0.118583135
0.06997691
0.0711138
0.12189679
0.09132136
0.020207
0.010474381
0.047606856
0.021531217
0.05636711
0.08836325
0.12303037
0.12830524
0.08692818
0.10092672
0.09497192
0.04987214
0.09743388
0.096993975
0.10710566
0.09051365
0.026453389
0.033597562
0.0819513
0.059730396
0.013845274
0.025123486
0.06966128
0.056320373
0.08693293
0.09724079
0.07357665
0.010848078
0.058569394
0.062205285
0.0079158
0.0590001
0.03412399
0.032177836
0.09380872
0.08467091
0.11190387
0.10150996
0.08077541
0.07923294
0.14603597
0.13346513
0.05465559
0.03849285
0.030291557
0.04431685
0.081863426
0.046524722
0.023703706
0.05780021
0.04769587
0.033942267
0.032149956
0.04811292
0.027248692
0.0016346913
0.04215272
0.09104716
0.059342373
0.067047305
0.066592075
0.03898461
0.03656474
0.041368823
0.05660392
0.07993454
0.03695173
0.020547165
0.042523187
0.048129495
0.058299802
0.041916315
0.0031365012
0.03049077
0.017225161
0.02676665
0.034563508
0.017552275
0.015068043
0.04303157
0.057208702
0.02832054
0.0345717
0.065824054
0.09303608
0.077885725
0.04130474
0.055944305
0.021979429
0.00685212
0.01776567
0.019735672
0.037355557
0.017121563
0.03357152
0.008927292
0.027806934
0.039474454
0.034182858
0.039366987
0.008050377
0.04861131
0.10555574
0.06793435
0.047683902
0.057823215
0.04898541
0.018371394
0.04204644
0.016714657
0.04444581
0.012540612
0.056024544
0.05482016
0.03362047
0.056121826
0.038966626
0.052026864
0.061092503
0.046908867
0.036406156
0.04978917
0.07162155
0.05295862
0.050283276
0.100934915
0.032890655
0.08413825
0.056082096
0.033377323
0.076129876
0.08127635
0.05185489
0.03925936
0.008409536
0.051779833
0.045496583
0.06766268
0.06788763
0.041853186
0.032058857
0.01502573
0.018953701
0.058514517
0.06257252
0.03931724
0.025379268
0.017537348
0.015563704
0.047527876
0.053777765
0.031992365
0.025692541
0.0510396
0.041250873
0.03156812
0.029685494
0.010398508
0.054170977
0.06135437
0.009903937
0.025535189
0.008992324
0.014645883
0.020922143
0.03065424
0.006181854
0.021995304
-0.021362929
-0.039673917
-0.012207316
-0.009155444
-0.0030517967
0.027465975
0.00305175
0.036620654
0.018310133
0.0030516528
0.00915484
-0.009154711
0.015257618
0.0
0.006102839
-0.006102724
-0.018307805
-0.009153709
-0.027460512
-0.009153289
-0.024408165
-0.0061018835
0.012203436
0.018304637
0.051861614
0.033556487
0.039656404
0.012201569
-0.0030502882
-0.009150541
-0.045751035
-0.027449587
-0.04879737
-0.024397708
0.0030495878
0.006098917
0.04878921
0.03659027
0.04573574
0.024391245
0.0030487585
0.0
-0.021339172
-0.015241477
-0.036577605
-0.012191875
-0.0060956003
-0.0030476279
0.012189807
-0.006094545
0.012188358
-0.0060938057
-0.006093425
0.006093038
0.0
0.030461207
0.009137749
0.024365664
0.0060909926
-0.018271687
-0.015225312
-0.05480712
-0.03044614
-0.030443843
-0.0060883025
0.015219573
0.012174698
0.042608026
0.033475015
0.04564398
0.027384097
0.0
-0.012168631
-0.048670277
-0.03345786
-0.036496215
-0.009123226
0.0060815914
0.009121538
0.033442486
0.015199678
0.03343606
0.015196723
0.0060780873
0.003038739
-0.024307448
0.0
-0.009113412
0.006074971
0.00911149
-0.0060736747
0.0030365079
-0.0242894
-0.0030358385
-0.009106495
0.003035155
0.015174038
0.0060689137
0.039443333
0.030337447
0.04550075
0.02123113
-0.0060652997
-0.018193668
-0.04851044
-0.030315233
-0.033342548
0.0
0.015151823
0.009089914
0.048473194
0.039379265
0.051489092
0.027255265
0.0
-0.0030275374
-0.03935255
-0.018160187
-0.018157635
0.0
0.0030254116
0.0
0.015122684
0.003024094
0.024189182
0.015115989
0.012090978
0.015111438
-0.0030218272
0.0030213632
-0.0030208959
0.012081699
0.012079801
0.0030194724
-0.0030189909
-0.033203565
-0.021126121
-0.033192776
-0.012068119
0.009049592
0.01508014
0.054279394
0.033165134
0.042202987
0.027125843
-0.0030134625
-0.012051756
-0.03614894
-0.02710693
-0.036136165
-0.024086475
0.0030102683
0.012038895
0.04212846
0.03008624
0.042112965
0.024060082
0.0030069482
0.0
-0.02404651
-0.012020965
-0.024037322
-0.0060081715
-0.0060070055
-0.0060058325
0.012009306
-0.006003466
0.0060022725
-0.0060010715
-0.002999932
0.011997299
0.0
0.017988598
0.01498741
0.023974888
0.020973654
0.0059912167
-0.0029949767
-0.0359321
-0.032930735
-0.04190286
-0.017954497
0.0029917674
0.002991115
0.04186643
0.0328878
0.041847926
0.026896244
0.005975604
0.008961387
-0.029864527
-0.035829276
-0.044776347
-0.026859626
-0.008951139
0.0
0.029823223
0.023852976
0.0327901
0.008940632
0.0029795002
0.0119151445
-0.014890343
0.0059546954
-0.011906493
-0.0029758955
0.008925493
-0.0118977185
0.0029736916
-0.020810653
-0.011888822
-0.020800201
-0.017824233
0.0029699504
0.008907576
0.035621163
0.02374132
0.038569655
0.02669512
0.0
-0.0029645702
-0.035565455
-0.026667021
-0.032584347
-0.02665279
-0.008881876
-0.0029598265
0.023672191
0.023665745
0.035488907
0.029565962
0.017734682
0.002954961
-0.026587246
-0.014766562
-0.02952483
-0.014758251
-0.002950814
-0.0029499745
0.020643922
0.0
0.008842308
0.002946583
-0.002945727
0.008834602
0.0
0.008829415
0.0
0.011765583
0.011762078
-0.00293964
0.0029387572
-0.026440838
-0.02055887
-0.026424795
-0.023481539
-0.0029342927
0.0
0.032257322
0.035178892
0.043959923
0.0322272
0.014644131
0.00878371
-0.02341582
-0.020482337
-0.03217627
-0.026317619
0.0
0.0
0.02337082
0.01752242
0.023355609
0.023347965
0.014587684
0.014582873
-0.0058312183
0.0
-0.011654674
-0.0029126934
0.0029117148
0.0058214664
0.01745849
-0.00581752
0.0
-0.008720321
-0.014528878
0.0029047744
0.0
0.020319335
0.020312257
0.031908106
0.028997194
0.008696096
0.0057953494
-0.020276533
-0.017373703
-0.034735
-0.031829014
-0.01735504
-0.011565853
0.028904168
0.031783037
0.0404364
0.03175984
0.011544795
-0.0028851363
-0.025956634
-0.01729801
-0.025937365
-0.017285125
-0.005759551
-0.011514775
0.011510436
0.011506083
0.014377149
0.011497341
0.0028732377
0.002872137
-0.011484132
0.0
-0.008606447
0.008603106
0.008599757
0.0057309316
0.014321715
-0.017179301
-0.014310439
-0.0257486
-0.02287856
-0.0028586814
-0.0028575396
0.017138368
0.01713148
0.022832764
0.02567647
0.011407135
0.00855187
-0.019946218
-0.025634635
-0.03131835
-0.034151398
-0.014223869
-0.011374379
0.017054474
0.01988859
0.028400384
0.031227315
0.008512956
0.005672909
-0.022682028
-0.014170248
-0.019829897
-0.016989795
0.0056608384
-0.0056584063
0.008483951
0.005653523
0.005651072
0.0028243074
-0.005646152
-0.0028218413
-0.011282414
0.008458089
0.0028181192
0.01126749
0.025340604
0.0056287395
0.011252455
-0.014059274
-0.022484744
-0.022474622
-0.0280806
-0.016840734
-0.01683309
0.0056084758
0.014014789
0.036421772
0.04200583
0.022392796
0.019584652
-0.013982562
-0.0195665
-0.022351306
-0.022340873
-0.013956511
-0.016739953
0.011154717
0.011149453
0.0250744
0.030631948
0.016700387
0.022256559
-0.0055614784
-0.005558811
-0.016668413
-0.011106917
0.0055507733
0.0
0.011090771
-0.0027713412
-0.002769987
-0.01107452
-0.016603619
-0.005531813
-0.011058162
0.0027631717
0.0082853995
0.016562551
0.024831427
0.016546002
0.019293984
-0.002754897
-0.0137675395
-0.033025388
-0.03851009
-0.01924526
-0.01373961
0.010986074
0.01647067
0.030180728
0.027422903
0.019186126
0.024655115
-0.0027380362
-0.0054732254
-0.019146303
-0.027337566
-0.013661622
-0.013654447
0.005458903
0.0054560215
0.016359402
0.008175362
0.0
0.008166659
-0.013603823
0.0054386137
-0.0054356926
-0.0027163832
0.010859668
0.0
0.010847906
-0.002710502
-0.005418049
-0.013537724
-0.024354557
-0.016227458
-0.016218526
0.00810479
0.0081003085
0.021588849
0.035062384
0.021564834
0.024246894
-0.008077775
-0.02152865
-0.029585248
-0.03763273
-0.021492267
-0.018795084
0.0026834877
0.008045883
0.018763019
0.024110092
0.021418912
0.02140661
-0.0053485716
-0.013363713
-0.018698378
-0.010678593
0.0
-0.0053330865
0.00799496
0.0
-0.0026618652
0.0026603006
-0.010634934
-0.0026571634
-0.0053111813
0.0026540156
0.0026524374
0.005301714
0.02119419
0.010590751
0.013230496
-0.005289016
-0.015857484
-0.026413178
-0.03959578
-0.023743052
-0.021092102
0.0052698115
0.018433074
0.021053473
0.03156083
0.023656068
0.021014657
-0.0026252095
-0.013117922
-0.026219567
-0.039304897
-0.020949548
-0.023553522
-0.0026154201
0.007841338
0.015672818
0.018273436
0.0026088424
0.0052143834
-0.0078166155
-0.0026038825
0.0
-0.010402253
0.0
-0.007791701
0.002595565
-0.005187788
-0.010368882
-0.010362178
-0.023299793
-0.015523109
-0.012927506
0.0077514458
0.01549276
0.02322392
0.02578742
0.012885231
0.012876738
-0.010294586
-0.010287773
-0.020561898
-0.041096464
-0.023101363
-0.025651049
-0.0025633893
0.015370026
0.025599506
0.03325696
0.017895514
0.01788342
0.0
-0.010205245
-0.017847033
-0.028026225
-0.01782269
-0.017810494
-0.0025426117
0.0
0.00507823
0.015224178
0.0
0.0076015564
-0.002532093
0.0025303317
0.0025285678
-0.0050536036
0.0075751
-0.0025232625
0.0025214893
-0.0050394274
-0.012589679
-0.01761309
-0.027658105
-0.01507553
-0.012554006
0.0050180233
0.012536099
0.020043405
0.03004355
0.012509152
0.010000118
-0.009992905
-0.022467785
-0.022451514
-0.03988484
-0.02241891
-0.022402577
-0.0049747163
0.012427695
0.01986974
0.03226462
0.017360473
0.019825915
0.0
-0.012372881
-0.019781929
-0.02470904
-0.0074071935
-0.01727056
0.002465379
0.0024635328
-0.0049233693
0.004919668
-0.004915963
0.0073683797
0.0
0.0024524103
0.009802195
0.0048973705
0.012234096
0.0
0.0024430812
-0.009764836
-0.019514676
-0.02193712
-0.036533687
-0.017035889
-0.014590892
0.0048598605
0.026708473
0.031539995
0.03636393
0.021801315
0.012102363
-0.007255724
-0.016916724
-0.028977273
-0.0386059
-0.024109624
-0.016863378
0.007221431
0.019241849
0.024033166
0.0312182
0.014396888
0.0119878035
0.0
-0.0023937132
-0.0023917863
-0.016729001
-0.0071637793
-0.011929967
-0.0023840584
0.0023821215
-0.0023801825
0.004756483
-0.004752597
-0.0023743534
0.0023724062
0.009481829
0.023685062
0.018932426
0.021281384
0.0047252825
0.0047213645
-0.011793607
-0.018854069
-0.016483556
-0.028233925
-0.016456008
-0.011744439
0.00469383
0.025794346
0.035144463
0.042137742
0.02105105
0.009348093
-0.011675196
-0.018664425
-0.018648522
-0.027948905
-0.02559792
-0.02092581
-0.0023230945
0.011605486
0.020871881
0.027805163
0.009260376
0.004626178
-0.004622165
0.002309074
0.009228255
-0.0046101026
0.0023030373
-0.016107151
-0.013794023
-0.004593969
0.0
0.00458588
-0.0068727448
-0.0068666646
-0.0022868598
0.011424147
0.020545175
0.025088396
0.025066005
0.0068300706
0.0
-0.01818088
-0.020435106
-0.015879659
-0.024931243
-0.013586571
-0.015836652
-0.004520655
0.01580792
0.020305974
0.03155828
0.022521045
0.013500267
-0.0022479827
-0.024705112
-0.029170103
-0.03138502
-0.024636906
-0.020138837
-0.00670673
0.0
0.002231428
0.013376106
0.0089090895
0.013351154
0.008892442
0.002221027
0.002218942
-0.0066505657
-0.0022147668
-0.004425354
-0.0066317557
-0.01104246
-0.013238383
-0.008817203
-0.008808811
0.0044002063
-0.0021980018
0.008783597
0.024131743
0.01753351
0.03065414
0.013124834
0.0065560853
-0.008732998
-0.021811359
-0.023969226
-0.026122846
-0.017398283
-0.015208659
0.0
0.010842106
0.017330375
0.030298393
0.021620436
0.023759061
0.008631137
-0.012933914
-0.02153519
-0.030119376
-0.021492478
-0.01932399
-0.008579883
0.0
0.0
0.010692721
0.008545596
0.010671264
0.010660524
0.008519822
0.0021278046
0.0
0.010617494
-0.0042426875
0.0
-0.0084681185
-0.019033832
-0.012676259
-0.016884383
-0.004216769
0.0021062198
0.0063121608
0.025222635
0.023096891
0.025170567
0.016763005
0.010466014
-0.008364115
-0.016710825
-0.025040116
-0.037520967
-0.022905506
-0.016641105
-0.002077956
0.014530407
0.014515115
0.028999627
0.022761362
0.018603235
0.012389018
-0.010313226
-0.01442317
-0.022640852
-0.022616709
-0.018484816
-0.012310026
-0.00819789
-0.006141818
0.0020450717
0.0
0.0020406658
0.0020384612
0.0020362553
0.0061021447
0.00406368
0.008118521
-0.0020274199
-0.004050416
-0.010114974
-0.022228587
-0.022204218
-0.024196187
-0.012084787
-0.0020119124
0.0020096924
0.016059771
0.02406299
0.024036309
0.01600641
0.015988605
-0.0019963488
-0.02193533
-0.025894597
-0.035813916
-0.027824033
-0.019851988
-0.003965931
0.011884387
0.01384947
0.021738851
0.013818151
0.017746048
0.013786804
0.0039346055
-0.0039301217
-0.017665364
-0.019605743
-0.019583294
-0.009780418
-0.011723021
-0.0078063556
0.00194934
-0.0058412706
0.0019448393
0.005827762
0.0019403347
0.009690404
0.011614956
0.015468562
0.009656568
0.0
-0.011560784
-0.023094453
-0.024989605
-0.028800238
-0.015342029
-0.009577451
-0.0019132261
0.015287688
0.020995645
0.034315705
0.026658244
0.017117025
0.0
-0.018973516
-0.018950803
-0.024606505
-0.02268642
-0.01888261
-0.0132019045
0.0018837107
0.005644303
0.020670727
0.022522544
0.018745998
0.01310624
-0.003740079
-0.003735516
-0.011192855
-0.011179157
-0.005582727
-0.0130103715
-0.012994373
-0.01297837
-0.0055552977
-0.0036989565
0.0055415696
0.005534702
0.005527832
0.01472256
0.011028171
0.022028835
0.014667547
0.0036622996
-0.005486566
-0.025571845
-0.027363969
-0.02915149
-0.01819671
-0.0072694924
0.0
0.014502202
0.019915229
0.027122622
0.02528223
0.023446431
0.010807615
-0.0035979317
-0.016169958
-0.030504078
-0.023296682
-0.019687213
-0.0071497615
0.0071405335
0.007131303
0.014244141
0.0124474615
0.019534893
0.019509483
0.008856394
0.0053069033
-0.0070666242
-0.0035286874
-0.008810154
-0.012318023
-0.0035148072
-0.007020356
-0.0035055482
-0.0017504585
0.0
0.0034916515
0.008717543
0.015670719
0.01738873
0.026048314
0.017342351
0.0069276616
-0.0034591907
-0.019000022
-0.017249536
-0.022394218
-0.018923411
-0.013743901
-0.0051469943
0.0068533653
0.017110175
0.03075648
0.025595529
0.020448523
0.006806872
-0.008496961
-0.013576526
-0.023726346
-0.018616531
-0.013520675
-0.010126539
0.0016854281
-0.0016830994
0.010084623
0.013427528
0.0150850015
0.018411592
0.010028704
0.010014719
0.0
-0.0033289145
-0.0066485014
-0.00497938
-0.008287304
-0.009930768
-0.00330559
-0.00990277
0.001648128
0.0049373824
0.0065738396
0.02133463
0.018026697
0.021273922
0.013072962
0.008158924
0.001629449
-0.013016903
-0.017872542
-0.027581481
-0.016201034
-0.014559898
-0.009692576
0.008065459
0.009664525
0.020909414
0.019272942
0.014433663
0.006405608
-0.0063962536
-0.011177073
-0.022321401
-0.017512515
-0.015897077
-0.015873684
-0.0063401153
0.0
0.0063213976
0.0078900475
0.012605356
0.011013306
0.010996924
0.01411784
0.0031326169
0.009383807
0.004684882
-0.003118573
-0.0031138915
-0.00932763
-0.0046567917
-0.006199692
-0.0030951637
0.0030904815
0.009257398
0.023108376
0.026149692
0.027645767
0.021469485
0.012249547
0.0045865565
-0.0061060432
-0.0076208473
-0.015218282
-0.016714355
-0.010620019
-0.0015148043
0.0105872415
0.016611341
0.02261671
0.019570716
0.018037183
0.009004545
0.0014984165
0.0029921513
-0.013443613
-0.013422547
-0.019357694
-0.016353842
-0.005937489
-0.00741016
0.0029593832
0.0059094056
0.0059000454
0.0058906856
0.0044109947
0.0073399595
0.0058626095
0.005853252
-0.0029219473
-0.0058345385
-0.01019407
-0.013085611
-0.010161327
-0.011594238
-0.0043408247
-0.007223017
-0.0043267966
0.0071996395
0.008625542
0.020093543
0.017194992
0.012875212
0.00571297
-0.007129531
-0.01138856
-0.018476043
-0.015607882
-0.01416563
-0.0070711393
0.0
0.0070477915
0.019701134
0.019668458
0.02103834
0.019603116
0.0041936683
0.0
-0.006966119
-0.00834535
-0.0083313575
-0.009703596
-0.00415169
-0.0013815657
0.0027584701
0.008261428
0.012371173
0.012350207
0.012329244
0.010940697
0.0054610344
0.008177583
0.006803014
0.0040748264
0.002711897
-0.008121732
-0.0067564794
-0.013489701
-0.010773159
-0.0026886398
-0.0013419954
0.0093777
0.010698783
0.017355321
0.015992425
0.014634178
0.009296406
0.0
-0.0052936636
-0.017174242
-0.015825307
-0.015797475
-0.009198962
0.0
0.005238004
0.015686205
0.015658401
0.015630605
0.019503519
0.0103833545
0.006478023
0.0
-0.006454883
-0.009020645
-0.007718106
-0.002568078
0.0
0.0038382502
0.002554213
0.0038243902
0.007634926
0.007621075
0.015214455
0.008858948
0.006316287
0.003782854
0.0012586459
-0.0025126822
-0.007524221
-0.0112656
-0.018741457
-0.018706923
-0.017427573
-0.016152835
-0.0062011275
-0.00618963
-0.0049425084
-0.01109996
-0.019696502
-0.02703216
-0.04660466
-0.05753472
-0.054983173
-0.04878217
-0.04869044
-0.042523894
-0.024253532
-0.0072623133
0.013289047
0.015675474
0.020459786
0.021622118
0.022779888
0.025129752
0.022693014
0.03218627
0.032124598
0.02731288
0.032001317
0.02839085
0.024794092
0.0259246
0.022346118
0.02347666
0.029288882
0.02806268
0.029175058
0.03261236
0.026736414
0.022043407
0.016210694
0.018490158
0.019607188
0.009208752
-0.0011488249
-0.008025897
-0.004577157
0.009136182
0.013677088
0.013649912
0.012487518
0.007930763
0.0022614084
-0.0033853299
-0.007883282
-0.017982787
-0.02243332
-0.022388177
-0.016757289
-0.0066893846
-0.008901144
0.0044415593
0.0066488246
0.0066353166
0.0066218143
-0.003304159
0.0010991379
0.0
0.0010946443
-0.0010923989
-0.0043606185
-0.0043516452
-0.006514014
0.0
-0.0010811876
0.0010789485
0.0043068416
-0.0021489467
0.0032167123
0.0053500123
0.009609918
0.010655359
0.008506434
0.0053053685
-0.0063530654
-0.013736006
-0.018978994
-0.018938923
-0.018898873
-0.014667988
-0.011500397
-0.009389421
-0.0010410484
0.0
0.0010366108
-0.0010343937
-0.0092896
-0.012359556
-0.020554988
-0.02666396
-0.026606467
-0.021443428
-0.0122268805
-0.009150291
-0.00811594
-0.010122873
-0.010100831
-0.006047282
-0.0040227147
0.0020069564
0.0
-0.0039963243
-0.0049844217
-0.0059681335
-0.0029774841
0.0019806034
0.00395244
0.0029577587
0.0029511913
0.0
0.0039174235
0.011726047
0.014624799
0.026265703
0.023294939
0.019368846
0.018359005
0.00964086
0.0067333686
0.00191947
0.0
9.553893E-4
0.0066725295
0.011412588
0.016130975
0.019880997
0.019835522
0.021674847
0.019744663
0.016885092
0.014974413
0.0102711655
0.0027947556
0.0027882885
0.0027818256
0.002775367
0.004614854
0.010129028
0.011024065
0.010081774
0.01005817
0.003648939
0.010011011
0.013619256
0.013587156
0.01445875
0.0018030697
-0.011692191
-0.009869916
-0.012531855
-0.01339502
-0.008908717
-0.019552357
-0.020392187
-0.017689833
-0.0220592
-0.009682705
-0.008781252
-0.013140093
-0.010486663
-0.021794314
-0.025220085
-0.020821083
-0.022501277
-0.018129801
-0.014640666
-0.01546396
-0.010284046
0.0
0.0059695877
0.008506978
0.011031787
0.0059255124
8.4440614E-4
0.0016846242
8.402197E-4
0.0033525159
0.0050162384
-0.0025018565
-0.0041593313
-0.001659564
-0.0041384967
0.0016512367
0.009058929
0.009036074
0.009832623
8.173109E-4
0.0
0.0024395015
0.0016221956
0.0048541804
-0.006455713
-0.012878397
-0.016859582
-0.020820184
-0.010383323
-0.0039832983
-0.0023838116
7.9254986E-4
0.0
-0.002365341
0.0015727963
0.002353053
-0.0031292227
-0.0015605241
-0.0054475414
-0.010090341
-0.008515559
-0.006948947
-7.700704E-4
0.0046082246
0.008426068
0.009931698
0.012953135
0.012158773
0.014400086
0.018896926
0.017338702
0.020299627
0.020994995
0.017947352
0.017899036
0.016363202
0.0140936775
0.015535063
0.01696846
0.016922371
0.017610079
0.017562075
0.01824387
0.017466202
0.015241041
0.01230411
0.010104926
0.0028791663
-0.0028712184
-0.007874015
-0.009279873
-0.006406696
-0.004259255
0.0
0.0028236916
0.0049276454
0.0063177994
0.0028000323
0.002094121
-0.001392149
-0.0048587746
-0.007613637
-0.008972456
-0.008258771
-0.010980399
-0.008896173
-0.008870796
-0.008845447
-0.00746318
-0.0067652487
-0.0053966464
-0.0047084712
-0.002682795
-0.0060188468
-0.008668722
-0.00864358
-0.010607341
-0.011237491
-0.015159323
-0.017086554
-0.016381284
-0.0150265815
-0.012376789
-0.0090928925
-0.0058281906
-0.004519643
-0.003218759
-0.0012836849
-0.0031996758
-0.00574227
-0.009541904
-0.012684518
-0.013911194
-0.013239034
-0.009428033
-0.0062664296
-0.00499802
-0.0018685925
0.0012419559
0.003714563
0.006789331
0.006153321
0.0049076355
0.006115789
-0.0012194111
-0.0030391717
-0.0012119306
-0.0048327874
0.0
-0.0042025982
-0.008379152
-0.006563179
-0.0071375603
-0.0023717715
5.910913E-4
-0.0017677257
-0.0035243682
-0.0029277487
-0.0017511209
-0.0017455992
-0.004640225
-0.00867288
-0.011527163
-0.0149376895
-0.013172033
-0.009704789
-0.007397586
0.0
0.0011308041
0.0033815035
0.0050559123
0.0033597266
0.005023288
0.005563341
0.0049907463
0.0033163372
0.0044073653
0.006040329
0.012041111
0.018002423
0.020118194
0.02384555
0.023226706
0.022611538
0.025219554
0.02299661
0.021321034
0.01806247
0.013766345
0.01319257
0.011044595
0.011531648
0.009403216
0.006768298
0.0072642933
0.0056883227
0.0077304714
0.006676952
0.0071660536
0.008671915
0.007117134
0.0065861014
0.002019528
-0.0015094299
-0.0040112557
-0.008494442
-0.010954714
-0.0119091
-0.009889717
-0.009855232
-0.005892478
-0.0024466023
-0.0014628107
-0.0014576673
-0.0029050624
-0.00578961
-0.0057691247
-0.005748669
-0.008592364
-0.0076104617
-0.009953088
-0.013695593
-0.0108231
-0.008439835
-0.0037375393
-9.310152E-4
-0.003246777
-0.0023107273
-0.003223277
-0.0018351732
0.0031998472
0.005465415
0.0027227039
-0.0013563577
-0.0054054842
-0.0071807574
-0.0044714017
-0.0017819423
-4.4383353E-4
-0.001326552
-0.0035242965
-0.003950034
-0.0034980064
-0.0013068345
-0.0013019243
-0.0030263844
-0.004307091
-0.008581601
-0.012396156
-0.012774895
-0.011029424
-0.0054936693
-0.0033677914
-0.0033548838
-0.0025064978
-0.0033291313
-0.0012436074
0.002064664
0.002879327
0.0
-0.0012244186
-0.0028458291
-0.0040495717
-0.0032269596
-0.005624995
-0.0052026445
-0.005182114
-0.008337998
-0.006327577
-0.001575609
0.0047080033
0.0117230285
0.013232946
0.01356753
0.011968658
0.0084596705
0.0057446687
0.0038142803
0.0015195233
0.0026483543
0.0030143564
0.0018762773
0.0026160334
0.0026052978
0.0014826178
0.0025838837
0.0022056045
0.0021964677
0.0018227895
-0.002541284
-0.007592046
-0.009720382
-0.008604122
-0.006782976
-0.0042659417
-0.005663909
-0.007402421
-0.008775024
-0.010135743
-0.006960372
-0.0031187844
-0.0010351421
-0.0024049615
-0.0047892216
-0.006812228
-0.0064436276
-0.004052016
-0.0016810026
-6.694716E-4
-3.3327393E-4
-9.954446E-4
-0.0019821515
3.2890512E-4
0.004911817
0.007172147
0.008114042
0.007431749
0.005468563
0.005123899
0.006376201
0.00793448
0.007898781
0.005032418
0.0034441424
0.002181791
0.0037232146
0.008956771
0.012605177
0.014077628
0.013403733
0.010612983
0.009054863
0.009914266
0.010765394
0.00922709
0.007702767
0.0067821336
0.006750348
0.0052580573
0.006686976
0.008680944
0.008063844
0.0083121825
0.0065610367
0.0048263143
0.0048032166
0.0033742366
0.003637836
0.0050127055
0.003602777
0.0013789634
-0.001372258
-0.0032773614
-0.004348452
-0.004868028
-0.0034985177
-0.0032134852
-0.003730539
-0.0037120536
-0.0044850972
-0.0047252667
-0.00391805
-0.004158317
-0.004913197
-0.006432169
-0.0076796166
-0.008914174
-0.010135883
-0.010084261
-0.008778663
-0.0057392907
-0.004965056
-0.0051864595
-0.0063881665
-0.009043769
-0.00948311
-0.008708046
-0.008903188
-0.009335284
-0.010953006
-0.0135007035
-0.011780155
-0.009139837
-0.0069932854
-0.00510108
-0.006457587
-0.008258111
-0.00821372
-0.008169439
-0.005868249
-0.0040406035
-0.0055814288
-0.006217102
-0.007066389
-0.00724723
-0.0056785163
-0.005212776
-0.0056159114
-0.006014324
-0.0059808292
-0.004672974
-0.0027458323
2.100309E-4
0.0018796235
0.0024919957
0.0016519093
0.0020531411
0.0014289988
4.0594873E-4
-4.036183E-4
-6.019412E-4
5.984643E-4
0.003173316
0.006309745
0.0066650175
0.006236271
0.005618464
0.005970598
0.007084127
0.008564804
0.009459911
0.009215459
0.008786468
0.008176291
0.009604746
0.010281132
0.010401348
0.010700895
0.009193545
0.008241509
0.008190947
0.008494467
0.009849012
0.010487134
0.009206052
0.008285559
0.0060037496
0.0044319285
0.0049121673
0.004544493
0.00418118
0.0036560278
0.002146588
0.0014765798
0.0026081584
0.0040489645
0.004666404
0.0038367743
0.0017470631
-0.0011044983
-0.002037753
-0.0017129004
-0.0012375155
-1.5366387E-4
-0.0010684909
-0.001667847
-0.001957886
-0.0022439098
-8.915076E-4
4.427354E-4
2.9315116E-4
-4.367278E-4
-0.0013012158
-0.0027281416
-0.0024241407
-0.0021241482
-0.0021093977
-0.0018154031
-0.0026347213
-0.003993183
-0.004648672
-0.0047515514
-0.0039090505
-0.0033458585
-0.0034548054
-0.0031661566
-0.0030123682
-0.0031206037
-0.0027107026
-0.0024346653
-0.003307272
-0.0035355196
-0.003509454
-0.0032346605
-0.0027166854
-0.0026964229
-0.0021896453
-0.0014487907
-8.3875016E-4
-1.1891366E-4
0.0
-4.6843206E-4
-0.0016269423
-0.0020756815
-0.0022884887
-0.0028384137
-0.0021403877
-0.0015647905
-0.0017742856
-0.0023103838
-0.0020737937
-0.0020573034
-0.0020408768
-0.0017048535
-0.0020082137
-0.0022016591
-0.002911712
-0.0029911143
-0.0023528396
-0.001826212
-0.0016098949
-0.002295032
-0.0031664933
-0.0032381315
-0.0032109276
-0.0027979154
-0.0017219197
-0.0010433274
-0.0012224816
-0.0014916725
-0.0017560822
-0.0016492428
-0.0011807536
-0.0014405309
-0.0010709105
-0.0015921951
-0.0025424708
-0.0019984911
-0.001463935
8.5340114E-5
0.0014376865
0.0015922545
0.0015777474
0.0013164673
0.0010597921
0.0014538445
0.0017604225
0.0016647262
0.0017276502
0.0013224273
0.001155803
0.0014500922
0.0016630054
0.002395683
0.0029656976
0.0026432355
0.002399344
0.002087855
0.002138581
0.0028938
0.0033541617
0.0033898042
0.003287252
0.0027117035
0.002482855
0.002656769
0.0025637704
0.0027325037
0.0026397835
0.0020388402
0.0018913796
0.0019962133
0.0024071108
0.0031142312
0.0032016968
0.0029281834
0.0021280237
0.0013447672
0.0011565593
0.0010866338
0.0015270659
0.0020693433
0.0021567724
0.0018044065
0.001513668
0.0014964215
0.0016377656
0.0019844412
0.0016001144
0.0010713049
4.537433E-4
-1.9928318E-4
0.0
2.9184585E-4
5.7667535E-4
5.697007E-4
4.6897325E-4
0.0
-2.2876149E-4
-3.162951E-4
-5.3545454E-4
-4.846699E-4
-6.5256114E-4
-8.5901486E-4
-9.328198E-4
-0.0012556365
-0.0017350911
-0.0019978443
-0.0024544245
-0.0029381034
-0.0031340187
-0.0033625383
-0.003355264
-0.0032344286
-0.002967582
-0.0025608395
-0.0019480808
-0.0013517068
-0.001052112
-0.0011754846
-0.0015335669
-0.001914571
-0.002217846
-0.0022833236
-0.0018640708
-0.0014881568
-0.0012787979
-0.0011059556
-0.0010891911
-0.0011023463
-0.0011440457
-0.0013284519
-0.0013645344
-0.001259088
-0.0012390837
-0.001029579
-6.930742E-4
-3.6711845E-4
-1.2896162E-4
2.5365433E-5
7.4826225E-5
1.471335E-4
1.6874172E-4
1.4215923E-4
2.5612387E-4
4.1180954E-4
6.967612E-4
9.051802E-4
8.2393514E-4
6.813115E-4
5.6438113E-4
5.334828E-4
6.444058E-4
7.70653E-4
6.979152E-4
5.895047E-4
5.9678644E-4
7.1317033E-4
9.5012103E-4
0.0011069576
0.0010503131
8.434647E-4
5.2876456E-4
2.9127678E-4
2.535E-4
2.3263517E-4
3.0355656E-4
2.9700404E-4
1.01682934E-4
0.0
-2.7777342E-5
-1.3575279E-5
6.632724E-5
3.887753E-5
-3.7969407E-5
-1.1121591E-4
-9.6493925E-5
5.884861E-5
2.2962537E-4
3.1349863E-4
2.9470655E-4
1.9147142E-4
1.1399425E-4
7.064745E-5
1.179053E-4
1.7211527E-4
1.7673889E-4
1.990055E-4
1.582728E-4
9.398108E-5
9.127918E-5
8.056054E-5
7.817573E-5
8.340933E-5
3.675667E-5
2.1370732E-5
4.8295773E-5
4.675154E-5
6.461763E-5
8.747636E-5
9.6615004E-5
1.5746785E-4
1.9140047E-4
2.2807211E-4
2.1462394E-4
1.7145358E-4
1.6019371E-4
1.6343386E-4
1.5260233E-4
1.6380473E-4
1.4891688E-4
1.2294884E-4
1.139756E-4
1.0907595E-4
1.1123607E-4
1.2283902E-4
1.2036137E-4
8.451577E-5
3.447626E-5
2.7312085E-6
-2.5929814E-6
1.7208384E-5
2.7927437E-5
1.7598553E-5
-4.151878E-6
-2.151211E-5
-3.8617774E-5
-3.2790675E-5
-1.7779263E-5
-1.5103569E-5
-1.6896072E-5
-2.6184884E-5
-3.7636222E-5
-4.2654574E-5
-3.9310835E-5
-3.3253236E-5
-2.868622E-5
-3.1682266E-5
-3.80765E-5
-4.2144904E-5
-4.0153347E-5
-3.4777895E-5
-3.034711E-5
-2.5864172E-5
-2.2178654E-5
-1.9730629E-5
-1.6294687E-5
-1.3692125E-5
-1.0956619E-5
-8.438425E-6
-6.6674193E-6
-5.016745E-6
-4.203084E-6
-3.0984338E-6
-1.8680446E-6
-1.0346107E-6
-4.1671862E-7
-8.80139E-8
-0.0
