0.006655637
0.0066581694
0.0066652526
0.0066754036
0.006686317
0.006695093
0.0066985125
0.00669332
0.0066764965
0.0066454974
0.0065984367
0.0065342197
0.0064526126
0.0063542584
0.006240634
0.0061139525
0.0059770206
0.005833047
0.0056854114
0.005537412
0.005392003
0.0052515445
0.005117603
0.0049908143
0.0048708445
0.0047564553
0.004645659
0.004535951
0.004424578
0.004308815
0.004186216
0.0040548155
0.003913281
0.0037609986
0.0035981077
0.0034254864
0.0032446946
0.0030578848
0.0028676828
0.002677042
0.0024890762
0.0023068688
0.0021332614
0.0019706325
0.0018206789
0.0016842348
0.0015611672
0.0014503924
0.0013500387
0.0012577439
0.0011710437
0.0010877849
0.0010065124
9.2680904E-4
8.4959174E-4
7.773773E-4
7.144513E-4
6.666881E-4
6.4051314E-4
6.4070383E-4
6.680308E-4
7.187918E-4
7.86634E-4
8.6481567E-4
9.474905E-4
0.0010300501
0.0011090358
0.0011819485
0.0012470783
0.0013033745
0.0013503473
0.0013879888
0.001416703
0.0014372349
0.0014505966
0.0014579855
0.001460696
0.0014600244
0.001457174
0.0014531644
0.0014487571
0.0014444025
0.001440218
0.0014359988
0.0014312596
0.0014252985
0.0014172773
0.0014063037
0.0013915101
0.0013721212
0.0013475079
0.0013172277
0.0012810502
0.0012389703
0.0011912127
0.0011382259
0.0010806706
0.0010194023
9.55448E-4
8.899796E-4
8.2428055E-4
7.5970666E-4
6.976362E-4
6.394063E-4
5.8623037E-4
5.390972E-4
4.986604E-4
4.6514426E-4
4.3830834E-4
4.1750775E-4
4.0185824E-4
3.9046773E-4
3.8266717E-4
3.781772E-4
3.77171E-4
3.802166E-4
3.881046E-4
4.0159683E-4
4.2116822E-4
4.4683085E-4
4.780917E-4
5.140323E-4
5.534504E-4
5.950054E-4
6.37336E-4
6.791431E-4
7.192445E-4
7.5661024E-4
7.903852E-4
8.199035E-4
8.446964E-4
8.64495E-4
8.792271E-4
8.89009E-4
8.9413E-4
8.9503144E-4
8.922774E-4
8.8651874E-4
8.784503E-4
8.6876284E-4
8.580924E-4
8.4697147E-4
8.357868E-4
8.2474924E-4
8.138805E-4
8.0301944E-4
7.918455E-4
7.7991857E-4
7.6672685E-4
7.5173826E-4
7.344495E-4
7.144282E-4
6.9134735E-4
6.650105E-4
6.353682E-4
6.025288E-4
5.667628E-4
5.2850565E-4
4.8835966E-4
4.4709857E-4
4.0567777E-4
3.6525118E-4
3.2719152E-4
2.9309493E-4
2.647184E-4
2.4375829E-4
2.3140272E-4
2.2780384E-4
2.3188427E-4
2.4172918E-4
2.55264E-4
2.7075715E-4
2.870093E-4
3.033384E-4
3.1948608E-4
3.3550744E-4
3.5166394E-4
3.6832152E-4
3.858563E-4
4.0457255E-4
4.2463964E-4
4.460557E-4
4.686386E-4
4.920424E-4
5.157909E-4
5.393208E-4
5.620266E-4
5.83302E-4
6.0257624E-4
6.193432E-4
6.331841E-4
6.437842E-4
6.5094314E-4
6.545811E-4
6.547391E-4
6.5157446E-4
6.453523E-4
6.364306E-4
6.252413E-4
6.122661E-4
5.98007E-4
5.82954E-4
5.6755025E-4
5.521589E-4
5.370339E-4
5.222996E-4
5.079435E-4
4.938224E-4
4.796827E-4
4.6519234E-4
4.499793E-4
4.3367222E-4
4.1593885E-4
3.9651972E-4
3.7525612E-4
3.52113E-4
3.2719935E-4
3.007896E-4
2.7335263E-4
2.4559596E-4
2.1853506E-4
1.935893E-4
1.7266173E-4
1.5803623E-4
1.5178225E-4
1.5467755E-4
1.6561025E-4
1.8225213E-4
2.0218492E-4
2.2349732E-4
2.4486036E-4
2.6541634E-4
2.8465764E-4
3.023373E-4
3.1840717E-4
3.329721E-4
3.4625147E-4
3.5854193E-4
3.701789E-4
3.814967E-4
3.9278937E-4
4.0427572E-4
4.16073E-4
4.2818233E-4
4.4048784E-4
4.527681E-4
4.6471754E-4
4.7597408E-4
4.8614858E-4
4.9485354E-4
5.017286E-4
5.064622E-4
5.088081E-4
5.085977E-4
5.057478E-4
5.0026434E-4
4.922421E-4
4.8186092E-4
4.6937808E-4
4.5511723E-4
4.394534E-4
4.2279437E-4
4.0555827E-4
3.881483E-4
3.7092515E-4
3.5418E-4
3.3811058E-4
3.2280476E-4
3.0823494E-4
2.942663E-4
2.8067856E-4
2.6719936E-4
2.5354468E-4
2.3946229E-4
2.2477494E-4
2.0942287E-4
1.9350846E-4
1.7734818E-4
1.6153793E-4
1.4702875E-4
1.351742E-4
1.2762821E-4
1.2591422E-4
1.3072757E-4
1.4155007E-4
1.5699827E-4
1.7547648E-4
1.9558426E-4
2.1622433E-4
2.3657382E-4
2.560289E-4
2.741593E-4
2.906774E-4
3.0541784E-4
3.1832315E-4
3.2943147E-4
3.3886437E-4
3.468124E-4
3.5351797E-4
3.5925466E-4
3.6430356E-4
3.68928E-4
3.733488E-4
3.7772217E-4
3.821243E-4
3.8654346E-4
3.908816E-4
3.9496477E-4
3.9855985E-4
4.0139625E-4
4.031887E-4
4.0365942E-4
4.0255798E-4
3.9967775E-4
3.9486852E-4
3.880455E-4
3.7919474E-4
3.6837536E-4
3.557187E-4
3.4142495E-4
3.257573E-4
3.0903346E-4
2.916146E-4
2.738915E-4
2.5626735E-4
2.3913702E-4
2.228624E-4
2.0774556E-4
1.940019E-4
1.8173933E-4
1.7094993E-4
1.6152092E-4
1.5326768E-4
1.4598535E-4
1.3951071E-4
1.3378366E-4
1.2889772E-4
1.2512805E-4
1.2292073E-4
1.2282502E-4
1.2536373E-4
1.3087674E-4
1.3941119E-4
1.5071413E-4
1.6431331E-4
1.7962515E-4
1.9604128E-4
2.1298075E-4
2.2991576E-4
2.4638278E-4
2.6198704E-4
2.7640437E-4
2.8938273E-4
3.0074257E-4
3.1037675E-4
3.1824943E-4
3.2439304E-4
3.2890326E-4
3.3193134E-4
3.3367384E-4
3.3435904E-4
3.3423072E-4
3.3352972E-4
3.3247448E-4
3.3124225E-4
3.2995312E-4
3.2865923E-4
3.273403E-4
3.259068E-4
3.242099E-4
3.2205685E-4
3.192296E-4
3.1550453E-4
3.106711E-4
3.0454833E-4
2.9699813E-4
2.8793555E-4
2.773357E-4
2.6523817E-4
2.517491E-4
2.3704174E-4
2.2135607E-4
2.0499804E-4
1.8833914E-4
1.7181615E-4
1.5592997E-4
1.4123929E-4
1.2833971E-4
1.1781213E-4
1.1012601E-4
1.0551038E-4
1.0385632E-4
1.0473365E-4
1.0753126E-4
1.1163632E-4
1.1656289E-4
1.22004385E-4
1.278301E-4
1.3405216E-4
1.407792E-4
1.4816571E-4
1.5636264E-4
1.654756E-4
1.7553584E-4
1.8648712E-4
1.9818802E-4
2.1042532E-4
2.2293402E-4
2.3541885E-4
2.4757488E-4
2.5910523E-4
2.6973567E-4
2.7922622E-4
2.8738004E-4
2.940497E-4
2.9914157E-4
3.026178E-4
3.0449624E-4
3.0484845E-4
3.0379518E-4
3.014996E-4
2.981579E-4
2.9398763E-4
2.892136E-4
2.8405222E-4
2.786951E-4
2.7329352E-4
2.6794558E-4
2.6268786E-4
2.574931E-4
2.522745E-4
2.468962E-4
2.4118858E-4
2.3496614E-4
2.2804599E-4
2.2026517E-4
2.1149569E-4
2.016569E-4
1.9072538E-4
1.7874307E-4
1.6582529E-4
1.5217005E-4
1.3807187E-4
1.2394342E-4
1.1034813E-4
9.8039905E-5
8.797963E-5
8.123926E-5
7.8674195E-5
8.045539E-5
8.5915424E-5
9.3922055E-5
1.03361606E-4
1.13373644E-4
1.2337421E-4
1.33005E-4
1.4207832E-4
1.5053435E-4
1.5840905E-4
1.6580774E-4
1.7288078E-4
1.7979939E-4
1.8673138E-4
1.938184E-4
2.0115665E-4
2.0878347E-4
2.1667154E-4
2.247307E-4
2.3281648E-4
2.4074336E-4
2.483002E-4
2.5526615E-4
2.6142556E-4
2.6658084E-4
2.7056297E-4
2.7323977E-4
2.7452174E-4
2.7436565E-4
2.727763E-4
2.698059E-4
2.6555182E-4
2.6015216E-4
2.5377935E-4
2.4663156E-4
2.3892219E-4
2.3086707E-4
2.2267058E-4
2.1451077E-4
2.0652526E-4
1.9879965E-4
1.9136038E-4
1.841736E-4
1.7715106E-4
1.7016244E-4
1.630528E-4
1.5566256E-4
1.478485E-4
1.395037E-4
1.3057674E-4
1.2109085E-4
1.11166046E-4
1.0104797E-4
9.114829E-5
8.209551E-5
7.4769356E-5
7.02288E-5
6.9398804E-5
7.258802E-5
7.929856E-5
8.8557645E-5
9.9362565E-5
1.10896646E-4
1.2255492E-4
1.3390562E-4
1.4464906E-4
1.5458804E-4
1.6360862E-4
1.7166733E-4
1.787813E-4
1.8501926E-4
1.9049182E-4
1.9534E-4
1.9972194E-4
2.0379781E-4
2.0771413E-4
2.1158863E-4
2.154977E-4
2.1946785E-4
2.2347263E-4
2.2743506E-4
2.3123508E-4
2.3472066E-4
2.3772092E-4
2.400596E-4
2.4156796E-4
2.4209585E-4
2.4152081E-4
2.3975511E-4
2.3675046E-4
2.3250082E-4
2.2704336E-4
2.2045767E-4
2.1286323E-4
2.0441542E-4
1.9529978E-4
1.8572461E-4
1.7591155E-4
1.6608444E-4
1.5645608E-4
1.4721372E-4
1.3850429E-4
1.3042142E-4
1.2299736E-4
1.1620224E-4
1.09953464E-4
1.04134866E-4
9.862396E-5
9.332402E-5
8.8197914E-5
8.3301085E-5
7.881084E-5
7.5044554E-5
7.244955E-5
7.153775E-5
7.275268E-5
7.631462E-5
8.2143015E-5
8.990659E-5
9.9144454E-5
1.0937264E-4
1.2014293E-4
1.3106425E-4
1.4180575E-4
1.5209401E-4
1.6170955E-4
1.7048419E-4
1.7829925E-4
1.8508421E-4
1.9081506E-4
1.955118E-4
1.992349E-4
2.0207994E-4
2.0417065E-4
2.0564962E-4
2.0666755E-4
2.0737093E-4
2.0788937E-4
2.0832373E-4
2.087364E-4
2.0914523E-4
2.0952198E-4
2.0979538E-4
2.0985847E-4
2.09579E-4
2.088115E-4
2.0740964E-4
2.0523762E-4
2.021802E-4
1.981506E-4
1.9309645E-4
1.870037E-4
1.7989895E-4
1.7185029E-4
1.6296674E-4
1.5339706E-4
1.4332763E-4
1.3297972E-4
1.226061E-4
1.1248609E-4
1.0291799E-4
9.420612E-5
8.6638895E-5
8.04554E-5
7.5803655E-5
7.2704315E-5
7.104197E-5
7.059765E-5
7.111244E-5
7.235454E-5
7.416588E-5
7.64803E-5
7.9316924E-5
8.275603E-5
8.690475E-5
9.186033E-5
9.767879E-5
1.0435528E-4
1.1181855E-4
1.1993751E-4
1.2853513E-4
1.374049E-4
1.4632662E-4
1.5507989E-4
1.6345497E-4
1.7126136E-4
1.7833433E-4
1.8454E-4
1.8977883E-4
1.93988E-4
1.9714251E-4
1.9925488E-4
2.003735E-4
2.0057948E-4
1.999817E-4
1.9871027E-4
1.9690816E-4
1.9472143E-4
1.922883E-4
1.8972815E-4
1.8713124E-4
1.8455075E-4
1.8199797E-4
1.7944195E-4
1.7681328E-4
1.7401192E-4
1.7091772E-4
1.6740238E-4
1.6334138E-4
1.5862493E-4
1.531674E-4
1.469147E-4
1.3985002E-4
1.3199825E-4
1.2342965E-4
1.1426354E-4
1.0467344E-4
9.489492E-5
8.523777E-5
7.6102595E-5
6.799561E-5
6.151794E-5
5.7278645E-5
5.5691533E-5
5.6748166E-5
5.9991813E-5
6.474079E-5
7.034181E-5
7.629448E-5
8.226688E-5
8.806909E-5
9.362071E-5
9.89229E-5
1.04034836E-4
1.09052504E-4
1.1408849E-4
1.1925249E-4
1.2463372E-4
1.3028682E-4
1.3622291E-4
1.4240664E-4
1.4875896E-4
1.5516441E-4
1.6148119E-4
1.675525E-4
1.7321743E-4
1.7832105E-4
1.8272287E-4
1.8630379E-4
1.8897133E-4
1.9066346E-4
1.913508E-4
1.9103769E-4
1.8976154E-4
1.875911E-4
1.846231E-4
1.8097744E-4
1.7679087E-4
1.722091E-4
1.6737761E-4
1.6243162E-4
1.5748567E-4
1.5262427E-4
1.4789446E-4
1.4330204E-4
1.3881183E-4
1.343528E-4
1.2982705E-4
1.2512169E-4
1.2012208E-4
1.1472505E-4
1.0885112E-4
1.02455655E-4
9.5539275E-5
8.815899E-5
8.044217E-5
7.260671E-5
6.499077E-5
5.8091027E-5
5.2586132E-5
4.926879E-5
4.8781174E-5
5.1245373E-5
5.6179317E-5
6.280743E-5
7.0392016E-5
7.836354E-5
8.631873E-5
9.3983865E-5
1.0118205E-4
1.0781079E-4
1.138272E-4
1.19237564E-4
1.2408862E-4
1.2845891E-4
1.3244938E-4
1.3617257E-4
1.3974107E-4
1.4325533E-4
1.467927E-4
1.5039853E-4
1.540806E-4
1.5780798E-4
1.6151363E-4
1.6510076E-4
1.6845128E-4
1.7143555E-4
1.7392206E-4
1.757864E-4
1.7691894E-4
1.7723111E-4
1.7666005E-4
1.7517188E-4
1.7276342E-4
1.6946277E-4
1.653284E-4
1.6044722E-4
1.5493123E-4
1.4891296E-4
1.4253956E-4
1.3596544E-4
1.2934352E-4
1.2281543E-4
1.1650109E-4
1.1048883E-4
1.0482753E-4
9.952267E-5
9.453767E-5
8.98014E-5
8.522137E-5
8.0701204E-5
7.616049E-5
7.155583E-5
6.6902634E-5
6.229818E-5
5.7945428E-5
5.417208E-5
5.1425646E-5
5.0208324E-5
5.092835E-5
5.3729782E-5
5.843752E-5
6.465952E-5
7.193726E-5
7.984328E-5
8.8016255E-5
9.616299E-5
1.04050356E-4
1.11496964E-4
1.1836712E-4
1.2456674E-4
1.3004057E-4
1.3476993E-4
1.3877003E-4
1.4208676E-4
1.4479224E-4
1.4697896E-4
1.4875254E-4
1.5022316E-4
1.5149596E-4
1.526615E-4
1.5378698E-4
1.5490947E-4
1.560321E-4
1.571236E-4
1.581216E-4
1.5893858E-4
1.5946997E-4
1.5960325E-4
1.5922695E-4
1.5823888E-4
1.5655316E-4
1.5410582E-4
1.5085885E-4
1.4680294E-4
1.4195881E-4
1.3637751E-4
1.3013974E-4
1.2335421E-4
1.16155265E-4
1.0869958E-4
1.0116204E-4
9.373006E-5
8.6596185E-5
7.994802E-5
7.3954776E-5
6.875104E-5
6.441988E-5
6.098059E-5
5.838787E-5
5.654669E-5
5.534097E-5
5.4667686E-5
5.446631E-5
5.4735865E-5
5.5535867E-5
5.6970723E-5
5.916041E-5
6.220491E-5
6.615334E-5
7.0987444E-5
7.662232E-5
8.291974E-5
8.9706606E-5
9.679239E-5
1.039831E-4
1.1109152E-4
1.1794445E-4
1.2438794E-4
1.3029108E-4
1.3554892E-4
1.4008442E-4
1.438498E-4
1.4682686E-4
1.4902653E-4
1.5048734E-4
1.5127259E-4
1.5146632E-4
1.5116791E-4
1.5048536E-4
1.4952735E-4
1.483948E-4
1.471724E-4
1.4592102E-4
1.4467209E-4
1.4342481E-4
1.4214656E-4
1.4077651E-4
1.3923219E-4
1.3741758E-4
1.3523216E-4
1.3257976E-4
1.2937644E-4
1.255572E-4
1.2108112E-4
1.1593526E-4
1.10137385E-4
1.037379E-4
9.682144E-5
8.950875E-5
8.195931E-5
7.437562E-5
6.700914E-5
6.016649E-5
5.420896E-5
4.952885E-5
4.6478246E-5
4.524815E-5
4.576611E-5
4.771259E-5
5.0653434E-5
5.417939E-5
5.7979214E-5
6.1853534E-5
6.570102E-5
6.949722E-5
7.327326E-5
7.7095574E-5
8.104658E-5
8.520653E-5
8.963765E-5
9.4372255E-5
9.940597E-5
1.0469645E-4
1.1016708E-4
1.15713876E-4
1.2121436E-4
1.265367E-4
1.3154838E-4
1.3612371E-4
1.4015015E-4
1.435333E-4
1.4620066E-4
1.4810439E-4
1.4922267E-4
1.4956038E-4
1.4914839E-4
1.4804192E-4
1.4631766E-4
1.4406972E-4
1.4140429E-4
1.3843313E-4
1.3526613E-4
1.320033E-4
1.2872675E-4
1.2549374E-4
1.223316E-4
1.1923566E-4
1.16170224E-4
1.13073314E-4
1.0986388E-4
1.0645097E-4
1.027435E-4
9.865972E-5
9.41358E-5
8.9133195E-5
8.3645195E-5
7.770323E-5
7.138418E-5
6.482044E-5
5.821537E-5
5.186639E-5
4.6193338E-5
4.1749758E-5
3.9151484E-5
3.8848593E-5
4.0849445E-5
4.470636E-5
4.9786464E-5
5.5518274E-5
6.14755E-5
6.736698E-5
7.300542E-5
7.828098E-5
8.314297E-5
8.758731E-5
9.164674E-5
9.538209E-5
9.887323E-5
1.0220933E-4
1.05478524E-4
1.0875761E-4
1.1210284E-4
1.1554294E-4
1.1907528E-4
1.2266559E-4
1.26251E-4
1.2974582E-4
1.3304879E-4
1.3605104E-4
1.3864382E-4
1.4072555E-4
1.4220765E-4
1.4301926E-4
1.4311085E-4
1.4245644E-4
1.4105494E-4
1.3893023E-4
1.3613043E-4
1.3272592E-4
1.2880644E-4
1.2447708E-4
1.1985312E-4
1.1505371E-4
1.1019458E-4
1.0538011E-4
1.0069521E-4
9.6198135E-5
9.1915346E-5
8.78396E-5
8.393207E-5
8.012873E-5
7.635035E-5
7.2514864E-5
6.8550966E-5
6.441194E-5
6.008995E-5
5.5631503E-5
5.1155785E-5
4.687668E-5
4.3123957E-5
4.0343144E-5
3.902893E-5
3.9558407E-5
4.2006108E-5
4.61173E-5
5.1458766E-5
5.7583897E-5
6.411292E-5
7.074703E-5
7.72579E-5
8.3474166E-5
8.927115E-5
9.4564006E-5
9.930334E-5
1.03471844E-4
1.070814E-4
1.1016972E-4
1.1279619E-4
1.1503667E-4
1.1697708E-4
1.1870586E-4
1.2030596E-4
1.2184678E-4
1.233771E-4
1.2491988E-4
1.2646975E-4
1.279933E-4
1.2943233E-4
1.307093E-4
1.317342E-4
1.3241192E-4
1.3264963E-4
1.3236316E-4
1.3148253E-4
1.2995626E-4
1.2775438E-4
1.2487046E-4
1.2132254E-4
1.17152995E-4
1.1242775E-4
1.0723448E-4
1.0168014E-4
9.588748E-5
8.999069E-5
8.41298E-5
7.844373E-5
7.30618E-5
6.809408E-5
6.362141E-5
5.968711E-5
5.6293156E-5
5.3403553E-5
5.095615E-5
4.8881604E-5
4.7125923E-5
4.5672066E-5
4.4556098E-5
4.387337E-5
4.376972E-5
4.4414068E-5
4.5955356E-5
4.8478316E-5
5.1978048E-5
5.636328E-5
6.148057E-5
6.7143585E-5
7.315655E-5
7.932926E-5
8.548544E-5
9.146733E-5
9.713822E-5
1.023841E-4
1.0711499E-4
1.1126568E-4
1.1479634E-4
1.176924E-4
1.1996382E-4
1.2164359E-4
1.2278515E-4
1.2345871E-4
1.2374652E-4
1.2373694E-4
1.2351766E-4
1.2316849E-4
1.2275433E-4
1.2231915E-4
1.2188179E-4
1.2143416E-4
1.2094221E-4
1.2034956E-4
1.1958315E-4
1.1856016E-4
1.17195385E-4
1.1540835E-4
1.13129536E-4
1.1030556E-4
1.0690316E-4
1.0291202E-4
9.8346645E-5
9.324748E-5
8.768145E-5
8.174238E-5
7.555139E-5
6.925764E-5
6.303954E-5
5.7105502E-5
5.1692306E-5
4.7055197E-5
4.344103E-5
4.1037667E-5
3.991138E-5
3.997131E-5
4.099675E-5
4.2713626E-5
4.487032E-5
4.728075E-5
4.983533E-5
5.249339E-5
5.526769E-5
5.8206024E-5
6.1372215E-5
6.4827946E-5
6.861742E-5
7.275644E-5
7.7227305E-5
8.1979044E-5
8.69321E-5
9.1985574E-5
9.7025346E-5
1.01932084E-4
1.0658833E-4
1.10884495E-4
1.147237E-4
1.18025586E-4
1.2072918E-4
1.2279478E-4
1.2420508E-4
1.2496537E-4
1.2510287E-4
1.2466506E-4
1.2371712E-4
1.2233826E-4
1.2061685E-4
1.1864489E-4
1.1651141E-4
1.1429566E-4
1.12060596E-4
1.0984732E-4
1.07671425E-4
1.055218E-4
1.0336227E-4
1.0113584E-4
9.877105E-5
9.618952E-5
9.331376E-5
9.007467E-5
8.6418E-5
8.2309845E-5
7.7741206E-5
7.273196E-5
6.7334935E-5
6.1641214E-5
5.5787834E-5
4.9969916E-5
4.445821E-5
3.9617804E-5
3.590604E-5
3.3796558E-5
3.358947E-5
3.5221095E-5
3.8292612E-5
4.2289328E-5
4.6760593E-5
5.1377243E-5
5.5921744E-5
6.026313E-5
6.433544E-5
6.812205E-5
7.164382E-5
7.4949254E-5
7.81049E-5
8.118565E-5
8.426474E-5
8.740421E-5
9.064668E-5
9.400957E-5
9.748234E-5
1.0102703E-4
1.04581726E-4
1.08066015E-4
1.11387664E-4
1.1444948E-4
1.17155854E-4
1.1941853E-4
1.2116139E-4
1.2232423E-4
1.2286552E-4
1.2276419E-4
1.2202057E-4
1.20656296E-4
1.18713455E-4
1.1625278E-4
1.1335087E-4
1.1009651E-4
1.0658595E-4
1.0291727E-4
9.9184E-5
9.5468255E-5
9.183421E-5
8.8322515E-5
8.494673E-5
8.169257E-5
7.852042E-5
7.537097E-5
7.217335E-5
6.8854686E-5
6.535014E-5
6.161282E-5
5.762346E-5
5.3400512E-5
4.9012175E-5
4.4592205E-5
4.036105E-5
3.6648427E-5
3.389566E-5
3.2585074E-5
3.3056305E-5
3.5315625E-5
3.9044582E-5
4.378906E-5
4.9123777E-5
5.471186E-5
6.03031E-5
6.571642E-5
7.082417E-5
7.55414E-5
7.9818856E-5
8.3638326E-5
8.700883E-5
8.996294E-5
9.255253E-5
9.484372E-5
9.6910764E-5
9.8829114E-5
1.00668076E-4
1.0248372E-4
1.04312836E-4
1.06168794E-4
1.0803988E-4
1.0989023E-4
1.1166318E-4
1.13286405E-4
1.14678056E-4
1.1575325E-4
1.1643021E-4
1.16635645E-4
1.16309304E-4
1.1540743E-4
1.13905175E-4
1.1179817E-4
1.0910307E-4
1.0585736E-4
1.02118334E-4
9.796125E-5
9.347681E-5
8.876764E-5
8.394395E-5
7.91181E-5
7.439818E-5
6.98807E-5
6.5642984E-5
6.173626E-5
5.8180925E-5
5.496579E-5
5.20525E-5
4.9385468E-5
4.690624E-5
4.4570526E-5
4.2365886E-5
4.0328167E-5
3.8554303E-5
3.7206424E-5
3.6498368E-5
3.665504E-5
3.7848327E-5
4.013849E-5
4.345775E-5
4.764152E-5
5.2478194E-5
5.7748897E-5
6.3249194E-5
6.879768E-5
7.423805E-5
7.943902E-5
8.429371E-5
8.871925E-5
9.265657E-5
9.6070115E-5
9.894734E-5
1.0129775E-4
1.0315122E-4
1.0455552E-4
1.0557278E-4
1.0627504E-4
1.0673874E-4
1.07038555E-4
1.0724093E-4
1.0739795E-4
1.0754233E-4
1.076841E-4
1.0780963E-4
1.0788304E-4
1.0784979E-4
1.0764193E-4
1.0718428E-4
1.0640079E-4
1.0522051E-4
1.0358284E-4
1.0144175E-4
9.8768985E-5
9.555629E-5
9.181671E-5
8.7585315E-5
8.291909E-5
7.789667E-5
7.261759E-5
6.720144E-5
6.17867E-5
5.65289E-5
5.159722E-5
4.716737E-5
4.3408047E-5
4.045849E-5
3.8399572E-5
3.722964E-5
3.6861762E-5
3.7149774E-5
3.7931517E-5
3.9068604E-5
4.046985E-5
4.209734E-5
4.3959855E-5
4.6098634E-5
4.8569338E-5
5.1423496E-5
5.4692853E-5
5.837922E-5
6.245097E-5
6.684541E-5
7.147506E-5
7.6235636E-5
8.1014055E-5
8.569562E-5
9.016998E-5
9.433598E-5
9.810544E-5
1.01406105E-4
1.0418378E-4
1.06403786E-4
1.08051645E-4
1.0913314E-4
1.0967352E-4
1.0971585E-4
1.093185E-4
1.0855163E-4
1.07492764E-4
1.0622149E-4
1.04813545E-4
1.0333478E-4
1.01835445E-4
1.003457E-4
9.8872864E-5
9.740091E-5
9.589249E-5
9.429304E-5
9.2536575E-5
9.05522E-5
8.8270834E-5
8.5631356E-5
8.258592E-5
7.910426E-5
7.517714E-5
7.081903E-5
6.6070614E-5
6.1001556E-5
5.571435E-5
5.035028E-5
4.509851E-5
4.020791E-5
3.599568E-5
3.2832395E-5
3.1066265E-5
3.087732E-5
3.216194E-5
3.458083E-5
3.7723206E-5
4.123467E-5
4.4859502E-5
4.8434464E-5
5.1869883E-5
5.513189E-5
5.822822E-5
6.119638E-5
6.409285E-5
6.698262E-5
6.9928785E-5
7.298312E-5
7.6178294E-5
7.9522775E-5
8.299897E-5
8.65645E-5
9.0156E-5
9.369468E-5
9.709255E-5
1.0025864E-4
1.03104816E-4
1.0555064E-4
1.07527456E-4
1.0898158E-4
1.0987649E-4
1.10194334E-4
1.0993652E-4
1.09123546E-4
1.0779406E-4
1.0600304E-4
1.0381912E-4
1.0132102E-4
9.8593075E-5
9.5719995E-5
9.2781E-5
8.9843794E-5
8.6958906E-5
8.415531E-5
8.1437895E-5
7.878747E-5
7.616353E-5
7.3509545E-5
7.075988E-5
6.784778E-5
6.471333E-5
6.1311024E-5
5.7616817E-5
5.363495E-5
4.940562E-5
4.5014865E-5
4.0608895E-5
3.64143E-5
3.2760337E-5
3.0079816E-5
2.88313E-5
2.930431E-5
3.143906E-5
3.487363E-5
3.9153365E-5
4.3881813E-5
4.876117E-5
5.3580625E-5
5.8195757E-5
6.2512416E-5
6.647606E-5
7.0064714E-5
7.3283896E-5
7.616214E-5
7.8746336E-5
8.109645E-5
8.3279454E-5
8.536253E-5
8.740607E-5
8.945706E-5
9.154375E-5
9.367224E-5
9.582551E-5
9.7964825E-5
1.0003328E-4
1.0196081E-4
1.03669925E-4
1.05081555E-4
1.0612045E-4
1.06719956E-4
1.0682581E-4
1.0639913E-4
1.05418425E-4
1.0388079E-4
1.01802325E-4
9.921772E-5
9.617917E-5
9.275445E-5
8.902431E-5
8.507895E-5
8.101368E-5
7.692364E-5
7.289784E-5
6.901264E-5
6.5325476E-5
6.186973E-5
5.8651844E-5
5.5651923E-5
5.282826E-5
5.012578E-5
4.7487316E-5
4.4866807E-5
4.2243173E-5
3.963474E-5
3.7113798E-5
3.482003E-5
3.2966782E-5
3.1826126E-5
3.1673957E-5
3.26982E-5
3.4922454E-5
3.8206515E-5
4.231445E-5
4.6988218E-5
5.1990202E-5
5.7117515E-5
6.220261E-5
6.710986E-5
7.173206E-5
7.598795E-5
7.982058E-5
8.31962E-5
8.610313E-5
8.855051E-5
9.05664E-5
9.219523E-5
9.349431E-5
9.452935E-5
9.536926E-5
9.608019E-5
9.6719596E-5
9.733063E-5
9.793781E-5
9.854444E-5
9.9132194E-5
9.966289E-5
1.0008218E-4
1.0032458E-4
1.0031911E-4
9.9995086E-5
9.928734E-5
9.81408E-5
9.65141E-5
9.4382296E-5
9.173866E-5
8.8595705E-5
8.49855E-5
8.095935E-5
7.658699E-5
7.195529E-5
6.7166526E-5
6.2335996E-5
5.7588917E-5
5.3055963E-5
4.8866747E-5
4.514055E-5
4.197407E-5
3.9427763E-5
3.751511E-5
3.620078E-5
3.5411587E-5
3.5058278E-5
3.506066E-5
3.536781E-5
3.596841E-5
3.688993E-5
3.8187885E-5
3.9927934E-5
4.2165437E-5
4.492809E-5
4.8206213E-5
5.1952087E-5
5.6086134E-5
6.0506427E-5
6.509846E-5
6.974352E-5
7.4325246E-5
7.873462E-5
8.287373E-5
8.665858E-5
9.002124E-5
9.291144E-5
9.529754E-5
9.7167E-5
9.852616E-5
9.9399316E-5
9.9827084E-5
9.986381E-5
9.957416E-5
9.902872E-5
9.829903E-5
9.7451906E-5
9.654391E-5
9.561629E-5
9.469114E-5
9.376932E-5
9.2830596E-5
9.183587E-5
9.073131E-5
8.9453744E-5
8.7936634E-5
8.6115986E-5
8.3935694E-5
8.135211E-5
7.83376E-5
7.488331E-5
7.100115E-5
6.672539E-5
6.211409E-5
5.725093E-5
5.2247877E-5
4.7249334E-5
4.2437896E-5
3.803997E-5
3.4324443E-5
3.1578198E-5
3.0038505E-5
2.9793353E-5
3.0723593E-5
3.255314E-5
3.4963454E-5
3.768166E-5
4.0513096E-5
4.3339365E-5
4.610472E-5
4.8801183E-5
5.1454917E-5
5.411366E-5
5.6834717E-5
5.967359E-5
6.267396E-5
6.5859924E-5
6.923143E-5
7.276321E-5
7.640679E-5
8.0094935E-5
8.374733E-5
8.7276625E-5
9.059433E-5
9.3615934E-5
9.626527E-5
9.8478056E-5
1.0020458E-4
1.0141157E-4
1.0208338E-4
1.0222244E-4
1.018489E-4
1.0099961E-4
9.972627E-5
9.809271E-5
9.617137E-5
9.403892E-5
9.1771246E-5
8.943787E-5
8.7096465E-5
8.478796E-5
8.253283E-5
8.032944E-5
7.815456E-5
7.596646E-5
7.370982E-5
7.1322116E-5
6.874047E-5
6.5908425E-5
6.278212E-5
5.933574E-5
5.5566492E-5
5.149967E-5
4.719474E-5
4.2753996E-5
3.833572E-5
3.4173023E-5
3.0593514E-5
2.8014398E-5
2.6855405E-5
2.7344006E-5
2.9363016E-5
3.2530643E-5
3.6408972E-5
4.063432E-5
4.4943732E-5
4.9158818E-5
5.316478E-5
5.689465E-5
6.0318784E-5
6.343755E-5
6.627548E-5
6.887586E-5
7.129478E-5
7.359474E-5
7.583769E-5
7.807798E-5
8.035601E-5
8.269329E-5
8.5089625E-5
8.7522734E-5
8.9950154E-5
9.231307E-5
9.454134E-5
9.655901E-5
9.828976E-5
9.966189E-5
1.00612546E-4
1.0109113E-4
1.0106189E-4
1.0050564E-4
9.942076E-5
9.7823366E-5
9.574684E-5
9.3240575E-5
9.0368005E-5
8.720384E-5
8.3830535E-5
8.033385E-5
7.6797754E-5
7.329871E-5
6.98998E-5
6.664535E-5
6.355702E-5
6.0632025E-5
5.7844532E-5
5.5150136E-5
5.2493207E-5
4.981622E-5
4.7070094E-5
4.4225024E-5
4.1281713E-5
3.828368E-5
3.5331486E-5
3.2598156E-5
3.0339386E-5
2.8878656E-5
2.8536864E-5
2.9507852E-5
3.1765216E-5
3.5090725E-5
3.9184357E-5
4.3754946E-5
4.855748E-5
5.339715E-5
5.8122565E-5
6.261818E-5
6.6798755E-5
7.060569E-5
7.4004645E-5
7.698368E-5
7.955144E-5
8.173505E-5
8.3577215E-5
8.513264E-5
8.6463486E-5
8.763407E-5
8.870508E-5
8.97277E-5
9.073852E-5
9.1755595E-5
9.277645E-5
9.377814E-5
9.471945E-5
9.5544696E-5
9.618873E-5
9.658227E-5
9.665732E-5
9.635191E-5
9.5614254E-5
9.4405914E-5
9.270419E-5
9.050366E-5
8.78169E-5
8.467465E-5
8.112517E-5
7.723321E-5
7.307829E-5
6.875237E-5
6.4356886E-5
5.999885E-5
5.5785888E-5
5.1819963E-5
4.818982E-5
4.49628E-5
4.2177417E-5
3.9839266E-5
3.7922717E-5
3.637985E-5
3.5155535E-5
3.420527E-5
3.351158E-5
3.3095006E-5
3.3016477E-5
3.3368575E-5
3.4255125E-5
3.5763333E-5
3.793801E-5
4.076829E-5
4.41904E-5
4.8101487E-5
5.2376297E-5
5.688122E-5
6.1484054E-5
6.606015E-5
7.049628E-5
7.469312E-5
7.856704E-5
8.205143E-5
8.509764E-5
8.767561E-5
8.9773945E-5
9.139956E-5
9.25766E-5
9.3344635E-5
9.3756E-5
9.387233E-5
9.376014E-5
9.348583E-5
9.311025E-5
9.268337E-5
9.223965E-5
9.179475E-5
9.1343965E-5
9.086285E-5
9.030976E-5
8.9630055E-5
8.8761306E-5
8.763893E-5
8.620162E-5
8.439615E-5
8.2181476E-5
7.9531805E-5
7.643891E-5
7.2913695E-5
6.898722E-5
6.471139E-5
6.0159622E-5
5.542769E-5
5.0635106E-5
4.5927078E-5
4.1476327E-5
3.748231E-5
3.4161647E-5
3.1719963E-5
3.029993E-5
2.992374E-5
3.047378E-5
3.173596E-5
3.347442E-5
3.5489626E-5
3.7643018E-5
3.9857965E-5
4.211002E-5
4.4413755E-5
4.680887E-5
4.9346352E-5
5.207545E-5
5.5032542E-5
5.823307E-5
6.166742E-5
6.530079E-5
6.907616E-5
7.291956E-5
7.674601E-5
8.046564E-5
8.3989195E-5
8.723277E-5
9.012172E-5
9.2593735E-5
9.460117E-5
9.611267E-5
9.711411E-5
9.760884E-5
9.761726E-5
9.7175645E-5
9.633421E-5
9.515427E-5
9.370469E-5
9.205748E-5
9.028276E-5
8.844345E-5
8.6590066E-5
8.4756284E-5
8.295592E-5
8.1181766E-5
7.940672E-5
7.758698E-5
7.566701E-5
7.358546E-5
7.128143E-5
6.8700465E-5
6.57999E-5
6.255335E-5
5.8954618E-5
5.502122E-5
5.079828E-5
4.636366E-5
4.1835694E-5
3.738516E-5
3.3251737E-5
2.9758323E-5
2.729628E-5
2.6230204E-5
2.6718033E-5
2.8599468E-5
3.1495616E-5
3.4998342E-5
3.877853E-5
4.2604497E-5
4.632557E-5
4.9852246E-5
5.314108E-5
5.6184093E-5
5.9000744E-5
6.1630955E-5
6.4128246E-5
6.655245E-5
6.896222E-5
7.140767E-5
7.392397E-5
7.65267E-5
7.9209516E-5
8.1944316E-5
8.468377E-5
8.7365486E-5
8.991716E-5
9.226204E-5
9.432417E-5
9.6033036E-5
9.7327465E-5
9.8158765E-5
9.849302E-5
9.831261E-5
9.761699E-5
9.64228E-5
9.476318E-5
9.268643E-5
9.025388E-5
8.7537024E-5
8.461377E-5
8.156403E-5
7.846452E-5
7.5383294E-5
7.237427E-5
6.947255E-5
6.6691326E-5
6.402094E-5
6.143081E-5
5.887393E-5
5.629359E-5
5.363142E-5
5.083599E-5
4.7871446E-5
4.4726115E-5
4.1421812E-5
3.8024988E-5
3.466121E-5
3.1532996E-5
2.893381E-5
2.7232798E-5
2.6786825E-5
2.7781602E-5
3.0128629E-5
3.3532393E-5
3.764034E-5
4.214056E-5
4.678849E-5
5.140078E-5
5.5842705E-5
6.001793E-5
6.3861655E-5
6.7336194E-5
7.042793E-5
7.314472E-5
7.551321E-5
7.757562E-5
7.938577E-5
8.100431E-5
8.2493156E-5
8.390957E-5
8.530037E-5
8.669698E-5
8.811186E-5
8.953703E-5
9.094458E-5
9.22893E-5
9.3512754E-5
9.4548246E-5
9.532617E-5
9.577909E-5
9.5846255E-5
9.547744E-5
9.463582E-5
9.330019E-5
9.146618E-5
8.9146946E-5
8.6372995E-5
8.319148E-5
7.966484E-5
7.586876E-5
7.188949E-5
6.7820336E-5
6.375736E-5
5.9794074E-5
5.6015302E-5
5.2490584E-5
4.92679E-5
4.6369067E-5
4.37885E-5
4.1496645E-5
3.944847E-5
3.7596223E-5
3.590448E-5
3.436542E-5
3.3012E-5
3.1926298E-5
3.1238393E-5
3.1109477E-5
3.1695938E-5
3.3103177E-5
3.535172E-5
3.8374506E-5
4.204157E-5
4.6192497E-5
5.066148E-5
5.5291508E-5
5.9940758E-5
6.448498E-5
6.88183E-5
7.285351E-5
7.652238E-5
7.977584E-5
8.258405E-5
8.4936204E-5
8.683986E-5
8.8319655E-5
8.941534E-5
9.01789E-5
9.06709E-5
9.095593E-5
9.109746E-5
9.115241E-5
9.1165944E-5
9.1167116E-5
0.0
0.0
0.0
0.0
0.0
0.0
0.0
0.0
0.0
0.0
0.0
0.0
0.0
0.0
0.0
0.0
0.0
0.0
0.0
0.0
0.0
0.0
0.0
0.0
0.0
0.0
0.0
0.0
0.0
0.0
0.0
0.0
0.0
0.0
0.0
0.0
0.0
0.0
0.0
0.0
0.0
0.0
0.0
0.0
0.0
0.0
0.0
0.0
0.0
0.0
0.0
0.0
0.0
0.0
0.0
0.0
0.0
0.0
0.0
0.0
0.0
0.0
0.0
0.0
0.0
0.0
0.0
0.0
0.0
0.0
0.0
0.0
0.0
0.0
0.0
0.0
0.0
0.0
0.0
0.0
0.0
0.0
0.0
0.0
0.0
0.0
0.0
0.0
0.0
0.0
0.0
0.0
0.0
0.0
0.0
0.0
0.0
0.0
0.0
0.0
0.0
0.0
0.0
0.0
0.0
0.0
0.0
0.0
0.0
0.0
0.0
0.0
0.0
0.0
0.0
0.0
0.0
0.0
0.0
0.0
0.0
0.0
0.0
0.0
0.0
0.0
0.0
0.0
0.0
0.0
0.0
0.0
0.0
0.0
0.0
0.0
0.0
0.0
0.0
0.0
0.0
0.0
0.0
0.0
0.0
0.0
0.0
0.0
0.0
0.0
0.0
0.0
0.0
0.0
0.0
0.0
0.0
0.0
0.0
0.0
0.0
0.0
0.0
0.0
0.0
0.0
0.0
0.0
0.0
0.0
0.0
0.0
0.0
0.0
0.0
0.0
0.0
0.0
0.0
0.0
0.0
0.0
0.0
0.0
0.0
0.0
0.0
0.0
0.0
0.0
0.0
0.0
0.0
0.0
0.0
0.0
0.0
0.0
0.0
0.0
0.0
0.0
0.0
0.0
0.0
0.0
0.0
0.0
0.0
0.0
0.0
0.0
0.0
0.0
0.0
0.0
0.0
0.0
0.0
0.0
0.0
0.0
0.0
0.0
0.0
0.0
0.0
0.0
0.0
0.0
0.0
0.0
0.0
0.0
0.0
0.0
0.0
0.0
0.0
0.0
0.0
0.0
0.0
0.0
0.0
0.0
0.0
0.0
0.0
0.0
0.0
0.0
0.0
0.0
0.0
0.0
0.0
0.0
0.0
0.0
0.0
0.0
0.0
0.0
0.0
0.0
0.0
0.0
0.0
0.0
0.0
0.0
0.0
0.0
0.0
0.0
0.0
0.0
0.0
0.0
0.0
0.0
0.0
0.0
0.0
0.0
0.0
0.0
0.0
0.0
0.0
0.0
0.0
0.0
0.0
0.0
0.0
0.0
0.0
0.0
0.0
0.0
0.0
0.0
0.0
0.0
0.0
0.0
0.0
0.0
0.0
0.0
0.0
0.0
0.0
0.0
0.0
0.0
0.0
0.0
0.0
0.0
0.0
0.0
0.0
0.0
0.0
0.0
0.0
0.0
0.0
0.0
0.0
0.0
0.0
0.0
0.0
0.0
0.0
0.0
0.0
0.0
0.0
0.0
0.0
0.0
0.0
0.0
0.0
0.0
0.0
0.0
0.0
0.0
0.0
0.0
0.0
0.0
0.0
0.0
0.0
0.0
0.0
0.0
0.0
0.0
0.0
0.0
0.0
0.0
0.0
0.0
0.0
0.0
0.0
0.0
0.0
0.0
0.0
0.0
0.0
0.0
0.0
0.0
0.0
0.0
0.0
0.0
0.0
0.0
0.0
0.0
0.0
0.0
0.0
0.0
0.0
0.0
0.0
0.0
0.0
0.0
0.0
0.0
0.0
0.0
0.0
0.0
0.0
0.0
0.0
0.0
0.0
0.0
0.0
0.0
0.0
0.0
0.0
0.0
0.0
0.0
0.0
0.0
0.0
0.0
0.0
0.0
0.0
0.0
0.0
0.0
0.0
0.0
0.0
0.0
0.0
0.0
0.0
0.0
0.0
0.0
0.0
0.0
0.0
0.0
0.0
0.0
0.0
0.0
0.0
0.0
0.0
0.0
0.0
0.0
0.0
0.0
0.0
0.0
0.0
0.0
0.0
0.0
0.0
0.0
0.0
0.0
0.0
0.0
0.0
0.0
0.0
0.0
0.0
0.0
0.0
0.0
0.0
0.0
0.0
0.0
0.0
0.0
0.0
0.0
0.0
0.0
0.0
0.0
0.0
0.0
0.0
0.0
0.0
0.0
0.0
0.0
0.0
0.0
0.0
0.0
0.0
0.0
0.0
0.0
0.0
0.0
0.0
0.0
0.0
0.0
0.0
0.0
0.0
0.0
0.0
0.0
0.0
0.0
0.0
0.0
0.0
0.0
0.0
0.0
0.0
0.0
0.0
0.0
0.0
0.0
0.0
0.0
0.0
0.0
0.0
0.0
0.0
0.0
0.0
0.0
0.0
0.0
0.0
0.0
0.0
0.0
0.0
0.0
0.0
0.0
0.0
0.0
0.0
0.0
0.0
0.0
0.0
0.0
0.0
0.0
0.0
0.0
0.0
0.0
0.0
0.0
0.0
0.0
0.0
0.0
0.0
0.0
0.0
0.0
0.0
0.0
0.0
0.0
0.0
0.0
0.0
0.0
0.0
0.0
0.0
0.0
0.0
0.0
0.0
0.0
0.0
0.0
0.0
0.0
0.0
0.0
0.0
0.0
0.0
0.0
0.0
0.0
0.0
0.0
0.0
0.0
0.0
0.0
0.0
0.0
0.0
0.0
0.0
0.0
0.0
0.0
0.0
0.0
0.0
0.0
0.0
0.0
0.0
0.0
0.0
0.0
0.0
0.0
0.0
0.0
0.0
0.0
0.0
0.0
0.0
0.0
0.0
0.0
0.0
0.0
0.0
0.0
0.0
0.0
0.0
0.0
0.0
0.0
0.0
0.0
0.0
0.0
0.0
0.0
0.0
0.0
0.0
0.0
0.0
0.0
0.0
0.0
0.0
0.0
0.0
0.0
0.0
0.0
0.0
0.0
0.0
0.0
0.0
0.0
0.0
0.0
0.0
0.0
0.0
0.0
0.0
0.0
0.0
0.0
0.0
0.0
0.0
0.0
0.0
0.0
0.0
0.0
0.0
0.0
0.0
0.0
0.0
0.0
0.0
0.0
0.0
0.0
0.0
0.0
0.0
0.0
0.0
0.0
0.0
0.0
0.0
0.0
0.0
0.0
0.0
0.0
0.0
0.0
0.0
0.0
0.0
0.0
0.0
0.0
0.0
0.0
0.0
0.0
0.0
0.0
0.0
0.0
0.0
0.0
0.0
0.0
0.0
0.0
0.0
0.0
0.0
0.0
0.0
0.0
0.0
0.0
0.0
0.0
0.0
0.0
0.0
0.0
0.0
0.0
0.0
0.0
0.0
0.0
0.0
0.0
0.0
0.0
0.0
0.0
0.0
0.0
0.0
0.0
0.0
0.0
0.0
0.0
0.0
0.0
0.0
0.0
0.0
0.0
0.0
0.0
0.0
0.0
0.0
0.0
0.0
0.0
0.0
0.0
0.0
0.0
0.0
0.0
0.0
0.0
0.0
0.0
0.0
0.0
0.0
0.0
0.0
0.0
0.0
0.0
0.0
0.0
0.0
0.0
0.0
0.0
0.0
0.0
0.0
0.0
0.0
0.0
0.0
0.0
0.0
0.0
0.0
0.0
0.0
0.0
0.0
0.0
0.0
0.0
0.0
0.0
0.0
0.0
0.0
0.0
0.0
0.0
0.0
0.0
0.0
0.0
0.0
0.0
0.0
0.0
0.0
0.0
0.0
0.0
0.0
0.0
0.0
0.0
0.0
0.0
0.0
0.0
0.0
0.0
0.0
0.0
0.0
0.0
0.0
0.0
0.0
0.0
0.0
0.0
0.0
0.0
0.0
0.0
0.0
0.0
0.0
0.0
0.0
0.0
0.0
0.0
0.0
0.0
0.0
0.0
0.0
0.0
0.0
0.0
0.0
0.0
0.0
0.0
0.0
0.0
0.0
0.0
0.0
0.0
0.0
0.0
0.0
0.0
0.0
0.0
0.0
0.0
0.0
0.0
0.0
0.0
0.0
0.0
0.0
0.0
0.0
0.0
0.0
0.0
0.0
0.0
0.0
0.0
0.0
0.0
0.0
0.0
0.0
0.0
0.0
0.0
0.0
0.0
0.0
0.0
0.0
0.0
0.0
0.0
0.0
0.0
0.0
0.0
0.0
0.0
0.0
0.0
0.0
0.0
0.0
0.0
0.0
0.0
0.0
0.0
0.0
0.0
0.0
0.0
0.0
0.0
0.0
0.0
0.0
0.0
0.0
0.0
0.0
0.0
0.0
0.0
0.0
0.0
0.0
0.0
0.0
0.0
0.0
0.0
0.0
0.0
0.0
0.0
0.0
0.0
0.0
0.0
0.0
0.0
0.0
0.0
0.0
0.0
0.0
0.0
0.0
0.0
0.0
0.0
0.0
0.0
0.0
0.0
0.0
0.0
0.0
0.0
0.0
0.0
0.0
0.0
0.0
0.0
0.0
0.0
0.0
0.0
0.0
0.0
0.0
0.0
0.0
0.0
0.0
0.0
0.0
0.0
0.0
0.0
0.0
0.0
0.0
0.0
0.0
0.0
0.0
0.0
0.0
0.0
0.0
0.0
0.0
0.0
0.0
0.0
0.0
0.0
0.0
0.0
0.0
0.0
0.0
0.0
0.0
0.0
0.0
0.0
0.0
0.0
0.0
0.0
0.0
0.0
0.0
0.0
0.0
0.0
0.0
0.0
0.0
0.0
0.0
0.0
0.0
0.0
0.0
0.0
0.0
0.0
0.0
0.0
0.0
0.0
0.0
0.0
0.0
0.0
0.0
0.0
0.0
0.0
0.0
0.0
0.0
0.0
0.0
0.0
0.0
0.0
0.0
0.0
0.0
0.0
0.0
0.0
0.0
0.0
0.0
0.0
0.0
0.0
0.0
0.0
0.0
0.0
0.0
0.0
0.0
0.0
0.0
0.0
0.0
0.0
0.0
0.0
0.0
0.0
0.0
0.0
0.0
0.0
0.0
0.0
0.0
0.0
0.0
0.0
0.0
0.0
0.0
0.0
0.0
0.0
0.0
0.0
0.0
0.0
0.0
0.0
0.0
0.0
0.0
0.0
0.0
0.0
0.0
0.0
0.0
0.0
0.0
0.0
0.0
0.0
0.0
0.0
0.0
0.0
0.0
0.0
0.0
0.0
0.0
0.0
0.0
0.0
0.0
0.0
0.0
0.0
0.0
0.0
0.0
0.0
0.0
0.0
0.0
0.0
0.0
0.0
0.0
0.0
0.0
0.0
0.0
0.0
0.0
0.0
0.0
0.0
0.0
0.0
0.0
0.0
0.0
0.0
0.0
0.0
0.0
0.0
0.0
0.0
0.0
0.0
0.0
0.0
0.0
0.0
0.0
0.0
0.0
0.0
0.0
0.0
0.0
0.0
0.0
0.0
0.0
0.0
0.0
0.0
0.0
0.0
0.0
0.0
0.0
0.0
0.0
0.0
0.0
0.0
0.0
0.0
0.0
0.0
0.0
0.0
0.0
0.0
0.0
0.0
0.0
0.0
0.0
0.0
0.0
0.0
0.0
0.0
0.0
0.0
0.0
0.0
0.0
0.0
0.0
0.0
0.0
0.0
0.0
0.0
0.0
0.0
0.0
0.0
0.0
0.0
0.0
0.0
0.0
0.0
0.0
0.0
0.0
0.0
0.0
0.0
0.0
0.0
0.0
0.0
0.0
0.0
0.0
0.0
0.0
0.0
0.0
0.0
0.0
0.0
0.0
0.0
0.0
0.0
0.0
0.0
0.0
0.0
0.0
0.0
0.0
0.0
0.0
0.0
0.0
0.0
0.0
0.0
0.0
0.0
0.0
0.0
0.0
0.0
0.0
0.0
0.0
0.0
0.0
0.0
0.0
0.0
0.0
0.0
0.0
0.0
0.0
0.0
0.0
0.0
0.0
0.0
0.0
0.0
0.0
0.0
0.0
0.0
0.0
0.0
0.0
0.0
0.0
0.0
0.0
0.0
0.0
0.0
0.0
0.0
0.0
0.0
0.0
0.0
0.0
0.0
0.0
0.0
0.0
0.0
0.0
0.0
0.0
0.0
0.0
0.0
0.0
0.0
0.0
0.0
0.0
0.0
0.0
0.0
0.0
0.0
0.0
0.0
0.0
0.0
0.0
0.0
0.0
0.0
0.0
0.0
0.0
0.0
0.0
0.0
0.0
0.0
0.0
0.0
0.0
0.0
0.0
0.0
0.0
0.0
0.0
0.0
0.0
0.0
0.0
0.0
0.0
0.0
0.0
0.0
0.0
0.0
0.0
0.0
0.0
0.0
0.0
0.0
0.0
0.0
0.0
0.0
0.0
0.0
0.0
0.0
0.0
0.0
0.0
0.0
0.0
0.0
0.0
0.0
0.0
0.0
0.0
0.0
0.0
0.0
0.0
0.0
0.0
0.0
0.0
0.0
0.0
0.0
0.0
0.0
0.0
0.0
0.0
0.0
0.0
0.0
0.0
0.0
0.0
0.0
0.0
0.0
0.0
0.0
0.0
0.0
0.0
0.0
0.0
0.0
0.0
0.0
0.0
0.0
0.0
0.0
0.0
0.0
0.0
0.0
0.0
0.0
0.0
0.0
0.0
0.0
0.0
0.0
0.0
0.0
0.0
0.0
0.0
0.0
0.0
0.0
0.0
0.0
0.0
0.0
0.0
0.0
0.0
0.0
0.0
0.0
0.0
0.0
0.0
0.0
0.0
0.0
0.0
0.0
0.0
0.0
0.0
0.0
0.0
0.0
0.0
0.0
0.0
0.0
0.0
0.0
0.0
0.0
0.0
0.0
0.0
0.0
0.0
0.0
0.0
0.0
0.0
0.0
0.0
0.0
0.0
0.0
0.0
0.0
0.0
0.0
0.0
0.0
0.0
0.0
0.0
0.0
0.0
0.0
0.0
0.0
0.0
0.0
0.0
0.0
0.0
0.0
0.0
0.0
0.0
0.0
0.0
0.0
0.0
0.0
0.0
0.0
0.0
0.0
0.0
0.0
0.0
0.0
0.0
0.0
0.0
0.0
0.0
0.0
0.0
0.0
0.0
0.0
0.0
0.0
0.0
0.0
0.0
0.0
0.0
0.0
0.0
0.0
0.0
0.0
0.0
0.0
0.0
0.0
0.0
0.0
0.0
0.0
0.0
0.0
0.0
0.0
0.0
0.0
0.0
0.0
0.0
0.0
0.0
0.0
0.0
0.0
0.0
0.0
0.0
0.0
0.0
0.0
0.0
0.0
0.0
0.0
0.0
0.0
0.0
0.0
0.0
0.0
0.0
0.0
0.0
0.0
0.0
0.0
0.0
0.0
0.0
0.0
0.0
0.0
0.0
0.0
0.0
0.0
0.0
0.0
0.0
0.0
0.0
0.0
0.0
0.0
0.0
0.0
0.0
0.0
0.0
0.0
0.0
0.0
0.0
0.0
0.0
0.0
0.0
0.0
0.0
0.0
0.0
0.0
0.0
0.0
0.0
0.0
0.0
0.0
0.0
0.0
0.0
0.0
0.0
0.0
0.0
0.0
0.0
0.0
0.0
0.0
0.0
0.0
0.0
0.0
0.0
0.0
0.0
0.0
0.0
0.0
0.0
0.0
0.0
0.0
0.0
0.0
0.0
0.0
0.0
0.0
0.0
0.0
0.0
0.0
0.0
0.0
0.0
0.0
0.0
0.0
0.0
0.0
0.0
0.0
0.0
0.0
0.0
0.0
0.0
0.0
0.0
0.0
0.0
0.0
0.0
0.0
0.0
0.0
0.0
0.0
0.0
0.0
0.0
0.0
0.0
0.0
0.0
0.0
0.0
0.0
0.0
0.0
0.0
0.0
0.0
0.0
0.0
0.0
0.0
0.0
0.0
0.0
-1.2348569E-4
-1.2256467E-4
-1.2164696E-4
-1.2073255E-4
-1.19821445E-4
-1.1891366E-4
-1.1800918E-4
-1.17108015E-4
-1.1621017E-4
-1.1531563E-4
-1.1442443E-4
-1.13536546E-4
-1.12651986E-4
-1.1177075E-4
-1.1089285E-4
-1.1001828E-4
-1.0914704E-4
-1.08279135E-4
-1.0741457E-4
-1.0655334E-4
-1.0569546E-4
-1.0484092E-4
-1.0398972E-4
-1.0314187E-4
-1.02297374E-4
-1.0145623E-4
-1.0061843E-4
-9.9783996E-5
-9.8952914E-5
-9.8125194E-5
-9.7300835E-5
-9.647984E-5
-9.566221E-5
-9.484794E-5
-9.403705E-5
-9.322953E-5
-9.2425376E-5
-9.16246E-5
-9.08272E-5
-9.003318E-5
-8.924254E-5
-8.845529E-5
-8.767141E-5
-8.689092E-5
-8.6113825E-5
-8.5340114E-5
-8.4569794E-5
-8.3802865E-5
-8.303934E-5
-8.2279206E-5
-8.152247E-5
-8.076914E-5
-8.001921E-5
-7.927268E-5
-7.8529556E-5
-7.778984E-5
-7.705353E-5
-7.632064E-5
-7.559116E-5
-7.486509E-5
-7.414244E-5
-7.342321E-5
-7.270739E-5
-7.1995004E-5
-7.1286035E-5
-7.0580485E-5
-6.987837E-5
-6.917968E-5
-6.848442E-5
-6.7792585E-5
-6.710419E-5
-6.641923E-5
-6.57377E-5
0.0
0.0
0.0
0.0
0.0
0.0
0.0
0.0
0.0
0.0
0.0
0.0
0.0
0.0
0.0
0.0
0.0
0.0
0.0
0.0
0.0
0.0
0.0
0.0
0.0
0.0
0.0
0.0
0.0
0.0
0.0
0.0
0.0
0.0
0.0
0.0
0.0
0.0
0.0
0.0
0.0
0.0
0.0
0.0
0.0
0.0
0.0
0.0
0.0
0.0
0.0
0.0
0.0
0.0
0.0
0.0
0.0
0.0
0.0
0.0
0.0
0.0
0.0
0.0
0.0
0.0
0.0
0.0
0.0
0.0
0.0
0.0
0.0
0.0
0.0
0.0
0.0
0.0
0.0
0.0
0.0
0.0
0.0
0.0
0.0
0.0
0.0
0.0
0.0
0.0
0.0
0.0
0.0
0.0
0.0
0.0
0.0
0.0
0.0
0.0
0.0
0.0
0.0
0.0
0.0
0.0
0.0
0.0
0.0
0.0
0.0
0.0
0.0
0.0
0.0
0.0
0.0
0.0
0.0
0.0
0.0
0.0
0.0
0.0
0.0
0.0
0.0
0.0
0.0
6.8993963E-6
6.678791E-6
6.4617625E-6
6.2483114E-6
6.0384377E-6
5.8321425E-6
5.6294257E-6
5.430288E-6
5.2347305E-6
5.0427525E-6
4.854355E-6
4.6695386E-6
4.4883036E-6
4.3106506E-6
4.1365797E-6
3.9660918E-6
3.7991865E-6
3.635865E-6
3.4761272E-6
3.3199735E-6
3.1674044E-6
3.0184206E-6
2.8730217E-6
2.7312085E-6
2.5929814E-6
2.4583405E-6
2.3272864E-6
2.1998192E-6
2.075939E-6
1.9556464E-6
1.8389417E-6
1.725825E-6
1.6162967E-6
1.5103569E-6
1.408006E-6
1.3092442E-6
1.2140717E-6
1.1224888E-6
1.0344957E-6
9.5009244E-7
8.6927935E-7
7.920567E-7
7.1842453E-7
6.483831E-7
5.8193257E-7
5.19073E-7
4.598047E-7
4.041277E-7
3.5204212E-7
3.0354812E-7
2.5864583E-7
2.1733533E-7
1.796167E-7
1.4549008E-7
1.14955505E-7
8.801307E-8
6.466283E-8
4.4904837E-8
2.8739146E-8
1.6165792E-8
7.1848034E-9
1.796202E-9
0.0
