0.13566951
0.018844087
0.29152763
0.44261917
0.43798947
0.31132415
0.100586936
0.07911601
0.08282487
0.2062175
0.29597312
0.11596346
0.30426243
0.3071486
0.23532768
0.06836929
0.5118659
0.57319653
0.44301268
0.36748618
0.3318907
0.19701849
0.22985286
0.36315554
0.400471
0.38480157
0.08788933
0.120302446
0.26631406
0.4259107
0.07853711
0.294218
0.2697746
0.37753496
0.25411695
0.107311815
0.0970362
0.27956676
0.17384985
0.11466048
0.044819314
0.21942596
0.23449399
0.37509936
0.45568642
0.36284223
0.25562745
0.26174575
0.26736918
0.34930116
0.4810168
0.49087316
0.3525565
0.40525308
0.5904263
0.51368433
0.17869188
0.23847379
0.35174543
0.2568013
0.1708819
0.18308665
0.3011571
0.34537086
0.25715753
0.15664794
0.20739844
0.14992405
0.19417858
0.36149165
0.1525262
0.13032474
0.24378069
0.34923574
0.301325
0.2379885
0.105635494
0.070202425
0.07410194
0.05411004
0.08941266
0.08030522
0.15305299
0.09140351
0.176521
0.12279732
0.25285393
0.16972303
0.06902735
0.061804805
0.1450634
0.085304864
0.1777644
0.23929186
0.09394609
0.09000861
0.18147443
0.24268527
0.14441049
0.1060189
0.1332699
0.050989248
0.03998068
0.11033942
0.14088017
0.03624297
0.044389587
0.051344026
0.047106802
0.11344201
0.135665
0.039553996
0.11757157
0.0411966
0.13674428
0.13305299
0.03751515
0.097303055
0.1430079
0.089287184
0.07969823
0.043885533
0.048512407
0.13476546
0.10473679
0.084254086
0.19027273
0.23507006
0.24055004
0.14236319
0.1308948
0.26321238
0.16389796
0.040626775
0.04353286
0.1285511
0.14625521
0.09658942
0.121226534
0.1018313
0.1684984
0.13998954
0.048402265
0.13574801
0.11647753
0.046851184
0.06161885
0.12663856
0.09161421
0.08154387
0.08643308
0.147175
0.15791662
0.108235575
0.10354463
0.07838705
0.05570631
0.053629633
0.05118982
0.059316244
0.091182895
0.12574925
0.057053752
0.079998866
0.07088473
0.11022097
0.07795913
0.07395969
0.08523134
0.124352254
0.08175952
0.046000194
0.09624368
0.07781067
0.06060719
0.072074495
0.068354174
0.070677236
0.06396647
0.14793162
0.16471569
0.14332943
0.09103878
0.097934805
0.10734422
0.060789343
0.016706739
0.056720167
0.17531021
0.1606967
0.0857648
0.041550055
0.07085183
0.10088452
0.15614268
0.12301515
0.08712193
0.11850521
0.10084587
0.05157753
0.080218054
0.08434017
0.05543744
0.05231697
0.055696588
0.02485381
0.057812996
0.038979415
0.031868428
0.054089442
0.07053004
0.027746744
0.07993942
0.06666015
0.09451014
0.14046569
0.16274732
0.15170419
0.052222054
0.044536997
0.06284791
0.049670503
0.037261836
0.06202495
0.06443854
0.117946245
0.12191945
0.010921812
0.042667765
0.059571523
0.049616728
0.013152793
0.020968748
0.058580007
0.09666006
0.0814433
0.018041996
0.019275822
0.09386401
0.12551802
0.11402996
0.054151915
0.01723212
0.0510988
0.11391638
0.073858105
0.018425774
0.04521182
0.05492008
0.05265338
0.08209706
0.09046521
0.028209006
0.05122401
0.044418395
0.047574926
0.06482109
0.07722796
0.11093587
0.061537318
0.06534633
0.080239974
0.09785597
0.01870843
0.039583627
0.096773334
0.06267242
0.05579371
0.07789538
0.08281593
0.09484172
0.046182167
0.008159446
0.07913328
0.109519854
0.09623288
0.108868904
0.118195966
0.09439545
0.068520606
0.056012906
0.039233785
0.068657
0.08260637
0.07183204
0.036278274
0.0670871
0.117056444
0.13570818
0.13748218
0.08713672
0.113229506
0.12835804
0.08249496
0.042617436
0.054737058
0.050202712
0.04299258
0.037442427
0.12293803
0.12234526
0.07505407
0.015099912
0.05837309
0.075848855
0.058617815
0.03604644
0.04475292
0.040896654
0.036748346
0.033380546
0.03545074
0.05533013
0.07737314
0.019619709
0.054085344
0.014514431
0.0268891
0.09203094
0.120350875
0.1043246
0.09191013
0.08030123
0.07118237
0.06575526
0.05849802
0.08607523
0.076442175
0.081407845
0.078470595
0.02746452
0.047433633
0.08447766
0.053944975
0.06307446
0.11828964
0.055079825
0.045754377
0.027750697
0.036992908
0.029935114
0.0709286
0.08574034
0.034734543
0.029492797
0.028317593
0.10657991
0.09495974
0.034829162
0.014567304
0.060227584
0.08402827
0.014205494
0.04258974
0.010801529
0.049518637
0.059549574
0.06666151
0.07910688
0.10335791
0.13580003
0.10180174
0.05012912
0.056552425
0.08270717
0.07076764
0.10278536
0.09741378
0.041863296
0.07816577
0.08789711
0.022251252
0.010883132
0.033162903
0.003846527
0.06690132
0.08164055
0.06857237
0.044417936
0.029632464
0.05396999
0.06888054
0.08027332
0.016088717
0.0474264
0.07292807
0.040554974
0.08839045
0.022212021
0.046362333
0.07765437
0.06992998
0.068789735
0.060286913
0.115586385
0.20094763
0.11524938
0.03601631
0.027420288
0.040678233
0.06886098
0.032349806
0.024601249
0.05764419
0.049411125
0.020429553
0.008607031
0.046130773
0.058669
0.022744015
0.029361434
0.017893553
0.026449656
0.036753282
0.05350422
0.0565807
0.04804594
0.117105395
0.1244482
0.06465131
0.06083197
0.060331747
0.01611997
0.037765507
0.05844602
0.017641146
0.025498016
0.031340126
0.031342886
0.055627067
0.016057573
0.017316867
0.06025047
0.14954934
0.16890961
0.13223587
0.043372385
0.042147014
0.063775145
0.04462559
0.07266109
0.08209265
0.020915132
0.02971175
0.011847506
0.07563613
0.088214524
0.034719437
0.053897977
0.065166496
0.048376396
0.053395644
0.09751809
0.04926282
0.08358566
0.05845708
0.058178756
0.0761274
0.07447582
0.122954935
0.12211936
0.038680665
0.03703086
0.05821527
0.07534665
0.08571809
0.054968804
0.07385788
0.0599569
0.089548804
0.07180593
0.02985742
0.038457192
0.034426745
0.029388877
0.033899404
0.036174733
0.06957996
0.10038981
0.081188254
0.031713232
0.033017725
0.027209792
0.035696805
0.047694445
0.027872227
0.06286018
0.09008315
0.058096573
0.07452965
0.087894626
0.075683765
0.06292917
0.0471998
0.034837835
0.060193285
0.077362955
0.12802364
0.08452728
0.03785144
0.06665366
0.04595929
0.019595303
0.07342143
0.081907675
0.03995645
0.07095333
0.12689213
0.1416284
0.06071239
0.05782958
0.007373447
0.04817137
0.094321854
0.076331064
0.02746806
0.104781754
0.07132318
0.075312935
0.06554034
0.16499195
0.107685946
0.049728572
0.101791896
0.10242117
0.07477075
0.02876181
0.072403304
0.07529552
0.033428118
0.024300218
0.08459549
0.10369276
0.05120176
0.056286145
0.03796241
0.0200524
0.068005286
0.060554367
0.040664557
0.052335665
0.06538284
0.027377602
0.025469495
0.027529528
0.014414734
0.047014065
0.047842108
0.035935245
0.0558402
0.0570311
0.1025696
0.11250992
0.050658606
0.03624588
0.0736539
0.041078854
0.094568804
0.07605793
0.029222678
0.030046385
0.055625968
0.08365252
0.08335403
0.07107917
0.04637111
0.049023475
0.081221975
0.05763412
0.02649314
0.038111262
0.03394428
0.04623506
0.07654859
0.05645873
0.12417126
0.13564044
0.09759069
0.10873874
0.10617611
0.014800866
0.08110663
0.06742676
0.04062479
0.048039444
0.1190718
0.12245574
0.15512986
0.18683203
0.16887155
0.16565418
0.10095354
0.01547044
0.049779616
0.08449212
0.11000853
0.16209997
0.15881228
0.21798739
0.15730585
0.1214166
0.1948742
0.1746613
0.13929078
0.11125449
0.068330005
0.018928785
0.026864417
0.069559306
0.08100218
0.03703546
0.07242172
0.030182155
0.083308876
0.12082518
0.07624733
0.077986404
0.11591962
0.07131455
0.045505293
0.03977321
0.13210931
0.108858146
0.07473768
0.06237221
0.019340983
0.030514413
0.06295074
0.042389654
0.012374615
0.0053804354
0.01975047
0.029154086
0.094315186
0.06778025
0.07748909
0.104037955
0.019180525
0.046075024
0.0269891
0.05599462
0.0423288
0.016065143
0.020397257
0.05652072
0.078804344
0.0871431
0.008769656
0.07758776
0.06395983
0.06797645
0.06255703
0.037251167
0.06454793
0.13010025
0.10634405
0.043783844
0.047637958
0.1332483
0.17769347
0.12277032
0.13992961
0.16562252
0.11491538
0.03366223
0.07486707
0.08515639
0.029145924
0.012156077
0.049286727
0.041478276
0.048888456
0.04117648
0.05203369
0.0653826
0.10683723
0.04150985
0.05171633
0.03437711
0.026851865
0.026605949
0.042338725
0.01850165
0.029398905
0.058476374
0.048783597
0.03878064
0.032028485
0.027654476
0.060766064
0.04135546
0.116677925
0.053760476
0.010430769
0.061173808
0.043258373
0.051289026
0.08734901
0.1014117
0.07892653
0.05701912
0.038197745
0.0496746
0.04221008
0.02132241
0.049442213
0.064347856
0.014736707
0.045601875
0.093024276
0.074427575
0.014707254
0.07386204
0.0641971
0.07671764
0.08844996
0.08089709
0.044457022
0.05098357
0.09043988
0.07234646
0.06689726
0.09456658
0.10975835
0.045984842
0.019450631
0.048741534
0.06239758
0.031452198
0.019841634
0.056591745
0.122731954
0.14952679
0.08871564
0.03503093
0.048974745
0.08355271
0.096424624
0.052205395
0.015063299
0.040918514
0.05072332
0.030489916
0.044469588
0.054299254
0.06510179
0.11251139
0.07828004
0.036935635
0.04526124
0.05080424
0.019580089
0.0708347
0.073212124
0.045433078
0.041496195
0.01481
0.03804313
0.08754675
0.11137842
0.11650398
0.08064165
0.023713458
0.077455446
0.058796577
0.015650436
0.004667653
0.053773366
0.0740915
0.021219792
0.059566334
0.048828512
0.04095391
0.051438652
0.11785739
0.08161575
0.051410552
0.106473975
0.11736384
0.06277096
0.035746314
0.04968634
0.08501714
0.1113341
0.055137347
0.057010792
0.112861365
0.10387398
0.09799021
0.06875597
0.0047825705
0.08611514
0.08664055
0.06836991
0.046574827
0.037602607
0.04886544
0.048731912
0.07840222
0.06692368
0.03850637
0.030053515
0.056042533
0.062277094
0.035819717
0.021316662
0.045593098
0.043421634
0.041324586
0.033942208
0.016307537
0.043119047
0.055354364
0.09132863
0.10667034
0.060482264
0.0069210976
0.095656484
0.12683767
0.076490335
0.1055768
0.0990818
0.038601525
0.032367915
0.068509325
0.027740158
0.049127188
0.07907439
0.05764522
0.02426018
0.06404835
0.09244834
0.05316688
0.038666088
0.027084693
0.016120028
0.03381955
0.04320881
0.046253122
0.059973568
0.024031518
0.04043346
0.049932927
0.039672684
0.025601352
0.07907121
0.12285332
0.10341189
0.07753816
0.075087056
0.094888344
0.039308432
0.029821958
0.038017016
0.06271704
0.043963216
0.08383258
0.07596243
0.04770397
0.054036953
0.04611141
0.038011845
0.055878345
0.03627729
0.039457858
0.07490173
0.085205875
0.07642347
0.040060084
0.021755762
0.048563503
0.024478704
0.033869263
0.02851389
0.028697362
0.02480056
0.07627359
0.049093638
0.045001697
0.07049006
0.054931547
0.04397591
0.05995489
0.02446209
0.08477352
0.085661486
0.039172668
0.025521481
0.019036101
0.07748382
0.1117348
0.03952745
0.03496896
0.014971683
0.028725438
0.06662753
0.071815126
0.04071443
0.07614744
0.07330897
0.057573244
0.052760378
0.01364367
0.027836217
0.028173365
0.04079646
0.027244598
0.019081991
0.028251413
0.077525064
0.031609464
0.06824785
0.012992303
0.03450612
0.022044064
0.027516961
0.014579029
0.049564213
0.09032368
0.10531746
0.05733746
0.075812116
0.104093276
0.010287685
0.04737059
0.018634344
0.07289151
0.05177554
0.036541924
0.010560697
0.016638048
0.025696754
0.06119362
0.08689371
0.04519502
0.049997065
0.009059272
0.054263163
0.011436248
0.03995807
0.12226311
0.12005183
0.044262484
0.036962464
0.05680642
0.03149983
0.028739382
0.04850954
0.070485085
0.055746417
0.018174186
0.036480144
0.049449768
0.046581104
0.044759884
0.11879087
0.11352497
0.11036422
0.12482454
0.09120337
0.0356149
0.034753196
0.06406434
0.040647894
0.016355924
0.02141007
0.039176438
0.038249224
0.00644556
0.040900473
0.058266345
0.06676243
0.07876952
0.0757323
0.02655647
0.03487016
0.048585605
0.024438875
0.05001584
0.028925147
0.03609767
0.041404124
0.04569756
0.07787619
0.0416455
0.027651988
0.07543765
0.041670147
0.011632361
0.062192734
0.11722098
0.11377209
0.08874959
0.09112821
0.008939864
0.033208337
0.048179872
0.09040453
0.08082483
0.016962562
0.06041949
0.08437145
0.026713697
0.056303155
0.06538186
0.026501615
0.045796275
0.056572724
0.0729494
0.06798223
0.03596327
0.029185109
0.0638561
0.03435454
0.02250773
0.04372926
0.04107747
0.060800884
0.036939494
0.016213335
0.03933683
0.03672695
0.041469127
0.061721586
0.12370282
0.12750928
0.06957665
0.012071975
0.031348825
0.02169097
0.03131463
0.06522614
0.118466206
0.11387433
0.09982738
0.07288993
0.09325743
0.04149827
0.00898246
0.022277433
0.0486758
0.04250042
0.053871777
0.047190517
0.019372012
0.0059040496
0.018310245
0.022460416
0.01513848
0.01890219
0.039238982
0.036962774
0.033947565
0.03873093
0.054869384
0.040823918
0.029521642
0.034904476
0.020361654
0.08223796
0.04448
0.06032168
0.055125184
0.07570826
0.046393108
0.015879331
0.055548936
0.058534063
0.09974779
0.14372562
0.11616505
0.1040301
0.014501928
0.08054032
0.06662798
0.053614594
0.042349704
0.02838902
0.023586288
0.030738503
0.021158388
0.030568264
0.041392453
0.08396327
0.037807655
0.028249145
0.03310261
0.07501915
0.10047195
0.06281467
0.08136549
0.063581154
0.04566858
0.11308587
0.11332497
0.069603816
0.016818596
0.07325173
0.08304332
0.053103723
0.030566575
0.03230657
0.032323707
0.01461585
0.022493366
0.032992046
0.06659613
0.07182981
0.028746013
0.015737252
0.060337782
0.050600328
0.0061155846
0.04378098
0.040749997
0.049995884
0.056611117
0.039630014
0.01497892
0.035963412
0.012060963
0.032624375
0.06233592
0.0565937
0.014820169
0.020034216
0.009287396
0.025616484
0.040795498
0.06079861
0.0188689
0.048383035
0.018234434
0.0583416
0.060010403
0.05444374
0.040775456
0.037855033
0.09042701
0.04154089
0.04505813
0.05750785
0.069017924
0.0149983615
0.04148213
0.011957417
0.039271526
0.05111903
0.017175123
0.057018887
0.014537088
0.027047087
0.026574325
0.069873326
0.07179498
0.039603606
0.09826812
0.11674972
0.0831034
0.11442364
0.08724854
0.053406965
0.02664904
0.04398268
0.020177895
0.070186496
0.066145666
0.0033785645
0.026024243
0.025111264
0.056275286
0.079399794
0.0816154
0.03340524
0.0037752069
0.044168513
0.063361414
0.018535763
0.035857856
0.029962884
0.037903383
0.037956666
0.045357455
0.03322319
0.0316633
0.03456389
0.12454586
0.10815073
0.08623743
0.035652153
0.03506898
0.06275727
0.019956755
0.053631242
0.06491322
0.06104875
0.04813569
0.039258316
0.06577483
0.09624831
0.06770953
0.019892532
0.025208274
0.03892318
0.0049951524
0.042405546
0.04418444
0.07164968
0.050175153
0.0666501
0.12090663
0.090953805
0.07453091
0.08037059
0.065541185
0.059708435
0.07951388
0.015319309
0.031766936
0.06753094
0.06866546
0.030703519
0.04851777
0.019391714
0.011289005
0.021318186
0.025401685
0.08467157
0.06866396
0.021261737
0.04197953
0.060322534
0.018787157
0.090288706
0.1016012
0.06837282
0.042400997
0.04783554
0.052362125
0.02155152
0.021536011
0.047480907
0.017649245
0.05635412
0.09338334
0.09829977
0.047876596
0.0042454014
0.051695395
0.049882177
0.09314471
0.09626456
0.06010119
0.026607508
0.07901477
0.05151048
0.012713039
0.0108022615
0.051866975
0.087382734
0.048324794
0.014552833
0.038831636
0.019124324
0.013456769
0.031028485
0.060838234
0.048957948
0.057506744
0.03572099
0.010104059
0.044042654
0.041189827
0.03754732
0.0400865
0.058745526
0.053389467
0.10754729
0.090059094
0.0939475
0.11328269
0.07740793
0.05376545
0.14026225
0.15257697
0.09905108
0.059910987
0.053767808
0.029582042
0.014386425
0.06054648
0.09171595
0.07479417
0.06940109
0.067517266
0.030526023
0.06630805
0.03700473
0.041033726
0.03480961
0.04836558
0.100398265
0.08181287
0.055618133
0.053052686
0.03481235
0.08626474
0.05916069
0.04430517
0.040814016
0.03366648
0.037443772
0.09827657
0.09165101
0.091791295
0.05666584
0.053528026
0.060502183
0.11247192
0.090563245
0.090144396
0.11171749
0.0785739
0.035067465
0.04145156
0.11464772
0.09248649
0.07312907
0.114974074
0.09392332
0.097384594
0.11915637
0.08217027
0.08372477
0.0692878
0.0266376
0.038462795
0.030844929
0.05441648
0.059455026
0.013252177
0.05374316
0.0537046
0.03399175
0.08544455
0.09868904
0.05041903
0.010236319
0.06737209
0.081885636
0.09364577
0.11764086
0.07058609
0.030439757
0.054994915
0.08129694
0.09215667
0.07925188
0.015132571
0.06636287
0.10615864
0.08916232
0.03258614
0.0816821
0.058088407
0.019106138
0.02848256
0.048633058
0.04286751
0.056247853
0.030363245
0.06311611
0.046896223
0.047309265
0.08067009
0.068162896
0.028111508
0.038024597
0.033437155
0.044983428
0.029128676
0.044761166
0.039006755
0.07314012
0.116415724
0.04539126
0.07623671
0.087447405
0.04509848
0.04157066
0.028534887
0.011503523
0.02746545
0.05029661
0.08434482
0.07148894
0.10474058
0.099717304
0.07238241
0.016579842
0.049281742
0.04962133
0.048912622
0.084064245
0.10263358
0.047793392
0.024988502
0.068621784
0.08675789
0.061079666
0.04548567
0.08035695
0.09383287
0.09565779
0.0957251
0.06850565
0.058897596
0.033981256
0.026123395
0.06218589
0.09597359
0.10025236
0.08401225
0.1139312
0.101180956
0.08332213
0.065241426
0.051562585
0.0709998
0.05093839
0.059959967
0.04709383
0.027223412
0.08148403
0.113104254
0.03529702
0.060597382
0.07055421
0.05233324
0.0434404
0.08975108
0.12861602
0.13299853
0.09427717
0.036055095
0.012322092
0.06956381
0.08858737
0.021785615
0.052793503
0.023516787
0.03535032
0.056250907
0.0538064
0.011470248
0.04083465
0.07338765
0.16492727
0.19783966
0.124277085
0.08831217
0.10588896
0.036143973
0.0815673
0.070032276
0.025308458
0.08522658
0.12270528
0.090054676
0.044293277
0.0704348
0.07989698
0.07410915
0.064834744
0.04702608
0.039105266
0.04351969
0.05993688
0.0834239
0.07527278
0.13371645
0.12596709
0.0565613
0.052537788
0.096063145
0.059947353
0.028198613
0.021479134
0.052379884
0.012584442
0.0067354795
0.019426268
0.100797236
0.15553361
0.10756219
0.031255107
0.00987352
0.02232873
0.018628228
0.06664719
0.11883675
0.09295378
0.03641013
0.13059948
0.16130656
0.0788909
0.09230978
0.08509157
0.04460974
0.039933324
0.07901324
0.047726657
0.08229943
0.09726306
0.09381403
0.101677105
0.0752848
0.034622137
0.029729197
0.01741081
0.047484253
0.09588999
0.04952061
0.0696368
0.12882873
0.122461714
0.12308236
0.060111504
0.06337802
0.13631496
0.10502989
0.060974754
0.071938924
0.055803664
0.0041549876
0.052535925
0.06927323
0.053327326
0.05218058
0.092974804
0.09338389
0.064562395
0.061279397
0.05748106
0.040087048
0.028487299
0.089119464
0.0687258
0.048185706
0.0806408
0.08252795
0.05509641
0.037309945
0.036347818
0.08947915
0.16108352
0.12918392
0.06375513
0.0444585
0.05881095
0.034858868
0.0427776
0.09788683
0.0992608
0.07954696
0.08110187
0.054572668
0.017179327
0.01656348
0.023616552
0.014110403
0.03158134
0.09028639
0.12176252
0.122643605
0.07451089
0.053323995
0.06322645
0.01872352
0.048071768
0.0728633
0.111162506
0.06983583
0.018252969
0.076793194
0.10675415
0.10499565
0.06361189
0.01244324
0.02782315
0.06211399
0.06803963
0.061534397
0.041222878
0.09296398
0.061862208
0.05322962
0.04814015
0.037689798
0.07747379
0.09283731
0.06602269
0.011531655
0.01621365
0.07058953
0.08892392
0.03198747
0.040806018
0.032066975
0.03260522
0.057764266
0.07954618
0.07613494
0.07089995
0.04624775
0.025682626
0.06688463
0.09124552
0.07682083
0.04812967
0.04014421
0.035712
0.056166906
0.05363259
0.05519654
0.11387992
0.047678698
0.07842725
0.11841869
0.061524693
0.024940576
0.03058308
0.06674023
0.049047183
0.016881866
0.047366556
0.02912971
0.05792005
0.101391
0.07289685
0.08434918
0.04024547
0.16417472
0.1605485
0.11852461
0.099439636
0.050577834
0.0477847
0.090999395
0.061782446
0.045113765
0.077236556
0.098350614
0.07931606
0.07083494
0.16351928
0.16064908
0.12166818
0.039544057
0.04225233
0.08568246
0.04644549
0.111513056
0.082559854
0.0513309
0.084423095
0.07431883
0.010618406
0.028989006
0.02511674
0.035174835
0.055281166
0.08080747
0.055671565
0.053949047
0.048100732
0.030762589
0.08379033
0.047696132
0.012369153
0.06979672
0.10470985
0.07396428
0.050258305
0.06512671
0.02370411
0.011681911
0.05068509
0.10927054
0.0617177
0.036346957
0.059899457
0.049730074
0.022669954
0.049619026
0.047017716
0.05273955
0.03849055
0.079906195
0.033942893
0.053275105
0.11276915
0.06574894
0.06030598
0.017322505
0.019489745
0.16356786
0.23628786
0.18665493
0.085432634
0.010241052
0.029990962
0.082522444
0.04540632
0.010884592
0.07714398
0.091177285
0.06673953
0.06903131
0.08970373
0.09383968
0.0746895
0.060607567
0.053159513
0.03952889
0.035523392
0.031979714
0.027849467
0.036898162
0.022970049
0.051828697
0.010466084
0.08278431
0.09667756
0.008163128
0.02459483
0.034229606
0.05308516
0.06446866
0.046369422
0.023837417
0.09023296
0.0994608
0.0876913
0.099210225
0.059432473
0.040008936
0.021087363
0.039043944
0.053822905
0.06899746
0.043090686
0.010985567
0.017788041
0.06837946
0.036729153
0.030469494
0.02573715
0.025351638
0.04395903
0.041070253
0.027567333
0.027457783
0.025372539
0.025605775
0.039258298
0.021385957
0.029529259
0.019504474
0.034952566
0.09849505
0.087661706
0.072381005
0.04578299
0.10059485
0.09151281
0.048136536
0.06985095
0.028782094
0.06063381
0.057693154
0.08369967
0.014218824
0.09298556
0.06725239
0.020531809
0.04305426
0.08182006
0.12826075
0.1467745
0.121577606
0.06801029
0.06451097
0.09063177
0.05694217
0.06040092
0.10749736
0.12191232
0.06853835
0.033905014
0.13216084
0.17150463
0.09342521
0.04191835
0.02403541
0.016715927
0.042042278
0.10745055
0.110936396
0.061558943
0.051033296
0.049529392
0.0909235
0.10533727
0.05563881
0.0762598
0.051506266
0.022112492
0.056109853
0.056192517
0.038418643
0.028806042
0.05481623
0.036718223
0.021972349
0.033842873
0.031170527
0.0102447225
0.028969007
0.08736104
0.13220473
0.111256085
0.10464096
0.085141495
0.03898911
0.029258858
0.04075784
0.05296988
0.056204285
0.043653615
0.06098948
0.08333934
0.06743338
0.07818243
0.014994659
0.06176403
0.020716198
0.028396117
0.088041745
0.08833637
0.08118285
0.021215582
0.025265098
0.04946262
0.02976601
0.064145215
0.049672145
0.05148079
0.018090226
0.028703427
0.02652822
0.048287082
0.037101112
0.046233602
0.08067171
0.09942449
0.050276358
0.02205436
0.06165633
0.06831273
0.08535042
0.083944835
0.057924125
0.009404734
0.048269853
0.034609225
0.0065191346
0.074137606
0.08244917
0.0327382
0.018742086
0.029397018
0.025118863
0.04033267
0.043292843
0.055760145
0.06202176
0.033767436
0.053135607
0.039748162
0.024092823
0.055271
0.03887406
0.030139726
0.025043005
0.01247747
0.053535495
0.060744897
0.08336856
0.03865546
0.053866785
0.09154382
0.061932683
0.04861177
0.042322394
0.095807076
0.06462176
0.025735525
0.06536183
0.00919958
0.043713115
0.0510522
0.05972114
0.03222136
0.022454467
0.02693141
0.023932774
0.04044629
0.026498556
0.018590137
0.026736787
0.023494137
0.032428853
0.08455831
0.031428162
0.08455164
0.03070453
0.024793945
0.030001841
0.057309337
0.041581623
0.031353198
0.046487406
0.0402131
0.015996238
0.0034115242
0.039550167
0.05598106
0.048901413
0.04979036
0.035598695
0.0069363285
0.026094094
0.019818842
0.021298662
0.03972897
0.0064992914
0.029430721
0.019376937
0.039688136
0.015719729
0.010899758
0.05702117
0.049887482
0.066825375
0.066183835
0.04734621
0.07375869
0.048964262
0.0067120194
0.03353189
0.026142519
0.011324506
0.009289018
0.03214749
0.050388258
0.04488607
0.04762563
0.05314053
0.050634366
0.057916686
0.07227127
0.052300677
0.03603954
0.077385485
0.07047201
0.03627678
0.023226514
0.020383783
0.023072442
0.028724443
0.021359146
0.0064104665
0.026631542
0.025514627
0.008072797
0.048432957
0.06071772
0.042635363
0.02388802
0.042805225
0.042678334
0.016603362
0.05068478
0.00969407
0.022186436
0.036289852
0.060715325
0.059279405
0.041343175
0.03503711
0.040695917
0.054697774
0.042910647
0.020056998
0.016307674
0.014607743
0.015504167
0.023367329
0.040748954
0.02785976
0.041320827
0.04402018
0.015639536
0.007871644
0.012764543
0.03511509
0.051171392
0.056647334
0.03800566
0.017064093
0.043162446
0.016405568
0.015074522
0.024892176
0.03132481
0.0139845265
0.020256348
0.033455696
0.0547918
0.0428465
0.039173055
0.020838106
0.038508654
0.048360873
0.040705808
0.027828107
0.024138208
0.03232023
0.03886728
0.03122096
0.024338769
0.01386024
0.010666789
0.009477286
0.010000189
0.012968851
0.056659464
0.08389223
0.003051847
0.0061036795
0.0
0.0030518146
0.0030517967
0.0
0.0061035
0.0030517213
0.003051689
0.0030516528
0.0030516135
0.0
0.0
0.0030514733
-0.0030514195
0.003051362
0.0
0.0
0.003051168
0.003051096
0.0
0.0
0.0
0.0
0.0
0.0
0.0
0.0
0.0
0.0
0.0
0.003049954
0.0
-0.0030497136
0.0
-0.0030494586
-0.0030493257
0.0
0.0
-0.0030489056
-0.0030487585
-0.0030486076
0.0
-0.0030482954
-0.0030481338
-0.0030479687
-0.0060956003
-0.0030476279
-0.0030474518
-0.0030472726
-0.0030470896
-0.0060938057
-0.0030467126
-0.006093038
-0.0030463214
0.0
-0.003045916
-0.003045708
-0.0030454963
-0.0060905623
0.0
0.0
-0.0030446139
0.0
0.0
0.0
-0.0030436744
-0.0030434304
0.0
-0.0030429321
0.0
-0.0030424194
-0.0030421577
-0.0030418923
-0.0060832473
-0.0030413512
-0.0030410753
-0.0030407957
-0.0030405126
-0.006080452
-0.0030399356
0.0030396418
0.0030393444
0.0
0.003038739
0.003038431
0.0030381195
0.0030378043
0.0
0.0
0.0030368373
0.0
0.0
0.0
0.0
0.0
0.0
0.0
0.0
0.0
-0.0030333833
0.0
-0.0030326499
-0.003032278
0.0
0.0
0.0
-0.0030307544
0.0
-0.0030299714
0.0
0.0030291742
0.0
-0.0030283628
-0.0030279518
-0.0030275374
-0.0030271192
-0.0030266976
0.0
0.0
-0.0030254116
0.0
-0.0030245367
0.0
0.0030236477
0.0030231979
0.0
0.0
0.0
0.0
0.0030208959
0.0
0.0030199504
0.0
-0.0030189909
-0.0030185059
0.0
0.0
0.0
0.0030165305
-0.003016028
-0.003015522
0.0
-0.003014499
0.0
0.0
0.0
0.0
0.0
0.0
0.0030108094
0.0
0.0030097237
0.0060183513
0.003008624
0.0
0.0030075102
0.0
0.0030063826
0.0030058138
0.0
0.0030046653
0.0
-0.0030035027
0.0
0.0030023265
0.003001733
0.0030011362
0.0030005358
0.0
0.0029993248
0.0
0.0029981
0.0059949644
0.0
0.0
0.0
0.0
0.0
0.0
0.0029930614
0.0
0.0
0.0
0.0
0.0029898002
0.0
0.0029884714
0.0
0.0
0.0
-0.002985773
0.0
0.0
0.0029837128
0.0
0.0
0.0
-0.0029809182
0.0
0.0059590004
0.0
0.0
0.0
-0.0029766234
0.0
0.0029751642
0.0029744296
0.0
0.0
0.0
0.0
0.0
0.0
0.0
0.0029684303
0.0
0.0
0.0
-0.002965349
0.0
0.0
0.0
0.0
0.0
0.0
0.0
-0.002959024
0.0
0.0
-0.0029565962
-0.0059115607
-0.005909922
-0.005908277
-0.0029533124
0.0
-0.0059033004
0.0
-0.005899949
-0.0058982633
0.0
-0.005894872
0.0
0.0
0.0
0.0
0.0
-0.0029422687
0.0
0.0
-0.00293964
-0.0029387572
-0.0029378708
0.0
0.0
0.0
0.0
0.0
-0.0029324838
0.0
0.0
-0.0029297455
0.0
-0.0029279036
0.0
0.0
-0.0029251156
0.0
-0.0029232407
0.0
-0.0029213524
0.0
0.0
-0.0029184956
0.0
-0.0029165747
-0.0029156092
-0.0029146406
-0.0029136685
-0.0029126934
0.0
0.0
-0.0029097481
0.0
-0.0029077684
0.0
-0.0029057756
-0.0029047744
0.0
0.0
0.0
0.0
0.0
-0.0028986987
-0.0028976747
0.0
0.0
0.0
0.0
0.0
0.0
-0.002890417
-0.002889367
-0.0028883142
0.0
0.0
-0.0028851363
0.0
0.0028830015
0.0
0.0
0.0
0.0
0.0
0.0
0.0
0.0028743353
0.0
0.0
0.0
0.0
0.0
0.0
0.0
0.0
-0.0028643429
-0.002863217
-0.0028620877
-0.0028609554
-0.00285982
-0.0028586814
0.0
0.0
-0.0028552467
0.0
-0.0028529412
0.0
0.0
0.0
-0.0028482927
-0.002847123
0.0
0.0
-0.0028435946
-0.0028424123
-0.002841227
-0.0028400384
0.0
0.0
0.0
-0.0028352535
0.0
0.0
0.0
-0.0028304192
0.0
0.0
0.0
-0.002825536
0.0
0.0
-0.0028218413
0.0
0.0
0.0
0.0
0.0
0.0
0.0
0.0
-0.002810593
0.0
0.0028080598
0.0028067888
0.0
0.0
0.0
0.0028016747
0.0
0.0027990995
0.0055956147
0.0
0.0027952143
0.0027939132
0.0
0.0
0.0
0.0
0.0027873632
0.0027860445
0.0
0.0027833977
-0.0027820698
0.0
0.0027794056
0.0027780689
0.0027767292
0.0
0.0027740411
0.0
0.0
0.0
-0.00276863
0.0
0.0
-0.0027645405
0.0027631717
0.0
0.0
0.0027590476
0.0
0.0027562834
0.0
0.0027535078
0.0
0.0
0.002749323
-0.0027479222
-0.0027465185
0.0
-0.0027437026
-0.0027422903
0.0027408751
0.0
0.0
0.0
-0.0027351861
-0.0027337568
0.0
0.0
0.0
-0.0027280108
0.0
0.0027251206
-0.0027236715
0.0
-0.0027207646
0.0027193069
0.0
0.0
0.002714917
0.0
0.0
0.0
0.0
0.0
0.0
-0.0027045761
0.0
0.0
-0.0027001027
0.0
0.0
-0.0026956042
-0.0026940994
-0.0053851833
-0.0026910813
-0.005379136
-0.0053761043
-0.0026865334
-0.005370024
-0.0026834877
0.0
-0.0026804314
-0.002678899
0.0
0.0
-0.0026742858
0.0
0.0
-0.0026696483
0.0
-0.0026665432
-0.0026649865
0.0
0.0
-0.0026603006
0.0
0.0
0.0
0.0
0.0
0.002650857
-0.0026492737
-0.0026476877
0.0
0.0
0.0026429142
0.0
-0.0026397186
0.0
-0.0026365127
0.0
0.0
0.0
0.0
0.0
0.002626832
0.0026252095
0.0
0.0
0.0
0.0026186935
0.0
0.0026154201
0.0
0.0
0.0026104907
0.0
0.0026071917
0.0026055383
0.0
0.0
0.0
0.0025988996
0.0
-0.002595565
-0.002593894
0.0
0.0
0.0
0.0
0.0
-0.0025838153
0.0
0.0
0.0
0.0
0.0
0.0025736466
0.0
0.0
0.0
-0.0025668181
0.0
0.0025633893
0.0025616712
0.0025599506
0.0
0.0025565021
0.0025547743
0.0
0.0025513112
0.0
0.0025478385
0.0025460985
0.0
0.0025426117
0.0025408645
0.00507823
0.002537363
0.0
0.0
-0.002532093
0.0
0.0
0.0
0.0
0.0
0.0
0.0
0.0
0.0
-0.002514373
0.0025125882
0.0
-0.0025090117
0.0
-0.0025054256
0.0
0.0
-0.0025000295
-0.0024982262
-0.0024964204
0.0
-0.0024928025
0.0
0.0
0.0
0.0
0.0
0.0
0.0024800678
0.0024782394
0.0
0.0
0.002472741
0.0
0.0024690644
0.002467223
0.0
0.0
0.0024616846
0.002459834
0.0
-0.0024561265
0.0
0.0
0.0
0.0024486852
0.0
0.0
0.0
-0.002441209
0.0
0.0
0.0
0.0
0.0024318153
0.0
-0.002428043
0.0
0.0
0.0024223684
0.0
-0.0024185749
-0.0024166747
0.0
-0.0024128687
-0.0024109625
-0.0024090542
0.0
0.0
-0.0024033168
0.0
-0.0023994814
-0.0023975607
-0.002395638
-0.0023937132
0.0
-0.0023898573
0.0
0.0
0.0
0.0
0.0
0.0
0.0
0.0
0.0
0.0
0.0
-0.0023665533
0.0
0.0
0.0
0.0
0.0023567586
0.0
0.0
0.0
0.0
0.0
0.0023449406
0.0
0.0023409857
0.0023390055
-0.0023370232
0.0023350392
0.0023330532
0.0023310652
0.0023290752
0.0023270836
0.00232509
0.0023230945
0.0023210973
0.0
0.0023170968
0.002315094
0.002313089
0.0023110826
0.002309074
0.0
0.0023050513
0.0023030373
0.0023010215
0.0022990038
0.0
0.002294963
0.0
0.0
0.0022888882
0.0
0.0
0.0
0.0
0.0
0.0
0.0
0.0
0.0
-0.0045370455
0.0
0.0
0.0
0.004520655
0.0
0.0022562195
0.0
0.0
0.0
0.0
0.0
0.0
-0.0044835745
0.0
0.0
-0.0044711535
0.0
0.0
0.0
0.0
0.0
0.0
0.0
0.0
0.00443371
0.0044295336
0.0
0.0
0.0
0.0
0.0
0.0
0.0044002063
0.0
0.0
0.0
0.0
0.0
0.0
0.0
0.0
0.0
0.0021790206
0.0021769037
0.0
0.0
0.0
0.0
0.0
-0.004328342
0.0
0.0
0.0
0.0
0.0
0.0
-0.0021492478
0.0
0.0
0.0
0.0
0.0
0.0
0.0
0.0042642094
0.0
0.0
0.0
0.0
0.0
0.0
0.0
0.0
0.0
0.0
0.0
0.0
0.0
0.0
0.0
0.0
-0.0020953757
-0.002093203
-0.0020910287
-0.0020888532
-0.0020866764
0.0
-0.0020823188
-0.002080138
-0.002077956
0.0
0.0
0.0
-0.0020692146
-0.0020670262
0.0
0.0
0.0
0.0
0.0020560645
0.0020538683
0.0
0.0
0.0
0.0
0.0
0.0
0.0
0.0
0.0
0.00203184
0.0
0.0020274199
0.0
0.0
0.0
0.0
0.0020163488
0.0020141313
0.0
0.0
0.0
0.0
0.0
0.0
0.0
0.0
0.0
0.0
0.0
0.0
0.0
0.0
0.0
0.0
0.0
0.0
0.0
0.0
0.0
0.0
0.0019628182
0.0019605744
0.0019583295
0.0019560836
0.0019538368
0.0019515889
0.00194934
0.0
0.0
0.0
0.0019403347
0.0019380808
0.001935826
0.0019335703
0.0
0.0
0.0
0.0019245378
0.0019222773
0.0
0.0
0.0
-0.0019132261
-0.001910961
-0.001908695
0.0
0.0
0.0
0.0
-0.0018973516
-0.0018950802
0.0
0.0
0.0
0.0
-0.0018837107
0.0
0.0
0.0018768788
0.0
0.0
0.0018700395
0.0
-0.0018654758
0.0
0.0
0.0
0.0
0.0
0.0
0.0
0.0
0.0
-0.0018426107
-0.00184032
0.0
-0.0018357363
0.0
0.0
0.0
0.0
0.0
-0.0018219681
0.0
-0.0018173731
-0.0018150745
0.0
0.0
0.0
0.0
0.0
0.0
0.0017989659
0.0
0.0017943576
0.0017920524
-0.0017897467
0.0
0.0017851334
0.0
0.0
0.0
0.0017758994
0.0017735894
0.0
0.0017689677
0.0
0.0017643437
0.0017620309
0.0017597175
0.0017574036
0.001755089
0.0035055482
0.0
0.0017481424
0.0017458257
0.0017435086
0.003482382
0.0034777457
0.0017365542
0.0017342351
0.0017319154
0.0
0.0017272747
0.0
0.0017226321
0.0017203101
0.0017179876
0.0
0.0
0.0034220351
0.0
0.0017063686
0.0
0.0
0.0016993921
0.0
0.0
0.0
0.0
0.0
0.0
0.0016830994
0.0016807704
0.0
0.0
0.0
0.0
0.0016691198
0.0
0.0
0.0016621253
0.0016597933
0.0
0.0
0.0
0.0016504617
0.003296256
0.0016457941
0.0016434599
0.0016411254
0.0016387906
0.0
0.0
0.0016317847
0.0
0.0
0.0
0.0
0.0016201034
0.0
-0.0016154293
0.0
0.0
0.0
0.0
0.0
0.0
-0.0015990634
0.0
0.0
-0.0015920468
0.0
0.0
-0.0031700577
-0.0015826892
0.0
0.0
0.0
0.0
0.0
0.0
0.0
-0.0031279358
-0.0015616273
0.0
0.0
0.0
-0.001552264
-0.003099846
0.0
-0.0015452408
0.0
0.0015405584
0.0
0.0
0.0
0.0015311934
0.0
0.0015265108
0.0
0.0
0.0
0.0015171455
0.0015148043
0.0
-0.0015101219
0.0
0.0
0.0
0.0
-0.0014984165
0.0
0.0
0.0
0.0014890534
0.0014867128
0.0
0.0014820319
0.0
-0.0014773514
0.0014750113
0.0
0.0
0.0
-0.0014656524
0.0
0.0
0.0
-0.0014562956
-0.0014539568
-0.0014516183
-0.0014492797
0.0
-0.0014446034
0.0
-0.0014399278
-0.0014375903
0.0
0.001432916
0.0014305791
0.0014282425
0.0014259062
0.00142357
0.0014212341
0.0014188983
0.0
0.0
0.0
0.0
0.0
-0.0014048899
0.0
0.0
0.0
0.0
0.0
0.0013908916
0.0013885596
0.001386228
0.0
-0.0013815657
0.0
0.0
0.0
0.0
0.0
0.0013675871
0.0
0.0
0.0
0.0
0.0
0.0
0.0
0.0
0.0
0.0
0.0
-0.0013396714
-0.0013373479
0.0
-0.001332702
0.0
0.0
-0.0013257368
0.0
0.0
-0.0013187756
0.0
0.0
0.0
0.0
0.0
-0.0013048667
0.0
0.0
0.0
0.0
0.0
0.0
0.0
0.0
0.0
0.0
0.0
0.0
0.0
0.0012724877
0.0
0.0
0.0
0.0
0.0
0.0
0.0
0.0
0.0012517334
0.0
0.0012471282
0.0
0.0
0.0012402255
0.0
0.0012356271
0.0
0.0012310314
0.0
0.0
0.0
0.0
0.0012195542
0.0
0.0
0.0
0.0
0.0
0.0
0.0
0.0
0.0
0.0
-0.0023887383
-0.0011920842
0.0
0.0
0.0
0.0
0.0
-0.0023567819
0.0
0.0
0.0
-0.0011692784
-0.0011670024
0.0
-0.0011624529
0.0011601793
0.0
-0.0011556349
0.0
0.0
-0.0022976499
0.0
0.0
0.0
0.0
0.0
0.0
-0.0022659323
0.0
-0.0022568866
0.0
0.0
0.0
0.0
0.0
0.0
0.0
0.0
0.0
0.0
0.0
0.0
0.0
0.0
0.0
0.0
-0.0021803093
-0.0010879113
0.0
0.0
0.0
0.0
0.0010767104
0.0
0.0
0.0010700026
0.0
0.0010655359
0.0
0.0
0.0
0.0
0.0
0.0
0.0
-0.0010477134
0.0
0.0
0.0
0.0
0.0
0.0
0.0
0.0
0.0
0.0
0.0
0.0
0.0
0.001016699
0.0010144925
0.0
0.0010100831
0.0
0.0
0.0010034782
0.0
0.0
0.0
0.0
9.924946E-4
0.0
9.8811E-4
0.0
0.0
0.0
0.0
9.771707E-4
9.749866E-4
9.7280386E-4
9.706224E-4
9.684423E-4
9.6626347E-4
9.64086E-4
9.619098E-4
0.002879205
9.575615E-4
0.0
9.532185E-4
9.5104903E-4
9.4888086E-4
9.4671414E-4
9.445487E-4
9.423847E-4
0.0
0.0
0.0
0.0
0.0
0.0
9.272752E-4
0.0
0.0
0.0
0.0
0.0
9.143791E-4
9.1223477E-4
0.0
0.0
9.0581045E-4
0.0
9.0153486E-4
0.0
8.9726516E-4
0.0
0.0
0.0
0.0
0.0
0.0
0.0
-8.802459E-4
0.0
0.0
0.0
8.717726E-4
0.0
8.6754514E-4
8.654338E-4
8.633239E-4
8.6121564E-4
0.0
8.570038E-4
8.549002E-4
0.0
0.0
0.0
0.0
8.4440614E-4
0.0
0.0
0.0
0.0
0.0
8.318663E-4
0.0
0.0
8.2561834E-4
0.0
0.0
0.0
8.173109E-4
0.0
0.0
8.110978E-4
0.0
0.0
0.0
8.028372E-4
8.007763E-4
0.0
0.0
0.0
0.0
0.0
0.0
7.8639813E-4
7.84351E-4
0.0
0.0
0.0
0.0
-7.7414175E-4
0.0
0.0
0.0
0.0
-7.639768E-4
0.0
0.0
-7.5789925E-4
0.0
0.0
0.0
0.0
-7.4780633E-4
0.0
7.437819E-4
0.0
0.0
-7.3775917E-4
-7.357553E-4
0.0
0.0
-7.297548E-4
0.0
0.0
7.237712E-4
0.0
0.0
7.178046E-4
0.0
0.0
0.0
0.0
-0.0014157968
7.059229E-4
7.0394936E-4
-7.0197775E-4
0.0
-6.980403E-4
-6.960745E-4
0.0
-6.921488E-4
-6.901889E-4
-0.0013764619
0.0
0.0
0.0
0.0
-6.784709E-4
0.0
-6.745808E-4
-0.0013452775
0.0
0.0
0.0
6.6489074E-4
0.0
0.0
0.0
0.0
0.0
-6.533296E-4
0.0
0.0
0.0
0.0
0.0
0.0
0.0
0.0
0.0
0.0
0.0
0.0
6.285355E-4
0.0
0.0
6.228641E-4
0.0
6.1909383E-4
0.0
0.0
6.1345444E-4
0.0
6.097056E-4
0.0
-6.059653E-4
0.0
0.0
0.0
5.9851084E-4
-5.966527E-4
0.0
0.0
0.0
0.0
0.0
5.8554974E-4
0.0
0.0
0.0
0.0
5.763581E-4
0.0
5.726971E-4
0.0
0.0
0.0
-5.6540204E-4
5.635839E-4
5.617681E-4
5.5995444E-4
-5.5814313E-4
0.0
0.0
0.0
0.0
0.0
5.473232E-4
5.4552796E-4
0.0
5.419443E-4
5.40156E-4
5.3836993E-4
5.365863E-4
0.0
5.330258E-4
0.0
5.294748E-4
5.277028E-4
5.259331E-4
5.241658E-4
0.0
5.206383E-4
5.188781E-4
0.0
5.1536475E-4
0.0
0.0
5.101126E-4
5.0836673E-4
0.0
0.0
0.0
0.0
9.993461E-4
4.9794157E-4
0.0
4.9448584E-4
4.927616E-4
4.910398E-4
0.0
4.8760357E-4
4.858891E-4
0.0
4.824675E-4
0.0
4.7905574E-4
0.0
4.7565385E-4
0.0
-4.7226183E-4
4.7056953E-4
0.0
4.671924E-4
4.655076E-4
0.0
0.0
0.0
0.0
-4.57121E-4
0.0
0.0
4.5211922E-4
4.50457E-4
4.4879733E-4
4.471402E-4
4.4548558E-4
0.0
4.42184E-4
4.4053706E-4
0.0
-4.372508E-4
0.0
0.0
0.0
4.3070907E-4
0.0
-4.2745366E-4
-4.2582984E-4
-4.242086E-4
-4.2258998E-4
0.0
0.0
0.0
0.0
0.0
0.0
4.113324E-4
4.0973467E-4
4.0813952E-4
0.0
0.0
4.0336995E-4
0.0
4.0020343E-4
3.9862416E-4
0.0
0.0
0.0
0.0
0.0
0.0
0.0
0.0
-3.845305E-4
-3.8297792E-4
-3.8142802E-4
-3.7988083E-4
0.0
-3.7679455E-4
-3.7525545E-4
0.0
-3.721854E-4
-3.7065445E-4
-3.6912624E-4
0.0
0.0
0.0
0.0
0.0
-3.6001418E-4
0.0
-3.5699873E-4
-3.5549514E-4
0.0
0.0
0.0
-3.495084E-4
0.0
0.0
0.0
0.0
0.0
0.0
0.0
0.0
0.0
0.0
0.0
0.0
3.3035857E-4
0.0
0.0
0.0
-3.2456167E-4
0.0
0.0
0.0
-3.1881002E-4
-3.1737922E-4
0.0
-3.145261E-4
0.0
0.0
-3.1026787E-4
0.0
0.0
0.0
-3.0463032E-4
0.0
0.0
0.0
-2.9903874E-4
0.0
0.0
-2.9487538E-4
0.0
0.0
0.0
2.8936483E-4
0.0
0.0
0.0
0.0
0.0
0.0
0.0
0.0
0.0
0.0
2.7445157E-4
0.0
0.0
0.0
2.6911675E-4
0.0
0.0
2.651467E-4
2.6382925E-4
2.625148E-4
0.0
0.0
0.0
2.5728677E-4
0.0
0.0
5.067942E-4
0.0
0.0
0.0
2.4825282E-4
0.0
4.9139746E-4
4.888524E-4
4.8631334E-4
0.0
0.0
4.7873252E-4
0.0
4.737089E-4
0.0
0.0
4.6621903E-4
0.0
0.0
0.0
0.0
0.0
0.0
-2.2447799E-4
0.0
0.0
0.0
0.0
0.0
0.0
0.0
0.0
0.0
0.0
0.0
0.0
0.0
4.1533262E-4
2.0648866E-4
0.0
0.0
0.0
2.0180915E-4
0.0
0.0
0.0
0.0
0.0
0.0
0.0
0.0
1.914629E-4
-1.9032898E-4
0.0
0.0
0.0
0.0
0.0
0.0
0.0
0.0
0.0
0.0
0.0
0.0
0.0
0.0
0.0
0.0
0.0
0.0
0.0
0.0
0.0
0.0
0.0
0.0
0.0
0.0
0.0
0.0
0.0
0.0
0.0
-1.5571823E-4
0.0
0.0
0.0
0.0
-1.506066E-4
-1.4959398E-4
-1.485846E-4
0.0
0.0
0.0
0.0
0.0
0.0
0.0
0.0
0.0
0.0
0.0
0.0
-1.3575862E-4
0.0
0.0
0.0
0.0
0.0
0.0
0.0
-1.2814028E-4
0.0
0.0
0.0
0.0
0.0
0.0
0.0
-1.2073255E-4
0.0
0.0
0.0
0.0
0.0
0.0
0.0
0.0
1.12651986E-4
1.1177075E-4
0.0
0.0
0.0
1.08279135E-4
0.0
1.0655334E-4
1.0569546E-4
1.0484092E-4
1.0398972E-4
1.0314187E-4
1.02297374E-4
1.0145623E-4
2.0123686E-4
0.0
9.8952914E-5
9.8125194E-5
0.0
9.647984E-5
9.566221E-5
9.484794E-5
0.0
9.322953E-5
0.0
0.0
0.0
0.0
0.0
-8.845529E-5
0.0
-8.689092E-5
0.0
0.0
8.4569794E-5
8.3802865E-5
0.0
-8.2279206E-5
0.0
0.0
0.0
7.927268E-5
0.0
7.778984E-5
7.705353E-5
7.632064E-5
1.5118232E-4
7.486509E-5
7.414244E-5
7.342321E-5
7.270739E-5
0.0
7.1286035E-5
0.0
0.0
0.0
6.848442E-5
6.7792585E-5
0.0
6.641923E-5
0.0
6.505961E-5
6.438496E-5
0.0
6.304598E-5
6.238167E-5
0.0
0.0
0.0
0.0
0.0
5.846814E-5
0.0
0.0
0.0
0.0
5.5301858E-5
-5.4678985E-5
0.0
5.3443626E-5
0.0
0.0
0.0
0.0
0.0
4.9820796E-5
0.0
0.0
0.0
0.0
-4.6897323E-5
-4.6323068E-5
4.57523E-5
0.0
0.0
0.0
0.0
0.0
0.0
4.185455E-5
4.1311694E-5
-4.0772335E-5
0.0
0.0
0.0
0.0
0.0
0.0
0.0
0.0
0.0
3.5571233E-5
-7.01408E-5
-3.4573077E-5
-3.4079265E-5
-3.3588964E-5
-3.310218E-5
-3.2618907E-5
-3.2139153E-5
-6.3325824E-5
-3.119019E-5
-3.072099E-5
-3.0255305E-5
-2.9793146E-5
-2.9334506E-5
-2.887939E-5
-2.84278E-5
0.0
0.0
0.0
0.0
-2.6222746E-5
0.0
-2.5365433E-5
0.0
2.452225E-5
0.0
2.3693206E-5
0.0
-2.2878308E-5
0.0
0.0
0.0
0.0
-2.0903006E-5
-2.051857E-5
-2.013768E-5
0.0
0.0
-1.9016281E-5
-1.8649576E-5
0.0
0.0
0.0
-1.7218248E-5
-1.6869293E-5
0.0
1.6182044E-5
0.0
0.0
0.0
0.0
1.4526133E-5
0.0
0.0
1.3575279E-5
1.3265448E-5
1.2959177E-5
1.2656468E-5
1.2357323E-5
1.2061741E-5
0.0
1.1481268E-5
0.0
0.0
0.0
1.0363114E-5
0.0
0.0
-9.561959E-6
-9.302046E-6
0.0
-8.792934E-6
0.0
0.0
0.0
-7.817573E-6
0.0
7.3513343E-6
0.0
0.0
0.0
-6.4617625E-6
-6.2483114E-6
0.0
-5.8321425E-6
0.0
0.0
-5.2347305E-6
0.0
4.854355E-6
0.0
0.0
0.0
4.1365797E-6
0.0
0.0
0.0
-3.4761272E-6
0.0
0.0
0.0
0.0
-2.7312085E-6
-2.5929814E-6
-2.4583405E-6
0.0
0.0
0.0
0.0
0.0
0.0
1.6162967E-6
1.5103569E-6
1.408006E-6
0.0
0.0
0.0
0.0
0.0
0.0
0.0
7.1842453E-7
0.0
-5.8193257E-7
0.0
0.0
0.0
-3.5204212E-7
-3.0354812E-7
-2.5864583E-7
0.0
0.0
0.0
0.0
8.801307E-8
0.0
4.4904837E-8
2.8739146E-8
0.0
7.1848034E-9
0.0
0.0
