0.023106769
0.042078067
0.113918446
0.18870264
0.07068438
0.32258672
0.46668807
0.5721893
0.3604344
0.5366713
0.5207052
0.21855304
0.36126852
0.41315693
0.13613264
0.13329047
0.2450003
0.43063384
0.22624196
0.4378044
0.22659543
0.3132696
0.59706575
0.59895927
0.30689928
0.18874973
0.27235267
0.17990702
0.1936068
0.06491326
0.098383576
0.11272591
0.101887845
0.21984367
0.234301
0.18588993
0.18239573
0.12178319
0.01753216
0.14253984
0.28877854
0.32639104
0.22097124
0.08357586
0.102821015
0.15192094
0.13050179
0.30545086
0.32337648
0.16858083
0.20059048
0.3182145
0.17192915
0.11595417
0.15485938
0.11935823
0.0803323
0.019784432
0.05820103
0.14069155
0.07985895
0.17117485
0.04571139
0.10932841
0.15127823
0.27964902
0.18906073
0.13401802
0.22929984
0.13816312
0.079753585
0.0983848
0.10737217
0.1897047
0.12755305
0.16989392
0.17665154
0.08183778
0.10040071
0.08271027
0.062167317
0.038355395
0.24628523
0.28470513
0.22337742
0.12635006
0.08018896
0.07887283
0.16230923
0.12715617
0.08066954
0.042716283
0.06722746
0.10773253
0.06956634
0.01025025
0.043764498
0.07697321
0.07262166
0.04168991
0.06989005
0.075004406
0.004394216
0.11674226
0.14387476
0.1836836
0.19917794
0.2571636
0.23786204
0.13254547
0.13608953
0.20895171
0.27502346
0.2529549
0.07942992
0.07149084
0.09417219
0.09612556
0.11623285
0.13490915
0.09140544
0.061971348
0.09355714
0.13052887
0.08660674
0.145514
0.06751688
0.105732225
0.19143313
0.23906446
0.2526408
0.17303562
0.09341611
0.034546956
0.06025878
0.13960585
0.18576781
0.13003747
0.09163592
0.19918887
0.16661118
0.09851204
0.1645289
0.12763046
0.15982227
0.18051739
0.1644362
0.15832107
0.09817379
0.026655514
0.053948987
0.008456543
0.0662058
0.023431886
0.08962956
0.082649186
0.045371212
0.11736844
0.10279393
0.04619004
0.052954443
0.041089892
0.04339729
0.1965845
0.31677032
0.25708094
0.115039445
0.11864657
0.12467944
0.1690194
0.042996395
0.13364638
0.15953751
0.16789949
0.10181267
0.0796016
0.07988469
0.1828899
0.22520594
0.17424248
0.085873395
0.06454002
0.16532223
0.16459632
0.07136869
0.05453718
0.06568616
0.07439772
0.10898981
0.14047791
0.08278312
0.01129221
0.05228261
0.05748909
0.06906944
0.13229871
0.11944184
0.113738544
0.033276606
0.15229578
0.1298767
0.08965977
0.12590253
0.0920994
0.014932174
0.009048115
0.07525494
0.10257743
0.05347391
0.10132902
0.045893423
0.12089604
0.20112477
0.10851426
0.030904803
0.108820945
0.10303093
0.02779188
0.108627826
0.22356017
0.21832383
0.16401024
0.1460792
0.046424393
0.046632223
0.039336756
0.094951235
0.06460029
0.008802165
0.051289756
0.045806
0.07383026
0.12290431
0.11210972
0.056451537
0.08276816
0.112323664
0.08184155
0.12698011
0.06942501
0.12353987
0.101085015
0.05390873
0.028478432
0.063614145
0.07566099
0.11145516
0.18927991
0.15563643
0.09946267
0.1135351
0.12635563
0.19606648
0.25028932
0.11198226
0.043832783
0.12866227
0.14652647
0.107457966
0.025405863
0.038461413
0.053436033
0.10098974
0.114477344
0.07766066
0.06308428
0.064403
0.03417318
0.057380762
0.15248874
0.16632767
0.05331601
0.015485123
0.07836327
0.12791625
0.10859349
0.11307178
0.08512307
0.040520474
0.03900156
0.050506692
0.09701596
0.12304314
0.107031055
0.15228514
0.07353385
0.047805995
0.07742284
0.051279087
0.045241725
0.071300246
0.039686587
0.07438941
0.08066111
0.06504731
0.032001123
0.10581614
0.10310444
0.022255976
0.069942765
0.11038007
0.09306544
0.06622543
0.09464882
0.08537201
0.12385913
0.06979653
0.04144037
0.055015426
0.13158377
0.16885284
0.13495186
0.098310985
0.04801226
0.036827743
0.024469156
0.014804029
0.024495818
0.06425892
0.063946545
0.12916678
0.124894656
0.11805748
0.07441934
0.035586696
0.08204177
0.0800953
0.12755466
0.12502004
0.07796689
0.04484692
0.08670443
0.0946278
0.04592287
0.04705546
0.11152997
0.17193775
0.1541834
0.1289015
0.09038993
0.12047833
0.10989069
0.07604553
0.13561454
0.13093509
0.119163126
0.09842946
0.08005898
0.07303902
0.014262248
0.041485026
0.03333326
0.07520272
0.10827385
0.016686752
0.16924445
0.15227307
0.05912645
0.056423903
0.055681456
0.048459895
0.03497148
0.040487006
0.09868905
0.09183188
0.029868072
0.024349384
0.041566286
0.029910462
0.054687154
0.061757706
0.02676748
0.035271212
0.08772129
0.07695927
0.03638524
0.046233214
0.054712072
0.12891822
0.099208616
0.055447683
0.032191705
0.13409783
0.17715073
0.09960337
0.029748809
0.028340477
0.033460166
0.050654463
0.0117603475
0.04880747
0.06855961
0.059992004
0.03731751
0.0133940885
0.061430447
0.031906765
0.078820884
0.09718268
0.04043325
0.057709806
0.039450265
0.040880933
0.033278327
0.0760304
0.06671327
0.037285652
0.028527338
0.042681832
0.09728891
0.09612501
0.046395443
0.024932519
0.044870473
0.08738306
0.09910918
0.06063476
0.011955033
0.060374454
0.080098115
0.01916723
0.038133852
0.03009496
0.051664382
0.09659476
0.051317062
0.12937978
0.15026769
0.058045555
0.07844253
0.09858981
0.050770357
0.08582991
0.07376544
0.04932322
0.06458281
0.038694672
0.03336795
0.038631465
0.063636236
0.027859954
0.07079997
0.08460437
0.07878744
0.03474552
0.040404014
0.023488367
0.024341334
0.06770925
0.014705426
0.088232905
0.0769861
0.10722381
0.116808005
0.026405888
0.09687038
0.040761743
0.08679695
0.07869535
0.12052914
0.11848368
0.05573436
0.04364611
0.07295334
0.089013584
0.03349435
0.057282608
0.02806559
0.034359332
0.0785516
0.080982976
0.039647896
0.03830434
0.06074891
0.09274042
0.086030416
0.03623704
0.023589568
0.061882854
0.09532256
0.022374017
0.05594917
0.07704732
0.05726388
0.081434205
0.018216832
0.019644743
0.08919983
0.03950455
0.09448066
0.0721885
0.02819657
0.04267685
0.08859227
0.03409948
0.055724315
0.05895193
0.033924624
0.029589364
0.053187925
0.040355064
0.039171062
0.06819638
0.11473503
0.08581663
0.05400804
0.08044795
0.047013666
0.0630018
0.073381975
0.08617824
0.16231762
0.10823835
0.0648148
0.116041265
0.085440576
0.015277259
0.016595183
0.03719155
0.07308239
0.09371283
0.097073555
0.032720674
0.024731183
0.0287335
0.03104618
0.08289938
0.039464854
0.08363188
0.102944024
0.027065424
0.122777805
0.05533898
0.047923125
0.07411167
0.023487618
0.11017173
0.17111474
0.12886591
0.12607212
0.10892158
0.06889701
0.082030274
0.10367329
0.14358978
0.08705455
0.004150288
0.038556788
0.07229551
0.071916685
0.014820905
0.03325117
0.017605608
0.06998301
0.1069404
0.089931466
0.0285309
0.056969803
0.019142458
0.05360525
0.08182893
0.10161707
0.09846543
0.098378286
0.09990556
0.06605968
0.044652216
0.06576948
0.11316348
0.08482698
0.08977106
0.09586928
0.07157016
0.072118856
0.059949238
0.01856888
0.0920129
0.12064927
0.05809892
0.03496719
0.04515203
0.07734912
0.10084324
0.056639127
0.065867186
0.055924196
0.03966427
0.0950704
0.08403871
0.043043945
0.06376668
0.1126216
0.059736684
0.043581337
0.06459539
0.11331491
0.1036044
0.054616235
0.05348584
0.062267486
0.054816592
0.07908626
0.08806332
0.0796342
0.038198967
0.056212623
0.07271016
0.06265897
0.062119003
0.100252666
0.122794524
0.07717429
0.10954177
0.081000485
0.043377995
0.093581535
0.10521949
0.047486026
0.085213214
0.13072394
0.09939398
0.068644054
0.05772124
0.080593444
0.09229631
0.11806123
0.095497124
0.06181542
0.03711221
0.019239241
0.053003956
0.074538626
0.11112131
0.048220232
0.077378
0.15858881
0.15240914
0.13377811
0.109278575
0.03401155
0.09570578
0.16529803
0.10907938
0.06632893
0.11669736
0.08001065
0.037236217
0.0063069933
0.09674537
0.09968015
0.034172792
0.082033254
0.103792354
0.028181097
0.0979225
0.06302409
0.022737464
0.07824204
0.114496894
0.09533786
0.13657738
0.08055551
0.04037453
0.11452043
0.11215472
0.081036694
0.090516776
0.09522896
0.105413176
0.08349409
0.0884923
0.060268477
0.06651653
0.10161237
0.060038414
0.040117577
0.014569989
0.06065284
0.106747575
0.054290693
0.11417597
0.059487946
0.0637225
0.078634694
0.07288461
0.07093438
0.05853705
0.057097707
0.06364627
0.05766065
0.07609335
0.06801769
0.04144177
0.07226041
0.14179417
0.14939381
0.091964886
0.10104168
0.117907345
0.039812952
0.061543487
0.08375445
0.038271077
0.06498557
0.036285084
0.022018742
0.031667247
0.09321553
0.07333512
0.0465344
0.059057876
0.043018036
0.02640546
0.048902437
0.02603923
0.07510746
0.035981756
0.06540668
0.052056324
0.04087071
0.027792482
0.06357341
0.012648232
0.05824893
0.025283655
0.012207056
0.030789664
0.047373317
0.07537336
0.046307493
0.011466845
0.051719416
0.061755847
0.05039693
0.06503481
0.06493841
0.038976677
0.019629348
0.048260614
0.0289272
0.042807344
0.01032416
0.017381646
0.018539626
0.033881955
0.016584897
0.023773465
0.018195305
0.069410175
0.06562585
0.05819831
0.051065303
0.04649481
0.031094726
0.029289696
0.06161092
0.038584065
0.054469533
0.036087953
0.04032026
0.07478602
0.024937754
0.08365809
0.06084946
0.031076627
0.040584724
0.038839974
0.043827154
0.06683774
0.07863198
0.07783569
0.09163117
0.118332535
0.12557569
0.075014524
0.022603106
0.028143374
0.06608666
0.085820355
0.0438053
0.018755132
0.047481745
0.07499119
0.06856931
0.030592587
0.03953317
0.10230485
0.045473285
0.0784133
0.07827314
0.062366236
0.060672805
0.03379245
0.049303323
0.08651189
0.07424147
0.099253476
0.123272225
0.03242841
0.10261362
0.11682374
0.074349776
0.02083422
0.062361114
0.059084777
0.03169561
0.04758575
0.04964587
0.03857503
0.07383653
0.11269248
0.12336554
0.0911327
0.07260866
0.02897402
0.04509708
0.031469487
0.034457553
0.09863481
0.07397624
0.01855014
0.046499148
0.04354884
0.03805376
0.051704183
0.043597177
0.05724591
0.05394792
0.064685196
0.05892068
0.040877208
0.021564484
0.061453197
0.05770961
0.05197579
0.050933197
0.031975765
0.08396777
0.08048486
0.055083495
0.034246072
0.07300489
0.035128493
0.028512299
0.035114326
0.015154011
0.07407554
0.07804156
0.034365617
0.064865045
0.034403343
0.049761787
0.10455631
0.10531222
0.051670715
0.02129377
0.0051140673
0.002354787
0.037949156
0.018237228
0.06877326
0.08351556
0.042902835
0.07410175
0.05035651
0.046728957
0.075995676
0.015572278
0.04642898
0.0613239
0.047996577
0.0063680373
0.044209342
0.047966044
0.091801085
0.10895533
0.07777887
0.030045124
0.0492051
0.051248524
0.03230495
0.041148596
0.027150152
0.05221983
0.07204029
0.07212474
0.07709041
0.05266339
0.030489765
0.049198233
0.050223365
0.076610796
0.1406755
0.13972421
0.06321544
0.046853505
0.061968412
0.08560587
0.09631654
0.049118716
0.017607303
0.04816756
0.024934268
0.010481186
0.02104036
0.024734285
0.020577013
0.018344115
0.043512102
0.015821654
0.07142405
0.06336469
0.07279346
0.12102928
0.07518581
0.037323613
0.043184247
0.07558855
0.08918276
0.040117938
0.025999123
0.03228289
0.012349612
0.02540688
0.04450063
0.043721072
0.010981073
0.0052783024
0.010147148
0.037854444
0.010262498
0.0842232
0.05864579
0.058586102
0.040718842
0.09393876
0.062401697
0.032754365
0.05031848
0.011546318
0.029351717
0.024937127
0.02365359
0.03528772
0.03666808
0.031065114
0.056721453
0.093010955
0.07455897
0.037096415
0.0429362
0.058053948
0.0036412082
0.048192143
0.07301852
0.067125216
0.05120717
0.020717097
0.039076142
0.05290239
0.05794901
0.024548415
0.039779607
0.04887773
0.049311522
0.054848857
0.091164745
0.105362885
0.05494809
0.036251042
0.028862739
0.04300049
0.08140503
0.09445
0.07792792
0.058292724
0.03890949
0.03672478
0.089989774
0.04435612
0.067008376
0.072919905
0.039376862
0.12307325
0.10106297
0.028925236
0.055461783
0.06029951
0.06311943
0.11942275
0.09202362
0.02202749
0.08849258
0.08117737
0.0713401
0.072441
0.096266806
0.06864828
0.0132189905
0.07322578
0.07576405
0.062470846
0.036289822
0.07277296
0.12192575
0.04927031
0.053758036
0.14186308
0.07371728
0.043126203
0.10203943
0.054377288
0.0618359
0.092942625
0.07188062
0.044774
0.05100752
0.016280951
0.03885958
0.037974335
0.013706426
0.03408611
0.05572517
0.060321912
0.023032099
0.041101806
0.041364435
0.02696281
0.08856136
0.08719972
0.044627834
0.0018178632
0.057071123
0.06440685
0.048276983
0.03259458
0.06681854
0.07998195
0.042745326
0.056287482
0.07132007
0.02129497
0.044922307
0.043428615
0.031227129
0.033016622
0.040335804
0.0690062
0.089431174
0.08198235
0.07199717
0.07572261
0.033784322
0.039398264
0.075896226
0.07889027
0.059496123
0.045318443
0.017093852
0.025302002
0.06198202
0.079889745
0.031785715
0.05500892
0.038119853
0.026517734
0.0136177335
0.047638897
0.063794285
0.07592086
0.07007312
0.06815048
0.082633
0.066329956
0.04884757
0.046773173
0.025600387
0.052362375
0.069461
0.054124966
0.065558694
0.052878764
0.06264986
0.03692174
0.03379016
0.02431229
0.09610108
0.03891559
0.04301846
0.051803272
0.046029914
0.0035311216
0.045784384
0.047418825
0.054114576
0.025671557
0.048652824
0.012994068
0.05002107
0.061442174
0.0902244
0.11211632
0.101154774
0.0668025
0.029556943
0.033007048
0.06714134
0.053131428
0.033966262
0.053831033
0.09152011
0.12187344
0.14364637
0.13518156
0.09296705
0.054063383
0.018909791
0.032493774
0.0018480256
0.032157786
0.03694734
0.028516017
0.008675971
0.021375602
0.035805568
0.06222225
0.06845376
0.087092854
0.025735838
0.08378726
0.06969791
0.053706095
0.091039665
0.106549524
0.059107263
0.052227225
0.03399683
0.061213195
0.073642366
0.0536357
0.040643424
0.06842918
0.07779049
0.07463109
0.078565225
0.04375311
0.038270224
0.010295506
0.041474864
0.0073711937
0.059751064
0.094837055
0.12585035
0.067472786
0.038653888
0.07092081
0.05448569
0.0154712675
0.07995962
0.07328618
0.033928473
0.10084918
0.12099144
0.030406673
0.07084159
0.046034165
0.029478837
0.007311751
0.05483767
0.03647991
0.02189712
0.031941626
0.0697933
0.06196478
0.05177468
0.09829606
0.11640583
0.13728352
0.082493685
0.032769997
0.054154377
0.05689967
0.091230795
0.08395515
0.10759661
0.1367165
0.0759601
0.03742768
0.055905227
0.02594306
0.0568797
0.0025182585
0.022851523
0.085858606
0.048415806
0.055131275
0.09546527
0.07196473
0.013153479
0.047522213
0.057341114
0.027932893
0.068500124
0.085910924
0.025469983
0.014220204
0.039790884
0.09290297
0.058097344
0.030693814
0.036824595
0.024448387
0.040178463
0.0042521195
0.047303934
0.08491586
0.06820883
0.014353971
0.024362648
0.047037024
0.03717646
0.003913936
0.050228573
0.07261798
0.08753032
0.05436728
0.056165293
0.04398525
0.022460014
0.01715206
0.047845565
0.105921395
0.13487212
0.083772376
0.045320738
0.09154151
0.099713005
0.06576044
0.06495626
0.08389612
0.10046677
0.12730716
0.07355674
0.07776971
0.03557824
0.018633768
0.009415639
0.061404556
0.04816865
0.028064767
0.06048258
0.08546741
0.05511111
0.051256996
0.042135175
0.050482806
0.06206691
0.042116866
0.055897027
0.052851334
0.01429199
0.018733593
0.040850572
0.054990754
0.101273075
0.090393394
0.058748264
0.043680377
0.07325721
0.10899739
0.12307709
0.07435573
0.057736907
0.052818645
0.07126702
0.0900485
0.056021027
0.07755914
0.04245947
0.12035183
0.1212423
0.07936713
0.05911163
0.036474824
0.040263165
0.029329948
0.058042105
0.02417497
0.022092579
0.035134315
0.049560275
0.073243394
0.06806199
0.077732146
0.096188255
0.07546183
0.064849466
0.057025265
0.04233368
0.06515375
0.04829389
0.039590225
0.010527257
0.06922169
0.09921749
0.07586567
0.08715706
0.10779668
0.04323928
0.030592395
0.033329897
0.035813093
0.035975937
0.09008901
0.084869444
0.0043119974
0.044861447
0.09349608
0.10211108
0.036974266
0.03219089
0.053376276
0.034769308
0.097921155
0.11301393
0.039415337
0.076634005
0.079836324
0.027771402
0.022984046
0.019247642
0.0612828
0.057435296
0.014954042
0.0750454
0.07177254
0.03502229
0.027026897
0.050576728
0.032004915
0.04871149
0.061231017
0.05990468
0.010648118
0.025691682
0.023079423
0.034072
0.08247415
0.08930869
0.044735517
0.027543008
0.058844764
0.012053762
0.092706956
0.07647772
0.061139263
0.055884577
0.06032782
0.08099209
0.15464944
0.1163922
0.08671983
0.09121583
0.021740915
0.08303694
0.07707773
0.015168728
0.06287585
0.11015971
0.08245719
0.03267017
0.023858815
0.033662815
0.046209797
0.062019832
0.05505329
0.027634045
0.0337007
0.015913142
0.06311988
0.04837717
0.04546177
0.04769695
0.08855029
0.027570037
0.061138604
0.06916453
0.06966277
0.08418831
0.09700479
0.058864392
0.013055741
0.038501825
0.0707013
0.033458296
0.06074861
0.08039554
0.036610033
0.053845566
0.047973286
0.014868117
0.018287774
0.02066911
0.027660608
0.08259539
0.12750834
0.06615368
0.07595921
0.0360195
0.07640368
0.13268223
0.09433699
0.009363901
0.016906586
0.022659287
0.015773045
0.021953417
0.056676842
0.053601272
0.024392948
0.057261553
0.061589763
0.08049186
0.054146327
0.047483753
0.046152893
0.048743144
0.060622707
0.05773146
0.06865511
0.05333221
0.04028549
0.061724886
0.07300043
0.0810732
0.0500851
0.020501392
0.061675925
0.017600385
0.041799657
0.02794648
0.055012606
0.0719874
0.057647187
0.048876137
0.080792084
0.061322358
0.038249586
0.04480419
0.030265298
0.062161334
0.06939582
0.06588752
0.12247968
0.06632273
0.075626105
0.09313152
0.096180096
0.11657537
0.12956715
0.036524925
0.08019665
0.04206484
0.018517025
0.039693933
0.082222044
0.051876776
0.040497527
0.090223245
0.047540523
0.06069565
0.09614703
0.08077848
0.045868795
0.036920015
0.014856663
0.013918785
0.05703326
0.089352176
0.07864096
0.08199519
0.048841905
0.05025727
0.0075986255
0.023560327
0.05347565
0.089506894
0.06678113
0.06910456
0.063239545
0.043380726
0.0644518
0.03546108
0.036819167
0.09863289
0.12291886
0.079958886
0.0525787
0.06197816
0.029551638
0.036442332
0.024818365
0.074923165
0.11834923
0.056409232
0.029034045
0.013796838
0.02135337
0.043896552
0.11736324
0.12981227
0.084373236
0.050285947
0.047283772
0.037843164
0.032211274
0.015178436
0.042234782
0.0635864
0.05962876
0.07401212
0.12926182
0.12548745
0.048659194
0.058725838
0.10432258
0.08947446
0.06669901
0.06555442
0.09705709
0.027194712
0.05607654
0.02811742
0.03594894
0.02205094
0.09072093
0.13760681
0.12602955
0.10884058
0.10797422
0.12936157
0.080393866
0.029071217
0.010527785
0.05624068
0.10650076
0.09391282
0.13108423
0.09881742
0.11065924
0.14469309
0.11643947
0.10856948
0.09639277
0.053321548
0.04867223
0.085381225
0.035542108
0.041636597
0.059699547
0.023612248
0.017887048
0.009441354
0.04899545
0.073771685
0.06746748
0.04095983
0.059832267
0.06302255
0.10649595
0.1309172
0.069574125
0.07882559
0.13531837
0.12682202
0.0682352
0.08532621
0.13117975
0.08446615
0.041150324
0.021667683
0.106751025
0.16172372
0.15013929
0.067899466
0.01474694
0.046977524
0.083164625
0.08097968
0.065585546
0.02065371
0.049541842
0.051966008
0.08244335
0.037630588
0.0106541235
0.08211761
0.14382592
0.062580906
0.026236802
0.016129132
0.02346166
0.02924202
0.049175452
0.06018945
0.059394058
0.015132263
0.06721845
0.075973004
0.023952417
0.094348244
0.066338874
0.056058213
0.08819647
0.09455625
0.1089089
0.08713747
0.02123313
0.040472627
0.060185876
0.054285664
0.036225162
0.0676454
0.08996767
0.06394947
0.05428367
0.12788741
0.12284242
0.057695586
0.067424454
0.10956212
0.15240158
0.12909442
0.057347782
0.02219101
0.037295625
0.03822714
0.08117492
0.089088984
0.041663107
0.04142267
0.045938503
0.029103354
0.04789734
0.033317264
0.02480681
0.056521848
0.0342658
0.05089278
0.09547935
0.16071774
0.1082385
0.06751445
0.054287717
0.019883888
0.03781948
0.04833184
0.1159618
0.09521662
0.010832122
0.07227051
0.14802113
0.14508153
0.08390084
0.042903632
0.026660042
0.1273734
0.18146442
0.13966906
0.07893475
0.05604856
0.048650373
0.06995504
0.016381755
0.03879294
0.015258476
0.054476112
0.09624766
0.090306915
0.01785457
0.06298696
0.066248864
0.07397289
0.06135945
0.0100059835
0.041921474
0.051765982
0.0410706
0.03352945
0.075032026
0.14593174
0.092838086
0.06378386
0.09555974
0.113434575
0.09210698
0.009872244
0.06802534
0.062414426
0.04233332
0.079029046
0.0637395
0.055412818
0.012129585
0.07407942
0.037275366
0.067275785
0.02492502
0.076754086
0.09182454
0.06728951
0.035175085
0.011884226
0.035865363
0.04424118
0.059215043
0.077573195
0.06291808
0.03813832
0.045610297
0.10479195
0.082736775
0.037609674
0.059668522
0.020745412
0.023597725
0.006675227
0.027975744
0.04413744
0.031926814
0.040693212
0.04308828
0.06624926
0.020365389
0.037213635
0.05565737
0.050143447
0.069506615
0.046915177
0.09169059
0.087308116
0.07221636
0.04168712
0.043627165
0.021091403
0.043966
0.08623897
0.10933891
0.09842794
0.06521909
0.06132071
0.07630519
0.06635356
0.040019948
0.092508145
0.17475867
0.14871864
0.07201142
0.028437432
0.049915716
0.1283641
0.13430376
0.09084861
0.097024605
0.09927936
0.075131446
0.060562525
0.07084705
0.05536341
0.050785538
0.05568178
0.042727042
0.028189795
0.07123599
0.05243074
0.023568733
0.055666424
0.062068477
0.02801407
0.01751465
0.050713122
0.08639793
0.052533694
0.04317167
0.014912877
0.068476
0.041126423
0.102356516
0.048193384
0.014494166
0.048790954
0.04312293
0.009314439
0.02007749
0.059394937
0.0744447
0.033542857
0.016820127
0.011276602
0.056250807
0.048108675
0.027766857
0.019250514
0.03839907
0.007091123
0.055398643
0.079662375
0.03376218
0.021350278
0.034143616
0.06591064
0.09942022
0.029896157
0.075061925
0.0462633
0.007788638
0.040118333
0.05703648
0.0040734527
0.06599614
0.073268116
0.056450743
0.07889599
0.08259263
0.074464105
0.114056654
0.085905544
0.08086151
0.01664333
0.10059337
0.07943057
0.04882189
0.045768213
0.05535828
0.111332595
0.0539882
0.021408038
0.06604181
0.028786523
0.056298424
0.076173276
0.098742165
0.027718632
0.12599929
0.11173502
0.022097612
0.04603039
0.114138775
0.046581175
0.047021966
0.0056907716
0.044961445
0.03340756
0.048261885
0.06518902
0.051621534
0.012369795
0.04620435
0.060184296
0.027560934
0.046986837
0.070723906
0.07760857
0.08388533
0.027290454
0.050469145
0.11310172
0.05816975
0.0192164
0.028939433
0.05667583
0.04658728
0.033380743
0.06732097
0.032701295
0.06504198
0.10513613
0.06890858
0.06670126
0.07632538
0.07496152
0.07324623
0.06496793
0.09290802
0.049601752
0.0329748
0.03384341
0.02906409
0.034096107
0.027183056
0.04883072
0.036913417
0.011389025
0.024743978
0.020048235
0.063691825
0.055550512
0.04161067
0.026960336
0.036656685
0.02866116
0.043031797
0.06985019
0.037434097
0.054201942
0.09722593
0.091150455
0.056786146
0.025349151
0.020767814
0.024505075
0.02874568
0.080779515
0.046752978
0.011656571
0.046873808
0.08761894
0.10265878
0.05639223
0.048818234
0.030384187
0.03145571
0.03158768
0.059923526
0.07362483
0.02441339
0.03871579
0.0558464
0.0031924644
0.049776204
0.042209327
0.048278846
0.07760633
0.08229092
0.056488387
0.058806706
0.06429813
0.024269486
0.017557617
0.03327217
0.04305681
0.036223102
0.037059266
0.03732276
0.04317415
0.037989043
0.043080185
0.05930858
0.039968096
0.02070692
0.029545097
0.056127332
0.051239815
0.040152073
0.0758026
0.08142478
0.049041573
0.05857167
0.030798849
0.015334759
0.0297842
0.042820875
0.044356715
0.049661182
0.04549023
0.011594533
0.004284639
0.010168247
0.02660385
0.054599404
0.018897371
0.028647995
0.019716386
0.020255303
0.011993262
0.006129425
0.017702015
0.021440998
0.015386201
0.009436712
0.027500482
0.013248071
0.028676491
0.057771556
0.064799465
0.038062308
0.022501053
0.042444054
0.017783051
0.051539782
0.06581483
0.085304625
0.060940664
0.03856798
0.037593678
0.041934807
0.028848255
0.04489517
0.032140795
0.01569286
0.02496242
0.04590829
0.028434059
0.013638841
0.040765725
0.057706714
0.04420937
0.06974948
0.05869231
0.01044634
0.0031921456
0.027666576
0.035358526
0.012048471
0.023118405
0.037980206
0.046465155
0.02275815
0.054941863
0.030555883
0.030241603
0.022508346
0.015451774
0.01374207
0.032663234
0.018108422
4.1458948E-4
0.03858078
0.08375876
0.06332669
0.0267066
0.014321787
0.04634754
0.059592016
0.030203857
0.016641172
0.031391162
0.023553822
0.011397809
0.02456029
0.024505975
0.029898841
0.050748818
0.009536014
0.04544421
0.016674267
0.030239027
0.03237235
0.02950803
-0.003051847
-0.0030518398
0.0
-0.0030518146
0.0
0.0
0.0
0.0
0.0
0.0
-0.0030516135
0.0
0.0
-0.0030514733
0.0
0.0
0.0
0.0
0.0
0.003051096
0.0
0.0
0.0
-0.003050773
-0.003050683
-0.0030505897
-0.0061009857
-0.0030503923
-0.0030502882
-0.0030501804
-0.003050069
-0.003049954
-0.0030498356
-0.0030497136
0.0
-0.0030494586
-0.0030493257
-0.0030491892
-0.0030490493
-0.0030489056
0.0
-0.0030486076
-0.0030484532
-0.0030482954
-0.0060962676
-0.0030479687
-0.0030478002
-0.0030476279
-0.0060949037
0.0
-0.0030470896
-0.0030469028
-0.0030467126
-0.003046519
0.0
0.0
0.0
-0.003045708
-0.0030454963
-0.0030452812
-0.0030450623
0.0
0.0
-0.0030443843
0.0
-0.0030439147
-0.0030436744
0.0030434304
0.0
0.0
-0.0030426774
0.0
0.0030421577
0.0
0.0030416236
0.0030413512
0.0030410753
0.0030407957
0.0030405126
0.003040226
0.0030399356
0.0030396418
0.0030393444
-0.0030390436
-0.003038739
0.0
0.0
0.0030378043
0.0030374855
-0.0030371633
0.0
0.0
0.0
0.0
0.0
0.0
0.0
0.0
0.0
0.0
0.0060667666
0.0030330184
0.0
0.003032278
0.0030319025
0.0030315232
0.0030311407
0.0030307544
0.0
0.0030299714
0.0
0.0
-0.0030287702
-0.0030283628
0.0
-0.0030275374
-0.0030271192
0.0
-0.0030262724
0.0
-0.0030254116
-0.003024976
-0.0030245367
-0.003024094
0.0
0.0
-0.0030227446
-0.0030222875
0.0
-0.0030213632
0.0
0.0
0.0
0.0
0.0
0.0
-0.0030180172
-0.0030175252
0.0
-0.0030165305
-0.003016028
0.0
-0.0030150122
-0.003014499
0.0
-0.0030134625
0.0
0.0
0.0
-0.003011347
-0.0030108094
0.0
-0.0030097237
-0.0030091756
-0.003008624
-0.003008069
-0.0030075102
-0.0030069482
0.0
-0.0030058138
0.0
0.0
0.0
0.0
-0.0030029162
0.0
0.0
0.0
0.0030005358
0.0
0.0029993248
-0.002998714
-0.0029981
0.0
0.0
-0.0029962363
-0.0029956084
-0.0029949767
0.0
-0.0029937034
-0.0029930614
0.0
0.0
0.0
0.0
0.0
0.0
-0.0029884714
0.0
0.0
-0.0059729056
0.0
-0.0059701796
0.0
0.0
0.0
-0.0059646447
0.0
0.0
0.0
0.0029795002
0.0
0.0
0.0
-0.0059532467
0.0
0.0
0.0
0.0
0.0029729502
0.0029722054
0.0029714573
0.0029707055
0.0
0.002969192
0.0
0.0
0.0
0.0
0.002965349
0.0
0.0
0.0
0.0
0.0
0.0
-0.005919653
0.0
0.0
-0.0059148176
0.0
0.0
0.0
0.0
0.0
0.005904966
0.0
0.0
0.0
0.0
0.005896571
0.0
0.0
0.0
0.0
0.0
0.0
0.0058845375
0.0058827917
0.0
0.0
0.0
0.0
0.0
0.0
0.0
0.0
0.0
0.0
0.0029315744
0.0058613233
0.0
0.0029288263
0.0029279036
0.0
0.0029260484
0.0
0.0
0.0
0.0029222982
0.0029213524
0.0
0.0
0.0
0.0029175368
0.0
0.0029156092
0.005829281
0.0029136685
0.005825387
0.0
0.0029107332
0.0029097481
0.0
0.0058155367
0.0
0.0
0.0
0.0
0.0
0.0
0.0
-0.0028997194
0.0
0.0
0.0
0.0
0.0
0.0
0.0
-0.0028914632
-0.002890417
-0.002889367
0.0
0.0
0.0
0.0028851363
0.0
0.0
0.0
-0.002880854
0.0
0.0
-0.002877609
0.0
0.0
0.0
0.0
0.002872137
0.0
0.0
0.0028688156
0.0
0.0
0.0
0.0
0.0
-0.0028620877
0.0028609554
0.0
0.0
0.0
-0.0028563947
-0.0028552467
-0.0028540955
0.0
-0.0028517838
0.0
-0.0028494596
-0.0028482927
0.0
0.0
0.0
0.0
0.0
-0.002841227
0.0
0.0
0.0
-0.0028364544
0.0
0.0
0.0
0.0
0.0
0.0
0.0
0.0028267615
0.0
0.0028243074
0.0
-0.0028218413
0.0
0.0
0.0
0.0
0.0
-0.0028143697
0.0
0.0
0.0
0.0
0.0
0.0
-0.0028055147
0.0
0.0
0.0
-0.0028003885
0.0
0.0027978073
-0.0027965123
0.0
0.0
0.0
0.0
0.0
0.0
0.0
0.0027860445
0.0027847225
0.0
0.0
0.0
0.0
0.0
0.0
0.0
0.0
0.0
0.0
0.0
0.0
-0.0027672697
0.0027659065
0.0
0.0
0.0
0.0
0.0
0.0
0.0027562834
0.0
0.0027535078
0.0027521157
0.0027507208
0.0
0.0027479222
0.0
0.002745112
0.0027437026
0.0
0.0
0.0
0.0027380362
0.0027366127
0.0027351861
0.0027337568
0.0
0.0027308895
0.0
0.0
0.0027265672
0.0027251206
0.0027236715
0.0027222193
0.0
0.0
0.0027178463
0.0
0.002714917
0.0
0.0
0.0
0.0
0.0
0.0
0.0
0.0
0.0
-0.0027001027
0.0
-0.0026971065
0.0
0.0
0.0
-0.0026910813
0.0
0.0026880521
0.0
0.0
0.0
0.0
0.0
0.002678899
0.002677364
0.0026758262
0.0026742858
0.0
0.0026711968
0.0
0.0
0.0
-0.0026649865
0.0
0.0
0.0
0.0
0.0
0.0
0.0
0.0026524374
-0.002650857
0.0
0.0
0.0
0.002644508
0.0
0.0
0.0026397186
0.002638117
0.0
0.0026349057
0.0
0.0
0.0
0.0
0.0
0.0
0.0
0.0
0.0
-0.0026186935
0.0
0.0
0.0
0.0
0.0
-0.0026088424
0.0
0.0
-0.0026038825
-0.002602224
-0.0026005632
-0.0025988996
-0.0025972337
0.0
0.0
0.0
-0.0025905445
-0.0025888658
-0.0025871848
-0.0025855012
0.0
-0.0025821265
-0.0025804355
-0.002578742
-0.005154092
0.0
-0.0025736466
0.0
0.0
-0.002568529
-0.0025668181
0.0
-0.0025633893
0.0
0.0
-0.0025582276
-0.0025565021
-0.0025547743
0.0
0.0
-0.002549576
-0.0025478385
-0.0025460985
-0.0025443563
0.0
0.0
0.0
0.0
0.0025356088
0.0025338521
0.0
0.0025303317
0.0
0.0
0.0
-0.0025232625
0.0
0.0
0.0
0.0
0.0
0.0
-0.0025108012
0.0
0.0
0.0
-0.0025036293
-0.0025018305
0.0
0.0
0.0
0.0
0.0
0.00249099
0.0
0.0
0.0
0.0
0.0
0.0
0.0
0.0
0.0
0.002472741
0.002470904
0.0
0.0
0.0
0.0
0.0
0.002459834
0.0
-0.0024561265
0.0
-0.0024524103
-0.0024505488
0.0
0.0
-0.0024449513
-0.0024430812
-0.002441209
0.0
0.0
0.0
0.0024336984
0.0
0.0024299303
0.0
0.0
0.002424262
0.0
0.0
0.0
0.0
0.0
0.0
0.0
0.0
-0.0024071436
-0.0024052311
-0.0024033168
-0.0024014001
-0.0023994814
-0.0023975607
-0.002395638
-0.0023937132
0.0
0.0
0.0
0.0023859935
0.0
0.0
0.0
-0.0023782414
0.0
-0.0023743534
0.0
0.0
-0.0023685063
-0.0023665533
-0.0023645982
0.0
-0.0023606822
-0.0023587213
-0.0023567586
0.0
-0.002352827
0.0
0.0
0.0
0.0
-0.002342964
0.0
0.0
0.0
0.0023350392
0.0
0.0023310652
0.0
0.0
0.0
0.0023230945
0.0
0.0
0.0023170968
0.0
0.0
0.0023110826
0.0
0.0023070637
0.0023050513
0.0
0.0
0.0
0.0
-0.004589926
0.0
0.0
0.0
0.0
0.0
0.0
0.0
0.0
0.0022766902
0.0
0.0
0.0
0.0
0.0
0.0022644287
0.0
0.0
0.0
0.0
0.0
0.0
0.0
0.0
0.0
0.0
0.0022417873
0.0
0.0
0.0
0.0
0.002231428
0.0
0.0044545447
0.0
0.0
0.004442054
0.0
0.0
0.0
0.0
0.0
0.0
0.0
0.0
0.0
0.0
0.0
0.0
0.0
0.0043833777
0.0021895813
0.0021874723
0.0
0.0
0.0
0.0
0.0021769037
0.0
0.0021726657
0.0
0.0
0.0
-0.004328342
0.0
0.0
-0.0021577843
0.0
0.0
0.0
0.0
0.0
0.0
0.0
0.0
0.0
0.0
0.0
0.0
0.0
0.0
0.0
0.0
0.0021213437
0.0
0.0
0.0
0.0
0.0021105479
0.0021083844
0.0
0.0
0.002101886
0.0
0.0
0.0020953757
0.0
0.0
0.0
0.0
0.0
0.0
0.0
0.004155912
0.0020757725
0.0
0.0
0.0
0.0020670262
0.0020648362
0.0020626453
0.0
0.0
0.0
0.0020538683
0.0
0.0020494724
0.0020472726
0.0
0.0020428693
0.0020406658
0.0
0.0
-0.0020340483
0.0
0.0020296304
0.0
0.0
0.0
0.0020207807
0.0
0.0
0.0
0.0
0.0
0.0
0.0
0.0
0.0
0.0
0.0
0.0
-0.0019918922
0.0
0.0
0.0
0.0
0.0
0.0
0.0
0.0
-0.0019717831
0.0
0.0
-0.0019650608
0.0
-0.0019605744
0.0
0.0
0.0
0.0
0.0
0.0
0.0
0.0
0.0019403347
0.0
0.0
0.0
-0.0019313137
0.0
0.0
0.0
0.0
0.0
0.0
0.0
0.0
0.0
0.0
0.0
0.0019041602
0.0019018917
0.0
0.0
0.0
0.0
0.0
0.0
0.0
0.0
0.0
-0.0018791569
0.0
0.0
0.0
-0.0018700395
0.0
0.0
0.0
0.0
0.0018586244
0.001856339
0.0018540529
0.0
0.0018494782
0.0018471899
0.0018449007
0.0
0.0
0.0
0.0
0.0018334434
0.0
-0.0018288554
0.0
0.0
0.0
0.0
0.0018173731
0.0018150745
0.0018127753
0.0018104754
0.0
0.0
0.0
0.0
0.0017989659
0.0
0.0
0.0
0.0
0.0
0.0
0.0
-0.0017805176
-0.0017782088
-0.0017758994
-0.0017735894
0.0
0.0
0.0
0.0
0.0
0.0
-0.0017574036
-0.001755089
-0.0017527741
0.0017504585
0.0017481424
0.0
0.0
0.0
-0.0017388728
-0.0017365542
-0.0017342351
-0.0017319154
0.0
0.0
-0.0017249536
0.0
0.0
0.0
0.0
0.0
0.0
0.0
0.0
0.0
0.0
-0.0016993921
0.0016970658
0.0
0.0016924118
0.0033801687
0.0
0.0
0.0016830994
0.0016807704
0.001678441
0.0033522225
0.0
0.0016714507
0.0016691198
0.0
0.0
0.0
0.0
0.0016574608
0.0
0.0
0.0016504617
0.0
0.0
-0.0016434599
0.0
0.0
0.0016364555
0.0016341202
0.0
0.0
0.0
0.0016247766
0.0
0.0
0.0
-0.0016154293
-0.0016130919
-0.0016107543
0.0
0.0
0.0016037404
0.001601402
-0.0015990634
0.0
0.0
0.0
0.0
-0.0015873683
0.0
-0.0031653785
0.0
-0.0015780096
-0.0015756695
0.0
-0.0015709891
0.0
-0.0015663084
-0.0015639679
-0.0015616273
0.0
0.0
0.0
0.0
-0.001549923
0.0
0.0015452408
0.0
0.0
0.0
0.0
0.0015335347
0.0
0.0
0.0015265108
0.0015241695
0.0015218282
0.0
0.0
0.0015148043
0.0
0.0
0.0015077807
0.0015054396
0.0015030985
0.0015007575
0.0014984165
0.0014960757
0.0014937348
0.0014913941
0.0014890534
0.0
0.0
0.0
0.0
0.0
0.0
0.0014726714
0.0
0.001467992
0.0014656524
0.0
0.0
-0.0014586346
0.0
0.0
-0.0014516183
0.0
-0.0014469415
-0.0014446034
-0.0014422656
-0.0028798557
-0.0014375903
-0.0014352531
-0.001432916
-0.0014305791
-0.0014282425
0.0
0.0
-0.0014212341
0.0
-0.0014165629
-0.0014142278
0.0
0.0014095583
0.001407224
0.0
0.0
0.0
0.0
0.0
0.0
0.0
0.0013885596
0.001386228
0.0013838967
0.0013815657
0.0
-0.0013769048
0.0
0.0
0.0
0.0
0.0
0.0
0.0
-0.0013582754
0.0
0.0
-0.0013512959
0.0
0.0
0.0013443199
0.0
0.0013396714
0.0
0.0
0.001332702
0.0
0.0
-0.0013257368
0.0013234159
0.0013210955
0.0013187756
0.0013164562
0.0
0.0
0.001309501
0.0013071836
0.0
0.0013025504
0.0013002346
0.0012979193
0.0012956045
0.0012932903
0.0
0.0
0.0
0.0
0.0012817276
0.0012794167
0.0012771065
0.0
0.0
0.0
0.0
0.0
0.0012632573
0.0012609513
0.0012586459
0.0
-0.0012540369
0.0
0.0
0.0
0.0
0.0
0.0012402255
0.0
0.0
0.0
0.0
0.0
0.0
0.0
0.0
0.0
0.0
0.0
0.0
0.0
0.0
0.0
0.0
0.0012012287
0.0
0.0
-0.0023887383
0.0
0.0
0.0
0.0023704679
0.0011829521
0.0011806712
0.0
0.0
0.0
0.0
0.0
0.0
0.0
0.0
0.0
0.0
0.0
0.0
0.0
0.0
0.0022931132
0.0
0.0
0.0
0.0
0.0
0.0
0.0
0.0
0.0
0.0
0.0
0.0
0.0
0.0
0.0
0.0
0.0
0.0
-0.0022072715
0.0
0.0
0.0
0.0
0.0
0.0
0.0
0.0
0.0
0.0021623753
0.0
0.0
0.0010744734
0.0010722374
0.0010700026
0.0
0.0010655359
0.0
0.0
0.0
0.0
0.0
0.0
0.0
0.0
0.0
-0.002086538
0.0
-0.002077658
0.0
0.0
0.0
0.0
-0.0020554988
0.0
-0.0020466514
-0.0010211156
-0.0010189067
-0.001016699
0.0
0.0
0.0
-0.0020157606
-0.0010056787
0.0
0.0
-0.0019981621
0.0
-9.94689E-4
0.0
0.0
-9.8811E-4
-9.859196E-4
-9.837304E-4
-9.815425E-4
0.0
-9.771707E-4
0.0
-9.7280386E-4
-9.706224E-4
-9.684423E-4
-9.6626347E-4
0.0
0.0
0.0
0.0
0.0
-9.532185E-4
-9.5104903E-4
-9.4888086E-4
0.0
0.0
-9.423847E-4
-9.40222E-4
-9.3806075E-4
-9.3590084E-4
0.0
-9.315852E-4
-9.294295E-4
0.0
0.0
0.0
0.0
0.0
0.0
0.0
-9.1223477E-4
-9.1009185E-4
-9.0795045E-4
0.0
-9.036719E-4
-9.0153486E-4
0.0
-8.9726516E-4
0.0
-8.930013E-4
0.0
-8.887435E-4
-8.866168E-4
-8.8449166E-4
0.0
-8.802459E-4
-8.7812525E-4
0.0
-8.738886E-4
0.0
0.0
0.0
0.0
0.0
0.0
-8.591089E-4
-8.570038E-4
-8.549002E-4
8.527982E-4
-8.506978E-4
0.0
-8.465018E-4
-8.4440614E-4
0.0
0.0
8.3812897E-4
0.0
8.339522E-4
0.0
0.0
0.0
0.0
0.0
0.0
0.0
0.0
8.1523816E-4
0.0
0.0
-8.090301E-4
0.0
0.0
0.0
8.007763E-4
0.0
0.0
0.0
0.0
0.0
0.0
0.0
7.84351E-4
0.0
0.0
0.0
0.0
0.0
0.0
7.700704E-4
0.0
7.660062E-4
7.639768E-4
0.0
7.599233E-4
0.0
-7.5587706E-4
-7.538566E-4
-7.5183803E-4
-7.4982125E-4
-7.4780633E-4
0.0
-7.437819E-4
0.0
0.0
-7.3775917E-4
0.0
7.3375326E-4
0.0
0.0
0.0
7.2576385E-4
0.0
0.0
7.1979157E-4
0.0
0.0
0.0
0.0
0.0
0.0
7.059229E-4
0.0
7.0197775E-4
0.0
0.0
0.0
-6.941107E-4
0.0
0.0
0.0
-6.8627496E-4
0.0
0.0
0.0
0.0
0.0
0.0
0.0
0.0
0.0
0.0
0.0
6.6295883E-4
6.610289E-4
0.0
6.5717514E-4
0.0
0.0
-6.514099E-4
-6.494923E-4
-6.4757676E-4
-6.4566324E-4
-6.437518E-4
0.0
6.399352E-4
-6.3803E-4
0.0
-6.342259E-4
-6.32327E-4
6.304302E-4
0.0
0.0
0.0
-6.228641E-4
0.0
0.0
0.0
0.0
0.0
0.0
0.0
0.0
0.0
0.0
0.0
0.0
0.0
0.0
5.947967E-4
5.929429E-4
0.0
0.0
5.873947E-4
0.0
0.0
5.818664E-4
5.800281E-4
5.78192E-4
5.763581E-4
0.0
0.0
0.0
5.690451E-4
0.0
0.0
-5.635839E-4
-5.617681E-4
0.0
0.0
0.0
5.5452733E-4
0.0
-5.5092067E-4
5.491208E-4
5.473232E-4
5.4552796E-4
0.0
5.419443E-4
0.0
0.0
0.0
0.0
0.0
-5.3124916E-4
0.0
-5.277028E-4
0.0
0.0
0.0
0.0
0.0
0.0
0.0
0.0
0.0
0.0
0.0
0.0
0.0
-5.031433E-4
0.0
0.0
0.0
0.0
4.9448584E-4
0.0
0.0
0.0
-4.8760357E-4
0.0
0.0
0.0
0.0
4.7905574E-4
0.0
4.7565385E-4
0.0
0.0
4.7056953E-4
0.0
0.0
0.0
0.0
0.0
-4.6046812E-4
-4.587933E-4
0.0
-4.5545123E-4
-4.5378396E-4
4.5211922E-4
0.0
0.0
0.0
0.0
0.0
-4.42184E-4
0.0
0.0
4.372508E-4
0.0
0.0
-4.3234063E-4
-4.3070907E-4
0.0
0.0
0.0
0.0
0.0
0.0
0.0
0.0
0.0
-4.1453578E-4
0.0
4.113324E-4
4.0973467E-4
0.0
4.0654704E-4
4.0495716E-4
0.0
0.0
4.0020343E-4
0.0
0.0
0.0
0.0
3.923336E-4
0.0
3.8920433E-4
0.0
-3.8608574E-4
0.0
0.0
3.8142802E-4
3.7988083E-4
0.0
3.7679455E-4
0.0
3.737191E-4
3.721854E-4
0.0
0.0
3.6760073E-4
3.6607796E-4
0.0
0.0
3.61526E-4
0.0
3.585051E-4
0.0
0.0
0.0
0.0
0.0
0.0
0.0
0.0
0.0
0.0
0.0
0.0
3.391383E-4
0.0
0.0
0.0
0.0
0.0
0.0
0.0
0.0
0.0
0.0
0.0
0.0
0.0
0.0
0.0
0.0
0.0
0.0
0.0
3.1026787E-4
0.0
3.0744335E-4
3.060354E-4
0.0
3.032281E-4
0.0
3.004323E-4
0.0
2.9764805E-4
2.9626026E-4
0.0
0.0
0.0
2.907381E-4
2.8936483E-4
2.8799445E-4
2.86627E-4
0.0
0.0
0.0
0.0
0.0
0.0
0.0
2.7579267E-4
0.0
0.0
2.7177826E-4
0.0
0.0
0.0
0.0
2.651467E-4
2.6382925E-4
2.625148E-4
0.0
0.0
2.585893E-4
0.0
0.0
0.0
0.0
0.0
0.0
0.0
0.0
0.0
0.0
0.0
0.0
0.0
0.0
0.0
0.0
0.0
0.0
0.0
-2.3310952E-4
-2.3186728E-4
0.0
0.0
0.0
4.538577E-4
0.0
0.0
0.0
0.0
0.0
0.0
0.0
-2.1719899E-4
0.0
-2.1479727E-4
0.0
2.124079E-4
0.0
0.0
2.0884706E-4
0.0
0.0
2.0531412E-4
0.0
0.0
0.0
0.0
0.0
0.0
0.0
0.0
0.0
0.0
-1.9259995E-4
0.0
0.0
0.0
0.0
0.0
0.0
0.0
0.0
0.0
0.0
0.0
0.0
-1.7806406E-4
0.0
0.0
0.0
0.0
0.0
0.0
0.0
0.0
0.0
1.6724721E-4
0.0
0.0
0.0
-1.630099E-4
0.0
0.0
0.0
0.0
0.0
0.0
0.0
1.5468943E-4
0.0
-1.5264156E-4
0.0
0.0
0.0
0.0
1.4757847E-4
1.4657558E-4
1.4557593E-4
1.4457954E-4
0.0
1.425965E-4
0.0
1.4062651E-4
0.0
0.0
0.0
0.0
0.0
0.0
0.0
0.0
0.0
0.0
0.0
0.0
0.0
0.0
0.0
0.0
0.0
0.0
-1.2256467E-4
0.0
0.0
0.0
0.0
0.0
0.0
0.0
0.0
0.0
1.13536546E-4
1.12651986E-4
1.1177075E-4
1.1089285E-4
1.1001828E-4
0.0
1.08279135E-4
1.0741457E-4
0.0
1.0569546E-4
0.0
0.0
-1.0314187E-4
0.0
0.0
1.0061843E-4
9.9783996E-5
0.0
9.8125194E-5
9.7300835E-5
9.647984E-5
9.566221E-5
9.484794E-5
9.403705E-5
9.322953E-5
9.2425376E-5
9.16246E-5
9.08272E-5
9.003318E-5
8.924254E-5
8.845529E-5
0.0
0.0
0.0
8.5340114E-5
8.4569794E-5
0.0
8.303934E-5
8.2279206E-5
0.0
0.0
0.0
0.0
0.0
0.0
0.0
7.632064E-5
0.0
0.0
0.0
0.0
7.270739E-5
7.1995004E-5
7.1286035E-5
7.0580485E-5
1.3975674E-4
6.917968E-5
0.0
6.7792585E-5
0.0
0.0
6.57377E-5
0.0
6.438496E-5
0.0
0.0
0.0
-6.1720784E-5
-6.106336E-5
-6.0409377E-5
-5.9758844E-5
-5.9111764E-5
0.0
0.0
0.0
0.0
0.0
0.0
5.4678985E-5
0.0
5.3443626E-5
0.0
0.0
0.0
0.0
5.041592E-5
0.0
4.9229147E-5
4.8640974E-5
0.0
4.747506E-5
0.0
0.0
0.0
0.0
4.4621214E-5
0.0
4.350408E-5
4.295074E-5
4.24009E-5
4.185455E-5
0.0
0.0
4.0236468E-5
0.0
0.0
3.8649865E-5
0.0
0.0
0.0
0.0
3.6075573E-5
0.0
3.50704E-5
3.4573077E-5
-3.4079265E-5
3.3588964E-5
0.0
0.0
-3.2139153E-5
0.0
3.119019E-5
0.0
0.0
0.0
2.9334506E-5
0.0
0.0
0.0
0.0
2.7094182E-5
0.0
0.0
0.0
2.5365433E-5
4.988415E-5
0.0
2.410596E-5
0.0
0.0
2.2878308E-5
2.2476166E-5
2.2077566E-5
0.0
0.0
-2.0903006E-5
-2.051857E-5
0.0
0.0
-1.9386534E-5
0.0
0.0
-1.8286419E-5
-1.7926812E-5
0.0
0.0
0.0
0.0
0.0
0.0
0.0
0.0
0.0
0.0
0.0
-1.3888671E-5
-1.3575279E-5
-1.3265448E-5
0.0
0.0
0.0
1.2061741E-5
1.1769722E-5
0.0
0.0
0.0
1.0637302E-5
1.0363114E-5
1.0092493E-5
9.825441E-6
0.0
0.0
-9.045704E-6
0.0
0.0
-8.298108E-6
0.0
7.817573E-6
0.0
0.0
0.0
-6.8993963E-6
0.0
-6.4617625E-6
0.0
6.0384377E-6
0.0
0.0
0.0
5.2347305E-6
-5.0427525E-6
4.854355E-6
0.0
0.0
0.0
4.1365797E-6
0.0
0.0
0.0
0.0
3.3199735E-6
0.0
3.0184206E-6
2.8730217E-6
0.0
2.5929814E-6
0.0
0.0
-2.1998192E-6
-2.075939E-6
0.0
0.0
-1.725825E-6
0.0
0.0
-1.408006E-6
0.0
0.0
-1.1224888E-6
0.0
-9.5009244E-7
-8.6927935E-7
0.0
0.0
-6.483831E-7
0.0
-5.19073E-7
0.0
0.0
3.5204212E-7
-3.0354812E-7
0.0
0.0
-1.796167E-7
0.0
0.0
-8.801307E-8
0.0
0.0
-2.8739146E-8
-1.6165792E-8
0.0
0.0
0.0
