0.021330703
0.21166627
0.19376186
0.05148689
0.11438016
0.106514126
0.2003225
0.5711454
0.6480071
0.6911305
0.3954323
0.25344342
0.15673673
0.3695705
0.82759315
0.6766357
0.13364114
0.7536404
1.1279219
0.20217949
0.46020016
0.027709464
0.22558002
0.20875001
0.47457632
1.2694949
0.55809253
0.46293035
0.32841396
0.16863076
0.3529204
0.19723251
0.8739042
0.61979914
0.11104535
0.19264625
0.3939407
0.52331954
0.03887798
0.39289695
0.54717505
0.18368268
0.23854735
0.3633181
0.17846915
0.15882051
0.05595213
0.24144608
0.50333846
0.11787399
0.42765307
0.37378222
0.18205623
0.36720133
0.58516765
0.3322955
0.098137
0.12928736
0.22915469
0.26050517
0.33109802
0.29120106
0.1271723
0.18523385
0.2671314
0.4066278
0.25219682
0.06973031
0.09836367
0.12177165
0.18490934
0.064704165
0.13682184
0.2908608
0.06760132
0.39685863
0.28777108
0.14918669
0.2720599
0.36472702
0.32504895
0.26637
0.31629574
0.29263273
0.20429987
0.13185035
0.064351715
0.06912072
0.13489985
0.23678021
0.2011224
0.2183757
0.20592114
0.16910896
0.25041714
0.22072113
0.14262985
0.08597457
0.050770905
0.24017563
0.2308814
0.10336862
0.08932201
0.07197691
0.027955534
0.13609587
0.18909402
0.12937726
0.048356146
0.15539093
0.16123757
0.10263469
0.08933921
0.028115803
0.052517943
0.09711251
0.108958356
0.19212669
0.086274624
0.0998664
0.084042035
0.08712516
0.07300091
0.10964056
0.0935912
0.08673046
0.05011158
0.117826946
0.11066974
0.050789133
0.07640222
0.076618545
0.043645103
0.15166159
0.14916563
0.025162889
0.04789581
0.05090262
0.107645825
0.1127963
0.096569754
0.08160557
0.20487888
0.16742505
0.071406186
0.07051822
0.09687085
0.13124044
0.13166378
0.11031953
0.034735497
0.04326314
0.031491924
0.12227862
0.20096721
0.06779298
0.07084727
0.07520525
0.106030144
0.090674855
0.09644229
0.13973033
0.11251245
0.12097904
0.25057918
0.1967463
0.07546749
0.11116725
0.118298605
0.0701517
0.055463333
0.19847326
0.17909227
0.039619915
0.055107083
0.052477185
0.018254785
0.0773284
0.10422161
0.16332272
0.091671586
0.044245914
0.086507335
0.01968821
0.14428276
0.14780296
0.10365125
0.25109953
0.10776915
0.061587926
0.0853762
0.13649422
0.14531697
0.0833593
0.027423091
0.06641163
0.15688314
0.044876926
0.07313011
0.11676518
0.1219049
0.032225035
0.055984676
0.06005992
0.06384847
0.022194957
0.07907628
0.044690695
0.04883389
0.057653323
0.09490066
0.1279238
0.069942646
0.024774028
0.02446484
0.055081163
0.10183626
0.10834639
0.11063611
0.13122728
0.057813752
0.045032375
0.034665685
0.04398165
0.048603762
0.021443108
0.05454271
0.07400653
0.09054508
0.0856839
0.0921595
0.08726007
0.041230906
0.04278344
0.122730285
0.10224723
0.052881848
0.019332236
0.06243497
0.103796005
0.06819283
0.031913184
0.06345457
0.065233395
0.01899141
0.026373738
0.065655805
0.038778465
0.008551512
0.058010597
0.089900315
0.029885428
0.08704381
0.14836764
0.16186766
0.10281608
0.06020538
0.05904987
0.043507542
0.06273825
0.0930094
0.060208283
0.096808255
0.1718068
0.11843267
0.10333347
0.14737634
0.10435031
0.04456483
0.06964187
0.07493158
0.03512291
0.037017986
0.0480186
0.11541647
0.066617854
0.019525904
0.012155317
0.02929016
0.055411965
0.0261979
0.050856072
0.025455434
0.04992281
0.08051447
0.063001946
0.0068199458
0.030457612
0.044804137
0.04992665
0.14010592
0.17574584
0.09669688
0.022159373
0.046086274
0.14245884
0.118115135
0.12028089
0.08632278
0.05969977
0.072404005
0.057900492
0.08186809
0.06738171
0.05066585
0.07461697
0.08109079
0.061358016
0.035010632
0.04901936
0.06969954
0.09014197
0.15305363
0.07674314
0.005233626
0.01790714
0.086372316
0.047542546
0.04536535
0.09411465
0.05985887
0.060781993
0.04614382
0.11049238
0.11616244
0.076997995
0.079501316
0.054680374
0.1347978
0.10667293
0.045904893
0.041045275
0.098419614
0.10783191
0.055759475
0.017844275
0.012669853
0.017353386
0.027353512
0.055957034
0.006332604
0.026970452
0.07184133
0.10660663
0.065398745
0.040917836
0.03384138
0.05444193
0.05993922
0.055158883
0.08526333
0.08739339
0.04602571
0.027491152
0.06216905
0.060830474
0.059814464
0.04992944
0.081265174
0.07324152
0.029751636
0.05043339
0.08204738
0.11126827
0.057537124
0.061547752
0.046902496
0.036297638
0.07369196
0.08343842
0.05924977
0.072930746
0.117298186
0.12776987
0.134292
0.09912632
0.06995698
0.059955575
0.03905841
0.09760138
0.031269092
0.058865435
0.09179506
0.091094345
0.0140119
0.064419195
0.06936273
0.07282984
0.045815066
0.039181016
0.037939467
0.03215946
0.05486338
0.052689876
0.06585836
0.045302518
0.044239532
0.05601327
0.056372013
0.05055296
0.111628585
0.13646159
0.09876755
0.08262
0.067437045
0.047414966
0.022973584
0.088087805
0.096544735
0.03238706
0.02582341
0.07124294
0.121141806
0.085926235
0.037815653
0.05402487
0.047338605
0.029785397
0.08416092
0.019774023
0.09041189
0.089069195
0.07668645
0.021317022
0.09732315
0.076174505
0.0310681
0.089449376
0.10016291
0.119060606
0.113300644
0.07988287
0.13286749
0.1911008
0.21045709
0.22084093
0.20807172
0.20916091
0.105274566
0.03677314
0.071681336
0.058166817
0.08374967
0.09450679
0.06651751
0.061369684
0.028618775
0.029217018
0.031966288
0.03504589
0.013445091
0.064576946
0.07261869
0.056538112
0.052918784
0.048556253
0.082807384
0.15554754
0.11544764
0.060311258
0.11067395
0.087255724
0.052634988
0.03607506
0.0777475
0.06819001
0.040230785
0.023867618
0.06448878
0.013763888
0.08271187
0.15936743
0.10323586
0.013621695
0.025886968
0.018137688
0.021204475
0.035426546
0.007884028
0.015099013
0.06948138
0.10293807
0.07605253
0.014435537
0.03455826
0.0136517
0.025470734
0.024086554
0.05464445
0.069508694
0.038966786
0.082751095
0.08050913
0.01374868
0.033872858
0.049141858
0.115171276
0.0723189
0.041195955
0.08218194
0.106205106
0.10643473
0.05451774
0.044861667
0.022285491
0.0625021
0.0411657
0.05316419
0.07509921
0.074499905
0.05600271
0.008280577
0.06808924
0.04744172
0.06224239
0.08455252
0.11782065
0.09217112
0.08307867
0.07869538
0.057045568
0.05077212
0.108864695
0.10925264
0.009843468
0.05187393
0.068289995
0.10366007
0.046287194
0.031548176
0.032750025
0.06421502
0.08011741
0.092179425
0.11492254
0.15397157
0.099572085
0.030827817
0.045267966
0.037163444
0.067984454
0.04642713
0.037647188
0.034665484
0.057412576
0.07679614
0.034844413
0.06007851
0.056359146
0.04555739
0.06281123
0.055141315
0.03293303
0.045208845
0.07488627
0.05331972
0.0342806
0.12773484
0.07952803
0.07253527
0.104414545
0.16211358
0.06744616
0.08072863
0.060823787
0.01967041
0.024720887
0.08115726
0.20398206
0.22332224
0.17240138
0.13575071
0.031023119
0.060494486
0.047995765
0.07472705
0.073734
0.16919117
0.080715835
0.03802261
0.052240774
0.11093352
0.08848804
0.07825973
0.06503337
0.020639958
0.0719193
0.059369832
0.119041376
0.1149807
0.08724534
0.070466965
0.08435495
0.15398532
0.12181411
0.095870465
0.097889416
0.05381131
0.02146158
0.07740877
0.10052923
0.15080602
0.12998477
0.07832132
0.13759714
0.17358491
0.11831671
0.07138565
0.14140753
0.117410764
0.04952368
0.08148679
0.1417646
0.16900139
0.14829795
0.07159281
0.1119924
0.16762921
0.128084
0.1105299
0.08436716
0.16599615
0.24177095
0.09519095
0.07570512
0.11650372
0.16300371
0.118402846
0.047008626
0.090255514
0.032158382
0.04915127
0.01986597
0.07437047
0.07688509
0.14119327
0.05041701
0.047775336
0.015584987
0.015776701
0.026651548
0.079717554
0.08585291
0.061417937
0.06232299
0.0140414955
0.04227552
0.13762103
0.19842818
0.23314579
0.17355186
0.19263692
0.1423768
0.030587615
0.097039245
0.068479285
0.09498832
0.084079325
0.031061867
0.10187955
0.123132825
0.18444127
0.2266386
0.098901585
0.05485147
0.032945856
0.079269096
0.03177984
0.05528497
0.08482376
0.1307282
0.06381105
0.05008001
0.08221115
0.08180997
0.060157355
0.055359263
0.13100655
0.12962411
0.045700535
0.08412313
0.10799707
0.05357546
0.059183244
0.111337446
0.10167773
0.04990034
0.06954938
0.043015983
0.031173388
0.07460844
0.038952004
0.043339655
0.051368482
0.14954448
0.13334362
0.12061469
0.078693226
0.123693354
0.04644967
0.022168433
0.040972147
0.035317693
0.06193952
0.13527887
0.09257499
0.031236848
0.04529947
0.037688587
0.016493522
0.039292004
0.022632465
0.0316921
0.021693876
0.054294065
0.09496525
0.076812446
0.035720766
0.0061469376
0.025173934
0.0351534
0.0019464724
0.044376846
0.08265909
0.089316756
0.073498376
0.016386557
0.07752703
0.06542697
0.040539324
0.10750392
0.15771525
0.12718548
0.06996515
0.037235495
0.028165132
0.050629143
0.10088046
0.07728945
0.01069397
0.02517226
0.08031955
0.14827496
0.2412533
0.17886375
0.04403311
0.0194389
0.015845517
0.037826505
0.03232125
0.01853406
0.04487905
0.036948998
0.03256955
0.07353951
0.08663598
0.042358525
0.014066566
0.032808412
0.05510207
0.06333004
0.06075209
0.11033405
0.054275118
0.037930943
0.02616328
0.033171095
0.05349423
0.08984464
0.09095322
0.072335005
0.07294644
0.10331657
0.04421558
0.031498253
0.047314957
0.042935506
0.045052126
0.046209928
0.061508633
0.0824973
0.036019914
0.091447376
0.08619879
0.05842872
0.10758984
0.11298292
0.08317792
0.12925269
0.14591487
0.10974331
0.08073515
0.043692652
0.04687658
0.04441372
0.026655
0.04503945
0.059992485
0.08678614
0.017516237
0.04223929
0.08961523
0.10600171
0.092184216
0.036144737
0.0023125042
0.022847397
0.06705401
0.0492459
0.024748381
0.017716486
0.019510128
0.03555954
0.06576732
0.075907394
0.05172391
0.06629383
0.06758804
0.09945808
0.104359396
0.11078552
0.062466197
0.09817323
0.06467243
0.017723246
0.045776702
0.06912856
0.030672658
0.015611072
0.038040336
0.04371717
0.021456663
0.030529961
0.035157725
0.05371877
0.076931246
0.025631132
0.085455
0.087638356
0.107672535
0.15077032
0.11259499
0.06191633
0.03916963
0.112701565
0.06655126
0.02618654
0.03726623
0.04844019
0.040555097
0.12621827
0.11375414
0.08845581
0.054590236
0.057058703
0.04528873
0.14736922
0.21302554
0.12839882
0.028744247
0.031569958
0.027915431
0.013743378
0.070761606
0.093784995
0.01370444
0.07269948
0.005273055
0.05014532
0.02931112
0.037936483
0.013332854
0.030030126
0.051923912
0.037751526
0.012333041
0.04126269
0.05663258
0.06730427
0.09171466
0.062761575
0.05393878
0.09106441
0.124963574
0.10302559
0.039427266
0.06191821
0.050544955
0.06445912
0.09321076
0.048166286
0.07860908
0.07135014
0.048252977
0.056012105
0.09049241
0.04292914
0.029939476
0.030430708
0.05663103
0.01880734
0.07359846
0.08148139
0.076338276
0.101560965
0.069629915
0.06617519
0.10083482
0.102477275
0.06110944
0.059954565
0.0764822
0.080226235
0.066454895
0.038760763
0.028360192
0.033303473
0.014480361
0.08432865
0.09425746
0.06752623
0.021240024
0.031424876
0.035704397
0.05190807
0.035281915
0.05029121
0.026084384
0.07247577
0.14447637
0.107483916
0.016081696
0.04813398
0.06358657
0.071867906
0.09602674
0.11986128
0.07244493
0.06722196
0.039173566
0.05383814
0.11633948
0.13649036
0.113765225
0.08845889
0.0673184
0.07469543
0.030535609
0.055472586
0.05111624
0.08028473
0.023373973
0.0281974
0.025784653
0.08236262
0.123061016
0.07418125
0.06283243
0.072819225
0.056710005
0.05375567
0.050644763
0.04896419
0.012060838
0.032199666
0.038189728
0.050347224
0.054997813
0.029216072
0.08786338
0.116881445
0.08953593
0.06810573
0.038826715
0.06280834
0.077192634
0.04199077
0.07012992
0.011559106
0.05855831
0.037323754
0.03605019
0.06451542
0.026629554
0.039339963
0.02094941
0.07466013
0.02200762
0.07326009
0.08877854
0.07838899
0.060624227
0.023686832
0.017739942
0.05617885
0.05373842
0.005045795
0.049203977
0.049437772
0.031506956
0.0567452
0.061029736
0.055649936
0.038553227
0.06841435
0.03728768
0.016415348
0.04714606
0.11600923
0.093608454
0.0117292
0.041841336
0.0071602943
0.003724453
0.11050696
0.11875328
0.028011756
0.037183933
0.029273698
0.064340346
0.088888
0.019868298
0.05103848
0.05670175
0.056222472
0.07453415
0.0426036
0.038322546
0.10679761
0.08356854
0.051928893
0.04361815
0.07212451
0.049076006
0.025165208
0.070094965
0.08562802
0.009722371
0.060749285
0.022649834
0.0040866244
0.037512325
0.037155356
0.030838598
0.08204813
0.047063716
0.043774948
0.019531813
0.030799044
0.023378778
0.017217292
0.028734574
0.050302956
0.015422281
0.031878285
0.06513368
0.12428134
0.15045448
0.10301589
0.013563876
0.04700404
0.033401676
0.08310347
0.06873564
0.063042395
0.029115971
0.029760163
0.031848475
0.07487048
0.06305833
0.01733436
0.014051389
0.040930416
0.029585512
0.056379862
0.06387471
0.007976824
0.054609723
0.022465685
0.06889548
0.19732566
0.16682836
0.049038053
0.024187718
0.033583228
0.03734562
0.02422212
0.027096419
0.025769109
0.061855104
0.04936053
0.053123426
0.045686714
0.026351172
0.007397552
0.066939905
0.10932518
0.1061939
0.051693473
0.033108544
0.021915363
0.08849383
0.028059881
0.039114993
0.04580294
0.05169366
0.041199118
0.044044714
0.08126926
0.09013772
0.0694902
0.021093886
0.033183545
0.122938335
0.09021925
0.033342563
0.072771296
0.1102331
0.047892667
0.0368115
0.094137244
0.10990351
0.06405065
0.032835834
0.0664018
0.009351088
0.065410666
0.05066187
0.05518939
0.061091833
0.110632114
0.13502422
0.10926523
0.13814613
0.1155221
0.023193303
0.020289844
0.061110873
0.09803958
0.065476805
0.053598676
0.07441785
0.086518355
0.06929997
0.07303592
0.013211505
0.108780965
0.12972584
0.12993109
0.083110064
0.057555597
0.08750781
0.09649467
0.08978329
0.033651102
0.039268423
0.039548904
0.04065056
0.06538511
0.04148025
0.04754779
0.084685676
0.11068846
0.1253242
0.060599856
0.06569086
0.038009405
0.029664598
0.06426747
0.056830864
0.050317645
0.099397875
0.09558238
0.070857644
0.09500085
0.055267878
0.0348744
0.03966887
0.036950763
0.066972375
0.019246072
0.039108038
0.04292422
0.0956886
0.08680315
0.02662097
0.014043734
0.057472993
0.02829592
0.030113762
0.028295724
0.08071264
0.09343185
0.01882374
0.043602217
0.05677059
0.04487086
0.02431797
0.01809125
0.034241512
0.060765095
0.044884197
0.047721848
0.048742816
0.052799016
0.057501413
0.04170808
0.070273556
0.032589722
0.09715861
0.051942717
0.11122423
0.16322958
0.11752814
0.07167283
0.09158345
0.010663465
0.05077734
0.08285293
0.12404615
0.15337415
0.103657596
0.02779085
0.017265316
0.008385834
0.03352014
0.018104423
0.036814403
0.073809244
0.08967596
0.09837838
0.08479252
0.04601185
0.04108195
0.056580555
0.06770622
0.042534463
0.064274214
0.03693568
0.054449823
0.09573871
0.10895053
0.08041065
0.06971056
0.09132117
0.10516146
0.10756664
0.08035996
0.02984198
0.08612204
0.066322476
0.019631632
0.03820371
0.042821493
0.045814496
0.028485855
0.05955558
0.059799917
0.038528066
0.05449376
0.07158377
0.030233322
0.09946422
0.050779644
0.10952794
0.072060496
0.022635577
0.09297964
0.13875939
0.09180913
0.043847244
0.033296637
0.087659
0.11581782
0.054407008
0.026943224
0.0030704886
0.01168627
0.07023385
0.08673162
0.0687752
0.04128683
0.046065073
0.108093984
0.09766206
0.049016044
0.0747587
0.112751566
0.045833237
0.030810017
0.057984512
0.06525337
0.03833999
0.058509372
0.08711243
0.10852028
0.07505355
0.043698438
0.03917398
0.062269107
0.074061245
0.07197706
0.07833582
0.040994674
0.03049432
0.028428035
0.035100758
0.026040655
0.12495141
0.1462117
0.07706728
0.030176122
0.05099069
0.052767213
0.025401387
0.023007618
0.056110073
0.060443647
0.023383638
0.029391235
0.028238066
0.038765974
0.03868962
0.07503794
0.084570944
0.049277652
0.07040993
0.035136905
0.08582226
0.013269817
0.040947344
0.009359268
0.08918199
0.071557336
0.045917984
0.09455905
0.09780446
0.09487117
0.0749818
0.031030249
0.051080354
0.067115314
0.06712782
0.062049463
0.035489675
0.08303069
0.115242936
0.09536436
0.040456485
0.11213836
0.077596195
0.04828257
0.080005005
0.09512626
0.03802636
0.02856171
0.05945175
0.028366003
0.04289954
0.08779443
0.037882898
0.09404048
0.14535768
0.07950256
0.06454439
0.105199076
0.076947115
0.0060988483
0.02487027
0.08337186
0.04628728
0.04827527
0.090589166
0.04270315
0.058475666
0.08246168
0.08200574
0.0751765
0.0064542308
0.06745569
0.058190968
0.05665696
0.069976665
0.04939645
0.09817065
0.12849028
0.066449046
0.060492612
0.07452154
0.068462774
0.074590705
0.06065181
0.076487474
0.07564473
0.04815251
0.015459637
0.08344474
0.0827019
0.02517646
0.035917938
0.031063188
0.05680456
0.04678474
0.03303255
0.020469492
0.057269473
0.12300086
0.14510627
0.10193982
0.0696849
0.12892692
0.1021945
0.10434651
0.05971032
0.08171132
0.047335368
0.03150292
0.03639415
0.121132806
0.13405071
0.11713972
0.08797911
0.041331384
0.06775311
0.048626427
0.13384002
0.15025996
0.14032012
0.11281965
0.08150733
0.03083126
0.09151219
0.040751535
0.082399435
0.14900482
0.14279704
0.08311513
0.078456946
0.009137614
0.046418935
0.058630224
0.092098996
0.095587306
0.050706115
0.05875544
0.13511871
0.14470777
0.067411534
0.061207738
0.1287573
0.084624656
0.10493364
0.14963879
0.15127197
0.17014177
0.18585172
0.10424367
0.020138923
0.06040439
0.11817698
0.101756185
0.06490551
0.032568615
0.0051633506
0.070401385
0.13521399
0.07497525
0.02452251
0.084778965
0.0796407
0.06256297
0.09657386
0.08590054
0.033718806
0.09927582
0.071023256
0.059102036
0.016965875
0.12078374
0.07746697
0.029235495
0.012832733
0.09422743
0.06576012
0.107068084
0.04228953
0.05940271
0.1279452
0.110506475
0.06168635
0.077912085
0.01702299
0.0735881
0.09248386
0.086831614
0.06838342
0.06361026
0.05987921
0.019346276
0.0313169
0.098128565
0.024603149
0.05365886
0.05068552
0.12329618
0.16330814
0.11275825
0.17292188
0.13022839
0.03960318
0.022548243
0.061229948
0.12673739
0.09165483
0.0746873
0.045217298
0.011853766
0.07813401
0.13537903
0.10013661
0.021116775
0.07877741
0.10947703
0.07894875
0.07520815
0.0793551
0.06253374
0.08077895
0.07942887
0.08949268
0.09128857
0.08843064
0.07814905
0.1301299
0.12362866
0.045278933
0.033721246
0.052822072
0.009461332
0.070495345
0.13734558
0.12725441
0.06546642
0.095778555
0.041969083
0.050110284
0.04454154
0.07803264
0.098382816
0.06233129
0.041079253
0.047041506
0.09082763
0.07674255
0.058324236
0.053095568
0.039871052
0.027473329
0.011053803
0.031434428
0.091852844
0.10621188
0.089998856
0.063319735
0.013965554
0.012533233
0.0442474
0.15133771
0.17908683
0.09941622
0.061438378
0.03840262
0.034680996
0.06582705
0.042336218
0.06606131
0.09131296
0.06070966
0.046529744
0.07886767
0.097753845
0.09016971
0.12295443
0.058285914
0.0733054
0.072126284
0.041486472
0.06456693
0.098728955
0.08291646
0.11037002
0.08408799
0.081775896
0.11809814
0.06516676
0.026776394
0.05739863
0.06125
0.044392493
0.045231115
0.022657279
0.034068864
0.028079078
0.03921893
0.0543747
0.049634557
0.075735204
0.1180458
0.07715639
0.021743
0.07017543
0.119461544
0.13199803
0.0732622
0.04594915
0.08892172
0.040354054
0.025345843
0.010688411
0.020296406
0.0680257
0.0728727
0.04356813
0.09862115
0.08169314
0.03400822
0.029840922
0.029514866
0.05042668
0.015242417
0.085927986
0.03640555
0.024687035
0.07041807
0.0850016
0.06365882
0.053158313
0.07088351
0.0716313
0.029226806
0.04616487
0.0955333
0.08470503
0.07837894
0.071550325
0.015008195
0.09537836
0.062600695
0.045590542
0.05453554
0.04186514
0.1210364
0.11189579
0.031409062
0.04218028
0.030228106
0.07059108
0.08688167
0.0606845
0.084510766
0.07305314
0.03501436
0.008806631
0.017987086
0.016786696
0.07807698
0.049791962
0.05040838
0.06305349
0.05005756
0.083210595
0.03946422
0.021459071
0.048815727
0.01894351
0.025793124
0.042158622
0.09605471
0.06550703
0.034040887
0.026247324
0.09265939
0.12865497
0.06392751
0.08917607
0.10376918
0.05517102
0.042980574
0.03793108
0.0037210584
0.050135154
0.004824467
0.05238631
0.07084019
0.13903448
0.12393074
0.017370889
0.023922427
0.06384405
0.020167042
0.068337746
0.07463107
0.016733563
0.06742532
0.11571795
0.13804026
0.09784969
0.11032379
0.06247798
0.050130088
0.048694234
0.060381442
0.031384982
0.04548811
0.039710164
0.017334372
0.043721594
0.021468293
0.056108233
0.101882234
0.061281387
0.032567244
0.042479742
0.040666647
0.07577486
0.050079517
0.04789203
0.116525955
0.15945677
0.07347569
0.069708824
0.022545045
0.07825285
0.08377395
0.052153524
0.046539735
0.122376926
0.092941105
0.06012084
0.08977259
0.1291072
0.11303373
0.029027086
0.045284566
0.061810907
0.025951449
0.014911789
0.024114694
0.055017523
0.06600002
0.004284285
0.041885115
0.020510988
0.05201487
0.0491231
0.0807262
0.0940483
0.09602577
0.09362575
0.03095442
0.03485864
0.028649852
0.08917904
0.05873155
0.03641802
0.069349356
0.05728518
0.07915693
0.09324354
0.016724816
0.08162811
0.03949537
0.04016441
0.031075854
0.008652677
0.032900184
0.03836649
0.05961356
0.1220814
0.13933423
0.07947432
0.0071416744
0.023637883
0.0037617274
0.032134045
0.0486489
0.031426303
0.012532338
0.0225756
0.026916381
0.048204202
0.01017414
0.022798298
0.0354488
0.08193251
0.102989115
0.03891819
0.04491223
0.055302337
0.0627808
0.097332746
0.0853767
0.10192004
0.1308065
0.112394534
0.10005538
0.06464559
0.07386399
0.105861455
0.06206248
0.0439595
0.0752693
0.14493737
0.15585604
0.10061529
0.028440828
0.045994062
0.018577762
0.049193576
0.048553597
0.013318288
0.015147818
0.010439342
0.052261878
0.06339214
0.061456323
0.046746485
0.031822704
0.106701665
0.13449745
0.1188875
0.035449617
0.10540535
0.08770178
0.072143644
0.046774648
0.07059165
0.0812216
0.07611495
0.08772059
0.09085484
0.049906842
0.054508533
0.10532191
0.08702425
0.046706036
0.047694813
0.070000656
0.09417087
0.072623424
0.10444273
0.09823066
0.04477413
0.054181743
0.07059133
0.11498969
0.06317626
0.010825967
0.05453932
0.0985556
0.05509138
0.06786618
0.042262807
0.10979713
0.09962329
0.094951324
0.0995502
0.09328703
0.073225796
0.052398607
0.054078344
0.017906211
0.045382466
0.047418535
0.04148468
0.028019242
0.030840833
0.039940495
0.021410719
0.051701777
0.08052878
0.117830314
0.14688164
0.17655715
0.1355718
0.06506163
0.04506347
0.08160728
0.05117416
0.044613697
0.007598268
0.04811071
0.02071281
0.036894698
0.035657752
0.04410772
0.11511192
0.116778955
0.102969736
0.10951415
0.11330979
0.10356744
0.03861498
0.050757054
0.049350496
0.024737017
0.059945606
0.051688027
0.070206806
0.08136767
0.059297785
0.032253318
0.03743131
0.041964065
0.06819018
0.029464599
0.021736102
0.045279462
0.06347748
0.11439393
0.13509968
0.10363121
0.018940782
0.053974584
0.040920828
0.044485215
0.007978611
0.06344183
0.095272966
0.088505514
0.07300164
0.06567987
0.06635604
0.056153726
0.050873425
0.06239054
0.070852205
0.03395223
0.0070471014
0.024372246
0.041783724
0.029220711
0.012096238
0.028567115
0.03362255
0.0336076
0.030544434
0.04377018
0.036302537
0.010954014
0.02766006
0.016523512
0.020125585
0.042403724
0.0722005
0.052266955
0.033392727
0.02441461
0.012270957
0.046327684
0.059178196
0.03902736
0.031098705
0.02703266
0.0072099846
0.0092529375
0.023063477
0.029332995
0.026767313
0.02951803
0.034293674
0.032370765
0.00695615
0.044821348
0.04059946
0.037173484
0.022923876
0.0012617098
0.010747378
0.028550865
0.03849688
0.06774867
0.04935481
0.023053968
0.0331197
0.015607618
0.024523927
0.046032447
0.023688214
0.032056365
0.03005995
0.019042974
0.03159879
0.039592225
0.032279804
0.032386906
0.022296796
0.035579525
0.021975642
0.04412915
0.057959896
0.037927672
0.024378275
0.0056647677
0.025060678
0.020278297
0.033668894
0.040975943
0.045734465
0.045070376
0.027137717
0.016740244
0.003654819
0.016727086
0.03200368
0.030526042
0.009084239
0.016635567
0.040229633
0.04262249
0.044552177
0.040997613
0.038154382
0.038326513
0.009581263
0.023916982
0.006144597
0.023113566
0.021936398
0.017831992
0.0013265668
0.018781872
0.014505652
0.027378352
0.030386081
0.028076306
0.04689641
0.056258403
0.04932555
0.019734941
0.015097634
0.031692244
0.052457847
0.051690854
0.020674057
0.015156297
0.020069016
0.036761764
0.042841807
0.0
0.0
-0.006103658
0.0
0.0
-0.00610355
0.0
0.0
-0.006103378
-0.0061033056
0.0
0.0
0.0
0.0
0.0
-0.006102724
-0.006102602
-0.0061024725
0.0
0.0
0.0
0.0
0.0
0.0
0.0
0.0
0.0
0.0
-0.0061005764
0.0
0.0
0.0
0.0030498356
0.0
0.0
0.0
0.0
0.0
0.0
0.0
0.0
0.0
0.0
0.0
0.0
0.0
0.0
0.0
0.0
0.0
0.0030470896
0.0
0.0030467126
0.0
0.0
0.0030461205
0.003045916
0.003045708
0.0030454963
0.0060905623
0.0
0.0
0.0
0.0
0.0030441512
0.0030439147
0.0030436744
0.0030434304
0.0
0.0
0.0030426774
0.0
0.0
0.0
0.0
0.0
-0.0030410753
0.0
0.0
0.0
0.0
-0.0030396418
-0.0030393444
0.0
0.0
0.0
0.0030381195
0.0
0.0030374855
-0.0030371633
0.0
0.0060730157
0.0
0.0
0.0
0.003035155
0.0030348075
0.0
0.0
0.0030337449
0.0
0.0
0.0
0.0
0.006063805
0.0060630464
0.0
0.0030307544
-0.0030303646
-0.0030299714
0.0
-0.0030291742
0.0
0.0030283628
0.0
-0.0030275374
-0.0030271192
0.0
0.0
0.0
-0.0030254116
-0.003024976
0.0
-0.003024094
-0.0030236477
-0.0030231979
-0.0030227446
-0.0030222875
-0.0030218272
-0.0030213632
-0.0030208959
0.0030204249
-0.0030199504
-0.0030194724
0.0030189909
-0.0030185059
0.0
-0.0030175252
-0.0030170297
0.0
-0.003016028
0.0
0.0
-0.003014499
0.0
0.0
-0.003012939
0.0
-0.0030118811
-0.003011347
0.0
0.0030102683
0.0030097237
0.0
-0.003008624
-0.003008069
0.0
-0.0030069482
-0.0030063826
-0.0060116276
-0.0030052413
-0.0030046653
-0.0030040857
-0.0060070055
-0.0030029162
-0.0030023265
-0.003001733
0.0
-0.0060010715
-0.005999864
-0.0029993248
-0.002998714
0.0
-0.0029974822
-0.002996861
-0.0029962363
-0.0059912167
-0.0029949767
0.0
-0.0029937034
0.0
0.0
-0.0059835347
-0.00598223
-0.0029904593
-0.0029898002
0.0
-0.0029884714
-0.002987802
-0.0029871291
-0.0029864528
0.0
0.0
-0.002984403
-0.0029837128
-0.0029830192
-0.0029823224
0.0
0.0
0.0
0.0
0.0
0.0029780685
0.0
0.0
0.0
0.0
0.0
0.0
0.0
0.0029722054
0.0
0.0
0.0029699504
-0.002969192
0.0
0.002967665
0.0029668964
0.0059322487
0.002965349
0.0029645702
0.0
-0.0029630025
0.0029622135
0.0029614212
0.0029606256
0.0
0.002959024
0.005916436
0.0029574088
0.0059131924
0.0029557804
0.002954961
0.0
0.0029533124
0.005904966
0.0029516502
0.0
0.0029499745
0.0
0.0
0.0
0.0
0.002945727
-0.0029448674
0.0029440045
0.0029431384
0.0
0.0
0.0
-0.00293964
-0.0029387572
-0.0029378708
0.0
0.0
-0.0029351923
-0.0029342927
0.0
0.0
-0.0029315744
0.0
0.0
0.0
0.0
0.0
0.0
0.0
0.00292418
0.0029232407
0.0029222982
0.0
0.0
0.0
0.0029184956
0.0029175368
0.0
0.0
0.0
0.0
0.0
0.0
0.0
0.0029097481
0.0
0.0
0.0029067737
0.0
0.0
0.0
0.002902762
0.002901751
0.0
0.0
0.0
0.0
0.0028966474
0.0028956172
0.0028945834
0.0
-0.0028925065
-0.0028914632
0.0
0.0
-0.0028883142
0.0
0.0
-0.0028851363
-0.0028840704
-0.0028830015
-0.0028819295
-0.002880854
0.0
-0.0057573877
-0.002877609
0.0
-0.0028754298
0.0
0.0
-0.002872137
-0.002871033
-0.002869926
-0.0028688156
-0.0028677022
0.0
-0.0028654658
-0.0028643429
-0.002863217
-0.0028620877
-0.0028609554
0.0
0.0
-0.0028575396
0.0
-0.0028552467
-0.0028540955
-0.0028529412
-0.0028517838
0.0
0.0
-0.0028482927
0.0
-0.00284595
-0.002844774
0.0
-0.0028424123
-0.002841227
-0.0028400384
-0.0028388468
-0.002837652
0.0
0.0
-0.0028340495
0.0
0.0
-0.0028304192
0.0
0.0
0.0
0.0
0.0
0.002823076
0.0028218413
0.0028206035
0.002819363
0.0028181192
0.0
0.0028156226
0.0028143697
0.0028131139
0.0
0.002810593
0.0028093278
0.0
0.0028067888
0.0
0.0028042379
0.0028029578
0.0028016747
0.0028003885
0.0027990995
0.0
0.0
0.0
0.0
0.0
0.0
-0.0027899921
0.0
-0.0027873632
-0.0027860445
0.0
0.0
0.0
-0.0027807392
-0.0027794056
0.0
-0.0027767292
-0.0027753867
0.0
-0.0027726928
0.0
0.0
0.0
-0.0027672697
0.0
0.0
0.0027631717
0.0
0.0
0.0027590476
0.0
0.0
0.0
0.0
0.0
0.0
0.005498646
0.0054958444
0.0
0.0
0.0
0.0
0.0
0.0
0.0
0.0027366127
0.0027351861
0.0027337568
0.0027323244
0.0027308895
0.005458903
0.0027280108
0.0027265672
0.0027251206
0.005447343
0.0027222193
0.0027207646
0.0027193069
0.0
0.0054327664
0.002714917
0.0027134481
0.0027119764
0.002710502
0.0
0.0
0.0
0.0
0.0027030879
0.0
0.0
0.0
0.0
0.0026956042
0.0
0.0026925916
0.0
0.0
0.0026880521
0.0
0.005370024
0.0
0.0
0.0053608627
0.0
0.0
0.0053516524
0.0
0.0
0.0
0.0
0.0
0.0
0.005329973
0.0
0.0
0.0
0.0
0.0
0.0
0.0
0.0
0.005301714
0.0
0.0
0.0
0.0
0.0
0.0026413177
0.0026397186
0.0
0.0
0.0
0.0
0.0
0.0
0.0
0.0
0.0
0.0
0.0
0.0
0.0026186935
0.0
0.0
0.0
0.0026121365
0.0
0.0026088424
0.0
0.0026055383
0.0026038825
0.0
0.0026005632
0.0
0.0025972337
0.0
0.002593894
0.0025922204
0.0
0.0025888658
0.0
0.0
0.0
0.0025821265
0.0025804355
0.002578742
0.002577046
0.0
0.0
0.0025719432
0.0025702373
0.002568529
0.0025668181
0.0
0.0
0.0
0.0025599506
0.0025582276
0.0025565021
0.0025547743
0.002553044
0.0025513112
0.002549576
0.0025478385
0.0
0.0025443563
0.0025426117
0.0
0.002539115
0.002537363
0.0
0.0
0.002532093
0.0
0.0025285678
0.0025268018
0.0025250332
0.0025232625
0.0025214893
0.0025197137
0.0025179358
0.0025161556
0.0
0.0025125882
0.0
-0.0025090117
0.0
-0.0025054256
-0.0025036293
0.0
-0.0025000295
0.0
0.0
-0.0024946127
0.0
0.0
0.0
0.0
-0.002485539
0.0
0.0
0.0024800678
0.0
0.0
0.0024745762
0.0
0.002470904
0.0
0.0
0.002465379
0.0024635328
0.0
-0.002459834
-0.0024579815
0.0
0.0
-0.0024524103
0.0
-0.0024486852
-0.0024468193
-0.0024449513
-0.0024430812
-0.002441209
0.0
-0.002437458
-0.0024355792
-0.0024336984
-0.0024318153
-0.0024299303
-0.002428043
-0.0024261535
-0.002424262
-0.0024223684
-0.0024204727
-0.0024185749
-0.0048333495
-0.0024147728
-0.0048257373
-0.0024109625
-0.0048181084
-0.004814287
-0.0048104622
-0.0048066336
-0.0024014001
-0.0047989627
-0.0023975607
-0.004791276
-0.007181139
-0.0047835726
-0.0047797146
-0.0071637793
-0.0023859935
-0.004768117
-0.004764243
-0.0023801825
-0.004756483
-0.0023762984
0.0
-0.0023724062
-0.0047409143
-0.0023685063
-0.0047331066
-0.0023645982
-0.0047252825
-0.0047213645
-0.0023587213
-0.004713517
-0.0023547937
-0.002352827
-0.004701717
-0.0046977755
-0.002346915
-0.004689881
-0.004685928
-0.0046819714
-0.004678011
-0.0023370232
-0.0046700784
-0.0046661063
-0.0023310652
-0.0046581505
-0.0023270836
-0.00465018
-0.004646189
0.0
0.0
-0.0023170968
0.0
0.0
-0.0023110826
-0.002309074
-0.0023070637
-0.0046101026
-0.0023030373
-0.0023010215
-0.0022990038
0.0
-0.002294963
0.0
0.0
-0.0022888882
-0.0022868598
-0.0022848293
-0.0045655943
-0.0045615267
0.0
0.0
0.0
0.0
-0.0022705672
-0.0022685227
0.0
-0.0022644287
-0.0022623788
0.0
0.0
0.0
0.0
0.0
0.0
0.0022479827
0.0
0.002243854
0.0022417873
0.0044794376
0.0022376485
0.0022355767
0.0022335032
0.002231428
0.004458702
0.0022272724
0.0044503845
0.0066693313
0.004442054
0.004437884
0.00443371
0.0044295336
0.002212677
0.0022105852
0.002208492
0.0044127945
0.0022043008
0.0022022028
0.0044002063
0.0021980018
0.0021958991
0.0021937948
0.0043833777
0.0021895813
0.0021874723
0.0043707234
0.0021832495
0.0
0.0021790206
0.0021769037
0.0
0.0
-0.0021705441
0.0
0.0
0.0
0.0
0.0021599147
0.0
-0.0021556523
0.0021535188
0.0
0.0021492478
0.00214711
0.0021449707
0.0
0.0
0.002138544
0.0
0.0
0.0021321047
0.0021299555
0.0021278046
0.0021256523
0.0
0.0021213437
0.0
0.0021170296
0.0
0.0
0.0
0.0
0.0042124395
0.0
0.0
0.0
0.0
0.0020953757
0.002093203
0.0
0.0
0.0
0.0
0.0
0.0
-0.002077956
0.0
-0.0020735878
-0.0020714018
0.0
0.0
0.0
0.0
0.0
0.0
0.0
0.0020538683
0.0
-0.0020494724
0.0020472726
0.0
0.0
0.0
0.0
0.0
0.0020340483
0.0
0.0
0.0020274199
-0.002025208
0.0
0.0
0.0020185653
0.0
-0.0020141313
0.0
-0.0020096924
0.0
0.002005249
0.0
0.0020008013
0.0
0.0
0.0
-0.0019918922
0.0
0.0
0.0
0.0
0.0
0.0
0.0
0.0
-0.0019717831
0.0
0.0
0.0
0.0
0.0
0.0019583295
0.0019560836
0.0019538368
0.0019515889
0.00194934
0.0019470901
0.0019448393
0.0019425874
0.0019403347
0.0019380808
0.0
0.0
0.0
0.0
0.0
0.0
0.0
0.0
-0.0019177536
0.0
0.0
0.0
0.0
0.0
0.0
0.0
0.001899622
0.0018973516
0.0018950802
0.0
0.001890535
0.0018882611
0.0018859863
0.0018837107
0.0018814342
0.0018791569
0.0
0.0
0.0
0.0
0.001867758
-0.0018654758
-0.0018631929
0.001860909
0.0
0.0
0.0018540529
0.001851766
0.0018494782
0.0
0.0
0.0018426107
0.00184032
0.0
0.0018357363
0.0
0.0
0.0018288554
0.0018265604
0.0
-0.0018219681
0.0
-0.0018173731
-0.0018150745
0.0
-0.0018104754
-0.0018081748
0.0
0.0
-0.0018012691
-0.0017989659
0.0
0.0
0.0
0.0
0.0
0.0
0.0
0.0
0.0
0.0017758994
-0.0017735894
0.0
0.0
0.0
0.0
-0.0017620309
0.0
0.0
0.003510178
0.0017527741
0.0
0.0034962848
0.0017458257
0.0017435086
0.003482382
0.0034777457
0.0034731084
0.0034684702
0.0
0.0017295954
0.0051818243
0.0017249536
0.0017226321
0.0017203101
0.0017179876
0.0034313295
0.0
0.0
0.0017086933
0.0017063686
0.0017040435
0.001701718
0.0016993921
0.0
0.003389478
0.0033848237
0.0033801687
0.0033755128
0.0
0.0033661989
0.0033615408
0.003356882
0.0033522225
0.0033475622
0.0033429014
0.0033382396
0.0033335774
0.0033289145
0.0033242507
0.0033195866
0.0033149216
0.0066205123
0.00330559
0.0033009234
0.003296256
0.0
0.0032869198
0.0016411254
0.0032775812
0.003272911
0.0
0.0016317847
0.003258898
0.0016271129
0.0032495533
0.0
0.0
0.0016177665
0.0
0.0
0.0
0.0016084164
0.0
0.0
0.0
0.0
0.0
0.0
-0.0015920468
-0.0015897077
-0.0015873683
-0.0031700577
-0.0031653785
-0.0031606988
-0.0015780096
-0.003151339
-0.003146659
-0.0031419783
-0.0015686488
-0.0031326169
-0.0015639679
-0.0015616273
0.0
0.0
-0.0015546049
0.0
-0.001549923
-0.0015475819
-0.0015452408
-0.0015428996
-0.0015405584
-0.0015382172
-0.001535876
-0.0015335347
0.0
-0.0015288522
-0.0015265108
0.0
0.0
-0.0015194869
0.0
0.0
0.0
0.0
-0.0030155615
-0.0015054396
0.0
0.0
0.0014984165
0.0014960757
0.0014937348
0.0014913941
0.0014890534
0.0014867128
-0.0014843723
0.0014820319
0.0014796916
-0.0014773514
0.0
0.0014726714
0.0014703316
0.001467992
0.0
0.0
0.0
-0.0014586346
0.0014562956
0.0014539568
0.0
0.0
0.0
0.0
-0.0014422656
0.0014399278
0.0014375903
0.0014352531
0.0
0.0
0.0014282425
0.0014259062
0.0
0.0014212341
0.0
0.0
0.0014142278
0.0
0.0014095583
0.0
-0.0014048899
0.0
-0.0014002225
-0.0013978893
0.0
-0.0013932239
-0.0013908916
0.0
-0.001386228
-0.0013838967
0.0
-0.0013792351
-0.0013769048
-0.0013745748
-0.0013722453
-0.001369916
-0.0013675871
0.0
0.0
-0.0013606028
0.0
-0.0013559485
-0.001353622
-0.0013512959
-0.0013489701
0.0
0.0
0.0
-0.0013396714
0.0
-0.0013350247
-0.001332702
0.0
0.0
-0.0013257368
-0.0026468318
-0.0013210955
-0.0013187756
0.0
-0.0013141374
-0.001311819
-0.001309501
-0.0013071836
-0.0026097335
-0.0026051009
-0.0013002346
-0.0025958386
-0.0012956045
-0.0025865806
-0.0025819533
-0.0012886636
-0.001286351
-0.001284039
0.0
-0.0012794167
-0.0012771065
-0.0012747968
-0.0025449754
-0.0012701792
-0.0012678714
-0.001265564
-0.0012632573
-0.0012609513
-0.0012586459
-0.0012563411
-0.0012540369
-0.0012517334
-0.0012494305
0.0
-0.0024896534
-0.0012425258
0.0
-0.001237926
-0.0012356271
-0.0012333288
-0.0012310314
0.0
-0.0012264384
0.0
-0.0012218483
-0.0012195542
0.0
-0.0012149684
0.0
0.0
-0.0012080952
-0.0012058056
-0.0012035168
-0.0012012287
0.0
0.0
0.0011943692
0.0011920842
0.0
0.0011875165
0.0011852339
0.0011829521
0.0011806712
0.0
0.0
-0.001173833
0.0
0.0011692784
0.0011670024
0.0011647271
-0.0011624529
0.0
0.0011579067
0.0011556349
0.0011533641
0.001151094
0.0011488249
0.0
0.0011442893
0.0022840456
0.0022795144
0.0022749852
0.0034056867
0.0022659323
0.0022614084
0.0033853299
0.0022523664
0.0011239242
0.002243332
0.0011194089
0.0011171526
0.0022297949
0.002225286
0.0022207797
0.0011081374
0.0
0.0011036358
0.0011013864
0.0010991379
0.0010968907
0.0010946443
0.0
0.0
0.0010879113
0.0
0.0010834278
0.0010811876
0.0
0.0010767104
0.0
0.0
0.0
0.0
-0.0010655359
-0.0010633043
0.0010610737
0.0
0.0
-0.0010543886
0.0
0.0
0.0
0.0
0.0
0.0010410484
0.0
-0.0010366108
-0.0010343937
-0.0010321777
0.0
0.0
0.0
0.0
0.0
0.0
-0.001016699
0.0
0.0
0.0
-0.0010078803
0.0
0.0010034782
0.0
-9.990811E-4
0.0
0.0
0.0
-9.903017E-4
0.0
0.0
0.0
0.0
0.0
0.0
0.0
9.7280386E-4
0.0
0.0
0.0
9.64086E-4
9.619098E-4
9.59735E-4
0.0
0.0
9.532185E-4
9.5104903E-4
9.4888086E-4
9.4671414E-4
0.0
0.0
-9.40222E-4
-9.3806075E-4
0.0
0.0
-9.315852E-4
0.0
0.0
0.0
-9.229708E-4
-9.2082075E-4
0.0
0.0
0.0
-9.1223477E-4
0.0
0.0
9.0581045E-4
9.036719E-4
9.0153486E-4
8.993992E-4
0.0
0.0
0.0
-8.908717E-4
-8.887435E-4
8.866168E-4
0.0
0.0
0.0
-8.7812525E-4
-8.7600615E-4
-8.738886E-4
0.0
8.696581E-4
0.0
0.0
-8.633239E-4
-8.6121564E-4
-8.591089E-4
0.0
0.0
-8.527982E-4
-8.506978E-4
-8.48599E-4
-8.465018E-4
0.0
0.0
-8.402197E-4
-8.3812897E-4
-8.360398E-4
-8.339522E-4
-8.318663E-4
-8.29782E-4
0.0
0.0
-8.23539E-4
-8.214613E-4
0.0
-8.173109E-4
0.0
0.0
0.0
0.0
0.0
8.048998E-4
0.0
0.0
7.9871714E-4
7.966597E-4
0.0
7.9254986E-4
7.904975E-4
7.88447E-4
7.8639813E-4
7.84351E-4
0.0023469168
7.8026205E-4
7.782202E-4
0.0023285402
7.7414175E-4
0.0015442105
0.0015401408
0.0023041123
0.0015320124
7.639768E-4
0.0022858474
7.599233E-4
0.0015157985
0.0015117541
7.538566E-4
0.002255514
0.0022494637
0.002243419
0.0014915864
0.0022313457
7.4177247E-4
0.0014795298
0.0022132776
0.0014715106
0.0022012598
0.0021952593
0.0021892644
0.0021832753
0.0014515277
0.0021713136
0.0028871219
0.0021593748
0.0014356092
0.0014316391
7.138364E-4
7.1185513E-4
7.098758E-4
7.078984E-4
7.059229E-4
0.0
0.0
7.0000807E-4
0.0
0.0
0.0
0.0
0.0
0.0
0.0
0.0
-0.001364738
0.0
0.0
-0.0013530498
0.0
0.0
0.0
0.0
0.0
0.0
0.0
0.0
0.0
-0.0013143503
0.0
0.0
0.0
0.0
0.0
-0.0012913265
0.0
0.0
-0.0012798704
0.0
-0.0012722538
-0.0012684518
-0.001264654
-0.0012608604
-0.001257071
-0.0012532859
0.0
0.0
-0.0012419559
-0.0012381877
-0.0012344238
0.0
0.0
0.0
0.0
-0.0012156687
0.0
-0.0012081969
-0.0012044675
0.0
0.0
0.0
0.0
0.0
0.0
0.0
0.0
0.0
0.0
5.818664E-4
5.800281E-4
5.78192E-4
5.763581E-4
0.0
0.0
5.7086995E-4
5.690451E-4
5.672224E-4
5.6540204E-4
5.635839E-4
0.0
0.0
5.5814313E-4
5.563341E-4
5.5452733E-4
5.527229E-4
5.5092067E-4
5.491208E-4
5.473232E-4
5.4552796E-4
5.43735E-4
0.0010838886
5.40156E-4
0.0
0.0
0.0
0.0
0.0
5.294748E-4
0.0
0.0
5.241658E-4
0.0
0.0
0.0
0.0
-5.1536475E-4
-0.0010272233
-5.1186094E-4
0.0
-5.0836673E-4
0.0
-5.04882E-4
-5.031433E-4
-5.0140696E-4
-0.0014990192
-4.9794157E-4
-4.962125E-4
-4.9448584E-4
-4.927616E-4
-4.910398E-4
-4.893205E-4
-4.8760357E-4
-4.858891E-4
-4.841771E-4
-4.824675E-4
-0.0014422812
-0.0014371673
-4.7735355E-4
-4.7565385E-4
-4.739566E-4
-4.7226183E-4
-4.7056953E-4
-4.6887973E-4
-4.671924E-4
-4.655076E-4
-4.6382527E-4
-4.6214546E-4
0.0
0.0
-4.57121E-4
0.0
-4.5378396E-4
-4.5211922E-4
0.0
0.0
-4.471402E-4
0.0
4.4383353E-4
4.42184E-4
4.4053706E-4
4.3889263E-4
4.372508E-4
0.0
0.0
0.0
0.0
-4.2908007E-4
4.2745366E-4
0.0
0.0
0.0
-4.2097393E-4
0.0
-4.1774963E-4
0.0
0.0
0.0
0.0
-4.0973467E-4
0.0
0.0
0.0
0.0
-4.0178536E-4
0.0
3.9862416E-4
3.9704752E-4
0.0
-3.9390224E-4
-3.923336E-4
-3.9076761E-4
-3.8920433E-4
0.0
-3.8608574E-4
-3.845305E-4
0.0
-3.8142802E-4
-3.7988083E-4
3.7833632E-4
3.7679455E-4
0.0
0.0
-3.721854E-4
0.0
0.0
-3.6760073E-4
3.6607796E-4
0.0
0.0
0.0
3.6001418E-4
0.0
0.0
0.0
-3.539943E-4
3.5249625E-4
0.0
0.0
3.480186E-4
0.0
-3.450474E-4
3.4356592E-4
0.0
-3.4061138E-4
-3.391383E-4
0.0
3.3620052E-4
0.0
0.0
-3.3181484E-4
-3.3035857E-4
0.0
0.0
-3.2600667E-4
0.0
0.0
0.0
-3.2024368E-4
0.0
-3.1737922E-4
-3.1595124E-4
0.0
-6.262077E-4
0.0
3.1026787E-4
0.0
3.0744335E-4
3.060354E-4
0.0
0.0
3.0182875E-4
3.004323E-4
0.0
0.0
-2.9626026E-4
-2.9487538E-4
0.0
0.0
0.0
-2.8936483E-4
-2.8799445E-4
-2.86627E-4
-2.8526245E-4
0.0
0.0
-2.811864E-4
0.0
-2.7848364E-4
-2.7713669E-4
-2.7579267E-4
-2.7445157E-4
0.0
0.0
0.0
0.0
0.0
0.0
0.0
0.0
-2.625148E-4
0.0
0.0
-2.585893E-4
0.0
0.0
0.0
0.0
0.0
0.0
2.4953438E-4
0.0
0.0
2.4569873E-4
-2.444262E-4
0.0
0.0
-2.406267E-4
0.0
0.0
-2.3685445E-4
0.0
2.3435478E-4
0.0
0.0
-2.306281E-4
-2.2939197E-4
0.0
-2.2692885E-4
-2.257019E-4
0.0
-2.2325714E-4
-2.2203937E-4
-2.2082466E-4
-2.1961302E-4
0.0
0.0
0.0
2.1479727E-4
2.1360104E-4
0.0
0.0
0.0
2.0884706E-4
0.0
-2.0648866E-4
0.0
2.0414268E-4
4.0594873E-4
2.0180915E-4
4.0129412E-4
1.9948809E-4
1.9833224E-4
3.9435906E-4
1.9602993E-4
1.9488347E-4
1.9374014E-4
1.9259995E-4
0.0
1.9032898E-4
0.0
1.880706E-4
0.0
1.858248E-4
3.694133E-4
0.0
1.8247978E-4
0.0
0.0
-1.7916324E-4
-1.7806406E-4
1.7696805E-4
-1.7587522E-4
-1.7478557E-4
-1.736991E-4
-1.7261581E-4
0.0
0.0
0.0
-1.6831454E-4
-1.6724721E-4
0.0
-1.6512215E-4
-1.6406442E-4
0.0
0.0
0.0
0.0
1.5882392E-4
0.0
1.5675023E-4
3.1143645E-4
1.5468943E-4
0.0
0.0
0.0
0.0
0.0
1.485846E-4
1.4757847E-4
1.4657558E-4
1.4557593E-4
1.4457954E-4
2.871728E-4
2.85193E-4
1.4160988E-4
2.8125301E-4
1.3964639E-4
1.3866955E-4
1.3769597E-4
0.0
1.3575862E-4
2.6958968E-4
0.0
1.3287713E-4
0.0
0.0
0.0
0.0
1.2814028E-4
1.2720277E-4
0.0
0.0
1.2441001E-4
1.2348569E-4
2.4512934E-4
1.2164696E-4
0.0
-1.19821445E-4
0.0
1.1800918E-4
1.17108015E-4
1.1621017E-4
1.1531563E-4
1.1442443E-4
1.13536546E-4
1.12651986E-4
0.0
1.1089285E-4
1.1001828E-4
0.0
1.08279135E-4
1.0741457E-4
0.0
1.0569546E-4
1.0484092E-4
0.0
0.0
0.0
0.0
0.0
0.0
0.0
0.0
0.0
0.0
9.566221E-5
9.484794E-5
0.0
0.0
0.0
0.0
0.0
0.0
0.0
0.0
0.0
0.0
0.0
0.0
0.0
8.3802865E-5
8.303934E-5
0.0
1.6304494E-4
8.076914E-5
8.001921E-5
7.927268E-5
0.0
7.778984E-5
0.0
7.632064E-5
0.0
0.0
0.0
0.0
7.270739E-5
0.0
0.0
0.0
0.0
0.0
0.0
6.7792585E-5
0.0
6.641923E-5
0.0
0.0
0.0
0.0
0.0
6.238167E-5
6.1720784E-5
6.106336E-5
6.0409377E-5
0.0
5.9111764E-5
1.1693628E-4
5.782797E-5
1.1438251E-4
5.6557994E-5
5.5928198E-5
1.10603716E-4
5.4678985E-5
1.6217872E-4
1.0688725E-4
5.2831147E-5
1.0444427E-4
1.03233186E-4
1.02029044E-4
1.0083184E-4
9.964159E-5
9.8458295E-5
0.0
0.0
4.747506E-5
0.0
0.0
0.0
0.0
0.0
0.0
4.350408E-5
0.0
0.0
0.0
0.0
0.0
0.0
0.0
0.0
0.0
0.0
-7.521927E-5
-7.418955E-5
-3.658342E-5
-3.6075573E-5
-3.5571233E-5
-3.50704E-5
-6.9146154E-5
-6.815853E-5
-6.717793E-5
0.0
-6.5237815E-5
-6.4278305E-5
-6.3325824E-5
-6.238038E-5
0.0
-6.051061E-5
0.0
-5.866901E-5
0.0
-5.68556E-5
-5.5959466E-5
-5.5070388E-5
0.0
0.0
0.0
-2.5792324E-5
-2.5365433E-5
-2.4942075E-5
-2.452225E-5
0.0
0.0
-2.3283988E-5
-2.2878308E-5
-2.2476166E-5
0.0
-2.1682503E-5
-2.1290984E-5
-2.0903006E-5
-4.103714E-5
-4.027536E-5
-3.952067E-5
-3.877307E-5
0.0
-3.7299153E-5
-1.8286419E-5
-3.5853624E-5
-3.5141507E-5
0.0
-3.3738586E-5
-3.3047785E-5
-4.854613E-5
-3.16875E-5
-1.5509011E-5
-3.0355655E-5
-1.4850202E-5
-2.9052266E-5
0.0
0.0
0.0
0.0
0.0
0.0
0.0
0.0
0.0
0.0
0.0
0.0
-1.0637302E-5
0.0
0.0
0.0
0.0
0.0
0.0
0.0
0.0
8.298108E-6
8.056054E-6
0.0
0.0
0.0
-7.1235777E-6
-6.8993963E-6
0.0
6.4617625E-6
0.0
0.0
0.0
5.6294257E-6
0.0
0.0
0.0
0.0
0.0
4.4883036E-6
4.3106506E-6
0.0
0.0
0.0
3.635865E-6
3.4761272E-6
3.3199735E-6
3.1674044E-6
3.0184206E-6
2.8730217E-6
0.0
2.5929814E-6
2.4583405E-6
2.3272864E-6
2.1998192E-6
0.0
0.0
0.0
0.0
1.6162967E-6
1.5103569E-6
0.0
0.0
0.0
0.0
0.0
0.0
-8.6927935E-7
0.0
0.0
0.0
0.0
-5.19073E-7
0.0
0.0
0.0
0.0
2.5864583E-7
2.1733533E-7
1.796167E-7
0.0
1.14955505E-7
8.801307E-8
6.466283E-8
4.4904837E-8
0.0
1.6165792E-8
0.0
0.0
0.0
