0.5029274
0.29833385
0.70797706
0.83957505
3.324545
13.044936
14.65678
5.3405232
4.318937
5.8708434
2.893397
5.0479383
4.238033
0.918002
1.395247
1.2446171
0.670527
1.0243965
1.55813
0.7036569
0.41331434
1.701577
2.2903552
1.1708941
1.5430564
1.4180285
0.6171084
1.9677086
1.4907376
0.7069334
0.8880295
0.6501331
0.78463566
0.55307335
0.3471294
0.5646542
0.63879675
0.44871506
0.48261848
0.21895692
0.26791185
0.18389359
0.47961706
0.59633887
0.12041181
0.6903692
0.3337054
0.1481939
0.52549446
0.5761301
0.41769895
0.20013839
0.07624768
0.47187427
0.6894332
0.41735902
0.35998544
0.8126285
0.9480876
0.49939126
0.20945609
0.23458505
0.054465793
0.062641725
0.1520518
0.25141028
0.1310011
0.10817903
0.22211362
0.46760514
0.112796314
0.37853837
0.4822884
0.23269542
0.32364428
0.18865542
0.17528012
0.25077966
0.121700026
0.19065641
0.36386117
0.33271706
0.18138343
0.19720384
0.091032915
0.058899302
0.28596044
0.1094483
0.28287017
0.1669206
0.30472627
0.28500122
0.06741232
0.11435412
0.18917117
0.3825793
0.30900967
0.28531694
0.18941854
0.35017046
0.33477253
0.15313774
0.081551485
0.18664266
0.18805122
0.14401074
0.13827248
0.2727883
0.070157
0.12652102
0.09164426
0.101921864
0.12399686
0.058614675
0.17303132
0.24231675
0.073734485
0.37583926
0.38161406
0.24181621
0.04899203
0.111318484
0.09700013
0.062359575
0.13379046
0.19346921
0.014574107
0.09185214
0.065150976
0.096003465
0.16053577
0.0943935
0.24837878
0.19015446
0.05111334
0.17737895
0.3455014
0.28662172
0.15073994
0.18300393
0.12400212
0.10381558
0.14361319
0.17679226
0.14731494
0.17452718
0.15404698
0.25227857
0.16545758
0.1528719
0.17950821
0.07685398
0.13556857
0.18021779
0.050637383
0.06639032
0.1327842
0.16936079
0.12286417
0.093378685
0.12337389
0.035542358
0.13163434
0.053247526
0.07676105
0.05536083
0.08367263
0.055490196
0.07987908
0.24145725
0.17019635
0.02495171
0.04463571
0.009143287
0.005168471
0.045369525
0.063194536
0.08606073
0.112393826
0.115591235
0.11672802
0.13392286
0.12198658
0.071156755
0.026486844
0.040877745
0.07837267
0.09173557
0.0683698
0.08550148
0.09169174
0.18801521
0.10766418
0.1644151
0.18980877
0.087589025
0.09244029
0.07584684
0.018587504
0.05997434
0.110368885
0.09814323
0.089303836
0.054294374
0.06739365
0.082896255
0.059335064
0.043070465
0.064476505
0.058437068
0.044846263
0.06723799
0.08978082
0.05360747
0.0678256
0.05568287
0.035323
0.019954605
0.09339545
0.080442384
0.055589788
0.07083892
0.049802557
0.1250935
0.15542047
0.125375
0.064336546
0.08492974
0.103405714
0.10917007
0.124502584
0.12254739
0.13678144
0.092166275
0.06862001
0.05732069
0.048968587
0.02164712
0.11227918
0.10909852
0.008780844
0.048889738
0.0053570014
0.1396413
0.18560395
0.15234558
0.11054223
0.10104544
0.12254107
0.1953109
0.27221048
0.21748012
0.10455174
0.058671933
0.026613405
0.07987853
0.15983939
0.07549046
0.09900109
0.19684708
0.1631901
0.072486624
0.08560064
0.04508866
0.11870754
0.09320274
0.027834143
0.08526424
0.06610448
0.037202735
0.025020996
0.059130672
0.15913184
0.22004263
0.1972514
0.12869741
0.08140654
0.073228374
0.07272122
0.036026962
0.035066415
0.11867681
0.054996796
0.069096945
0.07015111
0.055127572
0.10006631
0.027686939
0.09492906
0.06022164
0.07109469
0.17357214
0.18567324
0.124025784
0.057626247
0.13046958
0.10980834
0.105045095
0.12788174
0.07830354
0.09662733
0.09275302
0.10022921
0.14518037
0.01570983
0.094220564
0.045863945
0.071087256
0.1169926
0.15135999
0.09945389
0.06372611
0.0896991
0.050932
0.08010251
0.12655148
0.026156757
0.1384863
0.15987612
0.051367514
0.044305127
0.13313223
0.17461579
0.108001456
0.046637192
0.045239735
0.070871
0.16439205
0.100085646
0.03551808
0.039933912
0.11373664
0.08340877
0.054743227
0.121241026
0.1928867
0.13745807
0.10570038
0.031435233
0.098175265
0.112910666
0.12113157
0.105263755
0.09197673
0.08189019
0.075794935
0.054594442
0.029775422
0.07366204
0.098035194
0.085038446
0.077107206
0.040499024
0.05840833
0.055681746
0.110033736
0.12353474
0.1321728
0.14639615
0.1328371
0.07654186
0.078670904
0.10271254
0.054681893
0.06570272
0.022306778
0.08585445
0.08486777
0.04674026
0.060962018
0.037830148
0.03594206
0.032283347
0.048644982
0.11715804
0.14087267
0.10117706
0.052166656
0.026597904
0.061723303
0.046135165
0.041832875
0.044805538
0.046827197
0.024023717
0.055449277
0.13269779
0.12594353
0.09362376
0.057034764
0.051409278
0.1102234
0.08077983
0.13510002
0.12760678
0.115351744
0.13214591
0.073656864
0.08533356
0.090389505
0.015799066
0.05792505
0.08135654
0.100717545
0.10949906
0.07716418
0.027651915
0.028874127
0.0320321
0.050755903
0.090580866
0.10457109
0.039920323
0.07153073
0.06524463
0.077861995
0.07803801
0.06782872
0.06634236
0.046762124
0.12210173
0.0919562
0.06221882
0.09665125
0.045651007
0.042120174
0.06296048
0.1486755
0.15289736
0.13230206
0.11083256
0.03803466
0.06889256
0.02162872
0.11415988
0.09649958
0.025962153
0.057947047
0.066753365
0.09704917
0.08012134
0.037187517
0.0630323
0.04832136
0.039862264
0.049340896
0.08211301
0.143818
0.12439478
0.07942046
0.026744429
0.058110368
0.13708389
0.09540574
0.01965255
0.051564153
0.01194202
0.09309757
0.06859346
0.07515404
0.087833464
0.08024332
0.10437641
0.08486749
0.09863092
0.097920544
0.05209086
0.06282673
0.05403269
0.039771732
0.048393566
0.024841024
0.07849619
0.07256485
0.031055672
0.08708644
0.007927282
0.114855714
0.13071042
0.08692892
0.03718362
0.014326322
0.09528034
0.07020167
0.081913106
0.016975654
0.09222195
0.077657685
0.048570283
0.060169995
0.0573449
0.041132726
0.062950864
0.035612643
0.04371573
0.072145134
0.0649011
0.061368786
0.040093597
0.14642827
0.115262076
0.065042995
0.058209907
0.03141534
0.04325314
0.07020344
0.046645902
0.015288595
0.03171038
0.066869915
0.089004315
0.077087425
0.07209927
0.01181669
0.064706944
0.0836579
0.17754658
0.08113103
0.042167
0.059816852
0.054764505
0.035016786
0.061579276
0.08803358
0.06801446
0.044198733
0.10052269
0.082293816
0.07885727
0.11940151
0.059693657
0.040326443
0.063957155
0.028981268
0.06958784
0.057677973
0.07993571
0.03309505
0.122347385
0.11567332
0.044255514
0.07539975
0.06502595
0.040553816
0.06230247
0.08547342
0.13385777
0.14075802
0.031082764
0.0196054
0.0040027234
0.061962906
0.059424363
0.053694975
0.03325303
0.05293613
0.053337164
0.04424521
0.07677598
0.1201846
0.091002636
0.041621704
0.010654922
0.10320174
0.08747037
0.04200734
0.058653947
0.064486876
0.042752285
0.06045145
0.06442505
0.06926432
0.021443022
0.047520127
0.14542967
0.07893297
0.0661457
0.07665776
0.08415218
0.12840764
0.22509503
0.1869032
0.03912201
0.06508428
0.045455728
0.076392084
0.101871386
0.0910257
0.16059327
0.18173918
0.1267828
0.16497283
0.032570362
0.11162386
0.06926121
0.08459311
0.048865926
0.12671606
0.018756596
0.19660683
0.20634921
0.07672728
0.09672687
0.22234555
0.21055853
0.11039443
0.07174647
0.027766677
0.15366365
0.06515799
0.13903141
0.21291748
0.18330316
0.076298326
0.08429454
0.15384229
0.1253608
0.064922586
0.0025120268
0.09739694
0.07486968
0.132433
0.035156373
0.112083636
0.086493365
0.08449013
0.033423565
0.07177804
0.11718489
0.19588508
0.106487274
0.09763276
0.016073536
0.059967976
0.12162879
0.085628286
0.03432347
0.068483315
0.13465358
0.038102303
0.06452835
0.20260142
0.0735113
0.07488677
0.06233203
0.15564343
0.25072274
0.17314512
0.07732877
0.05511834
0.17195536
0.16685595
0.04783215
0.09758189
0.13315848
0.036910065
0.09609267
0.09355855
0.020875182
0.06532773
0.09437944
0.053789042
0.12265983
0.073477365
0.183473
0.18562779
0.09104648
0.08412952
0.044796452
0.07766313
0.035072226
0.056362443
0.07504695
0.07763456
0.10896527
0.11933835
0.111622825
0.018568328
0.14211494
0.044640303
0.19872643
0.15549123
0.03279096
0.06284577
0.06630005
0.041625727
0.07270588
0.076840036
0.10231447
0.15681143
0.05686626
0.05219119
0.0428544
0.044711508
0.08670175
0.09167406
0.09998517
0.07038144
0.01930575
0.022570217
0.111081615
0.07394063
0.086874984
0.10942849
0.033381585
0.08321287
0.15497503
0.14378403
0.14798
0.07766918
0.08338018
0.092624955
0.029678974
0.083864264
0.14291248
0.0731543
0.031487163
0.08106607
0.034919765
0.060425065
0.030557064
0.043058783
0.106806
0.06453624
0.060800247
0.032320037
0.04495652
0.06663164
0.07914783
0.055513874
0.115756996
0.06620527
0.04547288
0.059244066
0.10388364
0.089927495
0.07175741
0.049704455
0.09045827
0.12834145
0.09471879
0.13037957
0.11716119
0.075131975
0.043813862
0.044440586
0.06576406
0.11717517
0.07484394
0.022617105
0.011663298
0.05683072
0.11859186
0.111910075
0.058457565
0.08744535
0.020076238
0.044552486
0.06886286
0.11469364
0.09991732
0.09693353
0.056634795
0.0025935443
0.06902815
0.082317814
0.033168577
0.029805765
0.07341806
0.076374635
0.044402286
0.0669654
0.10475739
0.120551996
0.05232335
0.03622161
0.068151325
0.08329987
0.050753824
0.10491304
0.09596947
0.074205965
0.11012944
0.1117614
0.091744326
0.09992219
0.11639369
0.08492132
0.05856232
0.02061218
0.08227681
0.06827959
0.09337775
0.053603876
0.05245518
0.06338962
0.034399044
0.07307961
0.04224885
0.04891491
0.026711615
0.096539706
0.065704286
0.10121623
0.13692188
0.08251825
0.04248274
0.055011887
0.08937923
0.022451324
0.11910456
0.15637992
0.12728119
0.08466625
0.026901472
0.04017568
0.12714493
0.097249515
0.048089713
0.07890409
0.07267604
0.03822671
0.017826157
0.060838256
0.015797315
0.06183851
0.053066965
0.05120496
0.05924089
0.030430673
0.078850806
0.041620653
0.048846338
0.06371904
0.02201308
0.07440731
0.08490785
0.075335294
0.030560343
0.010418857
0.07563526
0.11651619
0.13059546
0.08159084
0.018218616
0.09517826
0.12629147
0.13345686
0.10936323
0.105173066
0.08013713
0.08299932
0.07431394
0.09487484
0.08707896
0.032077976
0.06154793
0.04751641
0.058823604
0.047342494
0.062785074
0.0611998
0.046033856
0.03297672
0.034009516
0.085271224
0.057200804
0.07624788
0.07867157
0.047288124
0.09736781
0.08331066
0.0824753
0.045389116
0.09223737
0.122427374
0.083338834
0.035931632
0.09173896
0.042209376
0.11550315
0.11646797
0.10068504
0.11697303
0.089471534
0.047928292
0.01660191
0.017702188
0.019665182
0.031941403
0.049667783
0.038711347
0.07479599
0.038478624
0.088450015
0.044537727
0.060520653
0.07989466
0.063756764
0.02480688
0.08543476
0.09393948
0.068297274
0.11862625
0.13215683
0.11809471
0.13074748
0.064584054
0.021211702
0.057479933
0.123182066
0.12210551
0.05597171
0.09211907
0.049002986
0.09583912
0.11031664
0.07069589
0.052263837
0.01846043
0.059902947
0.07629876
0.07526026
0.036985997
0.08310021
0.04246447
0.03806453
0.030926757
0.058381505
0.02439484
0.09004706
0.07311249
0.026630254
0.109865166
0.068386644
0.018137516
0.05355584
0.052767787
0.06732959
0.054459188
0.057825036
0.03617712
0.012921655
0.05535442
0.043923493
0.021719502
0.02934543
0.040298074
0.07482517
0.020624544
0.058908638
0.039131306
0.046496987
0.044696566
0.020705404
0.04100016
0.06369109
0.046080664
0.036151577
0.041386697
0.084088966
0.10272232
0.06938583
0.039960265
0.049812634
0.07650812
0.08873641
0.029521808
0.095189095
0.120900884
0.10508404
0.11327693
0.10568241
0.12959671
0.13899568
0.07271623
0.061855827
0.028298207
0.08736653
0.110686824
0.096273355
0.03372299
0.004687438
0.055413626
0.10447683
0.0653782
0.05066205
0.08644654
0.06824636
0.025975475
0.023061894
0.06963343
0.05160564
0.06149575
0.12563752
0.084547155
0.0637632
0.11627036
0.08032109
0.033158857
0.068414435
0.07155812
0.03275236
0.106695086
0.10458475
0.046283964
0.027770419
0.0123094525
0.03179925
0.043770067
0.015378949
0.005157235
0.014972951
0.030176807
0.06092112
0.04473675
0.032999057
0.06585711
0.05972494
0.07165134
0.05419209
0.05808595
0.097569026
0.049675193
0.026285904
0.060828004
0.10280928
0.12347802
0.12595046
0.02728115
0.11214823
0.03518558
0.08982211
0.06039187
0.022057667
0.029431276
0.06364258
0.081701346
0.11238195
0.0879444
0.07091696
0.06105029
0.06924182
0.064938195
0.05985451
0.1047528
0.03678283
0.050071668
0.05213363
0.08065557
0.03595564
0.06609758
0.033014387
0.039551463
0.06788762
0.05944754
0.08099515
0.050025582
0.010691604
0.052551743
0.095471606
0.07933331
0.046767015
0.07413964
0.109313466
0.15902865
0.11534721
0.04727316
0.030670727
0.09054508
0.060615484
0.069497146
0.08936606
0.033786125
0.05306846
0.027931558
0.041447446
0.047600534
0.04478274
0.025294714
0.047740147
0.028656315
0.070980296
0.08344131
0.1004592
0.059947155
0.0317763
0.030619215
0.04833685
0.037459914
0.09991066
0.10342638
0.051218662
0.05002202
0.0756696
0.045112047
0.014144287
0.047022402
0.06723339
0.04248775
0.05281595
0.06053391
0.06389002
0.06543274
0.07675525
0.054013938
0.07319227
0.102259286
0.11393534
0.106129564
0.04463872
0.057661053
0.054350447
0.04601682
0.017703567
0.006716003
0.041858464
0.06855885
0.043305367
0.052496284
0.05889755
0.060197704
0.0810088
0.058378085
0.063437514
0.0706469
0.01810537
0.036778312
0.10342731
0.11284806
0.12718783
0.07727553
0.11385804
0.082165636
0.07781268
0.08335921
0.045839377
0.025103467
0.008480403
0.07433691
0.11475272
0.089764215
0.05173148
0.03038193
0.0131004155
0.021817515
0.026049158
0.067027435
0.034295507
0.017933734
0.04951713
0.050605755
0.115574025
0.12618694
0.08428091
0.05391555
0.04539341
0.05084533
0.03567662
0.036003888
0.041340444
0.070429154
0.12555714
0.07551963
0.019103298
0.058417793
0.06946723
0.09946237
0.081417374
0.04816837
0.024284378
0.05120754
0.05087581
0.06698119
0.044508826
0.019786024
0.050825827
0.09265783
0.075984076
0.054320496
0.016281707
0.018494993
0.02627456
0.1151508
0.14251892
0.15085122
0.08879012
0.028128041
0.030079817
0.052860294
0.06523642
0.066892296
0.08704821
0.10393584
0.07583698
0.06919379
0.014785494
0.05519788
0.10637198
0.124517195
0.08535817
0.10515923
0.15584394
0.11625092
0.0865095
0.13165599
0.09654261
0.023003679
0.06013649
0.036348373
0.012538181
0.048056815
0.07610847
0.05813037
0.068712324
0.05666263
0.061784387
0.12989412
0.109834895
0.07542982
0.0761923
0.07315197
0.03973377
0.059835926
0.060943533
0.10872458
0.09484169
0.08779418
0.070464335
0.08662985
0.07697634
0.026715513
0.08954474
0.024991095
0.013766431
0.065538265
0.12989801
0.1216353
0.0787712
0.031156668
0.028066006
0.051770534
0.031446435
0.07567155
0.09879769
0.07420042
0.041428704
0.03299532
0.05476808
0.019632908
0.069091454
0.09317561
0.063528836
0.039006226
0.019824544
0.112427264
0.1439109
0.10878206
0.058200635
0.030155048
0.030456204
0.08433045
0.05157764
0.07050955
0.11296048
0.06014356
0.06543643
0.09153214
0.0579633
0.09427989
0.077790104
0.08460118
0.012703126
0.062260196
0.11378347
0.071849875
0.08170564
0.09177825
0.01617658
0.05374585
0.070464194
0.11065319
0.062415093
0.049885366
0.12678066
0.036683053
0.030076208
0.09137441
0.14103092
0.08762399
0.028920837
0.064670675
0.050544612
0.071866915
0.02118638
0.046067875
0.058441773
0.07102688
0.07617712
0.08956377
0.14628536
0.038485125
0.086020246
0.04979155
0.072977036
0.0268831
0.051823612
0.06172843
0.04027088
0.071312755
0.12487327
0.073309414
0.056624267
0.039065674
0.041278534
0.1079072
0.12419415
0.080266275
0.15121007
0.07599714
0.045942567
0.046353232
0.07423182
0.056391794
0.0799933
0.05317309
0.07738952
0.088285714
0.09024397
0.031336762
0.09639281
0.065230094
0.097082116
0.07381324
0.011991551
0.031527445
0.048924915
0.045226485
0.040976465
0.06580214
0.05562511
0.04794024
0.12819761
0.08739782
0.04221744
0.058557373
0.052572682
0.10214302
0.049492553
0.08700089
0.14840549
0.10170282
0.12509578
0.036594085
0.11589667
0.030501341
0.055959575
0.050910305
0.008430943
0.015580398
0.0567683
0.03917155
0.12456389
0.18207993
0.09114158
0.10323199
0.0056784907
0.048663404
0.12518364
0.052832905
0.07413338
0.037240516
0.036005303
0.15374635
0.16846992
0.042726398
0.038701303
0.09937731
0.17485753
0.105400704
0.028335249
0.08025838
0.13609825
0.0970198
0.04009164
0.07663618
0.07481623
0.09912619
0.02249729
0.06283735
0.026972134
0.08722163
0.14009552
0.08862944
0.068192884
0.06306742
0.048508074
0.09027343
0.10981056
0.13958746
0.068548135
0.055099558
0.041279193
0.09791593
0.08268514
0.0896887
0.11075614
0.022784788
0.054987393
0.067840375
0.08117834
0.124306336
0.15102385
0.06430971
0.104445376
0.12571403
0.056974217
0.095451966
0.03439138
0.07469225
0.037894804
0.052532967
0.08577771
0.07908602
0.026162118
0.09598821
0.16024777
0.18744615
0.12177658
0.14889081
0.21238406
0.0425835
0.10968839
0.05717831
0.11834538
0.16629432
0.22847694
0.21626513
0.05890436
0.03529707
0.0697541
0.106776394
0.032892186
0.1109621
0.001371201
0.1342406
0.090007134
0.10796857
0.09836797
0.08611902
0.14261593
0.04861733
0.088071756
0.1405452
0.07729632
0.103192896
0.021386063
0.02874625
0.031874362
0.04614737
0.04041989
0.07082867
0.1358823
0.18145801
0.114775434
0.09562656
0.12721708
0.08408079
0.05509337
0.07465419
0.075154886
0.111669704
0.11020608
0.081041574
0.04173847
0.0534468
0.07080073
0.046096344
0.07620407
0.116561346
0.16701399
0.14710861
0.066352904
0.048080835
0.103621386
0.08811045
0.08717297
0.069111004
0.06370473
0.050634768
0.03544277
0.07683197
0.13042484
0.10870894
0.13764402
0.015757034
0.02370819
0.062147237
0.034172855
0.10503214
0.15217932
0.08896122
0.0497813
0.017293846
0.020543115
0.053526547
0.040769834
0.044573147
0.043457147
0.05588024
0.028788293
0.05314417
0.04263232
0.06099133
0.15412599
0.07256513
0.13761723
0.14402455
0.070044026
0.114082545
0.16503309
0.16321519
0.031442452
0.11230328
0.04735171
0.078102514
0.15257457
0.14464612
0.12260216
0.07714881
0.054285537
0.054421674
0.12009104
0.1236673
0.049264744
0.061652552
0.0407573
0.035998486
0.0060614506
0.06829792
0.051766478
0.0941618
0.10375502
0.05356192
0.039632633
0.016333824
0.10273847
0.12224302
0.07455858
0.09451008
0.08491527
0.12232642
0.11337418
0.075515695
0.023007678
0.04677723
0.09521377
0.06908486
0.06627652
0.047087442
0.03650101
0.07509825
0.058770463
0.09988692
0.041470896
0.05163336
0.08518159
0.022703059
0.0695687
0.079709396
0.024621831
0.04324063
0.06902692
0.056539107
0.059611093
0.12925674
0.14487363
0.105542034
0.019069886
0.07748068
0.11609685
0.09970223
0.0694695
0.065010935
0.079385765
0.055227816
0.016969146
0.022084646
0.05126509
0.054571014
0.030593574
0.052209314
0.02161086
0.05572809
0.07649678
0.07000503
0.11413768
0.10425457
0.04535598
0.06914686
0.01755542
0.055705674
0.09069276
0.077142835
0.06859672
0.042717744
0.07158786
0.14393753
0.084035836
0.03805916
0.124824375
0.13730831
0.07536807
0.033209026
0.06358233
0.11932408
0.07336869
0.08141319
0.039879944
0.1221873
0.1292784
0.10560818
0.061857387
0.025040725
0.022101628
0.046605337
0.043257833
0.039135538
0.0072845696
0.03989124
0.025281347
0.047271155
0.045003228
0.06585301
0.08666198
0.11289058
0.07960659
0.014334471
0.06691015
0.07401623
0.06393484
0.11263714
0.10731542
0.05098791
0.019186046
0.016371073
0.033471648
0.031790245
0.06248515
0.03336333
0.08889121
0.16387668
0.116073556
0.055292733
0.04968873
0.08528894
0.063689634
0.055484805
0.105077684
0.04070688
0.09651647
0.12904863
0.10195398
0.061303366
0.06586073
0.043837946
0.10498583
0.12654094
0.07644519
0.10858344
0.06394517
0.07798314
0.085748814
0.071787246
0.034407202
0.029304255
0.08203928
0.03930296
0.038857903
0.028667293
0.055341467
0.034456946
0.020053068
0.05720365
0.051924434
0.08035217
0.116320744
0.03487049
0.104662366
0.046726536
0.10868209
0.07379774
0.0921972
0.040119726
0.112420894
0.08936275
0.17011064
0.07614081
0.11658457
0.13668357
0.10306682
0.019277891
0.15347774
0.108124316
0.08677342
0.073763676
0.08967424
0.0536274
0.10469472
0.13113777
0.20479001
0.01132164
0.14898951
0.049346566
0.110246025
0.12508686
0.07440937
0.19329299
0.08234251
0.1701809
0.130459
0.20523626
0.33219323
0.17163214
0.39731428
0.3056077
0.29735735
0.39824507
0.49443868
0.54597116
0.47939003
0.6678088
0.66912717
0.6288776
0.82049143
0.7236356
0.83767015
0.9671934
0.7955152
0.99823743
1.1246778
1.1151834
1.0503969
1.1114224
1.0483918
1.0914543
1.012157
1.0750599
0.9952594
1.0759223
1.1861734
1.0762172
1.1919215
1.1743917
1.1469735
1.1299341
1.1241469
1.0336816
1.0482966
0.9394187
0.93029845
0.8715438
0.92837495
0.7731344
0.76870453
0.73924667
0.57287765
0.6635515
0.52182174
0.5164072
0.45300245
0.41824356
0.44153965
0.29036787
0.35852364
0.24857193
0.21761061
0.20678921
0.22049087
0.09573418
0.14914821
0.08660771
0.08891992
0.08714185
0.09278213
0.120051116
0.053564828
0.0935339
0.030118192
0.12536457
0.07704593
0.12196094
0.09815012
0.096914254
0.04030947
0.06824445
0.1265816
0.11256213
0.018977828
0.10269464
0.04774072
0.06851105
0.080322884
0.10513677
0.09240171
0.06197181
0.02002484
0.02068827
0.094288684
0.031891324
0.08803773
0.056845248
0.0979798
0.09244664
0.08174102
0.051200777
0.06212231
0.08473296
0.033049036
0.037626572
0.07719521
0.025730312
0.050469905
0.0636924
0.01869313
0.018326912
0.09423073
0.07601044
0.032394953
0.04188351
0.042293973
0.080678895
0.11257647
0.100681216
0.07370876
0.048563134
0.08485145
0.09317252
0.0812302
0.033389363
0.057891924
0.09022621
0.103531554
0.08770094
0.02567917
0.027461693
0.036361914
0.018208826
0.11986327
0.13536666
0.06482759
0.120336406
0.13006084
0.090962134
0.074449
0.03654516
0.0719212
0.12001189
0.0367065
0.072550036
0.054418683
0.050464846
0.041943926
0.029993983
0.02860633
0.021070695
0.016583458
0.055967767
0.0963419
0.06272808
0.062381573
0.07715929
0.059557494
0.06928237
0.06820233
0.043806463
0.041588973
0.067629054
0.040870294
0.011591692
0.040845446
0.037360333
0.018359639
0.027587587
0.084016584
0.12413101
0.07693465
0.040729422
0.06120486
0.053808413
0.02346047
0.025669094
0.04552317
0.08149933
0.095173135
0.049266666
0.032027844
0.03565388
0.03715127
0.05014809
0.034703095
0.05585171
0.08739215
0.017438361
0.08134547
0.0514738
0.01593229
0.027771292
0.022339929
0.07654251
0.083972715
0.06988405
0.03254832
0.020772371
0.028708795
0.0066697923
0.032087374
0.012493585
0.059096042
0.06569392
0.033694636
0.04326035
0.098445624
0.07410739
0.03049064
0.023330009
0.022484679
0.02207248
0.030395307
0.035181213
0.005817917
0.009346523
0.018386148
0.050182406
0.047421787
0.041443173
0.03682919
0.031233426
0.021799205
0.026769573
0.026497478
0.019787682
0.059516013
0.028593412
0.049935564
0.054476973
0.048412316
0.029348973
0.03283156
0.02303994
0.011720548
0.016587289
0.06769455
0.062588885
0.020081282
0.028680416
0.020919567
0.024610002
0.035702612
0.03004519
0.033769332
0.027975405
0.052978978
0.016382158
0.047864594
0.07192946
0.07410807
0.026570404
0.05363509
0.060988072
0.0331069
0.046116628
0.08186817
0.03900035
0.043804653
0.029055424
0.014756475
0.04582764
0.05501871
0.046778094
0.024090933
0.03742877
0.021597516
0.047384642
0.038235243
0.021367662
0.005479784
0.057184387
0.07028127
0.03886832
0.047902606
0.039716788
0.043910258
0.060085356
0.047125336
0.03439461
0.02659643
0.025421957
0.036269296
0.037024625
0.037264887
0.02093115
0.07390729
0.05394019
0.074792154
0.05185318
0.0026466374
0.029508123
0.030761898
0.03205569
0.009570553
0.034485385
0.05358593
0.06173859
0.060186993
0.033061367
0.016074812
0.012873325
0.016096583
0.04593897
0.04477015
0.037905123
0.029804157
0.02113085
0.05021982
0.024358971
0.030009514
0.04046673
0.08372834
0.05402963
0.03521009
0.05110113
0.04361104
0.07036165
0.06117122
0.05785109
0.030461501
0.014298976
0.029148655
0.025429644
0.03019061
0.03665916
0.033589453
0.029223733
0.030902503
0.053196862
0.042635333
0.0017176926
0.01126187
-0.021362929
-0.018311039
-0.018310973
-0.018310888
-0.01831078
-0.021362426
-0.0183105
-0.018310327
-0.024413511
-0.024413222
-0.021361293
-0.021360992
-0.024412189
-0.024411786
-0.024411356
-0.021359533
-0.024410408
-0.021358654
-0.021358175
-0.024408769
-0.024408165
-0.024407534
-0.021356015
-0.024406184
-0.024405465
-0.024404718
-0.024403943
-0.024403138
-0.021352017
-0.018301083
-0.021350482
-0.024399633
-0.021348849
-0.021347994
-0.024396703
-0.02134621
-0.02134528
-0.021344325
-0.021343345
-0.024391245
-0.021341309
-0.02438886
-0.021339172
-0.021338068
-0.02438507
-0.02133578
-0.0213346
-0.021333395
-0.021332163
-0.018283635
-0.018282536
-0.02132832
-0.018280275
-0.021325633
-0.02132425
-0.021322845
-0.021321412
-0.018274248
-0.02436397
-0.021316968
-0.021315437
-0.02131388
-0.021312298
-0.024355074
-0.02130906
-0.021307401
-0.02130572
-0.021304013
-0.018259099
-0.021300524
-0.018256065
-0.021296935
-0.024337262
-0.021293247
-0.024332989
-0.02433081
-0.021287527
-0.024326365
-0.021283587
-0.021281581
-0.024319485
-0.021277493
-0.018236067
-0.021273306
-0.015193695
-0.015192155
-0.018228717
-0.018226825
-0.018224914
-0.01822298
-0.018221024
-0.018219048
-0.01821705
-0.01821503
-0.01821299
-0.018210929
-0.015174038
-0.015172284
-0.01213641
-0.0121349795
-0.015166917
-0.015165092
-0.01516325
-0.0151613895
-0.009095707
-0.00909457
-0.0090934215
-0.012123018
-0.012121459
-0.0121198855
-0.012118299
-0.0090875225
-0.009086311
-0.009085088
-0.012111807
-0.0121101495
-0.009081358
-0.009080093
-0.009078817
-0.009077531
-0.015127058
-0.018149856
-0.015122684
-0.01512047
-0.0151182385
-0.015115989
-0.0151137225
-0.015111438
-0.018130964
-0.015106816
-0.015104479
-0.018122548
-0.015099752
-0.012077889
-0.018113945
-0.018111035
-0.012072069
-0.018105151
-0.015085149
-0.015082653
-0.024128225
-0.01507761
-0.0150750615
-0.012057996
-0.015069913
-0.018080775
-0.012051756
-0.01807447
-0.018071286
-0.018068083
-0.018064857
-0.01806161
-0.018058343
-0.018055053
-0.01504312
-0.012032276
-0.018045062
-0.015034742
-0.015031913
-0.015029068
-0.012020965
-0.015023326
-0.015020428
-0.015017514
-0.015014581
-0.015011632
-0.015008665
-0.015005681
-0.015002679
-0.017999591
-0.014996624
-0.017992284
-0.0119924
-0.017984893
-0.017981166
-0.017977418
-0.01797365
-0.014974884
-0.014971709
-0.014968516
-0.014965307
-0.01496208
-0.017950604
-0.014955575
-0.011961837
-0.014949
-0.01195655
-0.011953886
-0.011951208
-0.011948517
-0.011945811
-0.011943092
-0.008955269
-0.011937612
-0.011934851
-0.011932077
-0.008946967
-0.008944866
-0.008942754
-0.008940632
-0.008938501
-0.0029787861
-0.008934205
-0.014886738
-0.00892987
-0.008927686
-0.008925493
-0.008923289
-0.011894766
-0.011891801
-0.008916616
-0.011885829
-0.011882822
-0.008909851
-0.011876768
-0.011873721
-0.01187066
-0.011867586
-0.008898373
-0.005930698
-0.008893711
-0.005927576
-0.008889007
-0.011848854
-0.0059228423
-0.008881876
-0.005919653
-0.005918048
-0.008874654
-0.008872227
-0.0029565962
-0.0029557804
-0.002954961
-0.0029541384
-0.008859937
-0.008857449
-0.008854951
-0.008852442
-0.005899949
-0.0029491317
-0.005896571
-0.002947436
-0.002946583
-0.002945727
-0.0058897347
-0.0029440045
-0.0029431384
-0.0029422687
-0.0029413959
-0.0029405195
-0.00293964
0.0
0.0
0.0
0.0
-0.0029351923
0.0
0.0
0.0
0.0
0.0
-0.0029297455
0.0
0.0029279036
0.0029269776
0.0029260484
0.0029251156
0.00292418
0.0
0.0029222982
0.0029213524
0.0029204036
0.002919451
0.0029184956
0.0029175368
0.0029165747
0.0029156092
0.0029146406
0.008741006
0.00873808
0.0029117148
0.0087322
0.0058194962
0.00290876
0.0058155367
0.0029067737
0.0029057756
0.0029047744
0.0029037697
0.002902762
0.002901751
0.0029007369
0.0028997194
0.0057973973
0.0057953494
0.005793295
0.0028956172
0.0028945834
0.0028935466
0.0028925065
0.0028914632
0.005780834
0.005778734
0.0028883142
0.002887258
0.0028861987
0.0028851363
0.005768141
0.005766003
0.005763859
0.005761708
0.005759551
0.0057573877
0.005755218
0.0057530417
0.0057508596
0.0057486705
0.008619713
0.005744274
0.005742066
0.005739852
0.005737631
0.008603106
0.005733171
0.0057309316
0.0
0.005726434
0.0057241754
0.005721911
0.00285982
0.0
0.0028575396
0.0
0.0028552467
0.0028540955
0.0
0.0
0.0028506233
0.0
0.0
0.002847123
0.0
0.0
0.0028435946
0.0028424123
0.002841227
0.0028400384
0.0028388468
0.002837652
0.0028364544
0.0
0.0028340495
0.0028328425
0.0
0.0
0.0
0.0028279838
0.0028267615
0.002825536
0.0
0.0
0.0
0.0028206035
0.002819363
0.0056362385
0.005633745
0.005631245
0.0056287395
0.0056262277
0.00562371
0.002810593
0.0056186556
0.0028080598
0.008420367
0.0028055147
0.0
0.008408873
0.0028016747
0.0028003885
0.005598199
0.0027978073
0.0027965123
0.0055904286
0.0027939132
0.0027926092
0.0027913023
0.0
0.0027886792
0.0
0.0027860445
0.0027847225
0.0
0.0027820698
0.0
0.0027794056
0.0027780689
0.0027767292
0.0055507733
0.0055480823
0.0055453856
0.008314024
0.005539974
0.00553726
0.0055345395
0.005531813
0.005529081
0.008289515
0.0082853995
0.0055208504
0.01103619
0.008273001
0.008268851
0.011019588
0.008260524
0.008256347
0.011002883
0.013746615
0.008243767
0.010986074
0.010980448
0.01097481
0.008226871
0.008222626
0.008218371
0.010952145
0.008209838
0.008205558
0.013668783
0.013661622
0.016385335
0.01637671
0.013640054
0.013632836
0.016350724
0.016342029
0.013611097
0.016324587
0.016315842
0.019024925
0.0162983
0.01900442
0.018994138
0.018983835
0.018973514
0.018963173
0.018952813
0.018942432
0.016227458
0.018921614
0.018911177
0.016200617
0.021588849
0.018879745
0.01886923
0.018858695
0.01615555
0.016146487
0.016137408
0.016128313
0.018805733
0.018795084
0.016100926
0.016091766
0.018763019
0.021431193
0.018741548
0.016054958
0.016045716
0.016036456
0.01602718
0.01601789
0.016008582
0.018665802
0.018654905
0.01864399
0.013309327
0.015961803
0.0159524
0.018600143
0.023900317
0.018578108
0.015914625
0.015905142
0.015895642
0.018533815
0.015876595
0.018511556
0.015857484
0.015847906
0.01847803
0.015828703
0.01845559
0.01844434
0.018433074
0.018421788
0.015780415
0.018399164
0.018387824
0.018376466
0.01836509
0.018353697
0.015721958
0.01571216
0.015702348
0.01569252
0.015682677
0.015672818
0.015662944
0.015653055
0.013035959
0.015633231
0.018227177
0.0156133445
0.018203942
0.018192297
0.012986168
0.015573391
0.015563364
0.015553324
0.015543267
0.015533196
0.012935924
0.012927506
0.0155028915
0.018074887
0.012902178
0.018051194
0.0154622765
0.012876738
0.01544188
0.012859716
0.012851186
0.012842645
0.012834091
0.012825524
0.012816946
0.010246685
0.012799753
0.0102329105
0.0102260085
0.012773871
0.010212176
0.010205245
0.015297457
0.010191354
0.010184394
0.012721782
0.010170447
0.010163458
0.01015646
0.010149452
0.0076068263
0.0101354085
0.010128372
0.010121327
0.007585704
0.0050536036
0.0050500664
0.005046525
0.0050429786
0.007559141
0.0050358716
0.0025161556
0.005028746
0.0050251763
0.0050216024
0.0025090117
0.0025072198
0.0025054256
0.0050072586
0.0025018305
0.0025000295
0.0049964525
0.004992841
0.0049892254
0.004985605
0.00498198
0.0049783504
0.0049747163
0.002485539
0.004967435
0.009927575
0.0024800678
0.009912957
0.0049528177
0.0074237287
0.009890964
0.002470904
0.004938129
0.0074016685
0.004930758
0.0073905988
0.0073850537
0.0073795025
0.004915963
0.0073683797
0.004908539
0.0073572304
0.0049010976
0.0048973705
0.009787277
0.007334854
0.0073292437
0.009764836
0.009757338
0.009749832
0.009742317
0.012168491
0.009727261
0.012149651
0.012140214
0.012130767
0.0121213095
0.012111842
0.014522836
0.012092873
0.012083374
0.012073864
0.012064343
0.012054812
0.012045271
0.009628574
0.012026156
0.012016583
0.0096056005
0.0095979255
0.007192682
0.007186914
0.009574853
0.007175359
0.007169572
0.004775853
0.004771987
0.0071521755
0.0071463645
0.0071405475
0.0071347244
0.009505194
0.00712306
0.0047448124
0.0047409143
0.0047370126
0.0070996596
0.0047291964
0.0047252825
0.0047213645
0.0047174427
0.004713517
0.0047095874
0.009411308
0.004701717
0.0070466627
0.011734575
0.009379762
0.007028892
0.0046819714
0.009356022
0.0046740463
0.0046700784
0.0046661063
0.0046621305
0.009316301
0.004654167
0.00232509
0.004646189
0.0023210973
0.002319098
0.0046341936
0.002315094
0.002313089
0.0023110826
0.0
0.0
-0.0046101026
0.0
0.0
0.0
0.0
-0.002294963
-0.00458588
0.0
-0.0022888882
0.0
0.0
0.0
-0.0022807634
-0.0045574554
-0.0022766902
-0.004549302
0.0
-0.0045411345
-0.0045370455
-0.0022664766
-0.0045288573
-0.0045247576
-0.004520655
-0.0045165485
-0.004512439
-0.0045083254
-0.0022521045
0.0
-0.0022479827
-0.0044918386
-0.004487708
-0.0044835745
-0.0044794376
-0.0022376485
-0.0044711535
-0.0044670063
-0.004462856
-0.004458702
-0.0022272724
-0.0044503845
-0.004446221
-0.004442054
-0.004437884
-0.00443371
-0.0044295336
-0.002212677
-0.0022105852
-0.002208492
-0.0066191917
-0.0066129025
-0.006606608
-0.0066003096
-0.006594006
-0.0065876977
-0.0021937948
-0.0021916889
-0.0021895813
-0.0021874723
-0.0021853617
-0.0021832495
-0.0021811358
-0.004358041
-0.0021769037
-0.0021747854
-0.0043453313
-0.0043410882
-0.004336843
-0.0043325936
-0.004328342
-0.004324087
-0.0021599147
-0.0043155686
-0.0043113045
-0.0043070377
-0.004302768
-0.0042984956
-0.00644133
-0.006434912
-0.00642849
-0.0064220633
-0.0064156326
-0.0064091976
-0.0021342526
-0.0021321047
-0.006389866
-0.0021278046
-0.006376957
-0.0063704965
-0.0021213437
-0.0063575623
-0.0042340592
-0.0042297407
-0.008450839
-0.0021105479
-0.0021083844
-0.0042124395
-0.004208107
-0.004203772
-0.0041994345
-0.008390189
-0.006286127
-0.008372812
-0.006273086
-0.0062665595
-0.008346706
-0.006253495
-0.006246956
-0.006240414
-0.0062338677
-0.0062273177
-0.0062207635
-0.008285607
-0.006207644
-0.006201078
-0.006194509
-0.008250581
-0.008241812
-0.006174778
-0.006168193
-0.008215473
-0.008206684
-0.00819789
-0.0081890905
-0.008180287
-0.008171477
-0.008162663
-0.008153845
-0.008145021
-0.010170241
-0.00812736
-0.0060888915
-0.0060822596
-0.010126039
-0.00809198
-0.0040415614
-0.010092827
-0.008065395
-0.008056525
-0.00804765
-0.0080387695
-0.008029886
-0.0060157473
-0.006009077
-0.008003205
-0.009992878
-0.007985395
-0.0079764845
-0.007967569
-0.005968986
-0.005962293
-0.007940795
-0.007931862
-0.007922924
-0.009892479
-0.007905037
-0.007896086
-0.009858915
-0.007878173
-0.009836514
-0.009825304
-0.007851273
-0.011763446
-0.011749977
-0.011736502
-0.011723021
-0.009757944
-0.011696041
-0.011682541
-0.011669036
-0.013598112
-0.011642008
-0.011628485
-0.013550783
-0.013534992
-0.013519195
-0.013503391
-0.011560784
-0.0134717645
-0.013455941
-0.00960008
-0.0134242745
-0.013408432
-0.013392583
-0.013376727
-0.009543475
-0.013344997
-0.015233282
-0.011411349
-0.011397732
-0.01138411
-0.009475402
-0.011356848
-0.01134321
-0.009441305
-0.011315918
-0.009418554
-0.011288606
-0.011274941
-0.011261272
-0.011247599
-0.01123392
-0.011220236
-0.011206549
-0.011192855
-0.011179157
-0.011165454
-0.011151747
-0.009281695
-0.009270265
-0.011110595
-0.0092473915
-0.011083139
-0.012914305
-0.011055664
-0.0092016
-0.011028171
-0.009178681
-0.009167217
-0.009155748
-0.009144277
-0.009132802
-0.009121323
-0.009109841
-0.009098355
-0.010904239
-0.0090753725
-0.009063876
-0.009052377
-0.0090408735
-0.009029368
-0.009017859
-0.010807615
-0.010793795
-0.00898331
-0.008971788
-0.008960262
-0.008948733
-0.008937201
-0.008925667
-0.010696955
-0.010683105
-0.010669253
-0.010655397
-0.010641537
-0.010627673
-0.0088448385
-0.010599936
-0.010586062
-0.010572186
-0.010558305
-0.010544421
-0.010530534
-0.010516644
-0.012253209
-0.008740712
-0.010474955
-0.01220456
-0.008705955
-0.010433237
-0.010419325
-0.008671176
-0.008659577
-0.008647976
-0.008636373
-0.008624768
-0.0068905284
-0.0068812403
-0.008589938
-0.006862659
-0.008566706
-0.008555087
-0.0068347733
-0.008531843
-0.006816174
-0.005105154
-0.005098176
-0.006788263
-0.006778956
-0.0050772354
-0.0067603374
-0.008438782
-0.0050562844
-0.0033661989
-0.0067230817
-0.0083922045
-0.006704445
-0.0066951243
-0.0066858027
-0.008345599
-0.006667155
-0.006657829
-0.008310627
-0.0066391733
-0.008287304
-0.0066205123
-0.00661118
-0.008252309
-0.00824064
-0.0065831766
-0.008217299
-0.0065645017
-0.008193953
-0.008182278
-0.009804722
-0.009790708
-0.011406142
-0.009762677
-0.00974866
-0.009734641
-0.009720621
-0.009706599
-0.009692576
-0.011291643
-0.009664525
-0.009650499
-0.009636471
-0.009622442
-0.009608412
-0.007995317
-0.007983624
-0.0063775433
-0.0063681873
-0.0047691227
-0.0063494733
-0.0047550863
-0.0047480674
-0.0031606988
-0.0047340286
-0.0047270088
-0.003146659
-0.0047129677
-0.0062745954
-0.004698925
-0.007819839
-0.0078081363
-0.006237146
-0.004670837
-0.004663815
-0.006209056
-0.0046497686
-0.0061903275
-0.0046357224
-0.004628699
-0.0046216752
-0.0061528687
-0.006143504
-0.004600604
-0.00459358
-0.0030577043
-0.0045795324
-0.0045725084
-0.0030436565
-0.0030389738
-0.003034291
-0.004544413
-0.0030249262
-0.0045303656
-0.0030155615
-0.0030108793
-0.004509296
-0.003001515
-0.0014984165
-0.0014960757
-0.0014937348
-0.0029827883
-0.0029781067
-0.0029734257
-0.0014843723
-0.0029640638
-0.0029593832
-0.0029547028
-0.0029500227
-0.0029453428
-0.0014703316
-0.001467992
-0.0029313047
-0.001463313
-0.0014609736
-0.0029172692
-0.0029125912
-0.0029079136
-0.0029032365
0.0
-0.0043408247
-0.0028892069
-0.0028845312
-0.0028798557
-0.0028751807
-0.0028705061
-0.002865832
-0.0028611582
-0.0014282425
-0.0028518124
-0.00284714
-0.0014212341
-0.0014188983
-0.0028331259
-0.0014142278
-0.0028237859
-0.0028191167
-0.001407224
-0.0028097797
-0.0028051122
-0.0014002225
-0.0027957787
-0.0013955565
0.0
-0.0013908916
-0.0013885596
0.001386228
-0.0013838967
-0.0013815657
-0.0013792351
0.0013769048
0.0013745748
0.0
0.0
0.0
0.0
0.0013629305
0.0
-0.0013582754
0.0013559485
0.001353622
0.0013512959
0.0
0.0026932897
0.0040329597
0.0026839909
0.0026793429
0.0026746958
0.0013350247
0.002665404
0.005321519
0.0053122323
0.005302947
0.0026468318
0.002642191
0.0039563267
0.0026329125
0.003942412
0.005247276
0.005238004
0.003921551
0.005219467
0.0052102017
0.0052009383
0.0051916772
0.005182418
0.005173161
0.00387293
0.0038659906
0.005145404
0.005136156
0.006408638
0.006397084
0.0038313193
0.006373984
0.0063624387
0.0050807167
0.0050714854
0.005062256
0.0050530294
0.005043805
0.0050345836
0.0050253645
0.0062701846
0.0075104004
0.007496583
0.008729897
0.0087137865
0.007455155
0.007441353
0.007427556
0.0074137626
0.007399973
0.007386188
0.0073724072
0.008585068
0.007344858
0.008552938
0.00853688
0.008520827
0.008504779
0.008488736
0.008472699
0.008456667
0.00844064
0.008424617
0.008408601
0.010790473
0.009573239
0.010749322
0.009536673
0.010708199
0.009500132
0.014222807
0.018927233
0.016529396
0.014140691
0.011761116
0.005869165
0.008200887
0.018708454
0.012837026
0.015141453
0.017436791
0.008121255
0.015052787
0.017334525
0.018453825
0.018417504
0.018381199
0.01375868
0.013731471
0.018272365
0.01709636
0.01706239
0.018163662
0.014728559
0.01582986
0.019183535
0.018018931
0.01910671
0.019068323
0.015671724
0.017874442
0.016723461
0.015577003
0.018876627
0.01662206
0.016588291
0.018761808
0.016520794
0.015387932
0.01645336
0.017514309
0.01857078
0.017442474
0.018494492
0.017370705
0.017334845
0.015136627
0.018342124
0.018304076
0.0161171
0.018228035
0.016050037
0.017084299
0.017048575
0.017012868
0.01697718
0.016941508
0.016905854
0.016870217
0.015782436
0.017848935
0.017811129
0.01568236
0.016692303
0.017697822
0.015582436
0.0155491615
0.016550299
0.015482666
0.018539334
0.01644399
0.01640859
0.015349885
0.015316734
0.0152836
0.015250485
0.017246373
0.015184308
0.015151247
0.014110324
0.0130738225
0.016055651
0.015019186
0.014986216
0.014953266
0.013925645
0.012902431
0.015844828
0.01482165
0.013802874
0.014755956
0.012760052
0.013710983
0.014657559
0.013649812
0.014592058
0.014559336
0.013558192
0.0144939525
0.013497204
0.014428647
0.014396025
0.014363422
0.01433084
0.01239184
0.012363637
0.012335451
0.013253998
0.012279133
0.012251001
0.012222886
0.011256729
0.012166711
0.0102711655
0.010247437
0.012082583
0.010200027
0.010176345
0.009229708
0.009208207
0.010105393
0.010081774
0.009143791
0.010034583
0.010011011
0.009079504
0.009963915
0.009036719
0.008113814
0.010792791
0.0071781212
0.008056193
0.008037012
0.0062361015
0.007109948
0.007979551
0.006191442
0.007058944
0.007041967
0.004390626
0.006132043
0.00611722
0.0052306354
0.006087607
0.005205271
0.0051926025
0.0060432674
0.004306078
0.0034364357
0.005142023
0.003419601
0.004263991
0.0034027912
0.002545797
0.0025395053
0.0025332184
0.0033692485
0.0025206592
0.0025143868
0.003344159
0.0016679044
0.0016637326
0.001659564
0.002483098
0.0024768552
8.23539E-4
8.214613E-4
0.0016387706
8.173109E-4
0.0024457145
0.0016263343
0.0
8.090301E-4
8.069641E-4
0.0
8.028372E-4
0.0
0.0
7.966597E-4
0.0
0.0
0.0
0.0
0.0
0.0
0.0
0.0
0.0
0.0
0.0
0.0
7.700704E-4
7.6803745E-4
7.660062E-4
0.0
0.0
0.0
-0.0015157985
0.0
7.538566E-4
0.0
7.4982125E-4
-7.4780633E-4
-7.457932E-4
-7.437819E-4
-0.0014835449
-0.0014795298
0.0
-7.357553E-4
-0.0014675065
-0.0014635063
-0.0021892644
-0.0021832753
-0.0014515277
-0.0021713136
-0.0014435609
-0.0021593748
-0.0021534138
-0.0021474587
-0.0028553456
-0.0014237103
-0.0021296274
-0.0028315936
-0.0035296145
-0.0035197467
-0.002807911
-0.0035000402
-0.004886282
-0.0034803727
-0.004164664
-0.004152893
-0.0034509446
-0.0048176167
-0.003431375
-0.004790247
-0.0047765826
-0.0047629327
-0.0061062383
-0.005412199
-0.0047220658
-0.006053749
-0.0067069875
-0.0060188468
-0.0066682473
-0.0059840167
-0.0053036707
-0.00594926
-0.005931909
-0.004600226
-0.005897262
-0.005226637
-0.0052112793
-0.005845431
-0.005180614
-0.005810969
-0.005793766
-0.004492897
-0.0057594166
-0.00510424
-0.0050890152
-0.005708033
-0.004426289
-0.0050434414
-0.00565682
-0.0056397864
-0.0062475246
-0.0062286416
-0.006830757
-0.0055718445
-0.006172119
-0.006153321
-0.0061345445
-0.006115789
-0.0060970555
-0.005470509
-0.0054536876
-0.0054368856
-0.0060223374
-0.006604083
-0.00718213
-0.0059665265
-0.0071375603
-0.006522372
-0.0065020043
-0.0070709027
-0.006461342
-0.006441047
-0.0064207767
-0.0064005307
-0.006380309
-0.006938304
-0.007492656
-0.0063197915
-0.0068723653
-0.0074213096
-0.006828541
-0.0073738913
-0.0062194224
-0.006763007
-0.0067412164
-0.006159499
-0.0072558606
-0.006119675
-0.0072088554
-0.007185397
-0.0066110482
-0.0071385703
-0.007115202
-0.0065463353
-0.00652482
-0.0075872205
-0.0064818715
-0.0064604394
-0.0069756215
-0.0064176586
-0.007462362
-0.006906239
-0.0068831723
-0.0063324333
-0.0063111978
-0.007338322
-0.0057464098
-0.007288936
-0.006745415
-0.006205443
-0.0061843772
-0.00616334
-0.006654192
-0.005101126
-0.0061004004
-0.005572855
-0.0060585844
-0.006540863
-0.0055154767
-0.0069954228
-0.004979416
-0.0064507625
-0.00593383
-0.005420378
-0.0063835178
-0.005871846
-0.0063388464
-0.004858891
-0.005810125
-0.00578961
-0.0057691247
-0.0067067803
-0.005728243
-0.006659154
-0.004739566
-0.0061394037
-0.0056468346
-0.005157677
-0.006540694
-0.005120584
-0.0060297283
-0.005545745
-0.005065149
-0.00550552
-0.00457121
-0.005465415
-0.0045378394
-0.005425431
-0.0049550273
-0.0058343653
-0.0044714017
-0.00400937
-0.006213669
-0.00442184
-0.0057269814
-0.0043889266
-0.0052470095
-0.005227338
-0.0039057732
-0.005188088
-0.004307091
-0.0051489607
-0.00470199
-0.0042582983
-0.004242086
-0.0033807198
-0.0046307133
-0.0029355234
-0.0041774963
-0.0033291313
-0.0033162863
-0.0033034624
-0.002056662
-0.0036876118
-0.0024488373
-0.0036589233
-0.0032396573
-0.0028235896
-0.0036160683
-0.0024012206
-0.0039862413
-0.0027793327
-0.0031637885
-0.003151218
-0.0031386688
-0.0039076763
-0.0031136347
-0.003876437
-0.0023165145
-0.0038453047
-0.0030638233
-0.0030514242
-0.0037988082
-0.0030266906
-0.0030143564
-0.0022515326
-0.0033634717
-0.0022331125
-0.0025945813
-0.0033221361
-0.0022056045
-0.0036607794
-0.0025519053
-0.0029043248
-0.002892208
-0.0028801134
-0.0035850508
-0.0024989913
-0.0035549516
-0.0021239659
-0.0031724663
-0.0028080074
-0.0027960672
-0.003480186
-0.0020791895
-0.0034504738
-0.0024049615
-0.0027366981
-0.002724891
-0.0027131063
-0.0030390122
-0.0023534037
-0.0030126225
-0.0019996436
-0.0026545187
-0.0026428686
-0.0023023358
-0.0029470904
-0.00195604
-0.0025964933
-0.0019387171
-0.0025734415
-0.0028821933
-0.0015940502
-0.0025390338
-0.0015797563
-0.002516209
-0.0018786232
-0.0024934756
-0.0031026788
-0.0018531252
-0.00276699
-0.0018362124
-0.0024370425
-0.0024258248
-0.0021128014
-0.0024034583
-0.0017942324
-0.0029764806
-0.0014813014
-0.0020641277
-0.0017609603
-0.0014605714
-0.002616643
-8.6809444E-4
-0.0023039556
-0.001146508
-0.0022820996
-0.0022712068
-0.001695253
-0.0025306775
-8.3950063E-4
-0.0022278691
-8.3141006E-4
-0.0016547559
-0.001372258
-8.1934035E-4
-0.002174226
0.0
-0.0018838173
-8.033713E-4
-0.0013323354
-0.0015908801
-5.276585E-4
-0.0018376036
-5.2240666E-4
-0.0015593689
-5.171786E-4
-0.0012864339
-0.0010239489
-7.64072E-4
-0.0015203826
-5.0421304E-4
-0.0017557327
-2.4953438E-4
-0.001241264
-0.0012348713
-2.4569873E-4
-0.0017109832
0.0
-0.001451341
-2.406267E-4
-9.5746503E-4
-0.0011905442
-2.3685445E-4
-0.0011780155
0.0
-0.0011655475
-2.3186728E-4
-4.612562E-4
-9.175679E-4
-2.2815888E-4
-0.0013615731
2.257019E-4
-0.0011223899
2.2325714E-4
-4.4407873E-4
-0.0011041233
6.5883907E-4
-0.0010920224
8.6879596E-4
-6.479898E-4
2.1479727E-4
0.0
-6.372237E-4
8.4487145E-4
-0.0010501546
0.0012530824
0.0
4.1297733E-4
6.1594235E-4
-2.0414268E-4
0.0010148718
-4.036183E-4
0.0012038824
0.0
5.9499673E-4
7.887181E-4
0.0
0.0011693009
-1.9374014E-4
0.0011555997
1.914629E-4
5.7098694E-4
7.5679284E-4
1.880706E-4
0.0013086229
1.858248E-4
0.0011082399
7.3436653E-4
7.299191E-4
9.068555E-4
3.6053118E-4
0.0012541426
3.5612812E-4
0.0012387764
8.793761E-4
0.0010487135
0.0012158937
5.178474E-4
0.0015438214
1.7045879E-4
0.0013550806
8.415727E-4
6.6898885E-4
0.0014956477
4.9536646E-4
0.0013125153
4.890297E-4
0.0014576273
6.436419E-4
9.5919357E-4
0.0015882392
4.733564E-4
0.0018810028
3.1143645E-4
0.0015468943
9.219833E-4
6.1056623E-4
0.0018194695
4.518198E-4
0.0016455338
4.457538E-4
0.0013282063
0.0011726046
8.734556E-4
0.0017349544
2.871728E-4
0.0019963512
5.664395E-4
0.0014062651
0.0012568175
5.546782E-4
0.0017900475
2.734513E-4
0.0019006205
6.7397417E-4
0.0013383435
0.0013287712
5.276927E-4
0.001964588
3.9007547E-4
0.0020652972
7.6884165E-4
0.0013992304
0.0015152227
3.760129E-4
0.0019905602
2.4697138E-4
0.0018384701
6.082348E-4
0.0013280581
0.0013180359
3.5674096E-4
0.0018881469
0.0
0.0018593627
5.765782E-4
0.0011442443
0.0013624385
4.5060794E-4
0.0019001027
2.217857E-4
0.0016502741
5.457352E-4
0.0011910704
0.0010741457
4.2621337E-4
0.0015854319
2.0968184E-4
0.0016638355
5.1570934E-4
0.0010229737
0.0010145623
6.037106E-4
0.001396976
3.9581166E-4
0.0013737527
5.83805E-4
0.0011577581
7.652977E-4
8.536315E-4
9.403705E-4
6.526067E-4
0.0012015299
6.4137223E-4
0.0011807536
5.401991E-4
9.816679E-4
7.9609756E-4
7.890427E-4
9.558001E-4
6.0279673E-4
0.0010240814
3.3827918E-4
0.001257043
3.3215736E-4
0.0010696297
6.5217976E-4
6.461531E-4
0.0012002881
0.0
0.0014920615
0.0
0.0013869636
4.5792383E-4
5.2913814E-4
0.0014224368
-4.4485464E-4
0.0020558499
-7.9978135E-4
0.00201586
2.138581E-4
3.5290243E-4
0.002096351
-0.0016603123
0.0034927053
-0.001965985
0.0026170635
1.9925769E-4
-5.259016E-4
0.0035782787
-0.0036699427
0.005351955
-0.0035305752
0.003181465
5.5548706E-4
-0.0021372174
0.0057993
-0.0063344375
0.0076845293
-0.0052036643
0.003469678
0.0014297813
-0.0043549654
0.008780727
-0.00951192
0.010334328
-0.006811506
0.0034738358
0.0028000507
-0.007049988
0.012026666
-0.012804645
0.012755228
-0.008070969
0.0031014362
0.0044749696
-0.010043762
0.015334444
-0.016038885
0.014823383
-0.008875946
0.0020333256
0.0069162883
-0.013218271
0.018315217
-0.018211115
0.01551873
-0.008454619
5.783637E-4
0.008725279
-0.015169148
0.019772643
-0.019156689
0.015846444
-0.00800688
-5.265349E-4
0.010089779
-0.01657229
0.020815605
-0.019599749
0.015466046
-0.0071220538
-0.0018062011
0.011285893
-0.01747795
0.021104433
-0.019347768
0.014628265
-0.0059261364
-0.0031335407
0.012253399
-0.018054646
0.020974172
-0.018684965
0.013361066
-0.0046726153
-0.004405631
0.01308649
-0.018339809
0.020479966
-0.01777091
0.011947119
-0.0032923538
-0.005591073
0.01366808
-0.018385928
0.019698255
-0.016518138
0.010406465
-0.0018986706
-0.0066131633
0.014009467
-0.017997487
0.018692417
-0.01510326
0.00885263
-5.622095E-4
-0.007378317
0.014043131
-0.017335525
0.017353153
-0.01352948
0.007248882
6.241639E-4
-0.007931468
0.013690009
-0.01635075
0.015788173
-0.011838706
0.005761878
0.0015542962
-0.008168233
0.01316646
-0.0151635865
0.014180764
-0.010121117
0.004315856
0.0023849632
-0.008226107
0.012346438
-0.013720116
0.012360803
-0.008426424
0.003031631
0.002932761
-0.007962977
0.011289432
-0.012134126
0.010557823
-0.00680237
0.0019344455
0.0032551629
-0.0074599986
0.010062011
-0.010459913
0.008750397
-0.005307663
0.0010257951
0.003346207
-0.006765615
0.008697532
-0.008741387
0.007052895
-0.0039833533
3.1524783E-4
0.0032527426
-0.005915245
0.0072766915
-0.007067941
0.005449352
-0.002836608
-1.6811538E-4
0.0029866106
-0.0049655465
0.005846948
-0.0054792482
0.0040323073
-0.0018923848
-4.782781E-4
0.0025596207
-0.0039561507
0.004446408
-0.0040087495
0.0027975915
-0.0011496794
-5.851519E-4
0.0020344201
-0.0029354254
0.0031464293
-0.0027250778
0.0017860078
-6.147153E-4
-5.5193837E-4
0.0014624258
-0.0019692243
0.0020092549
-0.0016541585
0.0010089981
-2.659995E-4
-4.174139E-4
9.0305967E-4
-0.001128835
0.0010812307
-8.336313E-4
4.6072432E-4
-8.042141E-5
-2.3586822E-4
4.2436027E-4
-4.8004664E-4
4.1728382E-4
-2.872071E-4
1.3516028E-4
-8.391752E-6
-7.20827E-5
9.951609E-5
-8.805839E-5
5.6414945E-5
-2.5541953E-5
6.063974E-6
1.0058731E-7
-0.0
