0.5180017
0.25542638
0.08915742
0.3166156
0.691015
0.84498465
0.4898538
0.19096778
0.18273962
0.2514509
0.4366032
0.6399603
0.45579886
0.16316119
0.23318426
0.28871202
0.28562632
0.6059205
0.68823975
0.42861307
0.013174014
0.34977287
0.29219484
0.40690917
0.41044912
0.08526781
0.09449048
0.44625014
0.5358225
0.45156136
0.40969783
0.12170846
0.16379997
0.21826935
0.32835773
0.09622542
0.28492746
0.21022978
0.14307716
0.09102775
0.048740912
0.065901324
0.111544445
0.24797702
0.26508245
0.09196727
0.03928536
0.069751106
0.07282495
0.0032847102
0.15086284
0.19626327
0.16793227
0.074815415
0.13995346
0.059744228
0.19161434
0.19330806
0.04913394
0.21361455
0.12492809
0.07802082
0.062362164
0.094851814
0.14769056
0.079716906
0.16019294
0.1174556
0.18231837
0.3622224
0.3427352
0.17923564
0.16058326
0.11823443
0.13280055
0.18761389
0.16168943
0.20428538
0.17898099
0.051345583
0.14020054
0.10007144
0.1702918
0.2569145
0.19499958
0.17208086
0.112524495
0.09570513
0.088228986
0.1798537
0.2747179
0.13618715
0.040910196
0.011936205
0.10580504
0.13755736
0.12098893
0.08978454
0.105219595
0.14824331
0.10620322
0.0994868
0.1687941
0.12917908
0.0639555
0.10011232
0.107489966
0.11916651
0.029384067
0.112971105
0.0752851
0.07498254
0.03992027
0.07942022
0.12261977
0.066215284
0.08814706
0.09380909
0.16851361
0.17860067
0.10401561
0.080058366
0.09746204
0.083397806
0.082259506
0.054397814
0.05168352
0.13699049
0.19277842
0.041705314
0.068792924
0.10222612
0.17748892
0.16145332
0.19896129
0.19633366
0.12576047
0.10668198
0.07588899
0.02353647
0.08782396
0.17193413
0.15693264
0.08132735
0.12372327
0.049741752
0.07685087
0.09097247
0.13890187
0.22424293
0.16065067
0.073503785
0.048024137
0.04575963
0.08708751
0.03501407
0.11732124
0.17018506
0.12388269
0.08232702
0.0012763141
0.065274484
0.08594979
0.13761921
0.06479028
0.050753597
0.05433644
0.039675277
0.113342136
0.052540645
0.08889924
0.12058321
0.11543108
0.11406326
0.034733504
0.065445215
0.07026821
0.16908053
0.12820123
0.08853315
0.005633744
0.11167642
0.11457424
0.05962037
0.09581798
0.07609998
0.14283916
0.08509995
0.098201886
0.023553396
0.07955405
0.06986081
0.08812652
0.1305192
0.054395888
0.059456345
0.06463936
0.034551382
0.082774274
0.10392407
0.14683829
0.10804904
0.062775955
0.016235666
0.03423487
0.11877315
0.089805685
0.072330356
0.07022423
0.026665403
0.027933976
0.088717476
0.06433712
0.04128542
0.051658448
0.07221629
0.038712904
0.06557718
0.06554034
0.03886758
0.07119608
0.08384038
0.10329955
0.1782601
0.13303202
0.03564863
0.0743008
0.06137415
0.10014558
0.08403722
0.03619306
0.014046783
0.04668829
0.1305203
0.08426088
0.058874734
0.064210184
0.060629226
0.13077109
0.14355613
0.07596581
0.08051672
0.11086371
0.094941504
0.08229871
0.024918888
0.14892906
0.18333392
0.06983083
0.011559453
0.10695553
0.13937786
0.08505556
0.1053579
0.04356742
0.029502675
0.053265363
0.13452493
0.11885277
0.101074
0.08589644
0.05901105
0.0836857
0.10337353
0.11233305
0.077719115
0.042879816
0.05857421
0.02610736
0.016756415
0.07313908
0.12703086
0.13381284
0.096233495
0.11106857
0.05094986
0.07821052
0.050318316
0.12717672
0.14748748
0.15930687
0.07548377
0.07900989
0.09169132
0.06666944
0.068635106
0.09289256
0.17587532
0.19580705
0.121956326
0.0846962
0.09363724
0.1335158
0.08814998
0.07051526
0.08754282
0.07790715
0.006477137
0.048245776
0.062484257
0.09054206
0.07471565
0.09415419
0.06834871
0.1373224
0.17062195
0.05928084
0.029387027
0.010396875
0.061908547
0.026191568
0.06770969
0.09159535
0.0923633
0.049404982
0.027808309
0.030489214
0.0818299
0.1287943
0.096204795
0.055717267
0.076041035
0.10514543
0.09472094
0.05014442
0.09597375
0.032558195
0.04691871
0.11747597
0.14497927
0.039858963
0.064789414
0.058222763
0.06697946
0.10292983
0.08757196
0.031429227
0.09859812
0.119116664
0.11995807
0.06244648
0.10060266
0.10808998
0.0651774
0.098000854
0.102730595
0.13539962
0.09394631
0.057401337
0.09508853
0.09629126
0.10437767
0.072513774
0.06209538
0.09007316
0.07280527
0.04766524
0.08246644
0.11038809
0.095045984
0.10568472
0.06350874
0.116188906
0.13427305
0.11375689
0.09153793
0.037222505
0.11267921
0.11552294
0.061325833
0.10133195
0.13174886
0.10023831
0.053962696
0.050712567
0.0096993325
0.120133996
0.0539491
0.07431244
0.07442042
0.054541275
0.06273674
0.109769434
0.082641244
0.037859216
0.06157
0.09020367
0.03128819
0.07709841
0.108924545
0.050218664
0.0404106
0.07961668
0.10299779
0.045142725
0.07833822
0.07969699
0.083264485
0.06563409
0.084076
0.12562959
0.10868227
0.06823977
0.094390005
0.15173952
0.09624302
0.078842096
0.0693449
0.058816686
0.06678912
0.118202254
0.031916652
0.065886155
0.008182943
0.054158792
0.05786974
0.06618015
0.09012626
0.044216625
0.07179817
0.07076822
0.031807065
0.11744948
0.14628811
0.117425
0.08726939
0.051998712
0.055720236
0.030945586
0.045527592
0.10489306
0.13004413
0.099497505
0.074067086
0.06716892
0.039575156
0.051342238
0.091066726
0.04171368
0.03843075
0.040128022
0.055481255
0.030828856
0.022577312
0.07195767
0.10106121
0.06067425
0.013466651
0.0035105855
0.0331697
0.0108974995
0.08072797
0.09719462
0.15725112
0.068987474
0.040930327
0.021835046
0.044827443
0.08435866
0.0568719
0.019017957
0.05630114
0.05710001
0.059705153
0.060925044
0.055762134
0.042962637
0.03494375
0.07900125
0.06294731
0.05512351
0.053457297
0.038692575
0.09990521
0.12309301
0.0727144
0.091798745
0.0949865
0.06729003
0.060840737
0.022130607
0.06410302
0.09493312
0.08097853
0.048391927
0.048179477
0.039240927
0.018553348
0.08912686
0.07292772
0.05518308
0.08490047
0.034690123
0.0540928
0.028715327
0.10570713
0.20092763
0.18674533
0.10217854
0.073004395
0.06305331
0.053592097
0.05271624
0.04699115
0.119996905
0.14878906
0.1787064
0.15624706
0.0068939375
0.09835019
0.042321064
0.07006981
0.11378621
0.05093679
0.027536629
0.044759467
0.040229242
0.095443204
0.09353794
0.12538068
0.095906846
0.03305625
0.14406385
0.15004714
0.14126688
0.032538097
0.034132145
0.07209423
0.11686686
0.028947584
0.063041456
0.04009431
0.015335391
0.10399741
0.16720362
0.0990305
0.0084648365
0.08775142
0.076415114
0.079676084
0.04604925
0.08489716
0.11103591
0.050618235
0.058618058
0.051477592
0.05646289
0.045187082
0.057239518
0.02844157
0.049674585
0.060801726
0.07454798
0.08974968
0.11003792
0.2051235
0.1427191
0.031667363
0.034996502
0.087724686
0.12043549
0.11758094
0.12663536
0.0648343
0.08088369
0.06821845
0.13008967
0.15900885
0.07147681
0.0895886
0.1142059
0.10211112
0.031391837
0.07045639
0.0629001
0.043738887
0.042011652
0.10815493
0.13015167
0.16703263
0.21040703
0.09677161
0.14050907
0.09396893
0.06293443
0.1282181
0.11675712
0.047711518
0.032223225
0.12727575
0.121040255
0.056310635
0.005987877
0.05103941
0.056441493
0.09438928
0.12803693
0.090860225
0.09021005
0.10063215
0.058318198
0.03672962
0.057316937
0.08218192
0.11243694
0.114616275
0.01746479
0.0939521
0.103774816
0.10830667
0.10091649
0.015609378
0.16026402
0.15736368
0.14079961
0.20798507
0.18684106
0.056742482
0.06560508
0.061855618
0.033747617
0.0140497135
0.11721599
0.06440733
0.2226202
0.18915892
0.09987811
0.1503859
0.033659
0.014919339
0.14810695
0.2063675
0.16761918
0.11600169
0.16559888
0.17408895
0.079591766
0.09733743
0.48562762
1.043557
0.988282
1.0769721
0.88474774
0.54759496
0.301939
0.08828871
0.12940168
0.05810023
0.047720723
0.15373307
0.1082962
0.01767757
0.09457789
0.15608975
0.08570148
0.1440708
0.2513354
0.2057806
0.18579343
0.21442564
0.17205133
0.121876
0.071821325
0.08749547
0.029790366
0.0507329
0.10217865
0.16581555
0.14386174
0.16873658
0.17264378
0.093908444
0.06349732
0.070841506
0.1058115
0.116231665
0.04294464
0.052094728
0.09764418
0.100595854
0.06396262
0.13923569
0.10522389
0.025499003
0.051903535
0.07226319
0.086666256
0.095647015
0.12563622
0.09651246
0.13231017
0.12930512
0.03279019
0.03222906
0.05579242
0.06405788
0.047087044
0.10284617
0.08894859
0.1455675
0.1378274
0.11030004
0.07163842
0.13590007
0.09811852
0.07949815
0.049710933
0.0327936
0.14019518
0.13516319
0.08951201
0.05112132
0.076983586
0.09054895
0.083331026
0.08427883
0.018553609
0.06847354
0.052635208
0.12195945
0.0748086
0.035024155
0.09175355
0.057168826
0.030694842
0.04815396
0.092452906
0.08153295
0.04158677
0.07937168
0.0848797
0.012885044
0.06460146
0.07848651
0.025863253
0.06040522
0.018880874
0.06437978
0.05558586
0.07624932
0.108488046
0.06782558
0.027305378
0.06931581
0.08400279
0.098241605
0.12777653
0.109426126
0.030970985
0.07304708
0.0813129
0.057112563
0.044535253
0.06775702
0.027692178
0.037616163
0.076707125
0.046999626
0.058880124
0.05123184
0.102921166
0.11236412
0.11681117
0.17513582
0.08838029
0.08043948
0.055710927
0.03814894
0.027453491
0.080098666
0.17955811
0.114566416
0.049098223
0.069018155
0.12881714
0.0888773
0.038210917
0.042481292
0.059705906
0.09720701
0.07348719
0.0801291
0.10373483
0.11023391
0.081857026
0.050236404
0.027615206
0.013680249
0.0038051181
0.037811372
0.07321781
0.031175148
0.010268444
0.06135022
0.084851086
0.055745702
0.03330728
0.07304663
0.052997634
0.026056943
0.059006415
0.059009135
0.08422867
0.103062704
0.12086116
0.11478215
0.06051446
0.050543513
0.062376615
0.014661933
0.054082192
0.07976974
0.093793906
0.12743592
0.14817636
0.111296825
0.03154085
0.018722573
0.02546934
0.06518331
0.121536255
0.079221204
0.08815938
0.07212144
0.071049675
0.14919665
0.086706124
0.03720332
0.08330003
0.10417466
0.0738269
0.039510373
0.04545484
0.022775965
0.03191641
0.015570213
0.042425733
0.0945309
0.10864494
0.09837611
0.11770837
0.05368934
0.053761177
0.08750718
0.077462494
0.043652084
0.0731217
0.15010606
0.1111285
0.06328183
0.065294355
0.07880208
0.06289419
0.06524021
0.110066704
0.13600935
0.074767575
0.030953422
0.02593194
0.045803387
0.098228335
0.04177546
0.046239484
0.113718376
0.13987528
0.110692255
0.09624603
0.098747745
0.093899734
0.084012285
0.080325186
0.10540902
0.103939675
0.08897041
0.036131125
0.011705394
0.052520502
0.060903113
0.06020151
0.07629207
0.04198632
0.025060065
0.013480401
0.043230783
0.11488516
0.08574579
0.022256522
0.046323646
0.025194053
0.032574795
0.021935772
0.050502136
0.07096901
0.10757641
0.12069748
0.42001504
0.53515965
0.35895342
0.1433069
0.070896395
0.091716886
0.08071813
0.01764774
0.018001076
0.02831509
0.084948905
0.036296085
0.032695398
0.03733204
0.05902427
0.12790225
0.104846895
0.047363244
0.05368267
0.078915074
0.06550774
0.07204364
0.049423262
0.01822872
0.046638194
0.044679448
0.025323937
0.04203261
0.016813798
0.01939827
0.07032169
0.031952467
0.055720873
0.04129201
0.10028106
0.067724474
0.049092077
0.064719215
0.07444009
0.11494568
0.108974956
0.09591732
0.12749611
0.08726882
0.04895365
0.072974056
0.07877856
0.08996246
0.038352225
0.08122577
0.0767756
0.05083718
0.10914151
0.15379961
0.09939963
0.058808535
0.08210397
0.039119914
0.046360627
0.05192457
0.07683137
0.056630064
0.049672376
0.027980624
0.046274617
0.10294985
0.11665764
0.1274867
0.10704264
0.035929635
0.08388885
0.09270151
0.050733536
0.050474863
0.041253224
0.021469653
0.061945353
0.12147275
0.15005934
0.11640817
0.041871488
0.023461329
0.036120214
0.018245267
0.04715829
0.028531348
0.09823719
0.055673365
0.016181827
0.04183442
0.07380193
0.0028331708
0.035862133
0.022322228
0.031139433
0.037246767
0.043162234
0.078121856
0.06300259
0.012094254
0.017512277
0.0908343
0.07380143
0.07740628
0.07318479
0.04355636
0.024177436
0.05660821
0.045234725
0.019737612
0.031623
0.054055322
0.022499071
0.08556293
0.075220704
0.07374348
0.07325963
0.09404708
0.10453033
0.056895427
0.027987115
0.09219998
0.08732093
0.05368614
0.035539374
0.09794746
0.07345369
0.046443284
0.020562623
0.040793177
0.023513734
0.030776558
0.055293225
0.026480861
0.1070446
0.13756149
0.11323173
0.100905776
0.067927666
0.034610543
0.030470045
0.058562353
0.06098202
0.03716235
0.025097972
0.07052989
0.08383497
0.08286277
0.08716354
0.06791492
0.044878837
0.052959595
0.08327061
0.12206157
0.14577624
0.12120515
0.09655161
0.055781737
0.04242319
0.04966212
0.0724095
0.059367128
0.056946445
0.11480525
0.050239474
0.06562505
0.031408187
0.029886723
0.0742713
0.09520301
0.053534944
0.041238833
0.078895055
0.07244773
0.08841057
0.048537474
0.07269927
0.12668036
0.06724174
0.033789176
0.059434183
0.12626182
0.15142116
0.04543168
0.072266705
0.028527055
0.06115775
0.035670143
0.043035407
0.07828512
0.06715594
0.034402695
0.028374847
0.057974726
0.06542673
0.05045961
0.04469029
0.030751327
0.11448378
0.10539729
0.049525935
0.062154084
0.048196282
0.037770007
0.04432576
0.04568305
0.054968525
0.115083136
0.11055289
0.06969555
0.037845947
0.1041205
0.107914954
0.07511328
0.02071991
0.011625138
0.04647341
0.020976586
0.0519643
0.07821971
0.029587543
0.055795472
0.06587326
0.025473572
0.033998508
0.033173725
0.035483163
0.005502379
0.0424404
0.041488327
0.011168781
0.022929903
0.010392893
0.095094495
0.12331489
0.056077544
0.040216986
0.04479904
0.037192255
0.044145457
0.018854627
0.025811544
0.08358016
0.11470677
0.09408331
0.07295669
0.07257846
0.029997244
0.06557416
0.16347365
0.13766193
0.022154694
0.058010984
0.06918537
0.022786919
0.04769784
0.014264257
0.04589087
0.034708332
0.029354896
0.034278817
0.024402993
0.062054794
0.05404121
0.045900915
0.09507497
0.07894495
0.018575754
0.09753134
0.114800155
0.0574131
0.11981409
0.073710926
0.0913869
0.11018503
0.08654662
0.04725196
0.106141515
0.1045595
0.10428631
0.098468244
0.024042118
0.073386565
0.09850677
0.0689268
0.07535066
0.045342892
0.03232768
0.031512417
0.059799924
0.029930763
0.059010398
0.08855779
0.09265648
0.10324335
0.069521874
0.013321059
0.040765822
0.047770474
0.04437668
0.0316666
0.028046364
0.06127378
0.04221747
0.034385573
0.029345788
0.014862413
0.054618876
0.01195248
0.07864599
0.06621244
0.087018654
0.06958189
0.012720426
0.04738417
0.06368107
0.06438369
0.018087542
0.06012856
0.054829765
0.048897944
0.096403584
0.10314292
0.04493848
0.036584307
0.024798727
0.0074715405
0.036210775
0.0633313
0.08441859
0.1086553
0.0613621
0.07982542
0.010106182
0.068188086
0.04585586
0.08039131
0.023550682
0.028598253
0.032592732
0.055340577
0.04921238
0.08693428
0.0921071
0.030763809
0.08159752
0.034850486
0.018982885
0.067520276
0.11169099
0.05947473
0.03222136
0.028478166
0.023711808
0.012600171
0.055663686
0.048897933
0.033711057
0.0336646
0.039782844
0.030959157
0.029976768
0.042656083
0.06138179
0.052399334
0.044702303
0.017400734
0.028801208
0.10470014
0.13308547
0.05942605
0.044717617
0.06284193
0.09303394
0.08591143
0.06512933
0.042165276
0.031699933
0.024911435
0.07477188
0.1114591
0.12823676
0.116079114
0.029649602
0.039373122
0.0851906
0.08975716
0.037774067
0.01797679
0.02185752
0.016262656
0.0949562
0.17111565
0.1223456
0.06852738
0.07194778
0.059162878
0.07376597
0.02911917
0.032791108
0.09447992
0.12183525
0.068317555
0.023364838
0.021755919
0.04299128
0.084189184
0.11582837
0.04191962
0.03676151
0.05779701
0.04083622
0.09007315
0.098965384
0.0860325
0.033941757
0.046808228
0.07741065
0.08510578
0.042788822
0.071491785
0.0661415
0.041127592
0.049817894
0.10747141
0.08780951
0.043000497
0.022041654
0.05982896
0.053782526
0.03993476
0.06394883
0.09083674
0.061126307
0.08064834
0.048030514
0.05497823
0.107450224
0.09048435
0.06719666
0.01206261
0.06437846
0.056023773
0.04928498
0.016259305
0.05111948
0.043221634
0.06375862
0.03143474
0.058424424
0.0336721
0.036641497
0.06244248
0.05136127
0.043718316
0.023152633
0.02497312
0.035197362
0.03726436
0.14527738
0.11367105
0.041821774
0.054925926
0.060425986
0.067069046
0.052755382
0.048324324
0.013731599
0.060851876
0.022075143
0.07695101
0.10119588
0.10446429
0.047545467
0.045586545
0.10646277
0.10585071
0.04231434
0.07000485
0.043591976
0.09247292
0.07070568
0.06337372
0.091950335
0.10415713
0.086014025
0.11076266
0.057934597
0.052879207
0.08308628
0.04244403
0.07936247
0.06767273
0.04333726
0.037477743
0.02180552
0.018649688
0.02257242
0.042672224
0.022894636
0.028164588
0.05788222
0.13627101
0.036702354
0.0776451
0.06298435
0.07220496
0.103185184
0.059987556
0.06678235
0.06329351
0.09630425
0.108857445
0.0816092
0.011293816
0.016804688
0.07870083
0.037552487
0.03983608
0.07552586
0.03262149
0.0841461
0.071145795
0.054480836
0.059618156
0.10648129
0.104646586
0.08052348
0.052761324
0.031407073
0.07661355
0.056200568
0.0731068
0.10451562
0.15648279
0.09043761
0.061021097
0.029817281
0.006218547
0.06604914
0.054304212
0.027238982
0.05309668
0.07743811
0.06479284
0.08015153
0.15254442
0.12646855
0.08808174
0.1073752
0.06247304
0.09499196
0.05919794
0.038308263
0.101779625
0.09058849
0.068940915
0.031487208
0.058756076
0.03682182
0.05166077
0.12079977
0.14655761
0.097503595
0.021283632
0.052387897
0.06201637
0.10458089
0.04893825
0.052435245
0.018880427
0.082104795
0.08165453
0.09332222
0.15962046
0.12582862
0.037983928
0.03363835
0.08845975
0.15550356
0.13708122
0.10486736
0.11401708
0.073778704
0.06774257
0.05749193
0.052539106
0.049438678
0.047374472
0.06964908
0.09898631
0.065606475
0.044736985
0.06260004
0.017035231
0.13256046
0.15481727
0.074416816
0.110918194
0.064270444
0.04267506
0.106891654
0.11137769
0.079822
0.007055731
0.07170993
0.059300583
0.07350931
0.077298105
0.045941733
0.07153052
0.0880314
0.12764283
0.09316918
0.12995575
0.13578855
0.072616786
0.025699088
0.03315303
0.048458736
0.13518558
0.07571697
0.10699429
0.10108292
0.08870127
0.1042779
0.072400205
0.09468377
0.09014271
0.03034241
0.040014483
0.07887698
0.14434998
0.067709245
0.016189218
0.06107966
0.13520123
0.07485837
0.027542302
0.065105155
0.06632871
0.061299983
0.0155808795
0.08679367
0.09629988
0.030855132
0.06808751
0.10602409
0.012642399
0.044723887
0.07730001
0.04104384
0.023131596
0.03705642
0.027636591
0.013022105
0.03303891
0.086399
0.07114837
0.02698021
0.030734625
0.06565929
0.11009593
0.051377203
0.105541125
0.15181813
0.12027003
0.0310582
0.054721616
0.065209694
0.08233618
0.064612664
0.022738032
0.06537001
0.028372299
0.027386194
0.092105955
0.04836449
0.077135906
0.040725313
0.04069901
0.025523411
0.05725294
0.07256798
0.099719584
0.05615617
0.085432336
0.109758094
0.06544203
0.022043884
0.044950377
0.08094904
0.060387015
0.06458349
0.12230015
0.098015025
0.05340533
0.0346881
0.07396348
0.070660785
0.07968641
0.094262086
0.120942146
0.037368767
0.08793298
0.048450097
0.031998783
0.08290527
0.045522545
0.025139248
0.08853981
0.107756324
0.0589688
0.060733937
0.03907169
0.009299014
0.080833785
0.059449643
0.027072562
0.0954468
0.13302276
0.10648096
0.065774746
0.039581455
0.09779217
0.15323266
0.07794181
0.04420048
0.05211723
0.06545091
0.09008404
0.08639121
0.096913405
0.111416414
0.10960573
0.11471758
0.061275024
0.03867059
0.14328316
0.12057699
0.0909338
0.01895497
0.10957478
0.06887935
0.087470174
0.12854154
0.09623169
0.19348736
0.06358177
0.10540264
0.105207294
0.19256037
0.21370281
0.13136517
0.2203444
0.06865292
0.15024436
0.12777731
0.20147814
0.25226998
0.13921978
0.26863983
0.14951202
0.42723024
1.6537449
2.806948
2.527131
3.2981644
8.941475
10.958289
6.6918335
8.3615
4.0555644
0.3059175
0.1761448
0.8164625
0.38798526
0.2820513
0.038376324
0.111211464
0.1293361
0.18316165
0.034562923
0.16497853
0.15084364
0.060965165
0.14320083
0.19456087
0.1397885
0.09507917
0.0628976
0.093024485
0.13162495
0.019807212
0.04927543
0.00994914
0.040351126
0.08178503
0.01719143
0.13909651
0.07729788
0.05817557
0.11913992
0.14569221
0.07508339
0.007301087
0.086698614
0.05245593
0.08302508
0.08947553
0.113256
0.13555911
0.098028146
0.022834444
0.09234265
0.10765822
0.057288505
0.09230585
0.11251005
0.04839107
0.031595305
0.07863684
0.09663069
0.044103406
0.078161225
0.151744
0.053941026
0.075530685
0.070750974
0.10399527
0.072206005
0.034061614
0.02714115
0.031527255
0.13378364
0.11275405
0.06696601
0.057628058
0.053611916
0.07287353
0.08124588
0.11559601
0.08106849
0.07312167
0.06945866
0.041990303
0.04991473
0.11659046
0.05721219
0.04844402
0.03487267
0.039355036
0.031957455
0.035087604
0.01993093
0.0041634
0.05277436
0.026109854
0.087624155
0.10103915
0.050140187
0.04606508
0.08386153
0.09277561
0.093839385
0.084924676
0.064434946
0.08781657
0.08563287
0.049756832
0.061132297
0.08400659
0.031730775
0.110154286
0.053795118
0.050939977
0.033765186
0.053865727
0.05577959
0.08102526
0.105146274
0.08373283
0.032204237
0.073757865
0.019721456
0.047673803
0.053100377
0.033203233
0.053785957
0.014065371
0.06965705
0.09551319
0.09533728
0.09072931
0.09500532
0.06266673
0.018389054
0.1144326
0.1647566
0.12138442
0.06836525
0.06738429
0.05846764
0.040042404
0.053115167
0.10714577
0.0250159
0.07661576
0.050792895
0.023662755
0.027754085
0.046491273
0.05644694
0.025474144
0.07783916
0.07643678
0.028602682
0.03401205
0.07173582
0.05471337
0.05561471
0.036531262
0.052400686
0.035882145
0.009702866
0.021600934
0.08791623
0.22023903
0.1327098
0.14540729
0.18939406
0.0893246
0.057961233
0.09991176
0.106158726
0.03756805
0.09766034
0.09772148
0.077958316
0.025115049
0.031800654
0.075872414
0.11151548
0.09120311
0.031226326
0.031240076
0.08245029
0.02989582
0.020110317
0.036004435
0.085026726
0.027298376
0.023084514
0.028213609
0.042486567
0.046507806
0.061170448
0.09606442
0.07995526
0.100351036
0.13742858
0.097051494
0.044362023
0.05087989
0.02635436
0.14168485
0.16305451
0.045752
0.052407943
0.03001486
0.107034914
0.05120228
0.037292656
0.05460171
0.09186831
0.11936892
0.10891358
0.05884936
0.037600912
0.07718023
0.11961935
0.10233723
0.05357463
0.017452618
0.08868974
0.10606861
0.049423806
0.068974175
0.043385167
0.023762306
0.064002946
0.07753956
0.071885176
0.069064915
0.069114834
0.03519464
0.019564793
0.020992799
0.06369343
0.096010216
0.030700067
0.070271835
0.072297424
0.029257715
0.009214133
0.01865132
0.039848212
0.017774876
0.0463278
0.035823513
0.0342769
0.059516992
0.042639453
0.05939706
0.065617025
0.05417585
0.07331334
0.06712964
0.083892524
0.056378804
0.04665024
0.067274995
0.06862399
0.042797666
0.09208362
0.14632474
0.10490752
0.048167903
0.034626056
0.07645337
0.119089805
0.05984375
0.026191538
0.00316816
0.04339886
0.051820457
0.046935122
0.060000718
0.029709192
0.03107685
0.03234018
0.034553137
0.032240048
0.055065624
0.07828944
0.09142035
0.03989989
0.04585095
0.049349673
0.06450459
0.048007283
0.027841516
0.0390039
0.076130435
0.038329467
0.029364904
0.035466682
0.044952977
0.053438425
0.022683531
0.031669706
0.04608361
0.063525245
0.058994032
0.0120877195
0.026491081
0.035762943
0.04794316
0.023484949
0.024258344
0.04122412
0.037091307
0.044690914
0.04976456
0.068428226
0.08889115
0.05224888
0.049894597
0.0581336
0.07176819
0.056257285
0.026836079
0.06366342
0.05353706
0.025672367
0.04312562
0.010650856
0.01937637
0.03089625
0.017121812
0.026716055
0.024142232
0.044458717
0.05230714
0.035013393
0.033488058
0.053047363
0.041846734
0.021352924
0.03313297
0.07320188
0.023602951
0.045605555
0.0108979335
0.03460146
0.037720107
0.026838804
0.011369782
0.013364913
0.016626703
0.02129499
0.025057252
0.056993596
0.053106718
0.05434966
0.045341797
0.013231818
0.036985237
0.056226175
0.036782507
0.010318564
0.049580626
0.059125613
0.055617232
0.04467621
0.030578457
0.059014812
0.06533263
0.039942615
0.054408126
0.065747276
0.041863788
0.01656068
0.01602587
0.035616904
0.036168486
0.016517974
0.041885406
0.015979717
0.034024086
0.046569984
0.02983169
0.010980218
0.02480534
0.017610274
0.061401
0.077780336
0.099255756
0.08522204
0.049750507
0.025431309
0.021720687
0.074278265
0.10396442
-0.003051847
0.0030518398
0.003051829
-0.0030518146
0.0061035934
-0.003051775
0.0
0.0
-0.009155067
0.0030516528
-0.0030516135
0.0
0.006103047
-0.0030514733
0.006102839
0.0
0.003051301
0.0030512363
0.0
0.006102192
-0.0030510207
0.0061018835
-0.003050859
0.003050773
0.006101366
-0.0030505897
0.0030504928
-0.0030503923
0.0
0.0030501804
-0.003050069
0.003049954
-0.0030498356
-0.0030497136
0.0
-0.0030494586
0.0060986513
0.0
-0.0030490493
0.0030489056
-0.006097517
0.006097215
0.0
0.0030482954
0.0030481338
-0.0060959375
0.0030478002
-0.0060952557
0.0
0.0030472726
0.0
0.0060938057
-0.0030467126
0.003046519
0.0030463214
0.0030461205
0.009137749
0.0
0.0060909926
0.0
0.0
0.00913452
-0.0030446139
0.0060887686
0.0
0.0
0.0030436744
-0.0030434304
0.0060863663
0.0060858643
0.0030426774
0.009127258
-0.0030421577
0.0060837846
0.0030416236
0.0030413512
0.0030410753
-0.0060815914
0.006081025
-0.003040226
0.0030399356
0.0030396418
-0.006078689
0.0060780873
0.0
0.003038431
0.0030381195
-0.0030378043
0.006074971
-0.0030371633
0.0030368373
-0.0030365079
-0.003036175
0.006071677
-0.0030354983
0.003035155
0.0
0.0
0.006068205
-0.0030337449
0.0060667666
0.0
0.0
0.003032278
-0.006063805
0.0030315232
0.0
0.0030307544
0.0030303646
-0.0030299714
0.0030295746
-0.0030291742
0.0030287702
0.0060567255
0.0030279518
0.0060550747
0.0
0.0030266976
0.0030262724
0.0
0.0121016465
0.0
0.0030245367
0.0
-0.0030236477
0.0060463957
-0.0030227446
0.006044575
0.0030218272
-0.0030213632
0.0030208959
0.0
0.0030199504
-0.0030194724
0.0
0.0030185059
-0.0030180172
0.0060350504
0.0
0.0
0.006032056
-0.006031044
0.0030150122
-0.006028998
0.0030139827
0.006026925
-0.003012939
0.009037235
-0.0030118811
0.003011347
0.0030108094
0.0
0.009029171
-0.0030091756
0.003008624
0.0
0.0
0.0090208445
0.0
0.0030058138
0.0030052413
0.0
0.0030040857
-0.0030035027
0.0060058325
0.0030023265
0.0
0.009003408
-0.0060010715
0.008999796
0.0
0.002998714
0.008994299
-0.0029974822
0.008990583
0.0
0.0029956084
0.0029949767
-0.0059886836
0.00898111
0.0
0.002992416
0.0029917674
0.0
0.008971378
-0.0029898002
0.0029891375
0.0
0.0
0.008961387
-0.008959359
0.0
0.0
-0.005968806
0.0059674256
-0.0059660384
0.0029823224
0.0
-0.0059618363
0.0059604216
-0.0029795002
0.0059575723
0.0
0.0
0.0059532467
-0.005951791
0.0059503284
0.0
0.0
0.0
-0.008916616
0.0059429146
0.0
0.0
0.002969192
-0.0059368606
0.00593533
-0.005933793
0.0
0.0
-0.0059291404
0.005927576
-0.005926005
0.0
0.0
-0.005921251
0.008879479
-0.005918048
0.005916436
-0.0029574088
-0.0059131924
0.008867341
-0.005909922
0.005908277
0.0
-0.002952483
0.0059033004
-0.005901628
0.005899949
-0.0058982633
-0.005896571
0.0
-0.00883975
0.005891454
-0.0058897347
-0.005888009
0.0058862767
-0.008826806
0.0029413959
-0.005881039
0.0
0.0
-0.0058757416
0.0029369814
-0.005872177
0.0
0.0
0.0
0.0058649676
0.0
0.0029306617
0.0029297455
0.0
0.00878371
-0.005853955
0.0029260484
0.0
-0.00584836
0.0058464813
-0.008766895
0.005842705
0.0
0.0
0.005836991
-0.0058350735
0.008749723
0.0
0.0
0.0029136685
-0.0029126934
0.0087351445
0.0
0.0029097481
0.00581752
-0.0029077684
0.0058135474
0.0
0.0029047744
0.0029037697
-0.005805524
0.002901751
0.0
0.008699158
0.008696096
0.0028976747
0.008689943
-0.0057912343
0.00868375
0.0
0.0
0.00867439
-0.002890417
0.008668101
0.0
0.0
0.0028861987
-0.0028851363
0.0028840704
0.0
0.0
0.002880854
-0.005759551
0.0057573877
-0.005755218
0.0
0.0
-0.0028743353
0.008619713
-0.002872137
0.002871033
0.002869926
0.0
0.0057354043
-0.005733171
0.0028654658
0.0028643429
0.0
0.011448351
-0.0028609554
0.00285982
0.0
0.0
0.0057127895
0.0
0.005708191
0.0028529412
0.0
0.0057012467
0.0
0.008544878
0.0
0.00284595
0.005689548
-0.0028435946
0.011369649
-0.002841227
0.0028400384
0.0056776935
-0.002837652
0.008509363
0.0
0.0028340495
0.0028328425
-0.0028316325
0.008491258
-0.0028292031
0.0056559676
0.0028267615
0.0
0.005648615
-0.002823076
0.0056436826
0.0
0.0
0.0056362385
-0.005633745
0.005631245
0.0
0.0
0.002811855
-0.005621186
0.0028093278
0.0
0.0028067888
0.0028055147
-0.0056084758
0.0056059156
-0.0056033493
0.0
0.0027990995
-0.0055956147
0.008389537
-0.0055904286
0.0
0.0
-0.0027913023
0.008369977
-0.0027886792
0.0027873632
0.0
-0.0027847225
0.0083501935
-0.0027820698
0.0055614784
0.0
-0.0027780689
0.0055534584
-0.00832616
0.008322123
0.0027726928
0.0
0.008309961
-0.00553726
0.008301809
-0.0027659065
0.0
0.0055263434
-0.0055235997
0.0055208504
-0.005518095
0.0
0.0027562834
-0.002754897
0.008260524
-0.0055042314
0.0027507208
0.002749323
-0.0027479222
0.008239555
-0.005490224
0.0027437026
0.0
-0.0054817502
0.0054789144
-0.0054760724
0.008209838
0.0
0.0
0.005464649
-0.010923558
0.005458903
0.0
0.0
0.0054502413
-0.0081710145
0.0054444387
-0.005441529
-0.0027193069
0.0027178463
-0.0054327664
0.008144751
-0.0027134481
0.0027119764
0.002710502
-0.008127074
0.0054150894
-0.0054121236
0.0027045761
0.0027030879
-0.0027015966
0.010800411
-0.005397212
0.0026971065
0.0
-0.0026940994
0.008077775
-0.0053821625
0.008068704
0.0
-0.0026865334
0.005370024
-0.0053669754
0.010727844
0.0
0.0
0.005354728
-0.008027479
0.0053485716
-0.0026727428
0.0026711968
0.0026696483
-0.008004291
0.0053330865
-0.005329973
0.0
0.0026618652
-0.005320601
0.005317467
-0.00797149
0.0
-0.0026540156
-0.0026524374
0.007952571
-0.007947821
0.0026476877
-0.002646099
-0.005289016
0.0052858284
-0.007923953
0.005279437
-0.002638117
-0.0052730255
0.0
-0.010533185
0.002631684
-0.005260139
0.0
0.002626832
-0.010500838
0.0052471687
-0.0052439133
0.0026203264
0.0026186935
-0.007851174
0.00784626
-0.007841338
0.0026121365
0.0
-0.005217685
0.007821575
-0.0078166155
0.0026038825
-0.002602224
-0.0026005632
0.007796699
-0.007791701
0.002595565
-0.002593894
-0.0025922204
0.0077716336
-0.007766598
0.0051743696
-0.0025855012
-0.0025838153
0.0025821265
-0.007741307
0.005157484
-0.005154092
0.0
0.0025736466
-0.0077158296
0.007710712
-0.007705587
0.0
0.002565105
-0.0076901675
0.007685013
-0.0076798517
0.0025582276
0.0
-0.007664323
0.005106088
-0.010205245
0.002549576
-0.0025478385
-0.0025460985
0.007633069
-0.0076278346
0.005081729
-0.002539115
-0.007612089
0.0076068263
-0.0076015564
0.005064186
-0.0025303317
-0.0025285678
0.0025268018
-0.010100133
0.01009305
-0.0025214893
-0.0025197137
0.0025179358
-0.007548467
0.005028746
-0.007537765
0.0025108012
0.0050180233
-0.0050144396
0.007516277
-0.0050072586
0.0025018305
0.0025000295
-0.0024982262
0.009985682
-0.0074838377
0.004985605
0.00249099
-0.0024891752
0.007462075
-0.007456617
0.0024837174
0.0
-0.0024800678
0.0049564787
-0.007429227
0.0074237287
-0.004945482
0.0
0.004938129
-0.004934446
0.009861516
-0.0049270657
0.0
0.002459834
-0.004915963
0.009824506
-0.004908539
0.0024524103
0.0
-0.0073460555
0.0048936387
-0.0048899027
0.0024430812
0.002441209
-0.0024393345
0.004874916
-0.007306738
0.004867397
0.0
-0.0024299303
0.0072841286
-0.004852307
0.007272786
-0.0024223684
-0.0024204727
0.007255724
-0.0048333495
0.0072443183
-0.0024128687
0.0
0.0024090542
-0.009628574
0.0024052311
-0.0048066336
-0.0024014001
0.0
-0.009590243
0.002395638
-0.009574853
0.0023917863
0.0
-0.009551706
0.0071579805
-0.0071521755
0.0023821215
-0.0023801825
-0.0071347244
0.0071288953
-0.00712306
0.007117219
0.0
-0.0047370126
0.0070996596
-0.009458393
0.0047252825
0.0
-0.0023587213
0.007070276
-0.007064381
0.007058481
-0.0023508584
-0.0023488877
0.002346915
-0.0070348214
0.009371856
-0.0046819714
0.0023390055
0.0023370232
-0.009340157
0.006999159
-0.0069931955
0.0023290752
0.0
-0.0069752703
0.006969284
-0.009284389
0.0
0.0
-0.0069452818
0.004626178
-0.00924433
0.004618148
0.0
-0.0023050513
0.0046060747
-0.0069030644
0.0022990038
-0.006890953
-0.004589926
0.00458588
-0.0068727448
0.0045777764
-0.0045737196
-0.0045696585
0.0
-0.00684229
0.006836183
-0.0045533804
0.004549302
0.00454522
-0.0045411345
0.0068055685
-0.0067994297
0.0022644287
0.0
-0.004520655
0.0045165485
-0.004512439
0.0045083254
0.0022521045
-0.0022500444
0.006743948
-0.0044918386
0.004487708
0.0
0.0
0.0067129456
-0.0044711535
0.0044670063
-0.004462856
0.0
0.0044545447
-0.008900769
0.008892442
-0.004442054
0.0
0.00443371
-0.0066443
0.008850708
-0.0044211703
0.004416984
0.0
-0.0044086017
0.008808811
-0.0044002063
0.0043960037
0.0021958991
-0.0043875896
0.0043833777
-0.0043791626
0.0043749446
0.0
-0.004366499
0.0043622716
-0.008716082
0.0043538073
0.0
0.0
0.0043410882
-0.004336843
0.0043325936
-0.002164171
0.0
0.0043198294
-0.0043155686
0.006466957
-0.0043070377
0.0
0.0042984956
-0.00429422
0.008579883
0.0
0.0042813756
0.004277088
-0.004272798
0.006402758
-0.0021321047
0.004259911
0.0
-0.0021256523
0.0063704965
-0.0042426875
0.0042383745
0.0
-0.0042297407
0.0042254194
-0.006331643
0.0
-0.006318659
-0.0021040535
0.004203772
-0.006299152
0.0041950946
-0.006286127
-0.002093203
0.0
-0.0062665595
0.004173353
-0.006253495
0.0
0.004160276
-0.0062338677
0.0062273177
-0.0020735878
0.0
0.0
-0.006201078
0.0041296724
-0.006187936
0.0
0.0
-0.006168193
0.0041077365
-0.006155013
0.004098945
-0.0020472726
-0.0040901434
0.0040857387
-0.008162663
0.0020384612
-0.0020362553
-0.0020340483
0.00406368
-0.0060888915
0.0020274199
-0.002025208
0.0
0.0020207807
-0.006055696
0.0060490468
-0.0020141313
0.0
0.0040193847
-0.0020074714
0.0060157473
-0.0040060515
0.0020008013
0.0019985756
-0.0019963488
0.005982363
-0.0039837845
0.0019896622
0.0
-0.0039703976
0.0019829655
-0.003961462
0.0019784956
-0.0019762593
0.0
0.005915349
-0.0019695433
0.0039346055
-0.0019650608
0.0
0.003921149
-0.0019583295
0.005868251
-0.0019538368
0.0
0.0
-0.0038941803
0.0019448393
-0.0038851749
0.0
0.0019380808
-0.001935826
0.0038671405
-0.0038626273
0.0019290559
-0.0019267973
-0.0019245378
0.0019222773
-0.0038400318
0.0019177536
0.0019154903
-0.0038264522
0.003821922
-0.00381739
0.0
0.0
-0.0038037833
0.001899622
-0.0018973516
0.0018950802
-0.001892808
0.0
0.0
-0.0037719726
0.0037674215
-0.0018814342
0.0018791569
0.0018768788
-0.0037491997
0.0037446402
-0.005610118
0.0
0.0018654758
-0.0037263858
0.005582727
-0.0018586244
0.001856339
0.0
-0.001851766
0.0036989565
-0.0018471899
0.0036898013
0.0
-0.00184032
0.0018380285
-0.0036714727
0.0036668868
0.0
0.0
0.0018265604
-0.0054727937
0.0018219681
-0.0018196709
0.0
0.003630149
-0.0018127753
0.0036209507
-0.0018081748
0.0
0.0018035716
-0.0036025383
0.0035979317
-0.001796662
-0.0017943576
0.0017920524
-0.0035794934
0.0035748808
-0.0017851334
0.0017828258
0.0
-0.0035564175
0.0035517989
-0.0035471788
0.0017712789
0.0
-0.0017666561
0.0035286874
-0.0035240618
0.003519435
0.0
0.0
0.0
-0.003500917
0.0052444274
-0.0017458257
0.0017435086
0.001741191
-0.0017388728
0.0034731084
0.0
0.0017319154
0.0017295954
-0.0017272747
0.0034499073
-0.0034452642
0.0017203101
0.0017179876
-0.0017156648
0.0051400242
-0.0017110176
0.0034173867
0.0017063686
0.0
0.003403436
-0.0016993921
0.0033941315
0.0
0.0
0.0033801687
-0.0016877564
0.0016854281
0.0
0.0
0.003356882
-0.0033522225
0.0016737811
-0.0016714507
0.0
0.0016667887
-0.0016644573
0.0016621253
-0.0016597933
0.0
0.0
-0.001652795
0.0033009234
-0.003296256
0.0016457941
0.0016434599
0.0
0.0032775812
-0.003272911
0.0016341202
0.0016317847
-0.001629449
0.0016271129
-0.0032495533
0.0016224402
0.0
0.0
0.0
-0.0048392755
0.0032215086
-0.0016084164
-0.0016060785
0.0016037404
-0.004804206
0.0
-0.0031934495
-0.0015943858
0.0015920468
-0.0031794154
0.0015873683
-0.0015850288
0.0
0.0
-0.0031560191
0.0015756695
-0.003146659
0.0
-0.0015686488
-0.0015663084
0.0015639679
-0.0015616273
0.0015592865
0.0
0.0
0.001552264
-0.001549923
0.0015475819
0.0
0.0
0.0030811168
-0.0030764344
0.003071752
0.0
0.0
0.0030577043
-0.0015265108
0.003048339
-0.0015218282
0.0
0.0015171455
-0.0015148043
0.0
-0.0015101219
0.0
0.0015054396
-0.0015030985
0.0015007575
0.0
0.0014960757
0.0029874695
-0.0014913941
0.0014890534
-0.0014867128
0.0014843723
-0.0014820319
-0.0029593832
0.0014773514
-0.0029500227
0.0014726714
0.0
0.0
0.0014656524
-0.001463313
0.0014609736
0.0
0.0
0.0014539568
-0.0029032365
0.0
-0.0014469415
0.0014446034
0.0
-0.0014399278
0.0014375903
0.0
0.001432916
0.0014305791
0.0
0.0014259062
0.0
0.0014212341
0.0
0.0
0.0014142278
-0.0014118929
0.0014095583
0.0
0.0
0.0028051122
-0.0014002225
0.0013978893
0.0
-0.0013932239
0.0013908916
-0.0013885596
0.001386228
0.0
0.0
0.0
-0.0013769048
0.0013745748
0.0013722453
0.001369916
0.0013675871
-0.0013652586
0.0
-0.0013606028
0.0
0.0013559485
0.001353622
0.0027025917
0.0
0.0013466448
0.0013443199
0.0
0.0013396714
0.0
0.0013350247
0.001332702
0.0
0.0026561162
0.0
0.0039702477
0.0
0.0013187756
0.0026329125
-0.0013141374
0.001311819
0.0
0.0013071836
0.0013048667
0.0
0.0013002346
0.0
0.0
0.0012932903
0.0
0.0012886636
-0.001286351
0.001284039
0.0012817276
0.0
0.0012771065
-0.0038243902
0.0
0.0
0.0
0.0
-0.0025265147
0.0
-0.0012586459
-0.0012563411
0.0
-0.0012517334
0.0
0.0
-0.0012448267
0.0
-0.002480451
0.0
0.0
0.0
0.0
-0.002457469
0.0
0.0
0.0
0.0012195542
-0.001217261
0.0
0.0
0.0012103856
0.0012080952
0.0
0.0024070337
0.0
0.0011989414
0.0
0.0011943692
0.0023841683
0.0
0.002375033
0.0
0.0011829521
0.0023613423
0.0
0.002352223
0.0
0.0
0.0011692784
0.0
0.0023294543
0.0
0.0023203585
0.0011579067
-0.0011556349
0.0011533641
0.0
0.0022976499
0.0022931132
0.0
0.0011420228
-0.0022795144
0.0
0.0
0.0
0.0011307042
-0.0022568866
0.0
0.0
0.0
0.0022388177
0.0
0.0022297949
0.0
0.0
0.0
-0.0011058861
0.0022072715
-0.0022027728
0.0
0.0
-0.0010946443
0.0021847978
0.0
0.0
0.0
-0.0010834278
0.0
0.0
0.0
0.0
0.0
0.0
-0.0021355373
0.0
0.0021266085
0.0
0.0021176885
0.0
0.0
0.0
0.0
0.0010477134
0.0
0.002086538
0.0
-0.001038829
0.0010366108
-0.0010343937
0.0020643554
0.0
0.0
0.0
-0.0020466514
0.0
-0.0030567201
0.0
0.0
-0.0010122872
0.0020201663
-0.0020157606
0.0010056787
0.0
-0.001001279
0.0019981621
-9.968844E-4
0.0
0.0
0.0
9.8811E-4
0.0
9.837304E-4
0.0
0.0
9.771707E-4
-0.0019499732
9.7280386E-4
-9.706224E-4
-0.0019368846
0.0
-0.0028922579
9.619098E-4
0.0
0.0
0.0
-9.532185E-4
9.5104903E-4
0.0
0.0
0.0
-9.423847E-4
0.0
-0.0018761215
9.3590084E-4
0.0
0.0
0.001858859
-9.272752E-4
9.251223E-4
0.0
0.0
9.1867207E-4
-9.165249E-4
0.0018287582
0.0
9.1009185E-4
9.0795045E-4
0.0
9.036719E-4
0.0
0.0017987984
8.9726516E-4
0.0
8.930013E-4
8.908717E-4
8.887435E-4
8.866168E-4
0.0
0.001764736
0.0
8.7812525E-4
8.7600615E-4
-8.738886E-4
8.717726E-4
-8.696581E-4
8.6754514E-4
8.654338E-4
0.0
8.6121564E-4
0.0
0.0017140076
0.0
0.0
8.506978E-4
-8.48599E-4
0.0016930036
0.0
0.0
8.402197E-4
-8.3812897E-4
8.360398E-4
0.0
-8.318663E-4
8.29782E-4
-8.276994E-4
8.2561834E-4
0.0
-8.214613E-4
8.193853E-4
-0.0016346218
8.1523816E-4
-8.1316713E-4
0.0
8.090301E-4
-8.069641E-4
8.048998E-4
-8.028372E-4
8.007763E-4
7.9871714E-4
-7.966597E-4
0.0015892078
-7.9254986E-4
0.0
7.88447E-4
-7.8639813E-4
7.84351E-4
-7.8230567E-4
0.0
0.0
0.0
7.7414175E-4
0.0
7.700704E-4
0.0
0.0
0.0
-7.6194917E-4
0.0
-7.5789925E-4
0.0
7.538566E-4
-7.5183803E-4
0.0014996425
0.0
7.457932E-4
7.437819E-4
-0.0014835449
7.397649E-4
-7.3775917E-4
7.357553E-4
7.3375326E-4
-0.0014635063
0.0014595096
0.0
0.0
0.0
-7.2178047E-4
7.1979157E-4
0.0
0.0014316391
0.0
0.0
7.098758E-4
-7.078984E-4
7.059229E-4
0.0
0.0
7.0000807E-4
0.0
6.960745E-4
0.0
6.921488E-4
6.901889E-4
0.0
0.0013725499
-6.84321E-4
0.0
6.804189E-4
-6.784709E-4
6.765249E-4
0.0
6.7263877E-4
6.7069876E-4
-6.6876074E-4
0.0013336495
0.0
6.6295883E-4
0.0
0.0
6.5717514E-4
-6.552514E-4
0.0
-6.514099E-4
0.0
0.0012951535
-0.0012913265
6.437518E-4
-6.4184243E-4
6.399352E-4
0.00127606
0.0
0.0019026777
0.0
6.304302E-4
6.285355E-4
6.2664296E-4
0.0018742575
0.0
0.0012419559
0.0012381877
0.0
6.153321E-4
6.1345444E-4
6.1157893E-4
6.097056E-4
6.078344E-4
6.059653E-4
0.0
6.0223375E-4
6.0037116E-4
0.0
5.966527E-4
-0.0011895933
5.929429E-4
-5.910913E-4
-5.892419E-4
5.873947E-4
0.0
0.0011674139
-5.818664E-4
0.0
0.0
-5.763581E-4
5.745265E-4
-5.726971E-4
0.0
-5.690451E-4
-5.672224E-4
5.6540204E-4
-5.635839E-4
5.617681E-4
0.0
-5.5814313E-4
5.563341E-4
-0.0011090547
5.527229E-4
5.5092067E-4
-5.491208E-4
5.473232E-4
-0.0010910559
5.43735E-4
0.0
0.0
0.0
-0.0010731725
0.0
-5.330258E-4
0.0
5.294748E-4
-5.277028E-4
5.259331E-4
0.0
0.0
5.206383E-4
0.0
5.1712024E-4
-5.1536475E-4
5.1361165E-4
5.1186094E-4
-5.101126E-4
0.0010167335
-5.066232E-4
0.0
0.0
-0.0010028139
4.996731E-4
-4.9794157E-4
4.962125E-4
4.9448584E-4
0.0
4.910398E-4
-4.893205E-4
9.7520713E-4
0.0
4.841771E-4
9.64935E-4
-9.6152077E-4
4.7905574E-4
-4.7735355E-4
0.0
9.479132E-4
-4.7226183E-4
9.4113906E-4
-4.6887973E-4
-4.671924E-4
4.655076E-4
-4.6382527E-4
9.242909E-4
-4.6046812E-4
0.0
0.0
-4.5545123E-4
4.5378396E-4
-4.5211922E-4
0.0
0.0
-4.471402E-4
8.9097116E-4
0.0
4.42184E-4
-4.4053706E-4
-4.3889263E-4
0.0
-8.71223E-4
4.3397478E-4
-4.3234063E-4
-4.3070907E-4
4.2908007E-4
-4.2745366E-4
4.2582984E-4
0.0
0.0
4.2097393E-4
-8.3872094E-4
4.1774963E-4
-8.322828E-4
0.0
0.0
-4.113324E-4
4.0973467E-4
-8.1627903E-4
4.0654704E-4
4.0495716E-4
-4.0336995E-4
4.0178536E-4
-4.0020343E-4
-3.9862416E-4
-3.9704752E-4
-3.9547356E-4
3.9390224E-4
-3.923336E-4
0.0
0.0
0.0
0.0
-3.845305E-4
0.0
-3.8142802E-4
0.0
0.0
-7.535891E-4
0.0
-7.474382E-4
-3.721854E-4
0.0
-7.382525E-4
3.6760073E-4
-3.6607796E-4
-3.645579E-4
0.0
-7.23052E-4
0.0
-7.170102E-4
-3.5699873E-4
-3.5549514E-4
-0.0010619829
0.0
-3.5100093E-4
0.0
-3.480186E-4
-6.930632E-4
0.0
-0.0010306978
0.0
-3.4061138E-4
-3.391383E-4
0.0
-6.7240105E-4
3.347358E-4
-3.3327393E-4
0.0
3.3035857E-4
-9.867154E-4
3.2745447E-4
-3.2600667E-4
0.0
3.2311952E-4
-6.4336037E-4
6.4048736E-4
-3.1881002E-4
0.0
3.1595124E-4
-3.145261E-4
6.262077E-4
-9.3505334E-4
0.0
0.0
-3.0744335E-4
6.120708E-4
-9.1389095E-4
0.0
3.0182875E-4
-3.004323E-4
5.980775E-4
-2.9764805E-4
5.925205E-4
0.0
0.0
5.842286E-4
-2.907381E-4
5.7872967E-4
-2.8799445E-4
-2.86627E-4
5.705249E-4
-2.8390085E-4
0.0
-2.811864E-4
0.0
0.0
-8.3141006E-4
0.0
-2.7445157E-4
-2.7311343E-4
0.0
-8.113381E-4
5.382335E-4
-5.3558085E-4
0.0
5.302934E-4
-2.6382925E-4
5.250296E-4
-5.2240666E-4
0.0
0.0
-2.5728677E-4
5.1197445E-4
0.0
5.067942E-4
0.0
0.0
4.9906876E-4
0.0
4.939485E-4
0.0
0.0
4.8631334E-4
-4.8378034E-4
4.812534E-4
0.0
0.0
7.105633E-4
-4.7120618E-4
4.6870956E-4
0.0
0.0
4.612562E-4
-2.2939197E-4
4.5631776E-4
0.0
0.0
0.0
0.0
4.4407873E-4
-4.4164932E-4
4.3922605E-4
0.0
0.0
4.319932E-4
-4.2959454E-4
4.272021E-4
0.0
0.0
4.200618E-4
-4.1769413E-4
4.1533262E-4
0.0
0.0
0.0
-4.0594873E-4
4.036183E-4
0.0
1.9948809E-4
3.966645E-4
-3.9435906E-4
3.9205985E-4
0.0
1.9374014E-4
0.0
0.0
3.8065796E-4
-1.8919821E-4
0.0
0.0
-3.716496E-4
0.0
-3.6718327E-4
0.0
0.0
-3.6053118E-4
3.5832648E-4
-1.7806406E-4
1.7696805E-4
0.0
-1.7478557E-4
1.736991E-4
0.0
3.430714E-4
0.0
0.0
0.0
0.0
1.6618308E-4
-1.6512215E-4
1.6406442E-4
1.630099E-4
-3.2391716E-4
3.2182096E-4
-1.598656E-4
1.5882392E-4
1.5778546E-4
-1.5675023E-4
1.5571823E-4
-1.5468943E-4
1.5366387E-4
1.5264156E-4
0.0
3.012132E-4
0.0
2.971692E-4
0.0
0.0
2.9115187E-4
0.0
4.307592E-4
0.0
0.0
1.4062651E-4
0.0
4.1600864E-4
1.3769597E-4
1.3672565E-4
2.7151723E-4
0.0
1.3383434E-4
0.0
1.3192318E-4
1.3097253E-4
0.0
3.8724323E-4
0.0
1.2720277E-4
1.2626855E-4
0.0
1.2441001E-4
0.0
2.4512934E-4
0.0
0.0
1.19821445E-4
-1.1891366E-4
1.1800918E-4
-1.17108015E-4
-1.1621017E-4
1.1531563E-4
-2.2884886E-4
0.0
0.0
-1.1177075E-4
0.0
-2.2003656E-4
0.0
-1.08279135E-4
-1.0741457E-4
-1.0655334E-4
-2.1139091E-4
1.0484092E-4
-1.0398972E-4
0.0
1.02297374E-4
-2.0291246E-4
1.0061843E-4
-9.9783996E-5
0.0
9.8125194E-5
-9.7300835E-5
9.647984E-5
-9.566221E-5
0.0
0.0
-9.322953E-5
1.8485075E-4
-1.832492E-4
9.08272E-5
0.0
-1.7848508E-4
8.845529E-5
-8.767141E-5
8.689092E-5
-8.6113825E-5
-1.7068023E-4
0.0
-1.6760573E-4
0.0
-1.6455841E-4
-1.6304494E-4
-8.076914E-5
-1.6003841E-4
0.0
-7.8529556E-5
-7.778984E-5
-7.705353E-5
-1.5264128E-4
0.0
-1.4973019E-4
0.0
0.0
-1.4541479E-4
7.1995004E-5
-2.138581E-4
0.0
0.0
-1.3835936E-4
0.0
-6.7792585E-5
0.0
-1.3283845E-4
-6.57377E-5
6.505961E-5
-1.2876993E-4
0.0
-6.304598E-5
-6.238167E-5
6.1720784E-5
-6.106336E-5
6.0409377E-5
-1.1951769E-4
-5.9111764E-5
5.846814E-5
-1.1565594E-4
5.7191253E-5
-5.6557994E-5
0.0
5.5301858E-5
-5.4678985E-5
5.4059572E-5
0.0
0.0
5.2222134E-5
-5.1616593E-5
1.02029044E-4
-5.041592E-5
4.9820796E-5
4.9229147E-5
-4.8640974E-5
9.6112555E-5
-9.495012E-5
4.6897323E-5
4.6323068E-5
0.0
4.5185014E-5
-8.924243E-5
-4.40609E-5
-4.350408E-5
-4.295074E-5
0.0
-4.185455E-5
4.1311694E-5
-4.0772335E-5
-4.0236468E-5
3.97041E-5
-3.9175233E-5
7.729973E-5
-3.8128E-5
0.0
3.7094775E-5
-3.658342E-5
7.2151146E-5
-3.5571233E-5
0.0
0.0
-3.4079265E-5
0.0
-6.620436E-5
0.0
3.2139153E-5
0.0
3.119019E-5
0.0
3.0255305E-5
2.9793146E-5
0.0
5.775878E-5
0.0
2.7979733E-5
0.0
-2.7094182E-5
5.33134E-5
-2.6222746E-5
2.5792324E-5
0.0
-2.4942075E-5
2.452225E-5
-4.821192E-5
2.3693206E-5
0.0
2.2878308E-5
0.0
-4.415513E-5
2.1682503E-5
-2.1290984E-5
2.0903006E-5
0.0
-4.027536E-5
0.0
-3.877307E-5
0.0
-1.8649576E-5
-3.6572837E-5
0.0
-5.271226E-5
0.0
0.0
-3.3047785E-5
0.0
-1.584375E-5
0.0
-1.5177828E-5
-2.9700404E-5
0.0
-2.8411245E-5
1.3888671E-5
-2.7150558E-5
-1.3265448E-5
0.0
-2.5312936E-5
2.4714645E-5
-2.4123481E-5
-1.1769722E-5
1.1481268E-5
-2.239276E-5
0.0
-2.1274604E-5
0.0
0.0
-2.9476325E-5
9.561959E-6
-1.8604092E-5
0.0
0.0
-1.7087468E-5
8.298108E-6
-1.6112108E-5
-7.817573E-6
0.0
0.0
7.1235777E-6
-6.8993963E-6
6.678791E-6
-6.4617625E-6
0.0
6.0384377E-6
-5.8321425E-6
5.6294257E-6
-5.430288E-6
0.0
5.0427525E-6
-9.70871E-6
0.0
-4.4883036E-6
-4.3106506E-6
4.1365797E-6
-3.9660918E-6
3.7991865E-6
0.0
3.4761272E-6
3.3199735E-6
-6.334809E-6
3.0184206E-6
-2.8730217E-6
0.0
2.5929814E-6
-2.4583405E-6
0.0
-4.3996383E-6
2.075939E-6
1.9556464E-6
-1.8389417E-6
1.725825E-6
-3.2325934E-6
0.0
-1.408006E-6
0.0
1.2140717E-6
-1.1224888E-6
1.0344957E-6
0.0
-8.6927935E-7
0.0
-7.1842453E-7
6.483831E-7
-5.8193257E-7
0.0
4.598047E-7
-4.041277E-7
3.5204212E-7
0.0
2.5864583E-7
0.0
0.0
1.4549008E-7
-2.2991101E-7
8.801307E-8
6.466283E-8
0.0
2.8739146E-8
-1.6165792E-8
7.1848034E-9
1.796202E-9
0.0
