0.40713158
0.21684645
0.14595851
0.88025653
2.1518385
1.2629383
0.72531974
0.5298586
0.7950738
0.81118304
0.69372463
0.077265926
0.53304607
0.36260465
0.5116984
0.17753759
0.48575917
0.68954635
0.76017994
0.6607317
0.40706214
0.37451112
0.64984816
0.6317711
0.32520077
0.7323481
0.5112033
0.11365659
0.1830291
0.30731735
0.5239264
0.41511577
0.3701046
0.2124033
0.32950458
0.20932645
0.31994626
0.33151233
0.21825106
0.102618106
0.39341667
0.38665688
0.30987543
0.2567548
0.09837226
0.25464615
0.42107344
0.15143736
0.19258936
0.35841063
0.29548478
0.10692755
0.06073779
0.18805626
0.18995428
0.11208467
0.22869413
0.24745433
0.13642189
0.21794906
0.23908544
0.065345354
0.12437345
0.26306573
0.1920917
0.091533646
0.061090294
0.35147113
0.3831361
0.05644927
0.0799614
0.0818463
0.04269502
0.14379817
0.052924313
0.064410314
0.19722201
0.27053457
0.18555844
0.057145458
0.21644013
0.14898977
0.06709716
0.13797578
0.17013688
0.15990594
0.060875118
0.19223426
0.04648691
0.13381092
0.11323486
0.13714111
0.12939388
0.13542338
0.12053533
0.15208715
0.09610125
0.07371153
0.16678064
0.15063915
0.045038033
0.13256408
0.22361878
0.1876424
0.076184325
0.09249441
0.21827082
0.26855168
0.13088292
0.023088029
0.060614783
0.14556345
0.030083908
0.12929872
0.13596956
0.10692948
0.13359913
0.1513037
0.19209506
0.25015736
0.14034599
0.070658974
0.11187829
0.08366693
0.092491925
0.059481017
0.05888665
0.068384804
0.23479137
0.18937805
0.16409999
0.14581245
0.101748325
0.06563403
0.03537006
0.0738545
0.17727633
0.3569778
0.31429344
0.2557785
0.14216205
0.11116241
0.21978447
0.16795887
0.14785932
0.095507845
0.15678199
0.2355208
0.21242832
0.06624008
0.07407822
0.14911698
0.2078005
0.06750714
0.17801799
0.21323386
0.1475748
0.12623873
0.058033094
0.062311005
0.17775278
0.23917209
0.16599871
0.060560223
0.10139891
0.0898372
0.039873272
0.066587515
0.1366562
0.19901136
0.2899741
0.097008266
0.11375202
0.0851026
0.06715241
0.13626936
0.038935892
0.09653765
0.036474645
0.1839341
0.23728633
0.13272418
0.024793267
0.095556155
0.17601216
0.087815106
0.08902264
0.16077876
0.15407167
0.10977589
0.0545739
0.16445263
0.07640002
0.048378658
0.04557285
0.07221889
0.08203921
0.039901413
0.12196011
0.08261041
0.100457884
0.12750828
0.034300674
0.07884028
0.12343422
0.11974449
0.16997468
0.06611525
0.068622485
0.053331442
0.086634226
0.09566116
0.16719028
0.0685435
0.15206486
0.14585261
0.036606126
0.062381808
0.11677332
0.11033608
0.043312855
0.1222219
0.13111044
0.1899642
0.10473205
0.05109676
0.11680459
0.16685615
0.017878646
0.16061784
0.10484946
0.0417559
0.01759507
0.08063635
0.06257997
0.009277326
0.060226675
0.15349571
0.08402357
0.06610047
0.15670076
0.090177365
0.09570577
0.11998646
0.07582973
0.14781283
0.08184238
0.018268581
0.06676271
0.07458138
0.046252966
0.020357741
0.09774144
0.15553544
0.13004398
0.023926768
0.09406539
0.04969553
0.07504445
0.09153792
0.09106695
0.05497851
0.09548416
0.14299956
0.1859001
0.055082742
0.09266042
0.045109823
0.069048256
0.08911855
0.022832233
0.08674602
0.11514804
0.06354125
0.09050758
0.094049096
0.12611823
0.14360668
0.10856635
0.08691984
0.08700847
0.033008736
0.047884993
0.0322123
0.040517446
0.015331444
0.0777814
0.120963216
0.08998429
0.026158562
0.11118195
0.063380316
0.053484302
0.024086595
0.04013445
0.060996998
0.11572354
0.12018765
0.13134424
0.10601013
0.104194246
0.100456044
0.07189212
0.08450497
0.04930431
0.023794362
0.08030725
0.1362412
0.06440511
0.057014372
0.07941479
0.04430624
0.02407537
0.04174187
0.07730165
0.08308493
0.05397174
0.033679303
0.05959853
0.11993478
0.23143499
0.15249728
0.055182405
0.06624975
0.06179127
0.06654567
0.065313846
0.0758611
0.102375604
0.078575745
0.031351592
0.038680874
0.11542421
0.1286343
0.124495305
0.14958668
0.031449445
0.124516025
0.06483391
0.0392195
0.05594829
0.041574355
0.1183434
0.14241308
0.09697154
0.032047555
0.071404465
0.031867974
0.102727614
0.06560938
0.055156168
0.068475515
0.08527863
0.086314216
0.030079274
0.06911245
0.05887877
0.033909928
0.030064749
0.06533753
0.13089086
0.19045013
0.18214409
0.13942665
0.0494639
0.040086713
0.03213344
0.05428002
0.17869513
0.11291704
0.06915245
0.17507866
0.17676674
0.075408176
0.036461756
0.029522104
0.07044475
0.08193938
0.045380376
0.091978796
0.03830465
0.07089415
0.10526771
0.04590142
0.018687235
0.09032712
0.13407053
0.06482171
0.12970512
0.14673628
0.09461502
0.121430926
0.19822837
0.16747147
0.033055186
0.08414218
0.098176174
0.07579951
0.12035866
0.073569484
0.06980099
0.084752195
0.07925072
0.0676791
0.11881383
0.14277557
0.14607562
0.108457446
0.12839933
0.07809805
0.04803385
0.10184852
0.08567763
0.081626825
0.033801995
0.058484413
0.041041434
0.08174024
0.1533874
0.11281124
0.10943225
0.07753554
0.038301725
0.065343745
0.052417815
0.065752424
0.08170039
0.08616407
0.02121804
0.10400093
0.12678573
0.075451724
0.15098996
0.10936945
0.10323383
0.11805612
0.11748921
0.11277828
0.07417588
0.15645333
0.14911583
0.03127524
0.09391944
0.041179214
0.04475973
0.099912256
0.13435313
0.13669337
0.026121711
0.081083596
0.044195868
0.03839456
0.08270609
0.04531099
0.045473766
0.04595603
0.16589066
0.1503824
0.13326165
0.17268889
0.07528927
0.07669187
0.1008488
0.08387882
0.1847274
0.2655021
0.16612202
0.13366862
0.09487264
0.05920228
0.025402123
0.034875087
0.13491067
0.12008651
0.0712445
0.033891898
0.08050328
0.06755605
0.15148272
0.04425532
0.1186382
0.14802551
0.10552683
0.11597899
0.12299043
0.13755623
0.21438642
0.13905609
0.0804135
0.07507834
0.048441563
0.11900114
0.061530635
0.11761412
0.107953034
0.05315647
0.05802006
0.08083941
0.04289181
0.0715448
0.108674906
0.029442243
0.13063066
0.09755469
0.081506066
0.068490796
0.099488825
0.017624486
0.14257018
0.13421312
0.10986701
0.117548145
0.007791769
0.043427385
0.08817453
0.041944403
0.12195053
0.15494986
0.05403413
0.10477701
0.113490626
0.11628077
0.15288402
0.18177603
0.07080128
0.08133069
0.13599892
0.27940515
0.26207423
0.09867831
0.037608698
0.13979448
0.21819396
0.0113775255
0.18919992
0.12868941
0.08490431
0.14287724
0.10699435
0.037251286
0.0870813
0.15250625
0.035911426
0.16126212
0.084902205
0.12810893
0.1866043
0.03603268
0.087676845
0.095456414
0.11937228
0.028904095
0.06827834
0.08044931
0.14518562
0.021031355
0.03101548
0.05808338
0.17392863
0.050914582
0.113537826
0.15433985
0.02888243
0.035773095
0.07023003
0.19275378
0.12272343
0.11310366
0.06979878
0.22438842
0.19744056
0.029176377
0.07328186
0.031298235
0.09799096
0.068867534
0.10929415
0.069482885
0.24111748
0.2232997
0.21982254
0.17097686
0.08321367
0.18107958
0.21775639
0.19591416
0.19511552
0.017191812
0.1867793
0.20220141
0.04711149
0.06272374
0.1504797
0.11902814
0.19491516
0.28251222
0.11887542
0.09840718
0.10259104
0.032642502
0.040614247
0.1379865
0.077080294
0.24136744
0.13734998
0.118844055
0.115196005
0.23701295
0.27396038
0.27057403
0.20103906
0.074039884
0.1131778
0.18488136
0.17189823
0.12711893
0.035983898
0.1201655
0.14137304
0.098368496
0.16003172
0.17895411
0.020372108
0.13838588
0.2536103
0.294
0.18018468
0.12835193
0.19379029
0.07546096
0.17277329
0.1824283
0.21268983
0.3167065
0.14910652
0.11063581
0.07320881
0.1211668
0.052131027
0.23653999
0.21334472
0.058597963
0.15051375
0.22732143
0.18490978
0.08491763
0.087942384
0.04267963
0.20912862
0.24448039
0.10885532
0.1473427
0.24375542
0.24763656
0.115554124
0.0788335
0.07290229
0.13215199
0.2069668
0.15349877
0.10927507
0.14756791
0.06406063
0.07823692
0.112459086
0.078584574
0.11105157
0.07510709
0.041560736
0.072715834
0.108627155
0.076324515
0.1589586
0.2428366
0.12949318
0.031738307
0.15183376
0.1959784
0.13123977
0.11202103
0.08600836
0.075092696
0.029722165
0.08967247
0.08840901
0.22375031
0.13460915
0.046935596
0.057636738
0.10523919
0.044136852
0.0321384
0.07487818
0.11195241
0.10984461
0.042916305
0.054772664
0.113799416
0.13051182
0.17366344
0.1467423
0.06857818
0.07358002
0.048574537
0.032665685
0.052911017
0.030241389
0.11250879
0.18776095
0.06141629
0.07637718
0.05467074
0.02827689
0.018907541
0.02905681
0.05679338
0.101281926
0.12493968
0.0797686
0.072368875
0.16109449
0.076762766
0.040415972
0.05119083
0.030652694
0.02604421
0.047138914
0.058856476
0.058373846
0.06723672
0.04029147
0.044603508
0.09567166
0.095917165
0.096733205
0.09303928
0.20094845
0.11131118
0.092046276
0.12512857
0.060295727
0.046384938
0.06523866
0.04131648
0.037025575
0.06649767
0.11669556
0.05820415
0.033688363
0.058370184
0.13901603
0.15350498
0.052821897
0.11074135
0.07241509
0.036652092
0.09115389
0.16034223
0.118039496
0.017839948
0.047208685
0.06946048
0.060298875
0.07035515
0.12646167
0.10635841
0.058123037
0.070033014
0.09555435
0.095272586
0.073521316
0.05950316
0.033286825
0.032907
0.04402374
0.035295486
0.025559716
0.08964433
0.12779358
0.07966893
0.11212186
0.14630711
0.05675262
0.095026
0.11110125
0.08797065
0.06310299
0.04849711
0.06164465
0.033974744
0.08508695
0.08495353
0.013992008
0.0049609547
0.05566915
0.05463837
0.015115121
0.008745526
0.019151593
0.020614538
0.06167504
0.033562288
0.07935577
0.17481071
0.16405107
0.06793513
0.047975425
0.123728134
0.103281766
0.055071186
0.033280794
0.0804108
0.10135846
0.11597629
0.07869101
0.026866846
0.12442906
0.121671125
0.05623298
0.04615205
0.01458734
0.039297845
0.11929482
0.14694206
0.06877788
0.04793763
0.0788101
0.10818287
0.099318214
0.033819523
0.07293692
0.10640084
0.12703805
0.12273521
0.049628913
0.037172776
0.08047183
0.0702511
0.083795995
0.07990257
0.055243034
0.060445037
0.07899909
0.050388087
0.033995833
0.02533303
0.020108376
0.038152527
0.07856831
0.018593177
0.025186686
0.021042371
0.03566238
0.030745633
0.043711722
0.042844445
0.06022701
0.07848303
0.13899627
0.10533052
0.12135568
0.10878938
0.021159753
0.025593406
0.13899708
0.16456681
0.07581042
0.036227804
0.084466405
0.0950138
0.10000228
0.080770575
0.07294398
0.05900593
0.031775195
0.047124647
0.05537769
0.060711246
0.050612245
0.08589733
0.0885061
0.06773984
0.06637453
0.0872151
0.1130347
0.1474051
0.110544436
0.08224354
0.107217796
0.107790224
0.08134924
0.02355961
0.021187551
0.010454235
0.048088506
0.07505336
0.07808868
0.073410764
0.066370666
0.08974489
0.07104534
0.03273493
0.06750883
0.09312198
0.04301703
0.040215533
0.076997496
0.078119144
0.06260984
0.07800542
0.08510417
0.04408701
0.058224868
0.05689262
0.05426605
0.03178885
0.042524382
0.06256944
0.045534186
0.070296176
0.08194876
0.067804225
0.10670787
0.0730443
0.011360438
0.082809605
0.04307695
0.08037534
0.08332213
0.05395702
0.07444871
0.10964485
0.08463434
0.017822547
0.04378927
0.06588403
0.080850646
0.022043167
0.07228018
0.077454634
0.071959734
0.07081256
0.07704618
0.09418489
0.053007863
0.06367766
0.11043421
0.08453211
0.046458602
0.067402214
0.091742486
0.07600821
0.039877683
0.043405153
0.013772975
0.06106987
0.046740916
0.037144605
0.0558334
0.08489633
0.1364613
0.094421074
0.011009668
0.026979748
0.02381289
0.038872603
0.02838054
0.05403827
0.096943066
0.055450644
0.052261714
0.028726697
0.075033374
0.12637399
0.1147723
0.06967089
0.020505749
0.09507617
0.03991173
0.050020773
0.036972154
0.011083832
0.04509283
0.062417574
0.07061648
0.029297339
0.082135834
0.13302761
0.15434612
0.106564194
0.03790575
0.014936189
0.035299733
0.01112478
0.026489047
0.009488986
0.018228017
0.061597977
0.07683713
0.026025686
0.03462141
0.027243758
0.1058671
0.06117827
0.06653053
0.05867523
0.020053938
0.042352315
0.0714433
0.02839579
0.017958902
0.018504523
0.11322698
0.11940002
0.023450099
0.047089852
0.025357233
0.050266083
0.08220538
0.047942556
0.10310813
0.07655048
0.045565236
0.076069646
0.11670688
0.095941395
0.08531139
0.08405811
0.059205595
0.034932856
0.013136347
0.0075308383
0.018208366
0.009691844
0.017575873
0.057976607
0.08793871
0.06699314
0.049175624
0.03693539
0.029252678
0.06506792
0.046490576
0.04145478
0.037646648
0.07699461
0.07676984
0.07024654
0.088358134
0.03658479
0.04030844
0.040380184
0.064862885
0.023755373
0.0930591
0.081679255
0.042861484
0.11440147
0.054867152
0.034187216
0.07779957
0.09460135
0.04809944
0.04149913
0.086437665
0.09145248
0.10708113
0.061724495
0.075969614
0.1140722
0.13218258
0.13117966
0.025337085
0.084170304
0.07274303
0.005920378
0.045724
0.046674315
0.105174184
0.009243724
0.103298075
0.06645206
0.037577987
0.02998509
0.031707466
0.03974469
0.028414324
0.03182298
0.04061034
0.057562307
0.03581057
0.09703705
0.11492104
0.026112463
0.053040322
0.04805301
0.011175743
0.0152549995
0.04078529
0.087982826
0.11487511
0.05826985
0.070218936
0.09286889
0.09991806
0.07374217
0.088592805
0.06951289
0.037047572
0.101215124
0.07536665
0.023938673
0.05640437
0.059730615
0.030952118
0.027286677
0.07053081
0.033705786
0.02801152
0.03614964
0.056749694
0.048170723
0.10930318
0.09384758
0.078707896
0.07119514
0.043207973
0.10256079
0.08950001
0.057399273
0.02752046
0.046735115
0.09901121
0.09763623
0.07711645
0.0512186
0.096040554
0.16971946
0.12691036
0.036867466
0.054155234
0.103350304
0.033812832
0.008732306
0.059400227
0.07533777
0.009165493
0.027032876
0.077841535
0.0892644
0.047514513
0.06830589
0.10372521
0.05996797
0.052004598
0.015728822
0.022511048
0.055452295
0.05508856
0.052820113
0.0634993
0.039188515
0.034492828
0.11717323
0.11057993
0.038841993
0.037422027
0.07306907
0.06843125
0.05532481
0.100999996
0.038222376
0.049735952
0.08491628
0.098347984
0.023558322
0.025439076
0.113078885
0.11232468
0.065618604
0.09152766
0.03277022
0.12006832
0.07040343
0.008237873
0.032360468
0.016198752
0.107967235
0.116780564
0.0827912
0.039632317
0.019137006
0.0536339
0.13995248
0.16024028
0.08981439
0.05996718
0.080092125
0.09673349
0.053218074
0.051896367
0.07069877
0.05583675
0.04722573
0.08464218
0.10888056
0.13401742
0.081030995
0.061495513
0.060245614
0.10421646
0.022150056
0.106561415
0.09516989
0.06542116
0.031282328
0.0743323
0.043232314
0.0120950425
0.03275244
0.01628974
0.0651267
0.07835025
0.08796342
0.07163271
0.025467176
0.046527438
0.051487856
0.08249523
0.058692414
0.08388115
0.10926416
0.087615915
0.005023112
0.11436055
0.093129285
0.06548034
0.07986034
0.098628856
0.057034202
0.045870416
0.09583889
0.0032507374
0.08073229
0.06023848
0.057103835
0.061560247
0.04796163
0.0718401
0.06589282
0.0673981
0.07606309
0.0438025
0.02180365
0.053114563
0.043800402
0.04815714
0.052333355
0.044214994
0.053066786
0.069122024
0.12883276
0.12368695
0.06744364
0.047443908
0.04423307
0.07377126
0.073204674
0.009577364
0.098449625
0.14204021
0.10261887
0.027966449
0.025378332
0.011795335
0.006311193
0.0543455
0.14855269
0.14553642
0.045304753
0.039840396
0.13110194
0.13097662
0.07276729
0.078371726
0.0363251
0.091735356
0.11639427
0.054429695
0.0060714176
0.04770865
0.04488997
0.06622883
0.046910197
0.04387843
0.095863424
0.091835506
0.025295291
0.053332932
0.14202592
0.11080619
0.03335555
0.0616485
0.11208283
0.09708338
0.09572773
0.11083552
0.054557845
0.09212077
0.114746705
0.037962582
0.036821246
0.09508069
0.048420075
0.09149029
0.061647624
0.067528285
0.086776145
0.08913779
0.1273287
0.08600372
0.040757574
0.10429918
0.09709566
0.021027548
0.01821124
0.043798357
0.031692695
0.043955322
0.1034644
0.13041843
0.15788187
0.039125755
0.067985356
0.050056595
0.040460464
0.040028825
0.07548081
0.074767664
0.08225835
0.086667545
0.029680042
0.09279219
0.055173106
0.04739706
0.08385975
0.04460183
0.027048996
0.15084125
0.1889389
0.081489846
0.12229911
0.031348944
0.085719325
0.059327997
0.064676106
0.043527342
0.07867574
0.07658757
0.021930972
0.03546675
0.042828202
0.054975707
0.05922476
0.07709634
0.051416557
0.06678607
0.12999287
0.112484165
0.053975288
0.05899229
0.08570385
0.09842883
0.044779275
0.042207304
0.036393747
0.072683975
0.056854337
0.011464598
0.04442652
0.06660628
0.14277084
0.07030221
0.06129576
0.12905778
0.15100573
0.10127142
0.044353902
0.08151527
0.13716184
0.15775385
0.1142827
0.098431714
0.082838364
0.079495184
0.035160948
0.02610035
0.031671446
0.039531205
0.026294988
0.108982146
0.08858826
0.142752
0.17983177
0.12368512
0.038929485
0.07692771
0.0955396
0.06411997
0.106265806
0.14136513
0.08213344
0.027492402
0.07002352
0.16100436
0.12474511
0.00955978
0.09350598
0.09987629
0.13428542
0.086230725
0.099412404
0.22078505
0.21066348
0.11942977
0.058756262
0.12509415
0.084537216
0.023182848
0.062468596
0.12070398
0.07805091
0.10087956
0.11651622
0.18560807
0.25984076
0.10800179
0.03764054
0.09211899
0.116215736
0.049085684
0.055548742
0.041360687
0.039225392
0.021244625
0.07614329
0.0691611
0.074252546
0.14888336
0.18391378
0.15135977
0.06266567
0.037727945
0.093352
0.08298636
0.042947836
0.10167053
0.1374917
0.11353063
0.09727004
0.115215406
0.15538552
0.09971173
0.091133624
0.076962575
0.033223227
0.16420469
0.18740427
0.18229665
0.12130938
0.084860615
0.04295297
0.083596
0.07477725
0.06464049
0.049946904
0.0699017
0.12137368
0.15879208
0.13800909
0.123560615
0.11959218
0.07482238
0.045492914
0.066019215
0.03710439
0.031018935
0.072881095
0.03320613
0.077155836
0.076840565
0.048383053
0.13673632
0.16603863
0.0821813
0.07687455
0.07309052
0.09211104
0.13119106
0.1734291
0.15320452
0.06649854
0.054122988
0.08980438
0.13409618
0.13134535
0.08185426
0.05506101
0.092160456
0.10962164
0.027911317
0.07228685
0.08904041
0.10519134
0.06663768
0.0795553
0.10168406
0.067285754
0.09579728
0.0857001
0.04342133
0.07650153
0.09459733
0.07523423
0.050116107
0.10937975
0.11937236
0.032886654
0.05311121
0.09178374
0.11956361
0.060677163
0.075403586
0.17291448
0.16294287
0.09812421
0.054538798
0.050213404
0.03392812
0.023243695
0.01862666
0.0910129
0.12365458
0.087491095
0.056506522
0.08464929
0.07373268
0.06824352
0.015973426
0.06766538
0.014467613
0.085637785
0.020796854
0.12119536
0.06589377
0.049582567
0.015755061
0.101565905
0.074977145
0.008644749
0.044908226
0.10464036
0.049394947
0.060356434
0.068978466
0.054523174
0.122005425
0.10984435
0.13014272
0.08099018
0.016968705
0.09213514
0.09543635
0.02968379
0.059616394
0.09654734
0.082876556
0.06194531
0.11300859
0.12080725
0.07637214
0.050591193
0.015273491
0.04795526
0.11088481
0.16362046
0.10983952
0.013478674
0.13678785
0.09705452
0.031519327
0.028433325
0.07914128
0.06750493
0.042379167
0.025066901
0.0645115
0.055697456
0.037424266
0.024385752
0.022700895
0.0367966
0.07783731
0.082244806
0.06319309
0.069033936
0.042276457
0.05094519
0.012947029
0.14025103
0.1370258
0.065743335
0.097144604
0.113263726
0.102706246
0.07641079
0.08947395
0.04595259
0.10792671
0.03420246
0.10310089
0.074866235
0.064733855
0.041745827
0.069408424
0.06120859
0.029329434
0.09429652
0.08017991
0.078839146
0.021625867
0.07553696
0.046963148
0.019827098
0.055766307
0.020652095
0.04311798
0.040242583
0.073113896
0.083622426
0.057000242
0.058895122
0.048200015
0.046124052
0.13518962
0.081483275
0.021144515
0.021989172
0.076266475
0.11445002
0.06578837
0.008713753
0.033421446
0.08292603
0.096229754
0.10522097
0.15431409
0.13425753
0.07932839
0.041340742
0.035611954
0.11758101
0.12527685
0.054589167
0.013839858
0.06415866
0.08255067
0.052733425
0.03316516
0.048841164
0.095714435
0.057084963
0.014590494
0.0074347486
0.046934143
0.06239349
0.07276528
0.060354866
0.05844935
0.13116431
0.101348706
0.04126515
0.030317927
0.055853393
0.066215664
0.016683893
0.06347509
0.07193926
0.04804857
0.117471196
0.052292522
0.044776812
0.111235715
0.0528649
0.034415435
0.019992914
0.06426438
0.010158853
0.037410922
0.059231192
0.02568848
0.11015728
0.15114015
0.12533289
0.10517444
0.10322768
0.05598045
0.032302976
0.048783258
0.10552279
0.08646178
0.050226722
0.02897607
0.029958619
0.0114261685
0.036682688
0.05842202
0.0391946
0.047697034
0.037965424
0.039710548
0.019859232
0.034416065
0.013737213
0.031991158
0.045268375
0.064909466
0.11313162
0.11427261
0.094519004
0.06857654
0.05997494
0.07796258
0.07701003
0.09049925
0.12161586
0.107283495
0.08474215
0.06853469
0.08554335
0.077357255
0.07369336
0.024265992
0.0052780746
0.02833566
0.05711007
0.08164556
0.11676227
0.096701
0.09683112
0.11153087
0.09222074
0.06977138
0.07336096
0.10578558
0.11363511
0.108928695
0.086760014
0.10170487
0.1460342
0.13247798
0.08074439
0.05929085
0.047891468
0.04548149
0.14515884
0.15174489
0.10372161
0.093186215
0.07116993
0.08184073
0.052338555
0.051394258
0.12900732
0.1050845
0.04772667
0.056069613
0.07886526
0.09538971
0.029694246
0.047718737
0.04811815
0.08791034
0.039207622
0.06252451
0.08609269
0.01086738
0.11644049
0.12603292
0.08454097
0.06341973
0.06973653
0.11710768
0.09954883
0.021587802
0.06760696
0.07563763
0.11021191
0.15093096
0.061658923
0.04787339
0.0077063045
0.05448766
0.073049776
0.14029683
0.11377553
0.049554992
0.085927725
0.07569947
0.087494574
0.07049421
0.08614519
0.116372876
0.043676607
0.08137222
0.044854842
0.04218157
0.07924621
0.058124896
0.039655253
0.08093374
0.10851981
0.022063343
0.07907516
0.03452598
0.030112011
0.026015047
0.018886223
0.0529381
0.077066146
0.024302894
0.0223344
0.07201452
0.10588587
0.10019263
0.106413886
0.0697786
0.026063366
0.049826507
0.063560665
0.045654476
0.05020193
0.0652766
0.0729044
0.034904435
0.03797812
0.0250885
0.01514599
0.022227664
0.06641732
0.0844868
0.06463598
0.034510646
0.028628113
0.026845345
0.043087155
0.06919143
0.08186921
0.048602268
0.017184079
0.048225444
0.07077796
0.048755225
0.08084335
0.1249784
0.15758558
0.09992068
0.013148964
0.04618592
0.077053905
0.04243889
0.03461171
0.052717146
0.020624733
0.061536618
0.06967461
0.07675221
0.10263226
0.1272523
0.07388373
0.025317542
0.07823894
0.0976039
0.052431893
0.05803485
0.080486365
0.11939307
0.050606225
0.024246663
0.013834502
0.020325584
0.06320719
0.041226186
0.05400175
0.047137503
0.08688805
0.070572905
0.04825722
0.06294286
0.054910872
0.06589487
0.042127248
0.07489711
0.057128143
0.0743874
0.067268014
0.05866185
0.009421654
0.014200803
0.069388375
0.1055514
0.07223698
0.05294083
0.05313407
0.044913854
0.042452823
0.040357247
0.010062728
0.025877098
0.034895286
0.020738672
0.0441017
0.048274737
0.01926307
0.018303953
0.010644834
0.038954284
0.05581012
0.01831153
0.019240314
0.06527916
0.044201553
0.04550786
0.07018244
0.059932575
0.06832752
0.051006727
0.014196372
0.051864676
0.06972533
0.046397503
0.05202557
0.0710425
0.023004666
0.015837524
0.050452854
0.073364966
0.071953036
0.06551284
0.050459865
0.050184276
0.021388605
0.07078255
0.054003637
0.028145159
0.06736461
0.1204509
0.10958483
0.09976192
0.066049665
0.042607058
0.053678922
0.045489095
0.05831414
0.08422437
0.026917357
0.032152
0.006669447
0.021046346
0.022307849
0.029476311
0.03667067
0.030671699
0.020777097
0.013443918
0.049067322
0.044789154
0.014259246
0.0059045427
0.019527318
0.008480697
0.03875816
0.026062155
0.018444164
0.025472032
0.024353772
0.022791363
0.046855472
0.06650516
0.045143656
0.013660523
0.018000256
0.014300807
0.018713238
0.028477825
0.067948185
0.057941876
0.023287468
0.024001917
0.0025311068
0.016490435
0.04502791
0.046924435
0.044193782
0.02169611
0.045025814
0.048579898
0.043803863
0.043384343
0.03678423
0.016118927
0.027521275
0.01098105
0.030682553
0.038061272
0.046154115
0.06532742
0.034137473
0.015974099
0.019054212
0.033015657
0.037721757
0.020060658
0.012025464
0.035748024
0.044451386
0.040245917
0.06220446
0.052310392
0.046796322
0.01036791
0.01353235
0.025466627
0.03956888
0.02286104
0.08245453
0.068435945
0.0027973836
0.06524195
0.088055335
0.066834934
0.09340421
0.05432124
0.016027072
0.028842209
0.04605585
0.0585394
0.021697987
0.019369295
0.0
0.0
-0.003051829
-0.0030518146
-0.0030517967
0.0
-0.00305175
-0.0030517213
-0.003051689
0.0
0.0
-0.0030515704
-0.0030515236
0.0
0.0
0.0
0.0
-0.0030512363
-0.003051168
-0.003051096
-0.0030510207
0.0
0.0
0.0
0.0
0.0
-0.0030504928
-0.0030503923
0.0
0.0
0.0
-0.003049954
0.0
0.0
0.0
0.0030494586
0.0030493257
0.0
0.0
-0.0030489056
-0.0030487585
-0.0030486076
0.0
0.0030482954
-0.0030481338
-0.0030479687
-0.0030478002
-0.0030476279
-0.0030474518
-0.0030472726
-0.0030470896
-0.0030469028
0.0
-0.003046519
-0.0030463214
-0.006092241
-0.003045916
0.0
0.0
0.0030452812
0.0
0.0
0.0030446139
-0.0030443843
0.0
-0.0030439147
-0.0030436744
0.0
0.0030431831
-0.0030429321
0.0030426774
0.0
-0.009126473
0.0030418923
0.0
0.0030413512
-0.0030410753
-0.0030407957
-0.0030405126
-0.003040226
-0.0030399356
-0.0030396418
-0.0030393444
-0.0030390436
0.0
-0.003038431
-0.006076239
-0.0030378043
-0.0030374855
0.0
0.0030368373
-0.0030365079
-0.003036175
-0.0030358385
-0.0030354983
-0.003035155
-0.0030348075
-0.0030344569
-0.006068205
-0.0030337449
-0.0030333833
0.0
-0.0030326499
-0.003032278
-0.0030319025
-0.0030315232
0.0
-0.0030307544
-0.0030303646
-0.0030299714
-0.0060591493
-0.0060583483
-0.0030287702
0.0
0.0
-0.0030275374
-0.0030271192
-0.0030266976
-0.0030262724
0.0
0.0
-0.003024976
0.0
-0.003024094
-0.0030236477
-0.0030231979
-0.0030227446
0.0
0.0
0.0
-0.0030208959
-0.0030204249
0.0
-0.0030194724
-0.0030189909
-0.0030185059
0.0
0.0
0.0
0.0
-0.003016028
-0.003015522
0.0
0.0
0.0
-0.0030134625
-0.003012939
-0.0030124118
0.0
0.0
0.0
0.0
-0.0030097237
-0.0030091756
0.0
0.0
0.0
0.0
-0.0030063826
-0.0030058138
-0.0030052413
0.0
0.0
0.0
0.0
-0.006004653
-0.003001733
-0.0030011362
0.0
0.002999932
0.0
0.0
-0.0029981
0.0
0.0
0.0
0.0
0.0
0.0
0.0029937034
-0.0029930614
-0.002992416
0.0
0.0
0.0029904593
0.0
-0.005978275
-0.005976943
-0.005975604
-0.0059742583
0.0
0.0
-0.0059701796
0.0
-0.0029837128
-0.0029830192
0.0
0.0
0.0029809182
-0.0029802108
-0.0029795002
0.0
0.0
0.0029773477
0.0029766234
0.0
0.0029751642
0.0
0.0029736916
0.0029729502
0.0029722054
0.0029714573
0.0
0.0029699504
0.002969192
0.0029684303
0.0
0.008900689
0.0029661243
0.0
0.0029645702
0.002963788
0.0
0.0029622135
0.0029614212
0.0029606256
0.0029598265
0.002959024
0.002958218
0.0029574088
0.0
0.0
0.0
-0.0029541384
0.0
0.002952483
0.0029516502
0.0
0.0
0.0
0.0029482855
0.0
0.002946583
0.005891454
-0.0029448674
0.0029440045
0.0029431384
0.0
0.0029413959
-0.0029405195
0.0
0.0029387572
0.0029378708
0.0029369814
0.005872177
0.0029351923
0.0
0.00293339
0.0029324838
-0.0029315744
0.0029306617
0.0029297455
0.0
0.0029279036
-0.0029269776
0.0029260484
0.0029251156
0.0
0.0029232407
0.0
0.0029213524
0.0
-0.002919451
0.0
-0.0029175368
-0.0029165747
0.0029156092
0.0029146406
0.0
0.0029126934
0.0
-0.0029107332
0.0
0.0
0.0
-0.0029067737
0.0029057756
0.0029047744
-0.0029037697
0.0
0.0
-0.0029007369
-0.0028997194
0.0028986987
0.0028976747
0.0028966474
-0.0028956172
-0.0028945834
-0.0028935466
-0.0028925065
-0.0028914632
-0.002890417
-0.002889367
0.0
-0.002887258
-0.0028861987
0.0
0.0028840704
-0.0028830015
-0.005763859
-0.002880854
-0.005759551
-0.0028786939
0.002877609
-0.0028765209
-0.0028754298
-0.0028743353
-0.0028732377
0.0
0.0
0.0
0.0
-0.0028677022
-0.0028665855
-0.0028654658
0.0
0.0
0.0
-0.0028609554
-0.00571964
0.0
0.0
0.0
-0.0028552467
-0.0028540955
-0.0028529412
-0.0028517838
-0.0028506233
-0.0028494596
-0.0028482927
-0.002847123
0.0
-0.002844774
-0.0028435946
-0.0028424123
-0.002841227
-0.005680077
-0.0028388468
-0.002837652
0.0
0.0
0.0
-0.0028328425
-0.0028316325
-0.0028304192
-0.0028292031
0.0
-0.0028267615
-0.002825536
-0.0028243074
-0.005646152
-0.0028218413
-0.005641207
-0.002819363
-0.0028181192
-0.005633745
-0.0028156226
-0.0028143697
-0.0056262277
0.0
-0.002810593
-0.0056186556
-0.0028080598
0.0
-0.0028055147
0.0
0.0
-0.0028016747
0.0
-0.0027990995
0.0
0.0027965123
0.0
0.0
0.0
0.0
-0.0027899921
0.0
0.0
-0.0027860445
-0.0027847225
-0.0027833977
-0.0055641397
-0.0027807392
-0.005558811
-0.0055561378
-0.0027767292
0.0
-0.0027740411
-0.0027726928
0.0
-0.002769987
-0.00276863
0.0
-0.0027659065
0.0
0.0
0.0
-0.0055208504
-0.0027590476
-0.0027576669
-0.0027562834
0.0
0.0
0.0
0.0
-0.002749323
0.0
0.0027465185
0.002745112
0.0027437026
0.0027422903
0.0
0.0
0.0054760724
0.0027366127
0.0027351861
-0.0027337568
0.0
0.0
0.0
0.0027280108
0.0
0.0
0.0027236715
0.0027222193
0.0027207646
0.0027193069
0.0
0.0027163832
0.002714917
0.0027134481
0.0027119764
0.002710502
0.005418049
0.0054150894
0.0027060618
0.0054091522
0.0027030879
0.0
0.0027001027
0.002698606
0.0026971065
0.0053912085
0.005388199
0.0053851833
0.0053821625
0.002689568
0.0026880521
0.0
0.0
0.0026834877
0.002681961
0.0026804314
0.005357798
0.005354728
0.0026758262
0.0026742858
0.0
0.0026711968
0.0026696483
0.0
0.0026665432
0.0026649865
0.0026634273
0.0026618652
0.0026603006
0.0
0.0
0.0026555907
0.0026540156
0.0026524374
0.002650857
0.0
0.0
0.0
0.0
0.0
0.0
-0.0026397186
0.0
0.0
-0.0026349057
0.0
-0.002631684
-0.0026300694
0.0
-0.002626832
-0.0026252095
0.0
0.0
0.0026203264
0.0
-0.002617058
-0.0052308403
-0.0026137796
0.0
0.0
0.0
0.0
0.0
-0.005207765
0.0
0.0
0.0
0.0
0.0
0.002593894
0.0
0.0
0.0
-0.0025871848
0.0025855012
0.0
0.0
0.0025804355
0.005157484
0.002577046
0.0025753477
0.0025736466
0.0025719432
0.0051404745
0.005137058
0.0025668181
0.002565105
0.0025633893
0.0025616712
0.0025599506
0.0025582276
0.0025565021
0.0025547743
-0.002553044
0.0025513112
0.002549576
-0.0025478385
0.0
0.0
0.0025426117
0.0025408645
0.002539115
0.002537363
0.0025356088
0.0025338521
0.0
0.0025303317
0.0025285678
0.0050536036
0.0025250332
0.0025232625
0.0025214893
0.0025197137
0.0050358716
0.0025161556
0.002514373
0.0025125882
0.0025108012
0.0050180233
0.0050144396
0.005010851
0.0025036293
0.0075054914
0.0025000295
0.0049964525
0.0024964204
0.0024946127
0.0024928025
0.00249099
0.0049783504
0.0024873582
0.002485539
0.0
0.0024818936
0.0024800678
0.0024782394
0.0024764088
0.0024745762
0.004945482
0.002470904
0.004938129
0.004934446
0.002465379
0.0024635328
0.0024616846
0.002459834
0.0
0.0024561265
0.0
0.0
0.0024505488
0.0
0.0024468193
0.0
0.0
0.0
0.0024393345
0.0
0.0048711584
0.0
-0.0024318153
0.0024299303
0.002428043
0.0024261535
0.002424262
0.0024223684
0.0024204727
0.0024185749
0.0
0.0
0.0
0.0
0.0
0.0024071436
0.0024052311
0.0024033168
0.0024014001
0.0
0.0
-0.002395638
0.0
0.0
0.0023898573
0.0023879264
0.0
0.0023840584
0.0
0.0023801825
0.0023782414
0.0023762984
0.0023743534
0.0023724062
0.0023704572
0.0023685063
0.0023665533
0.0023645982
0.0070879236
0.0023606822
0.0023587213
0.0023567586
0.0
0.004705654
0.004701717
0.0023488877
0.00469383
0.0
0.0
0.0
0.0
0.0
0.0070051174
0.0046661063
-0.0023310652
0.0
-0.0023270836
0.0
0.006969284
0.0046421946
0.0
0.0
0.0
0.0
0.0
0.0
0.0023070637
0.0
0.0023030373
0.0
0.0022990038
0.0
0.0
0.0
-0.002290915
0.0
0.0
-0.0022848293
0.0022827971
0.0
0.0
0.0
-0.002274651
0.0
0.0022705672
0.0022685227
0.0022664766
0.0
0.0022623788
0.004520655
0.0022582742
0.0022562195
0.0022541627
0.0022521045
0.0022500444
0.0022479827
0.0022459193
0.002243854
0.0044835745
0.0022397188
0.0
0.0022355767
0.0022335032
0.002231428
0.004458702
0.0022272724
0.0022251923
0.004446221
0.002221027
0.002218942
0.002216855
0.0022147668
0.002212677
0.0022105852
0.004416984
0.0022063972
0.0022043008
0.006606608
0.0022001031
0.0021980018
0.0021958991
0.0043875896
0.0065750666
0.0065687443
0.0021874723
0.0021853617
0.0021832495
0.0021811358
0.0065370617
0.0065307114
0.0043495707
0.0021726657
0.0021705441
0.0021684214
0.0021662968
0.002164171
0.0021620435
0.0021599147
0.0021577843
0.0021556523
0.0021535188
0.002151384
0.0021492478
0.00214711
0.0021449707
0.00428566
0.0021406878
0.004277088
0.002136399
0.004268505
0.0021321047
0.0021299555
0.0021278046
0.0021256523
0.0021234988
-0.0021213437
-0.0021191873
-0.0021170296
-0.0021148704
0.0021127097
0.0021105479
0.0021083844
0.0021062198
-0.0021040535
-0.002101886
0.0020997173
-0.0020975473
0.0020953757
-0.002093203
-0.0020910287
-0.0020888532
-0.004173353
-0.0041689966
-0.0020823188
-0.002080138
0.002077956
0.0
0.0
-0.0020714018
0.0
0.0020670262
0.0020648362
0.0020626453
0.002060453
0.0020582592
0.0020560645
0.0020538683
0.002051671
0.0
-0.0020472726
0.0
0.0020428693
-0.0020406658
0.0020384612
0.0020362553
0.0020340483
0.0
0.0020296304
0.0
0.0
0.002022995
0.0020207807
0.0020185653
0.0020163488
0.0020141313
0.0
0.0020096924
0.0020074714
-0.004010498
0.0
0.0020008013
0.0
0.0019963488
0.0019941211
0.0
0.0
0.0
-0.0039703976
0.0019829655
0.0
0.0019784956
0.0019762593
0.0
-0.0019717831
0.0
0.0019673028
0.0019650608
0.0019628182
0.0
0.0019583295
0.0
0.0
0.0
0.0
-0.0019470901
0.0
0.0
0.0
0.0019380808
0.0
-0.0019335703
-0.0019313137
-0.0057871677
0.0
0.0019245378
0.0
0.0019200159
0.0
0.0
0.0
0.0
0.001908695
0.0019064281
0.0
-0.0019018917
0.0
0.0018973516
0.0018950802
0.003785616
0.001890535
0.0018882611
0.0018859863
0.0
0.0
0.0018791569
0.0018768788
0.0018745998
0.0
0.0018700395
0.0
0.0
0.0
-0.001860909
0.0
0.001856339
0.0
0.0
0.0
0.0
0.0018449007
0.0018426107
-0.00184032
0.0
0.0
0.0
0.0
0.0
0.0
0.0
0.0
0.0
0.0
0.0
-0.0018127753
-0.0018104754
-0.0018081748
-0.0018058736
0.0018035716
0.0018012691
0.0
0.0
0.0
0.0017920524
-0.0017897467
-0.0017874404
-0.0017851334
-0.0017828258
-0.0017805176
-0.0017782088
-0.0017758994
-0.0017735894
-0.0035425578
-0.0017689677
-0.0017666561
-0.0017643437
-0.0017620309
0.0
-0.0017574036
-0.003510178
0.0
-0.0017504585
0.0
0.0017458257
0.0
0.0
0.0
-0.0017365542
-0.0034684702
-0.0017319154
0.0
0.0
0.0
-0.0017226321
-0.0017203101
-0.0017179876
0.0
0.0017133413
0.0017110176
0.0
-0.0017063686
0.0
-0.001701718
-0.0016993921
-0.0016970658
-0.003389478
-0.0016924118
-0.0033801687
0.0
0.0
0.0
0.0
-0.001678441
-0.0016761112
-0.0033475622
-0.0016714507
-0.0016691198
-0.0016667887
0.0
-0.0016621253
-0.0033195866
-0.0016574608
-0.0016551281
-0.001652795
-0.0016504617
-0.003296256
-0.0032915883
-0.0032869198
-0.0016411254
-0.0016387906
0.0
0.0
-0.0016317847
-0.001629449
-0.0016271129
0.0
0.0
-0.0016201034
0.0
-0.0016154293
-0.0016130919
-0.0016107543
-0.0016084164
-0.0016060785
0.0
0.0
0.0
0.0
0.0
0.0
0.0
-0.0015873683
0.0015850288
0.0015826892
0.0
0.0
-0.0015756695
-0.003146659
-0.0031419783
-0.0015686488
-0.0015663084
0.0
-0.0015616273
-0.003118573
-0.0031138915
-0.0031092097
-0.001552264
-0.003099846
-0.0015475819
-0.0015452408
-0.0030857993
-0.0046216752
-0.0030764344
-0.003071752
-0.004600604
-0.0015311934
0.0
0.0
-0.003048339
-0.0030436565
-0.0030389738
-0.0015171455
-0.0030296086
-0.0030249262
-0.0030202437
-0.006031123
-0.0030108793
-0.003006197
-0.003001515
-0.0014984165
-0.004488227
-0.0029874695
-0.0014913941
0.0
-0.0014867128
0.0
-0.0014820319
-0.0029593832
0.0
-0.0014750113
-0.0014726714
0.0
-0.002935984
-0.0029313047
-0.001463313
-0.0014609736
-0.0014586346
0.0
-0.0014539568
-0.0014516183
-0.0014492797
-0.002893883
-0.0028892069
-0.0014422656
-0.0014399278
0.0
-0.0014352531
-0.002865832
-0.0014305791
0.0
-0.0014259062
-0.00142357
-0.0014212341
-0.0014188983
-0.0014165629
-0.0014142278
0.0
0.0
-0.001407224
0.0014048899
0.0
-0.0014002225
-0.0013978893
-0.0013955565
-0.0013932239
-0.0013908916
-0.0013885596
-0.001386228
0.0
-0.0013815657
-0.0027584701
-0.0013769048
-0.0013745748
-0.0013722453
0.0
0.0
-0.0013652586
0.0
0.0
-0.0013582754
-0.0013559485
-0.001353622
-0.0013512959
0.0
0.0
0.0
-0.0013419954
-0.0013396714
-0.0026746958
-0.0026700494
-0.001332702
-0.0026607595
-0.0013280581
-0.0013257368
-0.0013234159
0.0
0.0
0.0
-0.0013141374
-0.001311819
-0.002619002
-0.0013071836
-0.0013048667
-0.0013025504
-0.0013002346
0.0
-0.0012956045
-0.0012932903
0.0
-0.0012886636
0.0
0.0
0.0012817276
0.0
-0.002554213
0.0
-0.0025449754
0.0
0.0
-0.002531128
-0.0012632573
-0.0025219026
-0.0037759377
-0.0025126822
0.0
0.0
0.0
0.0
0.0
-0.0024850515
-0.002480451
-0.002475852
-0.0024712542
0.0
-0.0024620628
-0.002457469
-0.002452877
-0.001224143
-0.0012218483
-0.0024391084
0.0
-0.0024299368
-0.0024253533
-0.0036311566
-0.0024161905
-0.0012058056
-0.0012035168
0.0
-0.0011989414
-0.0011966549
0.0
0.0
0.0
0.0
0.0
0.0
-0.0011806712
-0.0011783909
0.0
0.0
-0.0011715553
0.0011692784
0.0011670024
0.0
-0.0011624529
-0.0011601793
-0.0011579067
-0.0011556349
0.0
0.0
-0.0011488249
-0.0011465566
-0.0011442893
-0.0011420228
0.0011397572
0.0011374926
-0.0011352289
-0.0011329661
-0.0011307042
-0.0011284433
-0.0011261832
0.0011239242
0.001121666
0.0011194089
-0.0011171526
-0.0011148974
-0.001112643
-0.0011103898
0.0
-0.0011058861
-0.0011036358
-0.0011013864
-0.0010991379
-0.0010968907
-0.0010946443
0.0010923989
-0.0010901546
0.0010879113
0.001085669
0.0010834278
0.0010811876
0.0010789485
-0.0010767104
-0.0010744734
-0.0010722374
-0.0010700026
0.0010677687
0.0010655359
-0.0010633043
-0.0010610737
-0.0010588443
0.0010566158
0.0010543886
-0.0010521624
0.0010499373
0.0010477134
-0.0010454906
0.001043269
0.0010410484
-0.001038829
0.0010366108
0.0010343937
0.0010321777
0.001029963
-0.0010277494
0.0010255369
0.0010233257
0.0010211156
0.0020378134
0.001016699
0.0010144925
0.0010122872
0.0
0.0010078803
0.0020113573
0.0010034782
0.001001279
0.0
9.968844E-4
9.94689E-4
9.924946E-4
9.903017E-4
9.8811E-4
9.859196E-4
9.837304E-4
9.815425E-4
-9.793559E-4
-9.771707E-4
-9.749866E-4
9.7280386E-4
9.706224E-4
0.0019368846
9.6626347E-4
-9.64086E-4
0.0
-9.59735E-4
0.0
-9.553893E-4
-9.532185E-4
0.0
-9.4888086E-4
-9.4671414E-4
9.445487E-4
9.423847E-4
0.0
0.0018761215
0.0
9.337423E-4
9.315852E-4
9.294295E-4
9.272752E-4
0.0018502446
9.229708E-4
0.0
0.0
0.0
9.143791E-4
9.1223477E-4
9.1009185E-4
-9.0795045E-4
9.0581045E-4
9.036719E-4
0.0
0.0017987984
8.9726516E-4
0.0
8.930013E-4
8.908717E-4
8.887435E-4
8.866168E-4
8.8449166E-4
0.0
8.802459E-4
0.0017562505
0.0017520123
0.0017477772
8.717726E-4
0.0
8.6754514E-4
8.654338E-4
8.633239E-4
8.6121564E-4
0.0
8.570038E-4
0.0
-8.527982E-4
0.0
0.0
8.465018E-4
8.4440614E-4
0.0
0.0
8.3812897E-4
-8.360398E-4
0.0
0.0
8.29782E-4
0.0
-8.2561834E-4
0.0
0.0
0.0
8.173109E-4
8.1523816E-4
8.1316713E-4
8.110978E-4
8.090301E-4
8.069641E-4
8.048998E-4
8.028372E-4
0.0
0.0
0.0
7.946039E-4
7.9254986E-4
7.904975E-4
7.88447E-4
7.8639813E-4
7.84351E-4
7.8230567E-4
7.8026205E-4
7.782202E-4
0.0015523601
7.7414175E-4
7.7210524E-4
0.0
7.6803745E-4
7.660062E-4
7.639768E-4
0.0015238983
7.599233E-4
0.0015157985
7.5587706E-4
7.538566E-4
0.0
7.4982125E-4
7.4780633E-4
7.457932E-4
0.0014875638
7.4177247E-4
7.397649E-4
7.3775917E-4
7.357553E-4
7.3375326E-4
7.317531E-4
-7.297548E-4
7.277584E-4
0.0
7.237712E-4
7.2178047E-4
7.1979157E-4
0.0
7.1581954E-4
0.0
0.0
0.0
-7.078984E-4
7.059229E-4
7.0394936E-4
-7.0197775E-4
-7.0000807E-4
0.0
6.960745E-4
6.941107E-4
-6.921488E-4
-0.0013803778
-0.0013764619
-6.8627496E-4
6.84321E-4
6.82369E-4
0.0013608378
0.0
-6.765249E-4
0.0
6.7263877E-4
6.7069876E-4
6.6876074E-4
0.0013336495
0.0
0.0
6.610289E-4
6.59101E-4
0.0013143503
0.0019657542
6.533296E-4
0.0
6.494923E-4
0.0
6.4566324E-4
6.437518E-4
6.4184243E-4
0.0012798704
6.3803E-4
0.0
6.342259E-4
6.32327E-4
0.0012608604
6.285355E-4
6.2664296E-4
0.0
6.228641E-4
0.0012419559
6.1909383E-4
0.0018516358
6.153321E-4
0.0
0.0
0.0
0.0
6.059653E-4
0.0
6.0223375E-4
6.0037116E-4
0.0
0.0
0.0
-5.929429E-4
0.0
0.0
0.0
0.0
-0.0011674139
-5.818664E-4
-5.800281E-4
-5.78192E-4
0.0
0.0
0.0
0.0
-5.690451E-4
0.0
0.0
-5.635839E-4
0.0
0.0
-5.5814313E-4
0.0
0.0
-5.527229E-4
5.5092067E-4
0.0
-5.473232E-4
0.0
0.0
-5.419443E-4
5.40156E-4
-5.3836993E-4
-5.365863E-4
0.0
0.0
0.0
0.0
5.277028E-4
0.0
0.0
0.0
5.206383E-4
5.188781E-4
0.0
0.0010307295
0.0
0.0
0.0
-5.0836673E-4
0.0
0.0
0.0
0.0
0.0
-4.9794157E-4
0.0
4.9448584E-4
-4.927616E-4
0.0
-4.893205E-4
-4.8760357E-4
0.0
0.0
0.0
0.0
-4.7905574E-4
0.0
-4.7565385E-4
0.0
-4.7226183E-4
-4.7056953E-4
0.0
-9.343848E-4
-4.655076E-4
0.0
-4.6214546E-4
0.0
-4.587933E-4
-4.57121E-4
0.0
-4.5378396E-4
-4.5211922E-4
0.0
0.0
-4.471402E-4
-4.4548558E-4
0.0
0.0
4.4053706E-4
4.3889263E-4
-4.372508E-4
0.0
0.0
0.0
4.3070907E-4
4.2908007E-4
4.2745366E-4
0.0
8.484172E-4
4.2258998E-4
4.2097393E-4
8.3872094E-4
0.0
8.322828E-4
8.2907156E-4
8.258656E-4
4.113324E-4
8.1946934E-4
4.0813952E-4
4.0654704E-4
8.099143E-4
8.067399E-4
8.035707E-4
8.0040685E-4
7.972483E-4
3.9704752E-4
3.9547356E-4
3.9390224E-4
3.923336E-4
0.0
0.0
3.876437E-4
0.0
3.845305E-4
7.6595583E-4
0.001144284
0.0011396424
3.7833632E-4
3.7679455E-4
3.7525545E-4
3.737191E-4
3.721854E-4
3.7065445E-4
0.0011073787
3.6760073E-4
0.0
0.0
0.0
0.0
0.0
0.0
0.0
0.0
0.0
3.5249625E-4
7.0200185E-4
6.990168E-4
0.0
0.0
0.0
0.0
3.4208727E-4
0.0010218342
3.391383E-4
0.001013004
0.0010086015
6.694716E-4
9.998218E-4
6.636297E-4
6.6071714E-4
9.867154E-4
6.5490894E-4
6.5201335E-4
6.4912334E-4
0.0
0.0
0.0
0.0
6.3475844E-4
0.0
0.0
0.0
-3.1168445E-4
6.2053575E-4
3.0885419E-4
0.0
0.0
-3.0463032E-4
0.0
-3.0182875E-4
0.0
-2.9903874E-4
0.0
5.925205E-4
0.0
2.934934E-4
5.842286E-4
2.907381E-4
2.8936483E-4
2.8799445E-4
-2.86627E-4
-2.8526245E-4
0.0
2.8254214E-4
2.811864E-4
0.0
-2.7848364E-4
-2.7713669E-4
-2.7579267E-4
0.0
2.7311343E-4
2.7177826E-4
0.0
-2.6911675E-4
-2.6779043E-4
-2.6646708E-4
-2.651467E-4
-2.6382925E-4
2.625148E-4
2.6120333E-4
2.5989482E-4
-2.585893E-4
-2.5728677E-4
2.5598722E-4
2.5469068E-4
5.067942E-4
2.5210652E-4
0.0
2.4953438E-4
2.4825282E-4
2.4697426E-4
2.4569873E-4
2.444262E-4
0.0
0.0
2.406267E-4
0.0
2.3810883E-4
-2.3685445E-4
-2.3560309E-4
2.3435478E-4
-2.3310952E-4
-2.3186728E-4
2.306281E-4
2.2939197E-4
-2.2815888E-4
-2.2692885E-4
2.257019E-4
2.2447799E-4
-2.2325714E-4
2.2203937E-4
2.2082466E-4
-2.1961302E-4
2.1840447E-4
-2.1719899E-4
2.159966E-4
2.1479727E-4
2.1360104E-4
6.372237E-4
2.1121786E-4
2.100309E-4
2.0884706E-4
2.0766631E-4
2.0648866E-4
2.0531412E-4
2.0414268E-4
2.0297436E-4
2.0180915E-4
2.0064706E-4
1.9948809E-4
3.966645E-4
1.9717953E-4
1.9602993E-4
1.9488347E-4
1.9374014E-4
1.9259995E-4
1.914629E-4
3.8065796E-4
3.7839642E-4
1.880706E-4
1.8694613E-4
1.858248E-4
1.8470665E-4
3.6718327E-4
1.8247978E-4
1.813711E-4
1.8026559E-4
-1.7916324E-4
1.7806406E-4
3.539361E-4
3.5175044E-4
3.4957114E-4
3.473982E-4
1.7261581E-4
1.715357E-4
1.7045879E-4
1.6938508E-4
1.6831454E-4
-1.6724721E-4
1.6618308E-4
0.0
1.6406442E-4
0.0
0.0
1.6091048E-4
1.598656E-4
1.5882392E-4
1.5778546E-4
1.5675023E-4
1.5571823E-4
0.0
0.0
-1.5264156E-4
-3.0324492E-4
0.0
-1.4959398E-4
-1.485846E-4
0.0
-1.4657558E-4
-1.4557593E-4
0.0
0.0
0.0
0.0
0.0
-2.7929278E-4
0.0
-1.3769597E-4
-2.734513E-4
0.0
0.0
0.0
0.0
0.0
-2.6194507E-4
-2.6005032E-4
0.0
1.2814028E-4
0.0
0.0
1.2533764E-4
0.0
0.0
0.0
0.0
0.0
0.0
-1.1891366E-4
0.0
0.0
-1.1621017E-4
0.0
0.0
0.0
0.0
0.0
0.0
-1.1001828E-4
-1.0914704E-4
0.0
-1.0741457E-4
-1.0655334E-4
-1.0569546E-4
-1.0484092E-4
0.0
-1.0314187E-4
0.0
-1.0145623E-4
-1.0061843E-4
0.0
-9.8952914E-5
-9.8125194E-5
-9.7300835E-5
0.0
-9.566221E-5
0.0
0.0
0.0
9.2425376E-5
9.16246E-5
9.08272E-5
1.8006636E-4
8.924254E-5
8.845529E-5
8.767141E-5
8.689092E-5
8.6113825E-5
8.5340114E-5
8.4569794E-5
8.3802865E-5
1.6607868E-4
1.6455841E-4
8.152247E-5
8.076914E-5
8.001921E-5
1.5854536E-4
7.8529556E-5
0.0
0.0
7.632064E-5
0.0
1.4973019E-4
1.4828487E-4
7.342321E-5
0.0
7.1995004E-5
7.1286035E-5
0.0
6.987837E-5
6.917968E-5
6.848442E-5
1.3558517E-4
0.0
0.0
1.314754E-4
6.505961E-5
6.438496E-5
0.0
0.0
6.238167E-5
0.0
6.106336E-5
0.0
0.0
0.0
0.0
0.0
5.7191253E-5
0.0
5.5928198E-5
5.5301858E-5
5.4678985E-5
5.4059572E-5
5.3443626E-5
5.2831147E-5
0.0
5.1616593E-5
0.0
5.041592E-5
4.9820796E-5
-4.9229147E-5
0.0
0.0
-4.747506E-5
-9.3794646E-5
0.0
-4.57523E-5
0.0
4.4621214E-5
0.0
-4.350408E-5
-4.295074E-5
-4.24009E-5
-4.185455E-5
-4.1311694E-5
-4.0772335E-5
-4.0236468E-5
-3.97041E-5
-3.9175233E-5
-3.8649865E-5
-3.8128E-5
-3.7609636E-5
-3.7094775E-5
0.0
-3.6075573E-5
0.0
0.0
-3.4573077E-5
-3.4079265E-5
-3.3588964E-5
-6.620436E-5
-3.2618907E-5
-3.2139153E-5
-3.1662912E-5
-3.119019E-5
-6.144198E-5
-6.051061E-5
-2.9793146E-5
-2.9334506E-5
-5.775878E-5
-2.84278E-5
0.0
-2.7535194E-5
-2.7094182E-5
-5.33134E-5
-5.244549E-5
-5.1584648E-5
-2.5365433E-5
-2.4942075E-5
-2.452225E-5
-4.821192E-5
-4.7386413E-5
-4.6567977E-5
-4.5756617E-5
-2.2476166E-5
-4.415513E-5
-4.3365006E-5
-4.2581967E-5
-4.180601E-5
-4.103714E-5
-4.027536E-5
-3.952067E-5
-1.9386534E-5
-1.9016281E-5
-5.5948727E-5
-3.6572837E-5
-3.5853624E-5
-3.5141507E-5
-1.7218248E-5
-1.6869293E-5
-3.3047785E-5
-3.236409E-5
-3.16875E-5
-1.5509011E-5
-1.5177828E-5
-2.9700404E-5
-1.4526133E-5
-1.4205622E-5
-2.7777342E-5
-2.7150558E-5
-2.6530895E-5
-1.2959177E-5
-1.2656468E-5
-1.2357323E-5
-2.4123481E-5
-2.3539444E-5
-2.2962537E-5
-2.239276E-5
-2.1830114E-5
-2.1274604E-5
-1.0363114E-5
-2.0184985E-5
-1.9650883E-5
-1.9123918E-5
-1.8604092E-5
-9.045704E-6
0.0
-8.543734E-6
-1.6596216E-5
-8.056054E-6
-1.5635145E-5
-1.5165333E-5
-7.3513343E-6
-7.1235777E-6
-1.3798793E-5
-6.678791E-6
-6.4617625E-6
-1.2496623E-5
-1.8115314E-5
-1.7496428E-5
-5.6294257E-6
-1.0860576E-5
-5.2347305E-6
-1.0085505E-5
-1.4563065E-5
-1.4008616E-5
-1.3464912E-5
-1.2931952E-5
-8.273159E-6
-1.1898275E-5
-1.1397559E-5
-7.27173E-6
-6.9522544E-6
-3.3199735E-6
-3.1674044E-6
-6.036841E-6
-5.7460434E-6
-5.462417E-6
-7.778945E-6
-2.4583405E-6
-4.654573E-6
-4.3996383E-6
-2.075939E-6
-3.911293E-6
-3.6778833E-6
-1.725825E-6
-1.6162967E-6
-1.5103569E-6
-1.408006E-6
-1.3092442E-6
-1.2140717E-6
-2.2449776E-6
-1.0344957E-6
-9.5009244E-7
-8.6927935E-7
-7.920567E-7
-7.1842453E-7
-6.483831E-7
-1.1638651E-6
-5.19073E-7
-4.598047E-7
-4.041277E-7
0.0
0.0
-2.5864583E-7
-2.1733533E-7
-1.796167E-7
-1.4549008E-7
0.0
-8.801307E-8
0.0
-4.4904837E-8
-2.8739146E-8
0.0
-7.1848034E-9
-1.796202E-9
-0.0
