0.23328632
0.2519437
0.24657999
0.52413696
1.3798286
1.149182
1.8645912
2.0121524
0.96228844
2.6934795
4.790006
5.299591
4.2207723
3.8553624
4.788723
4.074468
2.1589162
1.2629861
0.4279944
2.0825653
3.101833
1.8028271
1.448255
2.2840457
1.0556076
1.6222497
1.0715902
0.28052068
0.38601172
0.037717927
1.2670561
1.0847853
0.30039626
0.58864504
0.6395464
0.19233894
0.6466504
0.7731714
1.7017976
2.5724046
1.3925537
2.420932
3.7613754
2.6520247
1.3078703
2.1671863
2.1724198
1.4454682
0.88265705
0.44602498
0.27063793
1.0047331
1.5295848
1.232525
0.8277993
2.6453981
2.8266711
0.90507257
0.74690837
0.78771245
0.23765615
0.32320303
0.67448837
0.5592476
0.31964323
0.28348628
0.8673985
0.8232394
0.42573062
0.5294462
0.36908385
0.18427949
0.103096366
0.24856254
0.6246574
0.5800918
0.22979245
0.06262614
0.087678716
0.17339832
0.15167606
0.28020182
0.15001489
0.1346855
0.09696238
0.32962745
0.44634143
0.40540132
0.268609
0.21574336
0.15698442
0.22346695
0.3405872
0.11288778
0.16579475
0.10060679
0.25352937
0.3602214
0.4140354
0.47926992
0.42565876
0.25901595
0.25841436
0.32860658
0.42546678
0.45472392
0.5072709
0.3885969
0.14156646
0.072696455
0.09103524
0.109233566
0.24933292
0.21722642
0.2808719
0.14483738
0.18276307
0.46772185
0.45451647
0.24879597
0.34831348
0.45273605
0.5124762
0.4764225
0.48494792
0.2462089
0.037562937
0.24626504
0.20592012
0.23350015
0.3546963
0.2736445
0.4303895
0.51536155
0.28893018
0.12508006
0.22948863
0.1944147
0.19906989
0.14545181
0.15056743
0.10462571
0.33944923
0.27591676
0.14469577
0.09734524
0.054131508
0.110361494
0.11132925
0.17316294
0.32464266
0.2865051
0.16561766
0.33807042
0.3825346
0.38328794
0.45363313
0.24115065
0.11810543
0.11169317
0.18684405
0.19894867
0.16441026
0.20335957
0.1504951
0.042312454
0.11341203
0.23243044
0.18661056
0.17105797
0.17260899
0.10537642
0.12308081
0.24998079
0.28127292
0.09805648
0.24300471
0.13498417
0.09225778
0.1555176
0.15369658
0.2748929
0.083938725
0.25783482
0.46748072
0.4701326
0.45385265
0.2089106
0.4762442
0.34944826
0.18478312
0.26145166
0.18776383
0.12405301
0.1123468
0.16744041
0.13623604
0.16935217
0.254674
0.1766886
0.054410703
0.05912056
0.18264079
0.22102897
0.069700465
0.057555996
0.06403747
0.12916683
0.28270236
0.21814014
0.13253403
0.23143087
0.22604729
0.07740842
0.13302226
0.1829591
0.04660451
0.16831464
0.1223151
0.08799534
0.2889607
0.38028392
0.4006245
0.2712307
0.13736355
0.28092307
0.2116435
0.23667966
0.27802083
0.13525799
0.04239716
0.15510368
0.2449685
0.321584
0.2940566
0.11951359
0.06359503
0.18611474
0.21418174
0.111166105
0.1336736
0.14546126
0.121918924
0.21808091
0.11786792
0.0954803
0.19749711
0.16682903
0.09074392
0.14192945
0.11995052
0.17952165
0.21945424
0.052347153
0.055773288
0.0982104
0.3421429
0.4021174
0.20514986
0.21677315
0.2976583
0.29622498
0.13554068
0.12445592
0.28119645
0.37443998
0.23196246
0.30359423
0.39630124
0.12297772
0.24713784
0.2845172
0.17776042
0.13662863
0.32597885
0.16999184
0.14751868
0.231041
0.2657528
0.26368827
0.3485104
0.43994904
0.7596602
0.42803264
0.37011814
0.394572
0.17790012
0.1900675
0.2401774
0.23424155
0.5301481
0.37583354
0.12453599
0.15861446
0.39908093
0.3945243
0.27473924
0.15783261
0.16051963
0.31977704
0.2618498
0.16921556
0.18598825
0.26619658
0.2017162
0.097388946
0.1711495
0.10990231
0.18864913
0.16967429
0.17494704
0.036344733
0.22589579
0.07939827
0.22563331
0.10211105
0.37789917
0.14060752
0.23178162
0.20374364
0.16757019
0.24707441
0.101891294
0.2170825
0.19546135
0.1947856
0.23754518
0.030762387
0.29641584
0.47272864
0.33985007
0.19229703
0.31143624
0.3940984
0.19773906
0.12364745
0.1433639
0.12638786
0.040411122
0.07830086
0.057343673
0.2313578
0.2814934
0.27092105
0.34109145
0.1957534
0.1140497
0.2138644
0.2388308
0.04026462
0.20896173
0.14336364
0.12633862
0.074797586
0.07308738
0.29331967
0.403211
0.2960118
0.33011484
0.30065945
0.1297112
0.04896954
0.18626548
0.16424105
0.045478996
0.098379
0.2585062
0.37756684
0.31819618
0.21316597
0.17247707
0.09259823
0.041552242
0.05296209
0.14225385
0.1440077
0.39771158
0.336652
0.14639758
0.30883968
0.060189962
0.2357832
0.22651552
0.22112665
0.19793195
0.34308678
0.3752521
0.035840265
0.25802436
0.31229722
0.2525206
0.1614776
0.22471535
0.26165593
0.24957632
0.38682705
0.35532683
0.24141261
0.5268753
0.41013741
0.1887565
0.3615401
0.12642555
0.22634977
0.13945259
0.03961345
0.044032414
0.20501709
0.24032862
0.06584249
0.16131094
0.045578416
0.076119505
0.15684265
0.23006287
0.18684301
0.08334886
0.11553145
0.11090111
0.14862815
0.14662613
0.09236201
0.017360117
0.11773571
0.115985215
0.2046132
0.022335138
0.3198095
0.3236817
0.120721176
0.25080842
0.4335505
0.5030318
0.29741532
0.24099648
0.3599109
0.30548677
0.20086616
0.060691573
0.18579121
0.2932301
0.32142067
0.11996353
0.18832919
0.060669977
0.26933905
0.3137743
0.3349118
0.28995177
0.13279872
0.5291761
0.3763671
0.37655315
0.5757881
0.43958223
0.39686918
0.4934255
0.58271676
0.33368045
0.30750147
0.40777224
0.1227869
0.17419773
0.14945374
0.12888886
0.3220224
0.0747486
0.3853484
0.4429724
0.1674619
0.08742616
0.10247835
0.24074703
0.27619854
0.32563326
0.22830684
0.37997356
0.5875324
0.49062622
0.3223639
0.28470755
0.17793286
0.28282976
0.3330684
0.4060969
0.5151265
0.6463038
0.69492596
0.46049196
0.36784664
0.16308524
0.21465912
0.27083892
0.31115496
0.27030742
0.24655364
0.3821315
0.20958816
0.27820024
0.32093617
0.17201291
0.31878394
0.1933355
0.49031055
0.13326861
0.4141229
0.6117566
0.6223216
0.2588813
0.3399499
0.55505973
0.28759998
0.41425222
0.48438612
0.09193902
0.12433954
0.18294987
0.29611766
0.20902176
0.2534413
0.26944175
0.36678323
0.23032002
0.19997504
0.44074252
0.3619056
0.0770717
0.1724999
0.032046627
0.27031595
0.359099
0.30082995
0.2381834
0.2457143
0.16600756
0.1981925
0.3752932
0.39008796
0.34311017
0.2999933
0.35552117
0.27432108
0.3807448
0.40768477
0.43032256
0.30114505
0.10650382
0.21967782
0.46364504
0.46764347
0.6023559
0.86133516
0.87306184
0.7850144
0.6793967
1.0107913
2.1175106
2.6794765
2.7269297
2.4798539
1.692615
1.2926978
0.9509402
0.743779
0.6805477
0.47258574
0.21652028
0.29256314
0.11825666
0.25614586
0.17474385
0.4154884
0.76814467
0.63136595
0.37286502
0.51812404
0.7105601
0.4440285
0.29538426
0.4363313
0.23294318
0.43784967
0.7167903
0.82669187
1.0108196
0.98179287
1.0025816
1.9669732
1.9028366
0.95657533
0.8876908
0.93560904
0.70492375
0.57737225
0.9695475
0.96789414
0.7317844
1.295621
1.8308362
1.6329782
0.87408465
0.787462
2.0047195
3.22889
3.0015078
1.8253324
0.87879246
0.31296235
0.08307013
0.44968492
1.0099365
0.6525421
0.43925148
0.44682175
1.0426799
0.8547157
0.1997635
0.8183669
0.8045347
0.7379107
1.0892633
0.79043955
0.23197383
0.7265721
1.1335982
1.0415318
1.3223599
1.6049498
0.9786266
2.0787847
3.0457823
1.7641841
2.405748
3.334265
2.5722497
1.718957
2.3030565
2.858588
2.1956275
1.9165441
2.1851377
1.8905878
0.96458757
0.32654053
0.06883463
0.4074976
0.58252835
0.84977025
0.960779
0.76357555
0.7512619
1.2835872
1.6036602
1.3185035
1.3003756
1.4250283
1.2730987
1.3881415
1.193052
0.6232227
0.25984997
0.4180072
0.6531784
0.37364683
0.24029242
0.14526694
0.4233362
0.7402691
0.9728432
0.9682864
0.46372962
0.13762915
0.123377
0.53111064
0.46895123
0.15879966
0.4684277
0.5204429
0.30324417
0.84498256
0.7329683
0.2960732
0.2930079
0.45138362
0.53690314
0.7629529
0.52318156
0.08686545
0.26272348
0.14186823
0.077595495
0.27051812
0.3734451
0.24755259
0.23151253
0.40884417
0.39785618
0.7300901
0.7061094
0.3033753
0.7561451
0.7860029
0.5717842
0.5654813
0.5789348
0.5864825
0.5800196
0.4123633
0.7215491
0.728791
0.28598118
0.26306722
0.62284803
0.83054644
0.824643
0.86382806
0.74297214
0.5825047
0.6994634
0.6654073
0.43022537
0.17937082
0.30846062
0.4101848
0.33155861
0.20910597
0.28269625
0.41001832
0.58787924
0.66839594
0.55909425
0.20693883
0.25830188
0.48116553
0.397625
0.3859205
0.41290894
0.3727926
0.20909342
0.16996928
0.39184663
0.53433853
0.4860497
0.20746674
0.029262954
0.20410341
0.3780282
0.29628286
0.22339763
0.3330436
0.2826776
0.25488457
0.09926524
0.2262225
0.43457478
0.42032266
0.2643069
0.38163194
0.34263328
0.20870487
0.29611242
0.32293218
0.29366347
0.33893955
0.28914914
0.17629588
0.22128412
0.29799956
0.21294127
0.12042557
0.15715855
0.101887
0.19387625
0.06974579
0.17487012
0.32373095
0.26921636
0.24911258
0.27251795
0.11013734
0.2844252
0.26484066
0.122338
0.07929716
0.0640794
0.029018916
0.070921205
0.048757724
0.019222314
0.092586644
0.07350413
0.07026322
0.18589416
0.22784932
0.088196285
0.17440096
0.3273829
0.37271586
0.31880853
0.30958533
0.20577748
0.116098955
0.23796271
0.45391735
0.55154026
0.58227956
0.549464
0.363983
0.29175323
0.25945863
0.18566048
0.23991486
0.2860669
0.2400553
0.124305956
0.100403324
0.038417954
0.17709747
0.21216455
0.25876218
0.3216571
0.16291407
0.21360302
0.25885114
0.14140044
0.06273815
0.1311342
0.29364383
0.22300099
0.21620971
0.2941903
0.35079536
0.11576939
0.10200475
0.15073456
0.2796928
0.2303396
0.23838875
0.2205083
0.25411522
0.24129274
0.15732226
0.107158594
0.1878744
0.25013041
0.19134991
0.09851033
0.15606904
0.16443378
0.07010533
0.09015616
0.18424639
0.29980758
0.26656646
0.2002188
0.15504006
0.040302943
0.10365051
0.054906473
0.11570601
0.23221481
0.2599143
0.2583599
0.34366456
0.3598668
0.32535386
0.29713508
0.24563482
0.1248177
0.053317115
0.13030355
0.21162812
0.19987698
0.13765904
0.31362352
0.33098865
0.20135418
0.18313842
0.22648469
0.19820851
0.15928751
0.1220174
0.08893058
0.256711
0.18530296
0.044113573
0.031775717
0.13831097
0.22384028
0.15210253
0.15921952
0.14736892
0.15595217
0.23263639
0.2793461
0.2793948
0.16172245
0.15276778
0.17357115
0.21652438
0.3331431
0.16357347
0.26672122
0.38307714
0.2813642
0.15126872
0.13992374
0.19722378
0.17387214
0.21153137
0.06928049
0.28059578
0.41168806
0.23255359
0.123188116
0.103315674
0.07230284
0.076303914
0.19195066
0.15864196
0.2461733
0.31785938
0.26822156
0.16358265
0.06160273
0.023783825
0.13278897
0.25431192
0.23146023
0.20728229
0.21195835
0.2234242
0.2230156
0.08140459
0.11416986
0.26816148
0.4079831
0.40130326
0.2863467
0.3050908
0.20930536
0.22109193
0.27014366
0.15742365
0.107053384
0.20618361
0.1920487
0.16728832
0.18823886
0.19410567
0.16123173
0.12775779
0.13175681
0.090742655
0.02547623
0.09201483
0.15579984
0.2098663
0.11552571
0.124071054
0.2443802
0.28585592
0.24433784
0.23345108
0.29275972
0.36490026
0.46079487
0.393073
0.20397443
0.16104712
0.19915394
0.17579193
0.06103709
0.06597392
0.13123327
0.17590354
0.19782668
0.17252745
0.17567326
0.28773952
0.27819383
0.26264307
0.18762907
0.1835761
0.13642418
0.08470477
0.08794861
0.10127447
0.085954994
0.14397167
0.08198047
0.102434225
0.15497498
0.090664476
0.04155504
0.17069097
0.22049202
0.18946806
0.16502294
0.08303228
0.064421475
0.03656188
0.06742794
0.08926999
0.07656565
0.13213491
0.10161084
0.14274853
0.122589186
0.0922763
0.051585384
0.09431253
0.13201335
0.07563837
0.02031668
0.034823157
0.105094835
0.1063358
0.12209862
0.10355209
0.07870249
0.12548314
0.14405194
0.1187067
0.22340958
0.25770724
0.25485313
0.27800375
0.16198343
0.0022856903
0.091617994
0.052393235
0.15168993
0.31909606
0.388965
0.30812868
0.23580645
0.24706432
0.18731342
0.10375987
0.08265893
0.10844149
0.22022766
0.23443575
0.23955776
0.23274134
0.11659368
0.21908441
0.16395856
0.036007427
0.10742237
0.09659018
0.15869205
0.12680337
0.11269225
0.17447777
0.22975187
0.11611866
0.128608
0.21105462
0.13517503
0.21818537
0.08357517
0.07661862
0.1065908
0.13260306
0.1203921
0.08612171
0.06795409
0.12574644
0.1298009
0.21937524
0.209699
0.1756064
0.10960172
0.12259079
0.17705272
0.22039677
0.13135336
0.07253451
0.2812384
0.26433638
0.066862434
0.07599114
0.12658052
0.17319395
0.18678978
0.13766208
0.12640676
0.10393902
0.05696684
0.01342745
0.0286965
0.12888826
0.14581771
0.15296863
0.19804417
0.14828278
0.08996509
0.11474553
0.107493296
0.09093221
0.2245322
0.25549582
0.19123988
0.12628107
0.13643038
0.2030448
0.20848037
0.09444005
0.13296972
0.18792048
0.21119426
0.18583418
0.106833234
0.08433902
0.121404454
0.039236512
0.22807524
0.22367992
0.035232276
0.106525704
0.085177876
0.24965948
0.32412285
0.25202093
0.07192838
0.09645355
0.1993121
0.18381242
0.12140257
0.108158275
0.24150494
0.31497064
0.17909776
0.10343892
0.19190969
0.17840573
0.25419173
0.27966624
0.25751767
0.23695934
0.12882084
0.09661757
0.022323458
0.13108173
0.20461953
0.26080596
0.25204846
0.19587576
0.12298515
0.15957999
0.20418055
0.115924805
0.06264504
0.09833673
0.06523645
0.13737036
0.13584201
0.08011891
0.07869231
0.06572673
0.012446571
0.07625996
0.13623142
0.13636653
0.09253164
0.20599571
0.18584773
0.04669071
0.19803959
0.24083002
0.099139534
0.055461727
0.13777107
0.12117047
0.1486994
0.21481316
0.103116095
0.13941877
0.1872868
0.16371152
0.07609203
0.30481982
0.3438984
0.21823837
0.25328562
0.3925105
0.3407903
0.1662983
0.1584938
0.19218348
0.2434933
0.19877592
0.15659043
0.065032
0.044201028
0.17700213
0.37325296
0.35968012
0.37800553
0.5925129
0.55974686
0.47445136
0.42077738
0.27923882
0.19054346
0.12724142
0.0935678
0.18716127
0.2989618
0.18266982
0.060051534
0.103999965
0.31127095
0.38134605
0.23588032
0.21378276
0.4124135
0.46416318
0.35055664
0.20941186
0.08680609
0.15649875
0.3226467
0.2644443
0.085337155
0.09194184
0.08174578
0.24535383
0.21115966
0.0983023
0.1972264
0.19154513
0.13209552
0.12201516
0.22020084
0.2987232
0.2668205
0.4103271
0.4143008
0.34703678
0.27092892
0.088949576
0.12184169
0.03447746
0.09449254
0.21552776
0.2530968
0.14087942
0.114761695
0.23990545
0.34135327
0.35009062
0.2560305
0.103394374
0.1411574
0.13219057
0.26958576
0.36613947
0.3555502
0.35835302
0.31511402
0.23127936
0.18554814
0.09066636
0.14363046
0.297554
0.26719654
0.18080936
0.1809727
0.21391949
0.15802741
0.10543543
0.3014943
0.41626614
0.31075203
0.12124471
0.07079374
0.25194356
0.37007156
0.1487203
0.15813014
0.3246824
0.26668924
0.14178905
0.2996218
0.15059729
0.14102857
0.26021084
0.35274097
0.41583857
0.455071
0.27407828
0.026739474
0.12730817
0.13090016
0.15533035
0.28311706
0.3730486
0.1649283
0.18177831
0.29919708
0.110115476
0.20148934
0.3056479
0.296282
0.30366972
0.14817849
0.110380694
0.083105095
0.14266248
0.31673816
0.57457435
0.45791587
0.24693531
0.32706413
0.2950868
0.3345229
0.26840854
0.09298092
0.30433193
0.2177872
0.11914585
0.3077426
0.32783017
0.16042335
0.24444078
0.24700055
0.15297258
0.062802695
0.32122052
0.38789573
0.25980115
0.1918311
0.14731695
0.14563777
0.1388117
0.13091567
0.35283163
0.3718316
0.24345198
0.29916987
0.28626552
0.17840837
0.41075537
0.48949465
0.2073621
0.15005073
0.20328861
0.27500263
0.33934993
0.3598818
0.2441243
0.11281814
0.10859598
0.37008184
0.5343972
0.4983504
0.5309684
0.51298344
0.4621309
0.42669764
0.43593296
0.42508113
0.47425306
0.57006085
0.5569481
0.598953
0.59776527
0.5431183
0.70287156
0.9689741
1.074979
0.88115406
0.7181144
0.6394363
0.72937965
0.80279213
0.38275558
0.30311048
0.370781
0.059017844
0.300098
0.33756194
0.1064999
0.36446813
0.6519082
0.68000776
0.4784165
0.18818708
0.28579158
0.30833253
0.41132432
0.7188182
0.9529052
1.0457596
0.65954787
0.8701382
1.6343467
1.9456929
1.7396678
1.4303054
1.0259678
1.1298039
1.3432683
1.3909831
1.5334523
1.6662372
1.657878
1.6761135
1.6903068
1.7769244
1.8616987
1.5023502
0.8009163
0.26353258
0.16259877
0.9478765
1.6211195
1.5464473
0.79794556
1.0717243
2.5199387
3.7597134
3.7944884
2.892232
3.0696652
3.591529
2.9811244
2.2003222
1.5954877
0.90342647
0.44271857
0.43712357
0.41682783
0.08385546
0.16636701
0.22707461
0.52278703
0.92806673
1.0372632
1.0302511
0.8462629
0.39852992
0.25694942
0.4313305
0.5696039
0.61776274
0.57938695
0.45275396
0.57372725
0.45140958
0.06508541
0.5661188
0.80649745
1.1906397
1.5842131
1.6414217
1.5675796
1.587728
1.7297932
2.158184
3.2652996
3.5666997
2.1227245
0.50345993
1.183817
1.0238249
1.5208694
1.14998
1.6810764
2.7915215
2.6573195
2.2398756
2.2073958
1.932535
1.5838814
1.2692671
0.9098353
0.56239223
0.61791974
0.9887034
0.6262522
0.15649287
0.2209506
0.68535304
1.0591398
0.8945921
0.8168864
0.5570588
0.27000168
0.32699987
0.26420623
0.25929186
0.10319374
0.30007172
0.3104918
0.16596696
0.5839681
0.37275133
0.5333936
0.6585921
0.48220325
0.7486319
0.4778087
0.30114698
0.36072066
0.36606276
0.5318162
0.52708685
0.13072546
0.29284084
0.49614123
0.50447905
0.6206807
0.84923846
0.8933183
0.83608246
0.8946955
0.94131523
0.643065
0.32374498
0.10016294
0.15764752
0.18439922
0.23768188
0.5032758
0.6401669
0.68643
0.69884247
0.9870844
0.95977086
0.52519286
0.25593776
0.27758723
0.53212565
0.6686877
0.5595825
0.5835196
0.45450574
0.62549484
0.8200644
0.68050516
0.41454002
0.35364968
0.12845705
0.2707821
0.5305683
0.6574452
0.50483215
0.38542813
0.47440717
0.39395383
0.17592949
0.27461693
0.21973261
0.3475009
0.5177698
0.5306915
0.4483352
0.47940037
0.6047026
0.29872078
0.43192172
0.5126994
0.22350013
0.36307704
0.4285252
0.40769047
0.568576
0.49033213
0.36370897
0.24638268
0.185586
0.14480229
0.18357281
0.15911572
0.25769663
0.16442211
0.049881436
0.089113444
0.04840212
0.061615862
0.09343174
0.26171502
0.26553243
0.21532795
0.43319374
0.60038656
0.5733989
0.5526381
0.59805226
0.4080437
0.20845696
0.25447524
0.2467366
0.157247
0.052687213
0.19696121
0.19983518
0.112287395
0.23502631
0.39802644
0.56590235
0.6405635
0.5235723
0.6057309
0.64439076
0.6151983
0.65945613
0.53779304
0.3237741
0.34277013
0.5794196
0.54533297
0.28312486
0.384772
0.44364908
0.20484586
0.15473509
0.118593924
0.20664322
0.2452948
0.09981966
0.055156205
0.10413916
0.073216595
0.15148923
0.14331242
0.27018827
0.3996838
0.35415393
0.26276472
0.303776
0.36103767
0.35058245
0.21919212
0.04442956
0.13622469
0.17604797
0.24777494
0.2774614
0.20231923
0.22067775
0.16674641
0.020308843
0.0838806
0.16238154
0.19830249
0.28053725
0.43514186
0.5704652
0.5098557
0.42339802
0.37871808
0.20797844
0.16274557
0.23009391
0.33944118
0.47402158
0.41944724
0.38270503
0.36310714
0.32613057
0.23023531
0.083839364
0.0779793
0.23380467
0.5006093
0.57039577
0.52636975
0.48509997
0.34687293
0.36980736
0.3904593
0.29050013
0.2907965
0.3291531
0.41535658
0.39329794
0.3486963
0.38419786
0.19307369
0.12209589
0.23167856
0.21079293
0.17212522
0.14336106
0.25207552
0.27263448
0.20775254
0.14716022
0.10558539
0.07750352
0.23037742
0.2264794
0.10461298
0.12319797
0.14264072
0.15342666
0.15340707
0.04572522
0.18541653
0.31836095
0.34735143
0.3793739
0.44080302
0.4017216
0.4688717
0.46364978
0.30203775
0.53603405
0.6603969
0.5458786
0.20943788
0.25921527
0.20396295
0.23127775
0.5272997
0.45008755
0.27549016
0.20454535
0.25868866
0.31118467
0.3037406
0.14864781
0.099398784
0.1859902
0.33628404
0.38935024
0.28869393
0.21070231
0.19027406
0.21193881
0.19713077
0.13945183
0.09175178
0.07391123
0.20754133
0.30930036
0.23025091
0.13730092
0.25606203
0.34940678
0.2662608
0.32096
0.40048516
0.27837658
0.34200954
0.38048303
0.30202648
0.33958048
0.31368312
0.14308968
0.15719835
0.20844217
0.23196435
0.434218
0.53498274
0.44995692
0.4322199
0.46049657
0.23941575
0.12719963
0.20286241
0.35650486
0.5095682
0.48723906
0.42732027
0.34365955
0.27545866
0.18914816
0.13778296
0.14223255
0.2775008
0.5053679
0.49437714
0.26511526
0.26892963
0.25170738
0.21952628
0.31607124
0.35823444
0.35935578
0.4709795
0.5211651
0.3633806
0.24830155
0.26326
0.16362566
0.06511126
0.04682479
0.14154857
0.22346576
0.26536122
0.25729683
0.24692847
0.19532947
0.22705273
0.21802112
0.15140377
0.21400669
0.156197
0.116079375
0.08139088
0.17473947
0.33513218
0.26028594
0.3235925
0.47764906
0.5787712
0.5725973
0.4424968
0.35663173
0.20961325
0.089022964
0.26730776
0.12046472
0.2211026
0.34504747
0.24376701
0.32998383
0.28560802
0.10103927
0.13113777
0.22704145
0.37957916
0.4678928
0.48581785
0.37671694
0.2750724
0.261102
0.18059073
0.22075672
0.1774224
0.1481899
0.26677716
0.27016324
0.24241416
0.16230209
0.18461058
0.22497313
0.11824395
0.22557566
0.27039135
0.28504914
0.37114704
0.3116867
0.22337212
0.22588997
0.26979715
0.20630805
0.19284257
0.18869668
0.111947566
0.13654785
0.16181996
0.13177031
0.11151816
0.10185533
0.109304845
0.16217037
0.091959484
0.042058636
0.1134248
0.16362421
0.19886391
0.15632035
0.1258083
0.14935468
0.13529593
0.118047155
0.12790844
0.18921678
0.18012585
0.18769789
0.2021465
0.13304542
0.014996153
0.14243045
0.14630681
0.16673985
0.17957726
0.10874471
0.13815089
0.12858513
0.16340773
0.19639501
0.096101336
0.089854375
0.09659739
0.09379069
0.14868489
0.11886868
0.04787874
0.1363325
0.20553549
0.16799188
0.16959015
0.16519867
0.18320312
0.21523009
0.20643061
0.1770743
0.14923356
0.16559064
0.15714154
0.12356861
0.1801502
0.1502194
0.11123901
0.13290252
0.16945785
0.153076
0.16257146
0.172615
0.1425566
0.14084907
0.11492145
0.05412571
0.050612524
0.063246995
0.095009975
0.10004823
0.092961416
0.087935634
0.07884213
0.11558355
0.14415489
0.10869331
0.111773096
0.14458737
0.12680276
0.08038072
0.041370198
0.045129213
0.08189526
0.04936265
0.0050243526
0.00945447
0.00967472
0.049098413
0.04158085
0.08382734
0.11080879
0.08981965
0.113249294
0.0982814
0.05564613
0.07771144
0.080746725
0.038153496
0.052521475
0.052667823
0.055846687
0.054655056
0.08770736
0.08587594
0.08222253
0.102448486
0.07027764
0.054579683
0.03236411
0.032295756
0.06517964
0.04843153
0.048199534
0.051654704
0.034041625
0.047687896
0.048324592
0.060424097
0.032998405
0.03191457
0.048062757
0.03404732
0.05549884
0.060976535
0.05014867
0.060605656
0.021150423
0.03004199
0.013332054
0.019818723
0.03979807
0.022468137
0.030265024
0.015118458
0.01568321
0.016921109
0.074572414
0.088193566
0.027744366
0.032090474
0.058178917
0.015573216
0.020488035
0.047278244
0.021690467
0.04026665
0.058017656
0.044409536
0.03410983
0.02913392
0.061827376
0.07911018
0.06645482
0.08494257
0.04677234
0.061979767
0.030386573
0.016255155
0.027169682
0.068695605
0.074075244
0.03897576
0.036282733
0.036807675
0.058184687
0.06736743
0.054497004
0.044177845
0.04160432
0.040833455
0.04701381
0.06844946
0.047501322
0.027545363
0.043598782
0.02183203
0.034789212
0.028786974
0.029402018
0.060882412
0.064693525
0.022735767
0.021023074
0.028441112
0.06526796
0.052090067
0.024268854
0.03152377
0.028892076
0.037750535
0.028222019
0.037212316
0.04024796
0.0061256127
-0.003051847
0.0061036795
0.012207316
0.02746633
0.00915539
-0.018310651
-0.00305175
0.0
-0.006103378
0.018309917
0.00915484
0.0
0.0
-0.024411786
-0.0030514195
0.024410896
0.006102602
0.030512363
-0.003051168
-0.024408769
-0.0091530625
-0.009152825
0.009152577
0.027456956
0.015253415
-0.0030505897
0.0030504928
-0.021352746
0.0061005764
0.021351263
0.009150207
0.018299725
0.006099671
-0.012198854
-0.0030495878
0.024395669
0.0060986513
0.024393514
0.015245247
-0.009146717
0.009146275
0.0
0.0030484532
0.018289773
0.009144401
0.0060959375
0.0091434
0.015238139
0.0060949037
0.015236363
0.006094179
-0.0091407085
0.006093425
0.003046519
0.0
0.018276723
0.009137749
-0.009137124
0.012181985
-0.0030452812
-0.009135187
0.02131388
0.0030446139
0.0060887686
0.02435321
-0.012175659
-0.009131023
0.012173722
0.0
0.018257592
0.015213388
-0.012169678
0.0
0.0060837846
-0.0060832473
0.02737216
0.024328602
-0.018244773
0.018243076
-0.009120678
-0.012159742
0.030396419
0.015196723
0.0121561745
0.021271173
-0.015192155
-0.015190597
0.018226825
-0.009112457
0.021260142
0.03644205
-0.009109524
0.0121447
-0.0030358385
-0.01821299
0.02428124
0.015174038
-0.0030344569
0.018204616
-0.0060674897
-0.00910015
0.02123113
-0.02729385
-0.003032278
0.021223316
-0.021220664
0.012124563
0.012123018
-0.030303646
0.0
0.009088724
-0.024233393
0.04240278
-0.0030283628
-0.024223614
0.03330291
-0.027244072
-0.006053395
0.033288997
-0.021180907
0.0060508233
0.01512488
-0.03629444
0.01512047
0.0151182385
-0.0060463957
0.03325019
-0.0030222875
-0.018130964
0.0060427263
-0.009062687
0.009061274
0.012079801
-0.0030194724
0.0030189909
0.009055518
-0.009054052
0.009052576
0.0
0.0
0.012064112
-0.01507761
0.0090450365
-0.009043498
-0.0030139827
0.015067312
-0.012051756
0.009037235
0.0060237623
-0.006022694
0.012043238
0.009030805
0.0030097237
0.0030091756
-0.012034496
-0.012032276
0.0150375515
0.012027793
0.0
0.021040697
-0.012020965
-0.0060093305
0.027036771
-0.009010509
0.012011665
0.030023264
-0.015008665
0.0030011362
0.009001607
-0.023999456
0.035991896
0.023989713
-0.0059962
0.017984893
-0.014984305
0.0059924726
0.029956084
-0.02695479
-0.0059886836
0.059874065
-0.029930614
-0.002992416
0.050860044
-0.0598223
0.03289505
0.0418572
-0.032880515
0.0418386
0.002987802
-0.044806935
0.035837434
0.014928864
-0.0029850898
0.06565686
-0.020885991
-0.026847174
0.03578787
-0.02981622
0.017885508
0.053643797
-0.017877001
0.01489393
0.014890343
-0.03572817
0.023812987
0.017855372
-0.0029751642
0.029744297
-0.014868459
-0.011891801
0.017833233
-0.011885829
-0.0029707055
0.011879802
-0.017815152
-0.008905291
0.00593533
-0.017801378
0.008898373
-0.002965349
-0.017787421
0.005927576
0.0029630025
0.0029622135
0.0
-0.0029606256
-0.008879479
-0.008877072
0.002958218
-0.008872227
0.0029565962
0.0059115607
-0.011819844
0.008862415
0.008859937
-0.014762415
0.0059033004
0.008852442
-0.0029499745
0.014745658
-0.008844857
-0.020632053
0.00883975
0.002945727
0.008834602
0.014720023
-0.008829415
-0.011769075
0.0029413959
-0.0029405195
0.00293964
0.017632542
-0.008813613
0.0029369814
0.014680442
-0.017611153
0.0029342927
0.014666949
-0.008797452
0.017589446
0.0029306617
-0.017578473
0.0029288263
0.0029279036
-0.008780933
0.01755629
0.008775347
-0.00584836
0.008769722
-0.011689193
-0.005842705
0.011681614
0.002919451
0.011673982
0.008752611
-0.020416023
-0.0058312183
0.0029146406
-0.005827337
0.01747616
0.0058234297
-0.014553666
0.0029097481
-0.0145438
-0.0058155367
0.017440641
0.0
0.0029047744
-0.0029037697
-0.01451381
-0.005803502
0.0
-0.0028997194
0.014493493
0.0057953494
-0.008689943
-0.0057912343
-0.005789167
0.0028935466
0.005785013
0.0028914632
-0.005780834
0.0
-0.0057766284
-0.008661774
-0.0057723974
-0.0057702726
-0.008652211
0.005766003
0.0028819295
-0.005761708
0.0028797756
-0.008636082
-0.002877609
0.0028765209
-0.011501719
-0.0028743353
0.0028732377
-0.005744274
0.002871033
-0.002869926
-0.008606447
-0.0028677022
0.0
0.0
-0.0057286858
-0.005726434
0.0
-0.008582866
-0.014299099
-0.0114347255
-0.014287698
-0.0057127895
-0.0057104933
-0.005708191
-0.011411765
-0.011407135
-0.014253116
-0.017096758
-0.0056965854
0.002847123
0.00284595
-0.011379096
-0.017061569
-0.025581712
-0.017047362
-0.008520115
0.0028388468
0.002837652
-0.011345818
-0.019846775
-0.019838348
-0.005665685
0.0
0.0028304192
0.0028292031
-0.0028279838
-0.011307046
-0.011302144
0.005648615
0.008469228
0.0028218413
-0.0028206035
-0.016916178
-0.014090596
-0.0028168724
0.0
0.0056287395
0.0
-0.00562371
-0.002810593
0.0
0.0028080598
-0.0056135776
-0.0028055147
0.0
-0.011211831
-0.0028016747
0.0
-0.008397299
0.0
0.0
-0.0055904286
0.0027939132
0.0
0.0027913023
0.0055799843
-0.0139433965
-0.00836209
0.0
-0.005569445
0.0027833977
-0.0027820698
-0.011122957
-0.005558811
-0.0027780689
0.0
-0.0027753867
-0.011096165
-0.008318078
-0.0027713412
-0.008309961
-0.00276863
-0.0027672697
-0.013829533
-0.008293622
-0.011052687
-0.011047199
-0.008281276
-0.013795237
-0.019303668
-0.016537702
-0.005509794
-0.008260524
-0.011008463
-0.0055014417
-0.01924526
-0.016487533
-0.01647911
-0.010980448
0.0
-0.0027422903
-0.0054817502
-0.010957829
-0.008214109
-0.008209838
-0.0054703723
-0.0027337568
0.0
0.0
-0.005458903
-0.010912043
-0.016359402
-0.008175362
-0.0081710145
-0.0027222193
0.0027207646
-0.008157921
-0.013589232
-0.0162983
-0.01900442
0.0027134481
0.0135598825
0.0
0.005418049
-0.013537724
-0.024354557
-0.0054091522
-0.0027030879
0.00810479
0.010800411
-0.005397212
-0.010788426
-0.0053912085
-0.005388199
0.013462958
0.010764325
0.008068704
0.0053761043
-0.0080596
-0.01342506
-0.008050463
0.002681961
0.0053608627
0.008036697
-0.005354728
-0.010703305
-0.0053485716
-0.008018228
0.0
0.008008945
-0.0053361943
-0.010666173
-0.00799496
-0.010653709
-0.013309327
-0.005320601
-0.010634934
-0.010628654
-0.007966773
-0.013270077
-0.005304875
-0.007952571
-0.010597095
-0.007943063
-0.005292198
-0.005289016
-0.010571657
-0.021130541
-0.013198594
-0.021104936
-0.01845559
-0.0052698115
-0.013166481
-0.01315842
-0.010520278
-0.015770713
-0.015760992
-0.013126047
-0.020988675
-0.0052439133
-0.0026203264
-0.013093468
-0.005234116
-0.01569252
-0.020910237
-0.0026121365
0.0
0.0
0.0026071917
-0.0078166155
-0.0078116474
-0.002602224
-0.0026005632
0.007796699
0.007791701
0.0077866954
0.012969471
0.005184441
0.0025905445
0.007766598
0.0051743696
0.0051710024
0.010335261
0.005164253
0.012902178
0.010314968
0.0
0.0077260425
0.0025736466
0.012859716
0.015421424
0.012842645
0.010267273
0.007695315
0.010253557
0.0051233424
0.017919654
0.012791137
0.0102260085
0.01788342
0.010212176
0.0076539335
0.010198304
0.0
0.005092197
0.015266138
0.0050852234
0.005081729
0.00507823
0.002537363
0.0050712177
0.012669261
0.007596279
0.0050606634
0.0050571356
0.0025268018
0.010100133
0.012616312
0.017650425
0.010078855
0.0075538075
-0.0025161556
-0.005028746
0.012562942
0.010043205
-0.0025090117
0.0
0.0
0.0050072586
0.012509152
0.0075000883
0.0
0.0024964204
-0.0049892254
-0.004985605
0.01245495
-0.0024891752
0.0049747163
0.009942156
-0.012418588
0.0
0.0
-0.0024782394
0.009905635
0.0049491525
-0.002472741
0.007412712
-0.0024690644
-0.0074016685
0.014792274
0.0147811975
0.014770107
0.014759005
0.0024579815
0.0024561265
0.017179886
0.014714461
0.01715384
0.019589482
0.0
0.0024449513
0.01710157
0.002441209
0.014636007
0.02437458
0.009742317
0.021903286
0.009727261
0.0
0.009712172
0.0072784605
0.009697048
0.019378947
0.012102363
0.0024185749
0.0
0.0024147728
0.012064343
0.026520586
0.016863378
0.004814287
0.0024052311
-0.00720995
0.0072042
0.021595333
0.014385364
0.011978189
0.0047874264
-0.0023917863
0.0023898573
0.011939632
0.011929967
0.009536234
0.009528486
0.0
-0.0071347244
-0.0023762984
-0.0023743534
0.0
0.009481829
0.0071055186
0.0023665533
0.0
-0.01653849
0.0
0.011793607
0.01649731
0.011773969
-0.014116962
-0.018806867
-0.016442213
-0.00469383
0.009379762
0.011714821
0.0
-0.011695027
-0.011685116
-0.0046700784
0.0046661063
0.016317457
0.0023290752
-0.011635418
-0.00465018
-0.004646189
0.0023210973
0.009276392
-0.0046341936
-0.0069452818
-0.009252356
-0.004622165
0.002309074
0.0023070637
0.0046101026
0.0
-0.009204086
-0.0068970113
-0.004593969
-0.009179852
0.0
0.0
-0.011444441
-0.011434298
-0.011424147
-0.01597958
-0.00684229
0.0022787277
-0.0045533804
-0.002274651
-0.00454522
-0.0045411345
0.0045370455
0.0090659065
0.0113221435
0.0045247576
0.0
0.0
-0.004512439
-0.009016651
0.006756313
0.0022500444
-0.0044959653
0.013475515
-0.002243854
-0.008967149
0.008958875
0.0
-0.0044711535
0.0044670063
-0.011157139
-0.004458702
-0.0089090895
-0.024477115
-0.004446221
0.0
-0.013313651
0.00443371
0.0
-0.013276061
0.0044211703
0.0
0.0
0.013225805
-0.0044044056
-0.013200619
-0.0021980018
-0.010979496
-0.0021937948
0.008766755
0.0
0.0
0.0043707234
-0.008732998
-0.0021811358
0.004358041
-0.0043538073
0.008699141
0.0043453313
-0.013023265
-0.008673686
-0.008665187
-0.008656684
0.004324087
0.006479744
-0.0043155686
-0.006466957
-0.0021535188
0.002151384
0.006447743
0.00644133
0.006434912
0.0
-0.0042813756
-0.004277088
-0.004272798
-0.004268505
-0.0021321047
0.0
0.0
-0.0042513045
0.0042469976
0.010606719
0.0
-0.0042340592
-0.006344611
-0.0063381293
0.0021105479
0.0
0.0
0.0
-0.012611317
-0.018897457
-0.0041950946
-0.010476879
-0.0062796087
0.0041820575
-0.008355413
-0.006260029
-0.0041689966
-0.010411594
-0.004160276
-0.002077956
-0.012454635
-0.0062207635
-0.0062142056
-0.010346073
-0.0020670262
-0.0020648362
-0.0041252906
-0.006181359
-0.006174778
-0.006168193
-0.006161605
-0.004103342
-0.0020494724
0.0
0.0
0.0020428693
-0.0020406658
0.0040769223
0.008145021
0.0020340483
0.00812736
0.008118521
0.0020274199
0.010126039
0.010114974
0.008083123
0.012111392
0.0060490468
0.0
0.00804765
0.0040193847
-0.0020074714
0.008020996
0.0040060515
0.008003205
0.015988605
0.005989047
0.005982363
0.007967569
0.0019896622
0.0139120165
0.013896392
0.011897793
0.01980731
0.011870974
0.0039525186
0.009870108
0.009858915
0.013786804
0.023607632
0.015720487
0.009814091
0.007842298
0.0019583295
0.009780418
0.013676858
0.0019515889
-0.00194934
0.0038941803
0.0
-0.0019425874
0.011642008
0.007752323
0.0
-0.0019335703
-0.0057939407
-0.0038581118
0.0038535947
0.0076981513
0.0019222773
-0.0076800636
-0.0076710144
-0.009577451
0.0038264522
0.003821922
0.0
-0.0019064281
-0.013329122
-0.013313241
-0.011397732
-0.01138411
-0.0037901604
-0.001892808
-0.01512428
-0.0151060885
-0.016973877
-0.015069686
-0.005644303
-0.0056374706
-0.009384394
-0.009372999
-0.016850881
-0.016830355
-0.0056032743
-0.009327379
-0.0055895783
0.0
-0.01672762
-0.01856339
-0.0111243175
-0.016665895
-0.007397913
-0.0036943797
-0.012914305
-0.011055664
-0.01104192
-0.007352114
-0.0018357363
0.0
-0.0054934495
-0.009144277
-0.012785923
-0.014594116
-0.0018219681
-0.005459013
-0.0054521193
0.0
-0.010876652
-0.010862852
0.0
-0.0108352415
-0.0072142864
0.0
-0.016190693
0.003593324
0.010766146
-0.008960262
0.0071589868
-0.0017874404
-0.014281067
0.0035656516
-0.0017805176
-0.007112835
0.0053276983
-0.0070943576
-0.0053138365
0.0035379354
-0.00883328
0.0
0.0070481235
-0.008798587
-0.0035148072
0.003510178
-0.012269419
-0.0052513755
-0.0017481424
-0.006983303
0.0017435086
-0.001741191
-0.008694365
0.0017365542
0.0034684702
-0.005195746
0.005188786
0.0
-0.0068998146
0.0068905284
0.0
0.0017179876
0.0102939885
-0.0068533653
0.0
0.00512608
-0.0068254746
0.0017040435
0.010210308
-0.0016993921
0.0050911973
0.0
-0.0067696474
0.005070253
0.0016877564
0.0016854281
0.0050492985
-0.0067230817
-0.0083922045
0.0033522225
0.0050213435
0.010028704
0.0150220785
0.005000366
-0.0049933717
-0.0033242507
0.0016597933
0.0016574608
0.0066205123
0.001652795
-0.004951385
-0.004944384
0.0
0.011504219
0.013129003
0.008193953
0.003272911
-0.004902361
-0.004895354
0.003258898
0.008135565
0.008123883
0.0048673204
0.0
-0.0048532994
-0.006461717
0.0
0.0
0.0064336658
0.0048182355
-0.0032074808
-0.003202804
-0.0031981268
-0.006386899
0.0047831577
0.0015920468
-0.0015897077
0.0047621047
-0.007925144
-0.0031653785
0.011062446
-0.0015780096
0.0
0.009439977
-0.0062839566
0.007843244
0.015663084
0.0
0.009369764
0.0046778596
-0.0077847284
0.010882234
0.0046567917
-0.001549923
0.010833073
-0.0046357224
0.0015428996
0.010783909
-0.0030764344
0.004607628
0.0076676738
-0.00918716
0.0030577043
0.0030530216
-0.0015241695
0.01674011
0.0030389738
-0.003034291
0.0121184345
0.0015124631
-0.0060404874
0.010554465
-0.0015054396
0.0015030985
0.013506818
-0.005993666
0.0074803783
0.013443613
-0.0014913941
0.010423373
0.01040699
-0.008906234
0.004446096
0.00887815
-0.0014773514
0.01032508
0.014726714
0.0044109947
-0.004403976
0.0014656524
-0.001463313
0.0058438946
0.027714057
0.01019407
0.0
-0.010161327
-0.014492798
-0.0072347075
0.0057784137
0.011538125
0.0043197838
-0.0014375903
-0.014352531
-0.005731664
0.0
0.009997698
0.0085554365
-0.00569428
-0.0042637023
-0.004256695
0.0028331259
0.0014142278
0.0028237859
-0.004228675
-0.0070361197
0.0
-0.0070127803
0.0014002225
0.0013978893
-0.011164452
-0.009752567
-0.009736241
-0.013885596
0.0
-0.0013838967
-0.015197222
-0.0055169403
-0.0068845237
-0.0137457475
0.0013722453
-0.005479664
-0.0068379357
0.0013652586
-0.009540514
-0.005442411
0.0013582754
-0.00949164
-0.004060866
-0.0027025917
-0.013489701
-0.0013466448
0.0
-0.0107359635
0.0026793429
-0.0053493916
-0.008010148
0.0039981063
-0.007982279
-0.0053122323
0.0013257368
-0.009263911
-0.005284382
0.0013187756
-0.009215194
0.0013141374
0.0078709135
-0.003928503
0.0052287346
0.0
-0.009117853
0.0039007037
-0.0012979193
0.0
0.011639613
0.0012909767
-0.0025773272
0.005145404
-0.002568078
0.0012817276
0.0025588335
0.0
0.0076487805
-0.0012724877
-0.0012701792
0.0076072277
0.005062256
0.0025265147
0.0063047563
0.0037759377
-0.0025126822
0.0012540369
0.0012517334
0.0062471526
0.004988513
-0.0037344801
-0.0012425258
0.0
0.002475852
0.0061781355
0.0049333153
0.0012310314
0.0012287345
0.0
-0.001224143
0.0036655448
0.004878217
0.004869044
0.0012149684
0.0
0.0012103856
0.0012080952
0.0024116111
0.0048140674
0.0
0.0023978828
0.0035899647
0.0011943692
0.008344589
0.0083286
0.004750066
0.0047409358
0.0
-0.0059033553
0.0058919545
0.0035283347
0.003521499
0.011715553
-0.0011692784
0.0011670024
0.0034941814
0.0011624529
0.009281434
0.01042116
0.0046225395
0.00576682
0.00575547
0.0057441243
0.010319009
0.0034328678
0.004568091
0.006838544
-0.0011374926
0.0068113734
0.007930763
-0.0011307042
0.01015599
0.012388016
0.0
0.010094995
0.0055970442
-0.0022343053
0.013378769
0.0033379293
-0.0022207797
0.012189512
-0.0011058861
0.004414543
0.013216636
-0.0043965518
0.0043875626
0.00766251
-0.0043695956
0.005450773
0.0010879113
-0.004342676
0.006500567
-0.0021623753
-0.002157897
0.0064602625
0.0
0.0064334245
0.010700025
0.0
0.0021310719
0.0021266085
-0.004244295
0.0063530654
0.008452927
0.0010543886
0.0031564871
-0.003149812
0.0010477134
0.011500397
0.0073028826
0.010410484
0.003116487
-0.0031098323
-0.0020687873
0.0020643554
0.008239704
0.008221995
0.0020510738
-0.004093303
-0.0030633467
-0.0020378134
0.0050834953
0.011159418
0.009110585
0.0040403325
-0.006047282
-0.0070397505
0.0030104348
0.0050063953
0.009990811
0.0069781905
-0.0059681335
0.0
-0.0029709053
0.0
0.010845115
0.009837304
-0.001963085
-0.008814204
-0.0058630235
-0.008774879
-9.7280386E-4
0.009706224
0.0
-0.0028987904
9.64086E-4
-0.0038476393
0.002879205
9.575615E-4
-0.002866168
0.0047660926
-0.0038041961
-0.006642166
9.4671414E-4
-0.0094454875
9.423847E-4
0.003760888
-0.007504486
0.0037436034
-0.0065361965
-0.008384267
0.005576577
-0.0027818256
-0.0018502446
0.0036918833
-0.010129028
-0.0027560163
0.0018330498
-0.01005817
0.0
-0.007280735
-0.014527207
-0.0027174314
-0.008133047
-0.0027046045
0.010792791
-0.0044863257
-0.001790265
-0.002679004
-0.017817434
-8.887435E-4
-8.866168E-4
-0.00530695
0.006176576
-0.007922213
-0.011415629
0.004380031
-0.0052433317
0.0
0.0069572646
-0.011278087
-0.003461735
-8.633239E-4
-0.0060285092
0.0051546535
8.570038E-4
-0.004274501
8.527982E-4
-0.010208374
-0.005091594
0.0067720143
-8.4440614E-4
0.004211561
0.003360879
-0.012571934
0.0016720796
0.0016679044
-8.318663E-4
0.009127602
0.002483098
-0.0049537104
0.0
-0.0041073067
-0.0057356968
0.0040865545
0.0016304763
0.004065836
-0.004055489
-0.007281271
0.0
-0.0024146994
0.0032113488
0.0016015526
-0.00559102
-0.0015933193
-0.0015892078
-0.0023776495
0.005533483
0.003942235
7.8639813E-4
0.001568702
-0.0046938336
-7.8026205E-4
0.0
0.0031047203
0.003096567
0.0015442105
0.0015401408
7.6803745E-4
0.0030640247
0.0022919304
0.005333644
0.0022797699
-0.0015157985
-7.5587706E-4
-0.0037692832
0.002255514
0.0044989274
0.0029912253
0.0052205524
0.0014875638
-0.0014835449
0.0014795298
7.3775917E-4
0.0
0.0036687662
0.005122272
0.0021892644
0.0029110336
7.2576385E-4
-0.002895085
0.0
0.0014395831
0.0050246324
0.006442376
0.0028553456
0.0021355655
0.0
-0.004955289
-0.0021177686
0.0035197467
0.0035098887
0.0056000645
0.0027921612
-0.004872522
-6.941107E-4
0.0020764465
0.0
0.0055058477
0.004803925
0.0
0.0040942137
-0.0013608378
-6.784709E-4
0.0047356742
-6.745808E-4
0.0020179164
0.0033534938
0.0013375215
0.004667773
0.0019946722
6.6295883E-4
0.003966173
6.59101E-4
6.5717514E-4
0.0026210055
-6.533296E-4
0.0032570497
0.0012989846
-0.002590307
0.0
-0.0025750073
-0.0025673697
0.003839611
0.00127606
6.361269E-4
0.0012684518
-0.003161635
0.0
-6.285355E-4
-0.0031332148
6.247525E-4
-6.228641E-4
-0.0024839118
-0.0012381877
-0.0018516358
-0.0012306642
0.0012269089
6.1157893E-4
0.0
0.0
-0.0024238613
-0.0012081969
-6.0223375E-4
-0.0024014846
-0.0023940434
-0.003579916
-0.0029739833
0.0
0.0017732739
5.892419E-4
-5.873947E-4
-0.002342199
-0.005253363
-0.0034911984
-0.0011600562
0.001734576
0.0017290744
-5.745265E-4
-0.0011453942
-0.0039960896
-0.0039833155
-5.672224E-4
-5.6540204E-4
5.635839E-4
0.0011235361
0.0
-5.5814313E-4
-5.563341E-4
-0.001663582
0.0
0.0011018413
-0.0016473624
-0.0021892928
-0.0021821118
-0.001631205
0.0010838886
5.40156E-4
-0.0021534797
-5.365863E-4
-0.004278439
-0.0031981552
0.0015937474
0.0
0.0010554056
5.259331E-4
-0.0041933265
-0.0026120043
0.0015619149
-0.0010377562
0.0
-0.0030921886
-0.004622505
-5.1186094E-4
-0.0020404505
-0.0010167335
5.066232E-4
-0.002019528
-0.0010062866
-0.001504221
-0.0054964037
-9.958831E-4
0.0
-0.0019779433
9.855232E-4
-9.820797E-4
-0.001957282
9.7520713E-4
-0.0019435564
-4.841771E-4
9.64935E-4
-0.0019230415
0.0
-4.7735355E-4
-0.0038052308
-4.739566E-4
4.7226183E-4
-0.0018822781
-0.0037510379
-0.005606309
-0.004655076
-9.2765054E-4
-4.6214546E-4
4.6046812E-4
0.0
-0.004114089
-0.0027327074
-0.0022689197
-0.0031648346
0.001801828
0.0
-0.0031299812
-0.0013364567
-0.0035506682
-0.004864024
-0.0017621482
-4.3889263E-4
8.745016E-4
-8.71223E-4
-0.0034717983
-8.6468126E-4
-8.6141814E-4
-0.0021454003
-4.2745366E-4
-0.0017033194
-0.0029694603
-0.0038033098
-0.0012629217
-8.3872094E-4
-0.0016709985
-8.322828E-4
-0.0016581431
-0.004129328
-0.0024679943
-8.1946934E-4
0.0
4.0654704E-4
-0.0016198286
-0.0016134798
-0.003214283
-0.0028014241
-3.9862416E-4
-0.0019852377
-0.0011864207
-0.0019695112
-0.0035310024
-0.0015630705
-7.7840866E-4
-7.752874E-4
-7.721715E-4
-0.0023071829
-0.003829779
-0.002669996
-0.0018994041
0.0
0.0015071782
7.505109E-4
-0.0011211572
-0.0026052978
-0.0029652356
-7.382525E-4
-7.3520147E-4
0.0
7.291158E-4
-0.0021782436
-0.002169156
-0.0014400567
-0.0010755153
3.5699873E-4
-3.5549514E-4
-0.0014159773
-7.049925E-4
-0.0014040037
-0.0013980336
-0.0013920744
-0.0013861264
0.0
-0.0013742637
-6.8417453E-4
0.0
-0.0016956915
-0.001350672
-0.0013448021
-0.0016736791
0.0
-3.3181484E-4
-0.0013214343
-9.867154E-4
-0.0022921814
-0.0013040267
6.4912334E-4
-3.2311952E-4
0.0
3.2024368E-4
0.0
6.3475844E-4
-9.478537E-4
-0.0018871567
6.262077E-4
3.1168445E-4
0.0
0.0012354167
-0.0015372168
-0.0021422477
-3.0463032E-4
0.0
0.0018109726
0.0027038907
2.9903874E-4
-0.0011905922
-0.003258863
-0.0020641277
0.0
0.0011684572
8.722143E-4
0.0
-8.6398335E-4
-0.001433135
-2.8526245E-4
0.0
0.0014127108
0.0019683046
5.596671E-4
0.0
-8.3141006E-4
-8.2737795E-4
-5.4890313E-4
0.0010924537
8.153348E-4
-2.7044603E-4
0.0
-2.6779043E-4
5.3293415E-4
0.0013257334
0.001055317
7.875444E-4
5.2240666E-4
-7.7968446E-4
0.0
0.0
7.6796167E-4
0.0017828346
0.0015203826
0.0015126391
5.0163793E-4
-4.9906876E-4
-4.9650564E-4
0.0
4.9139746E-4
0.0017109832
0.0019452533
4.8378034E-4
2.406267E-4
-2.3936626E-4
-2.3810883E-4
0.0018948356
0.002356031
0.0014061288
0.0011655475
-6.9560186E-4
-6.918843E-4
0.0
0.0
0.001588502
0.0013542114
2.2447799E-4
-2.2325714E-4
-4.4407873E-4
0.0011041233
0.0019765173
0.0015288313
0.00217199
4.319932E-4
-6.443918E-4
4.272021E-4
0.0
0.0012673072
0.0014702164
8.3538826E-4
0.0012459978
8.2595466E-4
6.1594235E-4
6.1242806E-4
0.0014208205
0.0018162824
4.0129412E-4
0.0
1.9833224E-4
-3.9435906E-4
5.880898E-4
7.795339E-4
3.8748028E-4
9.629997E-4
-1.914629E-4
-5.7098694E-4
1.8919821E-4
1.880706E-4
9.3473063E-4
0.0014865984
1.8470665E-4
-1.8359163E-4
-1.8247978E-4
3.627422E-4
7.2106236E-4
7.1665295E-4
3.5612812E-4
-3.539361E-4
-7.035009E-4
-5.243567E-4
0.0013895928
0.0013809265
6.861428E-4
1.7045879E-4
-5.081552E-4
-5.0494366E-4
3.3449443E-4
9.970985E-4
6.604886E-4
6.562577E-4
-3.260198E-4
-3.2391716E-4
3.2182096E-4
6.394624E-4
7.941196E-4
7.889273E-4
4.702507E-4
-1.5571823E-4
-1.5468943E-4
7.683194E-4
7.632078E-4
6.0648983E-4
6.024264E-4
-2.9918796E-4
1.485846E-4
4.427354E-4
5.863023E-4
2.9115187E-4
2.8915907E-4
4.307592E-4
1.425965E-4
4.2482963E-4
5.6250603E-4
2.7929278E-4
1.3866955E-4
4.130879E-4
4.1017696E-4
8.1455166E-4
9.435639E-4
2.6766869E-4
2.6575426E-4
2.6384636E-4
3.929176E-4
7.8015093E-4
0.0010326486
6.407014E-4
0.0
5.050742E-4
-1.2533764E-4
2.4882003E-4
8.643999E-4
3.6769404E-4
0.0010948227
6.0366275E-4
-2.3964289E-4
4.7565464E-4
3.5402752E-4
1.17108015E-4
0.0012783118
4.6126253E-4
1.1442443E-4
4.5414618E-4
0.0
6.706245E-4
4.435714E-4
2.2003656E-4
7.640293E-4
2.1655827E-4
0.0
1.0655334E-4
1.0569546E-4
6.290455E-4
6.2393834E-4
0.0010314187
4.091895E-4
-2.0291246E-4
3.018553E-4
1.9956799E-4
5.937175E-4
9.81252E-4
-2.919025E-4
-9.647984E-5
2.8698661E-4
-3.7939177E-4
4.7018524E-4
2.7968857E-4
2.7727612E-4
1.832492E-4
-5.4496323E-4
2.7009955E-4
1.7848508E-4
0.0
7.013713E-4
8.689092E-5
-5.166829E-4
3.4136046E-4
-8.4569794E-5
0.0
4.151967E-4
-8.2279206E-5
0.0
-1.6153828E-4
-3.2007683E-4
0.0
3.9264778E-4
3.1115935E-4
1.5410707E-4
0.0
-2.2677348E-4
-7.486509E-5
0.0
-7.342321E-5
1.4541479E-4
-7.1995004E-5
-1.4257207E-4
7.0580485E-5
-2.0963511E-4
1.3835936E-4
2.7393768E-4
1.3558517E-4
2.0131258E-4
0.0
0.0
3.2529805E-4
0.0
0.0
1.2609197E-4
-1.2476333E-4
1.8516237E-4
6.106336E-5
6.0409377E-5
1.1951769E-4
-5.9111764E-5
1.1693628E-4
2.8913983E-4
1.1438251E-4
1.6967398E-4
1.11856396E-4
-1.6590559E-4
1.6403696E-4
5.4059572E-5
1.0688725E-4
4.2264917E-4
5.2222134E-5
0.0
1.02029044E-4
5.041592E-5
3.4874558E-4
4.430623E-4
2.4320486E-4
9.6112555E-5
-1.8990024E-4
-9.3794646E-5
4.6323068E-5
1.372569E-4
2.7111007E-4
1.7848486E-4
0.0
0.0
-4.295074E-5
1.272027E-4
3.348364E-4
4.1311694E-5
4.0772335E-5
4.0236468E-5
-1.191123E-4
7.8350466E-5
1.9324933E-4
3.8128E-5
0.0
7.418955E-5
-1.0975026E-4
3.6075573E-5
1.7785616E-4
1.052112E-4
1.3829231E-4
0.0
-1.6794482E-4
-6.620436E-5
6.5237815E-5
9.6417454E-5
1.8997747E-4
1.2476076E-4
-3.072099E-5
-6.051061E-5
-2.9793146E-5
1.4667252E-4
2.5991452E-4
1.4213899E-4
-5.5959466E-5
-1.3767598E-4
-1.6256509E-4
-7.99701E-5
1.0489098E-4
1.5475394E-4
2.5365433E-5
-9.97683E-5
-2.2070025E-4
-1.4463576E-4
4.7386413E-5
9.3135954E-5
1.6014816E-4
2.2476166E-5
-1.7662052E-4
-1.5177752E-4
-8.5163934E-5
-6.270901E-5
6.1555715E-5
6.041304E-5
-5.9281003E-5
0.0
-1.9016281E-5
-1.8649576E-5
1.2800493E-4
5.3780434E-5
-1.7570754E-5
-1.7218248E-5
-8.4346466E-5
-3.3047785E-5
1.6182044E-5
0.0
1.5509011E-5
-3.0355655E-5
-4.4550605E-5
-5.810453E-5
0.0
5.5554683E-5
4.0725838E-5
3.979634E-5
-2.5918354E-5
-7.593881E-5
-3.7071968E-5
2.4123481E-5
3.5309167E-5
2.2962537E-5
1.119638E-5
-2.1830114E-5
-3.1911906E-5
3.108934E-5
6.0554958E-5
1.9650883E-5
-9.561959E-6
-2.7906139E-5
-9.045705E-5
-3.5171735E-5
1.7087468E-5
1.6596216E-5
7.250448E-5
3.9087867E-5
-3.0330666E-5
-2.2054004E-5
7.1235777E-6
6.8993963E-6
6.6787914E-5
4.523234E-5
-1.8744935E-5
0.0
-2.332857E-5
0.0
5.430288E-5
2.6173651E-5
2.017101E-5
0.0
-3.735631E-5
-4.4883036E-6
1.7242603E-5
2.481948E-5
4.362701E-5
1.8995932E-5
-7.27173E-6
0.0
6.639947E-6
9.502213E-6
1.8110522E-5
2.0111152E-5
1.0924834E-5
5.185963E-6
2.4583405E-6
6.9818593E-6
1.31989145E-5
0.0
3.911293E-6
1.8389417E-6
-1.725825E-6
6.4651867E-6
1.5103569E-6
5.632024E-6
9.16471E-6
4.856287E-6
4.4899552E-6
3.103487E-6
1.9001849E-6
3.4771174E-6
3.9602833E-6
7.1842453E-7
6.483831E-7
5.8193257E-7
-5.19073E-7
1.8392188E-6
2.8288937E-6
7.0408424E-7
1.2141925E-6
2.5864583E-7
-6.5200595E-7
3.592334E-7
2.9098015E-7
3.4486652E-7
3.5205227E-7
-1.2932566E-7
-1.3471451E-7
5.7478292E-8
-4.8497377E-8
-7.1848034E-9
7.184808E-9
-0.0
