0.42627448
0.23397718
0.13610676
0.555437
1.8400626
1.3632915
0.45842823
0.6559011
1.6292146
1.4294542
0.3843308
0.07859611
0.84999764
1.2394962
0.51422757
0.384175
0.13367853
0.30472368
0.09871052
0.06496353
0.31897122
0.22050983
0.46856815
0.7801049
0.58832884
0.46510515
0.21408412
0.22715881
0.13634367
0.2171455
0.16079886
0.39206463
0.4074449
0.3583471
0.39345255
0.08271173
0.34106654
0.27695274
0.13470294
0.03274643
0.19666465
0.26839083
0.32577866
0.33376688
0.15801165
0.10425643
0.2136876
0.036822345
0.1723659
0.19703962
0.31183407
0.24295378
0.30671066
0.10035192
0.40614578
0.28372276
0.05437511
0.20104665
0.03855683
0.42322555
0.49220166
0.22127144
0.2107333
0.4752794
0.28229865
0.04393604
0.08845765
0.76846683
0.8005468
0.18208416
0.04042734
0.0940924
0.17083736
0.06923893
0.059756245
0.10393836
0.17562298
0.24324624
0.22392744
0.21077037
0.03820515
0.09116439
0.08986459
0.19658166
0.19697925
0.28420013
0.36167952
0.30725116
0.22089276
0.22350074
0.23761751
0.21201007
0.15192918
0.18457484
0.23054461
0.25601414
0.192869
0.03096564
0.21189758
0.26243463
0.13651636
0.14937271
0.26183683
0.23018561
0.19073069
0.08226535
0.15876313
0.30655447
0.21327989
0.13202885
0.15386534
0.09485035
0.09000215
0.10698739
0.21649371
0.18751986
0.01965646
0.1459092
0.20030755
0.13421747
0.038028527
0.124783956
0.22425961
0.27558923
0.16782087
0.08708955
0.08678092
0.11102843
0.1724358
0.124469735
0.064741194
0.050920818
0.098259926
0.07033267
0.050809715
0.03010049
0.2204966
0.40414113
0.2707255
0.08843986
0.097462796
0.15782127
0.1612912
0.21137007
0.201105
0.15715648
0.05532642
0.13019711
0.14658153
0.1897245
0.067919195
0.15238604
0.1207834
0.071892574
0.084049344
0.080241516
0.10651611
0.07325686
0.10439154
0.16169673
0.15178
0.10331827
0.050969217
0.062090304
0.09995924
0.059231274
0.0056383284
0.041685134
0.13360208
0.06295888
0.070114285
0.09638394
0.14271584
0.105732396
0.07939192
0.12980126
0.06360519
0.10758722
0.098402314
0.18223621
0.26156572
0.19340406
0.06681936
0.095362246
0.13218378
0.07289777
0.1649748
0.094247304
0.08812884
0.07339922
0.09258967
0.07077627
0.10859487
0.05518087
0.0663237
0.069266364
0.11491364
0.2206636
0.082296714
0.08818867
0.06966667
0.06015508
0.09179143
0.06435834
0.09588246
0.06805328
0.049428403
0.104528844
0.18571405
0.18280429
0.11401351
0.09890045
0.18769555
0.27060616
0.22714275
0.08700063
0.02588727
0.08987806
0.1652706
0.07015295
0.1270773
0.12769438
0.041897956
0.10746214
0.09917772
0.12088014
0.19096579
0.13134123
0.13789064
0.04982452
0.04777928
0.049165744
0.15203384
0.19596824
0.10555157
0.097596854
0.05324096
0.1294914
0.14463665
0.06696513
0.08704166
0.09006019
0.1460548
0.23518722
0.14320381
0.022464521
0.039859712
0.088865206
0.08144767
0.02715809
0.009795695
0.15714623
0.22239304
0.188118
0.09166404
0.07464879
0.095499106
0.047584992
0.05038635
0.07733235
0.10268105
0.12521696
0.12467988
0.08886016
0.05584219
0.07892103
0.12533116
0.03271804
0.08959411
0.040714677
0.09439265
0.12328686
0.08187954
0.14793113
0.23584253
0.19652101
0.12006023
0.07781572
0.033925615
0.14820954
0.12031081
0.07991827
0.13733174
0.10915483
0.0789464
0.018513802
0.058953363
0.08191881
0.032307155
0.09826305
0.11821061
0.15127821
0.28641993
0.7065297
1.192676
0.5967134
0.32201308
0.5166514
1.3033502
2.3359022
2.8902617
2.4199564
1.0915959
0.32592744
0.35520482
0.5755648
0.36392307
0.09238951
0.14205767
0.16414551
0.14893074
0.009926357
0.13704899
0.122732446
0.1054127
0.045980312
0.14746502
0.16332346
0.031721715
0.2514014
0.18695472
0.1951206
0.27358916
0.08876333
0.16250193
0.25492072
0.07532172
0.025665669
0.104695626
0.062038206
0.15006188
0.15421246
0.08334448
0.065842114
0.07924764
0.033169616
0.018543256
0.0396681
0.11076498
0.07729704
0.048488207
0.105270766
0.18450406
0.12315744
0.036264047
0.09404458
0.1547494
0.033594728
0.14030468
0.09918666
0.12517232
0.13821809
0.12822549
0.03216176
0.16194521
0.19487847
0.052108236
0.08850536
0.09646017
0.15917996
0.15051891
0.12548812
0.20568064
0.2387137
0.052918274
0.09040309
0.061367203
0.031773787
0.10128158
0.19666843
0.30382764
0.21682155
0.187332
0.12347786
0.060470343
0.088573106
0.11263996
0.05236267
0.08035221
0.05183243
0.033754803
0.04735272
0.036677692
0.09562614
0.14063972
0.084817015
0.05815204
0.007983982
0.037995223
0.01924851
0.050339513
0.091532774
0.041142877
0.1347719
0.12559837
0.09445952
0.09607845
0.032587856
0.26712877
0.5270767
0.41427466
0.6107518
0.45104367
0.05370866
0.018465858
0.06997675
0.046148863
0.05271981
0.107708946
0.1123552
0.05747057
0.1272532
0.30673233
0.23226072
0.0810946
0.024513211
0.12301502
0.13721171
0.10708303
0.022121828
0.030261092
0.029450398
0.08448681
0.10472583
0.14212322
0.12688836
0.1234756
0.14664587
0.089182764
0.09541057
0.16868702
0.086217105
0.03047212
0.12537406
0.19913818
0.13654724
0.07065623
0.12011797
0.055034235
0.09082204
0.14193977
0.0752381
0.08204281
0.13572198
0.07480992
0.0799636
0.13538653
0.12512933
0.06876262
0.09845941
0.16023088
0.13321495
0.08214548
0.18631807
0.31465855
0.28744224
0.164564
0.24213365
0.47838768
0.39229333
0.15918767
0.10271473
0.07099841
0.10272951
0.14614199
0.0949318
0.12052508
0.15031143
0.098404355
0.06750047
0.13455746
0.053176735
0.06766231
0.14195998
0.16281782
0.0901953
0.08096097
0.22197726
0.030362735
0.18810043
0.08423638
0.08725871
0.09669304
0.022098511
0.17502572
0.22877702
0.07295675
0.1169899
0.12760603
0.09465189
0.14263217
0.17777258
0.13723138
0.14742547
0.105360225
0.1356646
0.12676561
0.06929515
0.04603999
0.0069916653
0.20800212
0.29825267
0.024529355
0.12504463
0.18655963
0.15502012
0.09490211
0.20760296
0.20044826
0.18350399
0.043306094
0.18699284
0.14970043
0.06412878
0.152015
0.1826781
0.080803476
0.12629873
0.2530472
0.24933138
0.13354437
0.1350571
0.084912784
0.16919565
0.25640163
0.21578589
0.034635402
0.1683118
0.06450007
0.12927122
0.10091238
0.13725628
0.17462994
0.07733889
0.03540306
0.057143122
0.13111497
0.18714924
0.1665836
0.1075769
0.15388253
0.24142446
0.3500484
0.2970029
0.13422756
0.25661466
0.18368925
0.07309062
0.0502204
0.119443074
0.20713823
0.09315857
0.09622696
0.1638088
0.02712807
0.12259202
0.05573015
0.21839146
0.17081459
0.03649687
0.10852522
0.15722471
0.2769526
0.3288782
0.23429407
0.08573097
0.14800505
0.2862433
0.1620535
0.12543944
0.11418055
0.047728755
0.062216297
0.102691635
0.22016329
0.16633414
0.099940166
0.2801169
0.08319479
0.01358229
0.12069251
0.07126937
0.078941084
0.08785301
0.13818027
0.1435703
0.17003778
0.12178478
0.2533296
0.27135232
0.3681438
0.3887635
0.14717144
0.06444098
0.1326963
0.17090179
0.30278558
0.2513857
0.27918535
0.2543669
0.13854878
0.121419944
0.044720184
0.084954895
0.17877936
0.22953664
0.09192774
0.37810364
0.6372154
0.6179052
0.5666
0.33904845
0.111316524
0.662123
0.86342454
0.6246446
0.53408736
0.17728612
0.24411686
0.118436985
0.3653752
0.50276077
0.17121807
0.19506358
0.30086547
0.36354727
0.26230106
0.17712402
0.121883996
0.43501678
0.38291886
0.6226385
0.8057465
0.6245327
0.43172026
0.5097296
0.34853965
0.26815233
0.24602501
0.14826487
0.124138035
0.357286
0.56627464
0.69933206
0.47402406
0.2195757
0.051105775
0.13385978
0.28042188
0.46778384
0.33248365
0.39126256
0.37265053
0.26620612
0.14325517
0.31358367
0.4952039
0.4344945
0.41044736
0.42533854
0.23623581
0.11250247
0.1256527
0.20697206
0.2791461
0.2912681
0.09216256
0.3205438
0.1872257
0.4292567
0.42787567
0.27746972
0.17135975
0.045772053
0.30333197
0.31491593
0.118029654
0.15132865
0.4082938
0.33264798
0.0717097
0.1376029
0.22036812
0.24873002
0.09770645
0.20532562
0.22307564
0.30779958
0.28524405
0.1189686
0.11918015
0.21288826
0.109019905
0.05970346
0.23564783
0.1995192
0.20914343
0.28703082
0.37387937
0.229881
0.31170505
0.33029634
0.16220577
0.27377638
0.1632217
0.24801964
0.15320739
0.110586196
0.093540795
0.052975453
0.13108873
0.14205192
0.15997258
0.12299302
0.068356894
0.13568412
0.19337907
0.21827477
0.21526356
0.06488244
0.1631467
0.05519038
0.045014426
0.011325889
0.092131555
0.086460955
0.04221792
0.09035365
0.0950212
0.13073549
0.12609503
0.08035041
0.16985963
0.07276586
0.14264664
0.102249555
0.08946384
0.049449675
0.014887418
0.028659947
0.04655031
0.05237971
0.12539062
0.09741129
0.10796236
0.049556118
0.10726658
0.05759199
0.103813164
0.12743448
0.11588471
0.11790899
0.0774843
0.10450707
0.16601509
0.048095573
0.04644058
0.02291935
0.037394993
0.05139812
0.044504855
0.12094284
0.11983113
0.06748718
0.08622574
0.17254484
0.22647706
0.161087
0.09687913
0.054091543
0.18436685
0.19211729
0.042711996
0.026666982
0.040325694
0.043823767
0.06800895
0.06296308
0.13230863
0.12880066
0.115096055
0.018032987
0.17621233
0.18086271
0.047501367
0.08524082
0.0718508
0.08731968
0.1176144
0.09426396
0.058277514
0.01827844
0.09874901
0.1212502
0.10188409
0.06736929
0.023421863
0.1297284
0.12701978
0.06466389
0.09020858
0.07997324
0.08216313
0.08726205
0.052611273
0.04688357
0.0466107
0.05010895
0.10658595
0.08005551
0.039891634
0.052237105
0.044456538
0.098456636
0.12683357
0.08849702
0.07497193
0.07337904
0.07220856
0.038559217
0.02817197
0.056261875
0.083932124
0.05200914
0.086851105
0.0692629
0.066029504
0.06803431
0.11603133
0.065754384
0.01753725
0.038801562
0.039045963
0.035587873
0.14873332
0.14675555
0.11937554
0.06578208
0.04013596
0.09383174
0.114431545
0.05701812
0.12127384
0.09958853
0.06800201
0.08636985
0.12050002
0.15599972
0.08768099
0.041707136
0.09015964
0.036122203
0.059767075
0.03526347
0.01195313
0.051120196
0.06856452
0.20938472
0.10605146
0.16148368
0.1600945
0.08970421
0.07839307
0.09207747
0.06670577
0.012870159
0.046101358
0.07510725
0.14816397
0.13054813
0.07704517
0.08262504
0.04901072
0.015091273
0.047288716
0.0791195
0.03232614
0.06095872
0.083803974
0.11520552
0.079986334
0.028716771
0.0090693375
0.09305525
0.07409107
0.050460704
0.10105087
0.07566934
0.06948775
0.06694101
0.062136777
0.03556335
0.07534641
0.16123554
0.12625742
0.032242958
0.06361664
0.036944576
0.039054558
0.118182115
0.084243186
0.028626041
0.12324118
0.17047268
0.0873159
0.091172814
0.09276607
0.02921178
0.046300016
0.07096118
0.079956844
0.021638764
0.06646477
0.086041
0.15087932
0.0855779
0.05195307
0.06169831
0.05133528
0.034669083
0.116342545
0.16469501
0.13525029
0.09936783
0.0536709
0.06728564
0.08238735
0.03097581
0.05265305
0.07557795
0.051866148
0.18496044
0.114148624
0.14232868
0.16337708
0.10613383
0.114762686
0.15126634
0.116895
0.10396661
0.13170528
0.066606134
0.14275327
0.049997892
0.11266153
0.051951278
0.071258426
0.15751484
0.116513856
0.01627657
0.05798258
0.09111895
0.09907469
0.08827899
0.078850314
0.057734095
0.11207346
0.17776364
0.113228515
0.08942504
0.07382237
0.08734366
0.1475664
0.16840103
0.031014519
0.12635925
0.1242682
0.13721816
0.11511866
0.036138758
0.008785255
0.017912349
0.057754133
0.02513774
0.046013683
0.055341743
0.040170003
0.05714813
0.08878554
0.09903937
0.078251354
0.09427676
0.03701841
0.10323639
0.049251925
0.024485795
0.11698398
0.15433498
0.13119073
0.13251221
0.03212876
0.048738725
0.042064667
0.033572838
0.06203414
0.06051955
0.11241672
0.1046307
0.10181396
0.050592132
0.11633767
0.07133391
0.06378372
0.11735521
0.06000299
0.060985714
0.06951457
0.031882048
0.056570705
0.13424139
0.12953392
0.07629571
0.08930651
0.055620737
0.04882152
0.014293797
0.03317002
0.11461333
0.11128076
0.057909206
0.039988212
0.054952104
0.021182207
0.060773794
0.06326963
0.07814835
0.09232146
0.09632599
0.081689045
0.088235736
0.09579286
0.017660202
0.060131025
0.072942875
0.20143288
0.16243467
0.022677748
0.02417425
0.01912836
0.0606676
0.04894944
0.032911796
0.06957709
0.030187175
0.027042024
0.09040278
0.15300784
0.0605948
0.0195106
0.047279336
0.064213015
0.026800686
0.07809725
0.106026456
0.08080524
0.2091884
0.1293926
0.099391416
0.13353534
0.09640668
0.08122135
0.051473398
0.05527923
0.09740764
0.08885833
0.032021623
0.09358751
0.06989142
0.02035481
0.029977422
0.03822787
0.011946329
0.03141976
0.04987965
0.066070974
0.030349687
0.024415743
0.06883612
0.090198666
0.097739175
0.116458535
0.089418374
0.014288771
0.036185898
0.03649776
0.017977277
0.14122088
0.1627531
0.069588676
0.08144167
0.07012701
0.09160651
0.178263
0.16926357
0.064774476
0.03433632
0.034813147
0.069077015
0.0272568
0.022136757
0.024244288
0.04695275
0.053966615
0.12738611
0.1999356
0.17103176
0.0747527
0.055726785
0.018816074
0.10970873
0.14335924
0.06517106
0.028561436
0.055966463
0.06717601
0.045981143
0.11527894
0.08973543
0.08027694
0.091025114
0.09754471
0.07847187
0.1235931
0.07501643
0.021195505
0.052005496
0.07177135
0.09186485
0.07618464
0.087135665
0.09865654
0.0807259
0.1859329
0.111235686
0.043366365
0.061213084
0.03715063
0.14415082
0.09370616
0.09919206
0.07114352
0.09781598
0.092264146
0.039994244
0.03393642
0.08917356
0.08777102
0.014210813
0.039392155
0.05519272
0.060985245
0.115001805
0.11869387
0.13012835
0.06614596
0.013942498
0.008062408
0.024233324
0.022472776
0.08124688
0.060623556
0.060591687
0.112964384
0.06685317
0.027109405
0.06986383
0.09337483
0.046632126
0.06125784
0.11586414
0.08223273
0.033440944
0.02594597
0.10933902
0.104140736
0.04926046
0.07486869
0.06977611
0.13505328
0.09017991
0.017666157
0.12828037
0.13219567
0.065175384
0.019931233
0.054831173
0.061676364
0.0776298
0.11132658
0.07849338
0.07668826
0.061467186
0.060614876
0.034926567
0.115763396
0.0960293
0.06306732
0.051437277
0.04587149
0.106828116
0.0063475636
0.06930325
0.045001704
0.021181116
0.059184972
0.058958884
0.013307222
0.102955915
0.046844024
0.08003062
0.07625126
0.047713503
0.04224292
0.037416387
0.0955549
0.066937536
0.07383794
0.024852045
0.040811714
0.028411454
0.09367967
0.07753745
0.15152177
0.15655205
0.073072165
0.06565976
0.05884421
0.05360268
0.11796535
0.13226989
0.0998603
0.14032033
0.08998813
0.06843659
0.11677712
0.12616271
0.06835262
0.07755323
0.044896368
0.077946
0.10707204
0.116606064
0.1242233
0.14685258
0.18684551
0.09476685
0.024745777
0.027591538
0.03341532
0.091361195
0.10246015
0.0376577
0.16354088
0.0857328
0.038145367
0.049022403
0.06849956
0.07092673
0.06481403
0.06662538
0.055624586
0.05322574
0.061243236
0.09924891
0.14723662
0.09795711
0.016989779
0.090957105
0.12901847
0.10498798
0.05747953
0.029466055
0.041524976
0.10721751
0.1112214
0.083187096
0.11592196
0.09236808
0.06577351
0.061081022
0.08196631
0.058760777
0.042183917
0.062578976
0.08416274
0.09382533
0.046452932
0.059094273
0.017662082
0.05795149
0.015148534
0.046878435
0.075426
0.11106385
0.09157122
0.014682273
0.13100466
0.14797223
0.076101765
0.04527513
0.0706257
0.038445048
0.044250757
0.028527243
0.022348318
0.031736106
0.042567533
0.020185538
0.060343336
0.0655925
0.08626713
0.084981255
0.06986048
0.043872047
0.042667683
0.06470984
0.026420506
0.04034571
0.044964094
0.0038195192
0.045978174
0.07333073
0.12983364
0.08117776
0.07624228
0.09312571
0.032883454
0.0704429
0.012486049
0.08139545
0.11690218
0.09550051
0.040514313
0.019827697
0.095602386
0.056798656
0.037166614
0.090964414
0.09353643
0.07056728
0.05362733
0.06635396
0.08574071
0.11544168
0.06329207
0.029764395
0.037417877
0.102681935
0.22000867
0.17972073
0.09499924
0.052454636
0.048981655
0.11092142
0.15723003
0.095984936
0.03737183
0.10736707
0.041439533
0.0469793
0.07864854
0.11247137
0.075533725
0.060030874
0.12005212
0.12166745
0.08442076
0.05510045
0.01929305
0.062716015
0.079803206
0.065100774
0.022289362
0.07736034
0.05750422
0.047371607
0.121530116
0.105242945
0.05038537
0.05172186
0.06609337
0.113055006
0.122167215
0.015819281
0.04796109
0.14850736
0.109902084
0.05012463
0.051913716
0.055754356
0.06879984
0.0853033
0.0983715
0.08630051
0.09506054
0.15763798
0.11406221
0.15043022
0.18848294
0.18806687
0.13524461
0.029444205
0.055683568
0.05611497
0.11657243
0.09495463
0.11768902
0.1006535
0.018063312
0.025791306
0.044395972
0.055042487
0.080398135
0.0863733
0.106419004
0.07391029
0.078371026
0.17283894
0.08058848
0.0582306
0.050204758
0.058284383
0.09451365
0.061311133
0.09215421
0.04692274
0.10895877
0.0903462
0.027724791
0.064496964
0.10256449
0.10805804
0.17501318
0.17526215
0.061186768
0.1670451
0.06632213
0.0671884
0.05197325
0.06068546
0.06455912
0.10182903
0.21940123
0.16269454
0.02369793
0.1093296
0.09458176
0.09688001
0.1306442
0.06724172
0.1277149
0.14127366
0.05872885
0.08128421
0.16357048
0.097646564
0.038837958
0.07329174
0.05930859
0.093737
0.11435384
0.08787764
0.08225456
3.9871514E-4
0.02901256
0.11123876
0.12965555
0.053445198
0.05125656
0.042770375
0.06920842
0.12953585
0.07992605
0.103816606
0.26717627
0.16013195
0.10368798
0.1391482
0.1509155
0.099753715
0.042272255
0.06686766
0.05682909
0.038557936
0.046312243
0.06878623
0.019591458
0.032182354
0.05525405
0.056856066
0.06642537
0.094759956
0.0804353
0.042878293
0.03435155
0.02189049
0.053938508
0.16517706
0.098009124
0.13958082
0.100681886
0.012760917
0.04320024
0.05678347
0.07750496
0.15202518
0.14254212
0.014659991
0.056382112
0.054716006
0.08548055
0.059847463
0.025999172
0.12256708
0.095242605
0.121627755
0.16398098
0.05357902
0.07085189
0.05234725
0.04493486
0.14122736
0.17464371
0.078089185
0.111371145
0.096241504
0.103364795
0.14986612
0.037582632
0.09991697
0.010016633
0.036402397
0.14464663
0.16448618
0.07551437
0.05717892
0.0633975
0.030320836
0.042383872
0.01709687
0.072297566
0.09476603
0.16489263
0.28503224
0.20413776
0.05457519
0.0068463543
0.04956922
0.024817958
0.12871766
0.12723081
0.113907225
0.097172394
0.026932037
0.029640129
0.1540245
0.19859445
0.19373561
0.19308434
0.14570905
0.14475422
0.14948839
0.04009366
0.13250175
0.08525796
0.090038314
0.12632328
0.089855604
0.037171036
0.05613734
0.11540263
0.12563
0.119606584
0.109546386
0.14977702
0.14040919
0.13240474
0.063406006
0.057641663
0.103398755
0.07209135
0.034208775
0.062869616
0.12193727
0.15213637
0.15483959
0.14953746
0.1260092
0.050109938
0.09209751
0.05402234
0.050757743
0.043252375
0.061016798
0.018198114
0.1000554
0.124664925
0.076272756
0.039070208
0.060654506
0.053453222
0.02407408
0.056717794
0.05410037
0.01563783
0.059864093
0.08347975
0.09035608
0.04263558
0.054227598
0.04634515
0.016978746
0.04089251
0.030123686
0.043878235
0.058591016
0.06275805
0.02490738
0.07690223
0.06254563
0.03592646
0.043639366
0.043560043
0.114017844
0.12459716
0.0832325
0.019336035
0.08524035
0.13805923
0.066657886
0.12952206
0.06759326
0.09081221
0.050145052
0.07989747
0.081168875
0.007989376
0.09495948
0.08745563
0.14467618
0.15132195
0.10507349
0.07405116
0.014878523
0.09319638
0.15521957
0.15599284
0.11331765
0.14201233
0.08600259
0.12169818
0.17309773
0.022540266
0.13003339
0.14588796
0.12736738
0.08561146
0.054619614
0.04684174
0.03428286
0.029000591
0.022294438
0.03138111
0.067401096
0.009035581
0.14104968
0.16788022
0.07891119
0.050533902
0.0913584
0.082027845
0.03889342
0.055608243
0.03821414
0.03835735
0.09579597
0.08286725
0.062771335
0.04911943
0.05618212
0.14417721
0.1350996
0.10914445
0.0709642
0.066740714
0.10141281
0.08191081
0.06330505
0.12905058
0.11167802
0.13840348
0.06784115
0.32212314
0.48782167
0.57648057
0.7145175
1.9731454
4.696626
3.4335544
1.5315903
1.644652
0.20024097
0.7311856
0.3689314
0.43431345
0.2370636
0.073287494
0.0358181
0.13660792
0.08392536
0.043978393
0.022866255
0.0044667474
0.049688604
0.09422314
0.1641265
0.11514919
0.03766447
0.092657104
0.118379146
0.11491513
0.1229368
0.10199537
0.043326832
0.020692697
0.057408713
0.074303895
0.09266789
0.10627159
0.0681353
0.017130801
0.0552524
0.055634677
0.047706395
0.050499566
0.06976122
0.09937818
0.14355606
0.10018027
0.058481853
0.07250253
0.018463248
0.05099171
0.06259557
0.09782098
0.08032122
0.051198136
0.14508271
0.09287382
0.10130665
0.19344847
0.19910611
0.07030048
0.06045174
0.08863299
0.14718023
0.09777718
0.046590276
0.015581384
0.021753835
0.051364083
0.09170508
0.038921047
0.055410523
0.065959446
0.051077545
0.09128186
0.056927163
0.06830375
0.046034466
0.032041766
0.07571094
0.08886718
0.08979799
0.12790635
0.16797659
0.15145102
0.049079828
0.019318057
0.059716377
0.15690297
0.10588482
0.09287206
0.121762
0.018029433
0.04114378
0.038051814
0.02756326
0.07545054
0.11870878
0.0055094687
0.03369957
0.020831497
0.091633044
0.19542608
0.16371332
0.10668858
0.056178078
0.025042858
0.05643753
0.07749031
0.039651584
0.087803334
0.14781831
0.06657569
0.05392274
0.028991371
0.12154641
0.14588416
0.14412642
0.11749075
0.025062313
0.080036215
0.028553564
0.07285976
0.034673497
0.0035422856
0.075366564
0.09548453
0.13098869
0.13138399
0.053001154
0.09666372
0.09663623
0.1268986
0.04633903
0.0047233324
0.11444835
0.17505606
0.11160324
0.028949143
0.08082912
0.101926334
0.10150065
0.09596922
0.07385669
0.0445766
0.08244337
0.090684235
0.041260686
0.09720192
0.05033042
0.027265593
0.037041254
0.023902424
0.057156377
0.099080406
0.054413855
0.035859406
0.048659034
0.055920947
0.06922101
0.034398485
0.036271974
0.07478625
0.09239416
0.06467194
0.07590384
0.098040566
0.038428944
0.03365585
0.013643439
0.049262293
0.020162718
0.03587015
0.09172782
0.12974693
0.09544807
0.04370973
0.105836056
0.1067285
0.101401076
0.053352386
0.055736214
0.070450634
0.052727453
0.051122323
0.07501794
0.087631434
0.047028366
0.07908027
0.08547945
0.014065198
0.06852652
0.054171637
0.02432255
0.075998805
0.10277904
0.072449826
0.0544451
0.09380763
0.056152407
0.07109546
0.1404485
0.10712904
0.048429865
0.11287701
0.11648779
0.03639259
0.024018379
0.020545712
0.055805083
0.04465049
0.02707093
0.03027855
0.03614374
0.046144348
0.045233715
0.024615953
0.03879314
0.10267203
0.07950818
0.029835664
0.08100515
0.08868667
0.055137865
0.062312998
0.07037394
0.06695028
0.050010607
0.031549167
0.012916241
0.016470058
0.01664763
0.036070365
0.029985363
0.080023244
0.04780181
0.019859912
0.052792735
0.059453323
0.04248043
0.041001715
0.06276955
0.092300534
0.06073269
0.031201944
0.03987057
0.05732603
0.03875511
0.06784018
0.06842842
0.057438813
0.09038795
0.08512389
0.067186266
0.027430639
0.04016424
0.054143634
0.07091078
0.029278677
0.03311613
0.03370779
0.048452854
0.02554965
0.041361175
0.038602922
0.036331214
0.016214103
0.025170712
0.012744451
0.04974429
0.04381337
0.037137527
0.06434545
0.060891476
0.04079726
0.029912036
0.057231784
0.05992333
0.010511527
0.06658966
0.05517257
0.013695948
0.007882087
0.008382623
0.027702967
0.09295251
0.07901496
0.0184265
0.04376598
0.03300911
0.009589412
0.007927714
0.04643741
0.05150086
0.016250439
8.5316814E-4
0.040964786
0.047436547
0.017393548
0.024182925
0.03330227
0.046036944
0.046231616
0.063506976
0.04399694
0.01599601
0.018571155
0.052616656
0.024133282
0.053705376
0.014396633
0.080346115
0.0804056
0.009438811
0.060602535
0.06792867
0.024620228
0.024411071
0.024397746
0.008355904
0.012617358
0.027880525
0.03752847
0.0570155
0.041314658
0.008184004
0.008982996
0.005036215
0.03927483
0.053349692
0.0036016947
0.05220312
0.05367651
0.019501062
0.05770407
0.049085453
0.075974554
0.05054548
0.016706629
0.040973525
0.059250724
0.05208145
0.053737637
0.010259551
0.056251496
0.021932516
0.030757328
0.055914123
0.063215956
0.023242565
0.054912526
0.029716142
0.035107005
0.008863566
0.04439778
0.06096155
0.0861419
-0.009155541
-0.0061036795
-0.006103658
-0.0030518146
0.0061035934
0.0
0.0061035
0.0
0.006103378
0.009154959
0.0
0.0030515704
-0.006103047
0.0
-0.0030514195
-0.006102724
0.0
-0.0030512363
0.006102336
0.003051096
0.0
0.0061018835
0.0
0.003050773
0.0
0.0
-0.0030504928
-0.012201569
-0.0061005764
-0.009150541
0.003050069
0.003049954
0.0
0.009149141
-0.0030495878
0.006098917
0.0
0.0030491892
0.0060980986
-0.0030489056
0.0030487585
-0.009145823
0.0
0.0
-0.0030481338
0.009143907
0.0
0.0060952557
0.0030474518
0.006094545
0.012188358
0.0030469028
0.009140138
-0.003046519
0.0
-0.0030461205
-0.006091832
0.006091416
0.0
0.0060905623
0.0
0.00608968
0.009133842
0.0
0.0060883025
0.0030439147
0.0030436744
0.0
0.0
0.0030429321
0.0
0.0030424194
0.0030421577
0.0
0.0060832473
0.0030413512
0.012164301
0.0060815914
0.006081025
0.009120678
0.0
0.0030396418
0.0
0.0060780873
0.003038739
0.0
0.009114359
0.0
0.009112457
0.0060743266
0.0060736747
0.0121460315
0.003036175
0.006071677
0.0030354983
0.00607031
0.0030348075
-0.0030344569
0.0030341025
-0.0060674897
0.0060667666
0.0030330184
0.0030326499
0.009096834
0.0030319025
0.00909457
0.0
0.0
0.0
-0.0030299714
0.0060591493
0.0
0.0060575404
0.0030283628
-0.0030279518
0.0060550747
0.0
0.009080093
0.0030262724
0.0060516875
0.0060508233
0.0
0.00907361
-0.003024094
0.0
-0.0030231979
-0.009068233
0.0030222875
0.0
0.012085453
0.0060417918
0.0060408497
0.009059851
0.0
0.0150949545
0.0060370117
0.0060360343
0.012070101
0.0
0.006033061
0.0
0.006031044
0.012060049
0.006028998
0.0060279653
0.0
0.009038816
0.0030124118
0.0030118811
0.006022694
0.0
0.0030102683
0.0
0.0
0.003008624
0.003008069
0.0030075102
-0.0060138963
0.0030063826
0.0
0.0030052413
0.0060093305
0.0
0.0030035027
-0.009008749
0.0
0.003001733
-0.0030011362
0.0060010715
0.0
-0.0029993248
-0.002998714
0.0029981
0.011989929
0.002996861
0.0059924726
0.0
-0.0029949767
0.0029943418
0.0
0.0029930614
0.0
0.0059835347
0.002991115
0.0029904593
0.0089694
0.0029891375
0.005976943
0.002987802
0.0029871291
0.008959359
0.002985773
0.008955269
-0.002984403
0.0
0.0
-0.0029823224
0.008944866
-0.0029809182
0.011920843
0.0029795002
-0.0029787861
0.008934205
-0.008932043
0.00892987
0.0
0.0
0.0059488593
0.0
0.0029729502
-0.005944411
0.0029714573
0.0029707055
0.0029699504
0.008907576
0.0
0.002967665
-0.0029668964
0.0029661243
0.008896047
0.0
0.005927576
-0.005926005
0.0
-0.0029614212
-0.005921251
0.0029598265
0.0
0.01479109
0.0059148176
0.0
0.0059115607
-0.005909922
0.0029541384
0.0029533124
0.0
0.0059033004
-0.002950814
0.0
0.0
0.0029482855
0.005894872
0.005893166
0.011782908
-0.0029448674
0.011776018
0.0058862767
0.0
0.0058827917
-0.0029405195
0.00587928
0.0
0.0058757416
0.0
-0.0029360885
0.0058703846
0.0
0.01173356
0.0058649676
0.0
0.0058613233
-0.005859491
0.0029288263
0.0029279036
0.005853955
0.008778145
-0.0029251156
-0.00292418
-0.008769722
0.0029222982
0.005842705
0.005840807
0.005838902
-0.008755486
-0.0058350735
0.0
0.0029156092
0.008743921
-0.005827337
0.0
-0.014558574
-0.0087322
0.0058194962
0.00581752
0.014538842
-0.0058135474
-0.005811551
-0.005809549
-0.0029037697
0.008708286
0.0
0.0
-0.008699158
-0.008696096
-0.0057953494
-0.0028966474
0.008686852
0.0028945834
0.0028935466
0.0
-0.0057829265
0.0
-0.005778734
0.0028883142
-0.002887258
-0.008658596
-0.0057702726
-0.011536282
0.008649005
0.0028819295
0.002880854
0.0
-0.011514775
0.002877609
-0.0057530417
0.0028754298
0.0057486705
0.0028732377
0.002872137
-0.008613099
0.0
0.0
0.0028677022
0.005733171
-0.0028654658
0.0028643429
-0.005726434
0.0028620877
0.005721911
0.00285982
0.0057173627
0.0
0.0028563947
-0.0057104933
0.0
0.0028529412
-0.0028517838
0.0057012467
-0.008548379
0.0
0.0
-0.008537849
0.014223869
0.0
0.0028424123
0.0
-0.005680077
0.0028388468
-0.002837652
0.0028364544
-0.005670507
0.0
0.0
-0.0028316325
0.0056608384
0.0
0.0056559676
0.0028267615
0.0
0.0028243074
-0.008469228
0.0028218413
-0.0028206035
0.0
0.0056362385
-0.0028168724
0.005631245
-0.0028143697
0.0028131139
0.002811855
0.0
0.008427984
0.0028080598
0.011227155
0.0056110295
0.0
0.0028029578
-0.0028016747
0.008401166
0.0027990995
0.008393423
0.008389537
0.0
0.0055878265
-0.0027926092
0.0055826046
0.0027899921
0.0
0.0027873632
0.0
0.01113889
-0.0027833977
0.0
0.0
-0.0027794056
0.0055561378
-0.0027767292
0.0
0.0027740411
0.0
0.0027713412
0.0
0.00830589
0.0
0.0
0.0
-0.0055263434
0.0082853995
0.0
0.008277142
0.008273001
-0.0027562834
0.008264692
-0.0027535078
0.0055042314
0.0027507208
0.002749323
0.008243767
0.0
0.008235335
0.0
0.008226871
0.0054817502
-0.0027394572
0.0054760724
-0.0054732254
0.0054703723
0.0027337568
0.0
0.005461779
-0.005458903
0.0054560215
-0.0027265672
0.0
0.005447343
-0.0027222193
0.005441529
0.0
0.0054356926
0.0
0.0
0.0054268963
0.0
0.005421004
0.0027090246
0.0
0.0027060618
0.0
0.0054061757
0.0027015966
0.0
0.002698606
-0.0026971065
0.0053912085
0.0
0.0026925916
0.0026910813
0.0
0.0026880521
-0.0026865334
0.002685012
-0.0053669754
0.002681961
0.0
-0.005357798
0.005354728
-0.0026758262
0.0026742858
0.0
-0.0026711968
0.0053392965
-0.0026680971
0.0053330865
-0.0026649865
-0.0053268545
-0.0026618652
0.0
0.005317467
-0.0026571634
0.0026555907
-0.005308031
-0.005304875
0.0
-0.0052985474
0.0052953754
0.0
0.0
0.0
-0.010565271
0.005279437
-0.002638117
0.0052730255
0.0052698115
-0.007899889
0.005263368
-0.0026300694
0.005256904
0.005253664
0.0026252095
0.0026235844
-0.00786587
0.0
-0.005237387
0.0
0.0026154201
0.0
0.007836409
-0.0026104907
0.0
0.0026071917
0.0
0.005207765
-0.002602224
0.0
-0.0051977993
-0.0025972337
0.002595565
0.0
0.007776662
-0.0025905445
-0.0025888658
-0.0025871848
-0.0051710024
0.0051676305
0.0
0.007741307
0.0
-0.002577046
0.0
-0.010294586
0.0025719432
-0.0025702373
-0.002568529
-0.0025668181
-0.007695315
0.0025633893
-0.007685013
0.0025599506
0.0
-0.0025565021
0.0
-0.012765219
0.0
-0.005099152
0.0025478385
0.005092197
-0.0050887126
0.0025426117
-0.0025408645
0.002539115
0.002537363
0.0050712177
0.0076015564
0.0
0.007590995
-0.0050571356
0.0
0.0050500664
-0.0025232625
0.007564468
0.0025197137
0.0025179358
0.0
-0.005028746
0.0050251763
-0.0025108012
0.0025090117
0.0
0.0
0.0
-0.0075054914
0.005000059
-0.0074946783
-0.0024964204
-0.0024946127
-0.007478407
0.00498198
0.0
0.0024873582
-0.004971078
-0.0074511524
-0.0024818936
-0.007440203
0.0024782394
0.0
0.0
-0.002472741
-0.007412712
0.0024690644
-0.004934446
0.004930758
-0.0024635328
-0.0049233693
-0.002459834
-0.0073739444
0.004912253
-0.0024542694
0.0
0.0
-0.0073460555
0.0
-0.0048899027
0.0
0.0
-0.0024393345
0.004874916
-0.0048711584
0.0024336984
0.0048636305
0.0
0.004856086
-0.004852307
0.004848524
0.0
0.0048409454
0.0048371498
-0.0024166747
0.0048295455
0.0024128687
0.007232887
0.0048181084
0.0024071436
0.0
-0.0048066336
0.0048028002
0.0
0.007192682
0.004791276
-0.0023937132
0.0047835726
-0.0023898573
0.004775853
0.0
-0.004768117
0.004764243
-0.004760365
0.004756483
0.0
0.0
0.0047448124
-0.0023704572
0.0071055186
0.0
0.0023645982
-0.0023626413
-0.0023606822
0.0047174427
-0.0023567586
0.0047095874
-0.004705654
-0.004701717
0.0
-0.00469383
0.0023449406
-0.004685928
-0.0046819714
-0.0023390055
-0.0023370232
0.0046700784
-0.0023330532
0.0
-0.0046581505
-0.0023270836
0.0
-0.004646189
0.0046421946
-0.002319098
-0.0023170968
-0.002315094
-0.009252356
0.004622165
0.002309074
0.0046141273
-0.0023050513
-0.006909112
0.0
-0.0045980075
0.004593969
0.002294963
-0.00229294
0.00458183
-0.0045777764
0.0
0.0022848293
0.0045655943
0.0022807634
-0.0022787277
0.0
-0.002274651
0.00454522
0.0
0.0022685227
0.0
-0.0067932857
0.0
-0.0022603276
0.0022582742
0.0022562195
-0.0022541627
0.004504209
-0.0067501334
-0.0044959653
0.0
-0.002243854
0.0044835745
0.0
0.0
-0.0022355767
-0.0022335032
0.0
-0.006688053
0.0
-0.006675577
-0.004446221
0.0
-0.004437884
0.0
-0.0066443
0.0
0.0
0.0
0.0
-0.0066129025
0.0044044056
-0.0044002063
0.0
0.0
-0.008775179
0.0043833777
0.0
0.0043749446
0.0021853617
0.0
0.0
-0.004358041
0.0043538073
-0.0021747854
0.0
0.0
-0.0021684214
0.0043325936
0.0
0.004324087
0.0
-0.0043155686
0.0043113045
-0.0043070377
0.004302768
-0.0042984956
0.0
0.0021449707
0.0
0.0042813756
-0.002138544
0.004272798
0.0
0.0
0.004259911
-0.004255609
0.0042513045
-0.0042469976
0.0
0.0042383745
0.0
0.0042297407
0.0
-0.0021105479
0.0
-0.0042124395
0.004208107
0.002101886
0.0041994345
0.0
-0.0041907514
-0.002093203
-0.0041820575
0.0041777063
0.0020866764
0.0020844983
-0.0020823188
-0.012480828
0.0
-0.0020757725
0.0062207635
0.0062142056
0.0
-0.0020670262
-0.010324181
0.0
0.0
-0.0020582592
0.0
-0.006161605
-0.002051671
-0.0020494724
0.0
0.0020450717
-0.0040857387
-0.0020406658
-0.008153845
-0.0020362553
-0.0020340483
-0.00406368
-0.0040592607
-0.008109679
-0.002025208
-0.006068985
-0.0020207807
-0.0020185653
-0.0040326975
0.0
-0.00804765
-0.0040193847
-0.008029886
-0.008020996
-0.0020030257
-0.008003205
-0.0019985756
-0.0039926977
-0.005982363
-0.0039837845
-0.007958649
-0.001987431
-0.0039703976
-0.0019829655
-0.001980731
-0.0039569912
-0.0039525186
-0.007896086
-0.0019717831
-0.0019695433
-0.0019673028
-0.0019650608
-0.005888454
-0.0019605744
-0.0058749886
-0.0019560836
-0.0019538368
-0.0039031778
0.0
-0.0058412706
-0.0038896785
-0.005827762
-0.0038806694
-0.0019380808
-0.003871652
-0.0019335703
-0.0019313137
-0.0019290559
-0.005780392
-0.0076981513
-0.0038445545
-0.0057600476
-0.0019177536
-0.0038309805
-0.005739678
-0.003821922
-0.00763478
-0.0038128563
-0.0038083205
-0.0038037833
0.0
0.0
0.0018950802
-0.001892808
0.0
0.0
-0.0037719726
-0.0037674215
-0.005644303
-0.0037583138
-0.0018768788
-0.0018745998
-0.0018723201
-0.005610118
0.003735516
0.0018654758
0.0
0.0
-0.0018586244
-0.001856339
-0.0037081058
0.003703532
0.0018494782
0.0
-0.0018449007
-0.0018426107
0.00184032
-0.0018380285
0.0018357363
0.0018334434
-0.0054934495
0.0
-0.0036531207
-0.003648529
0.0
0.0
0.0
-0.0054452233
-0.0018127753
-0.0018104754
-0.0018081748
0.0
-0.0018035716
0.0036025383
-0.0017989659
0.0
0.0017943576
0.0
0.0
-0.005362321
-0.0035702668
-0.0017828258
0.0017805176
0.0017782088
0.0
0.0017735894
0.0
-0.0017689677
0.0
-0.0017643437
0.0017620309
0.0
0.0
-0.001755089
-0.0017527741
-0.0017504585
-0.0034962848
0.0
0.0
0.003482382
0.0
-0.0052096625
0.0
-0.0017319154
0.0
-0.0017272747
0.0
0.0
-0.00516093
-0.0017179876
-0.0034313295
0.0
0.0017110176
0.0
0.0
-0.003408087
-0.001701718
0.0016993921
0.0
-0.001694739
-0.0033848237
-0.0016900843
-0.0033755128
-0.0016854281
0.0016830994
-0.0016807704
0.001678441
-0.0033522225
-0.0016737811
-0.0016714507
-0.0016691198
0.0033335774
-0.0049933717
0.0
0.0
-0.0033149216
-0.0016551281
-0.00330559
0.0016504617
0.001648128
0.0
0.0032869198
0.0016411254
0.0016387906
-0.003272911
0.0032682405
0.0032635694
0.001629449
0.0016271129
0.0
0.0016224402
-0.0016201034
-0.0016177665
0.0016154293
0.0016130919
0.0032215086
0.0032168329
0.0048182355
-0.0016037404
-0.001601402
0.0
0.0
0.0015943858
0.0015920468
0.0015897077
0.0015873683
-0.0015850288
0.0015826892
0.0
0.0015780096
0.003151339
-0.0015733294
0.0015709891
0.0
0.0015663084
0.0015639679
-0.0015616273
0.0015592865
-0.0031138915
0.0
0.001552264
0.001549923
0.0015475819
-0.0015452408
0.0
0.0
0.0015382172
0.0
-0.0015335347
-0.0015311934
-0.0061154086
-0.0015265108
0.0
0.0030436565
0.0060779476
0.003034291
0.004544413
0.0015124631
0.0015101219
0.0015077807
0.0
0.0015030985
-0.0015007575
0.0014984165
0.0014960757
0.0
0.0014913941
0.0014890534
0.0044601383
0.004453117
0.0029640638
0.0029593832
0.0014773514
0.0029500227
0.0014726714
0.0
0.0
0.0014656524
0.002926626
0.0
0.004375904
0.004368887
0.0029079136
0.0
0.0
0.002893883
0.0
0.0028845312
0.0014399278
0.0
0.0
-0.001432916
0.0
-0.0014282425
0.0014259062
0.00142357
0.0014212341
0.0
0.0
0.0014142278
0.0014118929
0.0014095583
0.001407224
0.0014048899
0.0014025561
0.0014002225
0.0013978893
0.0013955565
0.0013932239
0.0027817832
0.0013885596
0.001386228
0.0027677934
0.0027631314
0.0027584701
0.0
0.0013745748
0.0041167354
0.001369916
0.0013675871
0.0013652586
0.0013629305
0.0
0.0027165508
0.0040678456
0.004060866
0.0040538874
0.0013489701
0.0026932897
0.0013443199
0.0013419954
0.0013396714
0.0
0.0013350247
0.0
0.0
0.0026561162
0.005302947
0.0066170795
0.002642191
0.0013187756
-0.0026329125
0.0
0.001311819
0.001309501
0.0026143673
0.0013048667
0.0
-0.0013002346
0.0
0.005182418
0.0012932903
0.0012909767
0.0012886636
-0.002572702
0.001284039
0.0012817276
0.0012794167
0.0012771065
0.0
0.0
-0.0038105375
0.0012678714
0.001265564
0.0012632573
0.0012609513
-0.0025172918
0.0012563411
0.0012540369
0.0025034668
0.0012494305
0.0012471282
0.0012448267
-0.0024850515
0.0012402255
-0.001237926
0.0
0.0012333288
-0.0024620628
0.0036862036
0.003679315
0.001224143
0.0012218483
0.0012195542
0.001217261
0.0
0.0012126766
0.0012103856
0.0
0.0
0.0
0.003603686
0.0035968241
0.0035899647
0.0011943692
0.0
0.0011898
0.002375033
0.0023704679
0.0023659042
-0.0023613423
-0.0023567819
-0.002352223
0.002347666
0.0011715553
0.0011692784
0.0
-0.0023294543
0.0
0.0011601793
0.00347372
0.0023112698
-0.0023067282
-0.002302188
-0.0057441243
-0.0022931132
0.0011442893
0.0022840456
0.0022795144
0.0
0.0
0.0011329661
0.0033921127
0.0033853299
0.0011261832
0.0
-0.004486664
-0.0022388177
-0.0011171526
0.0
0.001112643
0.0
0.0
-0.0033176583
-0.0011036358
0.0022027728
0.0010991379
0.0021937813
0.0
-0.0021847978
0.0
0.0
0.004342676
0.0032502834
0.0021623753
0.0
0.0
0.0021489467
0.0032167123
0.0042800102
0.0042710747
0.0031966078
0.0
0.0
0.0
0.0
0.0021087772
0.0021043248
0.0020998747
0.002095427
-0.0010454906
0.002086538
0.0031231453
0.002077658
0.0020732216
0.0
0.0010321777
0.0
0.0010277494
0.0010255369
-0.0010233257
0.0
-0.0020378134
0.003050097
0.0030434777
0.0030368618
0.0030302494
0.0
0.0010056787
0.0
0.003003837
9.990811E-4
9.968844E-4
9.94689E-4
-9.924946E-4
0.0
0.0
9.859196E-4
0.0
0.0
9.793559E-4
9.771707E-4
9.749866E-4
0.0
-0.0019412448
-0.002905327
-0.0028987904
0.0
-0.0019238197
-0.002879205
-9.575615E-4
-0.0019107786
0.0
9.5104903E-4
9.4888086E-4
9.4671414E-4
0.0
0.0
0.0
0.0
0.0
0.0
0.0
-0.0027882885
0.0
0.0
9.229708E-4
0.0018416415
9.1867207E-4
9.165249E-4
0.0
9.1223477E-4
0.0
9.0795045E-4
9.0581045E-4
-0.0027110158
-9.0153486E-4
0.0
0.0
8.951325E-4
8.930013E-4
0.0017817434
8.887435E-4
0.0
0.0017689833
0.0
0.0
0.0
-0.0026280186
-0.0026216658
-0.0034870903
-0.0017393162
-8.6754514E-4
8.654338E-4
0.0
0.0
0.0
-0.0025710114
0.0
-8.527982E-4
0.0
0.0
-0.0033860072
-0.0025332184
-0.0016846242
0.0
0.0
0.0
0.0016679044
8.318663E-4
8.29782E-4
8.276994E-4
8.2561834E-4
8.23539E-4
8.214613E-4
0.0
0.0
0.0
-8.1316713E-4
8.110978E-4
-8.090301E-4
0.0
0.0016097996
8.028372E-4
8.007763E-4
7.9871714E-4
0.0
0.0
0.0
-7.904975E-4
-0.001576894
-7.8639813E-4
-7.84351E-4
-7.8230567E-4
0.0
0.0015564404
0.0023285402
0.0015482835
0.0
7.700704E-4
7.6803745E-4
7.660062E-4
-7.639768E-4
-7.6194917E-4
0.0
-7.5789925E-4
7.5587706E-4
7.538566E-4
0.0
0.0
0.0
0.0014915864
7.437819E-4
7.4177247E-4
7.397649E-4
-7.3775917E-4
-0.0014715106
-7.3375326E-4
-7.317531E-4
7.297548E-4
0.0
0.0
0.0
0.0021653413
0.0014395831
0.0
0.0014316391
-0.0014276728
0.0
0.0
-7.078984E-4
0.0
-7.0394936E-4
-0.0014039555
-7.0000807E-4
6.980403E-4
6.960745E-4
6.941107E-4
0.0
-6.901889E-4
0.0
0.0
6.84321E-4
0.001364738
0.0
0.0
-6.765249E-4
6.745808E-4
0.0020179164
0.0020120963
0.002006282
-6.6682475E-4
6.6489074E-4
6.6295883E-4
0.0019830866
0.001977303
6.5717514E-4
6.552514E-4
-6.533296E-4
0.0
-6.494923E-4
0.0
6.4566324E-4
-6.437518E-4
6.4184243E-4
0.0019198055
6.3803E-4
6.361269E-4
0.0
-0.001264654
-0.0012608604
-0.001257071
-0.0012532859
-0.001249505
-6.228641E-4
-6.2097795E-4
0.0
0.0
-6.153321E-4
0.0
0.0
0.0
0.0
0.0
-6.0409843E-4
-6.0223375E-4
-6.0037116E-4
0.0
0.0011933054
0.0
5.929429E-4
5.910913E-4
0.0
0.0017621841
0.0011710995
5.8370695E-4
5.818664E-4
0.0
5.78192E-4
5.763581E-4
0.001149053
5.726971E-4
5.7086995E-4
0.0011380902
5.672224E-4
5.6540204E-4
0.0011271678
0.0016853041
0.0022398178
0.0022325725
0.0011126682
5.5452733E-4
0.0
5.5092067E-4
0.0
5.473232E-4
0.0
0.00108747
0.001625833
5.40156E-4
0.0010767399
5.365863E-4
0.0010696098
0.0
0.0
-5.294748E-4
-5.277028E-4
0.0
0.0
5.224009E-4
-5.206383E-4
0.0
5.1712024E-4
0.0
0.001540835
5.1186094E-4
-5.101126E-4
-5.0836673E-4
-0.0015198695
-5.04882E-4
-5.031433E-4
-0.001504221
-4.996731E-4
-0.0014938248
-9.92425E-4
-9.889717E-4
0.0
4.910398E-4
-4.893205E-4
0.0
-0.0014576673
-4.841771E-4
-9.64935E-4
0.0
-4.7905574E-4
-0.0014320607
0.0
-9.479132E-4
-4.7226183E-4
4.7056953E-4
4.6887973E-4
4.671924E-4
-4.655076E-4
0.0
-4.6214546E-4
-4.6046812E-4
0.0
-4.57121E-4
-9.1090245E-4
-0.0013613519
-4.5211922E-4
0.0
4.4879733E-4
4.471402E-4
4.4548558E-4
8.8766706E-4
4.42184E-4
0.0
0.0
0.0
4.356115E-4
0.0
-4.3234063E-4
-8.6141814E-4
-8.5816014E-4
-4.2745366E-4
-4.2582984E-4
8.484172E-4
4.2258998E-4
0.0
-4.1936047E-4
-0.0012532489
-4.161414E-4
-4.1453578E-4
-4.129328E-4
0.0
-4.0973467E-4
-4.0813952E-4
-8.130941E-4
-4.0495716E-4
-4.0336995E-4
0.0
-4.0020343E-4
-3.9862416E-4
-3.9704752E-4
0.0
0.0
3.923336E-4
0.0
0.0
-7.752874E-4
-3.8608574E-4
0.0
0.0
0.0015257121
0.0
0.0
7.535891E-4
0.0
0.0014948763
7.443708E-4
7.413089E-4
-3.6912624E-4
-3.6760073E-4
0.0
7.291158E-4
7.260812E-4
0.001084578
0.0010800426
7.170102E-4
0.0014279949
0.0014219806
7.079886E-4
7.049925E-4
7.0200185E-4
0.0
0.0
0.0
6.900948E-4
6.8713183E-4
6.8417453E-4
6.8122277E-4
6.782766E-4
0.001013004
6.7240105E-4
6.694716E-4
3.3327393E-4
-3.3181484E-4
0.0
-3.2890512E-4
0.0
-3.2600667E-4
0.0
6.4623903E-4
0.0
0.0
0.0
0.0
6.319025E-4
6.290522E-4
6.262077E-4
-3.1168445E-4
-3.1026787E-4
-9.265626E-4
-3.0744335E-4
0.0
-3.0463032E-4
6.064562E-4
-3.0182875E-4
0.0
5.980775E-4
5.952961E-4
5.925205E-4
0.0
-2.934934E-4
-2.921143E-4
-2.907381E-4
0.0
0.0
5.73254E-4
-2.8526245E-4
-2.8390085E-4
0.0
-2.811864E-4
0.0
0.0
5.5427337E-4
0.0
-2.7445157E-4
0.0
-2.7177826E-4
0.0
-2.6911675E-4
-2.6779043E-4
-2.6646708E-4
-2.651467E-4
5.276585E-4
2.625148E-4
0.0
0.0
0.0
0.0
-2.5598722E-4
0.0
0.0
-2.5210652E-4
-5.0163793E-4
-4.9906876E-4
-4.9650564E-4
-2.4697426E-4
0.0
0.0
2.4315667E-4
0.0
-4.812534E-4
-2.3936626E-4
-4.7621765E-4
0.0
0.0
-7.030644E-4
0.0
-4.6373456E-4
0.0
0.0
0.0
4.538577E-4
-4.514038E-4
-4.4895598E-4
-4.4651428E-4
0.0
0.0
0.0
0.0
-4.3439798E-4
-4.319932E-4
-4.2959454E-4
0.0
4.248158E-4
4.2243573E-4
0.0
-4.1769413E-4
-8.3066523E-4
-4.1297733E-4
2.0531412E-4
4.0828536E-4
0.0
-4.036183E-4
-6.019412E-4
-5.984643E-4
0.0
0.0
0.0
0.0
0.0
0.0
-3.829258E-4
3.8065796E-4
0.0
0.0
0.0
-1.858248E-4
1.8470665E-4
-1.8359163E-4
0.0
3.627422E-4
-1.8026559E-4
0.0
-1.7806406E-4
-1.7696805E-4
-1.7587522E-4
1.7478557E-4
0.0
-5.178474E-4
-3.430714E-4
-5.1137636E-4
-1.6938508E-4
-1.6831454E-4
-1.6724721E-4
-1.6618308E-4
-1.6512215E-4
-1.6406442E-4
-1.630099E-4
-1.6195858E-4
-1.6091048E-4
-1.598656E-4
-1.5882392E-4
-1.5778546E-4
-1.5675023E-4
-4.6715466E-4
-1.5468943E-4
-1.5366387E-4
-4.5792465E-4
-1.5162246E-4
-1.506066E-4
-1.4959398E-4
0.0
-1.4757847E-4
-4.3972672E-4
-1.4557593E-4
-1.4457954E-4
0.0
-1.425965E-4
-1.4160988E-4
-2.8125301E-4
-2.7929278E-4
-1.3866955E-4
0.0
1.3672565E-4
0.0
1.3479484E-4
0.0
0.0
1.3192318E-4
-1.3097253E-4
0.0
-5.163243E-4
-5.125611E-4
-1.2720277E-4
-1.2626855E-4
0.0
-1.2441001E-4
1.2348569E-4
0.0
-1.2164696E-4
-1.2073255E-4
-1.19821445E-4
-1.1891366E-4
-1.1800918E-4
-1.17108015E-4
-1.1621017E-4
-1.1531563E-4
-1.1442443E-4
-2.2707309E-4
-1.12651986E-4
-2.235415E-4
-2.217857E-4
-1.1001828E-4
-3.274411E-4
-2.1655827E-4
0.0
0.0
-1.0569546E-4
-1.0484092E-4
-2.0797944E-4
-2.0628374E-4
0.0
0.0
-1.0061843E-4
0.0
-1.9790583E-4
0.0
9.7300835E-5
0.0
0.0
-9.484794E-5
-1.880741E-4
-1.8645906E-4
-1.8485075E-4
-9.16246E-5
-9.08272E-5
-1.8006636E-4
-1.7848508E-4
-1.7691057E-4
-8.767141E-5
-8.689092E-5
8.6113825E-5
1.7068023E-4
8.4569794E-5
-2.514086E-4
-2.4911802E-4
-1.6455841E-4
-1.6304494E-4
-8.076914E-5
0.0
7.927268E-5
7.8529556E-5
-7.778984E-5
-1.5410707E-4
-1.5264128E-4
0.0
-7.486509E-5
-1.4828487E-4
-7.342321E-5
-7.270739E-5
0.0
-7.1286035E-5
0.0
0.0
-6.917968E-5
0.0
-1.3558517E-4
6.710419E-5
6.641923E-5
6.57377E-5
6.505961E-5
-1.2876993E-4
-1.2742751E-4
-2.5218393E-4
-6.238167E-5
-6.1720784E-5
-1.2212672E-4
0.0
0.0
-5.9111764E-5
-5.846814E-5
5.782797E-5
0.0
-5.6557994E-5
-1.11856396E-4
-1.10603716E-4
0.0
0.0
5.3443626E-5
0.0
-5.2222134E-5
0.0
-5.1014522E-5
5.041592E-5
4.9820796E-5
4.9229147E-5
9.728195E-5
0.0
-1.4242518E-4
-9.3794646E-5
0.0
9.15046E-5
9.037003E-5
0.0
-4.40609E-5
-4.350408E-5
-4.295074E-5
4.24009E-5
1.2556365E-4
8.262339E-5
4.0772335E-5
4.0236468E-5
-3.97041E-5
3.9175233E-5
3.8649865E-5
3.8128E-5
-3.7609636E-5
-7.418955E-5
0.0
3.6075573E-5
3.5571233E-5
3.50704E-5
3.4573077E-5
0.0
0.0
3.310218E-5
0.0
0.0
0.0
-3.119019E-5
-3.072099E-5
0.0
0.0
-2.9334506E-5
0.0
0.0
2.7979733E-5
0.0
-2.7094182E-5
-2.66567E-5
-2.6222746E-5
-5.1584648E-5
0.0
0.0
-2.452225E-5
-4.821192E-5
-2.3693206E-5
2.3283988E-5
2.2878308E-5
4.4952332E-5
4.415513E-5
2.1682503E-5
-2.1290984E-5
-6.270901E-5
-2.051857E-5
2.013768E-5
0.0
0.0
0.0
0.0
0.0
3.5853624E-5
5.271226E-5
1.7218248E-5
1.6869293E-5
0.0
0.0
1.584375E-5
1.5509011E-5
1.5177828E-5
1.4850202E-5
1.4526133E-5
0.0
0.0
4.0725838E-5
3.979634E-5
3.887753E-5
0.0
-2.4714645E-5
-1.2061741E-5
0.0
2.2962537E-5
2.239276E-5
0.0
0.0
-1.0363114E-5
-1.0092493E-5
0.0
0.0
-9.302046E-6
0.0
-8.792934E-6
0.0
8.298108E-6
0.0
0.0
-7.5826665E-6
-7.3513343E-6
-7.1235777E-6
-6.8993963E-6
0.0
-6.4617625E-6
-6.2483114E-6
-6.0384377E-6
-5.8321425E-6
0.0
5.430288E-6
0.0
-5.0427525E-6
0.0
-4.6695386E-6
0.0
0.0
-4.1365797E-6
0.0
-3.7991865E-6
0.0
3.4761272E-6
3.3199735E-6
1.2669618E-5
6.036841E-6
2.8730217E-6
-2.7312085E-6
-2.5929814E-6
0.0
2.3272864E-6
2.1998192E-6
4.151878E-6
0.0
-1.8389417E-6
0.0
1.6162967E-6
4.5310708E-6
2.816012E-6
1.3092442E-6
1.2140717E-6
0.0
0.0
1.9001849E-6
8.6927935E-7
7.920567E-7
0.0
-1.2967662E-6
-5.8193257E-7
0.0
4.598047E-7
4.041277E-7
0.0
3.0354812E-7
0.0
0.0
3.592334E-7
1.4549008E-7
0.0
0.0
6.466283E-8
4.4904837E-8
5.7478292E-8
4.8497377E-8
1.4369607E-8
0.0
-0.0
