0.20893914
0.12787783
0.07623242
0.14608388
0.25442567
0.084567025
0.6224541
0.8290977
1.4345994
1.1130455
1.0504481
1.0344161
0.9097897
0.33863196
1.5882925
1.6443982
2.1118147
0.5979066
1.5969634
0.68508214
3.1832464
4.162169
3.8215132
2.1258476
1.005497
0.36848798
0.20030814
0.29560307
0.50734645
0.2668365
0.53353524
0.30565226
0.48680145
0.7083307
0.59002155
0.2689536
0.4327199
0.3584366
0.120677546
0.67840195
0.79218173
0.5427172
0.22243148
0.50393075
0.7802272
0.5767731
0.376167
0.3617216
0.23179266
0.16903122
0.26790854
0.04230415
0.28527543
0.33341974
0.100745305
0.35564154
0.28530917
0.3520163
0.43298
0.3726795
0.64101964
0.40359318
0.54718155
0.7448808
0.22481425
0.26980007
0.0766628
0.121473886
0.54519844
0.65914655
0.19600819
0.16887033
0.24864973
0.33606824
0.34999943
0.20629686
0.46975487
0.1979723
0.2830453
0.09578738
0.12407902
0.09987555
0.21643889
0.3281841
0.23108557
0.14368361
0.11326468
0.15945637
0.09168682
0.053369712
0.032504335
0.11538269
0.22922678
0.13415907
0.08237802
0.115185656
0.12882513
0.15790612
0.088365816
0.12101565
0.1474323
0.13210584
0.06303002
0.07651991
0.044491064
0.16369459
0.14981328
0.0641467
0.10017741
0.033603627
0.11340921
0.08885839
0.22352774
0.14295162
0.16528752
0.17196098
0.026988588
0.09223247
0.067528754
0.111637935
0.13105154
0.08438336
0.21269879
0.115800984
0.07126114
0.069569215
0.11724404
0.13821703
0.15168841
0.1968007
0.1748798
0.11021846
0.064187445
0.05104482
0.12358729
0.13516611
0.15569158
0.13872728
0.098386355
0.15766336
0.09023842
0.08806631
0.038814697
0.082290955
0.092087224
0.09223961
0.16059928
0.13186409
0.1294794
0.19917835
0.12984045
0.15958898
0.12935263
0.04006207
0.11064332
0.09258781
0.18489106
0.06739893
0.15554579
0.1304097
0.09151593
0.08877993
0.07200441
0.04499428
0.030778725
0.05281147
0.09926512
0.040711083
0.0390616
0.06442307
0.052209757
0.103859715
0.049701307
0.091313854
0.15388508
0.024106693
0.19869949
0.162379
0.05398639
0.06625166
0.026768649
0.103764705
0.058366325
0.17099157
0.33368164
0.26830488
0.0759428
0.14786692
0.18396868
0.054911148
0.06735915
0.030890603
0.02265009
0.049954273
0.07493193
0.09100079
0.10673567
0.12730134
0.03873655
0.1797537
0.14324223
0.044825375
0.060057692
0.1417002
0.095908485
0.0644722
0.06601207
0.018490408
0.16006999
0.22937451
0.10618908
0.0074840887
0.076445065
0.07770056
0.055798803
0.11006661
0.085657075
0.055081796
0.038409412
0.076979846
0.098574124
0.029199569
0.06929242
0.073713064
0.042516038
0.024010431
0.11978647
0.19817176
0.09793629
0.18565346
0.22059026
0.08457263
0.03518509
0.018912151
0.0786805
0.010928205
0.09357766
0.07790227
0.09211659
0.10692467
0.07975368
0.046297047
0.085928276
0.1923604
0.041155037
0.20708889
0.21548487
0.16345213
0.034560736
0.09340895
0.093982965
0.06778738
0.100847274
0.032002393
0.076113395
0.04901156
0.10763745
0.12715667
0.051584885
0.014439727
0.047392003
0.06747454
0.08684321
0.09312249
0.1221945
0.1213411
0.11709967
0.06019072
0.12013608
0.12182188
0.11794447
0.09957648
0.0915275
0.026407316
0.07179773
0.09822595
0.05852221
0.041849643
0.05415388
0.15863359
0.13918406
0.1361056
0.12532955
0.097243205
0.13016565
0.04923312
0.028207893
0.10618535
0.12654053
0.16367169
0.05814587
0.117747284
0.13715203
0.051434137
0.074053794
0.12023236
0.083847396
0.1106354
0.11058981
0.029373487
0.08613044
0.079803765
0.12631659
0.1470176
0.09790761
0.08509324
0.07920849
0.061781973
0.13275303
0.18465507
0.18117152
0.08006292
0.052180167
0.11074056
0.13063742
0.08412904
0.020962853
0.04467291
0.063620456
0.083038606
0.10855669
0.09590852
0.04948799
0.06454542
0.066513725
0.07840076
0.057034872
0.048974853
0.069205426
0.08744561
0.06417838
0.06566138
0.118830666
0.2016363
0.1645503
0.055020526
0.007887448
0.05471288
0.15126136
0.15739264
0.17108302
0.20651507
0.19040993
0.16842139
0.101046905
0.14129573
0.19987316
0.21129252
0.13033563
0.07448403
0.1535827
0.1801279
0.17120138
0.12797876
0.124510124
0.05933854
0.08030521
0.12605594
0.1479638
0.116365634
0.038806323
0.19926445
0.20313084
0.12676653
0.19025478
0.11898674
0.14636137
0.25029787
0.19533108
0.15875174
0.17184235
0.17436461
0.14481594
0.022426637
0.15793425
0.17766458
0.06869004
0.031792317
0.05307938
0.045329098
0.04274493
0.040911585
0.03428561
0.12425491
0.092706405
0.18437968
0.16464557
0.027370218
0.14791247
0.087995775
0.20870467
0.17615442
0.21878953
0.1200659
0.00835332
0.07535256
0.011655118
0.07730915
0.19303955
0.2167449
0.146739
0.13052478
0.083774604
0.041420612
0.04618068
0.08148113
0.09753655
0.141685
0.124672696
0.13739063
0.056323934
0.011662894
0.013116105
0.09668998
0.11009319
0.16903692
0.17556
0.027638989
0.109628096
0.16222838
0.050038926
0.017719813
0.06584132
0.0477337
0.054523617
0.073932774
0.18185097
0.11424891
0.09955886
0.071212344
0.17476852
0.15704155
0.06486419
0.12727845
0.029002853
0.08833014
0.023763463
0.012174851
0.03891505
0.042078525
0.08364672
0.14352088
0.08206215
0.10770896
0.11476607
0.20359147
0.22711883
0.20968196
0.123246096
0.08928208
0.03905992
0.09707746
0.067817055
0.027672179
0.043980695
0.13335511
0.2589643
0.2761563
0.15583313
0.043606866
0.0037781482
0.08546433
0.15221827
0.08753321
0.08540836
0.13751885
0.14213757
0.12845518
0.051601615
0.13084072
0.18459722
0.24503522
0.22108509
0.16883789
0.16250256
0.09073377
0.016789898
0.059361164
0.039992005
0.030793648
0.065178834
0.113796845
0.10430557
0.116902776
0.1689084
0.14895499
0.08634509
0.056343675
0.10517427
0.106516935
0.073125005
0.036938764
0.17479955
0.16245498
0.07220866
0.13555309
0.167393
0.11201205
0.17320058
0.03616545
0.02814819
0.015122889
0.06508897
0.15905616
0.21814163
0.123402715
0.06756664
0.1787219
0.12161463
0.065030076
0.1568488
0.09057287
0.1459736
0.22905326
0.33424386
0.16743559
0.08465127
0.07600068
0.12776838
0.08420849
0.049276676
0.091782115
0.13515565
0.21070194
0.1300673
0.14030361
0.16444966
0.2181991
0.1609645
0.051808275
0.15695773
0.18578881
0.06118268
0.11610919
0.17008524
0.19275838
0.13776122
0.120918065
0.21763422
0.11046521
0.06536264
0.03315267
0.07619753
0.14615166
0.11114457
0.17264746
0.068901435
0.082009666
0.048599336
0.12257773
0.02712796
0.052306436
0.08196638
0.1861112
0.22871722
0.24671476
0.18467104
0.055831492
0.07363768
0.13301332
0.19147207
0.4277343
0.2567178
0.11401008
0.09983314
0.11986739
0.21952328
0.2048642
0.12504154
0.033412155
0.19791354
0.306686
0.17599583
0.07058792
0.08106847
0.07554127
0.0500426
0.091932714
0.25049168
0.19742179
0.03777236
0.048724543
0.2334176
0.368746
0.3834089
0.20991208
0.056132548
0.16533811
0.08725465
0.25151944
0.11813093
0.21607403
0.23499903
0.093193665
0.18210596
0.13675989
0.28588098
0.014438367
0.2339051
0.33825997
0.17505357
0.10290365
0.18771008
0.15223023
0.06333292
0.025357967
0.13515994
0.15622477
0.38173962
0.21380155
0.19895181
0.33565378
0.2168188
0.1943602
0.32972756
0.16208334
0.11665196
0.08783064
0.2955458
0.48805514
0.3666541
0.0696965
0.19522786
0.08409658
0.052181374
0.13018851
0.26479623
0.28280234
0.26500434
0.30622342
0.38709152
0.34715363
0.19387199
0.12047037
0.2577423
0.21842803
0.21666051
0.13698377
0.22763698
0.09311814
0.07344131
0.20543168
0.27733845
0.06476527
0.29754293
0.14675497
0.21338551
0.06005537
0.20408724
0.028505228
0.07743762
0.046107378
0.064208865
0.072633415
0.24511121
0.3265873
0.2551291
0.22768502
0.10541346
0.11524857
0.094080165
0.10995216
0.07918198
0.19692796
0.24391961
0.306717
0.25573868
0.12818527
0.25612205
0.2627291
0.09026998
0.16444868
0.13542667
0.13796966
0.14931852
0.21512558
0.22518483
0.25551525
0.22778456
0.1275719
0.04022175
0.12538025
0.15822569
0.15582749
0.06585115
0.16150133
0.19184306
0.08974146
0.075478695
0.05009775
0.092501864
0.0739297
0.099046744
0.18773633
0.04751522
0.1706908
0.20202087
0.1499828
0.04244075
0.13564885
0.22802031
0.20577362
0.094726026
0.07715768
0.14980745
0.108725585
0.04846273
0.07592294
0.03965477
0.067573965
0.17381564
0.09378835
0.1020071
0.12442711
0.057148974
0.1165846
0.108973786
0.08799745
0.060968988
0.15946805
0.20558335
0.16515924
0.05677482
0.09053414
0.11334344
0.1235204
0.056619085
0.045781754
0.03946286
0.11570753
0.16439101
0.23868169
0.16979016
0.04419445
0.035236526
0.12369819
0.16042817
0.036616385
0.115529515
0.051287223
0.009345837
0.057497133
0.036962997
0.1646046
0.2072668
0.07729569
0.022680659
0.13126957
0.22159366
0.15535544
0.065225326
0.14023039
0.09842351
0.13936567
0.13555573
0.0824313
0.06575563
0.12762225
0.061579883
0.07524651
0.07368639
0.025109496
0.10663068
0.12498575
0.04450101
0.13092361
0.10801169
0.10133031
0.12723447
0.15968406
0.11190734
0.0175629
0.032145247
0.11471015
0.106185235
0.09778295
0.12832823
0.045102373
0.040147185
0.08915122
0.064351566
0.048447497
0.054065786
0.06028596
0.080440626
0.029313661
0.17121264
0.2174885
0.20187698
0.1756587
0.15575731
0.07823685
0.022944601
0.018028772
0.06164726
0.08589406
0.07473977
0.09466043
0.056967385
0.031692147
0.12820359
0.116849996
0.05557487
0.06763769
0.07415831
0.014325239
0.10446864
0.0994236
0.091844894
0.14282498
0.15879898
0.124462396
0.13412684
0.065922156
0.055884894
0.088354215
0.05881082
0.0200542
0.11860974
0.18483347
0.15662806
0.11868986
0.06958256
0.044692524
0.038265713
0.04323526
0.076791234
0.086728685
0.009771676
0.011560014
0.11050781
0.09248464
0.040548142
0.12987742
0.13087946
0.04673469
0.058672696
0.11937231
0.09868181
0.059048157
0.04345023
0.01088344
0.062482916
0.07421574
0.06524908
0.04094062
0.04174646
0.07571359
0.07743608
0.09238998
0.09071661
0.0820311
0.065802515
0.032014944
0.044535898
0.09027991
0.13498585
0.15374607
0.07264972
0.028985238
0.08049258
0.0897414
0.062766306
0.038856965
0.101280145
0.111769594
0.048372786
0.15631717
0.1328536
0.07717227
0.068255834
0.041091118
0.08453792
0.042390723
0.08022585
0.09163902
0.12724115
0.19990322
0.13883439
0.068897136
0.03839209
0.061021667
0.044436418
0.06354619
0.044482686
0.08888734
0.13561183
0.13552338
0.07770894
0.05492224
0.109275214
0.15060149
0.10444375
0.066094294
0.05240122
0.19879094
0.16510649
0.07826497
0.040797275
0.013423762
0.025053995
0.115066856
0.1546483
0.13520148
0.12901415
0.1272055
0.07665034
0.0685293
0.08892219
0.07756609
0.01112152
0.02635468
0.02402018
0.057444964
0.08883501
0.0029706939
0.05953334
0.0411825
0.037932605
0.023470849
0.05498297
0.06869647
0.03040823
0.13100937
0.09292104
0.010701608
0.06709095
0.116893284
0.08598984
0.0646897
0.028602894
0.06581558
0.046365008
0.03747168
0.07979517
0.06846792
0.024006162
0.023290252
0.080229335
0.021096881
0.06801634
0.04936594
0.025446957
0.044869002
0.10071992
0.13554615
0.12600635
0.087782346
0.053470667
0.045209687
0.029499969
0.059109174
0.03333386
0.01759558
0.017494174
0.06725086
0.13308626
0.10128032
0.06099062
0.03737888
0.015456206
0.026134275
0.073276535
0.15940963
0.10393913
0.053139202
0.07283674
0.029240033
0.054225832
0.059810184
0.01809629
0.03668811
0.051898196
0.044077832
0.017792623
0.037386045
0.06831661
0.08104355
0.08300646
0.119309135
0.14021912
0.08503942
0.10932611
0.13236919
0.101094104
0.049193
0.029276982
0.08341746
0.13359867
0.06015992
0.0517891
0.07445454
0.06072784
0.022725264
0.011000975
0.0047153872
0.023718067
0.0833783
0.05987249
0.055003002
0.06712888
0.05446752
0.06526059
0.037514348
0.09741901
0.08104858
0.07104125
0.022289699
0.0812289
0.049261227
0.037833046
0.06468949
0.06831796
0.032004535
0.040327318
0.11042918
0.1125182
0.056391995
0.08949151
0.14878418
0.07366587
0.02427768
0.028688967
0.023541326
0.034833767
0.0630262
0.15391381
0.13439749
0.10920208
0.10158449
0.07552067
0.08787833
0.103087656
0.063562855
0.022910737
0.035881713
0.07198543
0.056105573
0.07120763
0.09745228
0.091816805
0.13302538
0.08580313
0.11555707
0.117431216
0.06588774
0.030731395
0.021833701
0.018904565
0.055438083
0.08374765
0.09965516
0.11712878
0.1412306
0.093342386
0.014818614
0.03532293
0.051128976
0.047490902
0.050263647
0.017490752
0.04578691
0.1068164
0.14935663
0.068133034
0.021201786
0.016618723
0.0046791094
0.020217538
0.08194329
0.058660753
0.05811154
0.058132935
0.0521813
0.049395896
0.023124704
0.101049975
0.107332714
0.080959156
0.13107729
0.12776178
0.059906293
0.041476496
0.06516959
0.077035874
0.1643789
0.14274664
0.05927491
0.010554426
0.060316887
0.036144726
0.05231097
0.07793323
0.11414566
0.079301335
0.12392054
0.1262257
0.09999939
0.09956653
0.08640008
0.083716854
0.17140779
0.1770109
0.11111099
0.066162184
0.056012124
0.1201335
0.11928519
0.10532616
0.094730824
0.026585527
0.043235198
0.041846827
0.036743697
0.0777221
0.0476096
0.10558636
0.11256946
0.06754923
0.019805383
0.04844063
0.07197418
0.053508203
0.022247965
0.06989337
0.021228805
0.058933143
0.053947076
0.021773092
0.08214933
0.10560676
0.05811312
0.07025256
0.12933874
0.14682904
0.11292371
0.08683341
0.06541596
0.015147558
0.043423068
0.020822892
0.011655631
0.08974281
0.12672892
0.09255251
0.053380497
0.041440405
0.043337494
0.081078224
0.13158229
0.07970978
0.060931053
0.1044018
0.0869935
0.042944472
0.033093624
0.06473912
0.095172025
0.10403559
0.12033592
0.029149828
0.057075065
0.11494205
0.06405627
0.0458226
0.05368686
0.059713658
0.10548432
0.13582197
0.01573234
0.14817435
0.12590478
0.06875833
0.05237797
0.07697197
0.080567166
0.044988934
0.06926047
0.07474322
0.03492314
0.0804869
0.10200106
0.083715655
0.06785587
0.04025009
0.03998294
0.06635983
0.09542786
0.08977332
0.069103375
0.18218276
0.26865807
0.14402947
0.03892895
0.035694666
0.0631926
0.119808055
0.10010038
0.070434704
0.012393773
0.09526266
0.11833157
0.06333624
0.066197574
0.06441067
0.06474163
0.062698305
0.028027415
0.05126739
0.09332704
0.07758845
0.091572925
0.16203713
0.13559867
0.01972496
0.030708602
0.050049104
0.05864837
0.06724711
0.07627651
0.1558018
0.119636945
0.0742148
0.16424982
0.17161067
0.098993406
0.06227366
0.06503655
0.10895624
0.08159357
0.099508375
0.13154294
0.11318797
0.13318966
0.15287124
0.15275891
0.12669061
0.10001383
0.10544457
0.13269041
0.1453084
0.09431967
0.053077128
0.064480856
0.06325006
0.03286124
0.04506602
0.033763826
0.09790559
0.11337217
0.07777135
0.09296202
0.056435663
0.037264783
0.03818618
0.053146295
0.05587094
0.03240205
0.011431504
0.048186123
0.10352651
0.17555264
0.1514842
0.10572596
0.12177116
0.076990545
0.05821784
0.100115135
0.14382064
0.16973788
0.112091996
0.030984594
0.021630587
0.01753457
0.08975678
0.13845213
0.08864295
0.088589646
0.08241827
0.0959089
0.073538646
0.06493263
0.07734611
0.049133636
0.022631772
0.04935642
0.04308319
0.05211336
0.08763314
0.0557315
0.057560816
0.065392405
0.05146495
0.05864999
0.06887299
0.02193598
0.021647327
0.043162674
0.071968555
0.08742337
0.061292276
0.02637753
0.06737278
0.063851476
0.04733371
0.0769856
0.09758758
0.038770728
0.03352396
0.063792475
0.030689294
0.061110448
0.09136671
0.060701005
0.05429257
0.07794128
0.09105382
0.077285305
0.028220458
0.04985699
0.053256683
0.07472715
0.06777076
0.057465132
0.059505664
0.14821184
0.19969296
0.09973627
0.053067222
0.0782646
0.032107096
0.03299032
0.09488425
0.098703355
0.03278604
0.054892235
0.13945569
0.19470198
0.17401911
0.11522337
0.06688043
0.10285083
0.06440779
0.094097726
0.14554909
0.15349394
0.16699384
0.07397883
0.09825578
0.121434525
0.052554727
0.07591606
0.12491202
0.15925072
0.11315619
0.08226405
0.05356347
0.0307589
0.03998125
0.029096548
0.08999673
0.040349875
0.13527696
0.08641004
0.050857443
0.07441033
0.18325762
0.17858973
0.14891234
0.13618764
0.10263944
0.029393809
0.07306964
0.08708892
0.055309415
0.070595376
0.17415464
0.19464235
0.18832262
0.14929242
0.10853758
0.12241671
0.09745282
0.14374807
0.09364278
0.2640645
0.20772043
0.1285693
0.114846274
0.042738624
0.09383684
0.09698043
0.07425073
0.14969532
0.17328493
0.13398528
0.118613735
0.09518308
0.07284357
0.047345124
0.06432065
0.103028566
0.100395225
0.07928185
0.03013108
0.06329148
0.15350673
0.12774679
0.03857278
0.075257234
0.043568566
0.053172417
0.08253334
0.0877989
0.12059042
0.12663567
0.111431256
0.13003767
0.12933166
0.071470246
0.011214948
0.06883376
0.04352809
0.060354054
0.10451985
0.111181304
0.05075438
0.044003647
0.024819607
0.13467251
0.1343311
0.14308779
0.21500452
0.15899484
0.16262665
0.23489247
0.16681542
0.11413192
0.1231723
0.14240205
0.20027144
0.22820994
0.16027379
0.12449687
0.14469755
0.10905958
0.119371764
0.22762625
0.15424211
0.13624215
0.11397662
0.1414372
0.12266225
0.041837316
0.039840776
0.12770575
0.15759031
0.15410557
0.0735109
0.04769043
0.06736363
0.15776789
0.1297392
0.08903334
0.21085131
0.15352467
0.050472375
0.11531933
0.111794606
0.07782117
0.10439164
0.052869447
0.12573962
0.21802601
0.14855324
0.050004568
0.02919924
0.031070147
0.096936435
0.13522154
0.13593559
0.030844135
0.16784422
0.10703576
0.08106692
0.13374002
0.031864427
0.13348258
0.06415934
0.085515484
0.1204891
0.08417578
0.012494096
0.06715141
0.108901404
0.036855124
0.05678684
0.06062899
0.086751774
0.03850569
0.039888322
0.07979256
0.054445956
0.08480277
0.13833115
0.008869763
0.13679588
0.1898654
0.15469484
0.07195974
0.024465933
0.11471337
0.12191566
0.07851235
0.071404055
0.13548447
0.12052559
0.08991794
0.23049411
0.21290383
0.080968015
0.033907667
0.013728238
0.038266957
0.05906699
0.102330245
0.02383029
0.06851463
0.11311343
0.11622463
0.06490071
0.050402932
0.14754967
0.07322493
0.05510957
0.049412295
0.038950544
0.06770241
0.08640994
0.12601554
0.06662545
0.05340164
0.052940406
0.022600891
0.018322816
0.06153261
0.15343463
0.20251232
0.15437134
0.13839813
0.18475838
0.09000962
0.0632458
0.088515714
0.08097345
0.09566737
0.14867316
0.08368552
0.052367352
0.075667754
0.06673214
0.01538234
0.0685056
0.03785404
0.07317255
0.0642348
0.08524434
0.10539183
0.091085844
0.13330345
0.118885174
0.019834904
0.021979364
0.07072036
0.06526769
0.028130192
0.050706122
0.04814572
0.056692053
0.05236677
0.043592688
0.016464338
0.060191024
0.09178435
0.08738592
0.059754975
0.07104633
0.066223435
0.057466034
0.07696004
0.021589767
0.07383096
0.055373605
0.058421005
0.0941754
0.047766693
0.13299987
0.08864946
0.0572344
0.09703516
0.063754626
0.03685928
0.064652495
0.08204182
0.08615384
0.15209486
0.16436456
0.0627065
0.0018308283
0.050299272
0.08952312
0.067766674
0.0759485
0.048189037
0.10154363
0.07286246
0.090495795
0.02442547
0.03497227
0.0072093126
0.022501385
0.03700322
0.021753626
0.04304081
0.044742078
0.060132224
0.014947003
0.07636053
0.0920276
0.062123492
0.018779527
0.057226937
0.07039139
0.03536968
0.05514507
0.10618152
0.09179459
0.039044917
0.056734674
0.05518912
0.08396168
0.084820524
0.032628488
0.09847161
0.08067934
0.06737087
0.05845753
0.0651708
0.02418436
0.049763273
0.016191574
0.030119017
0.026438082
0.016291615
0.028192127
0.06588956
0.12207285
0.057896808
0.06645765
0.02506465
0.055523064
0.10729229
0.08542443
7.471618E-4
0.09853192
0.121029384
0.0393358
0.0686752
0.11250698
0.056448344
0.045735598
0.09854419
0.14677672
0.07157962
0.11646886
0.11414097
0.024696281
0.073499225
0.064642
0.058830734
0.059829306
0.1566251
0.06925278
0.07149517
0.076680474
0.052584104
0.048433393
0.08247788
0.108971015
0.119657606
0.08905237
0.028456045
0.06041884
0.103209995
0.10879961
0.11484594
0.11069272
0.10208931
0.1355408
0.09527033
0.039425276
0.077087276
0.14166014
0.1244529
0.046795014
0.008784866
0.0626858
0.11558835
0.08658405
0.12564604
0.12039508
0.055164214
0.05114463
0.05137113
0.036188807
0.08463327
0.050908722
0.0066237883
0.043559052
0.058346007
0.05410339
0.087902755
0.13475361
0.09734443
0.04833875
0.053258173
0.011824837
0.078089885
0.026483612
0.03283279
0.08269855
0.1210884
0.0864305
0.015886372
0.03635879
0.030849325
0.006673477
0.068663925
0.123321764
0.058895662
0.05690404
0.054412648
0.061319243
0.063762285
0.055282697
0.055797
0.071902126
0.10692744
0.07365101
0.014154378
0.044254154
0.049335912
0.055015862
0.088438295
0.12586656
0.12608457
0.14097267
0.081203826
0.10337559
0.100398
0.01710713
0.026000258
0.028482694
0.10193569
0.17729352
0.07768071
0.0856332
0.12280559
0.08931139
0.07506037
0.05118954
0.0554775
0.03045751
0.065931424
0.09937042
0.119758725
0.049022764
0.061465077
0.008061949
0.008060262
0.12620562
0.13324642
0.025450863
0.16153209
0.10749387
0.010466402
0.07800818
0.07675564
0.0075235646
0.04502602
0.09625467
0.1135962
0.08384703
0.05873161
0.055295605
0.048980854
0.006724277
0.08350595
0.07187265
0.029797949
0.024377858
0.07210115
0.067855805
0.054891184
0.05052728
0.011840159
0.0719112
0.103794746
0.04284271
0.034513798
0.040598676
0.044943176
0.07386327
0.041064642
0.039791826
0.030509941
0.03883755
0.068699025
0.04795372
0.021728188
0.014586927
0.020042641
0.03340477
0.08960687
0.09216158
0.05741174
0.013575484
0.043237
0.10418304
0.12805495
0.14481671
0.065176114
0.030181453
0.031084836
0.027869698
0.08676863
0.1155298
0.083962455
0.051847655
0.04293818
0.068997316
0.079033025
0.17199327
0.1319567
0.042623296
0.014542565
0.04541123
0.064138405
0.058401503
0.025403019
0.10619128
0.08912035
0.042903494
0.025840348
0.07408714
0.077712215
0.10400629
0.061681144
0.041686058
0.031635035
0.035934925
0.03434788
0.00703691
0.047513243
0.0698837
0.060244486
0.0482095
0.08213385
0.08763532
0.029965201
0.04499488
0.05792702
0.05112044
0.02227531
0.05776834
0.06875544
0.09551081
0.07164627
0.0272218
0.024536453
0.084231645
0.11965238
0.0991083
0.05069809
0.031976983
0.021258648
0.06022069
0.055125855
0.0333457
0.006144605
0.0138266
0.031754263
0.093235984
0.11173325
0.09492028
0.012145112
0.042614643
0.037374683
0.053779867
0.038353894
0.06221995
0.07714456
0.07733262
0.107870944
0.097834334
0.075450644
0.060774893
0.062152643
0.05497695
0.07069279
0.028549315
0.023998393
0.031519447
0.020251598
0.07356597
0.061299093
0.04194392
0.028719155
0.02658591
0.032255173
0.04798425
0.052047957
0.011357754
0.06763063
0.09694613
0.07377216
0.047767688
0.031865858
0.035401385
0.07832589
0.07466587
0.09575463
0.07425178
0.01960191
0.08403518
0.053990856
0.022380957
0.021022273
0.015736124
0.056579176
0.04688185
0.028928535
0.04444626
0.027051095
0.008766086
0.024755636
0.0031756468
0.042683706
0.032636657
0.042734373
0.045438386
0.027944202
0.04687005
0.048891272
0.055953708
0.04853016
0.018081056
0.035658788
0.05367496
0.0319339
0.056306157
0.025548706
0.044676032
0.10668297
0.088064894
0.020434579
0.026439216
0.052721262
0.0443019
0.01925371
0.015161316
0.04956509
0.05824501
0.025140662
0.011140222
0.035402052
0.031194132
0.035030108
0.019183403
0.028424043
0.024931269
0.01433684
0.016213408
0.023667766
0.036036514
0.052789386
0.07697153
0.032330338
0.03248128
0.0014802589
0.08339176
0.07592948
0.023654131
0.043306552
0.07934828
0.10309508
0.055793475
0.026267176
0.031997517
0.011906053
0.025361612
0.06067933
0.061938472
0.050827887
0.05244671
0.033375464
0.07451985
0.07538017
0.02815051
0.028802557
0.04141314
0.02986181
0.01969659
0.043868862
0.034790624
0.03965497
0.07362648
0.05555773
0.017763231
0.027763097
0.016165515
0.029530507
0.020146355
0.02148663
0.032614287
0.01962015
0.038772088
0.024499219
0.015212084
0.018015701
0.023317205
0.015017351
0.033281114
0.046875395
0.061751217
0.03368906
0.032564662
0.047543216
0.0786551
0.08451905
0.051976178
0.029328877
0.0247965
0.03702222
0.052933317
0.036391
0.010236337
0.02389371
0.037090603
-0.006103694
0.0
0.0
-0.0030518146
0.0030517967
0.0
-0.0061035
0.0
-0.006103378
-0.0061033056
0.0
-0.006103141
-0.006103047
-0.0061029466
-0.006102839
-0.003051362
0.0
-0.0061024725
-0.003051168
-0.003051096
-0.0061020413
-0.0061018835
-0.009152577
-0.006101546
-0.003050683
-0.0030505897
-0.009151478
-0.0061007845
-0.0061005764
-0.009150541
-0.003050069
-0.009149862
-0.006099671
-0.006099427
-0.0091487635
-0.009148376
-0.009147977
-0.009147568
-0.0060980986
-0.0060978113
-0.006097517
-0.0030486076
-0.0060969065
-0.0030482954
-0.0030481338
-0.0060959375
-0.0030478002
0.0
-0.0030474518
0.0
-0.0030470896
-0.0060938057
0.0
0.0
0.0
0.0
0.0
-0.006091416
-0.0060909926
0.0
0.0
0.00304484
0.0
-0.0030443843
0.0
-0.0030439147
-0.0030436744
0.0030434304
0.0
0.0030429321
0.0030426774
-0.0030424194
0.0030421577
-0.0030418923
0.0
0.0030413512
0.0
0.0
0.0
-0.003040226
-0.0030399356
0.0030396418
0.0
0.0030390436
0.003038739
-0.003038431
-0.0030381195
0.0
0.0
0.0030371633
0.0030368373
0.0
-0.003036175
-0.0030358385
0.0
0.0
0.0030348075
0.0030344569
0.0030341025
-0.0030337449
-0.0030333833
0.0030330184
0.0030326499
0.003032278
0.0030319025
0.0030315232
0.0030311407
0.006061509
0.0060607293
0.0060599428
0.009088724
0.0030291742
0.0030287702
0.0060567255
0.015139759
0.015137686
0.0030271192
0.0030266976
0.0
0.0060516875
0.0121016465
0.006049952
0.0060490733
0.006048188
0.012094591
0.0060463957
0.006045489
0.006044575
0.009065482
0.0060427263
0.0030208959
0.0030204249
0.0030199504
0.0060389447
0.0060379817
0.0030185059
0.0030180172
0.0030175252
0.0060340595
0.012066122
0.006032056
0.006031044
0.0
0.0
0.0060279653
0.0030134625
0.003012939
0.0
0.0030118811
0.0
0.0
0.0030102683
0.0030097237
0.0
0.003008624
0.0
0.0
0.0
0.0
0.0
0.0030052413
0.0
0.0
0.0
0.0
0.0030023265
0.0
-0.0060022725
-0.0030005358
-0.002999932
0.0
0.002998714
0.0029981
0.0029974822
0.0
0.0
0.0
0.0
0.0
0.0
0.0
0.0
0.0
0.0
0.0
0.0
0.0
0.0029884714
0.0
-0.0059742583
0.0
-0.005971546
0.0
0.0
0.0
0.0
-0.0059646447
0.0
0.0029809182
0.0029802108
0.0029795002
0.0029787861
-0.005956137
-0.008932043
-0.0059532467
-0.005951791
0.0
0.0
0.0
-0.0059459005
-0.005944411
-0.0059429146
-0.005941411
-0.005939901
-0.005938384
-0.0059368606
-0.00593533
-0.005933793
-0.0029661243
0.0
-0.0059291404
-0.005927576
-0.005926005
-0.011848854
-0.0059228423
-0.005921251
-0.005919653
-0.005918048
-0.005916436
-0.011829635
-0.0059131924
-0.0059115607
-0.005909922
0.0
-0.0059066247
-0.005904966
0.0
-0.005901628
-0.005899949
-0.0058982633
-0.005896571
-0.005894872
-0.005893166
-0.005891454
0.0
0.0
-0.0058862767
0.0
-0.0058827917
-0.005881039
0.0
0.0
0.0
-0.005873963
-0.005872177
-0.0058703846
-0.0058685853
-0.00586678
-0.0058649676
0.0
0.0
-0.005859491
-0.0058576525
-0.005855807
-0.005853955
-0.0058520967
-0.0058502313
-0.00877254
-0.0058464813
0.0
0.0
0.0
0.0
0.0
-0.0058350735
-0.008749723
-0.0058312183
-0.005829281
-0.005827337
0.0
0.0
-0.0029107332
-0.0058194962
-0.00290876
0.0
-0.0029067737
0.0
0.0
0.0
0.0
0.002901751
0.0
0.0
0.0
-0.0057953494
0.0028966474
0.011582469
0.005789167
0.0028935466
0.0028925065
0.0028914632
0.002890417
0.002889367
0.0057766284
0.011549032
0.0057723974
0.0028851363
0.008652211
0.0028830015
0.0028819295
0.011523416
0.005759551
0.0057573877
0.002877609
0.0028765209
0.0057508596
0.008623006
0.011492951
0.005744274
0.008613099
0.005739852
0.0028688156
0.0057354043
0.005733171
0.0028654658
0.0028643429
0.002863217
0.0028620877
0.008582866
0.00857946
0.008576044
0.0085726185
0.0028563947
0.0028552467
0.0028540955
0.0028529412
0.0028517838
0.0028506233
0.0028494596
0.0028482927
0.002847123
0.008537849
0.005689548
0.0028435946
0.0
0.0
0.0
0.0
0.0
-0.0028364544
-0.0028352535
0.0
0.0028328425
0.005663265
0.0
0.0
0.0
-0.0028267615
-0.002825536
0.0028243074
0.0
0.0
0.0028206035
0.0
-0.0028181192
-0.005633745
-0.005631245
-0.0056287395
0.0
-0.002811855
-0.002810593
-0.0028093278
-0.0028080598
-0.0028067888
0.0
0.0028042379
-0.0028029578
0.0028016747
0.0
0.0
0.0
-0.0027965123
0.0
-0.0027939132
-0.0027926092
0.0
0.0
0.0
0.0
0.0
0.0
-0.0027833977
0.0
0.0
-0.005558811
-0.0027780689
-0.0027767292
-0.0055507733
-0.0055480823
-0.0027726928
-0.0027713412
-0.002769987
0.0
-0.0055345395
-0.005531813
-0.005529081
-0.0055263434
-0.0055235997
-0.0055208504
-0.005518095
-0.0027576669
-0.005512567
-0.005509794
-0.008260524
-0.008256347
-0.011002883
-0.008247969
-0.0027479222
-0.005493037
-0.005490224
-0.005487405
-0.0054845805
-0.0054817502
-0.0054789144
-0.0054760724
-0.0054732254
-0.0054703723
-0.0054675136
-0.005464649
-0.005461779
-0.005458903
-0.0081840325
-0.0054531344
0.0
-0.005447343
0.0
-0.0027207646
-0.008157921
-0.0054356926
0.0
-0.002714917
-0.0027134481
-0.0027119764
-0.005421004
-0.0027090246
0.0
0.0
0.0
0.0
-0.0027015966
-0.0027001027
-0.002698606
-0.0026971065
-0.0026956042
0.0
0.0
0.0
0.002689568
0.0
-0.0053730668
0.0
-0.0026834877
-0.002681961
0.0
-0.005357798
0.0
0.0
0.0
0.0026727428
0.0026711968
0.0
0.0
0.0026665432
-0.0026649865
0.0
0.0026618652
0.0026603006
0.0026587334
0.0026571634
0.0053111813
0.0026540156
0.0026524374
0.002650857
0.0026492737
0.0026476877
0.005292198
0.005289016
0.0052858284
0.007923953
0.007919156
0.007914351
0.007909538
0.0052698115
0.0052665924
0.005263368
0.007890208
0.010513808
0.007880496
0.007875629
0.007870753
0.00786587
0.010481305
0.013093468
0.010468232
0.013077101
0.0104551185
0.007836409
0.010441963
0.01043537
0.010428767
0.010422153
0.0078116474
0.0078066722
0.013002816
0.010395599
0.007791701
0.0077866954
0.005187788
0.005184441
0.005181089
0.007766598
0.0077615543
0.0077565038
0.0051676305
0.0025821265
0.005160871
0.005157484
0.010308184
0.0051506953
0.0025736466
0.0051438864
0.0
0.0
0.0051336363
0.002565105
0.0051267785
0.0051233424
0.0025599506
0.0025582276
0.0025565021
0.0
0.002553044
0.0
-0.002549576
0.0
-0.0025460985
-0.0025443563
-0.0050852234
-0.0025408645
0.0
0.002537363
0.0
0.0
-0.005064186
-0.0025303317
0.0
0.0
0.0025250332
-0.0025232625
-0.0050429786
-0.007559141
-0.0075538075
-0.005032311
-0.002514373
-0.0050251763
-0.0025108012
-0.010036047
-0.010028879
-0.005010851
-0.0050072586
-0.0025018305
-0.005000059
-0.0074946783
-0.004992841
-0.0049892254
-0.004985605
-0.00249099
-0.0049783504
-0.007462075
-0.007456617
-0.004967435
0.0
-0.0024800678
-0.0049564787
-0.0049528177
-0.0049491525
-0.004945482
-0.002470904
0.0
-0.002467223
-0.002465379
0.0
0.0
0.0
-0.0024579815
0.0
-0.004908539
-0.0073572304
-0.0049010976
-0.0024486852
-0.0024468193
-0.007334854
-0.0048861625
-0.002441209
-0.0024393345
-0.002437458
-0.009742317
-0.004867397
-0.0024318153
-0.0024299303
-0.002428043
-0.0024261535
-0.002424262
-0.009689474
-0.0024204727
-0.007255724
-0.009666699
-0.009659091
-0.007238606
-0.007232887
-0.009636217
-0.007221431
-0.0072156936
-0.009613267
-0.0072042
-0.011997407
-0.009590243
-0.009582552
-0.009574853
-0.007175359
-0.011949287
-0.009551706
-0.011929967
-0.011920292
-0.011910607
-0.0071405475
-0.0023782414
-0.0071288953
-0.009497413
-0.011862031
-0.0071113715
-0.0023685063
-0.0023665533
-0.0023645982
-0.0023626413
-0.007082047
-0.0023587213
0.0
-0.0023547937
0.0
0.0
-0.0023488877
-0.002346915
-0.0023449406
0.0
0.0
0.0023390055
0.0023370232
0.0
0.0
0.0
0.0
0.0
0.00465018
0.004646189
0.0069632917
0.006957294
0.0046341936
0.004630188
0.004626178
0.004622165
0.004618148
0.0
0.0023050513
0.0046060747
0.004602043
0.0045980075
0.006890953
0.004589926
0.00458588
0.0068727448
0.0045777764
0.0045737196
0.006854488
0.0045655943
0.009123053
0.009114911
0.0045533804
0.009098604
0.0068178303
0.006811702
0.0068055685
0.011332383
0.0113221435
0.0067871367
0.00904131
0.0067748227
0.004512439
0.0067624883
0.004504209
0.0067501334
0.0044959653
0.0044918386
0.0067315623
0.008967149
0.006719156
0.008950594
0.008942307
0.0044670063
0.008925712
0.013376106
0.0089090895
0.008900769
0.008892442
0.008884108
0.0066568255
0.00886742
0.008859067
0.008850708
0.008842341
0.004416984
0.0044127945
0.008817203
0.0044044056
0.0044002063
0.0043960037
0.0043917983
0.008775179
0.0043833777
0.0043791626
0.0043749446
0.0043707234
0.004366499
0.0043622716
0.004358041
0.0043538073
0.0043495707
0.0021726657
0.0
0.0021684214
0.0021662968
0.004328342
0.0
-0.0021599147
-0.0043155686
-0.0043113045
0.0
-0.002151384
0.0
0.0
-0.0021449707
-0.00214283
-0.0021406878
-0.002138544
-0.002136399
-0.0021342526
-0.0021321047
-0.0021299555
-0.004255609
-0.0021256523
-0.0021234988
-0.008485375
-0.0021191873
-0.0021170296
-0.0021148704
-0.0021127097
-0.006331643
-0.006325153
-0.006318659
-0.0021040535
-0.002101886
-0.0041994345
-0.0041950946
-0.0020953757
-0.004186406
-0.0020910287
-0.0062665595
-0.008346706
-0.006253495
-0.006246956
-0.006240414
-0.004155912
-0.0062273177
-0.008294351
-0.008285607
-0.008276858
-0.0041340524
-0.006194509
-0.008250581
-0.008241812
-0.008233037
-0.008224258
-0.008215473
-0.008206684
-0.00819789
-0.0081890905
-0.008180287
-0.008171477
-0.008162663
-0.008153845
-0.008145021
-0.008136193
-0.00812736
-0.008118521
-0.008109679
-0.008100832
-0.006068985
-0.008083123
-0.008074261
-0.008065395
-0.008056525
-0.00804765
-0.0060290773
-0.004014943
-0.0060157473
-0.006009077
-0.006002404
-0.007994303
-0.009981744
-0.0079764845
-0.0019918922
-0.0019896622
0.0
0.0
-0.0019829655
-0.003961462
-0.0039569912
-0.0039525186
-0.0019740216
-0.0019717831
-0.0019695433
-0.0019673028
-0.0019650608
-0.0019628182
-0.0019605744
-0.0019583295
-0.0019560836
0.0
-0.0019515889
0.0
0.0019470901
-0.0019448393
0.0019425874
0.0019403347
0.0
0.0
0.0019335703
0.0019313137
0.0019290559
0.0019267973
0.0019245378
0.0038445545
0.0038400318
0.0038355072
0.0038309805
0.005739678
0.003821922
0.005726085
0.0038128563
0.0038083205
0.0057056746
0.003799244
0.005692055
0.0037901604
0.003785616
0.00756214
0.005664783
0.005657959
0.005651132
0.005644303
0.0056374706
0.007507515
0.0074983994
0.0074892803
0.007480158
0.007471032
0.007461903
0.009315964
0.007443636
0.0074344976
0.005569017
0.0055621588
0.0055552977
0.005548435
0.0073887594
0.009224503
0.009213054
0.0092016
0.007352114
0.005507209
0.00550033
0.009155748
0.009144277
0.005479681
0.007297058
0.009109841
0.0072786836
0.010904239
0.0090753725
0.009063876
0.005431426
0.005424524
0.0072234944
0.005410715
0.0072050765
0.0071958634
0.00898331
0.005383073
0.0071682096
0.0071589868
0.005362321
0.008925667
0.0035656516
0.0035610353
0.0053346264
0.0035517989
0.0053207683
0.0070851156
0.0053069033
0.005299968
0.005293031
0.0017620309
0.0052791527
0.0052722106
0.001755089
0.0035055482
0.003500917
0.0034962848
0.0034916515
0.0017435086
0.003482382
0.0034777457
0.0017365542
0.0034684702
0.0
0.0
0.0
0.0
0.0017226321
0.0
0.0
-0.0017156648
0.0
-0.0017110176
-0.0017086933
-0.0017063686
-0.003408087
0.0
-0.0033987842
-0.0033941315
-0.001694739
-0.0050772354
-0.0016900843
0.0
-0.0033708562
-0.0016830994
-0.0033615408
-0.003356882
0.0
0.0
-0.0033429014
-0.0016691198
-0.0033335774
-0.0033289145
-0.0033242507
-0.00497938
-0.0049723824
-0.0033102562
-0.00330559
-0.004951385
-0.004944384
-0.0065831766
-0.00493038
-0.0016411254
-0.004916372
-0.004909367
-0.006536481
-0.009790708
-0.006517796
-0.0065084514
-0.00487433
-0.0048673204
-0.009720621
-0.009706599
-0.0080771465
-0.009678551
-0.0048322626
-0.0064336658
-0.008030392
-0.004811221
-0.0080070095
-0.007995317
-0.007983624
-0.009566315
-0.0063681873
-0.0063588307
-0.009524209
-0.0047550863
-0.0047480674
-0.009482097
-0.009468057
-0.006302678
-0.007866647
-0.0047129677
-0.0031372977
-0.0062652337
-0.007819839
-0.0078081363
-0.0077964324
-0.006227783
-0.004663815
-0.003104528
-0.0046497686
-0.0061903275
-0.006180963
-0.004628699
-0.0030811168
-0.0015382172
-0.004607628
-0.0030670695
-0.0061247735
-0.0045865565
0.0
0.0
0.0015218282
-0.0030389738
-0.0015171455
-0.0030296086
-0.0030249262
0.0
0.0
0.0
0.0
0.0
0.0014984165
0.0014960757
0.0014937348
0.0014913941
0.0014890534
0.0014867128
0.0014843723
0.0
0.0014796916
0.0029547028
0.0044250344
0.0014726714
0.0014703316
0.002935984
0.0014656524
0.001463313
0.0014609736
0.0
0.0014562956
0.0029079136
0.0014516183
0.0014492797
0.002893883
0.0028892069
0.0028845312
0.0014399278
0.0028751807
0.0043057594
0.004298748
0.0042917375
0.002856485
0.0014259062
0.00142357
0.0028424682
0.004256695
0.0028331259
0.0042426833
0.0056475718
0.0028191167
0.002814448
0.0042146696
0.0028051122
0.00560089
0.0055915574
0.002791113
0.0055728955
0.0055635665
0.0055542383
0.005544912
0.0055355867
0.005526263
0.0055169403
0.005507619
0.0068728738
0.006861226
0.005479664
0.0054703485
0.0054610344
0.0068146526
0.005442411
0.0054331017
0.005423794
0.005414488
0.0054051834
0.0040469104
0.0053865793
0.0053772796
0.0053679817
0.0053586857
0.0040120436
0.004005074
0.0039981063
0.005321519
0.0053122323
0.005302947
0.0039702477
0.0039632865
0.0039563267
0.003949369
0.003942412
0.0039354567
0.003928503
0.003921551
0.0
0.0026051009
0.0039007037
0.0025958386
0.0038868138
0.0012932903
0.0
0.0
0.0
0.001284039
0.0012817276
0.0012794167
0.002554213
0.0012747968
0.0012724877
0.0
-0.0012678714
0.0
0.0
0.0
0.0012586459
0.0
0.0
0.0012517334
0.0
0.0
0.0012448267
0.0
0.0
0.0
0.0
0.0
0.0
0.0012287345
0.0
-0.001224143
-0.0012218483
-0.0024391084
0.001217261
0.0
0.0
0.0
0.0
0.0
-0.0024070337
0.0
-0.0023978828
-0.0023933097
-0.0023887383
-0.0023841683
-0.0035693997
-0.002375033
-0.0035557018
-0.0035488564
-0.0023613423
-0.0058919545
-0.005880558
-0.005869165
-0.0058577764
-0.003507835
-0.003501007
-0.0046589086
-0.0046498114
-0.004640717
-0.0057895333
-0.0034669049
-0.0046134563
-0.004604376
-0.0045952997
-0.00687934
-0.004577157
-0.004568091
-0.0022795144
-0.0045499704
-0.0068113734
-0.0067977966
-0.00791493
-0.004513773
-0.004504733
-0.0044956966
-0.0067299963
-0.006716453
-0.0067029158
-0.0066893846
-0.004450572
-0.0044415593
-0.0044325497
-0.0044235443
-0.0066218143
-0.006608318
-0.006594828
-0.0065813437
-0.005473221
-0.0043695956
-0.0065409276
-0.0065274676
-0.004342676
-0.004333711
-0.0021623753
-0.0032368454
-0.0043068416
-0.0042978935
-0.0042889495
-0.0042800102
-0.0042710747
-0.0021310719
-0.0021266085
-0.0021221475
-0.0031765327
-0.0042264634
-0.0031631656
-0.0021043248
0.0
-0.0010477134
-0.0020909812
-0.002086538
-0.0020820969
-0.003116487
0.0
0.0010343937
-0.0020643554
0.001029963
0.0
-0.0020510738
0.0
0.0
0.0010189067
0.001016699
0.0010144925
0.0
0.0
0.0
0.0
0.0010034782
0.001001279
0.0019981621
9.968844E-4
0.0
9.924946E-4
0.0
9.8811E-4
0.0029577587
0.0029511913
0.001963085
0.0
9.771707E-4
0.0019499732
0.0019456077
0.0029118673
0.002905327
0.0028987904
9.64086E-4
0.0028857295
0.002879205
9.575615E-4
0.002866168
0.0028596555
9.5104903E-4
9.4888086E-4
0.0018934283
0.0028336463
0.0037695388
0.002820666
0.003752243
0.0028077026
9.337423E-4
0.0018631704
0.0027882885
0.0027818256
0.002775367
0.0027689124
0.0018416415
0.0027560163
0.0027495746
0.0036575163
0.003648939
0.0036403674
0.0027238512
0.0027174314
0.0027110158
0.0036061394
0.003597597
0.0035890606
0.00358053
0.002679004
0.002672615
0.0026662305
0.0026598505
8.8449166E-4
8.82368E-4
8.802459E-4
8.7812525E-4
0.0017520123
8.738886E-4
0.0017435452
8.696581E-4
8.6754514E-4
8.654338E-4
8.633239E-4
0.002583647
0.0017182179
8.570038E-4
8.549002E-4
0.0017055965
8.506978E-4
8.48599E-4
8.465018E-4
0.0
8.423121E-4
8.402197E-4
0.0
8.360398E-4
0.0
0.0
8.29782E-4
0.0
0.0
8.23539E-4
0.0
8.193853E-4
0.0
0.0
8.1316713E-4
0.0
0.0
-8.069641E-4
-8.048998E-4
-8.028372E-4
-8.007763E-4
0.0
0.0
0.0
-7.9254986E-4
0.0
-7.88447E-4
-7.8639813E-4
-7.84351E-4
-0.0023469168
-7.8026205E-4
-7.782202E-4
0.0
0.0
-7.7210524E-4
-7.700704E-4
0.0
-7.660062E-4
-7.639768E-4
-0.0015238983
-0.0015198466
-7.5789925E-4
-0.0022676312
-7.538566E-4
-7.5183803E-4
-0.0014996425
-0.0014956127
-0.0022373796
-0.0014875638
-0.0014835449
-0.0014795298
-0.0014755183
-0.002207266
-0.0014675065
-7.317531E-4
0.0
-7.277584E-4
0.0
-0.0014475425
-0.0021653413
-0.0014395831
-7.178046E-4
-7.1581954E-4
-7.138364E-4
-0.0014237103
-0.0014197516
-7.078984E-4
-0.0014118458
-7.0394936E-4
-7.0197775E-4
-0.0021000241
-0.0013960806
-0.001392149
-0.0013882214
-0.0013842976
0.0
-6.8823097E-4
-0.0013725499
-6.84321E-4
-0.001364738
-0.0013608378
-6.784709E-4
-6.765249E-4
-6.745808E-4
-0.0013452775
-0.0013413975
-6.6876074E-4
-6.6682475E-4
-6.6489074E-4
6.6295883E-4
-6.610289E-4
-6.59101E-4
0.0
0.0
6.533296E-4
6.514099E-4
0.0
-6.4757676E-4
-6.4566324E-4
-6.437518E-4
0.0
0.0
0.00127606
0.0019083807
0.0012684518
0.001896981
0.0012608604
0.0018856066
0.0018799287
0.0018742575
0.0012457282
0.0012419559
0.0
-6.172119E-4
6.153321E-4
0.0012269089
0.0024463157
0.0030485278
0.0024313375
0.0012119306
0.0012081969
0.0012044675
0.0012007423
0.0011970217
0.001789958
0.0011895933
5.929429E-4
5.910913E-4
5.892419E-4
5.873947E-4
5.8554974E-4
5.8370695E-4
5.818664E-4
0.0
0.001156384
0.0017290744
0.0017235795
0.0011453942
5.7086995E-4
0.0
5.672224E-4
0.0011308041
5.635839E-4
0.0
-5.5995444E-4
0.0
5.563341E-4
5.5452733E-4
0.0011054458
5.5092067E-4
0.0
0.0
5.4552796E-4
0.00108747
0.0010838886
0.001080312
0.0010767399
0.0010731725
5.348049E-4
0.0
0.0
0.0015884244
0.0010554056
0.0
0.0
-5.224009E-4
0.0
5.188781E-4
5.1712024E-4
5.1536475E-4
0.0
0.0
0.0
-5.0836673E-4
-5.066232E-4
0.0
-5.031433E-4
-5.0140696E-4
-9.993461E-4
-4.9794157E-4
-4.962125E-4
-4.9448584E-4
0.0
-9.820797E-4
-9.78641E-4
0.0
4.858891E-4
4.841771E-4
0.0
0.0
0.0
-4.7735355E-4
-0.0014269615
-4.739566E-4
-4.7226183E-4
-4.7056953E-4
0.0
-4.671924E-4
-4.655076E-4
-4.6382527E-4
0.0
0.0
4.587933E-4
-9.14242E-4
-9.1090245E-4
-4.5378396E-4
-9.0423843E-4
-4.50457E-4
0.0
0.0
-8.9097116E-4
-8.8766706E-4
-8.84368E-4
-4.4053706E-4
-4.3889263E-4
0.0
-4.356115E-4
-8.6794957E-4
-8.6468126E-4
-8.6141814E-4
-8.5816014E-4
-4.2745366E-4
-4.2582984E-4
-8.484172E-4
-4.2258998E-4
-4.2097393E-4
-4.1936047E-4
0.0
-4.161414E-4
-4.1453578E-4
-4.129328E-4
0.0
0.0
0.0
0.0
-4.0495716E-4
-4.0336995E-4
-4.0178536E-4
-4.0020343E-4
-3.9862416E-4
-3.9704752E-4
-3.9547356E-4
-3.9390224E-4
0.0
-3.9076761E-4
0.0
-3.876437E-4
-3.8608574E-4
0.0
-3.8297792E-4
-3.8142802E-4
0.0
-0.001135009
-3.7679455E-4
-3.7525545E-4
-3.737191E-4
-3.721854E-4
-3.7065445E-4
-3.6912624E-4
-0.0011028022
-7.321559E-4
-7.291158E-4
-0.0010891218
-3.61526E-4
-3.6001418E-4
-3.585051E-4
-3.5699873E-4
-0.0010664854
-0.0010619829
-0.0010574887
0.0
0.0
-3.480186E-4
-3.465316E-4
-3.450474E-4
-3.4356592E-4
0.0
0.0
0.0
-3.37668E-4
-3.3620052E-4
0.0
0.0
3.3181484E-4
3.3035857E-4
3.2890512E-4
0.0
0.0
3.2456167E-4
-3.2311952E-4
0.0
3.2024368E-4
0.0
6.3475844E-4
0.0
9.435784E-4
6.262077E-4
0.0
6.2053575E-4
3.0885419E-4
6.148867E-4
9.181062E-4
9.1389095E-4
6.064562E-4
9.054863E-4
6.008646E-4
5.980775E-4
8.9294417E-4
5.925205E-4
5.8975077E-4
5.869868E-4
0.0
5.814762E-4
5.7872967E-4
5.759889E-4
5.73254E-4
5.705249E-4
5.678017E-4
5.650843E-4
5.623728E-4
5.596671E-4
5.569673E-4
5.5427337E-4
5.5158534E-4
5.4890313E-4
2.7311343E-4
2.7177826E-4
5.4089207E-4
2.6911675E-4
5.3558085E-4
5.3293415E-4
0.0
0.0
0.0
0.0
5.1978964E-4
5.171786E-4
5.1457353E-4
5.1197445E-4
0.0
5.067942E-4
5.0421304E-4
5.0163793E-4
4.9906876E-4
4.9650564E-4
2.4697426E-4
0.0
4.888524E-4
4.8631334E-4
7.256705E-4
4.812534E-4
2.3936626E-4
4.7621765E-4
0.0
0.0
0.0
0.0
4.6373456E-4
0.0
-4.5878394E-4
-4.5631776E-4
-4.538577E-4
0.0
0.0
0.0
0.0
-2.2082466E-4
-2.1961302E-4
0.0
0.0
2.159966E-4
0.0
0.0
0.0
0.0
-2.100309E-4
-2.0884706E-4
-4.1533262E-4
-2.0648866E-4
0.0
-2.0414268E-4
0.0
0.0
0.0
-1.9948809E-4
-1.9833224E-4
-1.9717953E-4
-1.9602993E-4
0.0
0.0
3.851999E-4
-1.914629E-4
-1.9032898E-4
-1.8919821E-4
-5.642118E-4
-1.8694613E-4
1.858248E-4
-1.8470665E-4
0.0
-1.8247978E-4
-1.813711E-4
0.0
0.0
-1.7806406E-4
-1.7696805E-4
-1.7587522E-4
-5.243567E-4
-1.736991E-4
-5.178474E-4
-1.715357E-4
-3.4091758E-4
-6.775403E-4
-5.0494366E-4
-6.6898885E-4
-4.9854926E-4
-4.9536646E-4
-4.9219327E-4
-6.520396E-4
-6.478343E-4
-6.436419E-4
-6.394624E-4
-6.352957E-4
-7.889273E-4
-6.2700093E-4
-4.6715466E-4
-6.1875774E-4
-6.146555E-4
-6.1056623E-4
-6.0648983E-4
-3.012132E-4
-5.983759E-4
-5.943384E-4
-5.9031387E-4
-7.328779E-4
-5.8230374E-4
-2.8915907E-4
-5.743456E-4
-1.425965E-4
-2.8321976E-4
-5.6250603E-4
-4.189392E-4
-4.1600864E-4
-5.507839E-4
-1.3672565E-4
-2.7151723E-4
-5.3917937E-4
-5.3533737E-4
-3.9863138E-4
-5.276927E-4
-5.2389014E-4
-5.2010064E-4
-6.454054E-4
-5.125611E-4
-5.088111E-4
-5.050742E-4
-2.5067528E-4
-1.2441001E-4
-2.4697138E-4
-2.4512934E-4
-2.4329392E-4
-4.829302E-4
-1.19821445E-4
-1.1891366E-4
-2.3601836E-4
-2.3421603E-4
-2.3242034E-4
-1.1531563E-4
-2.2884886E-4
-1.13536546E-4
-1.12651986E-4
-1.1177075E-4
-1.1089285E-4
0.0
1.0914704E-4
1.08279135E-4
1.0741457E-4
1.0655334E-4
1.0569546E-4
2.0968184E-4
2.0797944E-4
2.0628374E-4
2.0459475E-4
2.0291246E-4
1.0061843E-4
2.99352E-4
1.9790583E-4
2.9437558E-4
2.919025E-4
1.9295968E-4
2.8698661E-4
2.8454384E-4
2.8211114E-4
3.7291812E-4
2.7727612E-4
3.664984E-4
3.633088E-4
2.7009955E-4
3.5697015E-4
6.1918696E-4
4.3835703E-4
5.2134553E-4
5.166829E-4
3.4136046E-4
5.0741876E-4
5.028172E-4
4.9823604E-4
4.9367524E-4
4.891348E-4
4.846148E-4
4.801152E-4
3.9636338E-4
3.9264778E-4
3.889492E-4
3.0821413E-4
3.0528256E-4
3.779558E-4
2.9946037E-4
2.9656975E-4
3.6711604E-4
3.6353696E-4
5.03965E-4
4.277162E-4
2.8232194E-4
3.4939183E-4
3.4589838E-4
2.7393768E-4
3.3896294E-4
2.6841677E-4
2.656769E-4
3.286885E-4
3.2529805E-4
3.219248E-4
1.9114125E-4
1.8913797E-4
2.4952667E-4
3.0860392E-4
4.274435E-4
4.83275E-4
4.7807075E-4
2.9555883E-4
2.3387256E-4
2.3131187E-4
2.2876501E-4
2.2623198E-4
1.6778459E-4
1.10603716E-4
0.0
0.0
1.6033088E-4
2.1132459E-4
2.6111066E-4
3.0969956E-4
1.5304357E-4
1.0083184E-4
9.964159E-5
9.8458295E-5
4.8640974E-5
4.8056278E-5
9.495012E-5
4.6897323E-5
0.0
-9.15046E-5
-4.5185014E-5
-4.4621214E-5
0.0
4.350408E-5
8.590148E-5
4.24009E-5
4.185455E-5
4.1311694E-5
8.154467E-5
4.0236468E-5
0.0
0.0
-3.8649865E-5
-3.8128E-5
-7.521927E-5
-1.11284324E-4
-1.0975026E-4
-3.6075573E-5
-3.5571233E-5
-3.50704E-5
0.0
-3.4079265E-5
-3.3588964E-5
-3.310218E-5
-3.2618907E-5
0.0
0.0
-3.119019E-5
-9.216296E-5
-1.2102122E-4
-1.4896573E-4
-8.8003515E-5
-8.6638174E-5
-8.52834E-5
-5.5959466E-5
-1.10140776E-4
-1.3547091E-4
-1.066268E-4
-1.0489098E-4
-7.737697E-5
-5.0730865E-5
-4.988415E-5
-9.8089E-5
-1.4463576E-4
-1.6585244E-4
-1.3970393E-4
-1.6014816E-4
-1.5733317E-4
-1.10387824E-4
-1.0841252E-4
-1.06454914E-4
-8.361202E-5
-1.0259285E-4
-1.006884E-4
-9.880167E-5
-7.754614E-5
-7.6065124E-5
-5.5948727E-5
-5.4859258E-5
-7.170725E-5
-1.0542452E-4
-1.3774598E-4
-8.4346466E-5
-1.15667244E-4
-9.709226E-5
-7.921875E-5
-9.305406E-5
-7.588914E-5
-7.425101E-5
-7.263067E-5
-7.102811E-5
-5.5554683E-5
-5.4301116E-5
-5.306179E-5
-6.479589E-5
-8.859528E-5
-9.885858E-5
-9.6493925E-5
-8.2388055E-5
-6.888761E-5
-5.59819E-5
-6.549034E-5
-6.382381E-5
-6.217868E-5
-6.0554958E-5
-5.895265E-5
-5.7371755E-5
-5.5812277E-5
-4.5228524E-5
-4.396467E-5
-5.1262406E-5
-4.1490537E-5
-4.8336322E-5
-4.690544E-5
-4.5496E-5
-4.410801E-5
-3.5617886E-5
-3.449698E-5
-2.6715164E-5
-2.584705E-5
-1.8744935E-5
-1.20768755E-5
-1.1664285E-5
-1.1258851E-5
-1.0860576E-5
-1.0469461E-5
-5.0427525E-6
-4.854355E-6
-9.339077E-6
0.0
-8.621301E-6
0.0
3.9660918E-6
3.7991865E-6
7.27173E-6
1.0428381E-5
9.95992E-6
9.502213E-6
9.055261E-6
1.1492087E-5
1.0924834E-5
1.555789E-5
1.2291703E-5
9.309146E-6
8.799277E-6
6.227817E-6
7.822586E-6
9.194709E-6
5.177475E-6
4.84889E-6
4.5310708E-6
7.04003E-6
6.546221E-6
8.498502E-6
7.857421E-6
6.206974E-6
5.7005545E-6
4.346397E-6
4.75234E-6
4.3105474E-6
3.8902986E-6
2.9096627E-6
2.5953652E-6
2.7588283E-6
2.8288937E-6
2.1122528E-6
1.8212887E-6
1.2932292E-6
1.3040119E-6
1.0777003E-6
1.0184306E-6
8.046885E-7
4.4006535E-7
3.2331414E-7
1.7961935E-7
1.4369573E-7
1.13160546E-7
4.3108823E-8
1.0777212E-8
0.0
