0.27277353
0.11840719
0.06920553
0.08626483
0.1010665
0.061274998
0.31428015
0.3702002
0.29481328
0.5479744
0.76566184
0.29584584
0.34566316
0.74223
0.7592736
0.18335035
0.08496358
0.16332322
0.14911827
0.6564521
1.175842
0.6702145
0.6426161
0.61112994
0.4345308
0.27518386
0.5639771
0.41777584
0.0990009
0.15298145
0.20262022
0.45078927
0.4679925
0.44152158
0.4079946
0.24034779
0.28970405
0.45785967
0.36346704
0.2572351
0.23406118
0.40011105
0.35280752
0.3634113
0.21139848
0.017316565
0.27744973
0.4190594
0.35242233
0.3666672
0.4663081
0.29003438
0.061474714
0.24100704
0.4710938
0.35204843
0.26778272
0.34652844
0.25600594
0.21883519
0.19311462
0.07289602
0.09811905
0.2803991
0.39343143
0.39591637
0.30581993
0.3039828
0.34783474
0.44176376
0.36050457
0.16183083
0.01888706
0.11458289
0.15045531
0.108891934
0.15391287
0.04780004
0.10818869
0.10101297
0.0243544
0.08807987
0.19678974
0.1910284
0.067570895
0.11805784
0.019127697
0.12163327
0.11694584
0.29716894
0.27278033
0.2441324
0.15245251
0.049655113
0.105173886
0.2471047
0.20942092
0.12637374
0.077662885
0.06325808
0.13504753
0.072804995
0.036502477
0.12680842
0.1311843
0.075403415
0.14998376
0.15018119
0.112519085
0.07392252
0.12682271
0.1590198
0.031440727
0.14305483
0.122364104
0.016879419
0.09846149
0.018184546
0.16339898
0.062122863
0.12143958
0.113487795
0.079568736
0.09264438
0.05806411
0.11036296
0.1906215
0.06634821
0.1133263
0.16533552
0.08726396
0.04783371
0.09114443
0.14119825
0.21380107
0.27574888
0.25989076
0.1114212
0.13902526
0.08526105
0.02488264
0.13273661
0.12390427
0.06448551
0.073721506
0.030856932
0.045035098
0.12797067
0.2122287
0.17047672
0.028385032
0.021793991
0.05003073
0.08726306
0.12618983
0.107329644
0.049656305
0.060516052
0.08907933
0.12674975
0.18746848
0.19605522
0.08915305
0.08894253
0.0705148
0.1141077
0.13834602
0.088612586
0.109388925
0.1154349
0.035509918
0.14148994
0.067980215
0.12072487
0.095612764
0.05961138
0.085486986
0.038826272
0.08210247
0.045430947
0.060555547
0.081389084
0.10603179
0.053517047
0.020195495
0.038756378
0.103112064
0.13932545
0.18070768
0.109768
0.1501488
0.14882444
0.118953966
0.07221009
0.043716483
0.058990963
0.0678215
0.06816114
0.10572633
0.13850053
0.0674098
0.045983084
0.073832326
0.11119692
0.093576856
0.09530752
0.10718092
0.11652647
0.09153681
0.049276516
0.12566112
0.11044195
0.055490892
0.031557523
0.067179136
0.10744518
0.08321636
0.022938993
0.071541704
0.044974197
0.042063784
0.09646383
0.11308965
0.009720414
0.08790837
0.031032756
0.04987223
0.09672858
0.015610212
0.0666981
0.045615233
0.09826548
0.09284439
0.0754357
0.06770652
0.14715767
0.11192295
0.08334296
0.0402275
0.05595418
0.0637481
0.12304821
0.1342533
0.052783206
0.06029984
0.14810865
0.08216052
0.07553921
0.051897526
0.0298442
0.082481794
0.06340479
0.059690956
0.038745526
0.06564894
0.10376745
0.024594981
0.03594099
0.056699254
0.09731206
0.04875122
0.06256713
0.11593131
0.0786025
0.08077062
0.09004428
0.10490968
0.10184466
0.13136148
0.08682792
0.05669577
0.0039551063
0.04749222
0.1003498
0.091596745
0.11437449
0.11301528
0.06696269
0.026271988
0.052363217
0.06006157
0.022257997
0.024555601
0.03044264
0.06382736
0.09738625
0.044484932
0.09562571
0.07957296
0.051872186
0.043689154
0.07124947
0.09665506
0.03082152
0.046982486
0.025588185
0.05274925
0.11218715
0.06446176
0.031096656
0.046977464
0.070400044
0.03888562
0.034917284
0.012506402
0.10233601
0.095350996
0.028675968
0.05441171
0.07415277
0.044385407
0.1275423
0.115430206
0.06752228
0.03303724
0.09347071
0.09523922
0.07485102
0.062039915
0.07178913
0.09913536
0.08381261
0.043104585
0.07371848
0.05354184
0.04446113
0.06027998
0.030420255
0.063090906
0.054717183
0.041566737
0.0155752
0.07054294
0.09717249
0.07440464
0.077231444
0.05569937
0.066119716
0.044273537
0.03854634
0.03428577
0.02455429
0.033914693
0.040681392
0.031461637
0.045812275
0.06520809
0.0487132
0.0700012
0.026667392
0.12864958
0.084508404
0.07827984
0.029089365
0.101962626
0.0074679023
0.12632072
0.058865245
0.031529844
0.02811614
0.053974032
0.08866278
0.07950104
0.06710915
0.05696184
0.059272364
0.019575968
0.08445037
0.050833628
0.036416445
0.09716994
0.08345128
0.09158201
0.046820376
0.040009342
0.05144105
0.114485346
0.10124129
0.04466142
0.060249425
0.052505605
0.008873544
0.047782764
0.039369926
0.06745179
0.052534617
0.015246496
0.078399785
0.1422277
0.09234968
0.009156289
0.07664179
0.04696551
0.030960446
0.0835678
0.08725572
0.069654
0.06910571
0.06594684
0.03395127
0.061871562
0.0386808
0.09814667
0.043449163
0.04860543
0.04392534
0.07481686
0.09603265
0.054469433
0.06585954
0.08812597
0.03422209
0.04615098
0.057037737
0.047805548
0.08179878
0.09439233
0.07722986
0.043364715
0.021185454
0.04101171
0.040578175
0.072354995
0.12388528
0.04606469
0.057133596
0.043688685
0.030671718
0.050692044
0.07260859
0.06372028
0.04760949
0.058599584
0.11425254
0.11453324
0.11237354
0.12505667
0.027552979
0.069080696
0.09356669
0.111260116
0.033904474
0.026128326
0.07113899
0.09716188
0.07730342
0.0122589
0.07499644
0.07518233
0.09367674
0.08838918
0.06247825
0.07080209
0.05417508
0.10731157
0.09064541
0.041817185
0.036973044
0.050444093
0.07975926
0.080062665
0.039562847
0.03267346
0.06722621
0.09341622
0.06614869
0.025291575
0.05666936
0.040007908
0.08833098
0.05270037
0.041147172
0.035867054
0.054987207
0.037647195
0.069761604
0.08219926
0.033970796
0.017113168
0.032800652
0.13716114
0.1929893
0.10264979
0.016569797
0.014633898
0.07314405
0.0861213
0.04994785
0.03773067
0.088968135
0.039771575
0.037927836
0.083180144
0.07641845
0.0084649995
0.024293981
0.05367427
0.09907006
0.04128027
0.09577438
0.08848572
0.011386111
0.04795858
0.052087888
0.05128157
0.12077326
0.12376344
0.061769076
0.06427377
0.019083275
0.049960256
0.094946675
0.11878259
0.029355159
0.07835453
0.10685337
0.06399205
0.040436268
0.054408364
0.03986454
0.05310749
0.054982662
0.035499495
0.053793643
0.09670934
0.07538845
0.060334735
0.056426637
0.07903668
0.09200456
0.033639807
0.0959865
0.0936219
0.122769505
0.087693706
0.024068573
0.05170423
0.11331229
0.1242783
0.12621702
0.09290224
0.047863886
0.036981832
0.01838194
0.026954914
0.02004694
0.023193741
0.045576066
0.07588743
0.12520576
0.08780986
0.05441606
0.04426153
0.048009
0.03676634
0.06526797
0.07346161
0.106579825
0.11606221
0.061538327
0.028122924
0.028281972
0.003243008
0.04928858
0.08821374
0.07384228
0.0903149
0.060829517
0.033701915
0.0944472
0.0796442
0.058201578
0.065979555
0.09303163
0.12864554
0.12210479
0.09890186
0.013004627
0.027930353
0.09657172
0.07170186
0.07572345
0.09915701
0.08059839
0.1708589
0.12856892
0.04750954
0.018848702
0.12235258
0.15062898
0.07550636
0.06486946
0.15130302
0.13042967
0.08419356
0.07298528
0.09249699
0.08248249
0.021619907
0.025864717
0.079059206
0.08868917
0.020540373
0.049161695
0.13469175
0.16704494
0.14974968
0.16730003
0.073209226
0.07731765
0.119955376
0.096401386
0.06427177
0.22911175
0.20047696
0.13778146
0.07820285
0.07362305
0.03034881
0.06456831
0.057538677
0.05730238
0.05659964
0.108520836
0.09576483
0.043859206
0.07950285
0.117674276
0.08918568
0.06981479
0.11538898
0.062169094
0.10523188
0.05970207
0.033426378
0.04059884
0.06538612
0.11950636
0.065847725
0.080548555
0.080196925
0.093967766
0.17068791
0.18666227
0.0673068
0.10653633
0.13528688
0.0491733
0.02772891
0.060204
0.047629103
0.055213295
0.06954864
0.06252185
0.06926313
0.07760986
0.054848984
0.04835841
0.07115619
0.10195872
0.05313623
0.023217835
0.06138907
0.10737663
0.082853206
0.04762137
0.047658205
0.1151342
0.043721586
0.03352278
0.050424125
0.046368614
0.0131095825
0.033712775
0.065717414
0.048547518
0.072160095
0.09301344
0.10453966
0.073158324
0.006160041
0.010151962
0.02431393
0.038663518
0.032812763
0.03755131
0.05094317
0.04326427
0.039403982
0.12228214
0.08098595
0.052222632
0.051726732
0.032406073
0.048866194
0.035962142
0.0435544
0.0325437
0.06936019
0.10605949
0.100484505
0.07827595
0.096571065
0.053881574
0.03246493
0.016976777
0.01542222
0.047326498
0.02578731
0.012013909
0.0829787
0.07416678
0.0451528
0.11189552
0.10201318
0.09826475
0.113393135
0.040888537
0.033268716
0.030418148
0.009934453
0.012005529
0.0038754765
0.07578704
0.11225883
0.046716835
0.021620251
0.04195696
0.031650685
0.0422208
0.046819724
0.048242364
0.06443248
0.057987623
0.021296093
0.038568147
0.045473177
0.04042691
0.066233665
0.07821175
0.010723363
0.06295094
0.03703467
0.055081077
0.027188268
0.07151426
0.043334153
0.083571754
0.08772618
0.014104566
0.027607102
0.02059277
0.028491795
0.1029285
0.06825863
0.042485423
0.05226765
0.027799953
0.01536778
0.06868423
0.092825614
0.07990033
0.07457368
0.10278517
0.14053099
0.18513651
0.06217639
0.096337214
0.07577192
0.0579999
0.06190031
0.06905676
0.052865777
0.04072152
0.1050718
0.113984264
0.07330082
0.07796018
0.09827403
0.06725656
0.026963657
0.090389036
0.13580297
0.076572865
0.040389996
0.06413103
0.04848645
0.0606723
0.08569501
0.10455572
0.078553826
0.09084582
0.079376906
0.037930086
0.04331583
0.042946033
0.066124015
0.053773865
0.09924816
0.078978084
0.02966329
0.07416359
0.06349823
0.04744556
0.02457166
0.035896737
0.017322866
0.07547371
0.02801883
0.033955462
0.057157394
0.07398671
0.123170495
0.11125519
0.067653865
0.09952353
0.071390234
0.0044690277
0.018599877
0.03215048
0.036701806
0.061012927
0.08282491
0.087658755
0.07557889
0.07827253
0.043821752
0.08157825
0.047041025
0.049952313
0.06294724
0.08304544
0.0658648
0.033550102
0.043081086
0.08648227
0.116188094
0.118704885
0.03941762
0.069203116
0.0850375
0.059654783
0.03183671
0.025172805
0.038344964
0.05587289
0.031108774
0.017650792
0.023067392
0.00609184
0.02228193
0.044792954
0.0842787
0.074525364
0.051940333
0.07173879
0.08795315
0.11364728
0.07848751
0.031064184
0.016995065
0.02581401
0.08807881
0.11375935
0.060389925
0.034212403
0.056774154
0.064300425
0.043088965
0.020422738
0.019391486
0.016330924
0.020606972
0.017710423
0.007702213
0.034273706
0.069867864
0.073532864
0.03777386
0.050299883
0.09497226
0.090988815
0.0174868
0.05075077
0.024319017
0.053858925
0.0460925
0.045898248
0.02175887
0.09335647
0.12353469
0.09522334
0.05506901
0.0044539953
0.029717563
0.08679368
0.048022836
0.06385241
0.094712526
0.04931809
0.029236007
0.04098421
0.06004453
0.023683684
0.06836735
0.09346316
0.017997283
0.10507256
0.13441291
0.08276335
0.020026399
0.036085155
0.023780718
0.027316215
0.021252068
0.032613628
0.03070754
0.073144265
0.02787724
0.04982063
0.07783799
0.03372201
0.06255644
0.047674797
0.01897044
0.04787771
0.0908948
0.01750501
0.08239424
0.04331422
0.046612423
0.005589299
0.044088356
0.075106055
0.05140285
0.024237312
0.030393735
0.06335797
0.041440494
0.022594564
0.08949749
0.10558652
0.031752136
0.008959994
0.020638553
0.049412288
0.056287564
0.051983267
0.06608311
0.05345433
0.059018668
0.10263431
0.057889227
0.03145396
0.047880605
0.027861629
0.019141681
0.068647504
0.052403197
0.027767073
0.046160724
0.08356553
0.124327414
0.097927146
0.02308171
0.05957684
0.06100264
0.05259305
0.028178953
0.020802084
0.035418905
0.058042068
0.103272185
0.059855368
0.06477906
0.06828641
0.04430599
0.03918746
0.047253445
0.05202527
0.034337416
0.01840787
0.006235941
0.119204566
0.19204895
0.14778788
0.033532333
0.09977637
0.07145989
0.040246133
0.01837525
0.0192919
0.052519836
0.05522793
0.009923369
0.057989195
0.10288282
0.079279155
0.037046496
0.039896034
0.05104757
0.07933727
0.08656503
0.08133686
0.06409407
0.07149396
0.055617347
0.048501503
0.015948087
0.06944616
0.012853597
0.06683449
0.031132147
0.043791946
0.054691657
0.051695853
0.047129635
0.06139415
0.069867484
0.05487992
0.057282034
0.0078077135
0.021887511
0.056575738
0.04158821
0.035491176
0.078971855
0.05068417
0.051079746
0.02141519
0.08439691
0.110516444
0.050991826
0.04288883
0.08191616
0.0647222
0.03595274
0.05055123
0.036402885
0.062164307
0.045955244
0.0210174
0.026640976
0.014694544
0.052188348
0.10094907
0.057651907
0.04908915
0.013770866
0.045794588
0.016668499
0.06275199
0.050282698
0.048048217
0.042409044
0.03793069
0.04569291
0.014416858
0.047188308
0.04470444
0.04100287
0.020637415
0.014598976
0.01591083
0.038312577
0.02108217
0.027506912
0.02815421
0.04817974
0.0752834
0.028380822
0.033349197
0.03428819
0.06834534
0.09710886
0.085331224
0.08508844
0.057668526
0.020661307
0.057605647
0.060487296
0.09232108
0.0891478
0.10359558
0.047806267
0.008085887
0.005763385
0.038659498
0.048308518
0.019820519
0.032485444
0.0032926989
0.04784238
0.079408996
0.09757179
0.0050651105
0.08422205
0.051600426
0.05420001
0.029459398
0.038100988
0.012745207
0.01771471
0.046072636
0.05686064
0.040805813
0.037320334
0.07663384
0.11146589
0.09199961
0.050231595
0.073485255
0.10162877
0.019225504
0.032155517
0.020184068
0.016493412
0.049748987
0.07004711
0.051620245
0.055421725
0.041246988
0.056755356
0.061216783
0.04388338
0.055757213
0.064270206
0.040639605
0.036581744
0.037585694
0.026348513
0.054557413
0.085826196
0.065287285
0.043360006
0.06525705
0.0839156
0.031754687
0.02816297
0.018938255
0.01772573
0.027558206
0.07362552
0.033849854
0.052183535
0.031536594
0.0757407
0.109379455
0.13074741
0.10951949
0.047382407
0.035871256
0.08621894
0.10271466
0.01671759
0.043993257
0.04956375
0.07105042
0.08014857
0.056955077
0.0923136
0.08982568
0.041413147
0.06876909
0.043665767
0.062546305
0.14067808
0.14713079
0.06977033
0.04617484
0.04712604
0.054938044
0.029355131
0.06225426
0.09430408
0.07217877
0.012508692
0.08709532
0.10514463
0.043037046
0.123374514
0.090070546
0.06056064
0.100642316
0.04715803
0.0365722
0.027334929
0.018923894
0.0022365155
0.06235277
0.07591813
0.04244948
0.03118194
0.041228227
0.08169059
0.07222741
0.063979186
0.07083374
0.080214575
0.06394867
0.009016591
0.03647131
0.09625859
0.108119585
0.088425264
0.020947298
0.042535275
0.028897144
0.028548753
0.030552806
0.053343076
0.040872663
0.058712862
0.053363692
0.020768348
0.04614737
0.07974928
0.03842825
0.055325206
0.09265731
0.041068874
0.056502685
0.102065735
0.103178486
0.081111096
0.03614271
0.036207903
0.009855395
0.031917274
0.061100535
0.07573438
0.1129447
0.08244819
0.06744142
0.043743495
0.03812687
0.043700136
0.04539876
0.07602559
0.13388841
0.13900459
0.09863441
0.0739583
0.021569626
0.02657312
0.054306973
0.07881972
0.093909085
0.073430136
0.06521403
0.07592427
0.0689524
0.058265287
0.048881456
0.08345478
0.0796534
0.057815373
0.053692315
0.03600898
0.047713257
0.052714683
0.06343828
0.02422153
0.0358706
0.03314529
0.056218818
0.044003554
0.03896413
0.08295035
0.097985126
0.12450678
0.07507981
0.0560559
0.11479407
0.13972925
0.078933164
0.012996252
0.026587622
0.04015452
0.047036204
0.0468602
0.06036296
0.016882403
0.041395627
0.032559138
0.01626623
0.053444535
0.06457116
0.034429356
0.030461099
0.05381617
0.03585551
0.026930489
0.054041855
0.05128382
0.08697843
0.11417363
0.037688226
0.061221246
0.13887116
0.052184865
0.078464545
0.1023027
0.043746762
0.06555885
0.11079313
0.12826939
0.102235466
0.024158508
0.037866436
0.053390242
0.048366453
0.057066068
0.074241884
0.06776375
0.045024417
0.08524957
0.12404896
0.061409023
0.07673952
0.08575655
0.028073383
0.034610223
0.061648615
0.07775763
0.09616162
0.08692939
0.057457577
0.078904234
0.12231435
0.080504276
0.036566053
0.035511453
0.083698295
0.09634404
0.10344898
0.10677651
0.07613143
0.012461353
0.04755815
0.08972143
0.10081247
0.08673282
0.07622738
0.06857629
0.0316965
0.031275775
0.05859688
0.034333266
0.02934317
0.05475419
0.055827048
0.039793573
0.023202784
0.04957271
0.051119253
0.089559786
0.07969888
0.040361788
0.03376177
0.09621082
0.068140715
0.01875138
0.07578563
0.1199095
0.032612033
0.07070695
0.078833126
0.018140811
0.08705567
0.081779644
0.103331156
0.082866296
0.0136915585
0.018126985
0.029126529
0.06412734
0.08249466
0.08928248
0.013129329
0.079448365
0.026432699
0.08026477
0.13482325
0.12199571
0.06274425
0.034991782
0.06493532
0.08562098
0.08195872
0.034017704
0.051465806
0.06502778
0.04365335
0.044887632
0.03429104
0.08980944
0.12338448
0.07146819
0.048660196
0.07825767
0.01851772
0.11405909
0.084330656
0.08625861
0.088711664
0.113887705
0.061918296
0.05466647
0.07669529
0.03168957
0.02053157
0.05899574
0.07892413
0.013250846
0.036786433
0.04317973
0.07495894
0.123129666
0.11165537
0.050793555
0.01584944
0.084253125
0.056796424
0.089901656
0.08918951
0.029530745
0.03562332
0.12025384
0.12009353
0.063314326
0.069800474
0.07676523
0.07553495
0.041567348
0.10328153
0.100664094
0.096461214
0.07424726
0.09149167
0.12782517
0.106184274
0.029593185
0.0027232345
0.059904438
0.037478056
0.035567835
0.05727789
0.08623484
0.09549471
0.0836772
0.08218075
0.11874165
0.09667538
0.05462928
0.13632976
0.0841556
0.098934546
0.062147837
0.021914046
0.047064595
0.0034601078
0.05241213
0.089927614
0.06282531
0.0557032
0.10022425
0.07001374
0.050369386
0.06950625
0.09306178
0.065874174
0.023228293
0.05595415
0.07153688
0.026473878
0.04431854
0.016882705
0.029201197
0.049834862
0.030792642
0.06398355
0.107934944
0.1424273
0.05623171
0.06517683
0.09447569
0.09820058
0.065631405
0.009104913
0.019430045
0.022568345
0.035663243
0.016822308
0.048446186
0.08157167
0.047794174
0.043506384
0.05651723
0.05678242
0.10070974
0.081774436
0.056697585
0.061764017
0.14871368
0.1508581
0.041767422
0.024180502
0.025474686
0.02846048
0.01646971
0.043982092
0.06331533
0.024372434
0.028403811
0.06335165
0.15059924
0.107946776
0.06074537
0.066719264
0.0681821
0.081458464
0.10327767
0.068816625
0.07606179
0.06201001
0.079111636
0.09198307
0.040400352
0.010555876
0.033042956
0.03213919
0.049857747
0.051043328
0.008569927
0.0629515
0.08386473
0.05308651
0.041513313
0.036141664
0.070506364
0.051807247
0.07251419
0.04534352
0.015259027
0.021673528
0.048006732
0.031088924
0.019049188
0.029294182
0.028735358
0.07339152
0.08778613
0.0036653185
0.073176645
0.053520907
0.016652493
0.056853637
0.0902527
0.08831835
0.08874215
0.052733883
0.040353414
0.010848148
0.018282508
0.051894236
0.019532692
0.028493444
0.012167651
0.04225739
0.029495662
0.078749776
0.07699345
0.051470842
0.07631454
0.0509849
0.04946852
0.09291687
0.08154922
0.09522396
0.074306734
0.017824145
0.05011483
0.0661413
0.07610664
0.07705259
0.048648976
0.05948921
0.041151755
0.05732301
0.030478338
0.028830888
0.036449797
0.051722087
0.121142775
0.102236286
0.06935851
0.044082303
0.085861914
0.10853198
0.050570425
0.057158284
0.10010199
0.096189626
0.03751362
0.09086535
0.04968064
0.034359887
0.071336634
0.021338997
0.019946802
0.06946524
0.095569715
0.048504677
0.025634535
0.08150922
0.08920938
0.061565377
0.05116492
0.018778125
0.06428709
0.074943304
0.037310854
0.060355704
0.069719784
0.08806772
0.037883017
0.06872566
0.06353852
0.055441473
0.08046873
0.0811223
0.04007482
0.040975627
0.038891762
0.062418
0.09113697
0.08415187
0.020378783
0.046940047
0.039521467
0.0609834
0.06419755
0.046771977
0.010541281
0.038161267
0.14515582
0.13406104
0.017161565
0.06172507
0.074327484
0.049387567
0.023829535
0.06533509
0.07172585
0.06434516
0.053083338
0.018331213
0.015448832
0.0553007
0.046896935
0.028476764
0.032414597
0.054190747
0.034604315
0.08269668
0.006846234
0.09752118
0.09215972
0.10373233
0.082743295
0.084860794
0.07498983
0.04746972
0.0079388935
0.05648148
0.077125534
0.056833323
0.059035644
0.07270547
0.006834362
0.03267757
0.029602833
0.02617327
0.055794094
0.07267508
0.06714176
0.04504545
0.047327667
0.098075144
0.11618559
0.046486054
0.00552335
0.024350915
0.04829801
0.084901765
0.06838322
0.02647414
0.026996411
0.025562728
0.06691146
0.028180404
0.022157058
0.057394274
0.06857122
0.067236684
0.04672466
0.020120721
0.05095508
0.09295741
0.07726715
0.04354693
0.024862401
0.02221827
0.036426406
0.03481825
0.07189016
0.07286066
0.04170308
0.054121606
0.10417842
0.050988857
0.05885582
0.071185485
0.030053968
0.04481728
0.052344512
0.040011242
0.034221724
0.04569473
0.033972546
0.10275282
0.12161907
0.04932721
0.03710919
0.09287214
0.09236111
0.07363714
0.09269834
0.0768101
0.04631978
0.038748045
0.031261142
0.05733097
0.056031395
0.032304063
0.018408105
0.015401406
0.039688613
0.0676282
0.08213281
0.03558737
0.03731454
0.02660323
0.103218935
0.13246913
0.027253155
0.03985988
0.041418746
0.093029365
0.045151733
0.007938908
0.036308117
0.007951383
0.061249048
0.05258927
0.034370016
0.04903711
0.06184045
0.09550718
0.08998423
0.06282769
0.02377542
0.025145805
0.078634486
0.06767646
0.041753445
0.03513112
0.06155536
0.044373617
0.028125288
0.012438041
0.0789954
0.15612626
0.14293109
0.02681109
0.052208092
0.031328343
0.017914906
0.05206925
0.05919158
0.022713294
0.01755699
0.03521816
0.018806973
0.018284645
0.0075865495
0.06887973
0.07938872
0.05011888
0.08322182
0.061592814
0.023436422
0.055346042
0.06163069
0.030979073
0.066139355
0.042699046
0.06980282
0.054481354
0.10546496
0.02922708
0.06873426
0.03677561
0.0556161
0.077850334
0.055392697
0.04255142
0.05502978
0.07134932
0.07762874
0.055150256
0.06605337
0.054436047
0.020217933
0.027869204
0.08344758
0.0757781
0.01928204
0.10479734
0.09893373
0.056927893
0.10872476
0.104340054
0.0653647
0.031152278
0.0279278
0.045383547
0.044063766
0.03855086
0.047271427
0.02210743
0.05995964
0.040809955
0.07416598
0.12982564
0.13057417
0.05485409
0.05602736
0.0371309
0.019629827
0.033061136
0.037836697
0.07331524
0.044051535
0.017431691
0.03100976
0.07072732
0.108479574
0.119268656
0.08003143
0.0529288
0.049186602
0.03915339
0.12258703
0.1462597
0.103882365
0.064354256
0.060149893
0.10776301
0.08389931
0.033701528
0.06053095
0.087232634
0.06829542
0.05567684
0.04988301
0.02266516
0.08458759
0.056902066
0.011804066
0.039197445
0.0989274
0.06368798
0.016331185
0.031036802
0.041745614
0.030199217
0.013161369
0.045381263
0.052753873
0.06276728
0.01187376
0.049367834
0.06646657
0.034737833
0.022203937
0.02418601
0.050297216
0.03218871
0.03937489
0.015251678
0.043441392
0.067552924
0.052395366
0.0983832
0.08683694
0.07106776
0.046496917
0.023105193
0.032260444
0.040363383
0.021701435
0.04002929
0.014892302
0.04320203
0.04551429
0.04547913
0.018022586
0.018965814
0.026132006
0.03293868
0.045982137
0.030325439
0.016854923
0.012584648
0.04605253
0.024967391
0.01723882
0.018837597
0.03187382
0.013403155
0.018537484
0.03431766
0.020601884
0.06530896
0.036850613
0.03572638
0.018168334
0.016291514
0.020236159
0.015178905
0.0856006
0.09216654
0.0036750634
0.057882898
0.04647629
0.020826409
0.043202598
0.04801776
0.057183884
0.052785583
0.03762076
0.01416501
0.026356732
0.012024895
0.010294802
0.026027292
0.040381964
0.045497388
0.03384091
0.022583226
0.03141789
0.057028957
0.0086541725
0.027967762
0.009190013
0.01205448
0.024180127
0.04898822
0.034962058
0.0021363038
0.019668166
0.007565492
0.007844998
0.051445644
0.059638496
0.0420087
0.034717787
0.048795175
0.05495739
0.017474217
0.04379413
0.037407517
0.02841347
0.037162688
0.0127180135
0.062484875
0.07242008
0.026042055
0.06903899
0.059682906
0.031054597
0.029103126
0.037976246
0.027684042
0.025457066
0.020158822
0.026436018
0.017110609
0.028434746
0.037473414
0.030085733
0.017798075
0.027854424
0.02265802
0.023049517
0.020961752
0.023896465
0.019667754
0.024720829
0.04443696
0.04975552
0.06215897
0.032382518
0.01727499
0.008338173
0.0223736
0.07621037
0.061774246
0.027511287
0.014136086
0.00816721
0.028399765
0.04473129
0.024286613
0.009195426
0.011574849
0.0413446
0.037041128
0.017846433
0.041500304
0.032523032
0.0064978665
0.017017018
0.023921128
0.012611377
0.016603965
0.026204845
0.03396019
0.030862156
0.030077448
0.026332557
0.0313574
0.01403598
0.03518061
0.032567337
0.014888559
0.0016537046
0.0
0.0
0.0
-0.0030518146
0.0
0.0
-0.00305175
-0.0030517213
-0.003051689
0.0
0.0
0.0030515704
0.0
-0.0030514733
0.0
0.003051362
0.0
0.0
0.0
0.0
-0.0030510207
-0.0030509417
0.0
0.0
0.0
0.0
0.0
0.0
0.0
-0.0030501804
0.0
0.003049954
0.0030498356
0.0030497136
0.0
0.0
0.0030493257
0.0030491892
0.0
0.0
0.0
-0.0030486076
0.0
0.0
0.0030481338
0.0030479687
0.0
0.0030476279
0.0030474518
0.0
0.0030470896
0.0030469028
0.0030467126
0.003046519
0.0030463214
0.0030461205
0.003045916
0.003045708
0.0030454963
0.0030452812
0.0030450623
0.00304484
0.0
0.0030443843
0.0030441512
0.0030439147
0.0030436744
0.0
0.0030431831
0.0
0.0030426774
0.0
-0.0030421577
0.0030418923
0.0
0.0
0.0
0.0
0.0
0.003040226
0.0
-0.0030396418
0.0
0.0
0.0
0.0
0.0
0.0
0.0
-0.0030371633
0.0030368373
0.0
0.0
0.0
0.0030354983
0.0
-0.0030348075
0.0030344569
0.0030341025
0.0030337449
0.0
0.0030330184
0.0
0.003032278
0.0030319025
0.0
0.0030311407
0.006061509
0.0030303646
0.0
0.0030295746
0.0
0.0030287702
0.0030283628
0.0030279518
0.0030275374
0.0030271192
0.006053395
0.006052545
0.0060516875
0.0030254116
0.003024976
0.0060490733
0.006048188
0.0060472954
0.0030231979
0.0
0.0030222875
0.0030218272
0.0030213632
0.0
0.0030204249
0.0030199504
-0.0030194724
0.0
0.0
0.0
0.0
0.0
-0.0030165305
-0.003016028
0.0
0.0
0.0
0.0
0.0
-0.003012939
0.0030124118
0.0
0.0
0.0030108094
0.0
0.0
0.0030091756
0.0
-0.003008069
0.0
0.0
0.0
0.0
0.0
0.0
0.0
0.0
-0.0030029162
-0.0030023265
0.0
0.0
0.0
0.0
0.0
0.0
0.0
0.0
-0.002996861
0.0
0.0
0.0
0.0
-0.0029937034
-0.0029930614
-0.005984832
0.0
-0.002991115
-0.0029904593
-0.0029898002
-0.0029891375
-0.0029884714
0.0
0.0
-0.0029864528
-0.005971546
-0.0059701796
0.0
-0.0029837128
0.0
0.0
0.0
0.0
-0.0059604216
-0.0059590004
-0.0059575723
-0.0029780685
-0.0029773477
0.0
0.0
-0.0029751642
-0.0029744296
-0.0029736916
-0.0029729502
-0.0029722054
-0.0059429146
0.0
-0.0029699504
-0.005938384
-0.0029684303
-0.00593533
-0.005933793
-0.0029661243
-0.002965349
-0.0059291404
-0.005927576
-0.005926005
-0.005924427
-0.0029614212
-0.005921251
-0.005919653
-0.005918048
-0.005916436
-0.0059148176
-0.0029565962
-0.0029557804
0.0
-0.0029541384
-0.0029533124
0.0
0.0
0.0
-0.0029499745
0.0
0.0
0.0
0.0
0.0
0.0
0.0
0.0
-0.0029422687
-0.0029413959
0.0
0.0
0.0
0.0
0.0
0.0
0.0
-0.0058685853
0.0
0.0
0.0
0.0
0.0
0.0
0.0
0.0
0.0
0.0
0.0
0.0029232407
0.0
0.0
0.0
0.0
0.0
0.0
0.0029165747
0.0
0.0
0.0
0.0
0.0
0.0029107332
0.0029097481
0.0
0.0
0.0
0.0
0.0
0.0029037697
0.002902762
0.0
0.0
0.0028997194
0.0028986987
0.0028976747
0.008689943
0.0028956172
0.0028945834
0.0028935466
0.0028925065
0.0028914632
0.0
0.0
0.0
0.0
0.0
0.0
0.0
0.0028830015
0.0
-0.002880854
0.0
0.0
0.0
-0.0028765209
-0.0028754298
0.0
0.0
0.002872137
0.0
0.0
0.0
0.0
0.0
0.0
0.0
-0.002863217
0.0
0.0
-0.00285982
0.0
0.0
0.0
0.0
0.0
0.0
0.0
0.0028506233
0.0028494596
0.0
0.002847123
0.0
0.002844774
0.0028435946
0.0028424123
0.002841227
0.0
0.0
0.0
0.0028364544
0.0
0.0
0.0
0.0
0.0028304192
0.0028292031
0.0
0.0
0.002825536
0.0
0.002823076
0.0
0.0
0.002819363
0.0
0.0
0.0
0.0
0.0
0.002811855
0.0
0.0
0.0
0.0
0.0
0.0
0.0
0.0
-0.0028003885
-0.0027990995
0.0
-0.0027965123
-0.0027952143
0.0
0.0
-0.0027913023
0.0
-0.0027886792
-0.0027873632
0.0
-0.0027847225
0.0
-0.0027820698
-0.0027807392
0.0
0.0
0.0027767292
0.0
0.0
0.0
-0.0027713412
0.0
0.0
0.0
0.0
0.0
0.0
0.0
0.0
0.0
-0.0027576669
0.0
0.0
0.0
0.0
0.0
0.002749323
0.0
0.0
0.002745112
0.0
0.0
0.0027408751
0.0027394572
0.0027380362
0.0027366127
0.0027351861
0.0027337568
0.0027323244
0.0
0.0027294515
0.0
0.0
0.0027251206
0.0027236715
0.0
0.0027207646
0.0
-0.0027178463
0.0
0.0
0.0
-0.0027119764
0.0
0.0
0.0
0.0027060618
0.0027045761
0.0027030879
0.0
0.0027001027
0.002698606
0.0026971065
0.0026956042
0.0
0.0
0.0
0.0
0.0
0.0
0.002685012
0.0026834877
-0.002681961
-0.0026804314
0.002678899
0.0
0.0026758262
0.0026742858
0.0
0.0053423936
0.0
0.0
0.0026665432
0.0
0.0026634273
0.0026618652
0.0026603006
0.0
0.0
0.0026555907
0.0
0.0
0.0
0.0
0.0
0.0
0.002644508
0.0026429142
0.0
0.0026397186
0.002638117
0.0026365127
0.0026349057
0.0026332962
0.002631684
0.0026300694
0.0
0.0
0.0026252095
0.0
0.0
0.0
0.0
0.0
0.0026154201
0.0
0.0
0.0026104907
0.0
0.0
0.0026055383
0.0026038825
0.002602224
0.0
0.0025988996
0.0025972337
0.0
0.005187788
0.0
0.0
0.0025888658
0.0025871848
0.0
0.0025838153
0.005164253
0.0025804355
0.002578742
0.002577046
0.0025753477
0.0025736466
0.0025719432
0.0025702373
0.002568529
0.0025668181
0.002565105
0.0025633893
0.0025616712
0.0
0.0
0.0
0.0
0.002553044
0.0
0.002549576
0.0
0.0
0.0025443563
0.0
0.0025408645
-0.002539115
0.0
0.0
0.0
0.0
0.0
-0.0025285678
0.0
0.0025250332
-0.0025232625
-0.0025214893
0.0
0.0
0.0
0.002514373
-0.0025125882
-0.0025108012
-0.0025090117
-0.0025072198
0.0
-0.0025036293
0.0
0.0
-0.0024982262
-0.0024964204
-0.0024946127
-0.0024928025
-0.00249099
0.0
-0.0024873582
-0.002485539
0.0
-0.0049637873
-0.0024800678
-0.0024782394
-0.0049528177
-0.0049491525
-0.002472741
-0.004941808
-0.0024690644
-0.002467223
-0.004930758
-0.0024635328
-0.0024616846
-0.002459834
-0.0024579815
-0.0024561265
-0.0024542694
-0.0024524103
-0.0024505488
-0.0024486852
-0.0024468193
-0.0024449513
-0.0024430812
-0.002441209
-0.0024393345
-0.002437458
-0.0024355792
-0.0024336984
-0.0024318153
-0.0048598605
-0.002428043
-0.0024261535
-0.002424262
-0.0024223684
-0.0024204727
-0.0024185749
-0.0048333495
-0.0024147728
-0.0024128687
-0.0024109625
-0.0024090542
-0.0024071436
-0.0024052311
-0.0024033168
-0.0024014001
-0.0023994814
-0.0023975607
0.0
0.0
-0.0023917863
0.0
0.0
-0.0023859935
0.0
-0.0023821215
-0.0023801825
-0.0023782414
0.0023762984
0.0
0.0
0.0
-0.0023685063
0.0
-0.0023645982
0.0
0.0
0.0023587213
0.0023567586
0.0
0.0
0.0
0.0023488877
0.0
0.0
0.0
0.0
0.0
0.0
0.0
0.0
0.0
0.0
0.0023270836
0.0
0.0023230945
0.0046421946
0.002319098
0.0023170968
0.002315094
0.002313089
0.0023110826
0.002309074
0.0023070637
0.0023050513
0.0023030373
0.0023010215
0.0022990038
0.0022969844
0.002294963
0.00229294
0.002290915
0.0022888882
0.0022868598
0.0022848293
0.0022827971
0.0022807634
0.0022787277
0.0022766902
0.0
0.00454522
0.0045411345
0.0022685227
0.0
0.0022644287
0.0022623788
0.004520655
0.0067748227
0.004512439
0.0045083254
0.0022521045
0.0045000887
0.0044959653
0.0
0.004487708
0.0
0.0
0.004475297
0.0044711535
0.0
0.0
0.004458702
0.0044545447
0.0044503845
0.0
0.004442054
0.004437884
0.0
0.0
0.0
0.0
0.0
0.0
0.0
0.0
0.0
0.0
0.0
0.0
0.0
0.0
0.0
0.0
0.0
0.0
0.0
0.0
0.0
0.0
0.0021705441
0.0021684214
0.0021662968
0.0
0.0
0.0
0.0
0.0
0.0021535188
0.002151384
0.0
0.00214711
0.0
0.0
0.0
0.0
0.0
0.0
0.0
0.0
0.0
0.0021256523
0.0021234988
0.0021213437
0.0
0.0
0.0
0.0
0.0
0.0
-0.0042124395
-0.0021040535
-0.002101886
-0.0020997173
0.0
-0.0020953757
-0.002093203
-0.0041820575
-0.0020888532
0.0
0.0
0.0
0.0
0.0
0.0
-0.0020735878
-0.0020714018
-0.0020692146
-0.0020670262
0.0
-0.0020626453
-0.002060453
0.0
-0.0020560645
-0.0020538683
0.002051671
0.0020494724
-0.0020472726
0.0
0.0
-0.0020406658
-0.0020384612
-0.0020362553
-0.0020340483
-0.00203184
0.0
0.0
0.002025208
-0.002022995
0.0
0.0
0.0
0.0020141313
0.0
0.0
0.0
0.002005249
0.0020030257
0.0020008013
0.0019985756
0.0
0.0019941211
0.0
0.0
0.0
0.0
0.0
0.001980731
0.0019784956
0.0
0.0
0.0
0.0
0.0
-0.0019650608
-0.0019628182
-0.0019605744
0.0
0.0019560836
0.0019538368
0.0019515889
0.00389868
0.0
0.0019448393
0.0
0.0019403347
0.0019380808
0.0
0.0019335703
0.0
0.0019290559
0.0
0.0
-0.0019222773
0.0
0.0
-0.0038309805
-0.0019132261
-0.001910961
0.0
-0.0019064281
-0.0019041602
0.0
-0.001899622
-0.0018973516
-0.0018950802
-0.001892808
-0.001890535
0.0
-0.0018859863
0.0
-0.0018814342
-0.0018791569
0.0
-0.0018745998
0.0
0.0
0.0
-0.0018654758
0.0
0.0
0.0
0.0
0.0
0.0
0.0018494782
0.0
0.0018449007
0.0
0.0
0.0
0.0
0.0
-0.0018311498
-0.0018288554
0.0
0.0
0.0
-0.0018196709
-0.0018173731
0.0
0.0
0.0
0.0
0.0018058736
0.0
0.0
0.0
0.001796662
0.0017943576
0.0017920524
0.0017897467
0.0035748808
0.0017851334
-0.0017828258
-0.0017805176
-0.0017782088
-0.0017758994
-0.0017735894
-0.0017712789
-0.0017689677
0.0
0.0017643437
0.0
-0.0017597175
-0.0017574036
-0.001755089
-0.0017527741
0.0
-0.0017481424
-0.0017458257
0.0
-0.001741191
0.0
0.0
-0.0017342351
0.0
-0.0017295954
0.0
0.0
-0.0017226321
0.0
-0.0017179876
-0.0017156648
-0.0017133413
0.0
-0.0017086933
-0.0017063686
0.0
-0.001701718
0.0
0.0
0.0
0.0
-0.0016900843
-0.0016877564
-0.0016854281
-0.0016830994
-0.0016807704
-0.001678441
0.0
0.0
0.0
0.0
0.0
0.0016644573
-0.0016621253
0.0
0.0
0.0
0.0
0.0
0.0
0.0
0.0
0.0
0.0016387906
-0.0016364555
0.0
0.0016317847
0.001629449
0.0016271129
0.0032495533
0.0016224402
0.0
0.0
-0.0016154293
0.0
0.0
-0.0016084164
0.0016060785
0.0
-0.001601402
-0.0015990634
-0.0015967247
-0.0015943858
0.0
0.0015897077
-0.0015873683
-0.0015850288
-0.0015826892
0.0
0.0015780096
0.0
0.0
0.0
-0.0015686488
-0.0015663084
0.0015639679
0.0
0.0
-0.0015569457
0.0
-0.001552264
-0.001549923
0.0015475819
0.0
-0.0015428996
0.0
0.0
0.0
0.0
0.0
0.0
0.0
0.0015241695
0.0
0.0015194869
0.0015171455
0.0015148043
0.0015124631
0.0015101219
0.0
0.0
0.0
0.0015007575
0.0014984165
0.0
0.0
0.0
0.0
0.0029734257
0.0014843723
0.0
-0.0014796916
0.0
0.0
0.0
0.0014703316
0.0
0.0014656524
0.0
-0.0014609736
0.0
0.0014562956
-0.0014539568
0.0
0.0
0.0
0.0
0.0
0.0
0.0
0.0
0.0
0.0014305791
0.0
0.0
0.0
0.0
0.0014188983
0.0014165629
0.0
0.0
0.0
0.0
0.0
0.0
0.0
0.0
0.0
0.0
0.0013908916
0.0013885596
0.0
0.0
0.0
0.0
-0.0013769048
-0.0013745748
-0.0013722453
-0.001369916
-0.0013675871
-0.0013652586
-0.0013629305
-0.0013606028
-0.0013582754
-0.0013559485
-0.001353622
0.0
-0.0013489701
-0.0013466448
-0.0013443199
-0.0013419954
-0.0013396714
0.0
-0.0013350247
-0.001332702
-0.0013303797
-0.0013280581
-0.0013257368
0.0
-0.0013210955
-0.0013187756
0.0
-0.0013141374
0.0
0.0
0.0
0.0013048667
0.0013025504
0.0
0.0012979193
0.0012956045
0.0012932903
0.0012909767
0.0012886636
0.001286351
0.001284039
0.0012817276
0.0012794167
0.0012771065
0.0
0.0012724877
0.0012701792
0.0012678714
0.001265564
0.0012632573
0.0012609513
0.0012586459
0.0012563411
0.0012540369
0.0012517334
0.0012494305
0.0012471282
0.0012448267
0.0012425258
0.0012402255
0.001237926
0.0012356271
0.0012333288
0.0012310314
0.0012287345
0.0012264384
0.002448286
0.0012218483
0.0
0.001217261
0.0012149684
0.0
0.0012103856
-0.0012080952
0.0
0.0
0.0
0.0011989414
0.0
0.0
0.0011920842
0.0011898
0.0
0.0
0.0
0.0
0.0011783909
0.0
0.0
0.0
0.0
0.0
0.0
0.0
0.0
0.0
0.0
0.0
0.0
0.0
0.0
0.0
0.0
0.0
0.0
0.0
0.0
0.0
0.0
0.0
0.0
0.0
0.0022388177
0.0
0.0
0.0
0.0
0.0
0.0
0.0
0.0
0.0
0.0
0.0
0.0
0.0
0.0
0.0
-0.0021668556
0.0
0.0
0.0
0.0
0.0
0.0
0.0
0.0
0.0
0.0
0.0
0.0
0.0
0.0
0.0
0.0
0.0
0.0
0.0
0.0
0.0
0.0
0.0
0.0
0.0
0.0
0.0
0.0
0.0
0.0
0.0
0.0
0.0
0.0
0.0010056787
0.0
0.0
9.990811E-4
0.0
0.0
0.0
0.0
0.0
0.0
9.837304E-4
0.0
-9.793559E-4
0.0
9.749866E-4
0.0
0.0
9.684423E-4
0.0
-9.64086E-4
9.619098E-4
0.0
0.0
9.553893E-4
0.0
0.0
9.4888086E-4
9.4671414E-4
9.445487E-4
9.423847E-4
0.0
-9.3806075E-4
0.0
0.0
9.315852E-4
0.0
0.0
9.251223E-4
0.0
9.2082075E-4
0.0
9.165249E-4
0.0
9.1223477E-4
9.1009185E-4
0.0
9.0581045E-4
9.036719E-4
9.0153486E-4
8.993992E-4
0.0
8.951325E-4
8.930013E-4
0.0
8.887435E-4
8.866168E-4
8.8449166E-4
8.82368E-4
8.802459E-4
0.0
0.0
0.0
8.717726E-4
8.696581E-4
8.6754514E-4
8.654338E-4
8.633239E-4
8.6121564E-4
8.591089E-4
0.0
8.549002E-4
0.0
8.506978E-4
0.0
0.0
8.4440614E-4
8.423121E-4
8.402197E-4
8.3812897E-4
0.0
8.339522E-4
8.318663E-4
8.29782E-4
0.0
8.2561834E-4
8.23539E-4
8.214613E-4
8.193853E-4
8.173109E-4
8.1523816E-4
8.1316713E-4
0.0
0.0
8.069641E-4
0.0
8.028372E-4
0.0
7.9871714E-4
0.0
0.0
7.9254986E-4
7.904975E-4
7.88447E-4
7.8639813E-4
7.84351E-4
0.0
7.8026205E-4
-7.782202E-4
7.7618007E-4
0.0
7.7210524E-4
7.700704E-4
0.0
0.0
0.0
7.6194917E-4
7.599233E-4
0.0
0.0
0.0
0.0
0.0
0.0
0.0
-7.437819E-4
0.0
-7.397649E-4
-0.0014755183
-7.357553E-4
-7.3375326E-4
-7.317531E-4
-7.297548E-4
-7.277584E-4
-7.2576385E-4
-7.237712E-4
-0.0014435609
-7.1979157E-4
0.0
-7.1581954E-4
0.0
0.0
-7.098758E-4
0.0
0.0
-7.0394936E-4
0.0
-7.0000807E-4
0.0
0.0
-6.941107E-4
0.0
0.0
0.0
0.0
-6.84321E-4
-6.82369E-4
0.0
0.0
0.0
6.745808E-4
0.0
0.0
-6.6876074E-4
0.0
0.0
-6.6295883E-4
-6.610289E-4
-6.59101E-4
-6.5717514E-4
-6.552514E-4
0.0
0.0
0.0
-6.4757676E-4
-6.4566324E-4
0.0
0.0
0.0
0.0
0.0
0.0
0.0
-6.304302E-4
-6.285355E-4
-6.2664296E-4
0.0
6.228641E-4
0.0
-6.1909383E-4
-6.172119E-4
-6.153321E-4
0.0
0.0
0.0
0.0
0.0
-6.0409843E-4
-6.0223375E-4
0.0
0.0
5.966527E-4
-5.947967E-4
0.0
0.0
0.0
0.0
5.8554974E-4
0.0
-5.818664E-4
-5.800281E-4
-5.78192E-4
-5.763581E-4
-5.745265E-4
-5.726971E-4
-0.0011417399
-0.0011380902
-5.672224E-4
0.0
-0.0011271678
-5.617681E-4
-5.5995444E-4
-5.5814313E-4
-5.563341E-4
-5.5452733E-4
-5.527229E-4
0.0
0.0
-5.473232E-4
-5.4552796E-4
0.0
0.0
0.0
5.3836993E-4
0.0
0.0
0.0
0.0
0.0
0.0
5.259331E-4
0.0
-5.224009E-4
0.0
5.188781E-4
0.0010342405
0.0010307295
5.1361165E-4
0.0
5.101126E-4
5.0836673E-4
5.066232E-4
5.04882E-4
0.0
0.0
4.996731E-4
0.0
0.0
4.9448584E-4
0.0
4.910398E-4
0.0
0.0
4.858891E-4
0.0
4.824675E-4
0.0
4.7905574E-4
0.0
0.0
0.0
-4.7226183E-4
0.0
-4.6887973E-4
0.0
-4.655076E-4
0.0
4.6214546E-4
0.0
0.0
4.57121E-4
0.0
0.0
0.0
0.0
0.0
-4.471402E-4
0.0
0.0
0.0
4.4053706E-4
4.3889263E-4
0.0
4.356115E-4
4.3397478E-4
0.0
0.0
0.0
4.2745366E-4
0.0
0.0
0.0
0.0
0.0
0.0
0.0
0.0
-4.129328E-4
0.0
0.0
0.0
0.0
0.0
4.0336995E-4
4.0178536E-4
0.0
3.9862416E-4
3.9704752E-4
3.9547356E-4
0.0
3.923336E-4
3.9076761E-4
0.0
3.876437E-4
3.8608574E-4
3.845305E-4
3.8297792E-4
3.8142802E-4
3.7988083E-4
3.7833632E-4
3.7679455E-4
3.7525545E-4
0.0
0.0
0.0
0.0
3.6760073E-4
0.0
0.0
0.0
-3.61526E-4
0.0
0.0
-3.5699873E-4
-3.5549514E-4
3.539943E-4
-3.5249625E-4
0.0
-3.495084E-4
-6.960372E-4
3.465316E-4
0.0
-3.4356592E-4
0.0
-3.4061138E-4
-3.391383E-4
0.0
-3.3620052E-4
-3.347358E-4
0.0
0.0
-3.3035857E-4
0.0
-3.2745447E-4
-3.2600667E-4
3.2456167E-4
0.0
0.0
-6.4048736E-4
-3.1881002E-4
0.0
0.0
3.145261E-4
0.0
0.0
0.0
-3.0885419E-4
0.0
0.0
0.0
0.0
-6.036575E-4
0.0
0.0
0.0
2.9626026E-4
0.0
0.0
0.0
0.0
-5.7872967E-4
0.0
0.0
-5.705249E-4
0.0
0.0
0.0
0.0
0.0
-5.5427337E-4
0.0
0.0
-2.7311343E-4
0.0
0.0
2.6911675E-4
0.0
0.0
0.0
2.6382925E-4
2.625148E-4
2.6120333E-4
0.0
0.0
0.0
0.0
0.0
0.0
0.0
0.0
0.0
-2.4825282E-4
0.0
0.0
-2.444262E-4
0.0
0.0
0.0
0.0
0.0
4.737089E-4
0.0
0.0
0.0
0.0
0.0
0.0
0.0
0.0
0.0
4.4895598E-4
0.0
4.4407873E-4
0.0
4.3922605E-4
4.3680894E-4
0.0
4.319932E-4
4.2959454E-4
4.272021E-4
0.0
4.2243573E-4
0.0
0.0
0.0
0.0
0.0
0.0
4.0594873E-4
0.0
0.0
0.0
0.0
0.0
1.9602993E-4
0.0
0.0
0.0
0.0
1.9032898E-4
0.0
1.880706E-4
0.0
0.0
0.0
0.0
1.8247978E-4
0.0
0.0
0.0
0.0
0.0
0.0
-1.7478557E-4
0.0
1.7261581E-4
0.0
0.0
0.0
-1.6831454E-4
-1.6724721E-4
0.0
0.0
-1.6406442E-4
0.0
0.0
0.0
0.0
0.0
0.0
0.0
0.0
0.0
0.0
0.0
-1.5162246E-4
0.0
0.0
-1.485846E-4
0.0
-1.4657558E-4
0.0
-1.4457954E-4
-1.435864E-4
-1.425965E-4
-1.4160988E-4
0.0
0.0
0.0
-1.3769597E-4
-1.3672565E-4
0.0
-1.3479484E-4
0.0
-1.3287713E-4
-1.3192318E-4
0.0
-1.3002516E-4
-1.2908108E-4
-1.2814028E-4
0.0
0.0
0.0
-1.2441001E-4
-1.2348569E-4
0.0
-1.2164696E-4
1.2073255E-4
0.0
0.0
0.0
-1.17108015E-4
0.0
0.0
1.1442443E-4
0.0
-1.12651986E-4
0.0
-1.1089285E-4
-1.1001828E-4
-1.0914704E-4
0.0
-1.0741457E-4
-1.0655334E-4
-1.0569546E-4
-1.0484092E-4
-1.0398972E-4
-1.0314187E-4
0.0
-1.0145623E-4
0.0
0.0
-9.8952914E-5
0.0
-9.7300835E-5
-9.647984E-5
0.0
-9.484794E-5
-9.403705E-5
-9.322953E-5
-9.2425376E-5
0.0
-9.08272E-5
0.0
-1.7848508E-4
-8.845529E-5
-1.7534282E-4
-8.689092E-5
-8.6113825E-5
-1.7068023E-4
0.0
-8.3802865E-5
0.0
-8.2279206E-5
-1.6304494E-4
0.0
0.0
7.927268E-5
-7.8529556E-5
0.0
0.0
-7.632064E-5
0.0
0.0
0.0
-7.342321E-5
0.0
-7.1995004E-5
-7.1286035E-5
7.0580485E-5
0.0
0.0
-6.848442E-5
0.0
-6.710419E-5
-6.641923E-5
0.0
-6.505961E-5
-6.438496E-5
6.371376E-5
6.304598E-5
0.0
0.0
6.106336E-5
-6.0409377E-5
0.0
5.9111764E-5
5.846814E-5
5.782797E-5
0.0
0.0
5.5928198E-5
0.0
5.4678985E-5
5.4059572E-5
5.3443626E-5
5.2831147E-5
5.2222134E-5
5.1616593E-5
0.0
5.041592E-5
4.9820796E-5
4.9229147E-5
4.8640974E-5
0.0
4.747506E-5
4.6897323E-5
0.0
4.57523E-5
4.5185014E-5
0.0
4.40609E-5
8.700816E-5
4.295074E-5
0.0
4.185455E-5
4.1311694E-5
4.0772335E-5
4.0236468E-5
7.94082E-5
3.9175233E-5
0.0
3.8128E-5
0.0
7.418955E-5
3.658342E-5
3.6075573E-5
7.1142465E-5
7.01408E-5
6.9146154E-5
3.4079265E-5
6.717793E-5
3.310218E-5
3.2618907E-5
3.2139153E-5
0.0
6.238038E-5
3.072099E-5
3.0255305E-5
2.9793146E-5
2.9334506E-5
2.887939E-5
2.84278E-5
2.7979733E-5
2.7535194E-5
2.7094182E-5
2.66567E-5
2.6222746E-5
2.5792324E-5
0.0
0.0
0.0
0.0
2.3693206E-5
2.3283988E-5
2.2878308E-5
2.2476166E-5
-2.2077566E-5
2.1682503E-5
2.1290984E-5
0.0
2.051857E-5
0.0
1.9760335E-5
1.9386534E-5
0.0
1.8649576E-5
1.8286419E-5
1.7926812E-5
1.7570754E-5
1.7218248E-5
1.6869293E-5
1.6523893E-5
3.236409E-5
4.7531248E-5
3.1018022E-5
1.5177828E-5
1.4850202E-5
2.9052266E-5
1.4205622E-5
2.7777342E-5
1.3575279E-5
1.3265448E-5
1.2959177E-5
1.2656468E-5
1.2357323E-5
1.2061741E-5
1.1769722E-5
2.2962537E-5
1.119638E-5
1.0915057E-5
1.0637302E-5
0.0
1.0092493E-5
0.0
0.0
0.0
0.0
-8.792934E-6
0.0
-8.298108E-6
0.0
7.817573E-6
-7.5826665E-6
1.47026685E-5
7.1235777E-6
0.0
6.678791E-6
0.0
1.2496623E-5
-6.0384377E-6
5.8321425E-6
5.6294257E-6
0.0
5.2347305E-6
-5.0427525E-6
9.70871E-6
-4.6695386E-6
0.0
0.0
-4.1365797E-6
3.9660918E-6
-7.598373E-6
0.0
-3.4761272E-6
0.0
0.0
-6.036841E-6
0.0
-2.7312085E-6
0.0
-2.4583405E-6
-4.654573E-6
0.0
-2.075939E-6
0.0
0.0
0.0
0.0
0.0
0.0
0.0
0.0
0.0
1.0344957E-6
0.0
0.0
-7.920567E-7
7.1842453E-7
0.0
0.0
1.038146E-6
-4.598047E-7
8.082554E-7
-3.5204212E-7
3.0354812E-7
0.0
-4.3467065E-7
1.796167E-7
-1.4549008E-7
2.2991101E-7
8.801307E-8
6.466283E-8
4.4904837E-8
-5.7478292E-8
3.2331585E-8
0.0
0.0
0.0
