0.27938598
0.21927637
0.09304165
0.36326915
0.88625497
0.7753199
0.35843906
0.2505118
0.5406267
0.8292815
0.40948433
0.03015496
0.25457
0.24208264
0.23466124
0.33609813
0.19885255
0.26262546
0.09467703
0.27640665
0.18022206
0.24517332
0.098958045
0.110776216
0.14550911
0.07160001
0.16687742
0.16583204
0.1567402
0.22880149
0.3175479
0.21341681
0.16676301
0.13214293
0.13738787
0.103608854
0.2170665
0.29090458
0.16192429
0.07395818
0.13796842
0.02700333
0.12839498
0.070739515
0.13647917
0.11753126
0.07283743
0.029039381
0.12153428
0.13171886
0.07714302
0.1002551
0.108306
0.12955785
0.1748305
0.07292295
0.086531766
0.0962059
0.09027244
0.09897127
0.019608703
0.15108661
0.20808119
0.19668257
0.122714125
0.13427462
0.20533375
0.23761837
0.18063967
0.066659294
0.09482659
0.100035965
0.07246371
0.14810003
0.18164226
0.19583394
0.10473515
0.06398216
0.12167368
0.15513103
0.07822026
0.15876485
0.07210614
0.19639505
0.19769953
0.017971745
0.08167301
0.05302026
0.1071887
0.1576507
0.19699201
0.13023621
0.07287894
0.034727495
0.1627482
0.19330266
0.08185391
0.056752343
0.08714048
0.020048745
0.14829579
0.11539367
0.04922628
0.103684515
0.10165356
0.056074712
0.09981229
0.072588556
0.08502868
0.094526656
0.13012698
0.19489267
0.13977535
0.12827751
0.17415911
0.15075931
0.14006051
0.1238271
0.10458423
0.0816762
0.1623892
0.108567394
0.11626255
0.12825264
0.09499425
0.0019992366
0.016001856
0.027400643
0.014370291
0.08892917
0.08352928
0.097895876
0.12541384
0.08037877
0.08190662
0.056487456
0.058670703
0.17708293
0.18716253
0.077549264
0.033892162
0.0482767
0.019631457
0.037341136
0.03812126
0.0466047
0.082915254
0.10960828
0.04689322
0.03450847
0.10165255
0.119610794
0.088431865
0.064300425
0.06717375
0.063829586
0.08550784
0.11869922
0.05515456
0.08245814
0.02852726
0.11307607
0.13850796
0.12062256
0.13818286
0.18029721
0.1945984
0.16849512
0.0688865
0.07027286
0.0735619
0.12610102
0.07058012
0.114155784
0.060013775
0.07081619
0.04389535
0.0636504
0.031843107
0.06513403
0.09249544
0.07830374
0.024640473
0.067858525
0.056054294
0.03241672
0.03281425
0.039416473
0.09942011
0.0685545
0.06064049
0.075489916
0.025556043
0.08974392
0.05253686
0.08832603
0.07906589
0.034794673
0.083285704
0.07947223
0.016944708
0.039582994
0.05341983
0.105256304
0.15736982
0.10584741
0.047572203
0.09683571
0.060956385
0.062395047
0.07828661
0.03750156
0.1471734
0.105239905
0.07008771
0.04203718
0.11130509
0.08989442
0.01090187
0.13774966
0.12282602
0.044407528
0.12072895
0.04141501
0.089899264
0.12254664
0.060711984
0.07351208
0.03857221
0.11897639
0.0908749
0.023135664
0.112024575
0.124122664
0.011662448
0.059353646
0.012601521
0.05338176
0.10998646
0.053828485
0.030725978
0.07392704
0.09675768
0.13783692
0.1600024
0.07544089
0.039614376
0.10560492
0.07171341
0.037761427
0.06885856
0.08392107
0.0893316
0.07229896
0.031207317
0.03239983
0.065572605
0.03847738
0.07016874
0.09959244
0.029731823
0.07350334
0.05410496
0.04534746
0.027962346
0.046859205
0.075524025
0.03932187
0.10199614
0.0724796
0.06714081
0.07518831
0.06978584
0.060532346
0.07534436
0.08287615
0.060741626
0.16044268
0.10200213
0.03169521
0.04963386
0.0581457
0.08910852
0.11434928
0.085103855
0.039339412
0.05171411
0.06337518
0.0367323
0.07145387
0.10682356
0.13564178
0.103537664
0.073634975
0.04736253
0.04323468
0.14424233
0.14636469
0.07919544
0.057052955
0.049029294
0.048393942
0.11365311
0.07083881
0.029208781
0.041348606
0.03404015
0.031332325
0.08641123
0.1535688
0.1590363
0.052148435
0.09806469
0.133438
0.11319812
0.07923442
0.021838939
0.060293257
0.09317821
0.06406648
0.077352814
0.15639907
0.09962433
0.11136185
0.04499694
0.066854335
0.101677604
0.10144267
0.09738926
0.10111367
0.09456944
0.049082965
0.04930028
0.01756723
0.01721649
0.04257241
0.07850376
0.08657669
0.037624016
0.039805215
0.10124815
0.09232004
0.1509037
0.1790891
0.0749599
0.04171477
0.08990347
0.067526475
0.05349343
0.08717506
0.04299888
0.08505965
0.024618035
0.13073651
0.09273123
0.088012815
0.07822911
0.05633804
0.08726572
0.118082106
0.13369921
0.090877384
0.08123667
0.124538824
0.1354842
0.09651248
0.06710931
0.02171729
0.032048732
0.038216572
0.0925027
0.0743313
0.04470901
0.094882496
0.06862566
0.08103556
0.074460074
0.009374144
0.054971196
0.105314985
0.15549584
0.09924596
0.03824848
0.046976224
0.10002718
0.10034656
0.07422777
0.015662583
0.04302291
0.041979156
0.09745797
0.08183959
0.030062376
0.08519551
0.020961003
0.023790015
0.058121752
0.11088324
0.05542721
0.12900397
0.19036289
0.10532947
0.039414793
0.072280146
0.09138739
0.03616393
0.074371934
0.06888127
0.10281991
0.024463551
0.102451354
0.10247466
0.05562953
0.044506863
0.048602503
0.042679343
0.04525723
0.025275035
0.043814663
0.025837166
0.08412741
0.081195734
0.04117065
0.101994164
0.13998292
0.11595205
0.06301203
0.06722243
0.051700015
0.054836906
0.0587091
0.024658265
0.017915701
0.025040543
0.06789566
0.06357657
0.027351867
0.032779742
0.053168576
0.121562906
0.10382178
0.04530054
0.065662734
0.0713182
0.08470746
0.08288036
0.086704515
0.10714608
0.12806644
0.12293551
0.08048933
0.08337242
0.10415977
0.08652893
0.07731386
0.09288051
0.09486726
0.08797384
0.082261
0.06989772
0.051847283
0.057741527
0.07044195
0.08427345
0.13790347
0.124865025
0.09353333
0.088282846
0.061674185
0.040032797
0.08395066
0.035961982
0.03934209
0.042421367
0.027592158
0.03300502
0.05035597
0.052565712
0.03642755
0.044932853
0.054325514
0.048830148
0.06690016
0.026635049
0.031910855
0.08459125
0.08741834
0.04257332
0.013022388
0.09361879
0.12377498
0.058640186
0.048850436
0.10127058
0.07759028
0.06118339
0.08533601
0.09740748
0.06923293
0.047198597
0.007945013
0.04989712
0.048002206
0.05684829
0.029252956
0.07052251
0.120798424
0.12534706
0.08692874
0.08746872
0.12011751
0.15339765
0.04311613
0.060161915
0.038546268
0.10848961
0.11318987
0.09710765
0.092246644
0.124001235
0.20664045
0.24697237
0.17232916
0.14470978
0.14886802
0.104070656
0.04831472
0.08711347
0.031797353
0.07065858
0.13013974
0.14215723
0.090690404
0.05270971
0.026500626
0.041387998
0.042589504
0.054460317
0.081210226
0.10496316
0.100744806
0.086089216
0.08433619
0.06540433
0.065669455
0.07597362
0.10741671
0.13166651
0.10570718
0.07719234
0.045398757
0.024539914
0.015884459
0.017871406
0.039688192
0.107790135
0.14697918
0.1373941
0.14247365
0.09378422
0.06693703
0.03463111
0.008054442
0.038819097
0.05209626
0.056328915
0.062924564
0.08204835
0.08267395
0.059074417
0.05300555
0.1251298
0.11580271
0.06592645
0.028998692
0.08082164
0.067552075
0.014452651
0.044108022
0.037840936
0.12920171
0.052190196
0.039577886
0.028714737
0.041242506
0.01638804
0.058317274
0.015686337
0.10435773
0.039823994
0.089632735
0.048934877
0.116705015
0.12752344
0.07279534
0.048779152
0.039113842
0.09855105
0.099034876
0.14747253
0.055187613
0.024881957
0.034517042
0.11639351
0.1491536
0.13132754
0.0681453
0.056444652
0.058781847
0.082279086
0.008640086
0.108823135
0.18004762
0.21052527
0.1373871
0.08311982
0.07934822
0.0770181
0.07451192
0.045502327
0.08657015
0.07861204
0.09917547
0.08256651
0.044839635
0.13692154
0.089069195
0.02757939
0.05251782
0.06676197
0.07591932
0.089933455
0.1384815
0.11031023
0.1103473
0.12454638
0.14279708
0.017859612
0.076980285
0.032034844
0.06262195
0.0864102
0.057293702
0.034873523
0.07007088
0.054938767
0.09628373
0.03145346
0.07441821
0.034355413
0.04198708
0.07957848
0.017856413
0.07938077
0.13139792
0.151319
0.09265764
0.078244224
0.10483082
0.08784946
0.084274195
0.15085691
0.06564038
0.15498446
0.23224072
0.1841397
0.12676625
0.07349687
0.064075224
0.0878235
0.038805064
0.04695425
0.093170516
0.10004927
0.077550955
0.04604533
0.036093883
0.050986446
0.07567698
0.07242143
0.06313131
0.053197272
0.06329412
0.047574293
0.07591723
0.068416156
0.04837277
0.044020694
0.13311921
0.12959106
0.04439568
0.009290336
0.033206128
0.047121532
0.021096556
0.030674733
0.026206564
0.050901636
0.0266915
0.031435974
0.03117905
0.06616017
0.10471233
0.09852768
0.045434304
0.06755685
0.04425526
0.034310445
0.022253582
0.036389846
0.018435586
0.07215794
0.05357264
0.03394951
0.047534328
0.08906838
0.083612554
0.0714775
0.02465782
0.0107969865
0.047983605
0.076540396
0.03369823
0.08628587
0.102285855
0.026352644
0.07552712
0.106627725
0.06358923
0.02919674
0.05285065
0.060965892
0.009317631
0.029506683
0.05174976
0.032737985
0.024278728
0.070284545
0.061522495
0.057642117
0.09687225
0.06307338
0.042791728
0.04693018
0.063465625
0.040450655
0.029738868
0.062156994
0.026902778
0.0723237
0.05784378
0.04250568
0.0839182
0.0632141
0.043999992
0.052834615
0.051319692
0.113610685
0.11652619
0.05592553
0.035326853
0.06705025
0.061988045
0.043296862
0.06408469
0.029691368
0.0758898
0.042823225
0.010212141
0.0068423166
0.012722856
0.021408958
0.059477206
0.043802783
0.030033296
0.03084684
0.022311429
0.019416973
0.016137285
0.05409544
0.0668783
0.05575401
0.0402462
0.038222484
0.046580285
0.05374439
0.016748805
0.041390456
0.035510696
0.017342374
0.043010958
0.04778839
0.05633666
0.062400203
0.08683785
0.07829089
0.08798384
0.090792365
0.048137747
0.013721785
0.032316357
0.052176584
0.032640398
0.045122698
0.035504363
0.061642136
0.035833456
0.06552613
0.054930687
0.08198675
0.049041763
0.023576546
0.015564857
0.04904277
0.08671392
0.0695782
0.033488967
0.040702954
0.042670816
0.044665266
0.030341962
0.030881783
0.003276034
0.026714005
0.04051137
0.07309037
0.042110894
0.072418325
0.08709414
0.06011399
0.058639925
0.02890549
0.06411436
0.067201905
0.060882837
0.065458
0.0360539
0.054469388
0.040160388
0.02159671
0.0249523
0.072432555
0.13611887
0.08934699
0.0847171
0.060955677
0.034619555
0.05643375
0.042040363
0.052413814
0.03531391
0.005496907
0.053764667
0.039092027
0.028865138
0.044693243
0.024035206
0.033023372
0.05529562
0.03385033
0.035392307
0.050303306
0.05450565
0.064535074
0.047629755
0.021567695
0.023060692
0.024208238
0.03162342
0.030418348
0.01833909
0.026567
0.051505603
0.050614163
0.026252357
0.09639542
0.060847495
0.021048065
0.035389677
0.025806585
0.057870094
0.09730792
0.1036156
0.10166019
0.08448239
0.07112946
0.07140531
0.05209253
0.027958874
0.036001768
0.07755053
0.11328088
0.07242888
0.08665133
0.040174466
0.01621796
0.028517297
0.07986694
0.07268771
0.059415128
0.033068065
0.05149707
0.092787795
0.05795007
0.08779071
0.09408128
0.01835769
0.019731544
0.042504776
0.09137517
0.089203954
0.044749025
0.006658371
0.092522785
0.14026317
0.09449321
0.0032446648
0.020493373
0.03093629
0.03869361
0.048441563
0.040920865
0.030484052
0.02563057
0.06240681
0.0504722
0.05749121
0.08443137
0.07014702
0.079024866
0.083873704
0.09805146
0.13436994
0.11663467
0.007924562
0.045992926
0.007151194
0.0108034015
0.060741358
0.064119786
0.047317587
0.026236681
0.008607244
0.047089614
0.026664805
0.00967815
0.03871746
0.06919897
0.077665396
0.049173377
0.030509958
0.057834357
0.09867435
0.07194516
0.008840535
0.011564529
0.015673807
0.035042543
0.045049056
0.047048137
0.041634016
0.04324561
0.040106393
0.07444762
0.091963395
0.076435775
0.025242181
0.054410517
0.07147128
0.026549963
0.0732036
0.054703068
0.03970755
0.03623261
0.031998765
0.057819683
0.022372374
0.007332244
0.022401482
0.06571301
0.092718415
0.08353323
0.09394594
0.017929606
0.029874407
0.02989275
0.050470807
0.07474781
0.055697385
0.048660744
0.08032698
0.034708504
0.099195935
0.123408824
0.07072198
0.014282857
0.026714275
0.028797505
0.028049352
0.027696168
0.051287547
0.03414851
0.059828117
0.06269354
0.056183074
0.06749042
0.059540756
0.022570351
0.009504324
0.040181696
0.019498657
0.11453684
0.11198508
0.02777946
0.07034287
0.05277814
0.05346291
0.053878758
0.043267105
0.07068717
0.0480255
0.010683283
0.03210279
0.05637013
0.047392152
0.02686059
0.0779428
0.063962206
0.053534757
0.0525741
0.022422062
0.04134595
0.03467295
0.04541414
0.048935864
0.039112784
0.04617372
0.04855364
0.054344237
0.057249743
0.043055248
0.089933015
0.035562202
0.07561189
0.057213295
0.07822946
0.080272906
0.038643032
0.09314621
0.073909864
0.012025651
0.06763638
0.061714556
0.02456434
0.023135692
0.08273062
0.115658194
0.09736105
0.10793938
0.11437434
0.09899945
0.08856729
0.025519779
0.06802365
0.07233483
0.044722505
0.026364699
0.008385275
0.05833674
0.0958312
0.044566337
0.043217566
0.066029996
0.046853166
0.07879884
0.06625007
0.025433592
0.031638384
0.047346707
0.030539885
0.09568564
0.09066386
0.059541088
0.04171212
0.07364538
0.03182441
0.044058904
0.012159814
0.020001207
0.079284586
0.075589396
0.05438951
0.027081538
0.04885681
0.038205408
0.07396432
0.068523206
0.02000865
0.027213573
0.019495195
0.028745325
0.027033651
0.0090590725
0.017495517
0.028560849
0.0377867
0.07910995
0.050016984
0.025954505
0.026401022
0.026531614
0.029863765
0.022999844
0.021589225
0.047533464
0.04743872
0.028524766
0.037521873
0.089228615
0.10155129
0.062158827
0.013597726
0.036193457
0.07265073
0.021916637
0.043793403
0.049644638
0.040501602
0.045566667
0.05209682
0.04643329
0.062451392
0.054383274
0.019047348
0.05359949
0.08009522
0.077959254
0.07832844
0.0579342
0.046703283
0.045501743
0.037658613
0.048907403
0.070664234
0.017183797
0.050015137
0.07462353
0.068988204
0.06440687
0.06483359
0.037912223
0.02619041
0.03912809
0.037963033
0.0314905
0.05381635
0.055702224
0.060637906
0.06948092
0.04143772
0.040769417
0.04010151
0.024995431
0.049384747
0.0039551803
0.05353348
0.035593145
0.07619866
0.061468095
0.0418355
0.07429324
0.04371023
0.084917106
0.04512459
0.107114665
0.08868159
0.02859558
0.038146295
0.04247402
0.02593914
0.07999769
0.055912342
0.08543776
0.07391207
0.050535858
0.043876596
0.05339137
0.019245023
0.04974778
0.036802948
0.059041303
0.057714596
0.035436735
0.08095092
0.12822908
0.04281558
0.060539547
0.05980389
0.061384246
0.040050056
0.10461746
0.07455629
0.0057808585
0.02369463
0.082252175
0.051784944
0.014167074
0.05074749
0.05121646
0.092585325
0.11736782
0.07999109
0.07411746
0.054474365
0.022249488
0.053853173
0.044375442
0.048006266
0.08562681
0.06630027
0.082118616
0.059363782
0.042514786
0.118031226
0.12779686
0.10769232
0.10432251
0.13307671
0.13785276
0.11919399
0.057819374
0.010702164
0.015941307
0.04952133
0.065295756
0.07253365
0.04821407
0.026275624
0.06928418
0.07178422
0.037407774
0.037378814
0.031291608
0.04258291
0.09217139
0.080216795
0.081026964
0.13158724
0.09818385
0.076934956
0.11725026
0.08839155
0.09421702
0.057951164
0.03213903
0.027959615
0.047249638
0.043000415
0.045889027
0.063895494
0.041941393
0.00988483
0.045147367
0.08792817
0.05527964
0.05430939
0.06167036
0.015175993
0.03920666
0.09285063
0.076583385
0.024522467
0.09857497
0.07195087
0.030824322
0.06196531
0.045530017
0.020826362
0.03530106
0.025956862
0.13322605
0.13689382
0.0503407
0.0039435094
0.044882815
0.07316864
0.04118829
0.017419897
0.026615806
0.08626907
0.055122245
0.021048065
0.073938735
0.08140219
0.07118429
0.056899894
0.023292214
0.026711889
0.025390316
0.035682637
0.0474874
0.06687673
0.06370937
0.0576899
0.051549386
0.049142435
0.06942361
0.038735434
0.03602771
0.02305577
0.071784765
0.052293833
0.017224286
0.008734895
0.10186506
0.14864221
0.1368372
0.11495044
0.07374498
0.045698732
0.005363015
0.048526317
0.057400394
0.02314719
0.05335314
0.06938182
0.07888383
0.045579392
0.03096308
0.03913131
0.0145708285
0.04757238
0.058468726
0.09272714
0.09771684
0.01755097
0.05229746
0.053328212
0.10583961
0.07232337
0.08058984
0.079055764
0.064697824
0.08688287
0.05394208
0.013798483
0.010165297
0.03416452
0.004065021
0.037250135
0.033124566
0.089991905
0.08374933
0.034438133
0.041107368
0.03752939
0.03845571
0.057933137
0.06268952
0.10201212
0.087900124
0.08208866
0.09271179
0.027961574
0.039629307
0.02876363
0.0036683292
0.08457356
0.11691991
0.068692245
0.05706423
0.048694756
0.039446138
0.056120835
0.010392947
0.07617024
0.07624879
0.043953262
0.024312574
0.04848542
0.06553033
0.038053684
0.030626489
0.05293723
0.05538539
0.032514848
0.046999164
0.06609819
0.051112037
0.058976166
0.08153303
0.028641483
0.025969552
0.07109205
0.050326273
0.061954144
0.044577587
0.054169003
0.09202011
0.09558763
0.030840617
0.041959755
0.009468002
0.10302339
0.117568515
0.10500485
0.064640686
0.10531472
0.09768919
0.077825405
0.09208613
0.086081944
0.029268477
0.061479844
0.1308066
0.107120335
0.055284556
0.021891074
0.0016023938
0.034489308
0.084916554
0.13633537
0.070779525
0.060578614
0.036709264
0.055275936
0.11346317
0.07909144
0.033237785
0.08597744
0.099513635
0.083884865
0.14906485
0.08023569
0.07579093
0.04699644
0.013017088
0.054860126
0.058019087
0.036072694
0.021156041
0.011750241
0.06033886
0.10188235
0.056490637
0.039538395
0.10652011
0.124164365
0.068756595
0.007937949
0.058709674
0.08780948
0.078178816
0.06673503
0.075929396
0.10254472
0.12807539
0.14088765
0.104811914
0.044431068
0.04676593
0.054496326
0.08278076
0.095963195
0.04267027
0.081621945
0.043434512
0.065663025
0.063352786
0.059131905
0.029347615
0.07755796
0.07770549
0.08139838
0.06047559
0.039546717
0.06119059
0.04533438
0.021693075
0.051729023
0.05979438
0.04894344
0.023192754
0.022704786
0.03538572
0.027508866
0.03552374
0.04713269
0.035961855
0.10251298
0.09777217
0.07725261
0.033109244
0.022593211
0.047917765
0.03035043
0.12075505
0.12966141
0.077901274
0.05523569
0.11087873
0.10433517
0.0417212
0.03528894
0.07132375
0.0469356
0.040095855
0.07637917
0.09394563
0.07551423
0.04457935
0.07296383
0.06395154
0.012038525
0.02088806
0.08372985
0.05317436
0.021337967
0.008116319
0.021650007
0.013233045
0.02677805
0.033698045
0.048128072
0.06875123
0.062787235
0.01925327
0.0522087
0.060175177
0.07523009
0.10046065
0.117930494
0.10344811
0.06337155
0.026438883
0.027320072
0.06665105
0.032979053
0.11794038
0.091406964
0.08949983
0.017180964
0.064771764
0.05219702
0.10728594
0.090433605
0.015101566
0.07153025
0.026723102
0.06013726
0.06046661
0.08670528
0.040826768
0.026236376
0.017015241
0.0668465
0.10702348
0.06764513
0.054217096
0.033647213
0.076595165
0.04789869
0.03244682
0.082968295
0.091558054
0.02008213
0.11454393
0.10619284
0.102428645
0.09469002
0.06952289
0.044561222
0.03458418
0.012052658
0.014582954
0.010041323
0.032532655
0.018897971
0.017855471
0.014813716
0.03363765
0.056046117
0.038335636
0.039418958
0.029790612
0.021828895
0.047546614
0.031504054
0.06386008
0.071676925
0.055889953
0.018653441
0.024427254
0.046052434
0.03820687
0.014953578
0.08491569
0.10293726
0.118524686
0.07861532
0.021647567
0.0136391735
0.06849545
0.110772915
0.048755255
0.06655547
0.058527593
0.08545953
0.07685528
0.05394382
0.09050315
0.15029152
0.06662394
0.065672666
0.07330271
0.054994777
0.08418948
0.045307063
0.015410666
0.042759053
0.06756184
0.04371986
0.07368582
0.046863828
0.02407966
0.049251422
0.010318373
0.045897596
0.059818365
0.07768328
0.036857136
0.029179731
0.021197813
0.0044597695
0.00574785
0.025946002
0.02251198
0.046218004
0.010463459
0.023552136
0.052479107
0.0976173
0.051516965
0.050527904
0.056568857
0.048513707
0.085793
0.063778155
0.07025416
0.11843313
0.07279896
0.070378214
0.12108908
0.097701915
0.06777271
0.02203681
0.034056045
0.0691765
0.061268274
0.022612382
0.04081568
0.09917395
0.10277393
0.07915556
0.047951996
0.03235326
0.071149334
0.07111095
0.06408436
0.08396213
0.09160294
0.15489922
0.09817542
0.008055487
0.037095755
0.020672971
0.040312782
0.058853015
0.08051669
0.037487783
0.043441147
0.0374841
0.0162175
0.07099019
0.06048494
0.085817136
0.14127478
0.13260032
0.09001789
0.099970065
0.080798365
0.017987313
0.04734168
0.026736021
0.03812677
0.0499542
0.11346171
0.0869991
0.042649582
0.047470924
0.07748038
0.0878005
0.089361586
0.06474913
0.050919104
0.046292387
0.033072803
0.043255962
0.02995126
0.051386993
0.022195045
0.05181307
0.017325427
0.06949481
0.08715881
0.054221615
0.060116105
0.095381916
0.07668639
0.032419417
0.0297452
0.06707864
0.03565721
0.08085705
0.078764684
0.020675223
0.045144156
0.060605172
0.0631876
0.04622535
0.0080802785
0.04001104
0.068734206
0.074616686
0.05708547
0.021890562
0.10438339
0.08434312
0.012936177
0.020169318
0.04668271
0.019726073
0.024696726
0.033972085
0.067805864
0.03182971
0.002330361
0.032228574
0.069726706
0.0963629
0.11902094
0.13359553
0.12680858
0.09793629
0.04161768
0.029454874
0.02595147
0.053293906
0.044691097
0.020160923
0.070221364
0.054031067
0.054847848
0.07317346
0.06758721
0.09022435
0.03901624
0.123352654
0.06635438
0.05989374
0.08048163
0.018876133
0.030137006
0.020266613
0.065712035
0.065929726
0.079561405
0.09781113
0.061486147
0.06979136
0.08450963
0.04018994
0.07572769
0.104008056
0.0104693305
0.07733167
0.038769048
0.046064697
0.03668639
0.043149754
0.07793305
0.066345625
0.014057741
0.043554366
0.0666042
0.04617371
0.018612996
0.05520007
0.058354393
0.112233825
0.12687467
0.08391436
0.039413653
0.041706543
0.016419746
0.08281633
0.080314375
0.067511365
0.078880675
0.037927557
0.04340083
0.09103696
0.09768321
0.0859906
0.09947896
0.10822033
0.072848946
0.016311072
0.03333168
0.022756206
0.06522515
0.06258722
0.08559447
0.081592314
0.018481614
0.087023884
0.057076786
0.024180744
0.047828082
0.05797935
0.010069767
0.022934003
0.03907867
0.0446354
0.058858622
0.039490238
0.045467097
0.08503552
0.09446788
0.018240318
0.05825884
0.024962753
0.050425123
0.026031375
0.054932907
0.051326595
0.1158533
0.07235769
0.046417817
0.049228597
0.026654115
0.04011752
0.059640817
0.04228625
0.03431895
0.04085521
0.022297297
0.041211553
0.056364182
0.06620774
0.039205782
0.035197202
0.079289146
0.09282076
0.061476063
0.056958225
0.09501705
0.090751395
0.013365688
0.026274089
0.022414813
0.03457719
0.046550687
0.061365627
0.034017727
0.087742224
0.092679806
0.0022422443
0.029136507
0.04983779
0.016552385
0.032873
0.061182354
0.041306376
0.059101537
0.09520953
0.0719101
0.04616664
0.00563327
0.03217743
0.025013668
0.012768856
0.04968074
0.11618171
0.09571208
0.0593259
0.05285168
0.017045142
0.024853576
0.010827174
0.06833722
0.07336667
0.03227573
0.014029854
0.022088615
0.027407603
0.01993766
0.016812406
0.02808142
0.013528002
0.051635426
0.07556889
0.036891475
0.014469842
0.010631515
0.03207367
0.047534354
0.03885782
0.02916921
0.005924232
0.023649782
0.017248241
0.0069179726
0.016735867
0.035691362
0.03446512
0.017994476
0.027063033
0.03553768
0.051345047
0.020396471
0.025997812
0.03632941
0.048359137
0.028383836
0.024124017
0.005839435
0.05102185
0.06080919
0.055970244
0.057054523
0.026026785
0.025530819
0.059791975
0.047399897
0.036920283
0.043408785
0.02467833
0.048369788
0.06468603
0.034182698
0.07969973
0.0609214
0.007938376
0.064272754
0.057711955
0.011581939
0.010396581
0.009037855
0.028697347
0.050135802
0.035086684
0.0029486313
0.021965073
0.04812967
0.038761918
0.056313824
0.08176869
0.059060674
0.016074156
0.02472662
0.0074371095
0.023948362
0.02955271
0.026583884
0.026824873
0.015391317
0.009147799
0.008315497
0.015059548
0.013733633
0.02894984
0.053582877
0.05198253
0.047170497
0.034601506
0.010831258
0.024532085
0.05699158
0.036154654
0.036550406
0.03128537
0.022199454
0.055536225
0.046125017
0.028066767
0.0054907426
0.023970338
0.019686002
0.026315223
0.045472365
0.010061013
0.014959449
0.038220286
0.04765219
0.061308395
0.04003358
0.023630368
0.07154501
0.05437717
0.0130274175
0.019219972
0.04109429
0.033052932
0.012439171
0.012260079
0.00813436
0.021377062
0.030076182
0.016582604
0.041518282
0.046067026
0.029615937
0.07598373
0.044606667
0.037789438
0.013038109
0.021059567
0.03946387
0.027033951
0.016163329
0.02329862
0.02806123
0.027316445
0.010764331
0.03840247
0.04213827
0.040758908
0.025375823
0.037625667
0.061697338
0.052929074
0.04145425
0.05705618
0.050643858
0.016626768
0.06511922
0.038324572
0.0030625204
0.0
0.0
0.0
0.0
-0.0061035934
0.0
0.0
-0.0061034425
0.0
-0.0030516528
0.0
-0.0030515704
0.0
0.0
-0.006102839
0.0
-0.003051301
-0.0030512363
-0.003051168
0.0
0.0
0.0
0.0
0.0
0.0
0.0
0.0
-0.0030503923
0.0
0.0
0.0
0.0
0.0
0.0
-0.0030495878
0.0
0.0
0.0
0.0
0.0
0.0
-0.0030486076
-0.0030484532
-0.0030482954
-0.0030481338
-0.0030479687
0.0
0.0
-0.0030474518
0.0
-0.0030470896
0.0
0.0
-0.003046519
0.0
-0.0030461205
0.0
0.0
0.0
0.0
0.0
0.0
-0.0030446139
-0.0030443843
-0.0030441512
-0.0030439147
0.0030436744
0.0
-0.0030431831
0.0
-0.0030426774
-0.0030424194
0.0
0.0
0.0
0.0
-0.0030410753
-0.0030407957
0.0
0.0
0.0
0.0
-0.0030393444
-0.0030390436
-0.003038739
0.0
0.0
0.0030378043
0.0
-0.0030371633
0.0
-0.0030365079
0.0
0.0
0.0
-0.003035155
-0.0030348075
0.0
0.0030341025
0.0
0.0
0.0
-0.0030326499
0.0
0.0
0.0030315232
0.0030311407
0.0
-0.0030303646
0.0
0.0
-0.0030291742
0.0030287702
0.0
-0.0030279518
0.0
0.0
0.0
0.0
0.0
0.0
0.0
0.0
0.003024094
0.0
0.0
0.0
0.0
0.0
0.0
0.0
0.0030204249
0.0030199504
0.0030194724
0.0030189909
0.0
0.0030180172
0.0
0.0
0.0
0.003016028
0.003015522
0.0030150122
0.0
0.0030139827
0.0030134625
0.0
0.0
0.0
0.0
0.0
-0.0030102683
-0.0030097237
0.0030091756
0.0
0.003008069
0.0030075102
0.0
0.0
0.0030058138
0.0030052413
-0.0030046653
0.0
0.0
0.0
0.0
0.0
0.0
0.0
0.002999932
0.0
0.002998714
0.0029981
0.0029974822
0.002996861
0.0
0.0
0.0
0.0
0.0
0.0
0.0
0.0
-0.002991115
-0.0029904593
0.0
0.0
0.0
0.0
0.0
0.0
-0.002985773
-0.0029850898
-0.002984403
0.0
0.0
0.0
0.0
0.0
0.0029802108
0.0029795002
0.0
0.0029780685
0.0
0.0
0.0029758955
0.0029751642
0.0029744296
0.0
0.0
0.0029722054
0.0029714573
0.0029707055
0.0029699504
0.002969192
0.0029684303
0.002967665
0.0
-0.0029661243
0.0
0.0
0.0
0.0029630025
0.0029622135
0.0029614212
0.0
-0.0029598265
0.0
0.0
0.0029574088
0.0
0.0
0.0
0.0
0.0
0.0
0.0029516502
0.0
0.0
0.0
0.0
0.005894872
0.0
0.002945727
0.0
0.0
0.0029431384
0.0
0.0
0.0
0.0
0.0
0.0029378708
0.0029369814
0.0
0.0
0.0
0.0
0.0
0.0029315744
0.0029306617
0.0029297455
0.0
0.0
0.0
-0.0029260484
-0.0029251156
0.0
0.0
-0.0029222982
0.0
-0.0029204036
0.0
0.0029184956
0.0
0.0029165747
0.0
0.0
0.0029136685
0.0029126934
0.0
0.0
0.0
0.00290876
0.0029077684
0.0029067737
0.0
0.0029047744
0.0
-0.002902762
0.002901751
-0.0029007369
0.0
0.0
0.0
0.0
0.0
-0.0028945834
-0.0028935466
0.0
0.0
0.0
0.002889367
0.0
0.0
0.0
0.0
0.0
0.0028830015
0.0028819295
0.002880854
0.0
0.0
0.002877609
0.0028765209
0.0
0.0
0.0028732377
0.002872137
0.0
0.0
0.0028688156
0.0028677022
0.0
0.0028654658
0.0028643429
0.0
0.0
0.0
0.0
-0.0028586814
0.0028575396
0.0
0.0
0.0
0.0
0.0
0.0
0.0028494596
0.0
0.002847123
0.0
0.0
0.0
0.0
0.002841227
0.0028400384
0.0028388468
0.002837652
0.0028364544
0.0
0.0028340495
0.0
0.0028316325
0.0028304192
0.0028292031
0.0028279838
0.0028267615
0.002825536
0.0
0.002823076
0.0028218413
0.0028206035
0.0
-0.0028181192
0.0
0.0
0.0028143697
0.0
0.002811855
0.0
0.0028093278
0.0
0.0
0.0028055147
0.0
0.0028029578
0.0028016747
0.0
0.0027990995
0.0027978073
0.0027965123
0.0055904286
0.0027939132
0.0
0.0027913023
0.0
0.0
0.0027873632
0.0
0.0
0.0
0.0
0.0
0.0
0.0
0.0027767292
0.0
0.0
0.0
0.0
0.0
0.0
0.0
0.0
0.0
-0.0027631717
0.0
0.0
0.0
0.0
0.0027562834
0.0
0.0
0.0
0.0
-0.002749323
0.0
-0.0027465185
0.0
0.0
0.0
0.0
0.0
0.0
0.0
0.0
0.0027337568
0.0
-0.0027308895
0.0
0.0
-0.0027265672
0.0
0.0
0.0
0.0
0.0
0.0
0.0
0.0
0.0
0.0
0.0
0.0
0.0
0.0
0.0
0.0
0.0
0.0
0.0
0.0
0.0
0.0
0.0
0.0
0.0
0.0
0.0
0.0
0.0
0.0
0.0053608627
0.0
0.0
0.0
0.0
0.0
0.0
0.0
0.0
0.0
0.0026649865
0.0026634273
0.0
0.005320601
0.0026587334
0.0026571634
0.0053111813
0.0026540156
0.0
0.0
0.0026492737
0.0
0.0
0.002644508
0.0052858284
0.0052826353
0.0
0.0
0.0
0.0
0.0
0.0
0.0
0.0
0.002626832
0.0
0.0
0.0026219566
0.0
0.0
0.0
0.0
0.0
0.0
0.0
0.0
-0.0052143834
0.0
0.0
0.0
0.0
0.0
0.0
0.002595565
0.0
0.0025922204
0.0025905445
0.0
0.0
0.0
0.0
0.0
0.0
0.0
0.002577046
0.0
0.0
0.0
0.0
0.0
0.0
0.0
0.0
0.0
0.0
0.0
0.0
0.0
0.0
0.0
-0.002549576
-0.0025478385
0.0
-0.0050887126
-0.0025426117
-0.005081729
-0.002539115
0.0
0.0
0.0
0.0
0.0
0.0
0.0
0.0
-0.0025232625
0.0
0.0025197137
0.0025179358
0.0025161556
0.0
0.0
0.0025108012
0.0025090117
0.0025072198
0.0025054256
0.0
0.0
0.0
0.0024982262
0.0024964204
0.0024946127
0.0024928025
0.00249099
0.0024891752
-0.0024873582
0.0
0.0024837174
0.0
0.0024800678
0.0
0.0
0.0
0.0
0.0
0.0
0.0
0.002465379
0.0024635328
0.0
0.002459834
0.0
-0.0024561265
0.0
-0.0024524103
-0.0024505488
0.0
0.0024468193
0.0
0.0024430812
0.0
0.0024393345
0.002437458
0.0
0.0024336984
0.0024318153
0.0024299303
0.002428043
0.0024261535
0.002424262
0.0024223684
0.0048409454
0.0024185749
0.0
0.0024147728
0.0024128687
0.0024109625
0.0
0.0024071436
0.0
0.0024033168
0.0024014001
0.0023994814
0.0
0.0
0.0
0.0023917863
0.0023898573
0.0023879264
0.0023859935
0.0
0.0
0.0
0.0023782414
0.0
0.0
0.0
-0.0023704572
0.0
0.0023665533
0.0
0.0023626413
0.0023606822
0.0023587213
0.0023567586
0.0047095874
0.002352827
0.0023508584
0.0023488877
0.0
0.0
0.002342964
0.0
0.0
0.0023370232
0.0
0.0
0.0023310652
0.0
0.0023270836
0.00232509
0.0023230945
0.0
-0.002319098
0.0023170968
0.0
0.0
0.0023110826
0.0
0.0023070637
0.0
0.0
0.0
0.0
0.0
-0.002294963
0.0
0.002290915
0.0022888882
0.0022868598
0.0045696585
0.0022827971
0.0
0.0022787277
0.0
0.0
0.0
-0.0022705672
0.0
0.0
0.0
0.0022623788
0.0022603276
0.0
0.0
0.0
0.0022521045
0.0
0.0
0.0
0.0
0.0022417873
0.0022397188
0.0022376485
0.0022355767
0.0022335032
0.002231428
-0.002229351
-0.0022272724
0.0
0.0
0.0
0.002218942
0.0
0.0
0.0
0.0
0.0
0.0
0.0022043008
-0.0022022028
-0.0022001031
0.0
0.0
-0.0021937948
0.0
0.0
-0.0021874723
0.0
-0.004366499
0.0
0.0
0.0
0.0
-0.0021726657
0.0
0.0
-0.0021662968
0.0
0.0
0.0
0.0
-0.0021556523
0.0
0.0
0.0
0.00214711
0.0
0.0
0.0
0.0
0.0
0.0021342526
-0.0021321047
0.0
0.0
-0.0021256523
0.0
0.0
0.0
0.0
0.0021148704
0.0
0.0
0.0
0.0
0.0
-0.002101886
0.0
-0.0020975473
-0.0020953757
-0.002093203
0.0
0.0
-0.0020866764
0.0
0.0
-0.002080138
-0.002077956
0.0
0.0
-0.0020714018
-0.0020692146
-0.0020670262
-0.0041296724
0.0
0.0
0.0
0.0
0.0
-0.002051671
0.0
0.0020472726
-0.0020450717
0.0
-0.0020406658
-0.0020384612
-0.0020362553
-0.0040680966
-0.00203184
-0.0020296304
-0.0020274199
0.0
-0.002022995
0.0
0.0
-0.0020163488
0.0
-0.0020119124
-0.0020096924
-0.0020074714
-0.002005249
-0.0040060515
0.0
-0.0019985756
-0.0019963488
0.0
-0.0019918922
-0.0019896622
-0.001987431
0.0
0.0
-0.001980731
-0.0019784956
-0.0019762593
-0.0019740216
-0.0019717831
-0.0019695433
-0.0019673028
-0.0019650608
-0.0019628182
-0.0019605744
-0.0019583295
-0.0019560836
-0.0019538368
-0.0019515889
-0.00194934
-0.0019470901
-0.0019448393
-0.0019425874
0.0
-0.0019380808
-0.001935826
-0.0019335703
-0.0019313137
0.0
0.0
-0.0019245378
-0.0019222773
-0.0019200159
0.0
-0.0019154903
-0.0019132261
0.0
0.0
0.0
0.0
-0.0019018917
-0.001899622
0.0018973516
0.0
0.0
0.0
0.0
-0.0018859863
-0.0018837107
0.0
0.0
0.0
-0.0018745998
-0.0018723201
-0.0018700395
0.0
0.0
-0.0018631929
0.0
0.0
0.0
0.0
0.0
-0.0018494782
0.0
0.0
0.0
0.0
0.0
0.0
0.0
0.0
0.0
0.0
-0.0018242645
0.0
0.0018196709
0.0
0.0
0.0
0.0018104754
0.0
0.0
0.0
0.0
0.0
0.0
0.0
0.0017920524
0.0017897467
0.0
0.0
0.0
0.0017805176
0.0
0.0017758994
0.0
0.0
0.0
0.0
0.0017643437
0.0
0.0
-0.0017574036
0.0
0.0
-0.0017504585
0.0
0.0
0.0
0.0
0.0
0.0
0.0
0.0
-0.0017295954
0.0
0.0
-0.0034452642
0.0
0.0
0.0
0.0
0.0
0.0
0.0
0.0
0.0
0.0
0.0
0.0
0.0
0.0
-0.0033755128
0.0
0.0
0.0
0.0
0.0016761112
0.0
0.0
0.0
0.0
0.0033289145
0.0033242507
0.0
0.0
0.0
0.0
0.0
0.0
0.0
0.0
0.0
0.0
0.0
0.0
0.0
0.0
0.0
0.0
0.0
0.0032402067
0.0
0.0032308586
0.0032261838
0.0
0.0
0.0
0.0
0.0
0.0
0.0
0.0
0.0
0.0
0.0
0.0015850288
0.0031653785
0.0
0.0
0.0
0.0015733294
0.0
0.0
0.0
0.0
0.0
0.0
0.0
0.0
0.0
0.0
0.0
0.0
0.0
0.0
0.0
0.0
0.0
0.0
-0.0015288522
0.0
0.0
-0.0015218282
-0.0015194869
0.0
0.0
-0.0015124631
-0.0015101219
0.0
0.0
-0.0015030985
0.0
0.0
0.0
0.0
0.0
0.0
0.0
0.0
0.0
0.0
0.0
-0.0014750113
0.0
-0.0014703316
-0.001467992
-0.0014656524
-0.001463313
0.0
0.0
0.0
0.0
-0.0014516183
-0.0014492797
0.0
0.0014446034
0.0
0.0
0.0
0.0
0.0
0.0014305791
0.0014282425
0.0
0.0
-0.0014212341
0.0
0.0
0.0
0.0
-0.0014095583
-0.001407224
0.0
-0.0014025561
-0.0014002225
0.0
-0.0013955565
-0.0013932239
0.0
0.0
0.0
0.0
0.0
-0.0013792351
-0.0013769048
-0.0013745748
-0.0013722453
-0.001369916
-0.0013675871
0.0
-0.0013629305
-0.0013606028
0.0
-0.0013559485
0.0
0.0
-0.0013489701
-0.0013466448
0.0
0.0
0.0
0.0
0.0013350247
0.0
0.0
0.0
-0.0013257368
0.0013234159
0.0
0.0013187756
0.0013164562
-0.0013141374
0.0
0.0
0.0
0.0
0.0013025504
0.0
0.0
0.0
0.0
0.0
0.0012886636
0.001286351
0.001284039
0.0
0.0
0.0
-0.0012747968
-0.0012724877
0.0
0.0
0.001265564
0.0012632573
0.0
0.0
0.0012563411
0.0
0.0
-0.0012494305
0.0
0.0
0.0012425258
0.0
0.0
0.0
0.0
0.0012310314
0.0
0.0012264384
0.001224143
-0.0012218483
0.0
0.001217261
0.0
0.0
0.0012103856
0.0024161905
0.0012058056
0.0
0.0
0.0011989414
0.0011966549
0.0
0.0011920842
-0.0011898
0.0011875165
0.0
0.0
0.0
0.0
0.0011761115
0.001173833
0.0011715553
0.0
0.0
0.0
0.0
0.0
0.0
0.0
0.0
0.0
0.0
0.0
0.0
0.0
-0.0011397572
-0.0011374926
0.0
0.0011329661
0.0011307042
0.0
0.0
0.0
-0.001121666
0.0
-0.0011171526
0.0
0.0
0.0
-0.0011081374
0.0
0.0
-0.0011013864
0.0010991379
0.0
0.0
-0.0010923989
0.0
0.0
0.001085669
0.0010834278
0.0
0.0
0.0
0.0
-0.0010722374
0.0
0.0
0.0010655359
-0.0010633043
0.0
0.0010588443
0.0
0.0
0.0
0.0
0.0
0.0
-0.001043269
-0.0010410484
-0.001038829
-0.0010366108
0.0
0.0
0.0
0.0
0.0
0.0
0.0010211156
0.0
0.0
0.0
0.0
0.0
-0.0010078803
0.0
0.0
0.0
0.0
0.0
0.0
9.924946E-4
9.903017E-4
0.0
0.0
-9.837304E-4
0.0
0.0
9.771707E-4
0.0
0.0
0.0
9.684423E-4
9.6626347E-4
0.0
9.619098E-4
9.59735E-4
0.0
0.0
0.0
0.0
9.4888086E-4
0.0
0.0
9.423847E-4
0.0
9.3806075E-4
0.0
9.337423E-4
9.315852E-4
0.0
0.0
-9.251223E-4
-9.229708E-4
0.0
0.0
-9.165249E-4
-9.143791E-4
-9.1223477E-4
0.0
0.0
0.0
0.0
0.0
0.0
0.0
0.0
0.0
0.0
0.0
0.0
0.0
0.0
-8.802459E-4
0.0
0.0
0.0
-8.717726E-4
-8.696581E-4
0.0
0.0
0.0
0.0
-8.591089E-4
-8.570038E-4
-8.549002E-4
-8.527982E-4
-8.506978E-4
0.0
0.0
-8.4440614E-4
-8.423121E-4
-8.402197E-4
-8.3812897E-4
-8.360398E-4
-8.339522E-4
0.0
-8.29782E-4
-8.276994E-4
-8.2561834E-4
-8.23539E-4
-8.214613E-4
-8.193853E-4
-8.173109E-4
-8.1523816E-4
0.0
0.0
0.0
8.069641E-4
0.0
8.028372E-4
8.007763E-4
0.0
0.0
0.0
0.0
0.0
0.0
0.0
0.0
-7.8230567E-4
-7.8026205E-4
-7.782202E-4
-7.7618007E-4
0.0
-7.7210524E-4
-7.700704E-4
-7.6803745E-4
-7.660062E-4
0.0
0.0
-7.599233E-4
0.0
0.0
0.0
0.0
7.4982125E-4
7.4780633E-4
0.0
0.0
7.4177247E-4
0.0
0.0
0.0
0.0
0.0
-7.297548E-4
0.0
0.0
0.0
7.2178047E-4
0.0
0.0
0.0
0.0
7.1185513E-4
0.0
7.078984E-4
7.059229E-4
0.0014078987
0.0014039555
0.0
6.980403E-4
0.0
0.0
0.0
0.0
0.0
0.0
0.0
0.0
0.0
0.0
0.0
0.0
0.0
0.0
0.0
0.0
6.6489074E-4
6.6295883E-4
0.0
0.0
0.0
0.0
0.0
0.0
0.0
6.4757676E-4
6.4566324E-4
6.437518E-4
0.0
0.0
0.0
6.361269E-4
6.342259E-4
0.0
0.0
0.0
0.0
6.247525E-4
0.0
0.0
0.0
0.0
6.153321E-4
6.1345444E-4
0.0
0.0
0.0
0.0
0.0
0.0
0.0
0.0
0.0
0.0
0.0
-0.0011821826
0.0
0.0
0.0
0.0
0.0
0.0
0.0
0.0
0.0
0.0
0.0011417399
0.0
0.0
0.0
0.0
0.0
0.0
0.0
0.0
0.0
0.0
0.0
0.0
0.0
0.0
0.0
0.0
0.0
0.0
0.0
0.0
0.0
0.0
0.0
0.0
0.0
-5.241658E-4
0.0
-5.206383E-4
0.0
0.0
0.0
0.0
0.0
0.0
0.0
0.0
0.0
0.0
5.0140696E-4
0.0
4.9794157E-4
4.962125E-4
0.0
0.0
0.0
0.0
0.0
0.0
0.0
0.0
0.0
0.0
4.7735355E-4
4.7565385E-4
0.0
0.0
0.0
4.6887973E-4
0.0
9.310152E-4
4.6382527E-4
4.6214546E-4
4.6046812E-4
0.0
4.57121E-4
0.0
4.5378396E-4
0.0
4.50457E-4
4.4879733E-4
0.0
4.4548558E-4
4.4383353E-4
0.0
0.0
0.0
0.0
0.0
0.0
0.0
0.0
0.0
0.0
0.0
-4.242086E-4
0.0
0.0
0.0
0.0
4.161414E-4
0.0
0.0
4.113324E-4
0.0
0.0
0.0
4.0495716E-4
4.0336995E-4
4.0178536E-4
4.0020343E-4
0.0
3.9704752E-4
3.9547356E-4
3.9390224E-4
3.923336E-4
0.0
0.0
3.876437E-4
3.8608574E-4
3.845305E-4
3.8297792E-4
3.8142802E-4
0.0
0.0
0.0
3.7525545E-4
3.737191E-4
3.721854E-4
3.7065445E-4
3.6912624E-4
0.0
0.0
3.645579E-4
0.0
3.61526E-4
3.6001418E-4
0.0
0.0
0.0
3.539943E-4
0.0
0.0
3.495084E-4
6.960372E-4
3.465316E-4
3.450474E-4
6.8713183E-4
0.0
3.4061138E-4
0.0
0.0
3.3620052E-4
0.0
3.3327393E-4
3.3181484E-4
-3.3035857E-4
0.0
0.0
0.0
0.0
0.0
3.2168019E-4
0.0
-3.1881002E-4
0.0
3.1595124E-4
3.145261E-4
0.0
3.1168445E-4
0.0
0.0
6.148867E-4
0.0
0.0
-3.032281E-4
0.0
0.0
0.0
0.0
0.0
2.9487538E-4
0.0
0.0
0.0
2.8936483E-4
2.8799445E-4
0.0
-2.8526245E-4
-5.678017E-4
-2.8254214E-4
-2.811864E-4
2.7983356E-4
2.7848364E-4
-2.7713669E-4
0.0
0.0
0.0
2.7177826E-4
2.7044603E-4
2.6911675E-4
2.6779043E-4
2.6646708E-4
0.0
2.6382925E-4
0.0
0.0
2.5989482E-4
2.585893E-4
2.5728677E-4
2.5598722E-4
2.5469068E-4
2.533971E-4
2.5210652E-4
-2.5081896E-4
0.0
0.0
2.4697426E-4
0.0
2.444262E-4
2.4315667E-4
2.4189017E-4
4.812534E-4
2.3936626E-4
4.7621765E-4
0.0
2.3560309E-4
0.0
0.0
0.0
0.0
0.0
-2.2815888E-4
0.0
0.0
0.0
0.0
0.0
0.0
0.0
2.1840447E-4
0.0
0.0
2.1479727E-4
0.0
0.0
0.0
0.0
0.0
0.0
0.0
2.0531412E-4
2.0414268E-4
0.0
2.0180915E-4
-2.0064706E-4
0.0
0.0
0.0
0.0
0.0
0.0
0.0
0.0
-1.9032898E-4
0.0
1.880706E-4
1.8694613E-4
0.0
-1.8470665E-4
0.0
-1.8247978E-4
0.0
0.0
1.7916324E-4
1.7806406E-4
0.0
0.0
1.7478557E-4
1.736991E-4
0.0
0.0
0.0
1.6938508E-4
0.0
1.6724721E-4
1.6618308E-4
1.6512215E-4
0.0
-1.630099E-4
0.0
-1.6091048E-4
0.0
0.0
0.0
-1.5675023E-4
-1.5571823E-4
0.0
0.0
0.0
0.0
-1.506066E-4
0.0
0.0
0.0
1.4657558E-4
-1.4557593E-4
0.0
0.0
0.0
0.0
1.4062651E-4
1.3964639E-4
0.0
0.0
0.0
0.0
0.0
1.3383434E-4
1.3287713E-4
0.0
0.0
0.0
0.0
0.0
0.0
-1.2626855E-4
0.0
1.2441001E-4
0.0
1.2256467E-4
0.0
0.0
1.19821445E-4
0.0
1.1800918E-4
0.0
1.1621017E-4
1.1531563E-4
-1.1442443E-4
1.13536546E-4
-1.12651986E-4
0.0
0.0
0.0
0.0
0.0
-1.0741457E-4
-2.1310669E-4
1.0569546E-4
0.0
0.0
0.0
-1.02297374E-4
0.0
0.0
0.0
0.0
0.0
-9.7300835E-5
0.0
0.0
0.0
-9.403705E-5
0.0
0.0
0.0
-9.08272E-5
0.0
0.0
-8.845529E-5
0.0
0.0
0.0
0.0
8.4569794E-5
0.0
0.0
8.2279206E-5
-8.152247E-5
0.0
-8.001921E-5
0.0
0.0
0.0
0.0
0.0
0.0
-7.486509E-5
0.0
0.0
-7.270739E-5
0.0
0.0
0.0
6.987837E-5
6.917968E-5
0.0
0.0
0.0
0.0
0.0
-6.505961E-5
0.0
0.0
0.0
0.0
0.0
0.0
6.0409377E-5
0.0
0.0
0.0
0.0
0.0
0.0
1.11856396E-4
0.0
0.0
0.0
0.0
0.0
0.0
0.0
0.0
-5.041592E-5
0.0
9.8458295E-5
0.0
0.0
0.0
0.0
0.0
0.0
0.0
-4.4621214E-5
0.0
0.0
-4.295074E-5
0.0
0.0
0.0
0.0
8.0472935E-5
0.0
-7.8350466E-5
0.0
0.0
0.0
0.0
-3.658342E-5
-3.6075573E-5
-3.5571233E-5
0.0
-3.4573077E-5
0.0
-3.3588964E-5
0.0
-3.2618907E-5
-3.2139153E-5
0.0
0.0
0.0
-3.0255305E-5
0.0
0.0
-2.887939E-5
0.0
-5.5959466E-5
-2.7535194E-5
-2.7094182E-5
0.0
0.0
0.0
0.0
0.0
-4.90445E-5
-4.821192E-5
-4.7386413E-5
0.0
0.0
0.0
0.0
-4.3365006E-5
0.0
0.0
-4.103714E-5
0.0
0.0
-1.9386534E-5
0.0
0.0
0.0
0.0
0.0
-1.7218248E-5
0.0
0.0
-1.6182044E-5
-1.584375E-5
-1.5509011E-5
0.0
0.0
-1.4526133E-5
0.0
-1.3888671E-5
-1.3575279E-5
0.0
-2.5918354E-5
0.0
0.0
0.0
0.0
0.0
0.0
-2.1830114E-5
-2.1274604E-5
0.0
-1.0092493E-5
0.0
-9.561959E-6
-1.8604092E-5
0.0
-8.792934E-6
0.0
0.0
0.0
0.0
0.0
0.0
0.0
0.0
0.0
0.0
0.0
-6.0384377E-6
0.0
0.0
0.0
0.0
-5.0427525E-6
0.0
0.0
4.4883036E-6
0.0
0.0
0.0
0.0
3.635865E-6
0.0
0.0
3.1674044E-6
3.0184206E-6
2.8730217E-6
2.7312085E-6
0.0
0.0
2.3272864E-6
0.0
0.0
0.0
0.0
1.725825E-6
0.0
0.0
0.0
-1.3092442E-6
0.0
-1.1224888E-6
0.0
0.0
0.0
0.0
0.0
-6.483831E-7
0.0
0.0
-4.598047E-7
0.0
0.0
0.0
0.0
2.1733533E-7
0.0
0.0
0.0
-8.801307E-8
0.0
0.0
0.0
1.6165792E-8
0.0
0.0
0.0
