0.1948965
0.4942517
0.7466738
1.0155023
2.5256593
2.4254117
2.6087112
3.179804
5.240567
7.468007
7.686291
5.5394044
6.6508417
8.273479
28.072062
33.187572
12.904024
8.011444
8.146546
10.0351515
12.172672
10.385464
8.909282
6.0100465
2.3561041
5.6682353
4.486122
4.50091
2.336121
5.0932302
3.0321186
1.2329807
1.1135474
2.4654129
2.632659
3.4797208
4.097006
4.8350825
1.2247051
2.1404543
3.5182996
1.3012004
2.684059
2.305168
0.673334
1.6710941
1.9473863
0.5759367
0.68188745
0.1688266
0.43112516
0.250743
0.21087132
0.52770877
0.124282815
0.23011321
0.46430114
0.44356847
0.25905463
0.30908537
0.25275603
0.29269022
0.16761474
0.111682095
0.22303276
0.53877974
0.5322996
0.50781125
0.32474774
0.17180312
0.30400473
0.23639362
0.076792896
0.31818193
0.41771933
0.312961
0.17523636
0.19082874
0.19362651
0.35309118
0.29704326
0.2383503
0.36831763
0.49734148
0.43464506
0.15892911
0.1859723
0.066862024
0.14615521
0.12359446
0.22866274
0.356696
0.23627558
0.15660734
0.19019286
0.24413286
0.3841142
0.3596679
0.27775702
0.14437924
0.30149207
0.34899145
0.11352443
0.23576342
0.12873697
0.27316946
0.1431709
0.3728412
0.2739204
0.08703812
0.01912341
0.25591365
0.31675303
0.27124083
0.119018346
0.30333856
0.32959518
0.28143692
0.21761882
0.23188661
0.2650895
0.24050842
0.28944507
0.24926533
0.045795612
0.0340015
0.23184344
0.24382782
0.20559411
0.19949126
0.057985194
0.13505234
0.27385175
0.09978552
0.18050238
0.19961794
0.30739528
0.13986549
0.102614254
0.039283313
0.09042743
0.19073014
0.21739827
0.19815443
0.06472936
0.14010449
0.1827491
0.06702061
0.15153919
0.08209233
0.10928354
0.21089274
0.15569912
0.093751594
0.13789156
0.17291617
0.09616417
0.06545389
0.14082827
0.14836635
0.10058499
0.29317975
0.3143513
0.026096016
0.14807053
0.18792102
0.05415065
0.025904551
0.101170555
0.15550411
0.19541001
0.217858
0.15221088
0.119292155
0.096213326
0.03369827
0.077125706
0.014403345
0.05663356
0.221156
0.2145208
0.13560344
0.15040886
0.21218078
0.23222664
0.20344467
0.10653433
0.10754772
0.14655513
0.13778014
0.06468274
0.031486925
0.1193723
0.09955356
0.08124655
0.13962269
0.078671165
0.04199474
0.12138348
0.14675649
0.20926678
0.13475077
0.1263063
0.199682
0.16052094
0.15379395
0.15217534
0.10120387
0.11543178
0.14785226
0.051576063
0.038136963
0.042861965
0.04522427
0.18182543
0.28521368
0.20553665
0.11972601
0.07038149
0.0774976
0.08536894
0.09493145
0.19149975
0.16005804
0.0647605
0.046462342
0.07093648
0.06761795
0.10572414
0.13541752
0.037100732
0.059346136
0.09287499
0.103604585
0.098012015
0.07416239
0.07194988
0.14151822
0.090739705
0.0959153
0.09561751
0.070518784
0.1626978
0.16362265
0.062013306
0.07723487
0.071200624
0.07033326
0.0433964
0.082408205
0.14756548
0.14272101
0.048315633
0.110092916
0.11213247
0.16526753
0.22327659
0.19859545
0.18268292
0.12061496
0.032786142
0.048024688
0.107580006
0.095918015
0.043544702
0.08600831
0.18206316
0.05736023
0.14190057
0.081788726
0.07926548
0.10179105
0.05185978
0.04183427
0.05352843
0.08741524
0.108553246
0.053328678
0.10629615
0.1610926
0.32351416
0.27114475
0.34014034
0.27275872
0.08922347
0.08523177
0.11566141
0.12684941
0.09773701
0.06449836
0.050456714
0.072443746
0.08704169
0.042940907
0.12492
0.07502648
0.059879407
0.13412492
0.13615923
0.1505423
0.13157396
0.13609654
0.17741102
0.15511854
0.13452113
0.05541787
0.06048842
0.055179838
0.08061549
0.14770104
0.121884465
0.095374726
0.05878422
0.071977034
0.17061453
0.109220505
0.123650394
0.14235635
0.022525871
0.13554356
0.12155699
0.12805015
0.07207817
0.047377765
0.0445755
0.083913356
0.14367227
0.16544323
0.0352479
0.13725102
0.17634267
0.06341032
0.07077954
0.13709271
0.11105499
0.11793828
0.22018194
0.2366762
0.17906184
0.11281262
0.07822023
0.12096681
0.1180623
0.11533472
0.0604676
0.082215376
0.1453487
0.1293863
0.1742318
0.1188
0.11902448
0.24385913
0.10605335
0.12324891
0.16444555
0.14372323
0.078269646
0.057916675
0.14805907
0.16970134
0.07590447
0.07612665
0.053540666
0.041473333
0.10621765
0.2043289
0.1969737
0.10291764
0.12221016
0.11919411
0.07057789
0.11518688
0.2012687
0.09375364
0.17005092
0.21822032
0.09938196
0.06980061
0.07435892
0.059465997
0.09083768
0.113683894
0.068480454
0.1954963
0.16917348
0.255149
0.12888616
0.069714814
0.1778356
0.12518881
0.22424653
0.12379812
0.073080026
0.059824906
0.025958637
0.030785104
0.038069025
0.098860465
0.13907923
0.12112901
0.041782353
0.14537017
0.19586703
0.23268947
0.07904506
0.11512158
0.15810311
0.15595292
0.12937737
0.020662721
0.08146888
0.11888256
0.08608378
0.09786655
0.08553816
0.066137075
0.09909593
0.06079178
0.06850938
0.05127732
0.09921712
0.1325839
0.08867866
0.114759795
0.17544916
0.13265656
0.04955517
0.0181138
0.07201071
0.086819366
0.119011134
0.1302553
0.14863989
0.21331546
0.26189524
0.15047105
0.046715733
0.05584355
0.11875784
0.042879738
0.10861963
0.086172245
0.020417504
0.102449834
0.09233489
0.07704113
0.047640666
0.1641177
0.1710606
0.1555194
0.103992306
0.07892437
0.14877751
0.15005471
0.08177374
0.017920101
0.10732787
0.06993023
0.05428771
0.15227039
0.12475092
0.011473078
0.04619717
0.020945884
0.02888973
0.022475187
0.11402308
0.24979444
0.21582067
0.031437445
0.09375345
0.13311954
0.12161559
0.1599496
0.15013029
0.1071396
0.12463474
0.11064055
0.01903472
0.09826449
0.08440463
0.05685173
0.2025619
0.15735698
0.03861007
0.07350427
0.018805563
0.032262303
0.0786361
0.08032985
0.0634465
0.07019255
0.09618512
0.08238668
0.09918027
0.086338356
0.094853655
0.080445535
0.04679327
0.102574155
0.07045125
0.063569546
0.07230585
0.06441465
0.055232916
0.08996697
0.087819465
0.05445863
0.050698042
0.0798608
0.126768
0.036581624
0.14681979
0.12253006
0.10654843
0.05220582
0.11153884
0.10222178
0.124952406
0.099430166
0.012882193
0.1664099
0.3028471
0.2930812
0.08639751
0.014521123
0.12762362
0.157336
0.051969044
0.056414053
0.0664064
0.04023552
0.0713915
0.061231133
0.08934089
0.16979136
0.15547353
0.038545035
0.10851811
0.06294291
0.069768846
0.15218592
0.20376751
0.0850842
0.0945128
0.083761185
0.0669154
0.028016267
0.1925009
0.2261333
0.02968725
0.11787635
0.16244502
0.16566956
0.0923184
0.13898672
0.22324052
0.12676407
0.07442278
0.15963796
0.17570281
0.10822733
0.07925721
0.10778829
0.087810546
0.13448662
0.010316964
0.1287956
0.106699586
0.15955465
0.22481403
0.1478011
0.15014908
0.24396442
0.06608811
0.20705101
0.096945755
0.20937373
0.15717617
0.09706186
0.08858648
0.1825257
0.044270553
0.06901233
0.2351956
0.16378488
0.1335407
0.05421991
0.12280968
0.077042885
0.105618216
0.14137837
0.094311625
0.14270148
0.091001146
0.028526157
0.14403923
0.085477486
0.06337842
0.058141112
0.248294
0.22006533
0.13772887
0.30766073
0.48293507
0.47135088
0.15489103
0.21801366
0.15227717
0.37026152
0.06755516
0.2600127
0.18631333
0.23288292
0.12292743
0.10252779
0.2909139
0.24884124
0.042073745
0.272339
0.26290426
0.17142946
0.35755062
0.23157628
0.14181438
0.32684952
0.10518226
0.28164488
0.20823558
0.10931601
0.21784852
0.20962282
0.3560642
0.5330688
0.13175093
0.21974063
0.074415095
0.20590703
0.38464093
0.0494608
0.38846326
0.07356773
0.22677256
0.07792493
0.43648684
0.6397912
0.38288584
0.08748691
0.18141317
0.14318654
0.43477663
0.4005975
0.17325674
0.10675351
0.20537683
0.10646067
0.10255129
0.06399041
0.14416534
0.23791005
0.36918673
0.18872464
0.16927312
0.34524006
0.25549987
0.23579463
0.35203534
0.2533258
0.09328587
0.1600763
0.21269475
0.29314244
0.35025227
0.3504204
0.16995257
0.15011817
0.37768963
0.26852226
0.07190581
0.23183449
0.12625934
0.2647322
0.30282128
0.023764
0.106784046
0.16208068
0.20028749
0.20223841
0.12525392
0.29521927
0.12206767
0.15478536
0.2887293
0.25420696
0.19011354
0.17225336
0.073755674
0.11897099
0.14419755
0.28781816
0.28797883
0.08312863
0.105591305
0.16220334
0.17613743
0.056663
0.10885535
0.06140926
0.05897179
0.13919201
0.20537697
0.1686761
0.13363306
0.086727634
0.12414441
0.17999919
0.058854673
0.12310002
0.08647109
0.18125767
0.10139385
0.14948897
0.07798588
0.107707694
0.08973487
0.1502235
0.2075565
0.09192425
0.16075216
0.15402801
0.10058187
0.06992059
0.06401869
0.012171338
0.042512517
0.17405207
0.13608553
0.088480756
0.10160177
0.10009607
0.16243768
0.20148806
0.060255032
0.105078876
0.027268479
0.15343279
0.12938839
0.21378998
0.16129966
0.07990235
0.2030693
0.17131159
0.07870143
0.039749462
0.081762485
0.08793415
0.1624291
0.30028358
0.2725718
0.17188193
0.094090946
0.096377455
0.047062855
0.029378178
0.03072308
0.05245267
0.0328742
0.111750305
0.13979927
0.1212243
0.026547922
0.027406495
0.17002523
0.1408558
0.06556372
0.14206186
0.05555654
0.024029134
0.12927711
0.24530216
0.2577152
0.17555282
0.07782708
0.046782747
0.089122504
0.057185024
0.021918979
0.06645543
0.049030486
0.0880174
0.06925266
0.12977673
0.06757176
0.051697947
0.05938224
0.03714335
0.05359355
0.10438922
0.11745026
0.077774055
0.073109075
0.03561473
0.11467676
0.11079526
0.0896067
0.085060135
0.086486906
0.048881695
0.12384422
0.11984019
0.062051836
0.04349587
0.03989501
0.097494036
0.105541825
0.055599477
0.067652985
0.08389076
0.090185545
0.033010367
0.06991678
0.112631604
0.121415704
0.10607392
0.11500053
0.04267268
0.037830483
0.039879356
0.07581224
0.057048462
0.09207328
0.17347105
0.14313382
0.10876835
0.035033636
0.031887233
0.008080955
0.11945925
0.14847805
0.12476497
0.05542383
0.07737003
0.09054408
0.15721136
0.045796208
0.035505615
0.1432739
0.17323884
0.09044042
0.10472131
0.09947943
0.088939846
0.052607886
0.13111773
0.18546724
0.119860865
0.065063074
0.030646943
0.023496328
0.036924887
0.11618099
0.12211414
0.009903606
0.0992922
0.113496974
0.06685547
0.1220129
0.047393613
0.034904364
0.093217604
0.087457456
0.07672931
0.16684201
0.16048129
0.1516904
0.100542754
0.058241747
0.044868372
0.028417636
0.024015918
0.08685132
0.06310744
0.07003992
0.09970399
0.03703855
0.044892233
0.059704773
0.08026181
0.13995531
0.16366524
0.08708315
0.066948384
0.006743032
0.025243267
0.030015673
0.047819637
0.14120619
0.11376734
0.011583496
0.056134522
0.026777036
0.079389796
0.076126
0.052553225
0.17000036
0.21190776
0.09383299
0.04520544
0.047964532
0.03218183
0.02753783
0.034251224
0.041939218
0.043880906
0.072057225
0.117313616
0.06206825
0.0426037
0.071558915
0.042603143
0.02054763
0.02732459
0.022027917
0.058429662
0.07194322
0.14615838
0.05847776
0.059639577
0.053370986
0.10643072
0.08193749
0.14715052
0.10209406
0.023309145
0.07798216
0.09076857
0.04397862
0.028253596
0.049398437
0.09104396
0.059571315
0.039101757
0.030833364
0.052771658
0.09615426
0.15207312
0.18488154
0.11471274
0.06027773
0.0935922
0.08020722
0.052559465
0.078818284
0.10440209
0.17503649
0.17454278
0.14439955
0.10273185
0.019618556
0.07098225
0.09535694
0.0556422
0.005341025
0.058139652
0.08362566
0.10632686
0.104454145
0.04875235
0.0050408486
0.044894323
0.015961988
0.036629155
0.048433527
0.099338494
0.114483565
0.04128008
0.0064964946
0.048531283
0.08080913
0.04031954
0.02936862
0.079934135
0.103828184
0.06171333
0.018845463
0.041297406
0.1550027
0.09596462
0.064876035
0.04456539
0.069313236
0.034883734
0.033616763
0.057134118
0.08161707
0.027871383
0.10052685
0.11754167
0.092040144
0.07830007
0.11930483
0.11128202
0.1382211
0.07753524
0.16187108
0.1073218
0.12036331
0.13258104
0.028038967
0.07583679
0.05781258
0.07461394
0.16826066
0.10084018
0.022256335
0.06198797
0.045004766
0.05544009
0.08987837
0.031857323
0.120098464
0.0981042
0.10584205
0.12985493
0.13142575
0.07226936
0.036504794
0.016800689
0.11017865
0.071994044
0.0821656
0.05446897
0.04346997
0.07264579
0.13723078
0.15093322
0.035696022
0.009358948
0.096412554
0.0631692
0.037297674
0.02340156
0.107940875
0.17300338
0.13915625
0.07049551
0.076750234
0.07166351
0.06603562
0.057246264
0.1161392
0.11999622
0.10923207
0.067046605
0.0335107
0.05969895
0.12451022
0.08498269
0.1159629
0.08295128
0.061422165
0.050831437
0.012050032
0.038786605
0.123829454
0.1410047
0.14229397
0.07925427
0.072209716
0.048747253
0.073431835
0.06753351
0.09790639
0.09938012
0.04864779
0.034316767
0.03997943
0.009990506
0.10265534
0.11935547
0.05961733
0.1244446
0.10863525
0.06028038
0.06902064
0.033453695
0.04871649
0.118425004
0.103670456
0.070780456
0.1104078
0.020439992
0.08791414
0.07182901
0.09373349
0.08608347
0.13348876
0.08715852
0.06329671
0.044020806
0.062470388
0.06077799
0.07485352
0.08272101
0.022294084
0.0061751795
0.034026813
0.032461703
0.13162328
0.115125716
0.075139515
0.015862359
0.03789872
0.024132118
0.03025612
0.07571705
0.054610085
0.06051443
0.13524905
0.13801426
0.03330623
0.049487136
0.03333969
0.054229543
0.055714175
0.026224516
0.04998625
0.12359532
0.14817786
0.092571974
0.06560526
0.11229712
0.033543997
0.023783777
0.023336563
0.0047290158
0.02230249
0.035105705
0.04952719
0.026406705
0.07550268
0.06789773
0.03553845
0.03334488
0.054049905
0.064466655
0.1264428
0.11691889
0.06195421
0.09469416
0.10529676
0.12364463
0.14010642
0.10794364
0.022164106
0.08924413
0.0442119
0.13407022
0.18906398
0.14138003
0.053792015
0.107750535
0.18341817
0.2169148
0.13888006
0.08439369
0.11362951
0.11966769
0.040267374
0.08233002
0.0662709
0.10805941
0.15286505
0.17435691
0.1670508
0.123457335
0.1049225
0.124744445
0.09373039
0.094640255
0.104290925
0.06084134
0.072956346
0.117340066
0.09047313
0.04063603
0.020151414
0.018489193
0.0805546
0.10607992
0.0728898
0.122759715
0.050547097
0.013207187
0.07531283
0.1811638
0.12179921
0.046059567
0.08305492
0.07604754
0.03322654
0.060782112
0.069425404
0.14969905
0.122817464
0.036318436
0.0689708
0.06382255
0.073402576
0.071531475
0.09750577
0.05761704
0.0726569
0.029010216
0.05828986
0.071622744
0.107177794
0.043848515
0.048623905
0.07684478
0.11211856
0.13374135
0.055281337
0.11876333
0.09847476
0.058938928
0.08767697
0.045811124
0.07589616
0.047098387
0.07570136
0.08905798
0.118267
0.13635612
0.09827032
0.08619624
0.08439678
0.11159473
0.09980771
0.07456916
0.17373319
0.08909107
0.06567072
0.050827824
0.039302506
0.057934336
0.01078661
0.07531021
0.09353032
0.015611187
0.07000574
0.111798674
0.06287744
0.1265121
0.058729127
0.124995
0.095193185
0.10262044
0.10399997
0.05892659
0.07256957
0.110172
0.1636479
0.13123636
0.10958428
0.14158295
0.09107825
0.08256001
0.086002074
0.04298373
0.121829964
0.110169984
0.035903104
0.026950737
0.023509724
0.040869094
0.08455034
0.1864459
0.24928121
0.17900857
0.080803595
0.100977235
0.12944871
0.11870247
0.12612323
0.10538236
0.064669564
0.057515286
0.13884486
0.057053037
0.14819077
0.081311405
0.07182148
0.059872143
0.06468127
0.08926485
0.0778248
0.052619908
0.03033586
0.03707722
0.08993121
0.08801443
0.08007314
0.08839632
0.026807575
0.033343226
0.10530319
0.112222984
0.10572966
0.21180327
0.18267874
0.12096736
0.12809135
0.11577415
0.10933973
0.054887492
0.08467114
0.050640475
0.068757914
0.07383805
0.041579776
0.11744306
0.15385377
0.095992975
0.0129111465
0.07468442
0.14687607
0.13838804
0.056312483
0.06657798
0.13332197
0.21366991
0.26274452
0.26581582
0.15421723
0.056703284
0.040128827
0.044429515
0.08899396
0.18357041
0.118080385
0.07327529
0.0638369
0.044619087
0.08413151
0.18269202
0.1181521
0.058292635
0.123377636
0.07873234
0.06395616
0.14347914
0.056990083
0.20251219
0.26240963
0.123360716
0.111466095
0.09333072
0.058744546
0.059298195
0.122868046
0.013477434
0.14633128
0.14417176
0.031729102
0.06631223
0.17996518
0.16194983
0.0779367
0.17135406
0.086709216
0.03970628
0.14550987
0.0956943
0.089800015
0.04516708
0.07186935
0.09150592
0.07814909
0.09694305
0.13042034
0.23949754
0.28679866
0.16627918
0.04020609
0.06434225
0.07453373
0.054726098
0.09938636
0.15561312
0.2117075
0.22176184
0.20836706
0.12164585
0.14971623
0.09382601
0.15698268
0.13351506
0.16396147
0.21140064
0.1342815
0.13707736
0.14775023
0.111880474
0.13148533
0.2537101
0.2371719
0.11211152
0.013593313
0.06670529
0.08809369
0.13973609
0.06973639
0.1052716
0.052318245
0.051846478
0.12946978
0.06857723
0.14718625
0.18592797
0.19797131
0.09352287
0.18676265
0.153121
0.118877634
0.038979784
0.23299934
0.15727097
0.10847491
0.034274757
0.13308164
0.107307196
0.08537046
0.27516738
0.10933689
0.06432867
0.1113608
0.14537427
0.16695015
0.15386206
0.19752708
0.08478096
0.26819393
0.30471715
0.022889882
0.1572924
0.091684155
0.0718099
0.027649172
0.116160065
0.14000385
0.2255078
0.22900613
0.06917109
0.09541807
0.17153981
0.13097598
0.17559935
0.19097589
0.4878484
0.20148243
0.0246048
0.2509963
0.3358891
0.31648844
0.41148594
0.29270506
0.1846728
0.20098811
0.026695255
0.22388075
0.3506326
0.1611004
0.10428864
0.31862232
0.30878153
0.14353427
0.14579134
0.047622856
0.076172285
0.0274896
0.11822286
0.18933699
0.06131458
0.08128301
0.10109117
0.24999864
0.057890482
0.21724056
0.05630136
0.23919003
0.11109142
0.008028568
0.16698758
0.13453963
0.12112139
0.19336455
0.14838338
0.054853197
0.03229141
0.15407144
0.24635214
0.13842984
0.095787674
0.21226037
0.14508724
0.10764852
0.087821975
0.18914767
0.26367122
0.18959293
0.12890033
0.046018224
0.1450521
0.2682952
0.40290385
0.1599598
0.0762097
0.121836066
0.09215056
0.111114524
0.21623036
0.1285214
0.16958976
0.20847182
0.087465
0.1663296
0.1107641
0.0901448
0.21130471
0.19297154
0.061527018
0.038044088
0.20853841
0.22903189
0.095943555
0.13356346
0.1427197
0.2237017
0.15663873
0.0342872
0.038698174
0.018999912
0.11834801
0.1313005
0.057423424
0.16549869
0.012412729
0.19719946
0.1661446
0.036118504
0.13888331
0.21153039
0.13822496
0.074238375
0.06987625
0.14741436
0.09614196
0.04193349
0.092312634
0.14424121
0.11639367
0.16095209
0.17174709
0.13108897
0.12687705
0.16205189
0.17319179
0.12001943
0.062277816
0.047141977
0.1070362
0.14568126
0.1798451
0.18824388
0.053941857
0.12896474
0.10395958
0.2773433
0.13097356
0.09364901
0.0833876
0.004793667
0.077336594
0.13903314
0.19513594
0.13495964
0.12386395
0.1526182
0.16774024
0.051245112
0.08637584
0.10414796
0.122360766
0.053718172
0.13269958
0.040948443
0.050262433
0.08456471
0.09860566
0.028622536
0.028423803
0.051255565
0.06802639
0.058693055
0.06318063
0.03982341
0.012195048
0.089368716
0.05869171
0.06326483
0.06798438
0.054755792
0.011843118
0.035664786
0.06359642
0.09112856
0.12775788
0.124771245
0.087930016
0.053683452
0.07185377
0.03896292
0.03896646
0.02341119
0.04374446
0.044420276
0.11730772
0.099306434
0.057878245
0.063276775
0.03170016
0.08071547
0.06445307
0.047341146
0.037647653
0.014768271
0.03541759
0.015192447
0.050471533
0.02726486
0.0047864136
0.0642962
0.0422126
0.025635324
0.060366035
0.09676601
0.09616112
0.06428839
0.016176917
0.050747093
0.042327963
0.037409622
0.072426826
0.08968001
0.045723252
0.08929465
0.11637504
0.110792644
0.04095924
0.013968409
0.09885733
0.15346569
0.074891865
0.06764814
0.07484703
0.0073811477
0.023456106
0.024491003
0.050637554
0.08013341
0.020329755
0.060164325
0.04964947
0.05570353
0.049545866
0.020352382
0.028398987
0.09049806
0.0738949
0.1271354
0.11420822
0.052535627
0.029714013
0.040076822
0.021458486
0.023890551
0.026034318
0.107958086
0.15793118
0.1421257
0.100840315
0.054849662
0.026399303
0.076067775
0.05317752
0.0516832
0.05180889
0.07134239
0.04260785
0.095106795
0.058789324
0.122308195
0.061901707
0.08559483
0.12084848
0.112862945
0.045634177
0.10338892
0.09123281
0.057299424
0.04324751
0.031742506
0.07919998
0.15400152
0.10508165
0.025030004
0.080541685
0.10531109
0.123164274
0.1030381
0.019356778
0.089643836
0.043793723
0.036624856
0.012372358
0.11331952
0.11489047
0.034166947
0.11781221
0.09968108
0.07295344
0.07587594
0.09940947
0.119713694
0.054177847
0.1066673
0.108318605
0.06780919
0.0312607
0.1505351
0.11924418
0.06096378
0.0986429
0.03336628
0.06883722
0.046171483
0.05951725
0.06956134
0.03296092
0.10379938
0.05240409
0.040810227
0.06812558
0.09283205
0.10414219
0.033077326
0.051029727
0.09330629
0.10579721
0.07416914
0.072368324
0.05014732
0.054666128
0.11947565
0.115530856
0.08741363
0.112454355
0.05051622
0.089046046
0.05579237
0.04847644
0.07392744
0.089396134
0.026827894
0.04556679
0.021716123
0.074204795
0.047293846
0.050784454
0.08061286
0.05226657
0.014385521
0.04992494
0.129376
0.18039261
0.15326361
0.09859699
0.042798124
0.047408957
0.052273918
0.04411291
0.017680163
0.033862505
0.05560717
0.11052333
0.12928864
0.11901064
0.11782605
0.14440009
0.1431388
0.072122954
0.04791353
0.0756814
0.028945964
0.03307093
0.025848836
0.07796208
0.06484014
0.041252673
0.015587214
0.029187605
0.05908565
0.09294471
0.15659466
0.17409995
0.11142188
0.047137972
0.05942312
0.052151624
0.056883775
0.056476515
0.062809706
0.03303114
0.052106865
0.015925331
0.09524767
0.04621231
0.08567495
0.06912881
0.10265209
0.10769022
0.062468138
0.063488275
0.083054215
0.06074085
0.0461658
0.11775174
0.072065964
0.029902391
0.085192055
0.15765117
0.055326633
0.03655644
0.076903686
0.025569566
0.10883431
0.105568014
0.084818915
0.092019364
0.057378512
0.04825191
0.060484447
0.015644548
0.05101312
0.12984776
0.15335308
0.063366644
0.08321236
0.1434343
0.12739909
0.057809357
0.014260665
0.08518354
0.10473206
0.08394956
0.06379803
0.0686658
0.13048448
0.1009198
0.043996915
0.023286607
0.009696581
0.056938574
0.12968226
0.15052974
0.047942504
0.11575974
0.068648234
0.035019863
0.05257302
0.05072375
0.07854823
0.09648947
0.06588358
0.040523127
0.07015301
0.068334594
0.098851174
0.09073277
0.027515044
0.06804988
0.06779667
0.029951755
0.07920781
0.041926216
0.044323858
0.06042129
0.04426051
0.043476123
0.030880732
0.02799283
0.019075539
0.05220571
0.034501586
0.044391014
0.062550224
0.041434158
0.028689554
0.06456662
0.084662326
0.03752219
0.050851423
0.021846244
0.0674283
0.07257235
0.038039412
0.04604041
0.021262333
0.07650254
0.11696503
0.12645647
0.040688813
0.123439774
0.10229107
0.020907843
0.019225314
0.0403548
0.05212518
0.036609326
0.08407814
0.06557729
0.051868904
0.03140521
0.05202545
0.040693518
0.008309284
0.049869884
0.0638486
0.035871983
0.0057788133
0.029846465
0.004539631
0.0532645
0.08502418
0.060357615
0.043470766
0.06510989
0.023555676
0.012783249
0.04145868
0.04343094
0.06720857
0.08556731
0.056554034
0.06332085
0.084431306
0.06782717
0.03491992
0.08188131
0.061814465
0.0141293835
0.014302195
0.025724193
0.020158265
0.009669532
0.018713363
0.060009375
0.041566473
0.02426616
0.012128888
0.02235459
0.060519647
0.07645868
0.03558824
0.040621776
0.03251957
0.042298414
0.0657973
0.02683542
0.07312504
0.07527962
0.046751097
0.042298336
0.024101403
0.025901698
0.019183787
0.025345322
0.055366796
0.03126392
0.0119256275
0.051560424
0.046568044
0.05088985
0.043863006
0.04935959
0.066468395
0.06182923
0.04670634
0.04430558
0.022195077
0.033287235
0.012796506
0.019899808
0.054871507
0.05035067
0.0200857
0.013577646
0.016594106
0.030961035
0.017154684
0.049281165
0.04735327
0.028399484
0.036843136
0.029018335
0.028419565
0.034788363
0.053554703
0.020333739
0.07224022
0.07243473
0.018055318
0.045970026
0.05809435
0.059900932
0.09545534
0.080921404
0.045362618
0.015614704
0.07774519
0.097157024
0.038676325
0.013289586
0.08417223
0.115138695
0.060396194
0.020836184
0.07088851
0.086735114
0.027198473
0.022588108
0.0024885307
0.0112993475
0.013162493
0.017246263
0.073987275
0.077327594
0.041468747
0.04882955
0.048829436
0.048829265
0.051880848
0.042725153
0.036621302
0.042724498
0.039672375
0.039671954
0.04272314
0.03356775
0.033567272
0.033566758
0.02746326
0.030514194
0.03051362
0.024410408
0.018307418
0.018307008
0.018306578
0.021357145
0.024407534
0.015254295
0.012203092
0.009152049
0.009151769
0.009151478
0.0030503923
0.0061005764
-0.0030501804
-0.006100138
-0.003049954
-0.0030498356
-0.006099427
-0.0060991757
-0.006098917
-0.0060986513
-0.009147568
-0.012196197
-0.009146717
-0.006097517
-0.01219443
-0.012193813
-0.012193182
-0.018288802
-0.012191875
-0.0182868
-0.021333395
-0.021332163
-0.021330908
-0.021329626
-0.02132832
-0.0243737
-0.024372151
-0.024370572
-0.030461207
-0.03350508
-0.027411371
-0.03350046
-0.030452812
-0.030450623
-0.03349324
-0.036535367
-0.03348823
-0.036529817
-0.03957089
-0.039567765
-0.04565146
-0.045647744
-0.048686914
-0.045640163
-0.04259387
-0.048674524
-0.048670277
-0.045624353
-0.04866162
-0.045616128
-0.045611937
-0.051688712
-0.048643615
-0.05471884
-0.054713555
-0.04862951
-0.048624698
-0.045581087
-0.05165333
-0.054686148
-0.054680478
-0.051637255
-0.051631775
-0.051626235
-0.048584126
-0.05465115
-0.05768093
-0.05767447
-0.054632787
-0.04855692
-0.051585767
-0.04854564
-0.05157366
-0.051567517
-0.051561315
-0.05155505
-0.04851645
-0.05154234
-0.05456742
-0.057591673
-0.051522825
-0.051516198
-0.051509514
-0.051502768
-0.05755431
-0.057546634
-0.05451053
-0.057531085
-0.05752321
-0.054488145
-0.060533952
-0.054472905
-0.057491034
-0.05748282
-0.057474542
-0.057466198
-0.054433692
-0.054425657
-0.057440758
-0.057432145
-0.054401178
-0.057414714
-0.054384537
-0.051355228
-0.054367647
-0.05435911
-0.057369974
-0.048303854
-0.048296094
-0.04527026
-0.045262877
-0.045255445
-0.045247957
-0.04524042
-0.042217307
-0.042210173
-0.042202987
-0.039181773
-0.042188473
-0.039168205
-0.03614894
-0.036142573
-0.036136165
-0.030108094
-0.03311295
-0.030097237
-0.030091755
-0.024068993
-0.021056483
-0.021052573
-0.024055585
-0.018038297
-0.021040697
-0.021036688
-0.018027991
-0.015020428
-0.012014011
-0.018017499
-0.015011632
-0.006003466
-0.009003408
-0.009001607
-0.005999864
-0.008997974
-0.005997428
0.0
0.0029974822
0.002996861
0.0029962363
0.0059912167
0.0059899534
0.014971709
0.011974813
0.014965307
0.01496208
0.014958836
0.014955575
0.020933215
0.023918401
0.020923963
0.0209193
0.020914614
0.020909904
0.020905169
0.029857729
0.026865806
0.026859626
0.035804555
0.029830193
0.029823223
0.035779465
0.035771016
0.03576253
0.041713003
0.035745434
0.03871489
0.041682865
0.038696103
0.04761433
0.044627465
0.038667586
0.047579065
0.047567204
0.047555286
0.053486228
0.050501995
0.050489157
0.050476264
0.056400176
0.050450306
0.056371033
0.056356363
0.053376283
0.053362265
0.053348184
0.06222305
0.05924427
0.059228424
0.05921251
0.053276874
0.056221455
0.05916436
0.059148178
0.05617533
0.056159828
0.05614426
0.062036905
0.05315962
0.056097176
0.056081355
0.053114653
0.05604952
0.05308437
0.05306914
0.05305385
0.04714533
0.04713163
0.055952482
0.050048076
0.05003335
0.050018568
0.044120938
0.044107795
0.0440946
0.044081356
0.044068065
0.04405472
0.044041328
0.0381575
0.038145807
0.03813407
0.03812229
0.03811047
0.032237276
0.035156947
0.03221709
0.023423228
0.026342798
0.03218653
0.029251156
0.029241798
0.020462684
0.020456087
0.020449467
0.020442825
0.014597256
0.011673982
0.011670147
0.011666299
0.011662437
0.005829281
0.005827337
0.011650774
0.0058234297
0.0029107332
0.0029097481
0.0
-0.0029077684
0.0029067737
-0.0029057756
-0.005809549
-0.0058075394
-0.011611048
-0.011607004
-0.0116029475
-0.011598878
-0.011594795
-0.011590699
-0.014483238
-0.014478086
-0.014472918
-0.014467733
-0.01735504
-0.023131706
-0.020232918
-0.023114936
-0.025994828
-0.023098065
-0.025975788
-0.025966225
-0.023072563
-0.025947014
-0.025937365
-0.025927687
-0.023038205
-0.025908245
-0.02589848
-0.025888689
-0.025878867
-0.025869017
-0.02585914
-0.025849232
-0.025839297
-0.028699258
-0.03155697
-0.031544723
-0.028665856
-0.02865466
-0.02864343
-0.02863217
-0.028620878
-0.03147051
-0.028598199
-0.028586812
-0.028575396
-0.028563946
-0.031407714
-0.03139505
-0.031382352
-0.031369623
-0.031356856
-0.028494596
-0.022786342
-0.025624106
-0.02561355
-0.022758191
-0.025592351
-0.022739299
-0.022729816
-0.025560346
-0.022710774
-0.022701217
-0.02552809
-0.019846775
-0.022672396
-0.025495583
-0.02265306
-0.022643354
-0.022633625
-0.019795887
-0.016960569
-0.022604289
-0.02259446
-0.022584608
-0.02257473
-0.022564828
-0.022554904
-0.022544954
-0.02253498
-0.02252498
-0.025329327
-0.02250491
-0.02249484
-0.025295336
-0.022474622
-0.022464478
-0.0252611
-0.022444118
-0.022433903
-0.022423662
-0.022413397
-0.025203498
-0.027990995
-0.022382459
-0.02516861
-0.016771287
-0.022351306
-0.027926093
-0.022330418
-0.027899923
-0.0139433965
-0.011149453
-0.013930222
-0.01113889
-0.016700387
-0.01669242
-0.011122957
-0.011117622
-0.008334206
-0.008330188
-0.013876934
-0.0055480823
-0.008318078
-0.008314024
-0.002769987
-0.00553726
-0.0055345395
-0.0027659065
-0.008293622
-0.0055263434
-0.0027617998
-0.0055208504
-0.0027590476
-0.0055153337
-0.005512567
0.0
0.0
0.0
0.0
0.005498646
0.0027479222
0.005493037
0.005490224
0.005487405
0.0054845805
0.008222626
0.008218371
0.010952145
0.013683063
0.01367593
0.01640254
0.016393946
0.016385335
0.01910616
0.013640054
0.01908597
0.016350724
0.0190657
0.024499975
0.019045353
0.019035148
0.024460617
0.024447449
0.02714917
0.024421033
0.021695811
0.02710502
0.024381222
0.021660358
0.027060619
0.027045762
0.02432779
0.027015965
0.024300924
0.024287455
0.026971066
0.021564834
0.024246894
0.024233324
0.02421973
0.02689568
0.029568572
0.026865333
0.029535132
0.026834877
0.024137648
0.024123883
0.024110092
0.02677364
0.024082437
0.021394286
0.024054684
0.024040772
0.021357186
0.024012873
0.021332346
0.01598992
0.021307418
0.018633056
0.018622104
0.021269867
0.01594298
0.0132779535
0.015924092
0.013262187
0.015905142
0.018544916
0.013238438
0.013230496
0.015867049
0.0132145705
0.010565271
0.013198594
0.007914351
0.010546051
0.0052698115
0.007899889
0.010526736
0.007890208
0.010513808
0.01313416
0.007875629
0.007870753
0.010487827
0.0052406527
0.00785608
0.007851174
0.013077101
0.007841338
0.0026121365
0.0
0.005217685
0.0052143834
0.0052110767
0.0078116474
0.005204448
0.007801689
0.0051977993
0.007791701
0.00519113
0.007781682
0.007776662
0.005181089
0.007766598
0.0025871848
0.0051710024
0.0051676305
0.005164253
0.007741307
0.005157484
0.0
0.0051506953
0.00772094
0.0051438864
0.0051404745
0.010274116
0.010267273
0.007695315
0.010253557
0.0051233424
0.0076798517
0.0076746824
0.007669506
0.007664323
0.010212176
0.0076539335
0.010198304
0.012739193
0.007638296
0.010177425
0.010170447
0.0076225935
0.01015646
0.012686815
0.010142435
0.0101354085
0.007596279
0.0050606634
0.010114271
0.010107207
0.0075751
0.01009305
0.007564468
0.0025197137
0.010071743
0.007548467
0.0075431196
0.007537765
0.0025108012
0.010036047
0.0050144396
0.007516277
0.010014517
0.005003661
0.005000059
0.0049964525
0.0024964204
0.0049892254
0.00997121
0.00747297
0.0074675255
0.0049747163
0.0
0.004967435
0.0049637873
0.0049601356
0.0024782394
0.0
0.0049491525
0.002472741
0.002470904
0.0074071935
0.002467223
0.002465379
0.0049270657
0.0
0.004919668
0.0024579815
0.0024561265
0.0024542694
0.0
0.0024505488
0.0
0.0024468193
0.0024449513
0.0024430812
0.0
0.0
0.0
0.0
0.0
-0.0048636305
-0.0024299303
0.0
0.0
-0.002424262
-0.004844737
-0.0024204727
-0.0048371498
-0.009666699
-0.0024147728
-0.0024128687
-0.004821925
-0.009636217
-0.014442862
-0.012026156
-0.009613267
-0.012007001
-0.0095979255
-0.0119878035
-0.016769465
-0.011968565
-0.014350718
-0.014339144
-0.011939632
-0.016701953
-0.01668841
-0.019056972
-0.016661277
-0.016647689
-0.019010387
-0.018994827
-0.021351656
-0.02607503
-0.021316556
-0.021298978
-0.02601058
-0.025989054
-0.025967505
-0.028304657
-0.021210827
-0.025902731
-0.025881097
-0.025859442
-0.03053554
-0.030509897
-0.028139286
-0.030458532
-0.030432815
-0.032746077
-0.035055347
-0.035025585
-0.034995798
-0.032634914
-0.030277979
-0.034906253
-0.03487635
-0.034846418
-0.037137557
-0.037105568
-0.041707743
-0.039356597
-0.034696337
-0.03697732
-0.03463611
-0.03922008
-0.041490924
-0.039151635
-0.036816344
-0.03678406
-0.034454767
-0.034424447
-0.034394097
-0.03207281
-0.03662221
-0.032016035
-0.03198761
-0.038807552
-0.031930685
-0.031902187
-0.031873662
-0.031845115
-0.031816542
-0.031787943
-0.029490797
-0.027197719
-0.027173143
-0.024886169
-0.029384257
-0.02709929
-0.024818413
-0.024795791
-0.024773149
-0.018000355
-0.020231843
-0.020213272
-0.020194687
-0.017934298
-0.015678031
-0.013425891
-0.0111778835
-0.015634522
-0.013388568
-0.013376106
-0.013363635
-0.006675577
-0.004446221
-0.006663081
-0.004437884
-0.00443371
-0.0044295336
-0.004425354
-0.0022105852
0.002208492
0.0
0.0
0.006606608
0.0044002063
0.01099001
0.013175395
0.010968974
0.010958444
0.010947906
0.010937362
0.019668255
0.019649245
0.0152679505
0.021790206
0.01741523
0.021747854
0.021726655
0.02604653
0.026021056
0.02816186
0.028134223
0.025944522
0.02807889
0.032366764
0.030179132
0.032302786
0.034422144
0.030089468
0.036500867
0.03860947
0.04071377
0.04067307
0.038493797
0.036318786
0.040550802
0.042642094
0.042599108
0.042556092
0.0446387
0.044593476
0.040305533
0.044502933
0.04657465
0.050756887
0.050705034
0.0485426
0.04849284
0.048443053
0.05260134
0.05044527
0.050393216
0.056633774
0.05238439
0.052330073
0.056457777
0.05848789
0.05842694
0.06045045
0.056222606
0.054083586
0.058182765
0.056045856
0.062207635
0.05592785
0.05379958
0.057876732
0.057815418
0.05981671
0.06387404
0.05763126
0.057569806
0.057508316
0.05539512
0.0594347
0.05937091
0.055216935
0.05515747
0.05509798
0.052999992
0.054978892
0.048817158
0.048764158
0.05074076
0.048658077
0.04860499
0.04855188
0.04647796
0.044408437
0.044359677
0.042296756
0.04426207
0.04421323
0.042156897
0.04010498
0.034051437
0.040016025
0.037972935
0.03593428
0.035894178
0.033862166
0.033824254
0.033786327
0.03176318
0.027761517
0.025749505
0.023741947
0.02371511
0.02368826
0.021689612
0.019695433
0.015738422
0.015720487
0.0137397265
0.011763446
0.011749977
0.009780418
0.009769184
0.009757944
0.00389868
0.0038941803
0.007779357
0.0077703497
0.0077613387
0.0019380808
0.0
0.0
0.0
-0.0019290559
-0.0019267973
-0.0019245378
-0.005766832
-0.0057600476
-0.0076710144
-0.0057464708
-0.0038264522
-0.009554805
-0.013360865
-0.015251425
-0.009520802
-0.011411349
-0.013297354
-0.015178813
-0.017055722
-0.015142464
-0.01512428
-0.0151060885
-0.018859863
-0.018837107
-0.020695776
-0.020670727
-0.01689191
-0.022495197
-0.02246784
-0.024310512
-0.024280855
-0.020520234
-0.018631928
-0.020469999
-0.024162117
-0.025988746
-0.02595674
-0.025924724
-0.02219374
-0.020319087
-0.023983708
-0.02579655
-0.02576448
-0.027570428
-0.025700308
-0.023834765
-0.027467247
-0.023775121
-0.029224966
-0.031012498
-0.025507553
-0.029114734
-0.02907797
-0.030856267
-0.030817179
-0.030778082
-0.032547146
-0.032505725
-0.030660719
-0.032422844
-0.03597932
-0.03413658
-0.035887152
-0.032256942
-0.034005187
-0.033961367
-0.035702668
-0.039222166
-0.03739087
-0.037342384
-0.035517987
-0.03547179
-0.037196856
-0.03891729
-0.03533312
-0.03881556
-0.04052671
-0.03519435
-0.038662877
-0.03861196
-0.038561027
-0.042011004
-0.040207274
-0.038408168
-0.03835719
-0.040047392
-0.038255204
-0.03994075
-0.039887406
-0.03810214
-0.0380511
-0.03972732
-0.03794898
-0.037897907
-0.037846822
-0.03607774
-0.03602896
-0.03598017
-0.03422035
-0.03588256
-0.035833742
-0.03408087
-0.032332644
-0.03228845
-0.030547183
-0.032200042
-0.032155827
-0.030421518
-0.030379616
-0.028652279
-0.02861269
-0.030253867
-0.028533498
-0.025141668
-0.023432935
-0.023400309
-0.021698559
-0.021668253
-0.019973487
-0.019945504
-0.018257726
-0.016574608
-0.014896153
-0.014875155
-0.013203694
-0.013185024
-0.011520559
-0.00986076
-0.011487878
-0.008193953
-0.008182278
-0.008170602
-0.004895354
-0.004888347
-0.0048813387
-0.0032495533
-0.014601961
-0.011340723
-0.0016177665
0.0
0.008065459
0.006443017
-0.0032168329
-0.003212157
-0.004811221
-0.001601402
0.011193444
0.0015967247
-0.0031887717
0.0
-0.0047691227
0.0063494733
0.012680231
0.007913446
0.0047410484
0.0
0.0
0.0015733294
0.007854946
0.009411893
0.007831542
0.0046919035
-0.0031232545
-0.0015592865
0.0031138915
0.004663815
0.009313583
0.003099846
-0.0015475819
0.0
-0.0015428996
0.0015405584
0.0061528687
0.003071752
0.004600604
0.0015311934
-0.0015288522
0.0030530216
0.003048339
0.0030436565
0.0060779476
0.0
0.0
0.0
0.0
0.0030155615
0.0030108793
0.003006197
0.0015007575
0.002996833
0.0014960757
0.0029874695
0.0059655765
0.0029781067
0.0029734257
0.0014843723
0.0014820319
0.0029593832
0.0029547028
0.0014750113
0.0044180145
0.0014703316
0.001467992
0.0043969573
0.001463313
0.0058438946
0.0058345385
0.0029125912
0.0029079136
0.0043548546
0.0028985594
0.005787766
0.0043338104
0.0057690623
0.0057597114
0.0028751807
0.0057410123
0.005731664
0.007152896
0.0071412125
0.007129531
0.00711785
0.0071061705
0.009932289
0.00991594
0.011313822
0.00988325
0.00845735
0.009850567
0.011239119
0.012623005
0.01120178
0.012581004
0.009768895
0.009752567
0.009736241
0.009719918
0.011089824
0.0110711735
0.00967096
0.012413115
0.011015238
0.008247449
0.009605716
0.008219495
0.009573109
0.00955681
0.008177583
0.00952422
0.0067913774
0.005423794
0.005414488
0.0054051834
0.0053958804
0.0040399344
0.0053772796
0.0040259864
0.0026793429
0.0026746958
0.0013350247
-0.001332702
-0.0013303797
0.0
-0.0013257368
-0.0026468318
-0.002642191
-0.0065938784
-0.0026329125
-0.0052565495
-0.006559095
-0.005238004
-0.007843102
-0.0078292005
-0.0065127523
-0.009101642
-0.007787516
-0.009069232
-0.011639613
-0.009036836
-0.010309309
-0.011577159
-0.007704234
-0.010253821
-0.012794168
-0.010216852
-0.014022765
-0.013997365
-0.012701792
-0.015214455
-0.013921204
-0.013895831
-0.02017522
-0.016362397
-0.016332434
-0.015048442
-0.015020801
-0.016242597
-0.018706923
-0.018672401
-0.016152835
-0.014882706
-0.017330963
-0.017298779
-0.017266605
-0.01846547
-0.017202284
-0.015943699
-0.015913859
-0.0134403305
-0.013415097
-0.015824392
-0.013364653
-0.013339443
-0.013314241
-0.013289047
-0.012058056
-0.009628135
-0.00960983
-0.011989414
-0.009573239
-0.009554953
-0.009536673
-0.0059489994
-0.005937583
-0.008296638
-0.0059147603
-0.0059033553
-0.0023567819
-0.0035283347
-0.004695332
0.0
-0.0023385568
-0.003501007
-0.0023294543
-0.0011624529
0.0
0.0011579067
0.0
0.0023067282
0.002302188
0.0
0.0022931132
0.0022885785
0.0034260685
0.004559029
0.0
0.0034056867
0.0022659323
0.0022614084
0.0067706597
0.004504733
0.0044956966
0.004486664
0.0022388177
0.0044686105
0.0044595897
0.0066758585
0.0044415593
0.0044325497
0.0044235443
0.004414543
0.0022027728
0.0043965518
0.0043875626
0.004378577
0.0021847978
0.0010901546
0.0
0.002171338
0.0021668556
0.0021623753
0.0
0.0
-0.0010744734
-0.0010722374
0.0010700026
0.0
0.0
-0.0010633043
-0.0053053685
-0.0031765327
-0.0010566158
-0.0031631656
-0.0010521624
-0.003149812
-0.005238567
-0.0041819625
-0.0052163447
-0.0031231453
-0.004155316
-0.004146443
-0.0051719686
-0.004128711
-0.004119852
-0.0030832482
-0.0041021476
-0.004093303
-0.0030633467
-0.004075627
-0.004066796
-0.00405797
-0.004049149
-0.0030302494
0.0010078803
0.0040227147
0.0030104348
-0.006007674
-0.0059944866
-9.968844E-4
-0.0029840667
0.0049624736
0.0019806034
-0.0069167702
-9.859196E-4
-0.0039349217
-0.0029446275
0.0068554915
9.771707E-4
-0.0038999463
0.0
-0.0029118673
0.002905327
0.0077301078
0.003856344
0.0067333686
0.00383894
0.001915123
0.008598504
0.008578966
0.010461539
0.013284332
0.009467141
0.0094454875
0.012251001
0.012222886
0.014070911
0.017782116
0.017741105
0.015836949
0.013941443
0.013909128
0.018502446
0.019382387
0.020258056
0.020210786
0.017413972
0.017373202
0.0209814
0.020022022
0.02269876
0.025362693
0.020784454
0.021636836
0.02428378
0.023328893
0.025958842
0.02679004
0.02583528
0.02755105
0.025711888
0.02565026
0.029118145
0.029048113
0.027221883
0.02978421
0.028838323
0.028768495
0.032177348
0.031231625
0.029424747
0.030216336
0.029281331
0.029209703
0.030852135
0.029921507
0.029847937
0.03147582
0.031398162
0.02878106
0.030398622
0.028638612
0.02856747
0.030172642
0.027589312
0.027520424
0.028283454
0.024063678
0.02565868
0.02559417
0.023882631
0.023822378
0.022123402
0.021250082
0.022826668
0.02032918
0.021088542
0.021843813
0.019367138
0.019317595
0.018465256
0.017617078
0.017571777
0.016729852
0.016686682
0.015850997
0.013438458
0.014192045
0.014155166
0.012549616
0.012516891
0.010923669
0.010116862
0.011642701
0.0092897015
0.006948947
0.0077007045
0.007680374
0.0068940558
0.0045838607
0.0060955933
0.0045595397
0.003031597
0.0052911392
0.0037692832
0.002255514
0.002999285
0.0014956127
0.0022373796
0.0029751277
7.4177247E-4
0.0
0.0
-7.357553E-4
-0.0014675065
-7.317531E-4
-0.0014595096
-0.0014555168
-0.0014515277
-0.002895085
-0.0028871219
-0.0028791663
-0.0021534138
-0.0035790978
-0.003569182
-0.004271131
-0.003549379
-0.003539492
-0.0042355373
-0.004223696
-0.0042118663
-0.0049000564
-0.004188242
-0.004872522
-0.0048587746
-0.004152893
-0.005521511
-0.0048176167
-0.006176475
-0.006158889
-0.005458952
-0.0068041896
-0.006784709
-0.006088724
-0.007420389
-0.008071666
-0.008048385
-0.00936265
-0.008001897
-0.007313798
-0.009281423
-0.007932346
-0.008568313
-0.009857628
-0.009173519
-0.009799944
-0.009119739
-0.010391877
-0.011008805
-0.0109762745
-0.010943781
-0.010911321
-0.010878898
-0.01212257
-0.013358665
-0.012050292
-0.012014213
-0.012608604
-0.01257071
-0.013159501
-0.014369307
-0.014325875
-0.01490347
-0.014858252
-0.014813086
-0.015383302
-0.0134959975
-0.014677894
-0.017071756
-0.017627196
-0.017572993
-0.017518854
-0.016862543
-0.016810393
-0.017356815
-0.01789958
-0.019033493
-0.018381229
-0.017141648
-0.017677257
-0.018209236
-0.018737592
-0.019846037
-0.019783458
-0.019720955
-0.019080335
-0.019019818
-0.0195339
-0.019471701
-0.019409578
-0.019916577
-0.018151117
-0.01922367
-0.020852605
-0.018538345
-0.02015836
-0.019535009
-0.018359026
-0.02107204
-0.019898023
-0.018731304
-0.018670108
-0.01860899
-0.018002423
-0.017943254
-0.018968051
-0.018365303
-0.018842949
-0.018243933
-0.017113756
-0.01812288
-0.017531222
-0.017472668
-0.018469598
-0.01682986
-0.015724976
-0.016716829
-0.016139787
-0.01608522
-0.016030727
-0.014430214
-0.014894739
-0.014332107
-0.013262928
-0.014742634
-0.014692072
-0.014136697
-0.014591156
-0.013036582
-0.0129915
-0.013444423
-0.012901525
-0.0128566325
-0.0123190405
-0.012275996
-0.012233012
-0.011702485
-0.012147227
-0.01162025
-0.01157922
-0.01105749
-0.010060171
-0.010501779
-0.009988731
-0.010901001
-0.009917499
-0.01035253
-0.009846474
-0.008876656
-0.008844645
-0.00881268
-0.0087807635
-0.008288426
-0.007799486
-0.007771057
-0.0068317684
-0.0058991914
-0.0058775498
-0.0054054842
-0.0058343653
-0.0062599625
-0.004454856
-0.004438335
-0.00442184
-0.0035242965
-0.003950034
-0.0034980064
-0.003484892
-0.0026038487
-0.0017293625
-0.0017228363
-0.0017163203
-0.0017098146
-0.0017033194
-0.0012726258
-8.4517995E-4
4.2097393E-4
4.1936047E-4
8.3549926E-4
8.322828E-4
4.1453578E-4
0.0024775967
0.0016453296
0.0020486733
0.0028569766
0.0024392821
0.0028347003
0.0044370694
0.0036160683
0.004002034
0.005182114
0.004367523
0.0047456827
0.005120729
0.0047080033
0.006252282
0.0062272693
0.005814655
0.006177372
0.006152488
0.0061276467
0.0072471322
0.006457974
0.0071883905
0.0075358907
0.0071298536
0.0074743815
0.007815894
0.0074130893
0.0066442722
0.0069844136
0.007687637
0.008384832
0.007986893
0.007592046
0.0086403405
0.007887112
0.008210971
0.008531883
0.0084958635
0.008107414
0.008424022
0.008388202
0.008352446
0.009009821
0.008626184
0.0085891485
0.008552182
0.008855896
0.009495872
0.008441701
0.008405013
0.008368395
0.008331848
0.008959001
0.008589323
0.009538248
0.009168725
0.00880218
0.009087727
0.009047346
0.008685365
0.008646579
0.008926681
0.00825186
0.008214733
0.008492205
0.0081407
0.008727164
0.008377233
0.008647917
0.00830097
0.00795692
0.007920388
0.008187159
0.008451206
0.008412105
0.0083730845
0.008334146
0.007702767
0.0079616355
0.007924321
0.007887086
0.008140666
0.0072341207
0.007487856
0.007165675
0.006846299
0.007097521
0.006781012
0.0070296596
0.006716005
0.006962091
0.006928417
0.006343231
0.006312386
0.006554723
0.0065226783
0.0064907046
0.0056514516
0.005623599
0.0055958084
0.00556808
0.006331902
0.0060378406
0.005746473
0.0057176864
0.004913197
0.004888449
0.0053757317
0.005348504
0.005321339
0.004790024
0.0040131034
0.00399255
0.004220298
0.0041985624
0.0044225766
0.004155245
0.0031610366
0.0031445723
0.0036094005
0.0033511275
0.0035716326
0.0035528168
0.0025916342
0.0028122575
0.0027973142
0.0023186728
0.0025369092
0.0025233116
0.0025097476
0.0020423597
0.0022570188
0.0020203018
0.0020093143
0.0019983542
0.001987422
0.0010980652
0.0010920224
0.001520393
0.0015119761
0.0017183782
0.0010680052
0.0010620395
8.4487145E-4
8.401236E-4
0.0012530824
0.0012459978
8.2595466E-4
8.212565E-4
4.0828536E-4
4.0594873E-4
8.072366E-4
8.0258824E-4
3.9897618E-4
7.93329E-4
5.9153856E-4
3.9205985E-4
5.8465044E-4
5.8122043E-4
9.629997E-4
5.7438866E-4
3.8065796E-4
0.0
0.0
7.477845E-4
0.0011149488
0.0014776532
0.0011015498
1.8247978E-4
0.0
3.6053118E-4
8.958162E-4
0.0012464484
0.0012387764
8.793761E-4
6.991423E-4
6.947964E-4
0.0010356948
0.0013722857
0.0013636703
0.0010163104
8.415727E-4
8.3623605E-4
0.0011632815
0.001155855
0.0016406442
0.001467089
0.00113371
0.0012872838
0.0012789248
0.0015882392
0.002051211
0.0021945033
0.002024337
0.0018562733
0.0019976303
0.0016790571
0.0024259593
0.002710919
0.0026926917
0.0026745228
0.002213677
0.0023452092
0.002474791
0.0024578522
0.0027281416
0.0024241407
0.0024073678
0.002531277
0.002513635
0.0027733909
0.0028916153
0.002734513
0.0028509307
0.0028306916
0.0028105213
0.0029232968
0.00290231
0.0028813956
0.0029905788
0.0029688647
0.0029472264
0.0031800694
0.0029041767
0.0026320904
0.0028614304
0.0025931997
0.0029415523
0.002919527
0.0025353834
0.0026360718
0.0026161005
0.0023601835
0.0025763763
0.0024404135
0.0024216285
0.0025173374
0.0023842675
0.0023656916
0.0021236443
0.0019960713
0.0023103838
0.0021829407
0.0021655827
0.0020408768
0.0020245134
0.0020082137
0.0019919774
0.0017678252
0.0019596955
0.0019436501
0.0016232997
0.0018111318
0.0016963279
0.0016821995
0.0018643787
0.0015568134
0.0014471976
0.0015305954
0.0012330232
0.0014105558
0.0013984429
0.0012015299
0.0012827445
9.990992E-4
9.903649E-4
0.0012493955
9.730081E-4
9.643855E-4
9.558001E-4
6.889106E-4
7.68061E-4
7.6112815E-4
6.704229E-4
6.643147E-4
6.5823365E-4
3.2608988E-4
4.846148E-4
5.601344E-4
2.3781802E-4
3.1411822E-4
3.889492E-4
2.3116061E-4
3.816032E-4
3.0236464E-4
7.486509E-5
2.2242732E-4
0.0
-7.270739E-5
-7.1995004E-5
-7.1286035E-5
-7.0580485E-5
-1.3975674E-4
-2.0753904E-4
-2.7393768E-4
-2.7117034E-4
-3.3552095E-4
-4.649346E-4
-4.601639E-4
-3.9035766E-4
-5.150797E-4
-3.822825E-4
-4.413219E-4
-4.9905333E-4
-6.1720784E-4
-6.106336E-4
-4.2286562E-4
-4.7807075E-4
-5.320059E-4
-8.1855396E-4
-0.0010409034
-9.722513E-4
-7.918119E-4
-6.1521016E-4
-6.0832046E-4
-8.7486376E-4
-0.0010271319
-0.0010688725
-9.509606E-4
-7.311099E-4
-7.742489E-4
-8.1623235E-4
-0.0010083184
-0.0011956991
-0.0011322703
-0.0010701014
-8.65013E-4
-8.545511E-4
-0.0010786385
-0.0012043999
-0.001372569
-0.0012651804
-9.816667E-4
-8.81218E-4
-9.570897E-4
-0.0011167193
-0.0012296261
-0.0011300729
-0.001074104
-8.9699135E-4
-9.2543877E-4
-0.0011514189
-0.001175257
-0.0011208461
-0.001067584
-9.0263126E-4
-9.6446415E-4
-0.0010609193
-0.0010822671
-0.0011738506
-0.0011222528
-0.0010026192
-9.5421943E-4
-9.4049104E-4
-9.930654E-4
-0.0010764239
-0.0010284529
-9.815503E-4
-9.045155E-4
-9.2162966E-4
-9.6816977E-4
-9.235875E-4
-9.387042E-4
-9.241405E-4
-8.5283397E-4
-8.114123E-4
-8.260558E-4
-8.670138E-4
-7.9970097E-4
-8.3912787E-4
-8.511467E-4
-7.3559757E-4
-7.233202E-4
-7.601898E-4
-6.749669E-4
-7.344894E-4
-7.916556E-4
-7.092276E-4
-7.641897E-4
-6.6232693E-4
-6.071101E-4
-6.387295E-4
-6.0618715E-4
-6.360757E-4
-6.444058E-4
-5.9281004E-4
-5.622095E-4
-5.514722E-4
-5.408377E-4
-5.485926E-4
-5.378043E-4
-5.2712264E-4
-4.993292E-4
-4.5547093E-4
-4.4614507E-4
-4.5309722E-4
-4.5946875E-4
-4.497613E-4
-3.9462352E-4
-3.8610524E-4
-3.7767945E-4
-3.8355181E-4
-3.888828E-4
-3.6653253E-4
-3.5816708E-4
-3.369386E-4
-3.4172466E-4
-3.4600505E-4
-3.4979047E-4
-3.2955222E-4
-2.870317E-4
-2.799095E-4
-2.6196137E-4
-2.8720713E-4
-2.9016717E-4
-2.6240482E-4
-2.358106E-4
-2.2948702E-4
-2.3255116E-4
-2.3518832E-4
-2.3740921E-4
-2.1359336E-4
-1.9915459E-4
-1.7723317E-4
-1.7198661E-4
-1.6681866E-4
-1.6172936E-4
-1.6384228E-4
-1.3798792E-4
-1.2689704E-4
-1.2923525E-4
-1.2496623E-4
-1.1473032E-4
-1.108107E-4
-1.0695909E-4
-9.23149E-5
-9.422514E-5
-8.572679E-5
-7.766968E-5
-7.471262E-5
-6.732456E-5
-6.034911E-5
-5.791212E-5
-5.1559193E-5
-4.5590237E-5
-4.3630378E-5
-4.1713523E-5
-3.651971E-5
-3.8008853E-5
-2.7165785E-5
-2.2984173E-5
-2.1849668E-5
-1.815087E-5
-1.9666724E-5
-1.6291006E-5
-1.31989145E-5
-1.45315735E-5
-1.1733879E-5
-7.3557667E-6
-1.035495E-5
-6.4651867E-6
-7.5517846E-6
-7.04003E-6
0.0
-2.4281435E-6
-3.3674664E-6
-2.0689913E-6
-2.8502773E-6
-2.607838E-6
0.0
0.0
0.0
1.1638651E-6
0.0
0.0
4.041277E-7
3.5204212E-7
3.0354812E-7
2.5864583E-7
2.1733533E-7
1.796167E-7
1.4549008E-7
1.14955505E-7
8.801307E-8
6.466283E-8
0.0
2.8739146E-8
0.0
1.4369607E-8
5.388606E-9
0.0
