2.135466
1.3234478
1.3712541
4.71418
8.031905
13.239216
10.464893
17.870773
30.480516
26.339376
37.08339
46.033978
43.13812
31.32384
17.071875
5.9477477
3.8958242
4.8133516
3.9637375
1.3205004
2.0600061
1.4583541
1.6218239
1.2413379
2.8728414
2.0354395
1.9204228
3.0801785
4.4385276
5.483032
4.3116426
3.2034607
1.9498243
0.55235076
0.31764942
0.4721382
0.78287274
0.877897
0.624513
0.80053365
0.1425368
1.1084886
1.1428403
0.41210645
1.0258814
0.48390317
1.1315367
0.7698792
0.27613497
0.3320969
0.5026888
0.19517383
0.54241765
0.47669727
0.19073893
0.41217598
0.2104973
0.4977118
0.48095614
0.78347975
0.5053101
0.25907984
0.15544094
0.5117827
0.4818897
0.3565909
0.59772927
0.45521253
0.44416425
0.26044905
0.22110493
0.4916767
0.3300107
0.3094914
0.3631573
0.4290838
0.61752915
0.58009934
0.16253205
0.32964814
0.573917
0.44791076
0.18520658
0.26697287
0.2296078
0.4342895
0.31485087
0.13979006
0.06577668
0.037454743
0.14909655
0.083898045
0.15522611
0.18109182
0.23267156
0.12864095
0.058375735
0.18411912
0.19796072
0.25067595
0.29004005
0.3085683
0.4049656
0.32258722
0.26580495
0.21415648
0.081981346
0.14395401
0.27075818
0.315541
0.30988228
0.26356208
0.32576337
0.14410527
0.26314428
0.24414219
0.19225058
0.28330952
0.32715824
0.20713654
0.17318124
0.123205855
0.16014905
0.27734798
0.022930468
0.21184333
0.21348152
0.18312328
0.06732527
0.17429101
0.1257876
0.17652643
0.08879398
0.38794002
0.47025302
0.251821
0.15557398
0.18056116
0.19195153
0.19324479
0.28224808
0.388355
0.36215788
0.32210523
0.21744558
0.1133786
0.2177787
0.17327805
0.15082984
0.19585879
0.25291705
0.14192401
0.09637481
0.15321797
0.1490956
0.08375968
0.057169408
0.1256011
0.10188292
0.18291639
0.099429265
0.08013725
0.15857567
0.11898169
0.16925956
0.130171
0.029955342
0.10664362
0.05398633
0.19095784
0.11482154
0.056876145
0.03330732
0.021356832
0.080072865
0.13604826
0.03350015
0.06200229
0.08109923
0.08525635
0.065416984
0.17597806
0.1747542
0.18166308
0.18690147
0.10934667
0.11659815
0.12928836
0.019267002
0.12953934
0.2211007
0.22617622
0.17221442
0.072449975
0.08867926
0.21004061
0.19383658
0.076821424
0.1436665
0.12075176
0.072618954
0.15920882
0.25418925
0.18904126
0.12783967
0.1474584
0.062831104
0.07942989
0.13270153
0.08328372
0.041403793
0.12730305
0.11551879
0.121994
0.11025234
0.018641353
0.1704832
0.11088367
0.19091593
0.23341714
0.105307594
0.031019114
0.10001294
0.1261081
0.027090078
0.0685704
0.020747447
0.08896766
0.07817678
0.07220997
0.08798875
0.10249212
0.04248467
0.086514756
0.098891966
0.11306157
0.056756116
0.04297629
0.026476473
0.13755101
0.1295714
0.16637152
0.19019847
0.052971408
0.09827646
0.12832941
0.17386399
0.15607524
0.1156873
0.03817666
0.16812465
0.119691454
0.120793164
0.028465161
0.09932348
0.11755584
0.06534694
0.094271965
0.15063375
0.12213565
0.08637454
0.054745145
0.049671892
0.06586855
0.10275245
0.121071115
0.12248004
0.1468402
0.16125397
0.042500585
0.14209117
0.0918691
0.053959172
0.12552583
0.11776304
0.038875066
0.07443684
0.07747817
0.021362185
0.1540563
0.11453588
0.04791523
0.14023566
0.1121685
0.03800743
0.121778585
0.16039254
0.108015135
0.06501253
0.07499726
0.09101414
0.07398973
0.11377029
0.023873745
0.061160464
0.024483304
0.16678657
0.18885435
0.2896947
0.2463707
0.46770492
0.37870726
0.19116408
0.08886129
0.04102835
0.044546146
0.042692244
0.115541115
0.13468301
0.050589398
0.14764202
0.099921234
0.08941233
0.16976784
0.15567593
0.15914872
0.19041622
0.18180008
0.13106948
0.0139511125
0.063072346
0.098479405
0.08315491
0.023649007
0.0409032
0.071522206
0.15931645
0.20629755
0.2183907
0.16411203
0.16502035
0.06941888
0.10959204
0.09586336
0.03330468
0.027765788
0.063801594
0.06780616
0.014488199
0.049501736
0.13953102
0.13369717
0.039844383
0.08887853
0.084101245
0.061047267
0.10998269
0.042240754
0.03852623
0.07320209
0.12116516
0.1304213
0.0748939
0.14233455
0.120658316
0.11861029
0.024729026
0.15611003
0.1607916
0.08007514
0.0601818
0.045642845
0.0059639555
0.10188534
0.14126422
0.09153848
0.052736852
0.031639356
0.08538354
0.15732074
0.17493401
0.12458672
0.07008777
0.048525732
0.024842408
0.08473316
0.15679073
0.1545254
0.08426971
0.046427656
0.063993245
0.13554107
0.064187005
0.049483042
0.062671304
0.055155948
0.18047512
0.18813646
0.12106306
0.16599227
0.09062057
0.11434002
0.18141234
0.06426984
0.03841543
0.058492385
0.034757674
0.040969305
0.12509303
0.040307816
0.1896141
0.11198614
0.17741816
0.22814484
0.1725178
0.08478506
0.08802941
0.10980488
0.09100835
0.106043205
0.046735268
0.026524302
0.098156594
0.1367921
0.06681696
0.062839605
0.09749648
0.10345484
0.10542251
0.018799728
0.15420237
0.22659048
0.15438913
0.08013831
0.084086895
0.044703297
0.051462848
0.14156099
0.119803764
0.043893438
0.07782266
0.05627567
0.043562334
0.013540375
0.07478259
0.032343373
0.039102327
0.08469778
0.15105419
0.085077226
0.07831285
0.14021137
0.1481145
0.054326106
0.022969635
0.032128766
0.077583775
0.034135137
0.07594462
0.03638467
0.062374353
0.052572004
0.029590882
0.06025945
0.13708274
0.17042273
0.11619601
0.09932716
0.10105007
0.09813282
0.08862806
0.14873704
0.07374127
0.04434053
0.06260709
0.02671479
0.034667473
0.028354842
0.095261544
0.061473317
0.039706867
0.071641065
0.10868337
0.15053558
0.15490006
0.022964653
0.10801677
0.06112642
0.054158103
0.028702138
0.10789806
0.11393449
0.03469798
0.10123651
0.12317902
0.093119875
0.085806176
0.14527383
0.17175026
0.132054
0.02915774
0.04666782
0.04311733
0.12115468
0.04976933
0.055324916
0.10519885
0.07929264
0.08494526
0.09044547
0.012902598
0.0471568
0.0508303
0.029729057
0.032075614
0.041999355
0.033289403
0.06400128
0.16195484
0.09792735
0.040095404
0.07526017
0.14036854
0.12984431
0.12338283
0.03381871
0.072702855
0.015949931
0.09231798
0.14571723
0.14282441
0.0479162
0.022941325
0.034616057
0.092176646
0.11738349
0.08065797
0.06509583
0.041485686
0.11745024
0.13681787
0.069414124
0.058870632
0.11668873
0.15171137
0.1728955
0.12822324
0.021632444
0.06301037
0.016292997
0.085458666
0.058970816
0.057489946
0.07531914
0.11750871
0.04759178
0.10489242
0.16969249
0.19461837
0.14963678
0.09029659
0.1464389
0.19738221
0.16302381
0.1299619
0.02200739
0.11248978
0.15671578
0.13465706
0.12503198
0.11322314
0.169184
0.16685075
0.08103416
0.08871751
0.05132334
0.059747834
0.12014148
0.098567
0.10016456
0.094994515
0.07648812
0.037199344
0.07639941
0.19511548
0.17067255
0.08339938
0.018912721
0.1662428
0.20706064
0.08772978
0.060301382
0.04163386
0.0410009
0.03467479
0.13734712
0.25107154
0.23611951
0.14381649
0.1368196
0.15932478
0.04384757
0.17930536
0.13949786
0.07336648
0.064256296
0.03354791
0.06895293
0.06741941
0.15780462
0.12910748
0.10020268
0.17290129
0.1734206
0.17143454
0.09599295
0.23282555
0.14966433
0.049440853
0.053530898
0.14712557
0.35324258
0.07957057
0.28120488
0.037576657
0.38770264
0.33875743
0.31439123
0.37852347
0.3438046
0.28895414
0.24057479
0.4288351
0.44967967
0.2333998
0.040499058
0.09910003
0.30413473
0.33529535
0.30222005
0.34266138
0.31151828
0.21784346
0.19381112
0.2183882
0.45879877
0.12816457
0.16717389
0.0970818
0.122658305
0.22160271
0.33318424
0.21888217
0.16983208
0.08087612
0.26117033
0.03899089
0.17584084
0.12493943
0.29556236
0.32562703
0.30779824
0.1334059
0.099993214
0.12182189
0.20816454
0.1975967
0.18980749
0.19800009
0.17506106
0.13318421
0.055375837
0.13393517
0.1705705
0.15534636
0.13106005
0.10855663
0.13096929
0.14227271
0.058016043
0.14675258
0.08407681
0.0913979
0.12228873
0.057239387
0.08977738
0.12081005
0.11205606
0.19439138
0.17788053
0.15219203
0.10867572
0.0599475
0.04576471
0.12851879
0.21275128
0.12605451
0.07488146
0.15102553
0.16553505
0.14687037
0.06966173
0.18946502
0.16739702
0.1239879
0.111653075
0.14861472
0.16183689
0.18575135
0.15033744
0.107123934
0.10169606
0.0985455
0.07522441
0.075176015
0.14351667
0.10648437
0.066648446
0.10324995
0.08099924
0.09283272
0.13575314
0.086543076
0.10781603
0.066004746
0.008063514
0.07871155
0.1603983
0.12220164
0.100447245
0.158369
0.13565649
0.106175095
0.21441162
0.30765665
0.24129656
0.09487507
0.046185747
0.042863347
0.017454403
0.043042857
0.09119012
0.04997156
0.11449512
0.1442464
0.10607183
0.09100723
0.07489725
0.0942248
0.07275328
0.03230258
0.07412774
0.025767054
0.075676374
0.07028837
0.051191434
0.08615204
0.0897815
0.04302782
0.07588859
0.088283144
0.06794382
0.14280882
0.13373332
0.15303092
0.1336891
0.09077403
0.08677826
0.10088755
0.07781868
0.045525327
0.12638912
0.15708531
0.15539491
0.09004133
0.063873105
0.07317637
0.014149239
0.059412662
0.10283945
0.07673217
0.070982374
0.1507316
0.13801953
0.06819303
0.024485702
0.033192173
0.0065787123
0.046496786
0.03737486
0.03168453
0.030360723
0.020175194
0.046183098
0.036390245
0.07718718
0.09102687
0.049794585
0.10005441
0.07719971
0.08674652
0.109666854
0.11488321
0.11243398
0.066401646
0.07280441
0.0012503499
0.07486946
0.11335713
0.13331424
0.09432373
0.065713845
0.04298302
0.11511299
0.1047251
0.04477172
0.04296232
0.07045136
0.1039271
0.08963573
0.054696463
0.02618588
0.013193039
0.025425674
0.03273206
0.10316055
0.05029108
0.015288039
0.064166285
0.017133696
0.104222745
0.17345816
0.14929928
0.11680518
0.06740111
0.12081698
0.15009189
0.08874117
0.14012104
0.1424886
0.09523549
0.02768466
0.027311778
0.07055491
0.10602829
0.09603073
0.079305135
0.10240295
0.11954258
0.084938385
0.051780857
0.017719122
0.026799696
0.08041935
0.1225742
0.13664536
0.045997858
0.07014006
0.06556071
0.04691653
0.06545565
0.089815274
0.118297376
0.05612652
0.053054594
0.05958504
0.087595895
0.13195568
0.09087487
0.013124112
0.059115257
0.04319245
0.031528592
0.024144625
0.020601353
0.05740673
0.043523524
0.050401673
0.054774188
0.07615273
0.14368272
0.12238661
0.066090144
0.074889876
0.062143967
0.023984792
0.043614354
0.038551033
0.046485223
0.054564055
0.09641608
0.08121301
0.053721715
0.073958404
0.03926443
0.07184851
0.054059397
0.072435275
0.13252011
0.0865922
0.108811915
0.10863056
0.07828916
0.031826243
0.061020248
0.085068904
0.07368678
0.006757716
0.088585734
0.09606709
0.06543708
0.047797646
0.052003827
0.085421324
0.04663422
0.14886595
0.121920094
0.03445909
0.020133885
0.064156435
0.119005896
0.11947661
0.08007452
0.026116086
0.043592665
0.066467695
0.04103363
0.059061904
0.05348983
0.03824229
0.055079818
0.023348905
0.080953114
0.02793842
0.04382401
0.031134753
0.085521
0.022489516
0.07328412
0.028265435
0.05639572
0.070566006
0.051685426
0.10218201
0.097611494
0.073243305
0.058046922
0.10098526
0.12168148
0.13106613
0.050142247
0.047699694
0.08332868
0.08263438
0.031436596
0.026357114
0.03935406
0.065797836
0.08528629
0.09073473
0.035058085
0.10124083
0.13391857
0.116198756
0.097899795
0.020724231
0.09227748
0.16879939
0.15229572
0.07175006
0.007916628
0.028355855
0.04859227
0.027844947
0.098257095
0.112924464
0.13457362
0.13659741
0.054135446
0.09027453
0.05520074
0.0036464843
0.035928797
0.059837867
0.023561858
0.013114702
0.07128548
0.08802596
0.064327955
0.10146113
0.113194756
0.07980249
0.044328254
0.07321957
0.065662205
0.12172432
0.10239688
0.11559032
0.08531809
0.077553436
0.055499677
0.021532267
0.059935704
0.09736472
0.06954867
0.031815615
0.055312015
0.091633104
0.053299256
0.09220971
0.12418172
0.038592804
0.06587691
0.059053965
0.09950873
0.08414019
0.034360655
0.070303045
0.044743866
0.05076284
0.06624698
0.10753524
0.060789082
0.09201057
0.12355581
0.020665709
0.053168487
0.10085671
0.0863548
0.07463377
0.03583303
0.058785863
0.08511101
0.09991697
0.047934048
0.027642198
0.057175282
0.07443446
0.042314254
0.038082547
0.09782324
0.022953078
0.01430063
0.026262421
0.03125014
0.108067214
0.086002946
0.041810498
0.060983665
0.087631054
0.11104909
0.05038092
9.85377E-4
0.041833222
0.07824072
0.025718736
0.013511995
0.041867945
0.041772828
0.05318951
0.045447383
0.0437632
0.11026448
0.13932317
0.117094085
0.05695252
0.010679712
0.03317782
0.030314697
0.042181328
0.07388514
0.08324904
0.0804016
0.0074174237
0.0303774
0.07062868
0.031638004
0.06982808
0.08042001
0.10455891
0.13053884
0.10210981
0.0837141
0.05841399
0.024929643
0.08664809
0.16248828
0.16335556
0.13556972
0.1057242
0.024814386
0.010998842
0.04723299
0.04494069
0.07425507
0.1129387
0.1249163
0.06110156
0.06670473
0.04875173
0.03665192
0.075697534
0.1004938
0.08363819
0.037602413
0.036847603
0.03642226
0.08620916
0.10433133
0.111200966
0.083526224
0.0765891
0.03268341
0.05627891
0.0721112
0.06395817
0.06271552
0.065385744
0.035380203
0.039531283
0.038816087
0.042042565
0.026368976
0.023787234
0.039069656
0.104401685
0.16312583
0.1492063
0.027357876
0.040818837
0.04379485
0.030645562
0.027672112
0.027073445
0.045264382
0.017847262
0.09309873
0.092619896
0.082754835
0.10205034
0.09572679
0.04956914
0.014977
0.024748435
0.08276783
0.06190721
0.051833153
0.024927016
0.015451578
0.056028865
0.07026445
0.08169887
0.13569167
0.05425918
0.09163844
0.10339244
0.1449919
0.18334246
0.13762589
0.1007905
0.12533201
0.1284072
0.08491911
0.020273823
0.0309815
0.037564196
0.08352365
0.12930672
0.108538724
0.074950926
0.13108371
0.03582292
0.07217086
0.093232706
0.06512066
0.035493203
0.087861724
0.04071267
0.07544442
0.1440545
0.03734422
0.07751208
0.096137196
0.047999106
0.09854278
0.021569172
0.10462181
0.13232969
0.10953693
0.08060517
0.08174708
0.08146735
0.09971899
0.08595444
0.10996491
0.13136882
0.12452953
0.07311534
0.033658862
0.08166177
0.10341426
0.06576337
0.10413784
0.10636407
0.04006764
0.040020376
0.092055544
0.11037037
0.094349064
0.06622738
0.09461487
0.021803537
0.07692024
0.12973465
0.1404501
0.11013052
0.01219385
0.108443275
0.1563963
0.06999134
0.025523752
0.09569233
0.118332244
0.07778034
0.12294097
0.13713455
0.12040975
0.09260688
0.04226207
0.026506899
0.0390602
0.11358936
0.07616496
0.03550492
0.081503734
0.06556901
0.014633113
0.039774124
0.082141936
0.113953635
0.10413414
0.09223708
0.10428992
0.04283504
0.026818596
0.053914726
0.045622088
0.14408216
0.12502512
0.08855479
0.117596835
0.10092528
0.06279526
0.065904565
0.073555715
0.053917356
0.045203842
0.023135155
0.032268945
0.06331539
0.045823753
0.07966849
0.028509095
0.07184143
0.052685753
0.11430459
0.06923042
0.049260534
0.05214138
0.09830204
0.106424384
0.110024884
0.06282037
0.12552768
0.17866962
0.11910943
0.050623808
0.09030347
0.05942524
0.15666677
0.16986716
0.10773926
0.07951618
0.09959253
0.064578675
0.041818596
0.054952923
0.06427588
0.026001198
0.027716119
0.0889118
0.02596526
0.11381484
0.113369346
0.029426018
0.05678188
0.06283853
0.10167137
0.060464457
0.021586126
0.016787037
0.032145828
0.059115484
0.034152362
0.05496046
0.07366008
0.044389423
0.016552532
0.02107216
0.053640213
0.09622902
0.08922036
0.07849202
0.020082023
0.029771697
0.002532962
0.03064178
0.056977246
0.041886006
0.031113269
0.07371286
0.09716773
0.07913521
0.055338573
0.08362824
0.111495405
0.115895666
0.16478457
0.17342983
0.14033805
0.09065533
0.04340186
0.08872284
0.09787636
0.048789456
0.028111743
0.09743037
0.09379995
0.0982084
0.059364658
0.08212735
0.03631184
0.07404535
0.11687409
0.06360504
0.057394683
0.033182386
0.029295063
0.05457492
0.031574048
0.13547283
0.11244885
0.04286822
0.08852911
0.095268376
0.06240519
0.16496369
0.197334
0.10331098
0.040690683
0.006415541
0.06682625
0.13434522
0.07537901
0.049448695
0.15686575
0.06807318
0.08734758
0.032360587
0.05772611
0.04203388
0.045472324
0.066663764
0.02998479
0.011228463
0.08080069
0.08290318
0.06497286
0.052895136
0.06036164
0.09100507
0.04857496
0.02238284
0.07952899
0.05160382
0.071608804
0.038179852
0.045701794
0.18569693
0.15106384
0.08457121
0.07992316
0.060854107
0.014715821
0.045168567
0.098658
0.1238683
0.15614493
0.07896189
0.02797945
0.05978549
0.03198844
0.08439162
0.08682939
0.14779066
0.09604807
0.064180456
0.02932393
0.01708345
0.097212665
0.047550365
0.09925927
0.26926407
0.24000905
0.065722406
0.08607859
0.124219075
0.16550621
0.14221202
0.03562314
0.1347433
0.17237096
0.1815274
0.08675925
0.101032704
0.12990618
0.06093639
0.08611615
0.12026494
0.021153206
0.11988448
0.18615063
0.07385262
0.08388709
0.08730472
0.051574383
0.039210755
0.04360885
0.104111254
0.07240374
0.0286822
0.07343106
0.25299144
0.22178376
0.22321253
0.0770089
0.09654312
0.10562903
0.14085923
0.10934734
0.15154552
0.18941565
0.1273889
0.17159672
0.18161638
0.16942562
0.0890987
0.1524587
0.08308331
0.12073676
0.12706265
0.09750499
0.055881836
0.13213922
0.19995008
0.16487949
0.18039858
0.11145413
0.1715338
0.055542868
0.10904523
0.092292145
0.057469204
0.17506216
0.17796572
0.16112423
0.1407771
0.051763657
0.040716328
0.047777385
0.038788956
0.051776208
0.18327568
0.21729426
0.15790634
0.043015357
0.08526166
0.11069414
0.017094852
0.059662517
0.030613674
0.06792951
0.12042048
0.18211883
0.1267008
0.068901174
0.02228406
0.027234325
0.05627845
0.045583438
0.095272586
0.13339324
0.1091945
0.17637672
0.075662374
0.059152734
0.0887541
0.18067105
0.27389753
0.17922136
0.07214628
0.0998976
0.049512476
0.08865197
0.07088055
0.048946194
0.11205816
0.08906586
0.20925233
0.2856062
0.12570213
0.041774496
0.044699926
0.03596728
0.070567705
0.0674388
0.033758406
0.10617768
0.17422223
0.090559386
0.12040862
0.15079871
0.19572726
0.1446396
0.11004933
0.07203908
0.07489711
0.12944348
0.10255647
0.15995024
0.2252771
0.15496007
0.08067136
0.13671626
0.13626124
0.076602936
0.06016517
0.016497245
0.099480964
0.059631776
0.050266728
0.111053385
0.06108376
0.08102913
0.06922602
0.06390028
0.06784342
0.04771716
0.054168664
0.104612105
0.018329188
0.034038886
0.06404057
0.045937706
0.091670536
0.10479835
0.034881156
0.05552256
0.06138937
0.14566523
0.07212013
0.02158801
0.05833746
0.10250085
0.05737409
0.11202889
0.09833831
0.09876317
0.13905603
0.07247073
0.041920435
0.03211794
0.07308437
0.06522691
0.018168213
0.0558858
0.08014221
0.029863585
0.052356537
0.04379242
0.07474178
0.07625796
0.09670255
0.13634475
0.13284984
0.12425338
0.07582286
0.031916074
0.075041525
0.1519663
0.103076816
0.049140308
0.024318028
0.061272044
0.085943304
0.065256596
0.046085782
0.09358154
0.08637916
0.06772678
0.09830342
0.10566374
0.10565471
0.02950727
0.109918125
0.10895164
0.085237674
0.1289608
0.15429287
0.12810853
0.085501604
0.09269998
0.09053128
0.04275947
0.048385907
0.057150073
0.12342469
0.11034969
0.09222031
0.075574934
0.0075852857
0.033150665
0.03182143
0.034028366
0.06485937
0.07438293
0.11076706
0.07014637
0.06721345
0.07363889
0.08510462
0.08983456
0.031159868
0.1286962
0.13601273
0.01516287
0.13418682
0.13044588
0.037738852
0.007490522
0.06281373
0.09567587
0.20308656
0.14361174
0.08183948
0.04752986
0.025207981
0.02183593
0.07271517
0.018094152
0.065915644
0.07335257
0.04207838
0.17130584
0.15835309
0.12151309
0.05955285
0.09655199
0.0735371
0.010402549
0.05525358
0.075641
0.08292304
0.10426289
0.06994173
0.07295919
0.003742449
0.06435318
0.036541387
0.011986902
0.011420993
0.04223579
0.052748244
0.012080983
0.075685926
0.06699508
0.07973502
0.094985835
0.07142358
0.03656708
0.04785116
0.1396945
0.11326027
0.023276431
0.06783658
0.08706329
0.05434265
0.043551713
0.09811648
0.10211693
0.10167429
0.15700744
0.2330085
0.09074694
0.29070657
0.29786414
0.078411885
0.29935375
0.100550555
0.38059142
0.3587601
0.37641042
0.19806752
0.24847375
0.15220019
0.081847474
0.067096725
0.12898913
0.18428232
0.060338035
0.093197726
0.10654363
0.093346454
0.08601849
0.09169561
0.025374915
0.09639274
0.13796227
0.10380171
0.06633905
0.045313682
0.06045216
0.09514711
0.17940381
0.20875211
0.07881566
0.023368796
0.061171513
0.1052565
0.06475927
0.049103163
0.023582846
0.100145325
0.11181419
0.08241911
0.040756576
0.115380324
0.04312973
0.050326742
0.030267326
0.05393832
0.092629455
0.14118722
0.055011477
0.024231754
0.029065631
0.03568443
0.033637602
0.021494418
0.09998146
0.17584158
0.1560069
0.099447235
0.019809179
0.020096079
0.12628075
0.16483547
0.12725218
0.1187545
0.10122885
0.04290432
0.082910046
0.162489
0.053732045
0.05712356
0.023312217
0.10698263
0.113801144
0.12890455
0.20035245
0.22750708
0.11804507
0.026568178
0.07821426
0.04726344
0.110578135
0.08150385
0.09202372
0.14347367
0.0940218
0.033404592
0.022312934
0.011955416
0.09629511
0.0957948
0.014306775
0.09479476
0.07732081
0.048367225
0.051287107
0.061416935
0.07054157
0.037215214
0.032957003
0.01978998
0.07013643
0.1140943
0.15102498
0.19842853
0.10906693
0.055951566
0.061883904
0.060812317
0.060006157
0.0336198
0.052090596
0.021856878
0.10019709
0.09472272
0.090318486
0.064015225
0.06854844
0.063979104
0.060609106
0.022041028
0.08653614
0.14015037
0.15573363
0.11895866
0.05531783
0.04057156
0.06926512
0.093572885
0.12370986
0.15739071
0.1256477
0.06577963
0.04053979
0.024940353
0.055636216
0.0618465
0.027542949
0.050769523
0.05225627
0.03344631
0.011759399
0.01002457
0.059995215
0.12737358
0.113756776
0.11981372
0.047783755
0.09163447
0.07141473
0.008862086
0.03721147
0.032584563
0.018530833
0.045029055
0.0904254
0.10060384
0.11789099
0.06300314
0.017251734
0.02364195
0.06122822
0.11065072
0.05077157
0.048618194
0.07380096
0.05971966
0.10847712
0.057817243
0.09899129
0.08142941
0.060031552
0.077599525
0.11482918
0.0576892
0.0744348
0.081878245
0.05402736
0.052921087
0.07217049
0.14357562
0.072544165
0.05279542
0.04627636
0.047199007
0.06431243
0.047382284
0.013724114
0.045295123
0.058514122
0.10792593
0.094657436
0.04757169
0.032736056
0.01996417
0.030961066
0.04990624
0.048376348
0.07933326
0.044722814
0.038234707
0.114892915
0.05468744
0.085482955
0.09632396
0.030958446
0.01800066
0.06440776
0.06120049
0.040631384
0.0348579
0.015085813
0.05267408
0.021127306
0.037273258
0.064394
0.05605095
0.046039272
0.04962084
0.09355572
0.09711022
0.020677248
0.06497489
0.07539547
0.057380352
0.0029813873
0.007782076
0.03517382
0.032388672
0.012981198
0.019134194
0.020030677
0.03181946
0.03315366
0.027125625
0.029885652
0.0054868716
0.049973138
0.043760147
0.07547117
0.055783328
0.025589028
0.053866494
0.06321555
0.008524066
0.05289175
0.045540273
0.013009446
0.035103984
0.03889617
0.028052017
0.05712979
0.031552643
0.06971954
0.08534116
0.023575433
0.042913686
0.027080007
0.04065856
0.06860484
0.064116605
0.055823307
0.08158247
0.04268416
0.04058706
0.040904474
0.025423653
0.05149646
0.07989766
0.056497462
0.019385979
0.014247593
0.07295094
0.09386625
0.0473514
0.017802738
0.019097272
0.069560625
0.060403235
0.018525807
0.03667904
0.041449334
0.04231271
0.028870035
0.019047467
0.036690112
0.06152167
0.027387545
0.080032684
0.067567915
0.018123232
0.029012904
0.04691368
0.0545653
0.06929133
0.068585195
0.066974156
0.06095234
0.051207557
0.061765086
0.071314745
0.077933975
0.07703844
0.072977126
0.075766124
0.042324893
0.010096413
0.012694601
0.03784279
0.04416154
0.011446065
0.05356456
0.071503095
0.053105507
0.04265341
0.045244478
0.05008141
0.048376996
0.034319635
0.048167877
0.061248444
0.03426098
0.037349023
0.023976771
0.08167106
0.062050126
0.023056524
0.009966705
0.013313818
0.060522903
0.039880875
0.02036382
0.052161507
0.04946763
0.07364249
0.059657253
0.037190158
0.036605246
0.05258687
0.049799472
0.027915966
0.014878896
0.04949309
0.032466363
0.04321084
0.049073875
0.010186593
0.04206465
0.012344455
0.037075203
0.01960865
0.03467006
0.093813345
0.051988345
0.0063620233
0.006103694
0.0030518398
0.0
0.0061036292
0.0061035934
0.003051775
-0.00305175
-0.0030517213
-0.006103378
-0.0061033056
0.0
-0.006103141
-0.006103047
-0.0061029466
-0.006102839
-0.009154086
-0.006102602
-0.0061024725
-0.009153504
-0.006102192
-0.0091530625
-0.009152825
-0.012203436
-0.012203092
-0.012202732
-0.015252949
-0.0152524635
-0.021352746
-0.021352017
-0.027451623
-0.027450621
-0.024399633
-0.024398685
-0.024397708
-0.02744629
-0.027445126
-0.033542585
-0.027442703
-0.027441444
-0.03353796
-0.027438827
-0.027437469
-0.030484533
-0.030482953
-0.030481339
-0.030479688
-0.030478
-0.030476278
-0.03047452
-0.030472726
-0.036565073
-0.030469028
-0.03351384
-0.036558226
-0.03960218
-0.039599568
-0.03350508
-0.03045708
-0.030454963
-0.033498093
-0.03958581
-0.03958292
-0.03957998
-0.039576996
-0.036529817
-0.03957089
-0.03652409
-0.039564595
-0.042604562
-0.039558116
-0.03955481
-0.036509033
-0.033463735
-0.042586494
-0.04258273
-0.042578917
-0.042575054
-0.039530344
-0.036486153
-0.03648271
-0.039519165
-0.036475703
-0.036472134
-0.039507568
-0.03342613
-0.03646117
-0.036457434
-0.03645365
-0.036449827
-0.033408795
-0.030368375
-0.03036508
-0.033397924
-0.03643006
-0.030354984
-0.030351548
-0.02427846
-0.024275655
-0.027306924
-0.024269959
-0.024267066
-0.02123113
-0.02122855
-0.021225946
-0.018191414
-0.01818914
-0.021217985
-0.018184526
-0.021212552
-0.015149857
-0.009088724
-0.012116697
-0.012115081
-0.012113451
-0.015139759
-0.015137686
-0.0060542384
-0.006053395
-0.015131363
-0.012103375
-0.015127058
-0.012099904
-0.0060490733
-0.006048188
-0.0060472954
-0.0060463957
-0.006045489
-0.006044575
-0.0060436544
-0.0060427263
0.0
0.0060408497
0.0
-0.0030194724
-0.0060379817
0.0
0.0030180172
0.0060350504
0.0060340595
0.0030165305
0.003016028
0.003015522
0.0030150122
0.006028998
0.009041947
0.006026925
0.006025878
0.0030124118
0.0060237623
0.012045388
0.012043238
0.012041073
0.009029171
0.0060183513
0.003008624
0.009024207
0.012030041
0.0090208445
0.01202553
0.012023255
0.012020965
0.015023326
0.012016343
0.018021017
0.012011665
0.012009306
0.018010398
0.009003408
0.015002679
0.011999728
0.017995948
0.017992284
0.017988598
0.01498741
0.014984305
0.014981181
0.014978042
0.01796986
0.01796605
0.014968516
0.014965307
0.017954497
0.014958836
0.014955575
0.020933215
0.014949
0.01195655
0.014942357
0.017926812
0.017922774
0.020905169
0.02090041
0.014925448
0.011937612
0.017902277
0.017898116
0.017893935
0.020871354
0.017885508
0.014901054
0.014897501
0.017872717
0.01786841
0.017864086
0.01785974
0.017855372
0.014875822
0.017846579
0.014868459
0.014864751
0.014861027
0.014857286
0.014853528
0.014849753
0.020784345
0.014842152
0.014838325
0.014834482
0.017796746
0.014826745
0.014822851
0.020746516
0.017778015
0.020735495
0.020729948
0.017763752
0.017758958
0.020713167
0.023665745
0.017744454
0.02365277
0.020690462
0.023639688
0.023633108
0.023626499
0.023619864
0.023613201
0.023606513
0.029499745
0.023593053
0.029482856
0.026526924
0.026519248
0.02945727
0.029448675
0.029440045
0.023545107
0.02353815
0.026472563
0.032345716
0.03233604
0.02938757
0.03231658
0.026432833
0.026424795
0.032287113
0.03227722
0.03226729
0.032257322
0.03224732
0.026375955
0.026367709
0.03221709
0.026351131
0.029269775
0.03218653
0.026326042
0.026317619
0.026309166
0.026300684
0.026292173
0.020442825
0.023355609
0.026266461
0.020422757
0.020416023
0.020409264
0.020402484
0.02039568
0.020388853
0.020382004
0.026196599
0.020368237
0.02036132
0.020354379
0.020347415
0.02034043
0.02033342
0.020326389
0.020319335
0.017410506
0.020305159
0.017398316
0.011594795
0.011590699
0.017379886
0.011582469
0.0173675
0.011574186
0.011570026
0.011565853
0.014452084
0.014446836
0.011553257
0.011549032
0.008658596
0.008655408
0.008652211
0.011532006
0.008645788
0.008642563
0.005759551
0.0028786939
0.005755218
0.0057530417
0.0057508596
0.0057486705
0.0028732377
0.002872137
0.002871033
0.002869926
0.0028688156
0.0
-0.0028665855
0.0
-0.0057286858
-0.005726434
-0.0057241754
-0.005721911
-0.00571964
-0.0057173627
-0.0085726185
-0.011425579
-0.00856574
-0.011416382
-0.008558824
-0.014258918
-0.014253116
-0.014247298
-0.017089756
-0.014235615
-0.0113838
-0.014223869
-0.014217974
-0.017054474
-0.017047362
-0.014200192
-0.017033082
-0.019863565
-0.017018726
-0.017011521
-0.017004298
-0.019829897
-0.019821428
-0.019812936
-0.016975218
-0.016967902
-0.01978733
-0.01977875
-0.02259446
-0.022584608
-0.02257473
-0.016923621
-0.016916178
-0.019726835
-0.019718107
-0.019709358
-0.019700589
-0.016878683
-0.019682985
-0.01967415
-0.019665295
-0.01965642
-0.019647522
-0.022444118
-0.022433903
-0.022423662
-0.022413397
-0.022403108
-0.025191896
-0.022382459
-0.02516861
-0.022361714
-0.022351306
-0.022340873
-0.019539116
-0.022319937
-0.025098113
-0.02508627
-0.022288356
-0.02227778
-0.022267181
-0.022256559
-0.022245914
-0.022235245
-0.022224551
-0.016660376
-0.01665232
-0.02219233
-0.024954235
-0.01939939
-0.0138499355
-0.013843149
-0.013836348
-0.01659544
-0.019351784
-0.01657903
-0.019332599
-0.019322976
-0.016554285
-0.019303668
-0.019293984
-0.022039177
-0.022028062
-0.016512694
-0.019255046
-0.01924526
-0.019235454
-0.021972148
-0.021960896
-0.016462214
-0.019196032
-0.016445251
-0.016436743
-0.02190429
-0.016419675
-0.016411116
-0.019136297
-0.016393946
-0.019116225
-0.021835612
-0.019096075
-0.024539104
-0.024526086
-0.021789372
-0.024499975
-0.02448688
-0.02719307
-0.024460617
-0.027163832
-0.024434254
-0.024421033
-0.029831741
-0.02710502
-0.027090248
-0.032490537
-0.03247274
-0.029750338
-0.029733965
-0.029717563
-0.02970113
-0.03508188
-0.029668173
-0.03234725
-0.029635092
-0.02961851
-0.032292973
-0.032274816
-0.034944676
-0.0322384
-0.029535132
-0.026834877
-0.03218353
-0.032165177
-0.03214679
-0.032128368
-0.026758263
-0.026742859
-0.026727427
-0.029383166
-0.029366132
-0.02668097
-0.026665432
-0.02398488
-0.023970846
-0.023956789
-0.029263308
-0.029246068
-0.026571633
-0.026555907
-0.023886139
-0.023871938
-0.023857713
-0.02119419
-0.021181501
-0.021168793
-0.023800572
-0.023786228
-0.02377186
-0.021117749
-0.021104936
-0.021092102
-0.021079246
-0.02106637
-0.021053473
-0.021040555
-0.023656068
-0.023641488
-0.023626886
-0.023612259
-0.020975653
-0.018342284
-0.018330855
-0.018319407
-0.01569252
-0.013068898
-0.018284954
-0.015662944
-0.01043537
-0.013035959
-0.013027692
-0.01041553
-0.010408896
-0.010402253
-0.010395599
-0.010388935
-0.01038226
-0.010375576
-0.012961103
-0.010362178
-0.010355463
-0.012935924
-0.0077565038
-0.012919076
-0.010328506
-0.010321742
-0.010314968
-0.0077311383
-0.0077260425
-0.00772094
-0.0077158296
-0.007710712
-0.007705587
-0.0077004544
-0.00513021
-0.0025633893
-0.0051233424
-0.0076798517
-0.0076746824
-0.0051130042
-0.0051095486
-0.005106088
-0.0051026223
-0.010198304
-0.0076435157
-0.0025460985
-0.010177425
-0.0076278346
-0.0076225935
-0.01015646
-0.010149452
-0.010142435
-0.0076015564
-0.005064186
-0.010121327
-0.007585704
-0.007580405
-0.0075751
-0.0075697876
-0.007564468
-0.0050394274
-0.0050358716
-0.005032311
-0.0075431196
-0.007537765
-0.0050216024
-0.0075270347
-0.0050144396
-0.005010851
-0.0075108875
-0.005003661
-0.005000059
-0.0024982262
-0.0024964204
-0.0024946127
0.0024928025
0.0
0.0024891752
0.0024873582
-0.004971078
0.0
-0.0049637873
-0.0049601356
-0.0049564787
-0.0024764088
-0.0024745762
-0.004945482
-0.002470904
-0.004938129
-0.002467223
-0.004930758
-0.0049270657
-0.0049233693
-0.004919668
-0.0024579815
-0.0024561265
-0.0024542694
-0.0049048206
-0.0049010976
-0.0024486852
-0.0024468193
0.0
0.0
-0.002441209
-0.004878669
-0.009749832
-0.007306738
0.0
-0.0048636305
-0.0024299303
-0.004856086
-0.0072784605
-0.007272786
-0.0024223684
-0.0048409454
-0.0024185749
-0.0024166747
-0.0072443183
-0.0048257373
-0.0024109625
-0.0024090542
-0.0024071436
-0.0024052311
-0.0048066336
-0.0072042
-0.0023994814
-0.0023975607
-0.002395638
-0.0023937132
-0.0047835726
-0.0047797146
-0.011939632
-0.009543974
-0.004768117
-0.0071463645
-0.0071405475
-0.004756483
-0.0071288953
-0.009497413
-0.007117219
-0.0071113715
-0.011842531
-0.0047331066
-0.014187589
-0.011813207
-0.014164094
-0.0141523285
-0.007070276
-0.011773969
-0.014116962
-0.01410515
-0.0140933255
-0.01408149
-0.011724703
-0.007028892
-0.0070229573
-0.0070170164
-0.0070110695
-0.009340157
-0.006999159
-0.009324261
-0.006987226
-0.006981251
-0.00930036
-0.0023230945
-0.0069632917
-0.009276392
-0.0069512906
-0.002315094
-0.002313089
-0.0023110826
-0.006927222
-0.006921191
-0.0023050513
-0.006909112
-0.009204086
-0.0068970113
-0.009187938
-0.006884889
-0.00687882
-0.0068727448
-0.0045777764
-0.011434298
-0.006854488
-0.0045655943
-0.00684229
-0.006836183
-0.0068300706
-0.004549302
-0.0068178303
-0.0045411345
-0.0045370455
-0.0067994297
-0.0022644287
-0.0022623788
-0.0067809825
-0.0067748227
-0.0022562195
0.0
-0.004504209
-0.0067501334
-0.0044959653
-0.0067377575
-0.0067315623
-0.0067253616
-0.0022397188
-0.0067129456
-0.0044711535
-0.0044670063
-0.004462856
0.002229351
0.0
0.0022251923
-0.0022231105
-0.002221027
0.0
0.002216855
0.0022147668
0.002212677
0.0022105852
0.002208492
0.0022063972
0.0066129025
0.006606608
0.0066003096
0.01099001
0.0065876977
0.006581384
0.0065750666
0.010947906
0.010937362
0.0065560853
0.0065497486
0.006543407
0.008716082
0.008707615
0.013048712
0.013035993
0.010852721
0.010842106
0.010831485
0.015149197
0.010810218
0.015119403
0.015104489
0.008622609
0.015074632
0.01075692
0.010746239
0.015029769
0.012869824
0.01285698
0.012844127
0.017108353
0.017091192
0.01707402
0.019188942
0.017039644
0.01915024
0.012753914
0.01911149
0.019092094
0.014834312
0.016936237
0.016918963
0.016901677
0.016884383
0.021083845
0.016849758
0.018936483
0.02101886
0.016797738
0.018877925
0.01885838
0.016745623
0.025092345
0.01879968
0.018780088
0.020844983
0.01665855
0.016641105
0.02077956
0.020757725
0.020735878
0.020714018
0.016553717
0.020670261
0.024778036
0.022689098
0.024725435
0.022640852
0.020560645
0.02464642
0.02051671
0.02459367
0.024567273
0.022495788
0.022471564
0.02448799
0.022423074
0.024435064
0.022374531
0.024382079
0.026385196
0.024329038
0.024302496
0.02427594
0.02627015
0.028259914
0.028228885
0.028197836
0.028166773
0.026126001
0.026097126
0.028073486
0.02804236
0.030012019
0.029978635
0.025952535
0.023929453
0.02788649
0.02785527
0.027824033
0.027792783
0.027761517
0.025749505
0.025720444
0.027667629
0.027636303
0.027604962
0.025604064
0.025574934
0.02161567
0.023553817
0.021566318
0.023499954
0.02151692
0.021492204
0.023419067
0.021442741
0.023365082
0.021393232
0.021368463
0.02134368
0.017442727
0.01935826
0.017402133
0.017381823
0.019290559
0.017341176
0.01732084
0.015378218
0.017280143
0.015342029
0.015323922
0.015305809
0.015287688
0.013360865
0.011438569
0.015233282
0.013313241
0.015196976
0.015178813
0.013265562
0.013249656
0.013233745
0.011329566
0.01508789
0.013185975
0.015051474
0.013154099
0.013138152
0.014996799
0.01310624
0.013090276
0.011206549
0.011192855
0.011179157
0.013026363
0.011151747
0.012994373
0.01297837
0.011110595
0.01109687
0.011083139
0.011069404
0.011055664
0.01104192
0.009190142
0.011014418
0.009167217
0.010986899
0.0073154215
0.0073062414
0.007297058
0.0054659043
0.0072786836
0.0054521193
0.0054452233
0.0018127753
0.005431426
0.007232699
0.0054176208
0.0072142864
0.0036025383
0.0053968974
0.005389986
0.005383073
0.0053761574
0.00536924
0.0035748808
0.0035702668
0.0053484775
0.0053415527
0.0053346264
0.0071035977
0.0035471788
0.0053138365
0.0053069033
0.0070666242
0.008821718
0.005286093
0.00703887
0.0070296144
0.003510178
0.0070110965
0.007001834
0.0034962848
0.0052374774
0.0034870172
0.005223573
0.0052166185
0.0052096625
0.005202705
0.005195746
0.0069183814
0.0051818243
0.0068998146
0.0034452642
0.00516093
0.0034359752
0.0017156648
0.0034266827
0.0034220351
0.0034173867
0.0034127373
0.0051121307
0.001701718
0.0016993921
0.0033941315
0.001694739
0.0033848237
0.0016900843
0.0016877564
0.0016854281
0.0033661989
0.0033615408
0.003356882
0.0016761112
0.0016737811
0.0016714507
0.0
-0.0016667887
0.0016644573
0.0
0.0
0.0
-0.0016551281
0.0
0.0016504617
0.003296256
0.0016457941
-0.0016434599
0.0
0.0016387906
0.0016364555
0.0
0.0
0.0
-0.0032542257
-0.0032495533
0.0
-0.0032402067
-0.0016177665
0.0
-0.0016130919
0.0
-0.0016084164
-0.0016060785
-0.0016037404
-0.003202804
-0.0015990634
-0.0031934495
-0.0031887717
-0.0015920468
0.0
0.0
0.0
0.0
-0.0015803494
0.0
0.0015756695
0.0015733294
0.0031419783
0.0
0.0015663084
0.0
0.0
0.003118573
0.0015569457
0.0015546049
0.001552264
0.0
0.0015475819
0.0030904815
0.0
0.0015405584
0.0015382172
0.0
0.0015335347
0.0015311934
0.0015288522
0.0
0.0
0.0
0.0015194869
0.0015171455
0.0015148043
0.0015124631
0.0015101219
0.0030155615
0.0030108793
0.0
0.0015007575
0.0014984165
0.0
0.0
-0.0014913941
0.0
0.0
0.0
-0.0014820319
-0.0014796916
-0.0014773514
-0.0014750113
0.0
-0.0014703316
-0.001467992
-0.0014656524
0.0
0.0
0.0014586346
0.0
0.0014539568
0.0014516183
0.0014492797
0.002893883
0.0014446034
0.0028845312
0.0014399278
0.0014375903
0.0014352531
0.001432916
0.0014305791
0.0014282425
0.0014259062
0.00142357
0.0
0.0014188983
0.0014165629
0.0
0.0014118929
-0.0014095583
0.0
0.0
-0.0014025561
-0.0014002225
-0.0013978893
0.0
0.0
0.0
-0.0027771192
-0.001386228
-0.0013838967
-0.0013815657
0.0
-0.0013769048
-0.0013745748
-0.0013722453
-0.001369916
-0.0013675871
-0.0013652586
-0.002725861
-0.0027212056
-0.0013582754
-0.0013559485
-0.001353622
-0.0013512959
-0.0013489701
-0.0013466448
-0.0026886398
-0.0013419954
-0.0013396714
0.0013373479
0.0
0.0
0.0
-0.0026561162
-0.0026514735
-0.0013234159
-0.002642191
-0.0026375512
-0.003949369
-0.003942412
-0.002623638
-0.003928503
-0.003921551
-0.0039146002
-0.0052102017
-0.0052009383
-0.0051916772
-0.0038868138
-0.003879871
-0.00387293
-0.0038659906
-0.005145404
-0.005136156
-0.0051269103
-0.005117667
-0.005108426
-0.006373984
-0.0050899507
-0.0050807167
-0.0076072277
-0.005062256
-0.0050530294
-0.007565708
-0.0050345836
-0.008794388
-0.008778258
-0.008762133
-0.007496583
-0.0074827694
-0.0087137865
-0.00869768
-0.008681579
-0.008665482
-0.0074137626
-0.0086333025
-0.007386188
-0.0073724072
-0.008585068
-0.011017287
-0.008552938
-0.009756434
-0.009738088
-0.0072898106
-0.009701413
-0.009683085
-0.007248571
-0.009646445
-0.007221101
-0.007207372
-0.0071936483
-0.0071799294
-0.009554953
-0.0071525048
-0.0095184
-0.009500132
-0.0071114036
-0.009463617
-0.0070840265
-0.0070703453
-0.009408892
-0.008216831
-0.008200887
-0.008184949
-0.007002014
-0.00815309
-0.008137169
-0.006961076
-0.00694744
-0.008089445
-0.00576682
-0.00575547
-0.008041774
-0.005732783
-0.0057214466
-0.006852137
-0.0056987866
-0.005687463
-0.0034056867
-0.0056648306
-0.005653521
-0.0033853299
-0.0033785498
-0.0033717726
-0.0033649981
-0.0033582265
-0.005585763
-0.005574487
-0.0033379293
-0.0033311693
-0.0033244123
-0.0033176583
-0.0033109072
-0.005506932
-0.003297414
-0.0032906719
-0.005473221
-0.0032771968
-0.0043606185
-0.0054395567
-0.004342676
-0.0032502834
-0.0043247505
-0.0032368454
-0.0032301312
-0.0042978935
-0.0042889495
-0.0032100074
-0.0021355373
-0.0031966078
-0.0021266085
-0.0021221475
-0.004235377
-0.0042264634
-0.0042175543
-0.0031564871
-0.0020998747
-0.0031431403
-0.0020909812
-0.001043269
-0.0041641938
-0.002077658
-0.0010366108
-0.0020687873
-0.0020643554
-0.003089889
-0.0041109975
-0.0020510738
-0.0020466514
-0.0020422311
-0.0010189067
-0.002033398
-0.0030434777
-0.0020245744
-0.0030302494
-0.0020157606
-0.0010056787
-0.0020069564
0.0
-9.990811E-4
-0.0019937688
-0.001989378
0.0
0.0
0.0
0.0
0.0
0.0
0.0
0.0
9.749866E-4
0.0
0.0
0.0
9.6626347E-4
9.64086E-4
9.619098E-4
0.0
9.575615E-4
0.002866168
0.001906437
0.0019020981
0.0028466426
0.0028401425
0.0018890974
0.002827154
0.001880444
0.0018761215
0.0018718017
0.0
0.0027947556
0.0027882885
0.0027818256
0.002775367
0.0018459416
0.0018416415
0.0027560163
0.0027495746
0.0027431373
0.003648939
0.0027302755
0.0018159009
0.0027174314
0.0027110158
0.0036061394
0.003597597
0.0035890606
0.005370795
0.0035720053
0.0035634867
0.005332461
0.005319701
0.00530695
0.005294208
0.0035209835
0.003512501
0.004380031
0.004369443
0.0052306354
0.0043482906
0.0043377257
0.0051926025
0.0025899718
0.004306078
0.0042955447
0.004285019
0.005129401
0.004263991
0.0025520935
0.002545797
0.004232509
0.0042220308
0.004211561
0.0050413185
0.0041906447
0.004180199
0.004169761
0.0041593313
0.004978692
0.004966196
0.004128092
0.003294156
0.0024643838
0.004096926
0.0040865545
0.0032609527
0.0016263343
0.004055489
0.0024270902
0.0032278565
0.004024499
0.004014186
0.0032031052
0.0031948686
7.966597E-4
0.0015892078
0.0031701995
0.001580995
0.003153788
0.0015727963
7.84351E-4
7.8230567E-4
0.0031210482
0.0038911009
0.0038809006
0.003096567
0.0023163157
7.700704E-4
0.0015360749
0.003830031
0.003055907
0.0038097457
0.0037996166
0.0015157985
0.0030235082
0.00452314
0.004511028
0.0052487487
0.0052346443
0.0052205524
0.0044626915
0.0059341798
0.005918119
0.0066398326
0.0058860425
0.005870026
0.0065857777
0.0065677934
0.008733101
0.007983402
0.007961484
0.007939585
0.008637499
0.007895851
0.007874015
0.008566037
0.008542262
0.00851851
0.007786882
0.0091769975
0.008447392
0.00912571
0.009800113
0.009074524
0.009745044
0.009717549
0.009690084
0.008972456
0.009635233
0.00960785
0.009580494
0.008188427
0.008165027
0.008141651
0.008794823
0.00809497
0.008071666
0.008719084
0.00869389
0.008668722
0.00864358
0.0079555055
0.007932346
0.007909212
0.0072289268
0.0072077652
0.007186626
0.0071655093
0.0071444153
0.007123344
0.006456632
0.005793766
0.0064184247
0.0063993516
0.0063803
0.005725142
0.005708033
0.005058616
0.0050434414
0.005028284
0.0050131436
0.00499802
0.004360049
0.0043468457
0.0049527506
0.0049376953
0.0043073245
0.0042941812
0.0030578945
0.0036582332
0.0036470061
0.0024238613
0.0030204921
0.0030111687
0.0024014846
0.0023940434
0.0023866107
0.0023791867
0.0017788287
0.0017732739
0.0017677257
0.0011747894
5.8554974E-4
0.0011674139
5.818664E-4
0.0011600562
0.001156384
5.763581E-4
5.745265E-4
-5.726971E-4
5.7086995E-4
0.0
0.0
5.6540204E-4
-0.0011271678
-5.617681E-4
-5.5995444E-4
-0.0011162863
-0.0011126682
-0.0011090547
-0.0022108916
-0.0022036827
-0.0021964833
-0.0027366162
-0.0016365838
-0.002718675
-0.003251666
-0.0032409357
-0.0032302197
-0.0032195174
-0.003743634
-0.0042642066
-0.0031874948
-0.0037063237
-0.0042216224
-0.0036815319
-0.003669161
-0.004179207
-0.0041651065
-0.004151025
-0.005171202
-0.004638283
-0.004622505
-0.0046067485
-0.005101126
-0.005083667
-0.005572855
-0.0055537024
-0.0055345763
-0.0055154767
-0.005996077
-0.005975299
-0.00595455
-0.00593383
-0.006405901
-0.0068745576
-0.0063611665
-0.0063388464
-0.006802447
-0.007262656
-0.0072370125
-0.007211406
-0.0071858363
-0.007160303
-0.0076104617
-0.0075833057
-0.0070839273
-0.007058543
-0.0075020758
-0.0074750786
-0.0074481214
-0.008348855
-0.0087807635
-0.008288426
-0.008258279
-0.008685299
-0.0081981225
-0.008621896
-0.008138146
-0.008108227
-0.008078352
-0.007601383
-0.007573255
-0.008432837
-0.008401496
-0.008370204
-0.00833896
-0.007870514
-0.0074053956
-0.0073775714
-0.0077821314
-0.007752763
-0.0077234413
-0.0072667124
-0.007239107
-0.0072115464
-0.0071840296
-0.006735583
-0.0067097675
-0.006683994
-0.006242121
-0.0066325725
-0.0061939918
-0.006169986
-0.0057362854
-0.0048976745
-0.0052851113
-0.004859486
-0.004840439
-0.0048214244
-0.004802441
-0.005182114
-0.004367523
-0.0047456827
-0.004726827
-0.0043156696
-0.0046892115
-0.004670452
-0.0042640804
-0.004246943
-0.0042298352
-0.003829779
-0.0041957083
-0.0045585698
-0.003405027
-0.00414474
-0.0037525545
-0.0033634717
-0.0037218542
-0.0037065446
-0.0033221361
-0.0033084066
-0.0032947015
-0.003281021
-0.0029043248
-0.002892208
-0.0028801134
-0.0028680407
-0.0028559898
-0.0028439611
-0.0028319545
-0.00281997
-0.0028080074
-0.003495084
-0.0027841488
-0.0027722528
-0.0031054264
-0.0030920934
-0.0023946108
-0.0030655025
-0.0030522447
-0.002701344
-0.0030258046
-0.0030126225
-0.0026661914
-0.0026545187
-0.0026428686
-0.002631241
-0.0022921814
-0.0026080534
-0.0035701785
-0.0029080757
-0.0022517613
-0.0028821933
-0.0019128602
-0.0019042753
-0.0031595125
-0.0034597872
-0.0031310385
-0.002181791
-3.1026787E-4
-0.0018531252
-0.0018446601
-0.001530177
-0.002132412
-0.0015161404
-0.0018109726
-9.012969E-4
-8.971162E-4
-0.0023811844
-0.0014813014
0.0
-8.8048016E-4
-8.763429E-4
8.722143E-4
-0.001446824
-0.0014399723
-5.73254E-4
-0.0011410498
0.0
0.001695253
-0.0011247456
-0.0011193343
-5.569673E-4
-0.0011085467
2.7579267E-4
-0.0019211611
2.7311343E-4
2.7177826E-4
-0.0010817841
-5.382335E-4
2.6779043E-4
5.3293415E-4
-5.302934E-4
2.6382925E-4
2.625148E-4
-2.6120333E-4
2.5989482E-4
5.171786E-4
-2.5728677E-4
0.0010239489
-2.5469068E-4
2.533971E-4
0.0012605326
2.5081896E-4
9.981375E-4
0.0
4.939485E-4
9.827949E-4
4.888524E-4
4.8631334E-4
9.675607E-4
-4.812534E-4
4.7873252E-4
9.524353E-4
0.0
0.0014136186
9.374191E-4
-4.6621903E-4
9.274691E-4
9.225124E-4
0.0
0.0013689533
6.8078656E-4
0.0
8.9791196E-4
-4.4651428E-4
-2.2203937E-4
8.8329864E-4
0.0
6.5521343E-4
2.1719899E-4
-6.479898E-4
4.2959454E-4
2.1360104E-4
-2.124079E-4
2.1121786E-4
-2.100309E-4
-6.265412E-4
-2.0766631E-4
2.0648866E-4
-2.0531412E-4
4.0828536E-4
2.0297436E-4
-2.0180915E-4
4.0129412E-4
-5.984643E-4
1.9833224E-4
1.9717953E-4
-1.9602993E-4
3.8976694E-4
-1.9374014E-4
-1.9259995E-4
0.0
1.9032898E-4
1.8919821E-4
3.761412E-4
3.7389225E-4
1.858248E-4
1.8470665E-4
0.0
3.6495956E-4
9.068555E-4
5.407968E-4
7.1665295E-4
8.903203E-4
5.3090416E-4
0.0010552513
8.7392784E-4
8.684955E-4
0.0010356948
0.0010292142
8.52294E-4
0.0010163104
0.0010098873
0.0013379777
0.0013294646
0.0014860993
0.0014765798
9.780594E-4
0.00113371
0.0014481943
0.001598656
0.0015882392
0.0015778546
0.0014107521
0.0015571822
0.0017015837
0.0016903026
0.0018316986
0.0021227144
0.0015060661
0.0014959398
0.0020801844
0.0016233631
0.002052058
0.0018924872
0.001590375
0.0017230368
0.0018537546
0.0016993185
0.0021093977
0.0020946958
0.001525365
0.0017900475
0.0017774334
0.0016291033
0.0018871278
0.0017398464
0.0017274027
0.0017150014
0.0017026429
0.0016903271
0.001678054
0.0016658236
0.0017808388
0.0015152227
0.0012533764
0.0012441002
0.0014818284
0.0015933408
0.0013381166
0.0013280581
0.0011982145
0.0010702229
0.0011800918
0.0012881882
0.0012783118
0.001268472
0.0011442443
9.0829236E-4
0.0010138679
8.94166E-4
0.0011089285
0.0011001828
8.731763E-4
8.662331E-4
8.5931655E-4
8.5242675E-4
9.512591E-4
9.4356824E-4
7.27928E-4
7.219931E-4
8.18379E-4
8.1164984E-4
0.0010061844
9.9784E-4
8.905762E-4
9.81252E-4
8.7570754E-4
8.6831854E-4
0.0010522843
9.4847946E-4
8.4633345E-4
9.322953E-4
8.318284E-4
0.0010078707
9.08272E-4
9.003318E-4
0.0010709105
9.730081E-4
7.890427E-4
9.558001E-4
8.611382E-4
7.68061E-4
9.3026774E-4
9.218315E-4
7.4735406E-4
5.7595444E-4
7.337022E-4
8.884605E-4
8.0019207E-4
4.7563604E-4
4.7117734E-4
6.223187E-4
6.1642827E-4
4.5792383E-4
5.2913814E-4
5.9892074E-4
3.707122E-4
3.6711604E-4
4.3624436E-4
4.3197002E-4
2.8514414E-4
3.5290243E-4
2.0963511E-4
2.7671873E-4
3.4242208E-4
2.7117034E-4
2.0131258E-4
1.3283845E-4
1.972131E-4
6.505961E-5
6.438496E-5
1.9114125E-4
6.304598E-5
-2.4952667E-4
-6.1720784E-5
1.2212672E-4
-3.6245625E-4
-1.7927654E-4
-1.1822353E-4
-3.5080884E-4
-2.3131187E-4
-2.2876501E-4
-3.3934796E-4
-3.3556917E-4
-2.765093E-4
-3.2807392E-4
-3.2435745E-4
-4.27549E-4
-3.1698687E-4
-3.133328E-4
-3.6131614E-4
-4.0811618E-4
-4.0332737E-4
-3.9856636E-4
-3.4460402E-4
-4.3776876E-4
-4.8056277E-4
-4.2727555E-4
-5.158706E-4
-4.1690763E-4
-4.1177068E-4
-4.9703516E-4
-4.9083336E-4
-4.846699E-4
-4.7854485E-4
-5.1540893E-4
-5.088108E-4
-5.022546E-4
-4.957403E-4
-5.3004036E-4
-5.633106E-4
-5.1615335E-4
-5.0927803E-4
-5.79748E-4
-4.57536E-4
-5.641445E-4
-5.1932683E-4
-4.3900104E-4
-5.7720917E-4
-4.979972E-4
-5.26056E-4
-5.5316923E-4
-4.7710972E-4
-5.0383445E-4
-4.634305E-4
-4.566647E-4
-4.8208726E-4
-5.382695E-4
-4.6785286E-4
-4.6081483E-4
-4.538296E-4
-4.1710402E-4
-4.693521E-4
-4.6207025E-4
-4.2641698E-4
-4.7565546E-4
-3.8549272E-4
-3.7931855E-4
-3.9985048E-4
-3.933412E-4
-4.1267718E-4
-3.804815E-4
-3.4918904E-4
-3.6783374E-4
-3.3748345E-4
-3.3170488E-4
-3.4925982E-4
-2.97418E-4
-2.9219018E-4
-3.3116346E-4
-2.6019005E-4
-2.7678278E-4
-3.1354508E-4
-2.8726E-4
-3.020652E-4
-2.7664469E-4
-2.5202494E-4
-2.6622793E-4
-2.7974363E-4
-2.925827E-4
-2.86829E-4
-2.9870283E-4
-2.7549197E-4
-2.361701E-4
-2.6438228E-4
-2.9127678E-4
-2.851875E-4
-2.4814418E-4
-2.4284524E-4
-2.2275302E-4
-2.17892E-4
-2.4149558E-4
-2.2221873E-4
-2.3077974E-4
-1.9898171E-4
-1.9438766E-4
-2.0250349E-4
-2.1007449E-4
-2.0504958E-4
-1.8831555E-4
-1.6073775E-4
-1.4555294E-4
-1.528108E-4
-1.4892222E-4
-1.6580982E-4
-1.513874E-4
-1.3755618E-4
-1.3386742E-4
-1.3022865E-4
-1.4473127E-4
-1.4068694E-4
-1.3669975E-4
-1.16173505E-4
-1.0472869E-4
-1.0162845E-4
-1.0615733E-4
-1.1027002E-4
-9.973009E-5
-8.969215E-5
-9.350308E-5
-7.107939E-5
-7.497974E-5
-7.849969E-5
-6.4153566E-5
-6.755311E-5
-5.430288E-5
-4.711257E-5
-5.0427523E-5
-3.883484E-5
-4.2025848E-5
-4.0394734E-5
-3.4485205E-5
-2.895606E-5
-3.1728734E-5
-2.2795119E-5
-2.1815189E-5
-2.7809017E-5
-1.991984E-5
-1.9004427E-5
-1.2073682E-5
-8.619065E-6
-1.0924834E-5
-1.555789E-5
-9.833362E-6
-1.3963719E-5
-8.799277E-6
-6.227817E-6
-9.778232E-6
-5.5168252E-6
-3.45165E-6
-3.2325934E-6
-3.0207138E-6
-1.408006E-6
-3.9277325E-6
-3.6422152E-6
-2.2449776E-6
-3.103487E-6
-1.9001849E-6
-8.6927935E-7
-2.37617E-6
-1.4368491E-6
-6.483831E-7
-5.8193257E-7
-5.19073E-7
0.0
0.0
0.0
3.0354812E-7
5.1729165E-7
2.1733533E-7
3.592334E-7
2.9098015E-7
1.14955505E-7
1.7602613E-7
3.2331414E-7
1.3471451E-7
1.4369573E-7
9.6994754E-8
3.5924018E-8
1.0777212E-8
0.0
