0.01631847
0.017991427
0.022143602
0.027389772
0.03284071
0.038006313
0.042597525
0.046431504
0.049392506
0.05141515
0.052476287
0.052590024
0.05180368
0.050193768
0.047861714
0.044929184
0.041533213
0.037821215
0.033946056
0.030061303
0.026316395
0.022851171
0.019788168
0.017220525
0.015194504
0.013691736
0.012625131
0.011860266
0.011254579
0.010691896
0.010098458
0.009442749
0.008727413
0.007979231
0.0072394055
0.006554162
0.0059648757
0.005497776
0.0051558996
0.0049180775
0.004747114
0.004602839
0.004453048
0.004278849
0.004075152
0.0038484018
0.0036130124
0.0033871224
0.0031878962
0.0030269048
0.0029068536
0.0028211838
0.0027569232
0.002699295
0.002635917
0.002559307
0.002467621
0.0023640948
0.002255667
0.0021510597
0.0020585656
0.0019839106
0.0019288029
0.001890757
0.0018642681
0.0018427486
0.0018203688
0.0017932272
0.0017597211
0.0017202706
0.0016766326
0.00163104
0.0015853905
0.0015406776
0.0014968023
0.0014527823
0.0014072455
0.0013590145
0.0013075885
0.0012533941
0.0011977552
0.0011426053
0.0010900191
0.0010417033
9.986202E-4
9.6091354E-4
9.282087E-4
9.0020534E-4
8.773475E-4
8.6128863E-4
8.5488555E-4
8.615528E-4
8.840787E-4
9.2339894E-4
9.78004E-4
0.0010442784
0.0011174629
0.001192698
0.001265818
0.0013338208
0.001395064
0.0014492447
0.0014971975
0.0015405426
0.0015812231
0.0016210068
0.0016610477
0.0017016134
0.001742035
0.0017808845
0.0018163106
0.00184644
0.0018697507
0.0018853481
0.001893112
0.001893697
0.0018883995
0.0018789084
0.0018669826
0.0018541086
0.0018412066
0.0018284459
0.0018152135
0.0018002329
0.0017818005
0.001758077
0.0017273701
0.0016883668
0.0016402852
0.0015829473
0.0015167766
0.0014427399
0.0013622481
0.0012770325
0.001189009
0.0011001405
0.0010123042
9.271685E-4
8.460834E-4
7.6999044E-4
6.993616E-4
6.3417846E-4
5.739643E-4
5.1787455E-4
4.6483707E-4
4.137224E-4
3.6351307E-4
3.1344825E-4
2.6313183E-4
2.1261816E-4
1.6254198E-4
1.1455135E-4
7.3303745E-5
5.428441E-5
7.27517E-5
1.07607004E-4
1.441872E-4
1.7849145E-4
2.0931389E-4
2.3639701E-4
2.5998507E-4
2.8066002E-4
2.9924331E-4
3.16719E-4
3.3417382E-4
3.5275714E-4
3.7365756E-4
3.980805E-4
4.2720485E-4
4.621015E-4
5.036173E-4
5.5225025E-4
6.080522E-4
6.7058695E-4
7.389495E-4
8.118378E-4
8.876585E-4
9.64652E-4
0.0010410227
0.0011150676
0.0011852937
0.0012505188
0.0013099501
0.0013632294
0.0014104423
0.001452085
0.0014889835
0.0015221712
0.00155273
0.0015816155
0.001609489
0.0016365836
0.001662631
0.0016868587
0.0017080597
0.0017247202
0.0017351835
0.0017378271
0.0017312337
0.0017143431
0.0016865737
0.0016479106
0.0015989554
0.0015409337
0.0014756548
0.0014054143
0.0013328326
0.0012606186
0.0011912675
0.0011267194
0.0010680467
0.0010152683
9.6738734E-4
9.2269754E-4
8.793212E-4
8.3588855E-4
7.922638E-4
7.502427E-4
7.1410165E-4
6.9064874E-4
6.8808935E-4
7.132692E-4
7.6854054E-4
8.508242E-4
9.534141E-4
0.001068448
0.0011884513
0.0013069307
0.0014185043
0.0015188971
0.001604921
0.0016744635
0.0017264792
0.0017609637
0.001778897
0.001782141
0.0017732781
0.0017553811
0.0017317134
0.0017053697
0.0016788943
0.0016539373
0.0016310205
0.0016094786
0.001587594
0.0015628927
0.0015325292
0.0014936811
0.0014438891
0.0013813159
0.0013049168
0.0012145343
0.0011109387
9.958383E-4
8.718986E-4
7.4283255E-4
6.136943E-4
4.916654E-4
3.8780193E-4
3.190499E-4
3.0235152E-4
3.3435438E-4
3.9198928E-4
4.552659E-4
5.1354774E-4
5.622302E-4
6.001117E-4
6.281434E-4
6.4878317E-4
6.654899E-4
6.821271E-4
7.0221064E-4
7.2811346E-4
7.6048897E-4
7.9814665E-4
8.3839084E-4
8.776143E-4
9.119001E-4
9.3749096E-4
9.511006E-4
9.5009746E-4
9.3260175E-4
8.9752633E-4
8.44584E-4
7.742759E-4
6.878807E-4
5.874837E-4
4.7615566E-4
3.5868137E-4
2.446867E-4
1.6327311E-4
1.7891641E-4
2.7462692E-4
3.9117332E-4
5.080178E-4
6.179311E-4
7.1723654E-4
8.0371473E-4
8.7606703E-4
9.33754E-4
9.769346E-4
0.0010064234
0.0010236364
0.0010305023
0.0010293277
0.0010226051
0.00101276
0.0010018562
9.912986E-4
9.815975E-4
9.7225956E-4
9.6184056E-4
9.481458E-4
9.285221E-4
9.0017373E-4
8.60449E-4
8.070738E-4
7.383379E-4
6.5326446E-4
5.5184565E-4
4.3561438E-4
3.0976834E-4
1.9454896E-4
1.7341104E-4
2.9278605E-4
4.6360312E-4
6.507792E-4
8.437894E-4
0.001036753
0.0012249672
0.0014041737
0.0015704046
0.0017199883
0.0018496064
0.001956366
0.0020378712
0.0020922858
0.0021183847
0.0021155886
0.002083981
0.002024307
0.0019379549
0.0018269203
0.0016937575
0.0015415235
0.001373724
0.0011942806
0.0010075617
8.1858155E-4
6.336809E-4
4.6273734E-4
3.2636448E-4
2.6888863E-4
3.177323E-4
4.2313058E-4
5.399373E-4
6.5044715E-4
7.4775895E-4
8.287954E-4
8.921517E-4
9.373432E-4
9.6449075E-4
9.7416015E-4
9.672695E-4
9.450292E-4
9.0890744E-4
8.6061755E-4
8.021354E-4
7.3575653E-4
6.64216E-4
5.909035E-4
5.20209E-4
4.579548E-4
4.115149E-4
3.8846675E-4
3.9288704E-4
4.2218206E-4
4.6881457E-4
5.245873E-4
5.829759E-4
6.3935475E-4
6.905506E-4
7.344176E-4
7.6956E-4
7.9516816E-4
8.109218E-4
8.1692747E-4
8.136715E-4
8.019751E-4
7.829463E-4
7.5792376E-4
7.284096E-4
6.9598976E-4
6.6224183E-4
6.2863313E-4
5.964151E-4
5.665279E-4
5.3953385E-4
5.1559915E-4
4.945351E-4
4.758948E-4
4.5910262E-4
4.4358498E-4
4.2887396E-4
4.1466768E-4
4.008435E-4
3.87432E-4
3.7456283E-4
3.6239912E-4
3.510752E-4
3.4065256E-4
3.3110418E-4
3.2232943E-4
3.141936E-4
3.0657835E-4
2.994271E-4
2.9277004E-4
2.8671915E-4
2.814295E-4
2.7703264E-4
2.7355735E-4
2.7085943E-4
2.6858365E-4
2.6617065E-4
2.6290663E-4
2.5800153E-4
2.5067572E-4
2.4024016E-4
2.2616163E-4
2.0811113E-4
1.8599963E-4
1.6001181E-4
1.3066703E-4
9.901184E-5
6.743908E-5
4.386993E-5
4.8259764E-5
7.671401E-5
1.1149389E-4
1.4679038E-4
1.8061974E-4
2.1201005E-4
2.4044808E-4
2.657467E-4
2.8799885E-4
3.0753997E-4
3.2489424E-4
3.4069645E-4
3.5559182E-4
3.701257E-4
3.846445E-4
3.9922932E-4
4.136791E-4
4.2754476E-4
4.4020332E-4
4.5095375E-4
4.5911578E-4
4.6411905E-4
4.6557438E-4
4.6332463E-4
4.5747304E-4
4.4838872E-4
4.3668694E-4
4.231812E-4
4.088035E-4
3.944921E-4
3.8105357E-4
3.6902E-4
3.5853594E-4
3.493126E-4
3.4067105E-4
3.316624E-4
3.2122876E-4
3.083615E-4
2.9222734E-4
2.7225175E-4
2.4816254E-4
2.2000224E-4
1.881197E-4
1.5315192E-4
1.1601771E-4
7.800401E-5
4.156205E-5
2.0963593E-5
4.373588E-5
7.4315976E-5
1.0207098E-4
1.2508346E-4
1.424313E-4
1.5358735E-4
1.5833988E-4
1.5679061E-4
1.4937557E-4
1.3691187E-4
1.20704695E-4
1.0279594E-4
8.647154E-5
7.671131E-5
7.829323E-5
9.092869E-5
1.09892055E-4
1.3080535E-4
1.5099123E-4
1.689996E-4
1.8419247E-4
1.9655871E-4
2.0663587E-4
2.154444E-4
2.243656E-4
2.3491592E-4
2.4842224E-4
2.6569073E-4
2.8680995E-4
3.111676E-4
3.3763313E-4
3.6479384E-4
3.9115976E-4
4.1531053E-4
4.359916E-4
4.5217702E-4
4.631111E-4
4.683378E-4
4.6772175E-4
4.614629E-4
4.5010634E-4
4.3454557E-4
4.1601658E-4
3.9607208E-4
3.7651564E-4
3.5926438E-4
3.461094E-4
3.383865E-4
3.3665795E-4
3.4057494E-4
3.490259E-4
3.6049908E-4
3.7348145E-4
3.8676237E-4
3.9961044E-4
4.1185084E-4
4.2387214E-4
4.365715E-4
4.5122948E-4
4.6930515E-4
4.9216696E-4
5.2081305E-4
5.556609E-4
5.964681E-4
6.4238615E-4
6.921013E-4
7.4400177E-4
7.963288E-4
8.472973E-4
8.951852E-4
9.384006E-4
9.755329E-4
0.0010053931
0.0010270462
0.0010398374
0.0010434106
0.0010377206
0.001023035
9.999286E-4
9.692644E-4
9.321634E-4
8.899575E-4
8.4412633E-4
7.962147E-4
7.477298E-4
7.000231E-4
6.5416563E-4
6.1083783E-4
5.702616E-4
5.322055E-4
4.960833E-4
4.611457E-4
4.2674784E-4
3.9266932E-4
3.59477E-4
3.2891976E-4
3.0425796E-4
2.9013664E-4
2.912746E-4
3.100192E-4
3.44917E-4
3.918697E-4
4.4617965E-4
5.036777E-4
5.609664E-4
6.15341E-4
6.64678E-4
7.073637E-4
7.4226025E-4
7.686923E-4
7.8644016E-4
7.9572917E-4
7.9720566E-4
7.918942E-4
7.811279E-4
7.6644676E-4
7.494613E-4
7.3168415E-4
7.143455E-4
6.982222E-4
6.835204E-4
6.69846E-4
6.5627776E-4
6.415239E-4
6.241222E-4
6.026393E-4
5.758358E-4
5.427846E-4
5.029399E-4
4.5616628E-4
4.0273578E-4
3.4330436E-4
2.788771E-4
2.1078331E-4
1.4074058E-4
7.166184E-5
2.7266002E-5
7.765197E-5
1.3976409E-4
1.9776438E-4
2.4935507E-4
2.9326507E-4
3.2863457E-4
3.549332E-4
3.7194404E-4
3.7975475E-4
3.787439E-4
3.695602E-4
3.5309614E-4
3.3045813E-4
3.0293857E-4
2.719969E-4
2.392609E-4
2.0656642E-4
1.7605053E-4
1.5027159E-4
1.3213274E-4
1.2405132E-4
1.263401E-4
1.3672432E-4
1.5200878E-4
1.696866E-4
1.8828489E-4
2.070978E-4
2.2586751E-4
2.445515E-4
2.6317112E-4
2.8171964E-4
3.0011416E-4
3.181785E-4
3.3564682E-4
3.5217786E-4
3.673723E-4
3.8078855E-4
3.9195453E-4
4.003759E-4
4.0554197E-4
4.0693188E-4
4.040229E-4
3.9630284E-4
3.8328732E-4
3.6454198E-4
3.3970957E-4
3.0854114E-4
2.7093265E-4
2.2697501E-4
1.770507E-4
1.2215706E-4
6.599371E-5
4.078871E-5
9.261152E-5
1.6227968E-4
2.3560041E-4
3.096079E-4
3.824373E-4
4.524371E-4
5.180394E-4
5.777571E-4
6.302114E-4
6.7416724E-4
7.0856855E-4
7.325701E-4
7.455631E-4
7.471943E-4
7.3737645E-4
7.1629096E-4
6.843814E-4
6.423393E-4
5.9108186E-4
5.3172343E-4
4.655414E-4
3.9393888E-4
3.184067E-4
2.4049208E-4
1.6180081E-4
8.424423E-5
1.8909072E-5
7.010363E-5
1.380784E-4
2.0161277E-4
2.593193E-4
3.1048467E-4
3.5465902E-4
3.9159268E-4
4.2121107E-4
4.4359424E-4
4.5895623E-4
4.6762373E-4
4.700143E-4
4.666156E-4
4.579661E-4
4.446381E-4
4.2722322E-4
4.0632064E-4
3.8252788E-4
3.564331E-4
3.2860928E-4
2.9960874E-4
2.6995788E-4
2.4015167E-4
2.1064757E-4
1.8185905E-4
1.5414903E-4
1.2782426E-4
1.0313143E-4
8.025792E-5
5.9341495E-5
4.0506344E-5
2.4015468E-5
1.1386415E-5
1.12918415E-5
2.0644438E-5
3.0104178E-5
3.8315608E-5
4.502467E-5
5.0115792E-5
5.3494277E-5
5.507983E-5
5.4834865E-5
5.2822066E-5
4.9310835E-5
4.4982135E-5
4.1286694E-5
4.0710085E-5
4.5800574E-5
5.7105404E-5
7.336671E-5
9.314973E-5
1.15395305E-4
1.3933251E-4
1.6435192E-4
1.899391E-4
2.15648E-4
2.4109385E-4
2.6595395E-4
2.8997016E-4
3.1295032E-4
3.3476614E-4
3.553478E-4
3.7467404E-4
3.9275934E-4
4.0963854E-4
4.2535062E-4
4.3992326E-4
4.533597E-4
4.6562927E-4
4.76662E-4
4.8634806E-4
4.94541E-4
5.010649E-4
5.0572277E-4
5.0830794E-4
5.0861464E-4
5.0644967E-4
5.016437E-4
4.940625E-4
4.83618E-4
4.7027972E-4
4.54086E-4
4.3515564E-4
4.1369908E-4
3.9002928E-4
3.6457184E-4
3.378734E-4
3.106073E-4
2.8357358E-4
2.5768654E-4
2.3393858E-4
2.133195E-4
1.9667299E-4
1.8449976E-4
1.7678297E-4
1.7296372E-4
1.7213462E-4
1.7337092E-4
1.7604257E-4
1.8000508E-4
1.8564475E-4
1.9377799E-4
2.0541222E-4
2.214192E-4
2.4224022E-4
2.677456E-4
2.9727462E-4
3.2978083E-4
3.6399256E-4
3.9854087E-4
4.3205015E-4
4.632013E-4
4.907792E-4
5.137114E-4
5.31101E-4
5.422544E-4
5.467042E-4
5.4422574E-4
5.3484674E-4
5.1884947E-4
4.9676455E-4
4.6935692E-4
4.376024E-4
4.0265606E-4
3.658099E-4
3.284379E-4
2.9192292E-4
2.5755653E-4
2.2640302E-4
1.991295E-4
1.7583772E-4
1.5598115E-4
1.38463E-4
1.2193699E-4
1.05228595E-4
8.7810906E-5
7.0501264E-5
5.6967372E-5
5.5095934E-5
6.949296E-5
9.47699E-5
1.2494696E-4
1.5665306E-4
1.8780008E-4
2.168358E-4
2.4250358E-4
2.6378318E-4
2.7989285E-4
2.9031103E-4
2.948036E-4
2.9345154E-4
2.8667768E-4
2.7527395E-4
2.6042855E-4
2.4374519E-4
2.2722452E-4
2.1313298E-4
2.0364327E-4
2.0021302E-4
2.0298241E-4
2.1069177E-4
2.2122794E-4
2.3234473E-4
2.4214714E-4
2.4929765E-4
2.530735E-4
2.5337984E-4
2.5076297E-4
2.4642228E-4
2.4217738E-4
2.402969E-4
2.4307998E-4
2.522116E-4
2.681924E-4
2.9022965E-4
3.1661693E-4
3.4526462E-4
3.7409505E-4
4.0124828E-4
4.251632E-4
4.446E-4
4.5864095E-4
4.6668344E-4
4.684303E-4
4.6387754E-4
4.5329996E-4
4.3723502E-4
4.1646647E-4
3.920098E-4
3.651022E-4
3.3719756E-4
3.0996092E-4
2.8524117E-4
2.649736E-4
2.5094513E-4
2.4440506E-4
2.456794E-4
2.5408188E-4
2.6823403E-4
2.8655626E-4
3.076304E-4
3.303429E-4
3.538781E-4
3.776495E-4
4.0122351E-4
4.2425626E-4
4.4645034E-4
4.6752978E-4
4.8722985E-4
5.052972E-4
5.2149646E-4
5.356189E-4
5.4749125E-4
5.5698113E-4
5.6399975E-4
5.6850025E-4
5.7047256E-4
5.699363E-4
5.6693197E-4
5.615135E-4
5.5374217E-4
5.436844E-4
5.314128E-4
5.1701174E-4
5.0058606E-4
4.8227195E-4
4.622485E-4
4.4074812E-4
4.1806322E-4
3.945484E-4
3.7061507E-4
3.46718E-4
3.2333256E-4
3.009226E-4
2.7990187E-4
2.6059322E-4
2.4319655E-4
2.2777637E-4
2.1428178E-4
2.0260319E-4
1.9265896E-4
1.8449267E-4
1.7835044E-4
1.7470068E-4
1.7415978E-4
1.7731349E-4
1.8448726E-4
1.9557693E-4
2.1002689E-4
2.26941E-4
2.4524026E-4
2.6379677E-4
2.8152243E-4
2.9742077E-4
3.106173E-4
3.203784E-4
3.261242E-4
3.2743727E-4
3.240678E-4
3.1593474E-4
3.0312352E-4
2.8588038E-4
2.646043E-4
2.398391E-4
2.1226937E-4
1.8273045E-4
1.5225344E-4
1.2220118E-4
9.463743E-5
7.317529E-5
6.352408E-5
6.881457E-5
8.404718E-5
1.027226E-4
1.2126934E-4
1.3805658E-4
1.5235826E-4
1.6391007E-4
1.7273113E-4
1.7904394E-4
1.8322928E-4
1.8579098E-4
1.8731828E-4
1.8843896E-4
1.8976095E-4
1.9180638E-4
1.9494975E-4
1.9937662E-4
2.05076E-4
2.1186868E-4
2.1946056E-4
2.2750422E-4
2.3565431E-4
2.4360897E-4
2.511357E-4
2.5808305E-4
2.643806E-4
2.7002953E-4
2.7508516E-4
2.7963356E-4
2.837642E-4
2.875418E-4
2.9098074E-4
2.9402666E-4
2.965475E-4
2.983371E-4
2.991302E-4
2.9862794E-4
2.965313E-4
2.9257973E-4
2.8659325E-4
2.7851757E-4
2.6847256E-4
2.5680507E-4
2.4414618E-4
2.3146527E-4
2.2009476E-4
2.1166672E-4
2.0787481E-4
2.1003548E-4
2.1862218E-4
2.3309492E-4
2.5214316E-4
2.7411387E-4
2.9735174E-4
3.203716E-4
3.4191294E-4
3.6094093E-4
3.7663162E-4
3.883555E-4
3.9566346E-4
3.9827474E-4
3.9606518E-4
3.8905538E-4
3.7739723E-4
3.613595E-4
3.4131194E-4
3.1770888E-4
2.91073E-4
2.6198063E-4
2.3105052E-4
1.9893897E-4
1.6634948E-4
1.3407461E-4
1.0312487E-4
7.512366E-5
5.350342E-5
4.516246E-5
5.326429E-5
6.9725706E-5
8.7722176E-5
1.0452168E-4
1.1904565E-4
1.3083513E-4
1.3973309E-4
1.4578534E-4
1.4921253E-4
1.50407E-4
1.4993416E-4
1.4852261E-4
1.470239E-4
1.4632076E-4
1.4717651E-4
1.5005653E-4
1.5499647E-4
1.6158688E-4
1.690761E-4
1.7652789E-4
1.8296624E-4
1.8747781E-4
1.8927414E-4
1.8772775E-4
1.8239392E-4
1.7302668E-4
1.5959516E-4
1.4230976E-4
1.2168124E-4
9.868417E-5
7.527356E-5
5.6066518E-5
5.0909337E-5
6.513525E-5
9.002401E-5
1.18137235E-4
1.4619659E-4
1.7255776E-4
1.9622233E-4
2.1654926E-4
2.3317212E-4
2.4597824E-4
2.551051E-4
2.6093496E-4
2.6407783E-4
2.6533162E-4
2.6561075E-4
2.6583773E-4
2.6680366E-4
2.690243E-4
2.726336E-4
2.7735418E-4
2.825554E-4
2.8737469E-4
2.908609E-4
2.92106E-4
2.9034936E-4
2.8505494E-4
2.7597047E-4
2.631794E-4
2.4715936E-4
2.2886092E-4
2.0981465E-4
1.9224013E-4
1.7901388E-4
1.731593E-4
1.7664605E-4
1.8927178E-4
2.0888682E-4
2.3263907E-4
2.5794643E-4
2.8282483E-4
3.0588135E-4
3.2623028E-4
3.4341984E-4
3.5738086E-4
3.683855E-4
3.770033E-4
3.8404114E-4
3.9045673E-4
3.972424E-4
4.0528568E-4
4.1522953E-4
4.2736487E-4
4.4158445E-4
4.5740846E-4
4.7406703E-4
4.906109E-4
5.06022E-4
5.1930617E-4
5.295618E-4
5.36025E-4
5.3809676E-4
5.353554E-4
5.2755896E-4
5.1464024E-4
4.9669755E-4
4.7398146E-4
4.4688015E-4
4.1590512E-4
3.8167855E-4
3.449262E-4
3.064806E-4
2.673039E-4
2.2854937E-4
1.9169477E-4
1.5879647E-4
1.3283783E-4
1.17638076E-4
1.1591285E-4
1.2633533E-4
1.4445322E-4
1.660842E-4
1.8857299E-4
2.1045859E-4
2.3099038E-4
2.4982373E-4
2.6684976E-4
2.8209575E-4
2.9565988E-4
3.076643E-4
3.1821904E-4
3.2739574E-4
3.3521038E-4
3.4161602E-4
3.4650543E-4
3.4972248E-4
3.5108058E-4
3.5038558E-4
3.4746077E-4
3.4217123E-4
3.3444594E-4
3.242954E-4
3.1182455E-4
2.9723957E-4
2.8084818E-4
2.630529E-4
2.443364E-4
2.2523773E-4
2.0631807E-4
1.8811412E-4
1.7108003E-4
1.5552259E-4
1.4154358E-4
1.2901124E-4
1.17583244E-4
1.06789776E-4
9.616505E-5
8.540926E-5
7.458372E-5
6.43842E-5
5.6520345E-5
5.377475E-5
5.8407306E-5
6.988599E-5
8.580921E-5
1.039373E-4
1.2267468E-4
1.4087699E-4
1.5767409E-4
1.7238589E-4
1.8449286E-4
1.9363224E-4
1.9960555E-4
2.0239096E-4
2.0215775E-4
1.9928133E-4
1.9435714E-4
1.8820766E-4
1.8186912E-4
1.76532E-4
1.7340222E-4
1.7347437E-4
1.7728138E-4
1.8475545E-4
1.9529092E-4
2.0795717E-4
2.2172811E-4
2.356403E-4
2.4886933E-4
2.6075158E-4
2.7077823E-4
2.7857826E-4
2.8389844E-4
2.8658382E-4
2.8656042E-4
2.8382064E-4
2.7841268E-4
2.7043436E-4
2.600324E-4
2.4740762E-4
2.3282784E-4
2.1664928E-4
1.9934992E-4
1.8157739E-4
1.6421344E-4
1.4844241E-4
1.3576799E-4
1.2783876E-4
1.2593566E-4
1.3031194E-4
1.4001498E-4
1.5340684E-4
1.688171E-4
1.848792E-4
2.0059137E-4
2.152713E-4
2.284964E-4
2.4005437E-4
2.4990377E-4
2.581384E-4
2.64951E-4
2.705928E-4
2.753299E-4
2.7939884E-4
2.829669E-4
2.8610358E-4
2.8876762E-4
2.9081324E-4
2.9201273E-4
2.9209175E-4
2.9077078E-4
2.8780667E-4
2.830301E-4
2.7637574E-4
2.6790396E-4
2.5781317E-4
2.464423E-4
2.342612E-4
2.2184648E-4
2.0983705E-4
1.9886495E-4
1.8946131E-4
1.8195111E-4
1.7636761E-4
1.72425E-4
1.6956811E-4
1.6708227E-4
1.6422069E-4
1.6031206E-4
1.5483206E-4
1.4744287E-4
1.380132E-4
1.266334E-4
1.1364283E-4
9.969443E-5
8.5894164E-5
7.40396E-5
6.6749446E-5
6.660133E-5
7.403171E-5
8.6992906E-5
1.0296192E-4
1.2011063E-4
1.3729627E-4
1.5381668E-4
1.692383E-4
1.8329827E-4
1.9584665E-4
2.0680827E-4
2.1615441E-4
2.2388059E-4
2.2998944E-4
2.3447882E-4
2.3733535E-4
2.385333E-4
2.3803863E-4
2.3581633E-4
2.3184053E-4
2.2610516E-4
2.1863428E-4
2.0949107E-4
1.9878552E-4
1.8668128E-4
1.7340382E-4
1.5925334E-4
1.4462808E-4
1.3006672E-4
1.1631817E-4
1.04433806E-4
9.581612E-5
9.203118E-5
9.4203984E-5
1.0237123E-4
1.1555909E-4
1.3244835E-4
1.5186705E-4
1.7291025E-4
1.9488695E-4
2.1724313E-4
2.3950671E-4
2.612569E-4
2.821112E-4
3.0172383E-4
3.197904E-4
3.3605535E-4
3.503197E-4
3.6244685E-4
3.7236497E-4
3.8006488E-4
3.855926E-4
3.8903687E-4
3.9051156E-4
3.9013516E-4
3.8800857E-4
3.8419475E-4
3.7870242E-4
3.714771E-4
3.624008E-4
3.513015E-4
3.3797073E-4
3.2218793E-4
3.0374827E-4
2.8249092E-4
2.5832513E-4
2.3125207E-4
2.0138055E-4
1.6893649E-4
1.3426573E-4
9.783106E-5
6.020712E-5
2.2121118E-5
1.6301516E-5
5.3198546E-5
8.847652E-5
1.21221325E-4
1.5065403E-4
1.7605824E-4
1.9679731E-4
2.1233449E-4
2.2225101E-4
2.2626118E-4
2.2422404E-4
2.1615234E-4
2.0221971E-4
1.8276974E-4
1.5833644E-4
1.2970559E-4
9.813114E-5
6.627783E-5
4.3192715E-5
5.0742743E-5
8.225242E-5
1.19883494E-4
1.5817178E-4
1.9505309E-4
2.2927762E-4
2.5990052E-4
2.8615864E-4
3.0743878E-4
3.232729E-4
3.3334063E-4
3.374734E-4
3.3565736E-4
3.280346E-4
3.1490222E-4
2.9671055E-4
2.740618E-4
2.4771344E-4
2.18594E-4
1.8784819E-4
1.569487E-4
1.2794792E-4
1.03943974E-4
8.935184E-5
8.787027E-5
9.813757E-5
1.1483233E-4
1.3336874E-4
1.5109166E-4
1.6663132E-4
1.7934595E-4
1.8903741E-4
1.9581101E-4
1.9999495E-4
2.020791E-4
2.0265381E-4
2.0233955E-4
2.0170778E-4
2.0120124E-4
2.0107081E-4
2.0134759E-4
2.0186137E-4
2.0230212E-4
2.0230774E-4
2.0155856E-4
1.9986316E-4
1.972273E-4
1.9390153E-4
1.9040063E-4
1.8748025E-4
1.8604886E-4
1.8699998E-4
1.9098884E-4
1.982351E-4
2.0845023E-4
2.2091986E-4
2.346789E-4
2.486914E-4
2.6198482E-4
2.7373413E-4
2.833092E-4
2.9030134E-4
2.9453755E-4
2.9608628E-4
2.9525405E-4
2.9256986E-4
2.887504E-4
2.8463872E-4
2.8110945E-4
2.7894284E-4
2.7868783E-4
2.8055016E-4
2.843474E-4
2.895478E-4
2.9537658E-4
3.0094935E-4
3.0539624E-4
3.0795715E-4
3.0804594E-4
3.0528978E-4
2.9955237E-4
2.9094826E-4
2.7985344E-4
2.6691507E-4
2.53058E-4
2.3947751E-4
2.2759076E-4
2.1890258E-4
2.147491E-4
2.1596286E-4
2.2262598E-4
2.340861E-4
2.492215E-4
2.6676868E-4
2.8555372E-4
3.045968E-4
3.2312862E-4
3.4056584E-4
3.5647256E-4
3.7052238E-4
3.8246554E-4
3.9210403E-4
3.9927498E-4
4.0384242E-4
4.0569683E-4
4.0476132E-4
4.0100285E-4
3.9444654E-4
3.851911E-4
3.7342325E-4
3.594293E-4
3.436019E-4
3.264399E-4
3.0853905E-4
2.9056973E-4
2.7323794E-4
2.5722568E-4
2.4311116E-4
2.3127843E-4
2.2184016E-4
2.1460452E-4
2.0910821E-4
2.0471035E-4
2.0071551E-4
1.9648904E-4
1.9154052E-4
1.8557062E-4
1.7848716E-4
1.7039891E-4
1.6159349E-4
1.5250035E-4
1.4363676E-4
1.3553257E-4
1.2863423E-4
1.2320344E-4
1.1924396E-4
1.1649514E-4
1.1450415E-4
1.1274907E-4
1.1076615E-4
1.0824931E-4
1.0511391E-4
1.01530415E-4
9.792938E-5
9.496353E-5
9.339538E-5
9.389141E-5
9.677768E-5
1.0189786E-4
1.0867016E-4
1.1627926E-4
1.2386782E-4
1.3065762E-4
1.3600594E-4
1.3942557E-4
1.4058853E-4
1.3932386E-4
1.3561248E-4
1.2958013E-4
1.2148881E-4
1.1172647E-4
1.0079593E-4
8.930258E-5
7.793883E-5
6.745491E-5
5.858929E-5
5.191565E-5
4.760975E-5
4.5301556E-5
4.4242493E-5
4.3724558E-5
4.3458993E-5
4.3775934E-5
4.561324E-5
5.01656E-5
5.824085E-5
6.9880385E-5
8.4552565E-5
1.0151269E-4
1.2000366E-4
1.3931826E-4
1.5881092E-4
1.779002E-4
1.9607287E-4
2.1288985E-4
2.2799228E-4
2.4110617E-4
2.520443E-4
2.607045E-4
2.6706446E-4
2.7117232E-4
2.7313398E-4
2.7309748E-4
2.7123565E-4
2.6772844E-4
2.6274615E-4
2.5643577E-4
2.4891176E-4
2.4025208E-4
2.3050046E-4
2.1967413E-4
2.0777609E-4
1.9481049E-4
1.8079951E-4
1.6580045E-4
1.4992322E-4
1.333496E-4
1.163592E-4
9.937306E-5
8.303804E-5
6.838987E-5
5.7091565E-5
5.1365645E-5
5.260498E-5
5.966316E-5
6.9980546E-5
8.148536E-5
9.293757E-5
1.0364391E-4
1.1322312E-4
1.21480974E-4
1.283473E-4
1.3384156E-4
1.380513E-4
1.411156E-4
1.4321033E-4
1.4453354E-4
1.4529048E-4
1.4567863E-4
1.4587349E-4
1.4601699E-4
1.4620945E-4
1.465073E-4
1.4692635E-4
1.4745056E-4
1.4804452E-4
1.4866768E-4
1.4928752E-4
1.4989004E-4
1.5048539E-4
1.5110793E-4
1.5181005E-4
1.5265013E-4
1.536762E-4
1.5490779E-4
1.5631916E-4
1.5782758E-4
1.5928902E-4
1.60502E-4
1.612189E-4
1.6116213E-4
1.6004278E-4
1.5757914E-4
1.535135E-4
1.4762636E-4
1.3974753E-4
1.2976458E-4
1.1762932E-4
1.0336435E-4
8.707522E-5
6.898631E-5
4.9580198E-5
3.035167E-5
1.9329516E-5
3.1783406E-5
5.461519E-5
7.9943995E-5
1.0618424E-4
1.3270878E-4
1.5909596E-4
1.8498511E-4
2.100358E-4
2.3391232E-4
2.5627678E-4
2.7678622E-4
2.9509285E-4
3.108471E-4
3.237038E-4
3.3333138E-4
3.3942348E-4
3.417136E-4
3.3999098E-4
3.341181E-4
3.2404918E-4
3.0984893E-4
2.917131E-4
2.6999204E-4
2.4522224E-4
2.1817622E-4
1.8995094E-4
1.6213159E-4
1.3706897E-4
1.1815335E-4
1.0929065E-4
1.1239434E-4
1.2521692E-4
1.4332359E-4
1.6291307E-4
1.8149607E-4
1.9757816E-4
2.1033158E-4
2.1941465E-4
2.2489075E-4
2.2719616E-4
2.2712348E-4
2.2579062E-4
2.2456016E-4
2.2487232E-4
2.2798088E-4
2.3465297E-4
2.449648E-4
2.5830232E-4
2.7354932E-4
2.89345E-4
3.0430508E-4
3.1716895E-4
3.268844E-4
3.3265437E-4
3.3396573E-4
3.3061186E-4
3.2271649E-4
3.107636E-4
2.9563706E-4
2.7866726E-4
2.6166666E-4
2.4689324E-4
2.3681938E-4
2.3358391E-4
2.3824269E-4
2.503164E-4
2.6803729E-4
2.890436E-4
3.10987E-4
3.3183605E-4
3.4995534E-4
3.640881E-4
3.733134E-4
3.7700473E-4
3.7479546E-4
3.6655008E-4
3.5233895E-4
3.3241484E-4
3.0719122E-4
2.772228E-4
2.4319184E-4
2.059085E-4
1.6635015E-4
1.2582615E-4
8.664947E-5
5.533117E-5
5.0751223E-5
7.659312E-5
1.1185109E-4
1.479427E-4
1.8228442E-4
2.1371445E-4
2.4152704E-4
2.6522958E-4
2.8446707E-4
2.989956E-4
3.0867345E-4
3.1345876E-4
3.1341054E-4
3.086903E-4
2.9956424E-4
2.8640457E-4
2.6969108E-4
2.50013E-4
2.280727E-4
2.0469443E-4
1.8084096E-4
1.5764164E-4
1.3642333E-4
1.1869694E-4
1.0596381E-4
9.9173485E-5
9.803823E-5
1.00975514E-4
1.05888306E-4
1.1095589E-4
1.1492429E-4
1.1707122E-4
1.17092255E-4
1.1500535E-4
1.11087225E-4
1.05832914E-4
9.992504E-5
9.419375E-5
8.9537534E-5
8.6774235E-5
8.643605E-5
8.861646E-5
9.29999E-5
9.9063654E-5
1.0630479E-4
1.1437792E-4
1.2313118E-4
1.3257422E-4
1.4281091E-4
1.5395969E-4
1.6607995E-4
1.7911954E-4
1.9289168E-4
2.0708056E-4
2.2126875E-4
2.3497654E-4
2.4770494E-4
2.5897726E-4
2.683763E-4
2.755759E-4
2.8036715E-4
2.8267805E-4
2.82587E-4
2.803286E-4
2.7628997E-4
2.709947E-4
2.6506992E-4
2.5919257E-4
2.5401346E-4
2.5006454E-4
2.4766749E-4
2.468688E-4
2.4742543E-4
2.4884747E-4
2.5048156E-4
2.516086E-4
2.51532E-4
2.496437E-4
2.454679E-4
2.3868677E-4
2.2915495E-4
2.1690957E-4
2.0218277E-4
1.8542504E-4
1.6735181E-4
1.4902874E-4
1.3200323E-4
1.184169E-4
1.1080818E-4
1.11143345E-4
1.19501216E-4
1.340594E-4
1.5239503E-4
1.7245655E-4
1.9276606E-4
2.1230454E-4
2.3037141E-4
2.464862E-4
2.603272E-4
2.7169366E-4
2.8048092E-4
2.8666278E-4
2.9027803E-4
2.9141887E-4
2.9022104E-4
2.8685448E-4
2.8151466E-4
2.744142E-4
2.6577545E-4
2.558231E-4
2.447781E-4
2.3285218E-4
2.2024455E-4
2.0714004E-4
1.9371025E-4
1.8011773E-4
1.6652388E-4
1.5310103E-4
1.400487E-4
1.2761344E-4
1.1610995E-4
1.0593595E-4
9.756484E-5
9.149E-5
8.8100795E-5
8.752148E-5
8.951435E-5
9.353159E-5
9.887556E-5
1.048545E-4
1.1087076E-4
1.1644903E-4
1.21234145E-4
1.2497898E-4
1.2753169E-4
1.288246E-4
1.2886451E-4
1.2772389E-4
1.2553221E-4
1.2246739E-4
1.1874752E-4
1.14622846E-4
1.10368586E-4
1.06277796E-4
1.0265317E-4
9.979501E-5
9.7982615E-5
9.7447606E-5
9.834284E-5
1.00715726E-4
1.04496154E-4
1.09503424E-4
1.15467796E-4
1.2205762E-4
1.2890482E-4
1.356256E-4
1.4183705E-4
1.4717104E-4
1.512867E-4
1.538824E-4
1.547069E-4
1.535699E-4
1.5035122E-4
1.450089E-4
1.3758619E-4
1.2821866E-4
1.1714427E-4
1.04722116E-4
9.147266E-5
7.816514E-5
6.599178E-5
5.6810604E-5
5.3018535E-5
5.610958E-5
6.517204E-5
7.8048346E-5
9.301246E-5
1.0906963E-4
1.2571015E-4
1.4268757E-4
1.5988245E-4
1.7721884E-4
1.9461015E-4
2.1192446E-4
2.2896583E-4
2.454692E-4
2.6110694E-4
2.7550443E-4
2.8826162E-4
2.9897795E-4
3.0727798E-4
3.1283623E-4
3.1539914E-4
3.1480365E-4
3.1099125E-4
3.0401742E-4
2.940555E-4
2.8139554E-4
2.6643742E-4
2.4967812E-4
2.3169293E-4
2.1310887E-4
1.945692E-4
1.7668662E-4
1.5998381E-4
1.4482511E-4
1.3135109E-4
1.1943953E-4
1.08718195E-4
9.86395E-5
8.8599474E-5
7.8067416E-5
6.670609E-5
5.4506494E-5
4.2068405E-5
3.147364E-5
2.7977729E-5
3.565267E-5
5.030485E-5
6.758687E-5
8.5522144E-5
1.03083876E-4
1.1959297E-4
1.3454384E-4
1.4755441E-4
1.5835243E-4
1.6677125E-4
1.7274579E-4
1.763051E-4
1.7756007E-4
1.7668567E-4
1.7389849E-4
1.6943055E-4
1.6350213E-4
1.562961E-4
1.479381E-4
1.384858E-4
1.2792973E-4
1.1620639E-4
1.0322174E-4
8.888194E-5
7.312841E-5
5.5979734E-5
3.7613452E-5
1.8830942E-5
1.0154284E-5
2.7785734E-5
4.9100418E-5
7.061561E-5
9.149717E-5
1.1109988E-4
1.288151E-4
1.4406207E-4
1.5630164E-4
1.650544E-4
1.6991909E-4
1.7058999E-4
1.6687353E-4
1.5870591E-4
1.4617655E-4
1.29571E-4
1.0947284E-4
8.705949E-5
6.50998E-5
5.1042072E-5
5.6986468E-5
8.121577E-5
1.13584036E-4
1.4899614E-4
1.8519649E-4
2.208466E-4
2.5494595E-4
2.866577E-4
3.1525406E-4
3.401011E-4
3.606589E-4
3.7648692E-4
3.8725213E-4
3.927374E-4
3.9285014E-4
3.8763115E-4
3.772639E-4
3.6208538E-4
3.4260063E-4
3.1950392E-4
2.937121E-4
2.664166E-4
2.3915937E-4
2.1391838E-4
1.9312146E-4
1.7936602E-4
1.7458694E-4
1.7897904E-4
1.9076563E-4
2.0715588E-4
2.2544371E-4
2.4350935E-4
2.5986505E-4
2.7355287E-4
2.840398E-4
2.9114232E-4
2.9497527E-4
2.9591302E-4
2.9455117E-4
2.9165743E-4
2.8810263E-4
2.8476462E-4
2.824085E-4
2.815604E-4
0.0
0.0
0.0
0.0
0.0
0.0
0.0
0.0
0.0
0.0
0.0
0.0
0.0
0.0
0.0
0.0
0.0
0.0
0.0
0.0
0.0
0.0
0.0
0.0
0.0
0.0
0.0
0.0
0.0
0.0
0.0
0.0
0.0
0.0
0.0
0.0
0.0
0.0
0.0
0.0
0.0
0.0
0.0
0.0
0.0
0.0
0.0
0.0
0.0
0.0
0.0
0.0
0.0
0.0
0.0
0.0
0.0
0.0
0.0
0.0
0.0
0.0
0.0
0.0
0.0
0.0
0.0
0.0
0.0
0.0
0.0
0.0
0.0
0.0
0.0
0.0
0.0
0.0
0.0
0.0
0.0
0.0
0.0
0.0
0.0
0.0
0.0
0.0
0.0
0.0
0.0
0.0
0.0
0.0
0.0
0.0
0.0
0.0
0.0
0.0
0.0
0.0
0.0
0.0
0.0
0.0
0.0
0.0
0.0
0.0
0.0
0.0
0.0
0.0
0.0
0.0
0.0
0.0
0.0
0.0
0.0
0.0
0.0
0.0
0.0
0.0
0.0
0.0
0.0
0.0
0.0
0.0
0.0
0.0
0.0
0.0
0.0
0.0
0.0
0.0
0.0
0.0
0.0
0.0
0.0
0.0
0.0
0.0
0.0
0.0
0.0
0.0
0.0
0.0
0.0
0.0
0.0
0.0
0.0
0.0
0.0
0.0
0.0
0.0
0.0
0.0
0.0
0.0
0.0
0.0
0.0
0.0
0.0
0.0
0.0
0.0
0.0
0.0
0.0
0.0
0.0
0.0
0.0
0.0
0.0
0.0
0.0
0.0
0.0
0.0
0.0
0.0
0.0
0.0
0.0
0.0
0.0
0.0
0.0
0.0
0.0
0.0
0.0
0.0
0.0
0.0
0.0
0.0
0.0
0.0
0.0
0.0
0.0
0.0
0.0
0.0
0.0
0.0
0.0
0.0
0.0
0.0
0.0
0.0
0.0
0.0
0.0
0.0
0.0
0.0
0.0
0.0
0.0
0.0
0.0
0.0
0.0
0.0
0.0
0.0
0.0
0.0
0.0
0.0
0.0
0.0
0.0
0.0
0.0
0.0
0.0
0.0
0.0
0.0
0.0
0.0
0.0
0.0
0.0
0.0
0.0
0.0
0.0
0.0
0.0
0.0
0.0
0.0
0.0
0.0
0.0
0.0
0.0
0.0
0.0
0.0
0.0
0.0
0.0
0.0
0.0
0.0
0.0
0.0
0.0
0.0
0.0
0.0
0.0
0.0
0.0
0.0
0.0
0.0
0.0
0.0
0.0
0.0
0.0
0.0
0.0
0.0
0.0
0.0
0.0
0.0
0.0
0.0
0.0
0.0
0.0
0.0
0.0
0.0
0.0
0.0
0.0
0.0
0.0
0.0
0.0
0.0
0.0
0.0
0.0
0.0
0.0
0.0
0.0
0.0
0.0
0.0
0.0
0.0
0.0
0.0
0.0
0.0
0.0
0.0
0.0
0.0
0.0
0.0
0.0
0.0
0.0
0.0
0.0
0.0
0.0
0.0
0.0
0.0
0.0
0.0
0.0
0.0
0.0
0.0
0.0
0.0
0.0
0.0
0.0
0.0
0.0
0.0
0.0
0.0
0.0
0.0
0.0
0.0
0.0
0.0
0.0
0.0
0.0
0.0
0.0
0.0
0.0
0.0
0.0
0.0
0.0
0.0
0.0
0.0
0.0
0.0
0.0
0.0
0.0
0.0
0.0
0.0
0.0
0.0
0.0
0.0
0.0
0.0
0.0
0.0
0.0
0.0
0.0
0.0
0.0
0.0
0.0
0.0
0.0
0.0
0.0
0.0
0.0
0.0
0.0
0.0
0.0
0.0
0.0
0.0
0.0
0.0
0.0
0.0
0.0
0.0
0.0
0.0
0.0
0.0
0.0
0.0
0.0
0.0
0.0
0.0
0.0
0.0
0.0
0.0
0.0
0.0
0.0
0.0
0.0
0.0
0.0
0.0
0.0
0.0
0.0
0.0
0.0
0.0
0.0
0.0
0.0
0.0
0.0
0.0
0.0
0.0
0.0
0.0
0.0
0.0
0.0
0.0
0.0
0.0
0.0
0.0
0.0
0.0
0.0
0.0
0.0
0.0
0.0
0.0
0.0
0.0
0.0
0.0
0.0
0.0
0.0
0.0
0.0
0.0
0.0
0.0
0.0
0.0
0.0
0.0
0.0
0.0
0.0
0.0
0.0
0.0
0.0
0.0
0.0
0.0
0.0
0.0
0.0
0.0
0.0
0.0
0.0
0.0
0.0
0.0
0.0
0.0
0.0
0.0
0.0
0.0
0.0
0.0
0.0
0.0
0.0
0.0
0.0
0.0
0.0
0.0
0.0
0.0
0.0
0.0
0.0
0.0
0.0
0.0
0.0
0.0
0.0
0.0
0.0
0.0
0.0
0.0
0.0
0.0
0.0
0.0
0.0
0.0
0.0
0.0
0.0
0.0
0.0
0.0
0.0
0.0
0.0
0.0
0.0
0.0
0.0
0.0
0.0
0.0
0.0
0.0
0.0
0.0
0.0
0.0
0.0
0.0
0.0
0.0
0.0
0.0
0.0
0.0
0.0
0.0
0.0
0.0
0.0
0.0
0.0
0.0
0.0
0.0
0.0
0.0
0.0
0.0
0.0
0.0
0.0
0.0
0.0
0.0
0.0
0.0
0.0
0.0
0.0
0.0
0.0
0.0
0.0
0.0
0.0
0.0
0.0
0.0
0.0
0.0
0.0
0.0
0.0
0.0
0.0
0.0
0.0
0.0
0.0
0.0
0.0
0.0
0.0
0.0
0.0
0.0
0.0
0.0
0.0
0.0
0.0
0.0
0.0
0.0
0.0
0.0
0.0
0.0
0.0
0.0
0.0
0.0
0.0
0.0
0.0
0.0
0.0
0.0
0.0
0.0
0.0
0.0
0.0
0.0
0.0
0.0
0.0
0.0
0.0
0.0
0.0
0.0
0.0
0.0
0.0
0.0
0.0
0.0
0.0
0.0
0.0
0.0
0.0
0.0
0.0
0.0
0.0
0.0
0.0
0.0
0.0
0.0
0.0
0.0
0.0
0.0
0.0
0.0
0.0
0.0
0.0
0.0
0.0
0.0
0.0
0.0
0.0
0.0
0.0
0.0
0.0
0.0
0.0
0.0
0.0
0.0
0.0
0.0
0.0
0.0
0.0
0.0
0.0
0.0
0.0
0.0
0.0
0.0
0.0
0.0
0.0
0.0
0.0
0.0
0.0
0.0
0.0
0.0
0.0
0.0
0.0
0.0
0.0
0.0
0.0
0.0
0.0
0.0
0.0
0.0
0.0
0.0
0.0
0.0
0.0
0.0
0.0
0.0
0.0
0.0
0.0
0.0
0.0
0.0
0.0
0.0
0.0
0.0
0.0
0.0
0.0
0.0
0.0
0.0
0.0
0.0
0.0
0.0
0.0
0.0
0.0
0.0
0.0
0.0
0.0
0.0
0.0
0.0
0.0
0.0
0.0
0.0
0.0
0.0
0.0
0.0
0.0
0.0
0.0
0.0
0.0
0.0
0.0
0.0
0.0
0.0
0.0
0.0
0.0
0.0
0.0
0.0
0.0
0.0
0.0
0.0
0.0
0.0
0.0
0.0
0.0
0.0
0.0
0.0
0.0
0.0
0.0
0.0
0.0
0.0
0.0
0.0
0.0
0.0
0.0
0.0
0.0
0.0
0.0
0.0
0.0
0.0
0.0
0.0
0.0
0.0
0.0
0.0
0.0
0.0
0.0
0.0
0.0
0.0
0.0
0.0
0.0
0.0
0.0
0.0
0.0
0.0
0.0
0.0
0.0
0.0
0.0
0.0
0.0
0.0
0.0
0.0
0.0
0.0
0.0
0.0
0.0
0.0
0.0
0.0
0.0
0.0
0.0
0.0
0.0
0.0
0.0
0.0
0.0
0.0
0.0
0.0
0.0
0.0
0.0
0.0
0.0
0.0
0.0
0.0
0.0
0.0
0.0
0.0
0.0
0.0
0.0
0.0
0.0
0.0
0.0
0.0
0.0
0.0
0.0
0.0
0.0
0.0
0.0
0.0
0.0
0.0
0.0
0.0
0.0
0.0
0.0
0.0
0.0
0.0
0.0
0.0
0.0
0.0
0.0
0.0
0.0
0.0
0.0
0.0
0.0
0.0
0.0
0.0
0.0
0.0
0.0
0.0
0.0
0.0
0.0
0.0
0.0
0.0
0.0
0.0
0.0
0.0
0.0
0.0
0.0
0.0
0.0
0.0
0.0
0.0
0.0
0.0
0.0
0.0
0.0
0.0
0.0
0.0
0.0
0.0
0.0
0.0
0.0
0.0
0.0
0.0
0.0
0.0
0.0
0.0
0.0
0.0
0.0
0.0
0.0
0.0
0.0
0.0
0.0
0.0
0.0
0.0
0.0
0.0
0.0
0.0
0.0
0.0
0.0
0.0
0.0
0.0
0.0
0.0
0.0
0.0
0.0
0.0
0.0
0.0
0.0
0.0
0.0
0.0
0.0
0.0
0.0
0.0
0.0
0.0
0.0
0.0
0.0
0.0
0.0
0.0
0.0
0.0
0.0
0.0
0.0
0.0
0.0
0.0
0.0
0.0
0.0
0.0
0.0
0.0
0.0
0.0
0.0
0.0
0.0
0.0
0.0
0.0
0.0
0.0
0.0
0.0
0.0
0.0
0.0
0.0
0.0
0.0
0.0
0.0
0.0
0.0
0.0
0.0
0.0
0.0
0.0
0.0
0.0
0.0
0.0
0.0
0.0
0.0
0.0
0.0
0.0
0.0
0.0
0.0
0.0
0.0
0.0
0.0
0.0
0.0
0.0
0.0
0.0
0.0
0.0
0.0
0.0
0.0
0.0
0.0
0.0
0.0
0.0
0.0
0.0
0.0
0.0
0.0
0.0
0.0
0.0
0.0
0.0
0.0
0.0
0.0
0.0
0.0
0.0
0.0
0.0
0.0
0.0
0.0
0.0
0.0
0.0
0.0
0.0
0.0
0.0
0.0
0.0
0.0
0.0
0.0
0.0
0.0
0.0
0.0
0.0
0.0
0.0
0.0
0.0
0.0
0.0
0.0
0.0
0.0
0.0
0.0
0.0
0.0
0.0
0.0
0.0
0.0
0.0
0.0
0.0
0.0
0.0
0.0
0.0
0.0
0.0
0.0
0.0
0.0
0.0
0.0
0.0
0.0
0.0
0.0
0.0
0.0
0.0
0.0
0.0
0.0
0.0
0.0
0.0
0.0
0.0
0.0
0.0
0.0
0.0
0.0
0.0
0.0
0.0
0.0
0.0
0.0
0.0
0.0
0.0
0.0
0.0
0.0
0.0
0.0
0.0
0.0
0.0
0.0
0.0
0.0
0.0
0.0
0.0
0.0
0.0
0.0
0.0
0.0
0.0
0.0
0.0
0.0
0.0
0.0
0.0
0.0
0.0
0.0
0.0
0.0
0.0
0.0
0.0
0.0
0.0
0.0
0.0
0.0
0.0
0.0
0.0
0.0
0.0
0.0
0.0
0.0
0.0
0.0
0.0
0.0
0.0
0.0
0.0
0.0
0.0
0.0
0.0
0.0
0.0
0.0
0.0
0.0
0.0
0.0
0.0
0.0
0.0
0.0
0.0
0.0
0.0
0.0
0.0
0.0
0.0
0.0
0.0
0.0
0.0
0.0
0.0
0.0
0.0
0.0
0.0
0.0
0.0
0.0
0.0
0.0
0.0
0.0
0.0
0.0
0.0
0.0
0.0
0.0
0.0
0.0
0.0
0.0
0.0
0.0
0.0
0.0
0.0
0.0
0.0
0.0
0.0
0.0
0.0
0.0
0.0
0.0
0.0
0.0
0.0
0.0
0.0
0.0
0.0
0.0
0.0
0.0
0.0
0.0
0.0
0.0
0.0
0.0
0.0
0.0
0.0
0.0
0.0
0.0
0.0
0.0
0.0
0.0
0.0
0.0
0.0
0.0
0.0
0.0
0.0
0.0
0.0
0.0
0.0
0.0
0.0
0.0
0.0
0.0
0.0
0.0
0.0
0.0
0.0
0.0
0.0
0.0
0.0
0.0
0.0
0.0
0.0
0.0
0.0
0.0
0.0
0.0
0.0
0.0
0.0
0.0
0.0
0.0
0.0
0.0
0.0
0.0
0.0
0.0
0.0
0.0
0.0
0.0
0.0
0.0
0.0
0.0
0.0
0.0
0.0
0.0
0.0
0.0
0.0
0.0
0.0
0.0
0.0
0.0
0.0
0.0
0.0
0.0
0.0
0.0
0.0
0.0
0.0
0.0
0.0
0.0
0.0
0.0
0.0
0.0
0.0
0.0
0.0
0.0
0.0
0.0
0.0
0.0
0.0
0.0
0.0
0.0
0.0
0.0
0.0
0.0
0.0
0.0
0.0
0.0
0.0
0.0
0.0
0.0
0.0
0.0
0.0
0.0
0.0
0.0
0.0
0.0
0.0
0.0
0.0
0.0
0.0
0.0
0.0
0.0
0.0
0.0
0.0
0.0
0.0
0.0
0.0
0.0
0.0
0.0
0.0
0.0
0.0
0.0
0.0
0.0
0.0
0.0
0.0
0.0
0.0
0.0
0.0
0.0
0.0
0.0
0.0
0.0
0.0
0.0
0.0
0.0
0.0
0.0
0.0
0.0
0.0
0.0
0.0
0.0
0.0
0.0
0.0
0.0
0.0
0.0
0.0
0.0
0.0
0.0
0.0
0.0
0.0
0.0
0.0
0.0
0.0
0.0
0.0
0.0
0.0
0.0
0.0
0.0
0.0
0.0
0.0
0.0
0.0
0.0
0.0
0.0
0.0
0.0
0.0
0.0
0.0
0.0
0.0
0.0
0.0
0.0
0.0
0.0
0.0
0.0
0.0
0.0
0.0
0.0
0.0
0.0
0.0
0.0
0.0
0.0
0.0
0.0
0.0
0.0
0.0
0.0
0.0
0.0
0.0
0.0
0.0
0.0
0.0
0.0
0.0
0.0
0.0
0.0
0.0
0.0
0.0
0.0
0.0
0.0
0.0
0.0
0.0
0.0
0.0
0.0
0.0
0.0
0.0
0.0
0.0
0.0
0.0
0.0
0.0
0.0
0.0
0.0
0.0
0.0
0.0
0.0
0.0
0.0
0.0
0.0
0.0
0.0
0.0
0.0
0.0
0.0
0.0
0.0
0.0
0.0
0.0
0.0
0.0
0.0
0.0
0.0
0.0
0.0
0.0
0.0
0.0
0.0
0.0
0.0
0.0
0.0
0.0
0.0
0.0
0.0
0.0
0.0
0.0
0.0
0.0
0.0
0.0
0.0
0.0
0.0
0.0
0.0
0.0
0.0
0.0
0.0
0.0
0.0
0.0
0.0
0.0
0.0
0.0
0.0
0.0
0.0
0.0
0.0
0.0
0.0
0.0
0.0
0.0
0.0
0.0
0.0
0.0
0.0
0.0
0.0
0.0
0.0
0.0
0.0
0.0
0.0
0.0
0.0
0.0
0.0
0.0
-2.0884706E-4
-2.0766631E-4
-2.0648866E-4
-2.0531412E-4
-2.0414268E-4
-2.0297436E-4
-2.0180915E-4
-2.0064706E-4
-1.9948809E-4
-1.9833224E-4
-1.9717953E-4
-1.9602993E-4
-1.9488347E-4
-1.9374014E-4
-3.851999E-4
-3.829258E-4
-3.8065796E-4
-3.7839642E-4
-3.761412E-4
-3.7389225E-4
-3.716496E-4
-3.694133E-4
-3.6718327E-4
-3.6495956E-4
-3.627422E-4
-3.6053118E-4
-3.5832648E-4
-3.5612812E-4
-3.539361E-4
-3.5175044E-4
-3.4957114E-4
-3.473982E-4
-3.4523162E-4
-3.430714E-4
-3.4091758E-4
-3.3877016E-4
-5.0494366E-4
-5.0174166E-4
-4.9854926E-4
-4.9536646E-4
-4.9219327E-4
-4.890297E-4
-4.8587576E-4
-4.8273144E-4
-4.7959678E-4
-4.7647176E-4
-4.733564E-4
-4.702507E-4
-4.6715466E-4
-4.6406832E-4
-4.6099164E-4
-4.5792465E-4
-4.5486738E-4
-4.518198E-4
-4.4878194E-4
-4.457538E-4
-4.427354E-4
-4.3972672E-4
-4.367278E-4
-4.337386E-4
-4.307592E-4
-4.2778952E-4
-4.2482963E-4
-4.2187952E-4
-4.189392E-4
-4.1600864E-4
-4.130879E-4
-4.1017696E-4
-4.0727583E-4
-4.043845E-4
-4.0150303E-4
-3.9863138E-4
-3.9576957E-4
-3.929176E-4
-3.9007547E-4
-3.8724323E-4
-3.8442083E-4
-3.8160832E-4
-3.7880568E-4
-3.760129E-4
-3.7323005E-4
-3.704571E-4
-3.6769404E-4
-3.6494088E-4
-3.6219766E-4
-3.5946435E-4
-3.5674096E-4
-3.5402752E-4
-3.5132404E-4
-3.486305E-4
-3.459469E-4
-3.4327328E-4
-2.2707309E-4
-2.2530397E-4
-2.235415E-4
-2.217857E-4
-2.2003656E-4
-2.1829408E-4
-2.1655827E-4
-2.1482914E-4
-2.1310669E-4
-2.1139091E-4
-2.0968184E-4
-2.0797944E-4
-2.0628374E-4
-2.0459475E-4
-2.0291246E-4
-2.0123686E-4
-1.9956799E-4
-1.9790583E-4
-1.9625039E-4
-1.9460167E-4
-1.9295968E-4
-9.566221E-5
-9.484794E-5
-9.403705E-5
-9.322953E-5
-9.2425376E-5
-9.16246E-5
-9.08272E-5
-9.003318E-5
-8.924254E-5
-8.845529E-5
-8.767141E-5
-8.689092E-5
-8.6113825E-5
-8.5340114E-5
-8.4569794E-5
0.0
0.0
0.0
0.0
0.0
0.0
0.0
0.0
0.0
0.0
0.0
0.0
0.0
7.414244E-5
7.342321E-5
7.270739E-5
7.1995004E-5
7.1286035E-5
7.0580485E-5
6.987837E-5
6.917968E-5
6.848442E-5
6.7792585E-5
6.710419E-5
6.641923E-5
1.314754E-4
1.3011922E-4
1.2876993E-4
1.2742751E-4
1.2609197E-4
1.2476333E-4
1.2344157E-4
1.2212672E-4
1.2081875E-4
1.1951769E-4
1.1822353E-4
1.1693628E-4
1.734839E-4
1.7157376E-4
1.6967398E-4
1.6778459E-4
1.6590559E-4
1.6403696E-4
1.6217872E-4
1.6033088E-4
1.5849344E-4
1.566664E-4
1.5484978E-4
1.5304357E-4
2.0166369E-4
1.9928318E-4
1.9691659E-4
1.945639E-4
1.9222511E-4
1.8990024E-4
1.8758929E-4
1.8529227E-4
1.830092E-4
1.8074005E-4
1.7848486E-4
2.203045E-4
2.1752038E-4
2.1475372E-4
2.120045E-4
2.0927275E-4
2.0655847E-4
2.0386167E-4
2.0118234E-4
1.985205E-4
1.9587617E-4
1.9324933E-4
1.9064E-4
2.2565782E-4
2.2256865E-4
2.1950052E-4
2.1645344E-4
2.1342738E-4
2.104224E-4
2.0743845E-4
2.0447558E-4
2.015338E-4
1.9861307E-4
1.9571344E-4
1.9283491E-4
2.2164038E-4
2.1833133E-4
2.1504692E-4
2.1178715E-4
2.0855201E-4
2.0534154E-4
2.0215573E-4
1.9899459E-4
1.9585813E-4
1.9274636E-4
1.8965927E-4
1.865969E-4
2.0978197E-4
2.0633859E-4
2.0292346E-4
1.995366E-4
1.96178E-4
1.9284768E-4
1.8954565E-4
1.8627191E-4
1.8302647E-4
1.7980933E-4
1.7662052E-4
1.7346002E-4
1.7032787E-4
1.6722405E-4
1.8466714E-4
1.8123911E-4
1.77843E-4
1.744788E-4
1.7114653E-4
1.6784618E-4
1.6457777E-4
1.613413E-4
1.5813678E-4
1.5496423E-4
1.5182364E-4
1.4871503E-4
1.4563839E-4
1.4259375E-4
1.395811E-4
1.5177828E-4
1.4850202E-4
1.4526134E-4
1.4205622E-4
1.3888671E-4
1.357528E-4
1.3265447E-4
1.2959178E-4
1.2656469E-4
1.2357323E-4
1.20617406E-4
1.1769722E-4
1.1481268E-4
1.119638E-4
1.0915058E-4
1.06373016E-4
1.0363114E-4
1.0092493E-4
9.8254415E-5
1.0518155E-4
1.0232251E-4
9.950275E-5
9.672227E-5
9.398108E-5
9.127918E-5
8.861659E-5
8.5993306E-5
8.340933E-5
8.086468E-5
7.835935E-5
7.589336E-5
7.3466705E-5
7.107939E-5
6.8731424E-5
6.6422814E-5
6.4153566E-5
6.192368E-5
5.973317E-5
5.7582034E-5
5.5470275E-5
5.3397907E-5
5.1364925E-5
4.937134E-5
4.7417157E-5
4.5502376E-5
4.362701E-5
4.1791052E-5
3.9994513E-5
3.82374E-5
3.651971E-5
3.484145E-5
3.3202625E-5
3.160324E-5
3.0043295E-5
2.8522796E-5
2.7041746E-5
2.560015E-5
2.419801E-5
2.283533E-5
2.151211E-5
2.0228359E-5
1.8984076E-5
1.7779263E-5
1.6613927E-5
1.5488067E-5
1.4401687E-5
1.3354789E-5
1.23473765E-5
1.1379452E-5
1.0451016E-5
9.5620735E-6
8.712624E-6
7.90267E-6
7.1322143E-6
6.4012584E-6
5.709803E-6
5.0578515E-6
4.4454046E-6
3.8724634E-6
3.3390295E-6
2.845104E-6
2.3906885E-6
1.9757838E-6
1.6003909E-6
1.2645105E-6
9.681437E-7
6.466283E-7
4.4904837E-7
2.8739146E-7
1.6165792E-7
7.1848035E-8
1.796202E-8
0.0
