0.4038544
0.2462924
0.12155104
0.18981028
0.10450685
0.1554873
0.05597847
0.18826011
0.31301934
0.71161777
1.3525186
0.48420167
0.35949382
0.40170044
0.4444249
0.63013613
0.33570617
0.41392088
0.7206619
3.292162
5.1380115
2.3606327
0.57899183
0.5085213
0.26314276
0.17283759
0.13745975
0.21234727
0.38032693
0.94635355
0.8479109
0.4761108
0.28991842
0.2781462
0.10478609
0.12798731
0.05636993
0.41389337
0.5876857
0.18563475
0.387415
0.24743862
0.34677476
0.93683434
0.8681036
0.13032289
0.11835229
0.09070162
0.8479236
1.639008
1.043029
0.26045373
0.07278833
0.10106477
0.44080567
0.5149137
0.376934
0.7820736
0.6394858
0.5422455
0.742854
0.36474228
0.059302792
0.12666038
0.15462561
0.44691777
0.6454635
0.762727
0.49014997
0.24767488
0.22627105
0.11430514
0.08276939
0.12530392
0.1921281
0.08846383
0.3007415
0.17396212
0.12509349
0.29911655
0.13064645
0.19419996
0.20546521
0.11912218
0.22919188
0.19290128
0.060194906
0.23600186
0.26639795
0.1104924
0.12900485
0.16238476
0.10079698
0.17343278
0.16522332
0.12189604
0.06741008
0.08409391
0.39891693
0.40783632
0.19285995
0.07428396
0.109204225
0.22809806
0.24907798
0.10358637
0.23487656
0.21080972
0.12480078
0.019756462
0.10184801
0.23267694
0.2740219
0.19622394
0.08246889
0.20588923
0.07931315
0.044668682
0.09573131
0.03521984
0.116543606
0.10577544
0.20940003
0.17701983
0.23622058
0.18553387
0.15538026
0.052920807
0.21456353
0.10259009
0.039676517
0.08431641
0.21021993
0.26492494
0.24072634
0.12051327
0.049228225
0.13774817
0.26769164
0.16175883
0.09169767
0.04525382
0.015998296
0.06855365
0.15246698
0.10313615
0.1798794
0.18818624
0.11386447
0.30492902
0.23724468
0.10052536
0.09936679
0.2299346
0.11722535
0.09798091
0.15691341
0.13683723
0.08725456
0.115988724
0.19739275
0.09912436
0.09941585
0.14071466
0.08498497
0.060536176
0.10081343
0.05064061
0.1502142
0.1630396
0.14559133
0.20619892
0.16383226
0.14602856
0.123205185
0.057950106
0.04227437
0.14066108
0.21237543
0.20834228
0.19363995
0.09959654
0.07817502
0.061369244
0.14827617
0.10935432
0.036572527
0.08201628
0.083339155
0.04515203
0.14836536
0.22343275
0.14995237
0.15743467
0.20824929
0.14564836
0.0981494
0.19393742
0.16546598
0.119749896
0.19567303
0.17666501
0.10975663
0.064114034
0.049229227
0.024549149
0.06396646
0.07163359
0.14371592
0.23164622
0.15245986
0.041020907
0.02136724
0.18490942
0.17770192
0.077451654
0.0632368
0.07643499
0.07261188
0.09928242
0.06802377
0.1172915
0.13817929
0.03442995
0.1043344
0.08078725
0.2176997
0.15039115
0.15666293
0.22476187
0.15958694
0.042917755
0.09231628
0.12888025
0.12739576
0.13066775
0.10240486
0.10393251
0.16381977
0.11817455
0.1390694
0.1050346
0.02136587
0.024358846
0.0094979
0.029845085
0.067855686
0.16010652
0.1378832
0.06967549
0.080951646
0.010836821
0.105312146
0.06981101
0.014518222
0.02653183
0.07515675
0.18564565
0.09568989
0.059602156
0.041759014
0.079232745
0.06034789
0.113448404
0.078412496
0.10912148
0.10205525
0.10650719
0.106480815
0.13722472
0.17669165
0.16743328
0.108943395
0.1921803
0.12803853
0.016843198
0.10395357
0.20280303
0.10357985
0.42141813
0.6194033
1.1047522
1.3384495
1.0019693
0.40151563
0.06012035
0.05371431
0.067177124
0.16913775
0.21434076
0.09070645
0.11550125
0.15587933
0.17931682
0.24411467
0.15454307
0.09887595
0.13996671
0.14330985
0.13813002
0.17950813
0.13417462
0.06960434
0.078055635
0.0028834487
0.048410095
0.118784584
0.22244361
0.24811114
0.0876629
0.042100903
0.11993028
0.14522974
0.1342604
0.15873006
0.14816259
0.031555176
0.1754752
0.18680161
0.06881831
0.05412877
0.057591073
0.09914456
0.05404397
0.0305685
0.07808697
0.11160101
0.08945334
0.09207796
0.19218998
0.063984305
0.115415566
0.107127674
0.06918632
0.063394785
0.035988208
0.06816735
0.07758175
0.08077915
0.054178573
0.025277898
0.008382979
0.03357371
0.09128953
0.080313765
0.1699856
0.13002464
0.012152092
0.021427043
0.03489385
0.05548964
0.028233059
0.030384442
0.0348307
0.06941399
0.08771379
0.063182965
0.02364103
0.019967483
0.032950945
0.06625274
0.10429897
0.06467431
0.023232302
0.06693497
0.022698333
0.031047238
0.011596521
0.036668193
0.037003797
0.026323417
0.09845423
0.089572
0.08562538
0.1280972
0.07673633
0.05546368
0.03157729
0.002923652
0.11341319
0.16336243
0.15758191
0.27774462
0.6773965
0.88105685
0.26327705
0.38913995
0.24579063
0.26413444
0.1606168
0.19306488
0.24525617
0.1424179
0.07814383
0.1427204
0.078729406
0.045546092
0.008644621
0.106101826
0.07120756
0.035288006
0.015717354
0.07829973
0.07533019
0.085839346
0.056985896
0.06520311
0.11898843
0.12011167
0.09339887
0.07148208
0.081344545
0.028790409
0.034153238
0.067509644
0.058463454
0.15575401
0.13043876
0.04922248
0.027812675
0.066785276
0.14644516
0.11924843
0.028953778
0.063333884
0.091215365
0.13376357
0.111116126
0.08708742
0.113923796
0.07237582
0.033172347
0.0020841288
0.03183084
0.0329137
0.030599441
0.0030050746
0.04179031
0.04864985
0.041379705
0.0477656
0.0527354
0.11793724
0.06550629
0.0822307
0.06372824
0.040856294
0.083974056
0.010589391
0.034766905
0.06909553
0.06435776
0.16676235
0.10488027
0.006384382
0.038756575
0.06927922
0.023624932
0.06992778
0.02530166
0.053043
0.07682396
0.058999736
0.09335931
0.035509896
0.024936749
0.047190912
0.12591894
0.16956502
0.16600387
0.026212579
0.051304054
0.054594148
0.10706552
0.0501335
0.039747324
0.034068625
0.022499654
0.032489937
0.07240329
0.10598349
0.068080865
0.078125715
0.03533591
0.021793887
0.022740241
0.02173852
0.0373416
0.07366738
0.07608448
0.062178295
0.051048383
0.07371687
0.15946558
0.054827657
0.064902306
0.017911691
0.07699823
0.06805896
0.028758077
0.12285306
0.17072931
0.1149117
0.029444208
0.07634663
0.1761447
0.20580216
0.09675365
0.09153113
0.04854826
0.06460771
0.08540569
0.03683927
0.09299618
0.09408028
0.07809818
0.038588
0.13107073
0.18007614
0.11945191
0.08335733
0.09264808
0.11157894
0.08389217
0.031163368
0.06584207
0.08709975
0.058005624
0.037716676
0.044368424
0.057415005
0.033289924
0.06444742
0.06565077
0.041171536
0.033901036
0.070771754
0.093915954
0.05045203
0.055953167
0.1299267
0.14083192
0.1120891
0.067837894
0.045292668
0.07996714
0.05739445
0.068655215
0.092618264
0.09364475
0.058252808
0.04223784
0.05230159
0.10009074
0.021041865
0.020537497
0.0862832
0.12431887
0.081113435
0.09129778
0.11921865
0.09806783
0.028784618
0.03165955
0.07814354
0.08009887
0.0976848
0.13303235
0.08874947
0.016548984
0.07592134
0.17642614
0.22493626
0.107978225
0.021445988
0.04357046
0.13769461
0.13976996
0.2717916
0.2711194
0.14511585
0.093089536
0.096241206
0.14626478
0.07477482
0.054293554
0.08343428
0.038457505
0.051670015
0.059080936
0.13204247
0.089095175
0.12608656
0.1581452
0.057945013
0.14121646
0.13229574
0.16365628
0.20547025
0.0834131
0.10241771
0.18580012
0.16013819
0.21340734
0.19812958
0.17785586
0.13694206
0.06321096
0.06962832
0.17483954
0.15742251
0.14462043
0.15519962
0.033761993
0.03539692
0.06623971
0.15264368
0.23210439
0.17048448
0.16004676
0.09885937
0.062231556
0.14532442
0.2774763
0.20806512
0.09994245
0.13196227
0.03627718
0.17135446
0.20368904
0.1428097
0.04599823
0.092097625
0.17418806
0.12000849
0.08214498
0.19307157
0.25908518
0.19699949
0.06429618
0.21236181
0.14053333
0.116224244
0.017973682
0.08425686
0.10861887
0.12080338
0.068049364
0.049459547
0.06321012
0.036864072
0.040993694
0.042252023
0.07796494
0.012645462
0.11459759
0.10497574
0.08232036
0.09609158
0.085060686
0.094543934
0.10914904
0.12266113
0.32997227
0.37286425
0.39893848
0.31396148
0.0567924
0.15527287
0.11767132
0.017057039
0.10208939
0.1344017
0.03352739
0.06165202
0.013447853
0.060164418
0.11508483
0.15085636
0.13781022
0.099328876
0.090523176
0.10620156
0.07777346
0.07431734
0.1433579
0.13003351
0.041226618
0.032432444
0.13412236
0.16645041
0.092524454
0.061911512
0.14115287
0.18012592
0.1082159
0.07846348
0.03320029
0.022263603
0.02027814
0.014734369
0.10285291
0.1320121
0.0470067
0.03387906
0.05772664
0.0972403
0.08138773
0.10492667
0.14384487
0.118248105
0.0805371
0.006636779
0.10448808
0.09974218
0.05133742
0.057232194
0.09608595
0.051822703
0.04626195
0.015984643
0.08614535
0.15605107
0.17129454
0.13430232
0.0828216
0.09868859
0.06727585
0.10745887
0.086242914
0.10468962
0.06883891
0.034312673
0.020084336
0.020221526
0.035866067
0.03195379
0.12164858
0.15593997
0.09831527
0.047284346
0.0787316
0.104792096
0.032228474
0.07182845
0.026100378
0.03941295
0.07381043
0.061471887
0.09961055
0.14239435
0.15000138
0.05397734
0.07972591
0.051007155
0.024450993
0.07577087
0.07911852
0.03354435
0.05867426
0.055067617
0.087220065
0.10492756
0.08525335
0.09387268
0.14917912
0.17433439
0.08541952
0.048071235
0.054574393
0.02848172
0.032651387
0.025140014
0.088303596
0.101391524
0.06808211
0.11609017
0.13991874
0.11637275
0.06140428
0.046740897
0.019704487
0.078047514
0.057802863
0.040695637
0.08596976
0.12300252
0.10981465
0.06502283
0.071053214
0.044751044
0.0169438
0.048099965
0.046566445
0.023505293
0.04174391
0.013766391
0.0545354
0.08217343
0.1142503
0.067741506
0.12932476
0.12552908
0.06293312
0.0522333
0.0574535
0.075570576
0.11135695
0.15584299
0.11229662
0.062793255
0.08939402
0.09399052
0.07296369
0.10161223
0.06582511
0.053712573
0.104118705
0.08029043
0.014324803
0.037884336
0.01007899
0.03641051
0.12055485
0.1420259
0.08545978
0.07493939
0.054759264
0.04389852
0.041987516
0.10071018
0.08524574
0.07288526
0.07555813
0.014022667
0.05797313
0.03617236
0.049026724
0.063477725
0.04520363
0.050196785
0.07499904
0.05204499
0.019401694
0.038922284
0.0480976
0.027551057
0.029998237
0.027807541
0.041208982
0.035398677
0.045330424
0.035187595
0.033774085
0.06659182
0.07798784
0.024235016
0.05121999
0.08447903
0.059568625
0.04631391
0.057538033
0.028933182
0.033277195
0.024221987
0.045333236
0.036410175
0.07441486
0.14368717
0.13971472
0.045474276
0.053666305
0.07008762
0.04588959
0.076760255
0.08327557
0.06528006
0.074766316
0.0650432
0.0477653
0.07381731
0.07509314
0.05796444
0.08819792
0.08298154
0.080603406
0.116429664
0.08360579
0.0868712
0.12062172
0.11266833
0.023905557
0.09857619
0.112444535
0.088038765
0.045327555
0.05572461
0.10792113
0.08490317
0.038171563
0.020053117
0.054321494
0.035392627
0.12632595
0.1401483
0.10729093
0.049521547
0.014169163
0.040001318
0.033893775
0.07299735
0.13061148
0.11685015
0.045095842
0.0207936
0.025006942
0.040564947
0.040207036
0.05783224
0.01092318
0.018886836
0.015862549
0.0733886
0.0978086
0.06432904
0.062083032
0.043333903
0.017889097
0.030993655
0.04759759
0.064776815
0.11816454
0.033725195
0.09537868
0.049257524
0.095500894
0.07712179
0.04760058
0.04156637
0.050517987
0.00516986
0.03144395
0.007551315
0.09069936
0.029857099
0.023170087
0.013822583
0.067668304
0.041792747
0.12795533
0.050656185
0.045741435
0.049877398
0.025474017
0.06919315
0.058459856
0.02695515
0.057777207
0.12483214
0.08901768
0.060450345
0.052176863
0.123008795
0.086603545
0.1344379
0.17789365
0.121475816
0.040773615
0.056073613
0.041665263
0.07018842
0.09604386
0.054035634
0.024712525
0.056669887
0.124208145
0.10353252
0.0856034
0.079536565
0.0775992
0.021186698
0.041491263
0.02817049
0.014744582
0.06568006
0.070101015
0.018828813
0.0320956
0.067084424
0.072921775
0.028100979
0.11917444
0.11412896
0.019004287
0.023986896
0.06902848
0.082914725
0.054131586
0.024254244
0.015117979
0.07563103
0.1532337
0.084983885
0.12008809
0.12996857
0.12038664
0.13254386
0.05921754
0.080066815
0.13365129
0.08420519
0.016004087
0.044010237
0.046519537
0.03636943
0.0470836
0.019211039
0.07593747
0.1112142
0.10812221
0.13153736
0.14372917
0.076660775
0.064046316
0.0042802123
0.026378708
0.07174282
0.038855948
0.01438305
0.025618656
0.06677682
0.08643265
0.062043913
0.014153623
0.017915644
0.050373998
0.096300825
0.06994617
0.07542158
0.11191636
0.08785368
0.008636086
0.09133909
0.042443387
0.04326737
0.04369714
0.060624085
0.11794773
0.15717918
0.28151852
0.33515367
0.27589932
0.15094842
0.2259514
0.17779778
0.070906006
0.13752918
0.07005182
0.07323293
0.096946776
0.14054072
0.16795714
0.13729094
0.07969859
0.056167763
0.009229271
0.06117215
0.075718015
0.051846307
0.07996538
0.035766
0.010580885
0.101355515
0.1185003
0.06828556
0.034747384
0.013117471
0.032605823
0.047019314
0.066465504
0.011289423
0.039261997
0.019898657
0.059264626
0.117351525
0.10784596
0.056227434
0.05554329
0.09622603
0.079555154
0.054681733
0.021144697
0.029320272
0.059942786
0.05968298
0.044099476
0.11824306
0.103387326
0.08842687
0.09029978
0.047887042
0.022885695
0.044264387
0.09271292
0.08648224
0.06953138
0.022997305
0.06569599
0.12483591
0.10106312
0.035230283
0.10791556
0.102344856
0.05695034
0.044088885
0.051995594
0.01562274
0.06466444
0.024584727
0.09096939
0.055569213
0.024462802
0.06682595
0.010224098
0.034016367
0.02902764
0.047504872
0.106528975
0.06059784
0.043943875
0.052519463
0.06944065
0.05018065
0.004891122
0.012887261
0.0069913305
0.026763216
0.056198806
0.026495155
0.055105045
0.07183093
0.039647684
0.03812022
0.017240329
0.066064164
0.05456509
0.062235147
0.09460308
0.062422205
0.026606558
0.07887641
0.08736247
0.04823966
0.028015906
0.017471416
0.052572407
0.07894018
0.09288505
0.05981471
0.03592134
0.068850935
0.12917915
0.12537278
0.08965628
0.0459736
0.0721173
0.10265484
0.037822478
0.082581185
0.13818231
0.12228873
0.07202325
0.029310184
0.039998077
0.031153845
0.09900275
0.13147743
0.087944634
0.10510468
0.07346796
0.019390576
0.04310385
0.06849094
0.05492489
0.026299018
0.018194694
0.02609728
0.08802002
0.08939382
0.049447615
0.05135267
0.08333433
0.049690656
0.05455694
0.03495511
0.084155306
0.1041124
0.09907521
0.07722107
0.05265887
0.031420473
0.039837297
0.06915093
0.075842105
0.022697749
0.014348772
0.06299198
0.028192675
0.07086022
0.02947536
0.02275174
0.02688493
0.08294627
0.04954692
0.033419613
0.07322459
0.053342905
0.05813456
0.054052018
0.043178037
0.018139439
0.036843415
0.052339718
0.022573436
0.072769135
0.12394331
0.14089823
0.0891922
0.09592988
0.08597401
0.0061769835
0.024700172
0.026162919
0.061421208
0.011965569
0.048156515
0.059577893
0.04480953
0.027547445
0.10523396
0.04336058
0.072646394
0.11824582
0.09372157
0.020886637
0.074484885
0.07035276
0.046543054
0.011432668
0.058947653
0.031664126
0.05783352
0.06452972
0.052934732
0.0891052
0.07978883
0.057425268
0.07090659
0.06115155
0.037630443
0.017232044
0.0024711308
0.023356918
0.06981014
0.08635542
0.049048778
0.10516208
0.16040294
0.10110013
0.07157911
0.05061455
0.09970013
0.032043874
0.06247693
0.04435061
0.16275682
0.10581382
0.06481262
0.11207834
0.13208133
0.071087
0.028466422
0.11839358
0.11439672
0.09199179
0.123682216
0.09489571
0.088378035
0.07416532
0.05967153
0.04353758
0.011224881
0.022342457
0.026859269
0.05207252
0.06525938
0.051749285
0.02531926
0.038499136
0.03273233
0.048136313
0.061412435
0.044711456
0.06313288
0.016381359
0.068735205
0.11814445
0.13499439
0.09334707
0.057102136
0.05734133
0.072281264
0.07896162
0.030006876
0.043061234
0.121392235
0.091544054
0.03362098
0.056226697
0.13721171
0.08820844
0.02927058
0.13438769
0.10914343
0.047192812
0.05252858
0.11228492
0.03613156
0.10558646
0.05661459
0.04718018
0.048469707
0.010696865
0.12721136
0.16893122
0.07824561
0.052268177
0.08705957
0.024456324
0.093305975
0.09580413
0.02664082
0.055690162
0.055940356
0.049505424
0.06007899
0.082810014
0.051860943
0.032896187
0.05508289
0.07328506
0.037859235
0.02935255
0.025373666
0.013539828
0.014965642
0.042346016
0.06878212
0.060992718
0.0866762
0.057003107
0.02801836
0.031474058
0.027283315
0.059288234
0.054136228
0.02303289
0.03646488
0.0736245
0.09678499
0.12626126
0.13145584
0.22894605
0.16206
0.059465658
0.060414158
0.082013786
0.07404118
0.06300244
0.0557174
0.066877484
0.08233165
0.10894428
0.08248005
0.048028342
0.04444032
0.03378271
0.059604697
0.053756274
0.0691063
0.054659385
0.13092887
0.102767855
0.036740232
0.08341519
0.04387226
0.06732219
0.14280249
0.13103892
0.031597946
0.049777728
0.033403687
0.042864893
0.06038609
0.05818763
0.041403312
0.07180338
0.06905824
0.049303833
0.05716611
0.029522927
0.09215537
0.1474476
0.0770164
0.051135637
0.04325995
0.03947917
0.06391062
0.1251305
0.12235643
0.10037257
0.0417993
0.035899207
0.015526995
0.03346982
0.040831756
0.046538897
0.08699126
0.02702699
0.13945441
0.20911545
0.16501603
0.05272539
0.018462569
0.011691931
0.013063773
0.08592409
0.097808816
0.0073339427
0.09595053
0.06830346
0.08645717
0.13414675
0.09164932
0.018990368
0.04624585
0.046551656
0.027175082
0.06977792
0.03848086
0.04564723
0.069155335
0.046607006
0.08056002
0.08008564
0.012188316
0.038618907
0.056317285
0.07273121
0.022591455
0.046581585
0.051848527
0.050119296
0.06725006
0.0870729
0.034814093
0.07624548
0.07659775
0.07637195
0.0550977
0.0826917
0.072635725
0.035489045
0.09081323
0.021297878
0.089622706
0.053210594
0.06395296
0.15898554
0.13682333
0.11783354
0.07944572
0.027739245
0.0773289
0.06596116
0.040118303
0.05751263
0.15859924
0.12879884
0.0863137
0.04492418
0.007642804
0.09420331
0.1463657
0.09028635
0.094378166
0.16661361
0.13004476
0.05974794
0.066735715
0.11210903
0.09626453
0.046475563
0.06425566
0.04816849
0.033141337
0.0616417
0.04389761
0.12117188
0.16033973
0.07831114
0.044497244
0.09983271
0.13970387
0.11812755
0.099716894
0.066502795
0.12223773
0.12809469
0.16448735
0.111318864
0.041199133
0.09844652
0.039129086
0.09046013
0.14802817
0.10054785
0.07231632
0.09077112
0.10674106
0.02505567
0.10663786
0.047199983
0.0732082
0.022600578
0.0495074
0.070538536
0.036341485
0.035658803
0.08264597
0.06562663
0.020104675
0.022568235
0.07653192
0.14843147
0.11628629
0.013620466
0.06465479
0.07955748
0.12829198
0.0930865
0.051678456
0.046795703
0.081501804
0.027534267
0.0687564
0.09357032
0.081753254
0.005241348
0.084406175
0.06760387
0.029658662
0.077632934
0.07482741
0.047316723
0.039480638
0.0945308
0.0896782
0.17008342
0.11610049
0.06004609
0.06572523
0.038650416
0.027727157
0.07000824
0.09568958
0.11639524
0.13002285
0.07628149
0.07086721
0.050954025
0.03876089
0.09414763
0.12628403
0.17346077
0.07264622
0.09427266
0.0412412
0.041472442
0.02126784
0.082713194
0.14543922
0.12643701
0.11070819
0.09104274
0.095944725
0.06761407
0.06270696
0.026214782
0.047005266
0.058337267
0.11633926
0.061130643
0.054580998
0.06727979
0.07236038
0.026757801
0.013033696
0.027242288
0.05213976
0.03861467
0.047850806
0.06675017
0.052453615
0.11444066
0.12211711
0.10755871
0.09429667
0.055855572
0.10353209
0.052891344
0.0616784
0.09094414
0.069013715
0.061425384
0.0526741
0.034569576
0.049140505
0.08945385
0.08572311
0.048769746
0.02767197
0.074963346
0.06014816
0.039135415
0.08746309
0.096384
0.046741344
0.07476749
0.04523891
0.053661615
0.018709183
0.053596623
0.08905622
0.11291493
0.11966906
0.05973685
0.11491879
0.088836685
0.033907335
0.050565105
0.06537191
0.031247076
0.06997465
0.07694082
0.1387877
0.10135441
0.0276186
0.05951352
0.111974046
0.10949819
0.079307
0.06920203
0.061071813
0.101166636
0.050409317
0.13080783
0.03146766
0.11208971
0.05292104
0.14723189
0.12616476
0.07796277
0.06980081
0.03468644
0.060154486
0.115214214
0.04266532
0.061571833
0.03011536
0.046213035
0.060151037
0.06457568
0.039693307
0.04184139
0.09022685
0.158837
0.10176535
0.10956378
0.033620067
0.067657545
0.027745252
0.051585045
0.068761006
0.08232613
0.06318489
0.03107715
0.10877475
0.15412466
0.2068964
0.13397685
0.087244935
0.11871593
0.08578033
0.13668184
0.078546494
0.21310416
0.078367025
0.12525158
0.36680326
0.09511277
0.84058505
0.50676775
1.9042695
2.8613381
4.640044
4.9166055
2.6225336
1.740977
0.43026617
0.15847905
0.4840486
0.26316252
0.25305286
0.30800933
0.07826418
0.13773522
0.09773659
0.06407841
0.07343832
0.06527448
0.10628871
0.16215874
0.10565853
0.11769593
0.1403875
0.023022743
0.014649287
0.018224023
0.09780184
0.102325805
0.08505568
0.086328514
0.08613164
0.042782124
0.07745334
0.012196613
0.03856236
0.11500094
0.15966845
0.17863657
0.070564575
0.07289634
0.0572088
0.113730684
0.0995672
0.023351805
0.0645313
0.08199647
0.024306498
0.060372017
0.040610865
0.038193166
0.051239926
0.07624971
0.0477327
0.053324442
0.011808764
0.06633366
0.09366213
0.16018763
0.12715109
0.07702941
0.09350666
0.1273893
0.0758346
0.058555547
0.09927044
0.07219289
0.07081596
0.032251738
0.080927126
0.13964213
0.080704644
0.041925345
0.16088034
0.20369646
0.07434018
0.039032597
0.06181709
0.04866709
0.029927528
0.03264587
0.07543778
0.08142959
0.079704344
0.13295127
0.14799704
0.043046273
0.11072924
0.08843631
0.056694824
0.065592796
0.038232204
0.073306136
0.028984744
0.039041612
0.033395246
0.08579891
0.083105594
0.034721177
0.06082013
0.14055355
0.11223507
0.052669566
0.07634131
0.05226383
0.058167297
0.049795862
0.054780222
0.067021206
0.027573463
0.06287891
0.03901083
0.04673768
0.03951317
0.059446
0.055559497
0.09411178
0.12502107
0.094470665
0.046131976
0.07198432
0.08939559
0.09022576
0.09412854
0.08894131
0.086920954
0.04742774
0.043297775
0.05785399
0.02648866
0.06634842
0.030054739
0.04350937
0.01569914
0.023831323
0.025299221
0.058705557
0.046833724
0.06708897
0.123565346
0.063836604
0.031297814
0.109564066
0.09929217
0.052628346
0.07295925
0.0648137
0.07026874
0.04786197
0.018251143
0.058220327
0.06690254
0.057322267
0.09912316
0.12487496
0.05500537
0.08773132
0.098669626
0.08875111
0.046213858
0.027433954
0.053439196
0.043872494
0.019404363
0.027384767
0.07356722
0.085092016
0.06141958
0.16145356
0.1456808
0.13364933
0.07343937
0.01674574
0.019752624
0.06654344
0.06402658
0.0830651
0.07726237
0.07150061
0.05240341
0.04070848
0.055548225
0.020348366
0.05185043
0.072458155
0.053010117
0.050845545
0.106875084
0.059398387
0.06499796
0.10526913
0.059602775
0.045678202
0.04491688
0.043722153
0.03312093
0.025309667
0.021394972
0.07135798
0.09620288
0.08589692
0.063636966
0.033439014
0.030918762
0.0014212456
0.033186592
0.026208706
0.027850525
0.0388384
0.06312353
0.03313596
0.029585607
0.059264522
0.08250368
0.07435933
0.030795801
0.031702787
0.044556256
0.074237674
0.09762827
0.041817665
0.028290741
0.012426042
0.030301725
0.014876731
0.037507
0.011412761
0.024012616
0.05423192
0.06823872
0.060799193
0.02232135
0.04560265
0.014179449
0.041427158
0.0116802985
0.058720794
0.035508003
0.026900513
0.012166067
0.038564663
0.06915814
0.07236409
0.04166243
0.050276276
0.07160603
0.05602372
0.05130693
0.031322654
0.054589853
0.056552794
0.03915872
0.03665519
0.06830797
0.068949126
0.037037604
0.016609132
0.03606996
0.013634501
0.0123604825
0.015726931
0.057232607
0.07081057
0.023558622
0.009120252
0.004853056
0.016642978
0.031015225
0.023657503
0.019786784
0.06712382
0.078936346
0.049552802
0.035902716
0.008711487
0.05342341
0.055994242
0.028731117
0.032347765
0.032175567
0.06392813
0.055072423
0.027137127
0.060934063
0.057826202
0.027074527
0.023406964
0.040854484
0.017696153
0.04192486
0.045380443
0.030702783
0.01989397
0.026561184
0.030309089
0.008987224
0.038921658
0.05964063
0.091389254
0.1329893
0.09266074
0.022739882
0.04287525
0.04582519
0.04399996
0.07753385
0.07569051
0.06541485
0.077882364
0.07829755
0.06387037
0.034521993
0.036024548
0.047090672
0.024811229
0.013153625
0.006120852
0.024864005
0.060240332
0.06962377
0.05861382
0.009889992
0.054893766
0.060549106
0.029012723
0.04056197
0.043374114
0.06689679
0.07204662
0.060674347
0.06931229
0.06155024
0.01247954
0.017848719
0.015278091
0.0057136575
0.008109546
0.003051847
0.0061036795
0.006103658
0.009155444
0.0061035934
0.00610355
0.0061035
0.0061034425
0.006103378
0.0
0.0
0.0
-0.0030515236
0.0
-0.0030514195
0.003051362
0.003051301
-0.0030512363
0.0
-0.003051096
-0.0030510207
-0.0030509417
0.003050859
0.0
0.0
-0.0030505897
-0.0061009857
-0.0030503923
0.0
0.0
-0.003050069
-0.006099908
-0.009149507
-0.006099427
-0.0030495878
0.0
-0.0030493257
0.0
-0.0030490493
-0.0030489056
-0.0030487585
-0.006097215
-0.0030484532
-0.0030482954
0.0
-0.0030479687
0.0
0.0
-0.0030474518
0.0
-0.0030470896
-0.0030469028
0.0
0.0
-0.0030463214
0.0
0.003045916
0.003045708
0.0030454963
0.0030452812
0.0
0.0
0.0
0.0
-0.0030441512
-0.0030439147
-0.0030436744
-0.0030434304
-0.0060863663
-0.0060858643
-0.0030426774
-0.0030424194
-0.0060843155
-0.009125677
-0.0060832473
-0.0060827024
-0.0060821506
-0.0030407957
0.0
0.0
-0.006079871
-0.009118926
-0.006078689
-0.0060780873
-0.006077478
-0.006076862
-0.009114359
-0.0060756085
-0.009112457
-0.0060743266
-0.0030368373
-0.0060730157
-0.00607235
-0.009107515
-0.0060709966
-0.009105464
-0.006069615
-0.0030344569
-0.006068205
-0.0060674897
-0.00910015
-0.006066037
-0.0060652997
-0.006064556
-0.006063805
-0.00909457
-0.0060622813
-0.006061509
-0.0060607293
-0.0030299714
0.0
0.0
-0.0030287702
0.0
-0.0030279518
-0.0060550747
-0.0030271192
-0.0030266976
-0.0030262724
0.0
0.0
0.0
0.0030245367
0.0
0.0
0.0
0.0
0.0
-0.0030218272
0.0030213632
0.0030208959
0.0030204249
0.0060399007
0.0030194724
0.0030189909
0.0
0.0030180172
0.0
0.0
-0.0030165305
-0.003016028
0.003015522
0.0030150122
0.003014499
0.0030139827
0.0
-0.003012939
-0.0030124118
0.0030118811
-0.003011347
0.0
0.0030102683
-0.0030097237
0.0
-0.003008624
0.0
0.0030075102
0.0
0.0
-0.0030058138
0.0030052413
0.0
0.0030040857
0.0030035027
0.0060058325
0.0030023265
0.0
0.0
0.0
0.0
0.0
0.0
0.0059962
0.0029974822
0.002996861
0.008988709
0.0029956084
0.0059899534
0.0029943418
0.0029937034
0.005986123
0.002992416
0.0029917674
0.00598223
0.0059809186
0.0059796004
0.005978275
0.005976943
0.002987802
0.0059742583
0.0059729056
0.005971546
0.0059701796
0.002984403
0.008951139
0.0
0.008946967
0.005963244
0.0
0.0059604216
0.0
0.0059575723
0.0029780685
0.0059546954
0.0059532467
0.008927686
0.008925493
0.0059488593
0.008921075
0.0059459005
0.008916616
0.0059429146
0.0029707055
0.008909851
0.002969192
0.0059368606
0.00593533
0.005933793
0.008898373
0.005930698
0.0059291404
0.005927576
0.005926005
0.0
0.0
0.005921251
0.0029598265
0.005918048
0.0
0.0
0.0
0.0
0.005909922
0.0
0.0
0.005904966
0.0
0.005901628
0.0
0.0
0.0029482855
0.0
0.0
-0.005891454
0.0
-0.005888009
-0.0058862767
-0.0058845375
-0.0058827917
-0.0029405195
-0.00587928
-0.0058775144
-0.008813613
-0.005873963
-0.005872177
-0.008805577
-0.0058685853
-0.01173356
-0.008797452
-0.011726297
-0.0058613233
-0.005859491
-0.008786478
-0.005855807
-0.005853955
-0.008778145
-0.008775347
-0.00877254
-0.0058464813
-0.0058445963
-0.005842705
-0.00876121
-0.008758354
-0.008755486
-0.008752611
-0.008749723
-0.008746828
-0.008743921
-0.008741006
-0.005825387
-0.0087351445
-0.0087322
-0.008729245
-0.008726279
-0.0058155367
-0.0058135474
-0.008717326
-0.0029047744
-0.0058075394
-0.002902762
0.0
0.0
0.0
0.0
0.0057953494
0.0028966474
0.0057912343
0.0028945834
0.0
0.0028925065
0.0
0.002890417
0.0
-0.0028883142
0.0
0.0
0.0
0.0028840704
0.0
0.0028819295
0.002880854
0.0028797756
0.0028786939
0.002877609
0.0
0.0
0.0028743353
0.0028732377
0.005744274
0.0
0.002869926
0.0
0.0
0.0028665855
0.0
0.0028643429
0.0
-0.0028620877
0.0028609554
0.0
0.0
0.0
0.0
0.0028552467
0.0028540955
0.0057058823
0.0028517838
0.0028506233
0.0028494596
0.0028482927
0.002847123
0.0
0.0
-0.0028435946
0.0
0.0
0.0028400384
0.0
0.0
0.0028364544
0.0028352535
0.011336198
0.0028328425
0.005663265
0.011321677
0.0028292031
0.0056559676
0.0028267615
0.002825536
0.008472922
0.002823076
0.0056436826
0.0028206035
0.002819363
0.0056362385
0.005633745
0.014078112
0.0056287395
0.011252455
0.00562371
0.005621186
0.008427984
0.0056161196
0.008420367
0.0056110295
0.0056084758
0.008408873
0.008405024
0.008401166
0.011196398
0.011191229
0.008389537
0.0055904286
0.00838174
0.0055852183
0.0055826046
0.0055799843
0.0055773584
0.0055747265
0.0027860445
0.005569445
0.0027833977
0.0055641397
0.0027807392
0.0027794056
0.008334206
0.0055534584
0.0055507733
0.0027740411
0.0027726928
0.0055426825
0.002769987
0.00276863
0.0027672697
0.0027659065
0.0
0.0027631717
0.0
-0.0027604252
0.0027590476
0.0
0.0027562834
0.0
-0.0027535078
0.0
-0.0027507208
-0.002749323
0.0
0.0
0.0
-0.0027437026
0.0
-0.0027408751
0.0027394572
0.0
0.0027366127
0.0
-0.0054675136
0.0
0.0
-0.0027294515
-0.0027280108
-0.0027265672
-0.0027251206
-0.005447343
-0.0027222193
-0.0027207646
-0.0054386137
0.0
-0.0027163832
-0.002714917
-0.0054268963
-0.0027119764
0.0
-0.0027090246
0.0027075447
-0.0054121236
-0.0027045761
-0.0054061757
-0.0027015966
0.0
-0.002698606
-0.0026971065
-0.0053912085
0.0
-0.0026925916
-0.0026910813
0.002689568
-0.0053761043
-0.0026865334
-0.002685012
-0.0026834877
-0.002681961
-0.0053608627
-0.002678899
-0.005354728
-0.0026758262
-0.008022858
-0.0053454856
-0.0053423936
-0.008008945
-0.0026680971
-0.0053330865
-0.0026649865
-0.0053268545
-0.007985596
0.0
-0.005317467
-0.005314327
-0.007966773
-0.007962046
-0.0026524374
-0.005301714
0.0
-0.0052953754
0.0
0.0
-0.0052858284
0.0
-0.0026397186
-0.002638117
-0.0026365127
-0.0026349057
-0.0026332962
-0.005263368
0.0026300694
0.002628452
0.002626832
0.0
-0.0026235844
0.0
-0.0052406527
0.0
-0.005234116
-0.0026154201
0.0
-0.005224273
-0.0026104907
-0.007826528
-0.0052143834
-0.0078166155
-0.0078116474
-0.005204448
-0.010402253
-0.0051977993
-0.0051944675
-0.0077866954
-0.005187788
-0.007776662
-0.005181089
-0.007766598
-0.0051743696
-0.0051710024
-0.0025838153
0.0025821265
-0.005160871
-0.002578742
-0.005154092
-0.0025753477
-0.005147293
-0.0077158296
0.0025702373
-0.005137058
-0.0025668181
-0.00513021
-0.0025633893
0.0025616712
0.0
0.0051164553
0.0
0.0
0.0
0.0
0.005099152
0.0
0.0025460985
0.0025443563
0.0025426117
0.0025408645
0.0
0.005074726
0.0
0.0
-0.002532093
0.0
0.0025285678
-0.0025268018
0.0
0.0
0.0025214893
0.0050394274
0.0
0.007548467
0.0
0.0025125882
0.0050216024
0.0025090117
0.0050144396
0.0025054256
0.0050072586
0.0025018305
0.005000059
0.0049964525
0.0024964204
0.0049892254
0.0
0.00249099
0.0
0.0024873582
0.004971078
0.0024837174
0.0049637873
0.0
0.0024782394
0.0049528177
0.0024745762
0.0074182237
0.002470904
0.004938129
0.002467223
0.002465379
0.0049270657
0.0024616846
0.004919668
0.0024579815
0.0024561265
0.0024542694
0.0024524103
0.0049010976
0.0
0.0048936387
0.0024449513
0.0048861625
0.002441209
0.0024393345
0.004874916
0.0
0.0024336984
0.0
0.0024299303
0.002428043
0.0
0.002424262
0.0
0.0024204727
0.0024185749
-0.0024166747
0.0024147728
-0.0024128687
0.0
0.0
0.0
0.0024052311
0.0
0.0024014001
-0.0023994814
0.0
0.002395638
0.0
0.0023917863
0.0
0.0023879264
0.0
0.0023840584
0.0071463645
0.0
0.0071347244
0.0
0.0
0.0023724062
0.0
0.0
0.0
0.0023645982
0.0
0.0023606822
0.0023587213
0.0
0.0047095874
0.0
0.0
0.0023488877
0.002346915
0.0070348214
0.0
0.0070229573
0.0
0.0
0.0
-0.0046661063
0.0023310652
-0.0023290752
0.0023270836
0.0
-0.0023230945
0.0
-0.006957294
0.0023170968
0.0
0.0
0.0
-0.002309074
0.0
-0.0023050513
0.0
0.0
-0.0022990038
-0.0022969844
-0.004589926
0.0
-0.00458183
-0.0045777764
-0.0045737196
-0.006854488
-0.0045655943
-0.00684229
0.0
-0.0022766902
-0.004549302
-0.00454522
-0.006811702
-0.0022685227
-0.0067994297
-0.0045288573
-0.0045247576
-0.004520655
-0.0067748227
-0.0067686583
-0.0022541627
-0.006756313
-0.0045000887
-0.006743948
-0.0067377575
-0.002243854
-0.0067253616
-0.0044794376
-0.004475297
-0.0044711535
0.0
-0.002231428
0.0
-0.0044545447
0.0
0.0
-0.002221027
0.0
-0.00443371
0.0044295336
0.0
0.0
0.004416984
0.0
0.0044086017
0.0022022028
0.0
0.0043960037
0.0043917983
0.006581384
0.0021916889
0.0043791626
0.0
0.0
0.004366499
0.0
0.004358041
0.0
0.0
0.0
0.0
0.006505264
0.0
0.004328342
0.0
0.0021599147
0.0043155686
0.0
0.0043070377
0.0
0.0042984956
0.00214711
0.0021449707
0.00428566
0.0
0.004277088
0.002136399
0.0
0.0
0.0
0.004255609
0.0021256523
0.0042469976
0.0042426875
0.0042383745
0.0
0.0
0.0042254194
0.0
0.004216769
0.0042124395
0.0021040535
0.0
0.0
0.0041950946
0.0020953757
0.0
0.0
0.0
0.004173353
0.0
0.0
0.002080138
0.0
0.0020757725
0.0020735878
0.0020714018
0.0020692146
0.0020670262
0.0041296724
0.0020626453
0.006181359
0.0020582592
0.006168193
0.006161605
0.006155013
0.0061484175
0.0020472726
0.008180287
0.0020428693
0.0061219977
0.0040769223
0.0020362553
0.0061021447
0.00203184
0.0060888915
0.0040548397
0.002025208
0.006068985
0.0
0.0040371306
0.0020163488
0.0020141313
0.0020119124
0.0
0.0060224137
0.0
0.0040060515
0.0020008013
0.0
0.0019963488
0.0
0.0019918922
0.0
0.001987431
0.0
0.0
0.0
0.0
0.0019762593
-0.0019740216
-0.0019717831
0.0
-0.0019673028
-0.0019650608
-0.0039256364
-0.0019605744
0.0
-0.003912167
-0.0019538368
-0.0039031778
-0.00194934
-0.0038941803
-0.0019448393
-0.0019425874
-0.0038806694
-0.0019380808
-0.001935826
0.0
-0.0019313137
0.0
0.0
-0.0019245378
-0.0019222773
-0.0019200159
-0.0019177536
0.0
-0.0019132261
0.0
0.0
0.0019064281
-0.0019041602
-0.0038037833
-0.001899622
-0.0018973516
0.0
-0.001892808
0.0
-0.0018882611
0.0
-0.0018837107
0.0
0.0018791569
-0.0018768788
0.0
0.0
0.0
0.0
0.0
-0.0018631929
0.0
0.0
-0.001856339
0.0
0.0
-0.0018494782
0.0
-0.0018449007
0.0
-0.00184032
0.0
-0.0018357363
-0.0036668868
-0.0018311498
-0.0018288554
-0.0018265604
-0.0018242645
-0.0036439362
-0.0018196709
-0.0018173731
-0.003630149
-0.0018127753
-0.0018104754
-0.0018081748
-0.0054176208
-0.005410715
-0.0036025383
-0.0035979317
-0.003593324
-0.003588715
-0.0035841048
-0.0035794934
-0.0017874404
-0.0017851334
-0.0017828258
-0.0017805176
-0.0035564175
-0.0035517989
-0.0035471788
-0.0035425578
-0.0035379354
-0.0017666561
0.0
0.0
-0.0017597175
0.0
-0.001755089
0.0017527741
-0.0017504585
-0.0017481424
-0.0017458257
-0.0034870172
-0.001741191
-0.0034777457
-0.0017365542
-0.0034684702
-0.0017319154
-0.0017295954
-0.0017272747
0.0
-0.0017226321
0.0
-0.0017179876
0.0
-0.0017133413
-0.0017110176
-0.0017086933
-0.0034127373
-0.0017040435
-0.001701718
0.0
0.0
0.0
0.0
-0.0016900843
0.0
0.0
0.0016830994
0.0016807704
0.0
0.0016761112
0.0
0.0033429014
0.0016691198
0.0033335774
0.0049933717
0.0
0.0016597933
0.0016574608
0.0016551281
0.00330559
0.0016504617
0.001648128
0.0
0.0
0.0032822508
0.0
0.0016364555
0.0016341202
0.0016317847
0.001629449
-0.0016271129
0.0
0.0016224402
0.0016201034
0.0016177665
0.0016154293
0.0016130919
0.0
0.0016084164
-0.0016060785
0.0
0.0
-0.0015990634
-0.0015967247
-0.0031887717
-0.0015920468
-0.0015897077
0.0
0.0
0.0
0.0
-0.0015780096
0.0
-0.0015733294
0.0015709891
-0.0015686488
-0.0015663084
-0.0015639679
0.0
-0.0015592865
-0.0015569457
0.0
0.0
0.0
-0.0015475819
-0.0030904815
0.0
0.0015405584
-0.0015382172
0.001535876
0.0
0.0
0.0
0.0
-0.0015241695
-0.0015218282
0.0
0.0
0.0
0.0
0.0
0.0
-0.0015054396
-0.0015030985
-0.0015007575
0.0014984165
0.0014960757
0.0014937348
0.0029827883
0.0014890534
0.0014867128
0.0014843723
0.0
0.0014796916
0.0
0.0014750113
0.0
0.0014703316
0.001467992
0.0
0.001463313
0.0
0.0014586346
0.0
0.0014539568
0.0
0.0
0.0014469415
0.0
0.0014422656
0.0014399278
0.0014375903
0.0014352531
0.001432916
-0.0014305791
0.0
0.0
0.0
0.0028424682
0.0014188983
0.0014165629
0.0014142278
0.0
0.0
0.0
0.0
0.0
-0.0014002225
-0.0013978893
0.0
0.0
0.0013908916
0.0
-0.001386228
-0.0013838967
0.0
0.0
-0.0013769048
0.0
-0.0013722453
-0.001369916
-0.0013675871
-0.0027305172
-0.0013629305
-0.0013606028
-0.0013582754
-0.0013559485
0.0
-0.0013512959
-0.0013489701
0.0
0.0
0.0
0.0
-0.0013373479
-0.0013350247
-0.001332702
0.0
-0.0013280581
0.0
-0.0013234159
-0.0013210955
0.0
0.0
0.0
-0.001311819
0.0
0.0
-0.0013048667
0.0
-0.0013002346
0.0
0.0012956045
0.0012932903
0.0
0.0
0.001286351
0.0
0.0
0.0
0.0
0.0012747968
0.0012724877
0.0012701792
0.0012678714
0.001265564
0.0025265147
0.0
-0.0012586459
0.0
0.0012540369
0.0025034668
0.0012494305
0.0024942565
0.0012448267
0.0024850515
0.002480451
0.002475852
0.0024712542
0.0024666577
0.0024620628
0.002457469
0.002452877
0.003672429
0.0036655448
0.0024391084
0.002434522
0.0024299368
0.0024253533
0.0024207712
0.0012080952
0.0024116111
0.0036105504
0.0024024574
0.0023978828
0.0
0.0
0.0035762524
0.0023796
0.002375033
0.0023704679
0.0
0.0
0.0
0.002352223
0.002347666
0.0023431105
0.0023385568
0.0023340047
0.0
0.0
0.0023203585
0.0
0.0023112698
0.0023067282
0.0
0.0022976499
0.0022931132
0.0022885785
0.0022840456
0.0022795144
0.0
0.0
0.0
0.0
0.0
0.0022523664
0.0022478483
0.0
0.0022388177
0.0022343053
0.0
0.002225286
0.0022207797
0.0022162749
0.0022117721
0.0
0.0044055455
0.0021982759
0.0021937813
0.0010946443
0.0021847978
0.0021803093
0.0021758226
0.002171338
0.0
0.0021623753
0.002157897
0.0021534208
0.0032234201
0.0021444748
0.0
0.0021355373
0.0010655359
0.0010633043
0.0010610737
0.0
0.0010566158
0.0
0.0
0.0
0.002095427
0.0020909812
0.001043269
0.0
0.0
0.0
0.0
0.0
0.0
0.0
-0.0010255369
-0.0020466514
0.0
-0.0010189067
0.0
-0.0010144925
-0.0010122872
-0.0010100831
-0.0020157606
-0.0010056787
-0.0010034782
-0.001001279
-0.0019981621
-9.968844E-4
-0.001989378
-0.0019849893
-9.903017E-4
0.0
0.0
-9.837304E-4
0.0
-0.0019587118
-0.0019543413
0.0
-0.0029184115
-0.0029118673
-9.684423E-4
-0.0028987904
-0.001928172
-0.0028857295
-9.59735E-4
0.0
-9.553893E-4
-9.532185E-4
-0.0019020981
-9.4888086E-4
-0.0018934283
-0.0028336463
-0.002827154
-0.002820666
-0.0028141823
-0.0037436034
-0.002801227
-0.0027947556
-0.0027882885
-0.0027818256
-0.002775367
-0.0027689124
-0.0027624622
-0.0027560163
-0.0027495746
-0.0027431373
-9.1223477E-4
-9.1009185E-4
-9.0795045E-4
-9.0581045E-4
-9.036719E-4
-0.0018030697
-8.993992E-4
-8.9726516E-4
-8.951325E-4
0.0
-8.908717E-4
-8.887435E-4
-8.866168E-4
-8.8449166E-4
-0.001764736
-0.0017604918
-8.7812525E-4
-8.7600615E-4
-8.738886E-4
0.0
-8.696581E-4
-8.6754514E-4
-8.654338E-4
0.0
0.0
0.0
0.0
-0.0017098004
-0.0017055965
0.0
-8.48599E-4
0.0
0.0
8.423121E-4
0.0
0.0
0.0
8.339522E-4
8.318663E-4
8.29782E-4
8.276994E-4
8.2561834E-4
8.23539E-4
8.214613E-4
8.193853E-4
8.173109E-4
0.0016304763
0.0
0.0
0.0
0.0
8.048998E-4
8.028372E-4
0.0016015526
7.9871714E-4
7.966597E-4
7.946039E-4
7.9254986E-4
0.0
0.0
7.8639813E-4
0.0
7.8230567E-4
0.0
0.0
7.7618007E-4
7.7414175E-4
7.7210524E-4
0.0
0.0
7.660062E-4
0.0
7.6194917E-4
7.599233E-4
0.0015157985
7.5587706E-4
7.538566E-4
7.5183803E-4
7.4982125E-4
7.4780633E-4
0.0
7.437819E-4
7.4177247E-4
7.397649E-4
0.0
7.357553E-4
7.3375326E-4
7.317531E-4
0.0
-7.277584E-4
-7.2576385E-4
0.0
-7.2178047E-4
7.1979157E-4
0.0014356092
7.1581954E-4
0.0014276728
7.1185513E-4
7.098758E-4
7.078984E-4
7.059229E-4
7.0394936E-4
-7.0197775E-4
0.0
0.0
0.001392149
0.0013882214
0.0020764465
6.901889E-4
0.0013764619
0.0013725499
6.84321E-4
0.001364738
0.0
0.0
0.0
0.0
-6.7263877E-4
0.0
-6.6876074E-4
0.0
0.0
-6.6295883E-4
-6.610289E-4
0.0
0.0
6.552514E-4
0.0
-6.514099E-4
6.494923E-4
0.0
0.0
-6.437518E-4
-0.0012836849
-6.399352E-4
-0.00127606
0.0
0.0
0.0
0.0
-6.285355E-4
0.0
-6.247525E-4
-6.228641E-4
-0.0012419559
-6.1909383E-4
0.0
-6.153321E-4
-6.1345444E-4
-0.0012231579
-0.0012194111
-6.078344E-4
-0.0012119306
-0.0012081969
-6.0223375E-4
0.0
5.9851084E-4
5.966527E-4
5.947967E-4
0.0
5.910913E-4
0.0
0.0
0.0
5.8370695E-4
5.818664E-4
0.0
0.0
0.0
5.745265E-4
5.726971E-4
5.7086995E-4
0.0011380902
5.672224E-4
0.0
0.0
0.0
5.5995444E-4
5.5814313E-4
5.563341E-4
5.5452733E-4
0.0
0.0
0.0
0.0
0.0
0.0
-5.419443E-4
-5.40156E-4
-5.3836993E-4
-5.365863E-4
0.0
-5.330258E-4
-0.0010624983
-5.294748E-4
-5.277028E-4
-5.259331E-4
-5.241658E-4
-5.224009E-4
-5.206383E-4
0.0
0.0
-5.1536475E-4
5.1361165E-4
-5.1186094E-4
-0.0010202252
0.0
-5.066232E-4
-5.04882E-4
-5.031433E-4
-5.0140696E-4
-4.996731E-4
0.0
-4.962125E-4
-4.9448584E-4
-4.927616E-4
-4.910398E-4
-4.893205E-4
-4.8760357E-4
-4.858891E-4
0.0
0.0
0.0
0.0
0.0
0.0
-4.739566E-4
0.0
0.0
4.6887973E-4
4.671924E-4
0.0
0.0
0.0
0.0
0.0
4.57121E-4
0.0
0.0
-4.5211922E-4
-4.50457E-4
0.0
0.0
4.4548558E-4
0.0
-4.42184E-4
0.0
0.0
0.0
4.356115E-4
0.0
4.3234063E-4
0.0
0.0
0.0
0.0
4.242086E-4
0.0
4.2097393E-4
0.0
0.0
4.161414E-4
0.0
0.0
0.0
-4.0973467E-4
0.0
-4.0654704E-4
-4.0495716E-4
4.0336995E-4
-4.0178536E-4
0.0
3.9862416E-4
0.0
3.9547356E-4
3.9390224E-4
3.923336E-4
3.9076761E-4
3.8920433E-4
3.876437E-4
3.8608574E-4
0.0
3.8297792E-4
3.8142802E-4
7.5976166E-4
7.5667264E-4
7.535891E-4
3.7525545E-4
7.474382E-4
3.721854E-4
0.0
3.6912624E-4
3.6760073E-4
3.6607796E-4
3.645579E-4
0.0
0.0
3.6001418E-4
3.585051E-4
3.5699873E-4
7.109903E-4
3.539943E-4
0.0
3.5100093E-4
3.495084E-4
3.480186E-4
3.465316E-4
3.450474E-4
3.4356592E-4
3.4208727E-4
3.4061138E-4
3.391383E-4
3.37668E-4
3.3620052E-4
3.347358E-4
9.998218E-4
3.3181484E-4
3.3035857E-4
3.2890512E-4
0.0
0.0
0.0
0.0
0.0
0.0
3.1881002E-4
3.1737922E-4
3.1595124E-4
0.0
3.1310384E-4
3.1168445E-4
6.2053575E-4
6.1770837E-4
0.0
3.060354E-4
0.0
0.0
0.0
0.0
5.980775E-4
5.952961E-4
8.887808E-4
5.8975077E-4
5.869868E-4
5.842286E-4
0.0
5.7872967E-4
0.0
2.86627E-4
5.705249E-4
0.0
5.650843E-4
2.811864E-4
5.596671E-4
0.0
0.0
5.5158534E-4
0.0
0.0
0.0
0.0
0.0
0.0
0.0
0.0
0.0
-2.625148E-4
0.0
0.0
0.0
0.0
0.0
0.0
0.0
0.0
0.0
0.0
-4.9650564E-4
0.0
0.0
0.0
0.0
0.0
0.0
-4.7873252E-4
0.0
-2.3685445E-4
0.0
0.0
0.0
0.0
0.0
0.0
0.0
0.0
0.0
0.0
0.0
0.0
0.0
0.0
2.1840447E-4
-2.1719899E-4
0.0
2.1479727E-4
0.0
2.124079E-4
0.0
0.0
-2.0884706E-4
0.0
0.0
0.0
0.0
0.0
0.0
-4.0129412E-4
0.0
-1.9833224E-4
0.0
-1.9602993E-4
0.0
0.0
-1.9259995E-4
-3.829258E-4
-1.9032898E-4
0.0
-3.761412E-4
0.0
0.0
-3.694133E-4
-3.6718327E-4
-3.6495956E-4
-3.627422E-4
-5.407968E-4
-5.374897E-4
-5.341922E-4
-3.539361E-4
-3.5175044E-4
-3.4957114E-4
-5.210973E-4
-5.178474E-4
-1.715357E-4
-3.4091758E-4
-1.6938508E-4
-3.3662908E-4
-3.3449443E-4
-1.6618308E-4
-3.302443E-4
-1.6406442E-4
-3.260198E-4
-3.2391716E-4
-4.8273144E-4
0.0
0.0
-1.5778546E-4
0.0
-1.5571823E-4
-1.5468943E-4
-1.5366387E-4
-1.5264156E-4
0.0
-1.506066E-4
-1.4959398E-4
-1.485846E-4
-1.4757847E-4
0.0
0.0
0.0
-1.435864E-4
-1.425965E-4
-1.4160988E-4
0.0
0.0
-1.3866955E-4
0.0
-1.3672565E-4
0.0
0.0
0.0
-1.3287713E-4
-1.3192318E-4
-1.3097253E-4
-2.6005032E-4
-1.2908108E-4
0.0
0.0
1.2626855E-4
-1.2533764E-4
-1.2441001E-4
0.0
0.0
0.0
-1.2073255E-4
-1.19821445E-4
0.0
0.0
0.0
-1.1621017E-4
1.1531563E-4
1.1442443E-4
1.13536546E-4
1.12651986E-4
0.0
1.1089285E-4
-1.1001828E-4
0.0
1.08279135E-4
1.0741457E-4
0.0
-1.0569546E-4
0.0
0.0
0.0
1.02297374E-4
0.0
-1.0061843E-4
-9.9783996E-5
0.0
0.0
0.0
-9.647984E-5
0.0
9.484794E-5
-9.403705E-5
0.0
9.2425376E-5
0.0
9.08272E-5
0.0
0.0
-8.845529E-5
0.0
0.0
-8.6113825E-5
8.5340114E-5
-8.4569794E-5
0.0
0.0
-8.2279206E-5
8.152247E-5
0.0
0.0
0.0
7.8529556E-5
7.778984E-5
0.0
7.632064E-5
0.0
7.486509E-5
7.414244E-5
0.0
0.0
-7.1995004E-5
-7.1286035E-5
-7.0580485E-5
0.0
0.0
-6.848442E-5
6.7792585E-5
-6.710419E-5
-6.641923E-5
0.0
-6.505961E-5
-6.438496E-5
0.0
0.0
-6.238167E-5
-6.1720784E-5
-6.106336E-5
-6.0409377E-5
5.9758844E-5
0.0
5.846814E-5
-5.782797E-5
-5.7191253E-5
0.0
0.0
5.5301858E-5
-5.4678985E-5
0.0
0.0
0.0
0.0
0.0
5.1014522E-5
0.0
0.0
0.0
-4.8640974E-5
0.0
-4.747506E-5
-4.6897323E-5
-4.6323068E-5
0.0
0.0
0.0
4.40609E-5
4.350408E-5
0.0
0.0
0.0
0.0
0.0
0.0
0.0
0.0
0.0
0.0
0.0
0.0
3.658342E-5
3.6075573E-5
7.1142465E-5
3.50704E-5
3.4573077E-5
3.4079265E-5
3.3588964E-5
3.310218E-5
0.0
0.0
-3.1662912E-5
-6.238038E-5
0.0
3.0255305E-5
0.0
2.9334506E-5
2.887939E-5
0.0
-2.7979733E-5
-2.7535194E-5
0.0
0.0
2.6222746E-5
-2.5792324E-5
-2.5365433E-5
-2.4942075E-5
-2.452225E-5
2.410596E-5
0.0
0.0
-2.2878308E-5
-2.2476166E-5
0.0
0.0
-2.1290984E-5
-2.0903006E-5
2.051857E-5
-2.013768E-5
0.0
-1.9386534E-5
-1.9016281E-5
-1.8649576E-5
-1.8286419E-5
1.7926812E-5
0.0
-1.7218248E-5
1.6869293E-5
0.0
1.6182044E-5
1.584375E-5
0.0
1.5177828E-5
0.0
1.4526133E-5
0.0
0.0
1.3575279E-5
1.3265448E-5
1.2959177E-5
0.0
1.2357323E-5
1.2061741E-5
1.1769722E-5
0.0
0.0
0.0
0.0
0.0
0.0
9.825441E-6
9.561959E-6
-9.302046E-6
-9.045704E-6
-8.792934E-6
-8.543734E-6
-8.298108E-6
-8.056054E-6
-7.817573E-6
-7.5826665E-6
0.0
-7.1235777E-6
-6.8993963E-6
-6.678791E-6
-6.4617625E-6
-6.2483114E-6
-6.0384377E-6
-5.8321425E-6
-1.1258851E-5
0.0
0.0
-5.0427525E-6
0.0
4.6695386E-6
0.0
0.0
0.0
-3.9660918E-6
-7.598373E-6
0.0
0.0
-3.3199735E-6
0.0
-3.0184206E-6
0.0
0.0
0.0
2.4583405E-6
2.3272864E-6
2.1998192E-6
0.0
1.9556464E-6
1.8389417E-6
1.725825E-6
1.6162967E-6
1.5103569E-6
1.408006E-6
1.3092442E-6
1.2140717E-6
1.1224888E-6
1.0344957E-6
9.5009244E-7
1.7385587E-6
1.5841134E-6
7.1842453E-7
6.483831E-7
1.1638651E-6
0.0
4.598047E-7
4.041277E-7
3.5204212E-7
0.0
0.0
4.3467065E-7
1.796167E-7
4.3647023E-7
1.14955505E-7
8.801307E-8
6.466283E-8
0.0
5.7478292E-8
3.2331585E-8
1.4369607E-8
1.796202E-9
0.0
