0.076491944
0.20213586
0.2753405
0.1599512
0.2867156
0.11934979
0.32071525
0.30871624
0.4021472
0.26201835
0.24606681
0.2145238
0.41488156
0.10989779
0.08092251
0.3788599
0.3099927
0.57309014
0.3018326
0.39307567
0.28427163
0.12934005
0.1214822
0.41121677
0.4548785
0.46768782
0.24609016
0.42333585
0.27360418
0.065503046
0.1639934
0.10972856
0.07757929
0.14385757
0.28786147
0.23832794
0.3509288
0.31963268
0.12426395
0.0846673
0.09159711
0.19148594
0.22033563
0.029279444
0.22306323
0.21605112
0.013204132
0.11360596
0.2054397
0.20805748
0.10735108
0.10051676
0.11226756
0.10860845
0.16961303
0.046338458
0.1179616
0.24984328
0.38526705
0.42423236
0.2493379
0.07580522
0.02867243
0.09615297
0.02122464
0.13540761
0.11736705
0.005415685
0.19160649
0.22424562
0.100013345
0.15219747
0.13835049
0.16077383
0.043472964
0.17341353
0.12164321
0.12730142
0.11247641
0.1709233
0.14335488
0.098781265
0.073219135
0.02558445
0.056721926
0.07458029
0.17762735
0.24072397
0.0935007
0.18118382
0.116001256
0.038200278
0.029767264
0.062372852
0.025087848
0.07301156
0.109822005
0.03944606
0.045621593
0.099968165
0.19649644
0.12736005
0.029154021
0.027560003
0.026870528
0.066929914
0.050872166
0.18275733
0.14313692
0.09973469
0.10725592
0.09860575
0.019701825
0.054115776
0.08047362
0.10660056
0.0453838
0.089050286
0.1571695
0.14715569
0.11411889
0.22055513
0.1467302
0.098612174
0.06835687
0.048860688
0.069325484
0.091631584
0.02203665
0.08515558
0.103369676
0.05708399
0.04654117
0.06496442
0.10553035
0.06331382
0.02686975
0.004214067
0.05719633
0.06860858
0.14211324
0.10021254
0.09817459
0.11402206
0.08412721
0.1671579
0.118773825
0.15852343
0.11887999
0.1343606
0.16478866
0.14241704
0.11620221
0.2051045
0.16693066
0.059212636
0.03094913
0.11048378
0.09403703
0.098378934
0.15585022
0.14695877
0.058086343
0.15102147
0.14649527
0.11273246
0.09035255
0.15489443
0.071313724
0.07326752
0.05623628
0.051038563
0.048593115
0.093170345
0.17988034
0.23480663
0.16622873
0.037113875
0.011368712
0.08544088
0.08360751
0.13648938
0.15565214
0.050239984
0.070185065
0.07111168
0.10669047
0.04997883
0.059424706
0.0841353
0.085659854
0.09013872
0.0729957
0.073578686
0.110670686
0.12618107
0.08524741
0.13953172
0.18435974
0.09547218
0.072102115
0.057609066
0.10419256
0.12048958
0.15884192
0.06222773
0.0346117
0.079211324
0.11465749
0.0946363
0.17796582
0.14171909
0.12005865
0.14445011
0.11558321
0.035584733
0.11578683
0.19848327
0.18466458
0.119075894
0.13382699
0.13031799
0.099566415
0.09836685
0.10438477
0.082552396
0.03893567
0.027769433
0.023507409
0.08512751
0.093004495
0.04899378
0.15332472
0.19463204
0.1659818
0.10883232
0.032347456
0.029612402
0.062252194
0.0071904245
0.025847275
0.089357294
0.06223318
0.030122105
0.05548962
0.101650275
0.21208917
0.124240294
0.09094861
0.10653911
0.07936806
0.06416535
0.009010562
0.10831056
0.13639419
0.06959548
0.041493062
0.1337406
0.28385913
0.21680804
0.13982643
0.08460305
0.014546915
0.024143608
0.057776745
0.10045599
0.21415105
0.20118521
0.13735558
0.036758333
0.0868267
0.123451225
0.15480746
0.13652402
0.065658234
0.04222408
0.104810506
0.16999836
0.18427189
0.09357025
0.02293514
0.052481428
0.010561378
0.051970333
0.16405275
0.18150789
0.06619982
0.058388583
0.10055376
0.08036611
0.07733573
0.030131243
0.030879552
0.020558897
0.06844143
0.07097202
0.0669407
0.1091359
0.115087196
0.08851157
0.06979927
0.029161675
0.056596898
0.10276037
0.16099755
0.22411136
0.11973007
0.08617678
0.058801472
0.08206489
0.07279583
0.044480942
0.042684287
0.0832907
0.06545464
0.023474224
0.10525114
0.13149668
0.081837654
0.132231
0.121431805
0.099544905
0.105002664
0.08322473
0.041242637
0.058398016
0.14200002
0.12731393
0.10535549
0.030011522
0.12020201
0.10062845
0.050924823
0.11442798
0.084026314
0.18478477
0.13313594
0.061624564
0.1822374
0.19927008
0.27175742
0.17667857
0.08721086
0.064505845
0.08641589
0.06162331
0.110018134
0.07639856
0.022280958
0.03822423
0.11858602
0.078895375
0.05542105
0.08340644
0.030839317
0.039958637
0.028592242
0.12233119
0.19620274
0.1908082
0.093962885
0.09805327
0.08402127
0.06699007
0.111612484
0.12176254
0.11152588
0.11719642
0.049576346
0.013517008
0.08810219
0.034044757
0.025677549
0.031138109
0.046286814
0.11834948
0.13565871
0.118175566
0.14886115
0.07903427
0.0640227
0.15140027
0.14355907
0.022908293
0.11278086
0.07844024
0.008293869
0.12922613
0.12273641
0.018429589
0.06997813
0.09419272
0.15136422
0.15713339
0.09374156
0.093966626
0.054567784
0.020333786
0.013346112
0.09149282
0.05488826
0.037355736
0.041041803
0.055308737
0.05373492
0.04239434
0.13996804
0.15506239
0.15660203
0.15122016
0.14875075
0.12998646
0.15445995
0.20528299
0.1267985
0.16744362
0.113050126
0.04529595
0.025841573
0.034919936
0.058320664
0.036808733
0.13680252
0.14946389
0.1151753
0.1264901
0.090637065
0.045303863
0.07759042
0.098229595
0.037201997
0.039730106
0.11709808
0.06955011
0.04530748
0.0020652586
0.10987682
0.12899464
0.06555
0.022145776
0.022539878
0.031948056
0.07958409
0.055071097
0.16714758
0.2171272
0.089549296
0.0869242
0.15525539
0.15791334
0.14721987
0.21934924
0.22237569
0.092683405
0.041303616
0.06662807
0.055371724
0.03715573
0.064320475
0.01023184
0.06875054
0.0733435
0.12264852
0.13160849
0.080877304
0.044935316
0.09422377
0.17516913
0.16446994
0.07352566
0.051267415
0.05155736
0.04840903
0.13516833
0.22003789
0.16066387
0.11023213
0.2106097
0.22703773
0.089650735
0.0111669125
0.058771975
0.080559164
0.082389385
0.025584985
0.021790512
0.11218209
0.11267518
0.029976344
0.0044806004
0.052936677
0.095788494
0.03610487
0.033295855
0.03117631
0.049249675
0.11493275
0.12986605
0.0916752
0.12108062
0.14508207
0.10656305
0.16358793
0.26694322
0.30062973
0.28139672
0.22005625
0.15121621
0.1090629
0.14448056
0.18329293
0.04855109
0.06595277
0.07362262
0.08777146
0.1187341
0.12551355
0.03200164
0.0804852
0.068560526
0.10989335
0.10016968
0.12854138
0.108296104
0.050745767
0.03344003
0.085263
0.15837121
0.021310689
0.13749155
0.10722025
0.013055941
0.08571946
0.12695038
0.10344776
0.058419865
0.09962333
0.045915794
0.05954073
0.098816566
0.049934953
0.054275315
0.150607
0.23755087
0.1694389
0.16597325
0.25364426
0.18536155
0.13064761
0.15589322
0.046485964
0.2042779
0.24982336
0.1692704
0.117708884
0.1976137
0.13638896
0.11236203
0.044473317
0.16855551
0.14997399
0.17133006
0.16134791
0.1713191
0.18637355
0.12855713
0.16718479
0.24194005
0.12096927
0.14688903
0.08115286
0.13313329
0.08793264
0.041726954
0.05750872
0.14404634
0.25580397
0.31104434
0.25650832
0.18119031
0.079563685
0.19099326
0.066141956
0.08537341
0.15480116
0.39233896
0.38150078
0.25695702
0.09777973
0.06514726
0.1447742
0.19531037
0.15608501
0.23728879
0.116329536
0.27366152
0.24103726
0.1785549
0.11132421
0.060241893
0.11256589
0.2922433
0.35215166
0.27605343
0.102373876
0.09341115
0.05506746
0.16427156
0.13205189
0.20509909
0.28613046
0.33544546
0.17513962
0.36838648
0.1438717
0.1474288
0.18838125
0.070834935
0.18109751
0.19107743
0.07597451
0.14389613
0.32038632
0.21739577
0.15124127
0.07531279
0.23536718
0.27308765
0.093071274
0.2562713
0.2620259
0.17217872
0.20027155
0.18794264
0.13283627
0.16961361
0.2659142
0.3458589
0.1882297
0.089846425
0.12167978
0.029815722
0.040663667
0.06528128
0.16129343
0.1972252
0.13199668
0.025913619
0.09879546
0.14187361
0.09250981
0.24376357
0.26143217
0.21385257
0.09884924
0.10295637
0.118224055
0.23436466
0.22039135
0.13509367
0.122789256
0.29374415
0.10531904
0.17705853
0.10822478
0.15041322
0.10644865
0.08836621
0.059576105
0.028911777
0.10926965
0.23396052
0.27899855
0.2713011
0.23369114
0.12862103
0.13478464
0.052589346
0.12704402
0.15538374
0.18613285
0.22264527
0.19847603
0.1609229
0.0434379
0.047080573
0.17012021
0.12568313
0.09587825
0.10445632
0.031543706
0.063306734
0.10180433
0.14113364
0.13611133
0.072829336
0.05539485
0.07730218
0.04103252
0.04477846
0.17921743
0.24216826
0.14622709
0.058686752
0.056057915
0.065401174
0.047169868
0.12100728
0.14342523
0.12339942
0.12552977
0.037333854
0.07071124
0.007084378
0.09782466
0.07311201
0.054169197
0.15254931
0.09227537
0.02619176
0.041448012
0.048190724
0.14471522
0.045333873
0.1519975
0.09570105
0.05571113
0.06481692
0.056727074
0.15475099
0.17171833
0.113106884
0.09767257
0.0673895
0.01756244
0.030463632
0.03504658
0.06987662
0.08903882
0.052315716
0.055660397
0.027529767
0.033634428
0.1232868
0.090739764
0.06786306
0.085280314
0.05090389
0.12943162
0.14559959
0.038260885
0.047753144
0.12462194
0.12854739
0.071604006
0.04906057
0.096623324
0.12052982
0.050627857
0.10842915
0.21876708
0.2673021
0.1683992
0.1052547
0.07096775
0.13166861
0.14038797
0.086212106
0.10457316
0.14178444
0.22907853
0.14411706
0.046513587
0.035266966
0.05637423
0.08231444
0.11478751
0.07902788
0.022391483
0.027252764
0.031849492
0.040808544
0.06563095
0.07838748
0.10993843
0.06868916
0.03999986
0.061662693
0.04160285
0.110746704
0.03338581
0.0956303
0.06748163
0.036654413
0.017270247
0.03162028
0.088961236
0.10516058
0.06997878
0.04955215
0.027451621
0.10160413
0.1857071
0.07262821
0.03397832
0.11110062
0.15960722
0.07469497
0.009993256
0.062070012
0.06315367
0.026983064
0.034364708
0.043978207
0.05400314
0.083332635
0.06282438
0.0033430762
0.062483333
0.12071534
0.11719158
0.06479047
0.08896443
0.15545341
0.14451832
0.14062059
0.092880234
0.08557035
0.119976975
0.062976815
0.042266864
0.07602173
0.08317129
0.04963551
0.0947857
0.08319773
0.110384464
0.071388304
0.10264698
0.10751055
0.12932009
0.017467115
0.098662086
0.14082524
0.06750043
0.036036342
0.07390127
0.11767168
0.11139443
0.06583008
0.1297644
0.08552475
0.049003698
0.09980445
0.1104363
0.12627593
0.054583773
0.03927955
0.062160026
0.07019077
0.043813307
0.042242516
0.06924261
0.0852015
0.07499923
0.07539986
0.10680993
0.055785157
0.06917824
0.012297295
0.026162226
0.004974498
0.05024324
0.077133656
0.097806126
0.06901589
0.017842075
0.017929357
0.051259708
0.035899054
0.06659548
0.07210508
0.055153515
0.038226645
0.044043757
0.06754454
0.056697078
0.06772318
0.07398867
0.05316388
0.056889646
0.068341985
0.1086212
0.118102334
0.08602797
0.05707695
0.04815052
0.091212146
0.06376652
0.060848325
0.109327294
0.15795837
0.14358036
0.12543975
0.07784462
0.013674035
0.08179693
0.11009215
0.1548341
0.15108787
0.057855763
0.038976125
0.030620528
0.0606947
0.13408609
0.089353345
0.03058057
0.056831732
0.029647881
0.029695338
0.07568421
0.058668945
0.028554529
0.065528624
0.11673836
0.068359494
0.085786685
0.087884896
0.061365735
0.0648041
0.019316943
0.0713879
0.03501774
0.048258495
0.04158069
0.076348215
0.03896745
0.050481215
0.027339239
0.071006946
0.026869392
0.015307556
0.04645341
0.06673562
0.015721118
0.06177156
0.084227376
0.071647644
0.0670304
0.030395035
0.09530375
0.06999241
0.0370053
0.040758446
0.07012162
0.063855186
0.024778537
0.0561201
0.07906112
0.03871566
0.03272773
0.046001524
0.040492002
0.029837076
0.013841012
0.049777396
0.124064974
0.07575282
0.025070215
0.033608716
0.062136892
0.03361915
0.03314489
0.048041508
0.027191179
0.032823034
0.015448327
0.013954288
0.04427153
0.10249225
0.07562854
0.0611767
0.099114254
0.07972788
0.059125647
0.07232946
0.086446285
0.09526343
0.09570444
0.058586773
0.09034117
0.095413476
0.08837725
0.08816005
0.08152194
0.11582154
0.12026968
0.05452052
0.120263286
0.09952799
0.040158678
0.05153498
0.031188445
0.05018758
0.0790717
0.10122478
0.06188372
0.031337645
0.013279469
0.055911362
0.05167449
0.04571138
0.0627875
0.06344167
0.01069331
0.072785236
0.10912892
0.06383141
0.006524317
0.03586464
0.070342936
0.02489376
0.10589983
0.10979958
0.06499934
0.077439174
0.06439028
0.044736337
0.0876153
0.13197337
0.10351661
0.040232457
0.04645799
0.13762914
0.12213196
0.08163593
0.051964946
0.059100233
0.068105765
0.06578999
0.11707959
0.0532641
0.09182241
0.12474036
0.06665779
0.10162414
0.07839876
0.08628231
0.06404967
0.053067043
0.044383366
0.048779663
0.07519764
0.05558103
0.023711829
0.06415512
0.10678502
0.044442665
0.105023496
0.113345526
0.09737182
0.06593437
0.08706877
0.08183379
0.049516547
0.06703857
0.028348861
0.028090283
0.022481076
0.08211656
0.08589918
0.09960794
0.110613205
0.027969116
0.049948398
0.05812739
0.04663048
0.05092841
0.06495112
0.04870275
0.033223923
0.108992316
0.19717336
0.1450079
0.09735599
0.083601944
0.055885088
0.040519662
0.08393472
0.051376533
0.034651008
0.099452786
0.030860286
0.08085058
0.05482121
0.055796675
0.035738546
0.07198209
0.12562919
0.0862751
0.01842559
0.053503685
0.041510317
0.06714126
0.09784597
0.13728906
0.12351869
0.041049134
0.028815532
0.050982293
0.078222305
0.034084797
0.02207673
0.041260302
0.0836918
0.09808967
0.08208269
0.09224736
0.096557006
0.047116034
0.012429449
0.03754038
0.06019615
0.091217935
0.11609906
0.089773834
0.040131688
0.0684973
0.076849334
0.021236993
0.07633658
0.04227207
0.024291974
0.073710985
0.11107113
0.08287942
0.09309193
0.065444954
0.029409977
0.08238536
0.07794986
0.084265925
0.05603132
0.067478105
0.094244614
0.062649034
0.06940618
0.053143207
0.027789604
0.043938052
0.089186914
0.07717751
0.0044417735
0.032938197
0.026373068
0.037899412
0.03935584
0.073197335
0.06732431
0.14626542
0.1231841
0.026994143
0.074450985
0.08875878
0.112048864
0.115378946
0.0775653
0.09698007
0.15681379
0.13318302
0.024172569
0.03893867
0.1007489
0.101651065
0.07114475
0.018482061
0.057736393
0.054343205
0.044086114
0.061161976
0.07069244
0.088234074
0.02413253
0.05331133
0.075270005
0.024621971
0.08621318
0.09400343
0.07887035
0.0890178
0.09904817
0.121123455
0.048098277
0.078320034
0.119303904
0.14519203
0.1275944
0.04600533
0.096141726
0.0748191
0.040184546
0.07256405
0.11273399
0.04705829
0.035956662
0.029156933
0.025731219
0.09721064
0.16040538
0.18462968
0.092449516
0.10122963
0.11655855
0.03430604
0.08463027
0.050790407
0.08520584
0.10106826
0.07176244
0.05068383
0.029095422
0.027831389
0.04374519
0.05797896
0.02404106
0.11742367
0.046111673
0.075700305
0.047959954
0.032483898
0.05717633
0.09502624
0.118302405
0.10441785
0.050246704
0.02273053
0.047057405
0.08537628
0.06611467
0.028042551
0.07350723
0.12502569
0.068873756
0.058261406
0.07695599
0.051755454
0.051887095
0.06343635
0.05976292
0.10418305
0.08096052
0.060078904
0.06839655
0.03772551
0.02620996
0.028233381
0.05953866
0.08029748
0.097612664
0.02669432
0.05180922
0.1004078
0.16961043
0.106685586
0.090366736
0.13132164
0.09994156
0.005595216
0.063693
0.06777332
0.06378183
0.07291123
0.08066173
0.062623695
0.048189033
0.05554475
0.09907847
0.043667667
0.06007914
0.019037947
0.0825819
0.08507248
0.09900412
0.056616392
0.036664605
0.06625856
0.041060638
0.051440626
0.011733886
0.047208186
0.09730411
0.08116535
0.024533682
0.11009868
0.17125821
0.15540016
0.13031484
0.17914739
0.11166048
0.07214245
0.09294616
0.07658421
0.027401486
0.067001276
0.026868645
0.097819634
0.119236276
0.095530555
0.05385177
0.040564872
0.039993234
0.0963295
0.05590085
0.09950295
0.16608454
0.101181276
0.044121955
0.06877592
0.1561069
0.10945253
0.113012895
0.103260286
0.071729645
0.018814648
0.046399537
0.060025558
0.0350096
0.077391274
0.11174375
0.05729615
0.063724406
0.06878016
0.08096225
0.058986288
0.10178552
0.118313976
0.063044965
0.12600197
0.11717334
0.057441507
0.1033124
0.071727365
0.118870735
0.20039481
0.026860245
0.26219666
0.16691366
0.036158256
0.112455964
0.10382535
0.11369147
0.10029174
0.051589724
0.065736264
0.029217985
0.047432616
0.06615012
0.066572525
0.02973263
0.15458341
0.18258794
0.14846882
0.11938291
0.09223735
0.09350165
0.1404012
0.14196247
0.06806423
0.0071477676
0.101508886
0.14249371
0.028054941
0.10375796
0.08661461
0.051866103
0.08048283
0.025191866
0.1200072
0.091870174
0.09744196
0.09313156
0.051783998
0.1371691
0.1379726
0.087776005
0.12897415
0.12037074
0.039570082
0.057564188
0.08607438
0.027353778
0.09139771
0.08119523
0.019226432
0.016981432
0.100994825
0.04002755
0.13236569
0.15903994
0.17329594
0.11479003
0.10648613
0.1452299
0.11664949
0.053640705
0.047355976
0.10308766
0.08699896
0.10294659
0.16852324
0.115570344
0.074195124
0.1344965
0.14693812
0.0868687
0.058650397
0.05099742
0.014431524
0.005606651
0.031516593
0.09003634
0.055044163
0.09644312
0.09166211
0.10211869
0.1476071
0.13762538
0.11388262
0.15326528
0.15591928
0.08455873
0.031960126
0.08279255
0.11682218
0.11484882
0.071431495
0.08703392
0.13731432
0.016285835
0.18300635
0.20295157
0.046312384
0.048945747
0.14505515
0.18544488
0.018306518
0.043379623
0.15393193
0.1644829
0.1258606
0.15704125
0.014163421
0.21325104
0.15180421
0.1581696
0.19257975
0.2196193
0.29228935
0.21977185
0.15594353
0.036684852
0.06593183
0.025151087
0.035109352
0.044320866
0.11980841
0.17213106
0.20573215
0.028604563
0.21500506
0.11673288
0.031774838
0.036242772
0.12083292
0.16130176
0.13467318
0.18685108
0.17041449
0.12507729
0.10686706
0.11018186
0.119809166
0.054851364
0.13362922
0.18994641
0.07342969
0.10428137
0.15636152
0.12527514
0.08087948
0.13123636
0.15428492
0.09874106
0.1886944
0.219878
0.20434901
0.18152712
0.038870513
0.16393708
0.15870796
0.13757995
0.016369596
0.12021845
0.096415356
0.081973165
0.101385064
0.033585507
0.03316375
0.066467375
0.09502332
0.21247593
0.12316236
0.17714387
0.08604006
0.10804046
0.054441962
0.024121037
0.09527913
0.08134547
0.07907821
0.044240665
0.1208199
0.07763254
0.044480965
0.09072619
0.07599242
0.03866009
0.13757798
0.0928543
0.045186143
0.06110454
0.1026516
0.19135557
0.16574728
0.10612196
0.12299875
0.078802444
0.07082904
0.115789734
0.15868159
0.16850829
0.09806636
0.07389869
0.041561585
0.020896195
0.10195197
0.17283086
0.13197355
0.027123978
0.0458119
0.033959255
0.03644414
0.06579533
0.1469596
0.18271063
0.17186764
0.17986079
0.12222599
0.07374799
0.04053796
0.074669845
0.09263227
0.06040803
0.2027909
0.2430944
0.17884798
0.13985237
0.13916267
0.09419305
0.050745714
0.010264625
0.07968701
0.08488823
0.1038226
0.12603669
0.030521143
0.08620514
0.09251347
0.03349164
0.046977274
0.044742588
0.022205947
0.053062525
0.07563357
0.06838542
0.029540282
0.055161808
0.06719862
0.082510784
0.033034727
0.07587584
0.14822315
0.17634955
0.1466767
0.03335357
0.030477488
0.06733153
0.028669057
0.02039593
0.06367927
0.07830693
0.060288157
0.053535037
0.071578875
0.107528605
0.11756316
0.075357
0.027754685
0.118144386
0.0958567
0.033481583
0.10244418
0.05983826
0.036602978
0.034511425
0.08324717
0.08572663
0.027546952
0.053952858
0.06980649
0.033173032
0.054780874
0.09922177
0.08738892
0.048543293
0.038613547
0.073017195
0.083098814
0.07936923
0.115598
0.050435305
0.076544635
0.020331375
0.040362075
0.020975962
0.029364448
0.019667342
0.010018464
0.06815516
0.0587371
0.022410698
0.025559574
0.028357426
0.029992867
0.0397393
0.060765862
0.08416017
0.082552664
0.05101048
0.09843406
0.057791356
0.08919772
0.12970617
0.099891774
0.05209173
0.10226638
0.0064238133
0.068637624
0.09298012
0.10872986
0.10340031
0.09402101
0.02073442
0.10048314
0.11911359
0.10583252
0.09184197
0.040701672
0.031975232
0.09012506
0.08098313
0.07225543
0.069134876
0.10562293
0.122954346
0.055706415
0.04280692
0.13303933
0.06212173
0.10432525
0.04921319
0.1028173
0.101438515
0.049982905
0.08766558
0.104358174
0.13072938
0.06893793
0.07465183
0.10170646
0.016859049
0.06491366
0.07961597
0.07202656
0.009145008
0.04677284
0.101420105
0.15522215
0.06417626
0.103716135
0.060672812
0.050268855
0.043700963
0.026628466
0.06947173
0.042193003
0.056710612
0.07120937
0.045548145
0.066362545
0.09865176
0.06593759
0.032217864
0.038633678
0.066568285
0.081426494
0.028257929
0.062379017
0.033692207
0.052493367
0.058374546
0.119365126
0.016265867
0.10041768
0.08249361
0.070516825
0.043621562
0.03141015
0.038287524
0.08307078
0.018451951
0.12734388
0.1867598
0.114599116
0.04165446
0.056649696
0.13031137
0.11419913
0.051210746
0.034060217
0.021446077
0.028693138
0.041645385
0.031284202
0.009606936
0.072048336
0.082479805
0.041790433
0.05187827
0.02730507
0.04699772
0.047216374
0.050443955
0.035419323
0.02085089
0.047913533
0.100035645
0.111633405
0.09377114
0.03834415
0.023179153
0.019434221
0.029201495
0.061037887
0.09386734
0.077334605
0.046589456
0.06721405
0.07208989
0.047559228
0.09123414
0.0950757
0.07458516
0.08642752
0.019754184
0.0924925
0.10969404
0.068098255
0.05472617
0.11190957
0.01869853
0.10412583
0.106996424
0.09356963
0.074935585
0.033691745
0.098866045
0.1319625
0.08729004
0.085545965
0.108427316
0.07886853
0.03508594
0.06359701
0.032807473
0.047024682
0.041902784
0.036192562
0.05158813
0.061766297
0.11433529
0.1088004
0.022119816
0.103591286
0.13491395
0.06672222
0.051607486
0.08630716
0.087981366
0.038471542
0.08406858
0.082599625
0.035360005
0.035085388
0.1075114
0.09001554
0.06800786
0.051538955
0.0770523
0.099993475
0.08664558
0.11161999
0.04249969
0.069022946
0.054689076
0.104384616
0.06854079
0.052339364
0.085705735
0.12099354
0.043618176
0.055320427
0.033413924
0.09099164
0.01149752
0.053545542
0.042833433
0.046786934
0.039135903
0.11927558
0.08420544
0.07329809
0.12046398
0.078330085
0.072022125
0.057029676
0.029622605
0.070975825
0.061237443
0.05430722
0.048066057
0.02532468
0.07460956
0.096246794
0.010849006
0.11201673
0.15032971
0.11220258
0.023952484
0.041355785
0.034335107
0.09012934
0.08340458
0.058467567
0.059331913
0.009726333
0.05813933
0.03943453
0.03430025
0.01830354
0.07261224
0.16074029
0.08065553
0.037382696
0.037593722
0.023143498
0.037170634
0.032852948
0.041261133
0.08532974
0.055220332
0.03533311
0.08630906
0.060021784
0.04202086
0.051832773
0.04358906
0.052204832
0.03210277
0.008917801
0.0531916
0.054875154
0.04906769
0.036772557
0.035446286
0.039074123
0.11042936
0.06992878
0.06287703
0.09505822
0.05727826
0.013731241
0.06246335
0.10397759
0.092357464
0.04003643
0.025201214
0.03072756
0.00863657
0.030125367
0.03479816
0.021652717
0.025619786
0.023153823
0.06628722
0.10450652
0.11654484
0.114688076
0.123008355
0.11169233
0.09137858
0.058875233
0.029491026
0.041411884
0.047808867
0.03611406
0.07395372
0.09576717
0.106213056
0.088597104
0.059455425
0.020079639
0.047314495
0.06145362
0.08488133
0.0656402
0.0928981
0.088647455
0.080462284
0.07388179
0.054978903
0.033396076
0.070005216
0.08062453
0.0633602
0.017564679
0.036782786
0.036650266
0.024288775
0.025219487
0.0317563
0.058817536
0.0174502
0.030831119
0.036378592
0.046168916
0.08471692
0.03087469
0.025889909
0.018271882
0.044599548
0.05907898
0.057280563
0.05649154
0.06898844
0.08491898
0.0513849
0.06672515
0.041511085
0.021830916
0.020341022
0.027501317
0.019397462
0.030622989
0.028564693
0.014046117
0.034365546
0.052432247
0.034342904
0.030151943
0.017127506
0.053222418
0.06523537
0.037349477
0.03494044
0.04490604
0.008490645
0.038565908
0.047223788
0.03879157
0.01782345
0.04413168
0.030695884
0.053931214
0.04730212
0.05477358
0.02951422
0.022840869
0.019307338
0.027696338
0.06367564
0.051633753
0.027309312
0.03276824
0.029984325
0.022242378
0.023991764
0.03930033
0.057504654
0.05331937
0.03734967
0.027555617
0.042780567
0.080445886
0.050094515
0.026487734
0.046399966
0.019682841
0.032540992
0.029062657
0.017384907
0.017484337
0.031245219
0.062444028
0.04910093
0.02385903
0.047686446
0.020575149
0.03285156
0.02380461
0.02021337
0.029564148
0.053502608
0.07128707
0.055592407
0.042758916
0.03608541
0.03136313
0.02412957
0.07188848
0.026350694
0.010133918
0.009334249
0.016250925
0.03339771
0.0456354
0.03828974
0.045628376
0.06561942
0.0
0.0
0.0
0.0
-0.0061035934
0.0
0.0
0.0
0.0
0.0
0.0
0.0
0.0
0.0
0.0
0.0
0.0
0.0030512363
0.003051168
0.0
0.0
0.0
-0.006101718
0.0
0.0
0.0
0.0
0.0
0.0030502882
0.0030501804
0.0
0.003049954
0.0
0.0
0.0060991757
0.0
0.0
0.0
-0.0060980986
0.0
-0.006097517
-0.006097215
0.0
0.0
0.0
0.0030479687
-0.0060956003
-0.0030476279
0.0
0.0
0.0
-0.0060938057
0.0
0.0
-0.0030463214
-0.006092241
-0.003045916
-0.003045708
0.0
0.0
-0.0030450623
-0.00304484
-0.0030446139
-0.0030443843
-0.0030441512
0.0
-0.0030436744
-0.0030434304
-0.0030431831
-0.0030429321
-0.0030426774
-0.0030424194
0.0
0.0030418923
-0.0030416236
0.0030413512
0.0
-0.0030407957
0.0
-0.003040226
-0.0030399356
0.0030396418
0.0
0.0
0.003038739
0.0
0.0
0.0
0.006074971
0.0
0.0
-0.0030365079
-0.003036175
-0.0030358385
0.0
-0.003035155
-0.0030348075
0.0
-0.0030341025
-0.0030337449
-0.00910015
-0.0030330184
0.0
0.003032278
0.0030319025
-0.0030315232
-0.0030311407
-0.0030307544
-0.0030303646
0.0030299714
0.0030295746
0.0030291742
0.0
-0.0030283628
-0.0030279518
-0.0030275374
-0.0030271192
0.0
-0.0030262724
-0.0030258438
0.0
-0.003024976
0.0
0.003024094
0.0
0.0
0.0
-0.006044575
-0.0030218272
0.0
0.0030208959
0.0030204249
-0.0030199504
0.0
-0.0030189909
-0.0030185059
0.0
0.0
0.0
0.0030165305
0.0
-0.003015522
-0.0030150122
-0.006028998
0.0030139827
0.0
-0.003012939
0.0060248235
0.0
-0.003011347
-0.006021619
-0.0030102683
0.0
-0.0060183513
0.003008624
0.0
0.0
0.0060138963
0.0030063826
-0.0030058138
0.0030052413
-0.0060093305
-0.0030040857
0.0060070055
-0.0030029162
0.0030023265
0.0
-0.0030011362
0.0
0.002999932
0.0
0.0
0.0029981
0.0
0.0
0.0029962363
0.0
0.0
0.0
0.0
-0.0029930614
0.0
0.0
0.0
-0.0029904593
0.0
0.0029891375
0.0
0.005975604
0.0
-0.0059729056
-0.005971546
0.0
-0.002984403
0.0029837128
0.0
0.0
0.002981622
0.0
0.0
0.0029795002
0.0029787861
0.0029780685
0.0029773477
0.0
0.0029758955
0.0059503284
0.0059488593
-0.0029736916
0.0
0.0
0.0
0.0
0.0
0.0
0.0
0.0
0.0029668964
0.0029661243
0.002965349
0.0059291404
0.002963788
0.0029630025
0.0029622135
0.0029614212
0.0
0.0
0.0
0.0
0.0059148176
0.0029565962
0.0029557804
0.0
-0.0029541384
0.0
0.0
0.0059033004
0.002950814
0.0
0.0
-0.0029482855
-0.002947436
0.0
0.002945727
0.0029448674
0.0
0.0
0.0029422687
0.0
-0.0029405195
0.00587928
-0.0029387572
-0.0058757416
0.0
-0.0029360885
0.0
0.0
-0.00293339
-0.0029324838
0.0
-0.0029306617
0.0029297455
0.0
-0.00878371
-0.005853955
-0.0029260484
-0.0029251156
0.0
-0.0029232407
-0.0058445963
-0.005842705
-0.00876121
-0.002919451
0.0
0.0
-0.0029165747
-0.0029156092
-0.0029146406
0.0
-0.0029126934
-0.0029117148
-0.0029107332
-0.0058194962
-0.00290876
0.0
0.0
0.0
0.0029047744
-0.0029037697
-0.002902762
-0.008705253
-0.0058014737
0.0
-0.0028986987
0.0
-0.0028966474
-0.008686852
-0.00868375
-0.0028935466
0.0028925065
0.0028914632
0.0
-0.002889367
-0.0028883142
-0.002887258
-0.0028861987
0.0028851363
-0.0028840704
-0.0028830015
0.0
-0.005761708
0.0
0.0028786939
0.0
0.0028765209
0.0
0.0
0.0
0.0
0.002871033
-0.002869926
-0.0028688156
-0.0028677022
0.0
-0.0028654658
-0.0028643429
0.0
0.0028620877
0.0
-0.00571964
-0.0028586814
0.0
0.0
0.0057104933
0.0028540955
0.0
-0.0028517838
-0.0028506233
0.0056989193
0.0
0.0
0.00284595
-0.002844774
0.0028435946
0.0028424123
0.0
0.005680077
0.0028388468
0.002837652
0.0
0.0
0.005668099
0.005665685
0.005663265
0.0028304192
0.0028292031
0.0
0.0028267615
0.005651072
0.0028243074
0.002823076
0.0056436826
0.0
0.0
0.0028181192
0.0028168724
0.005631245
0.0056287395
0.0056262277
0.00562371
0.0
0.0
0.0
0.0
0.0
0.0028042379
0.0
0.0
0.0
0.005598199
0.0027978073
0.0027965123
0.0027952143
-0.0027939132
0.0
0.0055826046
0.0
0.0
0.0055747265
0.0
0.0027847225
0.0027833977
0.0
-0.0027807392
0.0027794056
-0.0027780689
-0.0027767292
0.0
-0.0027740411
-0.0027726928
-0.0027713412
0.0
0.0
0.0
0.0
0.0
0.0027631717
-0.0027617998
0.0027604252
0.0
0.0027576669
0.0
0.0
0.0027535078
0.0
0.0
0.0
0.0
-0.0027465185
0.0
-0.0027437026
0.0
0.0027408751
0.0
0.0027380362
0.0027366127
0.0
0.0
0.0
0.0
0.005458903
0.0027280108
0.0
0.0
0.0
0.0
0.0
0.0027193069
0.0027178463
0.0027163832
0.0
-0.0054268963
0.0
0.0
0.0
0.0027075447
-0.0027060618
0.0
0.0
0.005403193
0.0054002055
0.002698606
0.0
0.0
0.0
0.0
0.0026910813
0.0
0.0
0.0
-0.005370024
0.0
-0.005363922
-0.0053608627
0.0
0.0
0.0
0.0
-0.0053454856
-0.0053423936
0.0
0.0
0.0
0.0
-0.0053268545
-0.0053237304
0.0
-0.005317467
-0.005314327
0.0
0.0
0.0
-0.005301714
-0.0052985474
0.0
0.0
0.0
0.0052858284
0.0
0.0
0.0
0.0
0.0052698115
0.0
0.0
0.0
0.0
0.0
0.0
0.0
0.0
0.0026203264
0.0
0.0
0.0026154201
0.0
0.0
0.0052209813
0.005217685
0.0
0.0
0.0
0.0
0.0
0.0
0.0
0.0
0.0
0.0
0.0
0.0
0.0
-0.0051710024
0.0
-0.005164253
0.0
0.002578742
-0.002577046
0.0
0.0
-0.0025719432
0.0025702373
0.002568529
0.0
0.002565105
0.0
0.0
0.0
0.0
0.0
0.0
-0.002553044
-0.0025513112
0.0
-0.0025478385
-0.0025460985
-0.0025443563
-0.0025426117
-0.0025408645
0.0
0.0
0.0
0.0
-0.002532093
-0.0025303317
0.0
0.0
0.0025250332
0.0
-0.0025214893
0.0
0.0025179358
0.0025161556
0.0
-0.0050251763
-0.0025108012
-0.0025090117
-0.0025072198
0.0
-0.0025036293
0.0
0.0
0.0
0.0
0.0
0.0
-0.00249099
0.0
0.0
0.002485539
0.0024837174
-0.0024818936
0.0
0.0
0.0024764088
0.0049491525
0.002472741
0.0
0.0
-0.002467223
0.0
0.0
0.0
0.0
-0.0024579815
0.0
-0.0024542694
-0.0024524103
0.0024505488
0.0048973705
0.0
0.0024449513
0.0
0.0
0.0
-0.002437458
-0.0024355792
-0.0024336984
0.0
-0.0024299303
0.0
0.0
-0.002424262
0.0024223684
0.0
0.0
0.0024166747
0.0
0.0
-0.0024109625
-0.0024090542
0.0
0.0024052311
0.0
0.0
-0.0023994814
0.0
0.002395638
0.0
-0.0023917863
0.0
0.0023879264
0.0
0.0023840584
0.0023821215
0.0
0.0
-0.0023762984
-0.0023743534
-0.0023724062
-0.0023704572
-0.0023685063
0.0
-0.0023645982
0.0
-0.0023606822
0.0
0.0023567586
0.0023547937
0.0
0.0
0.0023488877
-0.002346915
0.0
0.002342964
0.0023409857
-0.0023390055
-0.0023370232
-0.0023350392
-0.0023330532
0.0
0.0
0.004654167
0.0
-0.0023230945
0.0
0.0
0.0
-0.002315094
0.0
0.0
0.0
0.0
0.0
0.0
0.0023010215
-0.0022990038
0.0
0.002294963
0.0
0.0
0.0022888882
0.0
-0.0045696585
0.0022827971
0.0
0.0022787277
0.0022766902
0.0
0.00227261
0.0022705672
0.0
0.0
0.0022644287
0.0
0.0
0.0
0.0
0.0
0.0
0.0
0.0
0.0
-0.002243854
-0.0022417873
-0.0022397188
-0.0022376485
0.0
0.0022335032
-0.002231428
0.0
0.0
0.0
0.0
0.0
0.0
-0.002216855
0.0
-0.002212677
0.0022105852
0.002208492
0.0022063972
0.0022043008
-0.0022022028
0.0
0.0
0.0
0.0
0.0021916889
0.0021895813
0.0
-0.0021853617
-0.0021832495
0.0
-0.0021790206
0.0021769037
0.0021747854
-0.0021726657
-0.0021705441
-0.004336843
-0.0021662968
0.0
-0.0021620435
-0.0043198294
-0.0043155686
-0.0043113045
-0.0043070377
0.0
-0.0021492478
-0.00429422
-0.0021449707
-0.00428566
-0.0021406878
-0.004277088
-0.002136399
0.0
-0.0021321047
-0.006389866
-0.0021278046
-0.0021256523
0.0
0.0
-0.0042383745
-0.0021170296
-0.0021148704
-0.0042254194
-0.0021105479
0.0
-0.0021062198
-0.0021040535
-0.002101886
-0.0020997173
0.0
-0.0020953757
0.0
0.0
-0.0020888532
-0.0020866764
-0.0041689966
-0.0020823188
-0.002080138
-0.002077956
0.0
0.0
0.0
0.0
0.0
0.0
0.0
0.002060453
0.0
0.0020560645
-0.0020538683
0.0
0.0
-0.0020472726
0.0020450717
0.0020428693
0.0
0.0
0.0
-0.0020340483
0.0
0.0
0.0020274199
0.0
0.0
-0.0020207807
0.0
0.0040326975
0.0
0.0
0.0
-0.004014943
-0.004010498
0.0
0.0
-0.0019985756
0.0
0.0
-0.0019918922
0.0019896622
0.0
0.0019851988
0.0
0.0
0.0
0.0
0.0
0.0019717831
0.0019695433
-0.0019673028
0.0
0.0019628182
0.0
0.0
0.0
0.0
0.0019515889
0.00194934
-0.0019470901
0.0
0.0
0.0
0.0
-0.001935826
0.0
0.0019313137
0.0
0.0019267973
0.0
0.0
0.0019200159
0.0038355072
0.0019154903
0.0019132261
0.001910961
0.0
0.0019064281
0.0019041602
0.0019018917
0.0
0.0
0.0
0.001892808
0.001890535
0.0
0.0
0.0
0.0018814342
0.0
0.0018768788
0.0018745998
0.0018723201
0.0018700395
0.0
-0.0018654758
0.0
0.001860909
0.0
0.001856339
0.0018540529
0.0
0.0018494782
0.0
0.0
0.0018426107
0.0
0.0
0.0
-0.0018334434
0.0
0.0
0.0
0.0018242645
0.0
0.0018196709
0.0
0.0
0.0
0.0
0.005424524
0.0018058736
0.0018035716
0.0018012691
0.0
0.001796662
0.0
0.0
0.0017897467
0.0
0.0
0.0
0.0
0.0
0.0017758994
0.0
0.0
0.0017689677
0.0017666561
0.0017643437
0.0017620309
0.0
0.0
0.0
0.0017527741
0.0
0.0017481424
0.006983303
0.0017435086
0.0
0.0017388728
0.0017365542
0.0017342351
0.0017319154
0.0017295954
0.0034545495
0.0
0.0
0.0
0.0
0.0
0.0
-0.0034220351
0.0
0.0
0.0
0.0
0.0
0.0
0.0
0.0
0.0
0.0
-0.0033708562
0.0
0.0
0.0
0.0
0.0
0.0
0.0
0.0
0.0
0.0
0.0
-0.0033149216
0.0
0.0
-0.0033009234
-0.001648128
-0.0032915883
-0.0016434599
0.0
-0.0016387906
0.0
-0.0032682405
-0.0016317847
-0.003258898
-0.0016271129
0.0
0.0
0.0
-0.0016177665
0.0
0.0
0.0
-0.0016084164
-0.0016060785
0.0032074808
0.0
0.0
0.0
-0.0015943858
0.0
0.0015897077
0.0
0.0
0.0
0.0
0.0
0.0
0.0
-0.0015709891
0.0
-0.0031326169
-0.0015639679
0.0
-0.0015592865
0.0
-0.0015546049
-0.001552264
0.0
0.0
0.0
0.0
-0.0015405584
-0.0015382172
-0.001535876
-0.0015335347
0.0
0.0
0.0
0.0
-0.0015218282
-0.0015194869
-0.0015171455
-0.0015148043
0.0
0.0
-0.0015077807
-0.0015054396
-0.0015030985
0.0
0.0
0.0
-0.0014937348
0.0
0.0
-0.0014867128
0.0
-0.0014820319
0.0
0.0
-0.0029500227
0.0
0.0
-0.001467992
0.0014656524
0.0
-0.0014609736
0.0014586346
-0.0014562956
0.0
0.0
0.0
0.0014469415
0.0
0.0
0.0
0.0
0.0
0.001432916
0.0014305791
0.0
0.0014259062
0.0
0.0
0.0
0.0
0.0
0.0
-0.0014095583
-0.001407224
0.0
-0.0014025561
0.0014002225
0.0
-0.002791113
0.0
-0.0013908916
-0.0027771192
0.0
0.0
-0.0027631314
-0.0027584701
-0.0013769048
0.0
0.0
-0.001369916
-0.0013675871
-0.0013652586
-0.002725861
0.0
0.0
0.0013559485
0.001353622
-0.0013512959
-0.0013489701
-0.0013466448
0.0013443199
0.0
0.0
-0.0026746958
0.0013350247
-0.001332702
0.0
0.0013280581
0.0013257368
-0.0013234159
-0.0013210955
-0.0013187756
-0.0013164562
0.0
0.0
0.0
-0.0013071836
-0.0013048667
0.0
-0.0026004692
0.0
0.0
0.0
0.0012909767
-0.0012886636
-0.001286351
-0.001284039
0.0
-0.0012794167
0.0
0.0
-0.0012724877
0.0
0.0
0.001265564
0.0012632573
0.0012609513
0.0
0.0
0.0012540369
0.0
0.0
-0.0012471282
0.0012448267
0.0
0.0
0.0
-0.0012356271
0.0012333288
0.0012310314
0.0012287345
0.0012264384
-0.001224143
0.0
0.0012195542
0.0
0.0012149684
-0.0012126766
-0.0012103856
0.0
0.0
0.0024070337
0.0012012287
-0.0011989414
-0.0023933097
-0.0011943692
-0.0011920842
0.0
0.0
-0.0011852339
0.0
0.0
-0.0011783909
-0.0011761115
0.0
0.0011715553
0.0011692784
0.0
-0.0011647271
-0.0023249057
-0.0011601793
0.0
0.0011556349
0.0011533641
0.0
-0.0011488249
-0.0011465566
-0.0011442893
0.0
0.0011397572
0.0011374926
-0.0011352289
0.0
-0.0022614084
0.0
0.0
0.0
0.002243332
0.0011194089
0.0011171526
0.0
0.001112643
-0.0011103898
0.0011081374
0.0
-0.0022072715
0.0
-0.0010991379
0.0
0.0
-0.0010923989
-0.0010901546
0.0
0.001085669
0.0
0.0010811876
0.0010789485
0.0
0.0
0.0010722374
0.0010700026
0.0010677687
0.0
-0.0010633043
0.0
0.0
0.0010566158
0.0021087772
0.0010521624
0.0
0.0
0.0
0.001043269
0.0020820969
0.0
0.0010366108
0.0
0.0
0.0
0.0
0.0
0.0
0.0
-0.0020378134
0.0
-0.0010144925
0.0010122872
0.0010100831
0.0
0.0
-0.0010034782
0.0
0.0
9.968844E-4
9.94689E-4
9.924946E-4
0.0
0.0
9.859196E-4
9.837304E-4
9.815425E-4
9.793559E-4
0.0029315117
0.0019499732
0.0
0.0
9.684423E-4
9.6626347E-4
0.001928172
0.0028857295
0.00191947
-9.575615E-4
-9.553893E-4
0.001906437
9.5104903E-4
0.0018977617
0.0018934283
9.445487E-4
9.423847E-4
9.40222E-4
0.0018761215
0.0018718017
9.337423E-4
9.315852E-4
0.0
9.272752E-4
0.0
0.0
0.0018416415
9.1867207E-4
0.0
-9.143791E-4
0.0
9.1009185E-4
0.0018159009
9.0581045E-4
0.0
0.0
8.993992E-4
8.9726516E-4
8.951325E-4
0.0
-8.908717E-4
0.0
0.0
8.8449166E-4
0.0
0.0
0.0
-8.7600615E-4
0.0
0.0
8.696581E-4
8.6754514E-4
0.0
0.0
8.6121564E-4
0.0
0.0
8.549002E-4
0.0
8.506978E-4
0.0
0.0
8.4440614E-4
0.0
8.402197E-4
0.0
0.0
8.339522E-4
0.0
-8.29782E-4
8.276994E-4
-8.2561834E-4
0.0
0.0016429226
8.193853E-4
0.0
-8.1523816E-4
-8.1316713E-4
0.0
8.090301E-4
0.0
8.048998E-4
0.0
-8.007763E-4
0.0
-7.966597E-4
7.946039E-4
7.9254986E-4
-7.904975E-4
7.88447E-4
-0.0023591942
0.0
0.0023469168
-7.8026205E-4
0.0
0.0
-0.0023224254
-7.7210524E-4
0.0
0.0
0.0
7.639768E-4
-7.6194917E-4
-7.599233E-4
-7.5789925E-4
0.0
7.538566E-4
0.0
7.4982125E-4
7.4780633E-4
0.0
0.0022313457
7.4177247E-4
7.397649E-4
0.0
0.0
0.0
-7.317531E-4
0.0
0.0
0.0
7.237712E-4
7.2178047E-4
0.0
0.0
0.0
-0.0014276728
0.0
0.0
0.0
-0.0014118458
-7.0394936E-4
0.0
0.0
0.0
0.0
0.0
0.0
0.0
0.0
0.0013725499
0.0
0.0
0.0
-0.0013569418
0.0
0.0
0.0
0.0
0.0
0.0
0.0
0.0
0.0
0.0
0.0013143503
0.0
0.0013066592
0.0
0.0
0.0
0.0012913265
0.0012875036
0.0012836849
0.0012798704
0.00127606
0.0012722538
0.0
0.0
0.0
6.285355E-4
0.0
0.0
0.0
0.0
0.0
0.0
0.0012306642
6.1345444E-4
0.0
0.0
0.0
0.0
0.0
0.0012044675
6.0037116E-4
5.9851084E-4
0.0
-0.0011895933
0.0011858857
0.0011821826
0.0
0.0
0.0
-0.0011674139
0.0
5.800281E-4
0.0
0.0
0.0
0.0
-0.0011417399
0.0
0.0
0.0
0.0
0.0
-0.0011199089
-0.0011162863
0.0
0.0
0.0
-0.0011018413
-0.0010982417
0.0
0.0
0.0
0.0
0.0
-0.0010767399
5.365863E-4
5.348049E-4
5.330258E-4
0.0
0.0
-0.0010554056
-5.259331E-4
0.0
0.0
5.206383E-4
0.0
-5.1712024E-4
-5.1536475E-4
0.0
0.0
0.0
0.0
0.0
0.0
-5.031433E-4
0.0
0.0
0.0
-9.92425E-4
-4.9448584E-4
0.0
-4.910398E-4
0.0
-4.8760357E-4
4.858891E-4
0.0
0.0
0.0
-4.7905574E-4
0.0
0.0
0.0
0.0
0.0
0.0
0.0
0.0
0.0
0.0
0.0
0.0
-4.57121E-4
0.0
0.0
0.0
0.0
-4.4879733E-4
0.0
0.0
0.0
0.0
0.0
-4.3889263E-4
0.0
0.0
0.0
0.0
-4.3070907E-4
-4.2908007E-4
0.0
-4.2582984E-4
0.0
0.0
0.0
-4.1936047E-4
-4.1774963E-4
0.0
0.0
-4.129328E-4
-4.113324E-4
0.0
0.0
0.0
0.0
0.0
4.0178536E-4
0.0
0.0
-3.9704752E-4
0.0
3.9390224E-4
0.0
-3.9076761E-4
7.7840866E-4
3.876437E-4
0.0
3.845305E-4
-7.6595583E-4
-3.8142802E-4
0.0
-3.7833632E-4
-3.7679455E-4
0.0
-3.737191E-4
-3.721854E-4
0.0
0.0
3.6760073E-4
0.0
3.645579E-4
3.630406E-4
0.0
-3.6001418E-4
0.0
0.0
3.5549514E-4
3.539943E-4
7.049925E-4
7.0200185E-4
0.0
3.480186E-4
3.465316E-4
0.0
6.8713183E-4
6.8417453E-4
0.0
3.391383E-4
3.37668E-4
0.0
3.347358E-4
3.3327393E-4
3.3181484E-4
3.3035857E-4
3.2890512E-4
0.0
0.0
3.2456167E-4
3.2311952E-4
0.0
3.2024368E-4
0.0
3.1737922E-4
0.0
0.0
0.0
0.0
3.1026787E-4
0.0
-3.0744335E-4
-3.060354E-4
3.0463032E-4
3.032281E-4
3.0182875E-4
3.004323E-4
0.0
0.0
-2.9626026E-4
0.0
2.934934E-4
2.921143E-4
2.907381E-4
2.8936483E-4
0.0
0.0
2.8526245E-4
-2.8390085E-4
-2.8254214E-4
2.811864E-4
-2.7983356E-4
-5.569673E-4
0.0
0.0
0.0
-2.7311343E-4
-2.7177826E-4
-2.7044603E-4
0.0
-2.6779043E-4
2.6646708E-4
0.0
0.0
0.0
-5.2240666E-4
0.0
2.585893E-4
0.0
0.0
0.0
0.0
2.5210652E-4
0.0
2.4953438E-4
2.4825282E-4
-2.4697426E-4
0.0
-2.444262E-4
-2.4315667E-4
0.0
0.0
2.3936626E-4
0.0
0.0
2.3560309E-4
0.0
0.0
2.3186728E-4
0.0
-2.2939197E-4
-2.2815888E-4
-2.2692885E-4
0.0
2.2447799E-4
2.2325714E-4
2.2203937E-4
-2.2082466E-4
0.0
0.0
-2.1719899E-4
4.319932E-4
0.0
-2.1360104E-4
2.124079E-4
-4.2243573E-4
-2.100309E-4
0.0
-2.0766631E-4
0.0
2.0531412E-4
0.0
-2.0297436E-4
0.0
0.0
1.9948809E-4
0.0
0.0
0.0
0.0
1.9374014E-4
0.0
0.0
-1.9032898E-4
0.0
-3.761412E-4
-1.8694613E-4
0.0
0.0
0.0
0.0
-3.627422E-4
-1.8026559E-4
0.0
-1.7806406E-4
0.0
0.0
0.0
0.0
1.7261581E-4
0.0
0.0
-1.6938508E-4
-3.3662908E-4
-1.6724721E-4
1.6618308E-4
-1.6512215E-4
0.0
0.0
0.0
3.2182096E-4
-1.598656E-4
-1.5882392E-4
3.155709E-4
1.5675023E-4
1.5571823E-4
1.5468943E-4
1.5366387E-4
0.0
0.0
0.0
0.0
0.0
1.4757847E-4
1.4657558E-4
1.4557593E-4
1.4457954E-4
1.435864E-4
2.85193E-4
1.4160988E-4
2.8125301E-4
1.3964639E-4
0.0
1.3769597E-4
1.3672565E-4
2.7151723E-4
1.3479484E-4
1.3383434E-4
1.3287713E-4
1.3192318E-4
1.3097253E-4
0.0
0.0
0.0
-1.2720277E-4
1.2626855E-4
1.2533764E-4
1.2441001E-4
1.2348569E-4
1.2256467E-4
1.2164696E-4
1.2073255E-4
1.19821445E-4
1.1891366E-4
1.1800918E-4
2.3421603E-4
2.3242034E-4
1.1531563E-4
1.1442443E-4
0.0
0.0
1.1177075E-4
1.1089285E-4
1.1001828E-4
1.0914704E-4
1.08279135E-4
-1.0741457E-4
1.0655334E-4
1.0569546E-4
1.0484092E-4
1.0398972E-4
0.0
0.0
1.0145623E-4
0.0
9.9783996E-5
9.8952914E-5
0.0
0.0
0.0
0.0
9.484794E-5
9.403705E-5
0.0
0.0
0.0
9.08272E-5
9.003318E-5
0.0
-8.845529E-5
-8.767141E-5
0.0
8.6113825E-5
8.5340114E-5
0.0
-8.3802865E-5
-2.4911802E-4
-8.2279206E-5
0.0
0.0
8.001921E-5
0.0
0.0
-7.778984E-5
-2.3116061E-4
0.0
0.0
0.0
0.0
-7.342321E-5
0.0
7.1995004E-5
7.1286035E-5
0.0
-6.987837E-5
-2.0753904E-4
-6.848442E-5
-6.7792585E-5
0.0
-6.641923E-5
0.0
0.0
-6.438496E-5
0.0
-6.304598E-5
0.0
-6.1720784E-5
0.0
6.0409377E-5
5.9758844E-5
5.9111764E-5
0.0
0.0
-5.7191253E-5
0.0
-5.5928198E-5
0.0
0.0
-5.4059572E-5
5.3443626E-5
-5.2831147E-5
-1.0444427E-4
0.0
0.0
0.0
9.964159E-5
0.0
-9.728195E-5
0.0
-9.495012E-5
0.0
0.0
0.0
4.5185014E-5
0.0
-8.81218E-5
0.0
4.295074E-5
0.0
0.0
0.0
0.0
0.0
0.0
0.0
0.0
-7.6256E-5
-7.521927E-5
-7.418955E-5
0.0
3.6075573E-5
0.0
0.0
0.0
0.0
-3.3588964E-5
0.0
6.5237815E-5
0.0
0.0
0.0
0.0
6.051061E-5
5.958629E-5
5.866901E-5
0.0
0.0
-2.7979733E-5
0.0
0.0
0.0
-2.6222746E-5
-5.1584648E-5
-2.5365433E-5
0.0
0.0
0.0
0.0
0.0
0.0
0.0
-2.2077566E-5
0.0
4.2581967E-5
-2.0903006E-5
0.0
-2.013768E-5
-3.952067E-5
1.9386534E-5
0.0
1.8649576E-5
0.0
-3.5853624E-5
-3.5141507E-5
-1.7218248E-5
0.0
3.3047785E-5
0.0
0.0
0.0
-1.5177828E-5
1.4850202E-5
0.0
0.0
0.0
-2.7150558E-5
-1.3265448E-5
0.0
0.0
2.4714645E-5
0.0
-2.3539444E-5
0.0
-1.119638E-5
-1.0915057E-5
1.0637302E-5
1.0363114E-5
0.0
-9.825441E-6
-9.561959E-6
-9.302046E-6
0.0
0.0
0.0
0.0
0.0
-7.817573E-6
-7.5826665E-6
0.0
7.1235777E-6
1.3798793E-5
0.0
-6.4617625E-6
-6.2483114E-6
-1.8115314E-5
0.0
0.0
0.0
0.0
-5.0427525E-6
0.0
0.0
0.0
0.0
0.0
0.0
0.0
-3.635865E-6
0.0
0.0
-3.1674044E-6
-3.0184206E-6
-2.8730217E-6
0.0
-2.5929814E-6
-2.4583405E-6
-2.3272864E-6
-2.1998192E-6
-2.075939E-6
0.0
0.0
0.0
0.0
-1.5103569E-6
0.0
-1.3092442E-6
-1.2140717E-6
1.1224888E-6
0.0
9.5009244E-7
0.0
-7.920567E-7
0.0
0.0
0.0
0.0
0.0
0.0
3.5204212E-7
0.0
0.0
0.0
1.796167E-7
1.4549008E-7
-1.14955505E-7
-8.801307E-8
-6.466283E-8
4.4904837E-8
-2.8739146E-8
-1.6165792E-8
-7.1848034E-9
0.0
0.0
