0.13397932
0.14620914
0.12944898
0.24572447
0.47147074
0.38950014
0.31472588
0.11041173
0.4034646
0.2602991
0.13873604
0.5163405
0.8140325
0.620164
0.3748932
0.30602425
0.3400916
0.4225472
0.32735547
0.7394055
1.0170217
1.6006585
1.6216125
1.4310954
1.4209409
1.039547
1.1666979
1.2596787
0.9379929
0.8699748
0.611149
0.34309143
0.04594433
0.41094822
0.4729381
0.5884724
0.76036835
0.4836614
0.23060778
0.1364289
0.24906847
0.28757375
0.12405713
0.15588664
0.12600605
0.24092305
0.31306762
0.37542266
0.18470842
0.11938256
0.12517655
0.15678367
0.09619494
0.099081285
0.24303469
0.25644454
0.10482411
0.18948936
0.06609074
0.063941486
0.07971196
0.10939977
0.039012395
0.10594867
0.03557082
0.10357324
0.030588191
0.15666983
0.15444192
0.011477536
0.07250791
0.14997007
0.15242344
0.13168548
0.25403473
0.18068394
0.04325653
0.07391597
0.13343917
0.1287258
0.049993873
0.06914531
0.030294066
0.09582507
0.1176649
0.12094824
0.030705815
0.105314985
0.09339259
0.054470602
0.13140939
0.15131517
0.14358166
0.19669393
0.06535781
0.18717627
0.2344819
0.116358496
0.030941222
0.058161203
0.091610014
0.07609006
0.07789998
0.020497045
0.10285227
0.08358934
0.045757804
0.15302044
0.15565677
0.13817865
0.07968388
0.11851139
0.07302166
0.08530489
0.16166879
0.088377245
0.08215159
0.13471319
0.10932399
0.122301124
0.09903211
0.056852084
0.019629955
0.026418235
0.03612025
0.09550852
0.13016772
0.11707079
0.08180617
0.17374773
0.1291973
0.11564557
0.07459459
0.14047813
0.10690188
0.13076994
0.1893377
0.109210946
0.15641853
0.11964181
0.16554433
0.07478936
0.061605524
0.14341614
0.20427495
0.18301302
0.10961674
0.03785153
0.052911486
0.11965093
0.07876716
0.035079055
0.06762089
0.1148191
0.12320421
0.13008082
0.15269369
0.045120236
0.034317568
0.001559328
0.027909426
0.06442986
0.097572744
0.056901954
0.058377966
0.08206761
0.120636955
0.20077652
0.1214319
0.012212939
0.036988582
0.04273967
0.01314784
9.857008E-4
0.05798991
0.094585985
0.1337408
0.11716637
0.079424016
0.023558961
0.044871233
0.07018659
0.10047511
0.12438289
0.16537762
0.11531365
0.049937166
0.06291426
0.03558698
0.022296866
0.012780284
0.029898886
0.105020374
0.11965225
0.02840411
0.06682264
0.07718067
0.05557089
0.111985974
0.015592567
0.07399462
0.05127145
0.079298384
0.05715774
0.10129765
0.09916105
0.04923879
0.069221295
0.07028196
0.10433976
0.014124824
0.065784015
0.08985106
0.113398395
0.08659923
0.019974303
0.02046161
0.121856585
0.11159305
0.04494253
0.05744359
0.06516085
0.13880949
0.13877444
0.1475133
0.22183782
0.18306293
0.058422126
0.028091535
0.06387266
0.041173115
0.016979665
0.022494525
0.07329117
0.054871373
0.058051866
0.06171937
0.04023669
0.027958488
0.03670926
0.046892695
0.070980415
0.081175216
0.08913365
0.0811956
0.034910526
0.09932898
0.10439976
0.12978317
0.14808674
0.1079073
0.07661639
0.03990998
0.07591546
0.08918803
0.0923294
0.1093805
0.122333676
0.07011031
0.05484451
0.07396948
0.05528614
0.12401726
0.10133833
0.04863479
0.036559105
0.04969074
0.10647124
0.08218136
0.09384891
0.13864227
0.049521994
0.07596466
0.10561678
0.15352516
0.10530062
0.0109010665
0.04965449
0.08008858
0.12129997
0.11332001
0.023666028
0.0596337
0.09216387
0.09146508
0.033967763
0.061143715
0.0691421
0.08323495
0.14402513
0.124630295
0.09386607
0.03396376
0.12507014
0.111162044
0.028819157
0.04698716
0.13269223
0.1037379
0.028013656
0.08390108
0.04017602
0.03921663
0.067802474
0.045663066
0.05418493
0.09892529
0.062943146
0.121622816
0.09033227
0.06642637
0.043121424
0.08413997
0.0798809
0.010436258
0.047240812
0.10148118
0.09058778
0.027950432
0.030690579
0.036122087
0.046902116
0.016800603
0.03862167
0.033656985
0.04977376
0.12941118
0.13648194
0.09721567
0.041669965
0.013715784
0.04689577
0.04276873
0.112393215
0.13397536
0.052939948
0.05365547
0.07271636
0.06831122
0.040117625
0.037047997
0.07907752
0.016302014
0.043810852
0.12207121
0.17655373
0.13493785
0.042574164
0.04945602
0.048880883
0.07323947
0.08810975
0.051637825
0.046959326
0.012086624
0.06911085
0.09245429
0.08341084
0.038987704
0.07546965
0.00840351
0.03447823
0.04906833
0.03381384
0.009443102
0.026403265
0.040387955
0.043617014
0.03650857
0.1476596
0.07970598
0.02580906
0.061689995
0.1380745
0.10782732
0.012393573
0.08246153
0.10119773
0.028984254
0.075920664
0.050018642
0.0120085785
0.015363919
0.07476597
0.09972642
0.081925444
0.048599683
0.06111959
0.0394123
0.017527943
0.032104786
0.05132029
0.07908249
0.09210464
0.093326755
0.064932056
0.06634746
0.08406373
0.0511156
0.07903126
0.09255205
0.03863418
0.068685986
0.031902738
0.041021742
0.046582047
0.03249311
0.076270655
0.12991832
0.08345635
0.025157852
0.047917258
0.0759864
0.06809755
0.05270692
0.05601801
0.11157503
0.09015468
0.06035702
0.03081055
0.03763222
0.08795596
0.12070547
0.12079143
0.058655437
0.040723503
0.07244809
0.09801191
0.050602812
0.01243568
0.021192431
0.071606524
0.09743136
0.034734543
0.04136013
0.045937598
0.09800675
0.066246
0.057513703
0.09824567
0.10196795
0.09892483
0.05394386
0.041467287
0.048082493
0.045892037
0.043832175
0.08705486
0.025650937
0.04107127
0.1129979
0.08402914
0.06621033
0.073796414
0.049360763
0.008177301
0.05513048
0.08147986
0.09057709
0.1201344
0.12229672
0.045274746
0.049241357
0.110175155
0.042927254
0.039958984
0.013533128
0.04069982
0.047020778
0.040862102
0.0747248
0.048281815
0.044271655
0.116372555
0.0797807
0.07917616
0.09152497
0.035885002
0.05282956
0.035788752
0.09151538
0.104553446
0.07554834
0.05480044
0.06846696
0.012861799
0.029190093
0.079343796
0.06051235
0.029780466
0.0755437
0.08012707
0.043407284
0.02549783
0.061580762
0.06474275
0.016676905
0.12293162
0.1711961
0.13956518
0.097491555
0.039591793
0.10420934
0.106338665
0.044982284
0.025165068
0.032935407
0.015901292
0.025068045
0.06464811
0.070014544
0.033170063
0.116053306
0.14512655
0.02965829
0.064963244
0.01487638
0.034409557
0.06373779
0.09524185
0.061739076
0.0349252
0.030321928
0.040482543
0.043091364
0.08425882
0.10484136
0.041287616
0.07601577
0.09045845
0.075968444
0.044261787
0.058518354
0.06357986
0.04088077
0.04620493
0.08841406
0.109839514
0.059855025
0.057216164
0.06991657
0.059743166
0.03813585
0.06570732
0.05028887
0.03134274
0.060488068
0.03291874
0.07793315
0.07655404
0.05872797
0.062480308
0.11969233
0.11155742
0.04741592
0.08173449
0.051293932
0.081028625
0.05054714
0.07943073
0.045560103
0.0033705237
0.035159227
0.035634656
0.03817112
0.03619441
0.065014854
0.051704153
0.06589139
0.05942422
0.025644302
0.061116662
0.04587453
0.056789607
0.06925399
0.10048713
0.03946884
0.071423374
0.115313895
0.043876767
0.0112182805
0.06287794
0.100672655
0.094858706
0.08900149
0.07047155
0.1125444
0.11645307
0.07640899
0.07935862
0.047604285
0.025537867
0.06307383
0.0117512
0.069945894
0.004564542
0.06888664
0.0650138
0.041193668
0.06987664
0.04792573
0.11348984
0.086389385
0.060492244
0.04417544
0.09551006
0.13240616
0.11111546
0.059167422
0.13748573
0.13485391
0.03613363
0.1862626
0.21095575
0.09542497
0.023899466
0.062454812
0.061581507
0.029268933
0.005531532
0.02371864
0.048850253
0.028985385
0.07278933
0.0660981
0.07860149
0.083828904
0.036645256
0.07215931
0.07262096
0.023986239
0.015005313
0.02607596
0.03280211
0.032970663
0.026553655
0.028185984
0.058998425
0.088912606
0.07089467
0.06438176
0.05734521
0.02791166
0.024151498
0.0748299
0.09997379
0.04528434
0.043051817
0.06481181
0.026816716
0.06955962
0.06175825
0.111992165
0.06245704
0.055254743
0.03226177
0.04559526
0.07518344
0.03983732
0.048612904
0.08799891
0.07910016
0.05047306
0.078377455
0.043992266
0.056034274
0.024476148
0.034713626
0.08938264
0.060681492
0.0845722
0.0827681
0.013506793
0.050226014
0.030731091
0.035572108
0.054327782
0.07746847
0.10183185
0.037258923
0.04925016
0.042907618
0.050186556
0.05977138
0.11167799
0.095480956
0.03744947
0.019157609
0.08830732
0.05779442
0.04453653
0.08416686
0.13588256
0.08339493
0.04645247
0.12367914
0.06300806
0.017744545
0.08970888
0.14555225
0.09042028
0.038800467
0.04666174
0.050505605
0.057577234
0.11819044
0.117884755
0.061233643
0.096577145
0.09186811
0.032538574
0.028008027
0.07218241
0.04700219
0.03677176
0.04732006
0.06774097
0.066422306
0.07043475
0.07165276
0.058404215
0.06549031
0.04654125
0.024831083
0.021568393
0.01620497
0.012583066
0.048119206
0.07643953
0.03739516
0.06597529
0.037447426
0.056338865
0.07360196
0.06759547
0.06567132
0.043739486
0.0322207
0.06488542
0.05849623
0.02136971
0.043135073
0.021961747
0.035403762
0.019610075
0.03145434
0.05953629
0.066853166
0.044912376
0.07591488
0.14749466
0.08103021
0.058456514
0.023069153
0.09055948
0.064561814
0.016415
0.017079212
0.019778667
0.014907839
0.04893097
0.08819922
0.11121865
0.06322589
0.019938234
0.063373454
0.033020273
0.052784324
0.035525013
0.026995232
0.024782104
0.072789885
0.1114024
0.09711919
0.04804187
0.03334734
0.04259715
0.049707968
0.048102062
0.10246308
0.09886758
0.028917968
0.045192532
0.044184823
0.074334145
0.12792437
0.15887116
0.11945972
0.06834793
0.037482318
0.0038534217
0.01225126
0.03299955
0.07332176
0.08474882
0.06485632
0.07165808
0.033582363
0.031837303
0.053122465
0.027428633
0.051208388
0.11773721
0.1350995
0.078919396
0.034491006
0.019334601
0.03856905
0.073896654
0.05842665
0.022686163
0.016717032
0.034143463
0.03027763
0.037336107
0.081375934
0.0467803
0.051822826
0.0719997
0.041155905
0.06579821
0.050902277
0.040829673
0.052024048
0.0846045
0.04532263
0.01712854
0.0064580375
0.046301994
0.09517202
0.058897607
0.028898956
0.04827904
0.035439618
0.029530736
0.04739706
0.03335789
0.027510999
0.02114839
0.032787945
0.073254064
0.029661324
0.024449734
0.005140707
0.046384964
0.06748215
0.055980116
0.024765896
0.106393345
0.09954535
0.07127301
0.06253051
0.04997004
0.05963246
0.010920982
0.048318762
0.0432774
0.05136761
0.025427354
0.013220676
0.03938496
0.044926886
0.047136813
0.038258605
0.039080743
0.051429685
0.054865643
0.020057896
0.02773378
0.019809969
0.063631654
0.057178173
0.06833366
0.055284973
0.0606767
0.0581741
0.035621732
0.058578726
0.06920808
0.11273796
0.12898341
0.1013038
0.063832425
0.08066699
0.08415789
0.054092355
0.036279485
0.027584156
0.05731345
0.060556784
0.025014607
0.027086662
0.04463346
0.035339616
0.006054167
0.04732873
0.08023452
0.060920984
0.040896293
0.09375737
0.09693984
0.02024234
0.07686594
0.034688827
0.012571581
0.015923785
0.0062789083
0.057811122
0.07882865
0.057842694
0.046079513
0.028375054
0.016393498
0.036104094
0.07614062
0.023265926
0.05389524
0.060736958
0.040388264
0.034991723
0.07615107
0.074535385
0.016634988
0.065497585
0.07099852
0.07014646
0.049952008
0.039548375
0.08983969
0.051819865
0.029770548
0.07572477
0.07417976
0.05658582
0.018864911
0.015898146
0.08662957
0.10685325
0.082203664
0.053971957
0.035718575
0.042123895
0.033963915
0.06503458
0.045549374
0.03995212
0.06940863
0.09639446
0.117912255
0.062326875
0.016526995
0.028472869
0.032339983
0.043614
0.040899567
0.041519552
0.022977175
0.04283653
0.03809454
0.039796133
0.03932337
0.037323117
0.050224032
0.040762573
0.0503951
0.041737676
0.08681806
0.06049801
0.05234173
0.0469248
0.05368438
0.057288192
0.03887735
0.008168381
0.015147503
0.041651625
0.03805204
0.034372054
0.03036352
0.03685089
0.057778712
0.048057634
0.046731684
0.053131957
0.09380838
0.08651535
0.04717596
0.06246063
0.05270264
0.042490665
0.032627154
0.05269553
0.06137849
0.080531746
0.10030674
0.08447619
0.059796527
0.06143555
0.05775004
0.03664516
0.06410505
0.049552605
0.03414702
0.09401921
0.08152753
0.031753454
0.07973542
0.07526911
0.034227595
0.018876206
0.021271398
0.06727309
0.040769964
0.03383792
0.029833391
0.032718282
0.031444807
0.030240187
0.052765902
0.07850744
0.053663116
0.070788465
0.06842559
0.077491134
0.06322147
0.10209846
0.085618265
0.03223335
0.061236255
0.08881305
0.06161516
0.039259043
0.05031087
0.041375935
0.029149443
0.096101075
0.071535796
0.015483222
0.06543997
0.023077756
0.07416403
0.06525588
0.012568817
0.082483806
0.097537585
0.058656983
0.045827545
0.050808556
0.08368826
0.06328645
0.06745123
0.15237857
0.11587567
0.066593245
0.061214704
0.08069241
0.06043295
0.044532463
0.02936346
0.012609817
0.048392355
0.0795291
0.028794402
0.05547337
0.0065868734
0.09362343
0.1280278
0.10453145
0.06320262
0.06036478
0.098107815
0.06677569
0.030018795
0.036233872
0.056511667
0.0359048
0.0425963
0.053446554
0.053875573
0.044857275
0.06270832
0.047896884
0.071574345
0.069645755
0.06781559
0.064069696
0.0632964
0.046377715
0.054816473
0.07706022
0.034987602
0.036711454
0.040908534
0.030593766
0.040557254
0.039181396
0.06476185
0.08520876
0.06098499
0.04440183
0.043068934
0.0855976
0.11870262
0.07643702
0.056999624
0.05724797
0.039693076
0.05421227
0.06160179
0.09468277
0.08990269
0.018074565
0.08292832
0.05961346
0.048369754
0.0625916
0.035487402
0.035502877
0.05156216
0.04354236
0.01793681
0.04044899
0.06596646
0.06787672
0.04193158
0.01198826
0.022103157
0.07633008
0.08981179
0.1307915
0.087805524
0.033934437
0.08353248
0.080559336
0.05612243
0.029133502
0.10014858
0.11102919
0.071947224
0.07429341
0.057067722
0.041654505
0.04019762
0.080881685
0.08645883
0.07423343
0.07312971
0.04402124
0.017287849
0.012406755
0.018655729
0.037461177
0.044319842
0.022324922
0.03252122
0.04921687
0.066745296
0.09549114
0.068191275
0.032759305
0.042706333
0.037219867
0.036541678
0.055529
0.003910571
0.014223126
0.0016869683
0.020408621
0.011544987
0.01364602
0.031603523
0.056053896
0.06188613
0.036618672
0.049933832
0.028962335
0.035403516
0.066745244
0.08190632
0.082746826
0.08657583
0.10286543
0.08967841
0.042422302
0.026851023
0.04153055
0.015084754
0.040950857
0.026514454
0.09357513
0.06268439
0.06916712
0.083295695
0.096893646
0.0663921
0.041489247
0.039617408
0.043990757
0.027273053
0.02496781
0.013604875
0.07198644
0.11530735
0.12292453
0.079641126
0.015009903
0.06255827
0.07649091
0.037940294
0.036791455
0.04953934
0.059847828
0.033944618
0.04564626
0.036688954
0.06955874
0.035245642
0.024209635
0.08021503
0.05824232
0.0746087
0.11755397
0.094333306
0.045396544
0.004360232
0.024914296
0.037321966
0.09088949
0.05464315
0.04631515
0.050373048
0.032419372
0.022743749
0.03248157
0.055647243
0.011493057
0.020794276
0.028327174
0.06587452
0.03022957
0.05614289
0.06785343
0.05975908
0.029923499
0.03988778
0.086709306
0.07846556
0.10287599
0.10216827
0.07446581
0.046583705
0.046067182
0.04483739
0.03380131
0.09137068
0.095116735
0.07304794
0.06662434
0.1173406
0.12498057
0.07309337
0.0622729
0.05031843
0.066708915
0.05411177
0.058032807
0.089260995
0.069211036
0.077352576
0.08937968
0.06551869
0.029475426
0.04972985
0.03881802
0.06461003
0.1164632
0.073218934
0.03628569
0.028341498
0.08234076
0.13336523
0.108455114
0.093364716
0.09619261
0.060696185
0.062209394
0.042096436
0.05398702
0.038430464
0.037397243
0.061395455
0.010734463
0.038631324
0.04371175
0.072148606
0.052537423
0.0057228208
0.071257226
0.092211224
0.022072181
0.00801341
0.062286712
0.12595114
0.05023983
0.05799959
0.032776047
0.053882528
0.05000187
0.035127595
0.066467315
0.016150018
0.058264203
0.041306403
0.06371925
0.034845855
0.053801946
0.034841258
0.05782242
0.06385683
0.027488437
0.11022834
0.07301316
0.03476221
0.04654364
0.122536205
0.10250407
0.008917733
0.06913801
0.0457384
0.03966853
0.02780297
0.056266945
0.029463915
0.085979566
0.081119604
0.059114277
0.069075115
0.08271718
0.03293965
0.06870989
0.048427723
0.03418618
0.0698646
0.014256457
0.021224782
0.07103096
0.06315445
0.05718047
0.11324953
0.07569489
0.032190833
0.056350093
0.021203913
0.013038121
0.05901551
0.05981364
0.107244864
0.12976259
0.07404356
0.10276295
0.07882307
0.032064196
0.06164145
0.082808636
0.054592308
0.06073789
0.13072768
0.14132942
0.115594216
0.10817502
0.11067468
0.113893755
0.1331096
0.103914596
0.060272172
0.043094665
0.022869423
0.06403128
0.037889507
0.049091652
0.10419815
0.051237766
0.058940265
0.0461895
0.010529263
0.040551577
0.06774722
0.053273205
0.10907124
0.06419917
0.049382683
0.07672056
0.028760897
0.008284928
0.03940633
0.04412914
0.022163037
0.028642707
0.024249246
0.033586726
0.034639448
0.026672995
0.08868615
0.06310819
0.016957026
0.04688396
0.116885856
0.09739021
0.07969433
0.03697083
0.011490111
0.08715367
0.12627038
0.1085044
0.053202376
0.022544619
0.0057839924
0.05196117
0.057286445
0.044812076
0.030430404
0.10117171
0.107533365
0.08680329
0.049963202
0.08884995
0.07995573
0.061138514
0.03617944
0.06479312
0.10438703
0.078238994
0.06951961
0.0718852
0.038648337
0.026597412
0.021110594
0.043853857
0.03704114
0.053428896
0.05416447
0.07361498
0.024356563
0.055979766
0.08763057
0.118471675
0.018981924
0.09753288
0.09290201
0.046385285
0.10338995
0.086100765
0.031834744
0.04657686
0.08244064
0.104658276
0.09265986
0.031184616
0.016036637
0.030513257
0.033017494
0.023265911
0.04669383
0.106444225
0.11164225
0.08997219
0.016720453
0.10842186
0.092784494
0.10649287
0.06892568
0.05815603
0.05492219
0.084223665
0.06475383
0.029377352
0.014668832
0.07406672
0.045631662
0.057518378
0.09762798
0.055484828
0.046559375
0.09996399
0.030053874
0.05824058
0.04696988
0.04423034
0.040528767
0.05065335
0.04936702
0.051899984
0.055491157
0.06623922
0.039132964
0.064911045
0.07733146
0.05188562
0.01722638
0.04483748
0.016709564
0.070244215
0.048323814
0.069084845
0.100235045
0.05486246
0.056088146
0.096075945
0.047948487
0.011036047
0.019853467
0.008372203
0.03561195
0.0393787
0.040789325
0.062020898
0.063319966
0.04793935
0.05943352
0.04609981
0.082058296
0.030108359
0.11750947
0.06347991
0.075536646
0.14091185
0.101133116
0.07898302
0.060320925
0.07292128
0.029502597
0.009985766
0.030897876
0.016126074
0.046802115
0.021968
0.032309737
0.058321625
0.008501847
0.054765373
0.04714801
0.035149284
0.02909
0.050609216
0.0905593
0.085539706
0.007882676
0.04816378
0.040555283
0.035453845
0.048609752
0.1003954
0.031065637
0.13147135
0.08488698
0.044217113
0.11640664
0.092358865
0.013643551
0.058368307
0.04143132
0.04066804
0.072037324
0.048012875
0.033117812
0.04792702
0.04944438
0.055966016
0.020325381
0.06177335
0.05969553
0.050280195
0.050447624
0.087383844
0.08427872
0.07427586
0.015139236
0.047570705
0.010574881
0.07559161
0.03425575
0.07940659
0.09162812
0.081532754
0.089797094
0.060315143
0.0320015
0.040501464
0.04955824
0.09181352
0.057771903
0.033467986
0.03547972
0.033867892
0.014327718
0.008179774
0.052630402
0.04322498
0.019277217
0.08348041
0.092645764
0.028314358
0.053667624
0.086064644
0.073931865
0.08989802
0.09749185
0.067338
0.014655412
0.066693805
0.07364071
0.013595516
0.025110582
0.007995324
0.045317777
0.08199462
0.014393783
0.05187905
0.03267533
0.015188545
0.053580657
0.045616657
0.037212975
0.06318464
0.050788477
0.0826274
0.06774584
0.020907514
0.0621018
0.032225218
0.11764684
0.07811402
0.02646299
0.07406634
0.14798473
0.091835454
0.03382568
0.063643984
0.04091752
0.016730674
0.0491925
0.054120887
0.034254715
0.02126055
0.019881101
0.0041682757
0.04042877
0.055365905
0.0069583994
0.07969078
0.101833954
0.052798
0.07146138
0.14196855
0.13841978
0.057531584
0.013233139
0.0060032955
0.033579845
0.060857385
0.07327482
0.059178066
0.037069496
0.033178203
0.057296395
0.060120806
0.05493757
0.013692995
0.041520886
0.05637011
0.03730697
0.03925609
0.022690343
0.040688887
0.06435695
0.06383043
0.06844898
0.091734365
0.05444796
0.026324669
0.041291296
0.050236862
0.04939847
0.068877995
0.031341556
0.05682996
0.04568159
0.06032482
0.036713194
0.063964136
0.045068998
0.08699252
0.13638705
0.09754947
0.07635687
0.07099663
0.022877138
0.0271316
0.061039902
0.06345786
0.061042883
0.10297279
0.05798142
0.036453936
0.05027368
0.081956975
0.13482696
0.119721025
0.1153313
0.018366687
0.03837512
0.0760077
0.013430009
0.033381097
0.03069999
0.015087656
0.031030633
0.064306736
0.071079135
0.08268154
0.16742069
0.13471445
0.08314037
0.056527797
0.024504881
0.083745934
0.06851177
0.038830377
0.060184773
0.070236
0.03383591
0.041111592
0.020083332
0.025712468
0.046466265
0.06948666
0.063975215
0.058318313
0.038806617
0.054213904
0.049523138
0.02477014
0.04140088
0.07490048
0.0428957
0.026653932
0.05159249
0.072456315
0.060419872
0.024415622
0.046962157
0.0935338
0.08526415
0.02302299
0.06616353
0.07798773
0.08475032
0.07810317
0.02222157
0.08242234
0.08022631
0.07481189
0.05658148
0.049121045
0.07075286
0.061880007
0.10783943
0.07254085
0.0942948
0.147827
0.08151832
0.04135066
0.08047723
0.04277869
0.024190092
0.034954578
0.029801581
0.07505788
0.037063364
0.02329832
0.03801077
0.055878706
0.08250354
0.11080618
0.07082447
0.06862446
0.037291665
0.0118828695
0.072542965
0.13922043
0.03942314
0.086563855
0.027143767
0.078802206
0.04315888
0.024319522
0.045206927
0.08241776
0.075456515
0.04043938
0.031594336
0.023488248
0.06736057
0.073330015
0.022456838
0.023170294
0.024707789
0.044264965
0.059578504
0.049032524
0.082580395
0.088602655
0.09017117
0.13212374
0.16693759
0.14343974
0.09229793
0.05072261
0.019431725
0.049537845
0.048872367
0.02729321
0.073575765
0.02972926
0.01999977
0.024859201
0.010337587
0.015082949
0.021776816
0.055852927
0.056641404
0.044806324
0.087809704
0.15003923
0.12662959
0.0644394
0.013429245
0.075402655
0.07591921
0.028066754
0.018407535
0.032588426
0.059333157
0.037742745
0.07268032
0.055701897
0.03685062
0.0307018
0.06862887
0.09465688
0.04952546
0.05669271
0.055706665
0.047430474
0.097701274
0.09926126
0.03692732
0.045789238
0.040757257
0.0096225655
0.018442238
0.025496718
0.06963681
0.011272335
0.05025878
0.06560698
0.11910765
0.09107155
0.05400141
0.043693453
0.092613146
0.10211462
0.023975464
0.037928313
0.044219736
0.045586847
0.046652332
0.04478156
0.017590856
0.03302217
0.07919967
0.057735834
0.016195394
0.08717655
0.124388546
0.07317629
0.037688784
0.05032453
0.0047706463
0.027908206
0.022978581
0.056762487
0.060931195
0.05411898
0.05688272
0.08103416
0.034039028
0.01395479
0.049880967
0.045612294
0.06499899
0.07226085
0.056914236
0.06555006
0.045595568
0.02606166
0.049850456
0.032003123
0.007054991
0.013237085
0.009997548
0.030149814
0.024429407
0.038226545
0.031607598
0.09593125
0.08909126
0.059730478
0.04816605
0.033626627
0.019110328
0.03758374
0.052356284
0.042171404
0.034447383
0.024019783
0.0399446
0.043955844
0.03309038
0.01678423
0.03052159
0.024587907
0.016939769
0.035682905
0.021557005
0.011976816
0.012233025
0.014843493
0.029957227
0.035934687
0.012568107
0.0370116
0.01852835
0.012742166
0.028324015
0.046450764
0.03424033
0.023503603
0.08065353
0.084132016
0.013996611
0.06314388
0.037178874
0.015994608
0.045228124
0.0803924
0.051157158
0.029075945
0.054252163
0.038762055
0.014376252
0.006800758
0.03788824
0.06244772
0.035421297
0.011989014
0.015055081
0.012886459
0.033245683
0.0018767925
0.04051703
0.048583925
0.04209527
0.048204653
0.051253088
0.04678597
0.03573913
0.020533148
0.04201349
0.0582725
0.044827312
0.0045981593
0.030632174
0.009142636
0.038324326
0.023479186
0.040764876
0.022557149
0.015890684
0.016549971
0.029676205
0.035650115
0.038169317
0.007822598
0.012775227
0.053536963
0.025616055
0.04363551
0.019579154
0.012204869
0.02422579
0.048241433
0.02490146
0.023325715
0.018643875
0.06267277
0.04708589
0.011493227
0.008466748
0.025255071
0.010996154
0.02126415
0.029588029
0.020498142
0.023743968
0.045751512
0.04281242
0.04372722
0.06152957
0.04204551
0.0029965993
0.05280968
0.07626096
0.056233622
0.033116285
0.028476076
0.009154005
0.018303145
0.016019383
0.05605352
0.06198915
0.024108678
0.042730324
0.03073917
0.04333206
0.045140408
0.02656045
0.047202084
0.028374825
0.017341116
0.01491732
0.028875826
0.0100318575
0.061928093
0.06252179
0.05593597
0.03703567
0.06706374
0.095248945
0.0
0.0
0.0
0.0
0.0
0.0
0.0
0.0030517213
0.0
0.0
0.0
-0.0030515704
0.0
0.0
0.0
-0.003051362
0.0
0.0030512363
0.0
-0.003051096
-0.0061020413
-0.0030509417
-0.003050859
-0.003050773
-0.003050683
0.0
0.0
-0.0030503923
0.0
-0.0030501804
-0.003050069
0.0
-0.0030498356
-0.0030497136
-0.0030495878
-0.0030494586
-0.0030493257
-0.0030491892
-0.0030490493
-0.0030489056
-0.0030487585
-0.0030486076
-0.0030484532
-0.0030482954
-0.0030481338
-0.0030479687
0.0
-0.0030476279
-0.0030474518
-0.0030472726
-0.0030470896
-0.0030469028
-0.0030467126
-0.006093038
-0.0030463214
-0.0030461205
-0.003045916
-0.003045708
0.0
-0.0030452812
-0.0030450623
0.0
-0.0030446139
-0.0030443843
-0.0030441512
0.0
0.0
-0.0030434304
0.0
-0.0030429321
0.0
-0.0030424194
-0.0030421577
0.0
0.0
0.0
-0.0030410753
-0.0030407957
0.0
0.0
0.0
0.0
0.0
0.0
0.0
-0.003038431
0.0
0.0
0.0
0.0
0.0
0.0
0.0
0.0
0.0
0.0
0.0
0.0
-0.0030341025
-0.0030337449
0.0030333833
0.0
0.0
0.0
0.0030319025
0.0
0.0030311407
0.0030307544
0.0
0.0
0.0
-0.0030291742
0.0
0.0
-0.0030279518
0.0
-0.0030271192
-0.0030266976
0.0
0.0
0.0
0.0
0.0
0.0
0.0
0.0
0.0
0.0
-0.0030218272
0.0
0.0
-0.0030204249
0.0030199504
-0.0030194724
-0.0030189909
0.0
0.0
-0.0030175252
0.0
0.0
-0.003016028
0.0
0.0
0.0
0.0
0.0
0.0
0.0
0.0
-0.003011347
-0.0030108094
0.0
0.0030097237
0.0
-0.003008624
-0.003008069
0.0
0.0
0.0
0.0030058138
0.0
0.0
0.0
0.0
0.0
0.0030023265
0.003001733
0.0030011362
0.0030005358
0.002999932
0.0029993248
0.0
0.0029981
0.0029974822
0.002996861
0.0029962363
0.0029956084
0.0029949767
0.0029943418
0.0029937034
0.005986123
0.005984832
0.0029917674
0.00598223
0.0029904593
0.0029898002
0.005978275
0.005976943
0.002987802
0.0059742583
0.0029864528
0.002985773
0.0029850898
0.005968806
0.0059674256
0.0029830192
0.0059646447
0.005963244
0.0059618363
0.0059604216
0.0059590004
0.0059575723
0.0
0.0
0.0059532467
0.0
0.0029751642
0.0
0.0029736916
0.0029729502
0.0
0.0059429146
0.0
0.005939901
0.008907576
0.0059368606
0.002967665
0.0029668964
0.0059322487
0.002965349
0.0059291404
0.0
0.005926005
0.0
0.0
0.005921251
0.005919653
0.002959024
0.005916436
0.0059148176
0.0029565962
0.0
0.0
0.0
0.0029533124
0.002952483
0.0
0.002950814
0.0
0.0
0.005896571
0.0
0.0
0.0
0.0029448674
0.0029440045
0.0029431384
0.0029422687
0.0
0.0
0.0
0.0
0.0
0.0
0.0
0.0
0.0
-0.00586678
0.0
0.0
0.0
0.0
0.0
0.0
0.0
0.0
0.0
0.0
0.0
0.0
0.0029213524
0.0
0.0
0.0
0.0
0.0
0.0029156092
0.0
0.0
0.0
0.0
0.0
0.0
0.0
-0.0058155367
0.0
0.0
0.0
0.0
0.0
0.0
0.0
0.0
0.0
0.0
0.0
0.0
0.0
0.0028935466
0.0
0.0
0.002890417
0.0
0.0
0.002887258
0.0028861987
0.0
0.0
0.0
0.0
0.0
-0.0028797756
-0.0028786939
0.0
-0.0028765209
-0.0028754298
0.0
-0.0028732377
0.0
0.0
0.0
0.0
0.0
0.0
0.0
0.0
-0.002863217
0.0
0.0
0.0
0.0028586814
0.0
-0.0028563947
0.0
0.0
-0.0028529412
0.0
0.0
-0.0028494596
-0.0028482927
0.0
0.0
0.0
0.0
-0.0028424123
0.0
0.0
0.0
-0.002837652
0.0
0.0
0.0
0.0
0.0
0.0
-0.0028292031
0.0
-0.0028267615
-0.002825536
-0.0028243074
0.0
-0.0028218413
-0.0028206035
-0.002819363
-0.0028181192
-0.0028168724
-0.0028156226
-0.0028143697
-0.0028131139
-0.002811855
-0.002810593
-0.0028093278
-0.0028080598
0.0
-0.0028055147
0.0028042379
0.0
0.0
0.0
0.0
0.0
0.0
0.0027952143
-0.0027939132
0.0
-0.0027913023
-0.0027899921
0.0
0.0027873632
0.0027860445
0.0027847225
0.0
0.0027820698
0.0027807392
0.0
0.0
0.0
0.0
0.0
0.0
0.0
0.002769987
0.0
0.0
0.0
0.0
0.0
0.0
0.0027604252
0.0
0.0
0.0027562834
0.002754897
0.0027535078
0.0027521157
0.0027507208
0.002749323
0.0027479222
0.0027465185
0.002745112
0.0
0.0027422903
0.0027408751
0.0027394572
0.0054760724
0.0027366127
0.0027351861
0.0027337568
0.0027323244
0.0027308895
0.0027294515
0.0027280108
0.0027265672
0.0027251206
0.0027236715
0.0027222193
0.0027207646
0.0027193069
0.0054356926
0.0027163832
0.0
0.0054268963
0.005423953
0.002710502
0.0027090246
0.0027075447
0.0027060618
0.0
0.0027030879
0.0027015966
0.0027001027
0.002698606
0.0
0.0026956042
0.0026940994
0.0
-0.0026910813
-0.002689568
-0.0026880521
0.0
-0.002685012
0.0026834877
-0.002681961
-0.0026804314
-0.002678899
-0.002677364
-0.0026758262
0.0
-0.0026727428
-0.0026711968
-0.0026696483
-0.0053361943
-0.0026665432
-0.005329973
-0.0026634273
-0.0026618652
-0.005320601
-0.005317467
-0.00797149
-0.0053111813
-0.007962046
-0.005304875
-0.005301714
-0.007947821
-0.0052953754
-0.005292198
-0.002644508
-0.0052858284
-0.0052826353
-0.005279437
-0.005276234
-0.0052730255
-0.0052698115
-0.0052665924
-0.005263368
-0.010520278
-0.005256904
-0.005253664
-0.005250419
-0.0052471687
-0.0052439133
-0.0052406527
-0.005237387
-0.005234116
-0.0052308403
-0.0052275592
-0.0026121365
-0.0052209813
-0.0026088424
-0.0026071917
-0.0052110767
-0.005207765
-0.005204448
-0.0052011264
-0.0051977993
-0.0051944675
-0.00519113
-0.005187788
-0.005184441
-0.0025905445
-0.0025888658
-0.0025871848
-0.0025855012
-0.0025838153
0.0
-0.0025804355
0.0
0.0
0.0
-0.0025736466
0.0
0.0
-0.002568529
0.0
0.0
0.0
-0.0025616712
0.0
0.0
0.0
0.0025547743
0.002553044
0.0025513112
0.0
0.0025478385
-0.0025460985
0.0
0.0
0.0025408645
0.002539115
0.002537363
0.0025356088
0.0025338521
0.002532093
0.0050606634
0.0025285678
0.0025268018
0.0050500664
0.005046525
0.007564468
0.0050394274
0.0025179358
0.005032311
0.005028746
0.0025125882
0.0050216024
0.0050180233
0.0050144396
0.005010851
0.0050072586
0.005003661
0.005000059
0.0024982262
0.0024964204
0.0024946127
0.0024928025
0.00249099
0.0024891752
0.0024873582
0.002485539
0.004967435
0.0024818936
0.0049601356
0.0024782394
0.0024764088
0.0049491525
0.002472741
0.002470904
0.0024690644
0.002467223
0.002465379
0.0024635328
0.0024616846
0.0073795025
0.004915963
0.004912253
0.009817078
0.0049048206
0.0024505488
0.0048973705
0.0024468193
0.0048899027
0.0073292437
0.002441209
0.0024393345
0.002437458
0.0024355792
0.0024336984
0.0024318153
0.0024299303
0.002428043
0.0024261535
0.002424262
0.0024223684
0.0024204727
0.0024185749
0.0024166747
0.0048295455
0.0024128687
0.0024109625
0.0024090542
0.0
0.0
0.0024033168
0.0
0.0023994814
0.0023975607
0.0
0.0
0.0
-0.0023898573
-0.0023879264
-0.0023859935
0.0
-0.0023821215
-0.0023801825
0.0
0.0
0.0023743534
0.0
0.0
0.0
-0.0023665533
-0.0047291964
-0.0070879236
-0.0047213645
-0.0047174427
-0.004713517
-0.0047095874
-0.004705654
-0.004701717
-0.0046977755
-0.00469383
-0.0070348214
-0.004685928
-0.0046819714
-0.0070170164
-0.0046740463
-0.0070051174
-0.006999159
-0.0069931955
-0.006987226
-0.004654167
-0.00465018
-0.006969284
-0.0046421946
-0.004638196
-0.0046341936
-0.004630188
-0.004626178
-0.006933247
-0.006927222
-0.006921191
-0.0069151544
-0.006909112
-0.0069030644
-0.009196015
-0.009187938
-0.004589926
-0.00687882
-0.0068727448
-0.009155553
-0.006860579
-0.0045696585
-0.0068483916
-0.0045615267
-0.006836183
-0.0045533804
-0.004549302
-0.00454522
-0.0045411345
-0.0045370455
-0.0045329533
-0.0045288573
-0.0045247576
-0.004520655
-0.0045165485
-0.004512439
-0.0045083254
-0.004504209
-0.0045000887
-0.0044959653
-0.0022459193
-0.004487708
0.0
-0.0022397188
-0.004475297
0.0
0.0
0.0
-0.002229351
-0.0022272724
-0.0044503845
-0.004446221
0.0
0.0
0.0
0.0
0.0
0.0
0.0
0.0022063972
0.0044086017
0.0044044056
0.0044002063
0.0
0.0043917983
0.0043875896
0.0
0.0043791626
0.0043749446
0.0
0.004366499
0.0043622716
0.0021790206
0.0021769037
0.0043495707
0.0021726657
0.0043410882
0.004336843
0.0043325936
0.004328342
0.004324087
0.006479744
0.0043155686
0.0043113045
0.0043070377
0.004302768
0.0042984956
0.00644133
0.006434912
0.00428566
0.0042813756
0.002138544
0.0064091976
0.006402758
0.006396314
0.006389866
0.004255609
0.0042513045
0.0042469976
0.0042426875
0.008476749
0.0042340592
0.0042297407
0.0063381293
0.006331643
0.006325153
0.006318659
0.0063121608
0.0063056587
0.006299152
0.0062926416
0.006286127
0.0062796087
0.006273086
0.0062665595
0.006260029
0.006253495
0.006246956
0.006240414
0.0062338677
0.0062273177
0.0020735878
0.0062142056
0.004138429
0.0020670262
0.0041296724
0.0041252906
0.004120906
0.0020582592
0.004112129
0.0041077365
0.0
0.0
0.0
0.0020450717
0.0020428693
0.0
0.0
0.0
0.0
0.00203184
0.0020296304
0.0
0.0
0.0
-0.0020207807
0.0
-0.0020163488
-0.0020141313
-0.004023825
-0.0020096924
0.0
-0.004010498
-0.0020030257
-0.0020008013
-0.0039971513
-0.0039926977
-0.0039882422
-0.0019918922
-0.0039793244
-0.003974862
-0.0039703976
-0.003965931
-0.003961462
-0.0079139825
-0.0039525186
-0.003948043
-0.009858915
-0.00590863
-0.0039346055
-0.0039301217
-0.0039256364
-0.005881723
-0.003916659
-0.003912167
-0.0039076735
-0.0039031778
-0.00389868
-0.0038941803
-0.0038896785
-0.005827762
-0.0038806694
-0.0038761615
-0.005807478
-0.0038671405
-0.0038626273
-0.0057871677
-0.0038535947
-0.0038490756
-0.0038445545
-0.0019200159
-0.0038355072
-0.0019154903
-0.0038264522
-0.003821922
-0.005726085
-0.0057192845
-0.0038083205
-0.0038037833
-0.003799244
-0.0037947032
-0.0018950802
-0.003785616
-0.00378107
-0.0037765221
0.0
0.0
0.0
0.0
0.0
-0.0018745998
-0.0018723201
0.0
-0.001867758
-0.0018654758
0.0
0.001860909
0.0
0.0
0.0018540529
0.001851766
0.0018494782
0.0018471899
0.0
0.0
0.00184032
0.0018380285
0.0018357363
0.0036668868
0.0018311498
0.0036577107
0.0018265604
0.0018242645
0.0036439362
0.0036393418
0.0036347462
0.0018150745
0.0018127753
0.0036209507
0.0036163495
0.0054176208
0.0072142864
0.0054038074
0.0053968974
0.005389986
0.005383073
0.0053761574
0.00536924
0.005362321
0.0053554
0.0035656516
0.0053415527
0.0053346264
0.0053276983
0.0053207683
0.0053138365
0.0035379354
0.0035333121
0.0035286874
0.0017620309
0.003519435
0.0017574036
0.003510178
0.0035055482
0.0017504585
0.0034962848
0.0034916515
0.0034870172
0.005223573
0.0052166185
0.0017365542
0.005202705
0.0034638308
0.0034591907
0.0034545495
0.0017249536
0.0017226321
0.0017203101
0.0017179876
0.0
0.0
0.0017110176
0.0017086933
0.0017063686
0.0017040435
0.001701718
0.0
0.0016970658
0.001694739
0.0016924118
0.0016900843
0.0016877564
0.0016854281
0.0016830994
0.0016807704
0.001678441
0.0033522225
0.0016737811
0.0
0.0016691198
0.0016667887
0.0
0.0
0.0016597933
0.0
0.0
0.0
0.0
0.0
0.0
0.0
0.0
0.0016387906
0.0
0.0
-0.0016317847
0.0
-0.0016271129
0.0
-0.0016224402
-0.0016201034
0.0
0.0
-0.0016130919
0.0
0.0
0.0
0.0
-0.001601402
0.0015990634
0.0
-0.0015943858
0.0
0.0
-0.0015873683
0.0
-0.0015826892
-0.0015803494
-0.0015780096
-0.0015756695
0.0
-0.0015709891
0.0
0.0
-0.0015639679
-0.0031232545
-0.0015592865
-0.0015569457
0.0
0.001552264
-0.001549923
-0.0015475819
0.0
0.0
0.0
0.0
0.001535876
0.0
0.0
0.0
0.0
0.0
0.0
0.0
0.0
0.0
0.0
0.0
0.0
0.0
0.0
0.0
-0.0014984165
0.0
0.0
0.0
-0.0014890534
-0.0014867128
-0.0014843723
-0.0014820319
-0.0014796916
0.0
0.0
-0.0014726714
0.0
-0.001467992
-0.0014656524
0.0
0.0014609736
0.0014586346
0.0014562956
0.0
0.0
0.0
-0.0014469415
-0.0014446034
-0.0014422656
0.0
0.0
0.0014352531
0.0
-0.0014305791
0.0
0.0
-0.00142357
0.0
0.0
0.0
0.0
0.0
0.0
0.0
0.0
0.0
0.0
0.0
0.0
0.0013932239
0.0
0.0
0.0
0.0
0.0
-0.0013792351
-0.0013769048
-0.0013745748
-0.0013722453
0.0
-0.0013675871
-0.0013652586
-0.0013629305
-0.0027212056
-0.0040748264
-0.0040678456
-0.005414488
-0.0040538874
-0.0040469104
-0.0040399344
-0.0013443199
-0.0040259864
-0.0013396714
-0.0040120436
-0.0013350247
-0.001332702
-0.0013303797
-0.0013280581
0.0
-0.0013234159
-0.0013210955
0.0
-0.0013164562
0.0
-0.001311819
0.0
0.0
0.0
0.0
0.0
0.0
0.0
-0.0012932903
0.0
0.0
0.0
0.0
0.0
0.0
0.0
0.0
-0.0012724877
0.0012701792
0.0
0.0
0.0012632573
0.0
0.0037759377
0.0
0.0012540369
0.0025034668
0.0
0.0
0.0024896534
0.0012425258
0.002480451
0.002475852
0.0024712542
0.0036999865
0.0024620628
0.002457469
0.002452877
0.002448286
0.0024436966
0.0024391084
0.002434522
0.0024299368
0.0024253533
0.0024207712
0.0024161905
0.0024116111
0.0024070337
0.0024024574
0.0023978828
0.0023933097
0.0023887383
0.0023841683
0.0023796
0.002375033
0.0023704679
0.0023659042
0.0023613423
0.0023567819
0.002352223
0.002347666
0.0
0.0
0.0
0.0023294543
0.0023249057
0.0023203585
0.0
0.0
0.0
0.0
0.0
0.0
0.0
0.0
0.0
0.0
-0.0022704578
0.0
-0.0022614084
-0.0022568866
0.0
0.0
0.0
0.0
0.0
-0.0022297949
0.0
0.0
0.0
0.0022117721
0.0
-0.0011013864
0.0
-0.0010968907
-0.0010946443
0.0
0.0
0.0
0.0
0.0
0.0
0.0
0.0
-0.0010744734
-0.0010722374
0.0
-0.0010677687
-0.0010655359
0.0
-0.0010610737
0.0
0.0
-0.0021087772
0.0
0.0
0.0
0.0
0.0
0.0
-0.001038829
0.0
-0.0010343937
0.0
-0.002059926
0.0
0.0
-0.0020466514
-0.0020422311
-0.0010189067
-0.001016699
0.0
-0.0010122872
-0.0020201663
-0.0020157606
-0.0010056787
-0.0020069564
0.0
-9.990811E-4
-0.0019937688
-9.94689E-4
-9.924946E-4
-9.903017E-4
-9.8811E-4
-9.859196E-4
-9.837304E-4
-9.815425E-4
-9.793559E-4
-9.771707E-4
-9.749866E-4
-0.0019456077
-0.0019412448
-9.684423E-4
-9.6626347E-4
0.0
0.0
-9.59735E-4
-9.575615E-4
-9.553893E-4
-9.532185E-4
0.0
-9.4888086E-4
-9.4671414E-4
-9.445487E-4
-9.423847E-4
0.0
-9.3806075E-4
-9.3590084E-4
0.0
0.0
0.0
9.272752E-4
-9.251223E-4
0.0
9.2082075E-4
0.0
0.0
0.0
9.1223477E-4
9.1009185E-4
0.0
9.0581045E-4
0.0
9.0153486E-4
8.993992E-4
0.0
8.951325E-4
0.0
8.908717E-4
8.887435E-4
8.866168E-4
8.8449166E-4
8.82368E-4
8.802459E-4
0.0017562505
8.7600615E-4
0.0017477772
0.0017435452
8.696581E-4
0.0017350903
0.0017308675
0.0017266478
8.6121564E-4
0.0017182179
0.0017140076
0.0017098004
0.0017055965
0.0017013956
0.001697198
0.0016930036
0.0016888123
0.0016846242
8.402197E-4
0.0016762579
0.0016720796
0.0016679044
0.0016637326
0.001659564
0.0016553988
0.0016512367
0.001647078
0.0016429226
0.0016387706
8.173109E-4
0.0016304763
0.0016263343
0.0016221956
0.0024270902
0.0
0.0016097996
0.0016056744
8.007763E-4
0.0023961514
0.0015933193
0.0015892078
0.0015850997
0.001580995
0.001576894
0.0015727963
7.84351E-4
7.8230567E-4
7.8026205E-4
7.782202E-4
0.0
7.7414175E-4
-7.7210524E-4
0.0
0.0
0.0
0.0
-7.6194917E-4
0.0
-0.0015157985
-7.5587706E-4
-7.538566E-4
-7.5183803E-4
-7.4982125E-4
-7.4780633E-4
-7.457932E-4
-0.0014875638
-7.4177247E-4
-0.0014795298
-0.0014755183
-0.0014715106
-0.0014675065
-0.0014635063
-0.0014595096
-0.0021832753
-0.0014515277
-0.0014475425
-0.0014435609
-0.0014395831
-0.0021534138
-0.0014316391
-0.0014276728
-0.0014237103
-0.0021296274
-0.002123695
-0.0021177686
-0.0014078987
-0.0021059331
-0.0021000241
-0.002094121
-0.002784298
-0.002082332
-0.0027685952
-0.0020705666
-0.0020646928
-0.002058825
-0.002737284
-0.001364738
-0.0013608378
-0.0020354127
-6.765249E-4
-0.0013491616
-0.0013452775
-0.0020120963
-0.002006282
-0.0020004741
-0.0013297815
-0.0013259177
-0.0013220578
-6.59101E-4
-0.0013143503
-0.0013105028
-0.0013066592
-0.0013028198
-0.0012989846
-0.0012951535
-6.4566324E-4
0.0
0.0
6.399352E-4
0.0
-6.361269E-4
0.0
0.0
0.0
0.0
0.0
6.247525E-4
6.228641E-4
6.2097795E-4
0.0
6.172119E-4
0.0
0.0
0.0
0.0
6.078344E-4
0.0
0.0
6.0223375E-4
0.0012007423
5.9851084E-4
5.966527E-4
5.947967E-4
5.929429E-4
0.0011821826
0.0011784838
0.0011747894
0.0011710995
0.0017511209
0.0011637328
0.0011600562
0.001734576
0.0011527162
0.0017235795
0.0017180913
0.0011417399
0.0017071352
0.0017016672
0.001696206
0.0011271678
0.0016853041
0.0016798633
0.0011162863
0.0016690022
0.0011090547
0.0011054458
0.0011018413
0.0016473624
5.473232E-4
5.4552796E-4
5.43735E-4
5.419443E-4
5.40156E-4
5.3836993E-4
0.0016097587
5.348049E-4
0.0010660517
0.0010624983
5.294748E-4
0.0010554056
5.259331E-4
0.0010483316
5.224009E-4
0.0010412766
0.0010377562
5.1712024E-4
0.0010307295
5.1361165E-4
5.1186094E-4
5.101126E-4
0.0
5.066232E-4
5.04882E-4
5.031433E-4
0.0010028139
9.993461E-4
9.958831E-4
9.92425E-4
9.889717E-4
4.927616E-4
9.820797E-4
9.78641E-4
4.8760357E-4
4.858891E-4
9.683542E-4
0.0
4.8076038E-4
4.7905574E-4
0.0
0.0
0.0
0.0
4.7056953E-4
4.6887973E-4
4.671924E-4
4.655076E-4
4.6382527E-4
4.6214546E-4
0.0
0.0
0.0
0.0
0.0
0.0
0.0
0.0
0.0
4.4548558E-4
0.0
-4.42184E-4
-4.4053706E-4
-8.7778526E-4
-8.745016E-4
-8.71223E-4
-4.3397478E-4
-4.3234063E-4
-4.3070907E-4
-8.5816014E-4
-8.549073E-4
-4.2582984E-4
0.0
0.0
-4.2097393E-4
0.0
-4.1774963E-4
-4.161414E-4
-4.1453578E-4
-8.258656E-4
0.0
-8.1946934E-4
-8.1627903E-4
-8.130941E-4
-8.099143E-4
-8.067399E-4
-8.035707E-4
-4.0020343E-4
-7.972483E-4
-7.9409505E-4
-7.909471E-4
-7.878045E-4
-7.846672E-4
-0.0011723029
-0.001167613
-0.0011629311
-0.0011582572
-0.0011535914
-0.0011489337
-7.6285604E-4
-0.0011396424
-0.001135009
-3.7679455E-4
-7.505109E-4
-7.474382E-4
-7.443708E-4
-3.7065445E-4
-3.6912624E-4
-3.6760073E-4
-7.321559E-4
-0.0010936738
-3.630406E-4
-3.61526E-4
-3.6001418E-4
-0.0010755153
-3.5699873E-4
-3.5549514E-4
-0.0010619829
-0.0010574887
-0.0010530028
-0.0010485252
-0.0010440558
-0.0010395948
-0.0010351421
-6.8713183E-4
-6.8417453E-4
-6.8122277E-4
-6.782766E-4
-0.001013004
-6.7240105E-4
-6.694716E-4
-3.3327393E-4
-9.954446E-4
-9.910758E-4
-6.5781025E-4
-6.5490894E-4
-6.5201335E-4
-9.7368506E-4
0.0
-6.4336037E-4
-3.2024368E-4
0.0
0.0
0.0
0.0
0.0
-6.233689E-4
-3.1026787E-4
-6.1770837E-4
-3.0744335E-4
0.0
0.0
0.0
0.0
0.0
0.0
0.0
2.9626026E-4
2.9487538E-4
0.0
2.921143E-4
5.814762E-4
5.7872967E-4
5.759889E-4
5.73254E-4
2.8526245E-4
5.678017E-4
5.650843E-4
5.623728E-4
5.596671E-4
2.7848364E-4
0.0
2.7579267E-4
5.4890313E-4
2.7311343E-4
5.435565E-4
5.4089207E-4
5.382335E-4
5.3558085E-4
5.3293415E-4
5.302934E-4
5.276585E-4
5.250296E-4
7.8361E-4
7.7968446E-4
5.171786E-4
5.1457353E-4
5.1197445E-4
5.0938135E-4
5.067942E-4
5.0421304E-4
5.0163793E-4
7.4860314E-4
4.9650564E-4
4.939485E-4
4.9139746E-4
7.332785E-4
4.8631334E-4
4.8378034E-4
4.812534E-4
4.7873252E-4
4.7621765E-4
4.737089E-4
4.7120618E-4
4.6870956E-4
4.6621903E-4
4.6373456E-4
4.612562E-4
4.5878394E-4
4.5631776E-4
4.538577E-4
4.514038E-4
8.9791196E-4
2.2325714E-4
4.4407873E-4
4.4164932E-4
4.3922605E-4
4.3680894E-4
0.0
4.319932E-4
4.2959454E-4
4.272021E-4
4.248158E-4
4.2243573E-4
0.0
4.1769413E-4
4.1533262E-4
0.0
0.0
0.0
0.0
0.0
0.0
0.0
0.0
0.0
0.0
0.0
0.0
0.0
0.0
0.0
0.0
0.0
0.0
0.0
-3.694133E-4
-3.6718327E-4
-3.6495956E-4
-1.813711E-4
-3.6053118E-4
-3.5832648E-4
0.0
-3.539361E-4
-5.2762567E-4
-1.7478557E-4
-3.473982E-4
-3.4523162E-4
-3.430714E-4
-3.4091758E-4
-1.6938508E-4
-5.0494366E-4
-3.3449443E-4
-4.9854926E-4
-4.9536646E-4
-4.9219327E-4
-4.890297E-4
-3.2391716E-4
-4.8273144E-4
-4.7959678E-4
-4.7647176E-4
-4.733564E-4
-4.702507E-4
-4.6715466E-4
-4.6406832E-4
-3.0732775E-4
-4.5792465E-4
-3.0324492E-4
-4.518198E-4
-4.4878194E-4
0.0
-2.9515693E-4
-1.4657558E-4
-1.4557593E-4
-4.337386E-4
-1.435864E-4
-1.425965E-4
-4.2482963E-4
-1.4062651E-4
-1.3964639E-4
0.0
0.0
-1.3672565E-4
0.0
-1.3479484E-4
0.0
-1.3287713E-4
-1.3192318E-4
-1.3097253E-4
-1.3002516E-4
0.0
-1.2814028E-4
-2.5440555E-4
-1.2626855E-4
-1.2533764E-4
0.0
0.0
-1.2256467E-4
0.0
-1.2073255E-4
0.0
0.0
-1.1800918E-4
0.0
0.0
0.0
0.0
1.13536546E-4
0.0
1.1177075E-4
0.0
0.0
1.0914704E-4
0.0
0.0
0.0
-1.0569546E-4
0.0
0.0
0.0
1.02297374E-4
1.0145623E-4
1.0061843E-4
9.9783996E-5
0.0
9.8125194E-5
9.7300835E-5
9.647984E-5
9.566221E-5
9.484794E-5
9.403705E-5
9.322953E-5
9.2425376E-5
1.832492E-4
1.816544E-4
9.003318E-5
8.924254E-5
8.845529E-5
1.7534282E-4
1.7378184E-4
1.7222765E-4
1.7068023E-4
1.6913959E-4
0.0
1.6607868E-4
8.2279206E-5
8.152247E-5
1.6153828E-4
8.001921E-5
7.927268E-5
7.8529556E-5
7.778984E-5
7.705353E-5
7.632064E-5
1.5118232E-4
1.4973019E-4
1.4828487E-4
7.342321E-5
1.4541479E-4
1.4399001E-4
1.4257207E-4
7.0580485E-5
6.987837E-5
1.3835936E-4
1.3696884E-4
1.3558517E-4
1.3420839E-4
1.3283845E-4
6.57377E-5
1.3011922E-4
1.2876993E-4
1.2742751E-4
1.2609197E-4
1.2476333E-4
6.1720784E-5
0.0
6.0409377E-5
0.0
5.9111764E-5
-5.846814E-5
0.0
5.7191253E-5
0.0
0.0
0.0
-5.4678985E-5
0.0
-5.3443626E-5
0.0
0.0
0.0
5.1014522E-5
0.0
0.0
0.0
-4.8640974E-5
-4.8056278E-5
-4.747506E-5
0.0
0.0
0.0
0.0
-4.4621214E-5
0.0
-8.700816E-5
-4.295074E-5
0.0
0.0
0.0
-4.0772335E-5
-4.0236468E-5
0.0
3.9175233E-5
3.8649865E-5
0.0
0.0
0.0
0.0
-3.6075573E-5
0.0
0.0
0.0
0.0
-3.3588964E-5
0.0
0.0
0.0
-3.1662912E-5
0.0
3.072099E-5
0.0
2.9793146E-5
2.9334506E-5
2.887939E-5
0.0
0.0
0.0
0.0
-2.66567E-5
0.0
-2.5792324E-5
0.0
0.0
2.452225E-5
0.0
0.0
0.0
0.0
2.2476166E-5
0.0
0.0
-2.1290984E-5
0.0
0.0
-2.013768E-5
0.0
-1.9386534E-5
0.0
-1.8649576E-5
-3.6572837E-5
-3.5853624E-5
-1.7570754E-5
-1.7218248E-5
0.0
-1.6523893E-5
0.0
-1.584375E-5
0.0
0.0
-1.4850202E-5
0.0
0.0
-1.3888671E-5
-1.3575279E-5
1.3265448E-5
-1.2959177E-5
-1.2656468E-5
1.2357323E-5
1.2061741E-5
-1.1769722E-5
-1.1481268E-5
0.0
-1.0915057E-5
0.0
0.0
0.0
0.0
-1.9123918E-5
0.0
-9.045704E-6
0.0
0.0
8.298108E-6
0.0
0.0
7.5826665E-6
-7.3513343E-6
0.0
-6.8993963E-6
-6.678791E-6
0.0
-6.2483114E-6
0.0
0.0
0.0
-5.430288E-6
-5.2347305E-6
0.0
-4.854355E-6
0.0
-4.4883036E-6
0.0
0.0
0.0
0.0
-3.635865E-6
-3.4761272E-6
0.0
-3.1674044E-6
-3.0184206E-6
-2.8730217E-6
-2.7312085E-6
0.0
2.4583405E-6
-2.3272864E-6
0.0
0.0
0.0
0.0
0.0
1.6162967E-6
1.5103569E-6
1.408006E-6
1.3092442E-6
1.2140717E-6
1.1224888E-6
0.0
9.5009244E-7
8.6927935E-7
0.0
7.1842453E-7
0.0
0.0
5.19073E-7
4.598047E-7
0.0
3.5204212E-7
3.0354812E-7
2.5864583E-7
2.1733533E-7
1.796167E-7
1.4549008E-7
1.14955505E-7
8.801307E-8
6.466283E-8
4.4904837E-8
0.0
1.6165792E-8
0.0
1.796202E-9
0.0
