0.18728885
0.07743708
0.117981896
0.3254842
0.66903865
0.34224784
0.4018622
0.68479687
0.33397657
0.3933011
0.29255113
0.41451353
0.5439606
0.45903024
0.5509111
0.39016512
0.37880474
0.2347602
0.21694717
0.13749443
0.20430972
0.24598275
0.16533886
0.048420176
0.21307446
0.17866853
0.2780265
0.124310315
0.21248518
0.2536932
0.15704307
0.13733655
0.19230182
0.10637308
0.1305524
0.1643183
0.38944608
0.29236317
0.31126595
0.12333464
0.07221649
0.2812934
0.35605365
0.21358156
0.20533413
0.08245487
0.19037007
0.27914572
0.26507714
0.43847954
0.4899976
0.2727374
0.29479498
0.18656822
0.25187516
0.24621822
0.14596425
0.1547563
0.05515673
0.13211174
0.2210058
0.304914
0.41195735
0.30625448
0.19948174
0.23604067
0.20519073
0.31498238
0.41944802
0.2501321
0.19709353
0.16504239
0.23805338
0.31272048
0.22382376
0.11187121
0.2641445
0.23167245
0.22557019
0.4352994
0.4046621
0.3398473
0.06269388
0.22120045
0.21027763
0.18510203
0.02532134
0.03786347
0.18216617
0.30664957
0.30438402
0.25697476
0.05080741
0.23047787
0.21657315
0.14674781
0.33882338
0.31184074
0.25135365
0.39801398
0.3824931
0.18655245
0.15104209
0.17157705
0.21925354
0.27675542
0.25838026
0.23257978
0.1977497
0.048290607
0.18581344
0.097248524
0.14505489
0.15370047
0.26621866
0.25539544
0.12056522
0.12196085
0.17298384
0.13471095
0.18234482
0.12246978
0.21763934
0.36057076
0.1178694
0.20957334
0.25050536
0.14491634
0.04236004
0.18107058
0.04666862
0.19951819
0.25308675
0.25772378
0.30524614
0.269366
0.10020347
0.21564163
0.07214887
0.060689382
0.03317202
0.12192377
0.25756472
0.27507943
0.12180537
0.09572204
0.13543475
0.11482769
0.2198863
0.28850055
0.19906217
0.17706743
0.14189664
0.1132488
0.22914109
0.1626503
0.05844606
0.026511867
0.14465295
0.289097
0.16951975
0.24698408
0.35535496
0.18595481
0.18190649
0.2153265
0.13323638
0.10312879
0.020721018
0.017865103
0.074797064
0.03463437
0.10700519
0.22231603
0.21787874
0.10075009
0.034347463
0.14319246
0.17205971
0.14029919
0.07685715
0.12717511
0.087533236
0.102086045
0.15293689
0.05931206
0.14986412
0.17965846
0.13088052
0.19636056
0.13135885
0.06974374
0.21685709
0.33027616
0.19939117
0.055209137
0.13421978
0.0868018
0.07874667
0.29634145
0.40293446
0.35187793
0.1979812
0.086920254
0.040878918
0.10222118
0.22364119
0.16454291
0.1010852
0.17748535
0.19934677
0.17758213
0.042681877
0.087431945
0.06471344
0.08288257
0.045835882
0.05921978
0.10534404
0.123075984
0.12569517
0.21104272
0.09017331
0.1257001
0.060519945
0.044357903
0.0746419
0.09814808
0.14811313
0.24118936
0.17610312
0.16056567
0.037530128
0.13599442
0.14371964
0.20767802
0.18572184
0.13744918
0.09393215
0.013262184
0.080506615
0.15227878
0.11132364
0.12686238
0.10643521
0.15143965
0.21944502
0.111540325
0.19359517
0.2298855
0.2689916
0.23736364
0.100096695
0.04161748
0.13631144
0.0519484
0.16785192
0.2283474
0.17692374
0.14817968
0.18862852
0.14181761
0.12961234
0.10437716
0.14400291
0.12823613
0.13444524
0.17819111
0.09319293
0.046415504
0.08417652
0.06217585
0.24077512
0.21922219
0.17397736
0.158906
0.21114081
0.19494079
0.17660661
0.07537816
0.023713747
0.13541394
0.11489744
0.09772573
0.16784225
0.16318896
0.14626105
0.031917624
0.09437984
0.09244645
0.08512268
0.06568539
0.0607168
0.16476798
0.13664933
0.05027464
0.06396811
0.117934026
0.19926947
0.18918659
0.07556466
0.040725563
0.1994011
0.14612418
0.068752296
0.13309307
0.20419186
0.1682518
0.040218536
0.10421436
0.1606894
0.12716942
0.10730266
0.2199888
0.26672733
0.23041204
0.14033023
0.093440615
0.09069042
0.043386895
0.006399123
0.07650351
0.118675016
0.06785453
0.10747291
0.19289781
0.2867463
0.33766672
0.36326295
0.30257326
0.12295283
0.16931301
0.15626264
0.028894488
0.07154034
0.1024063
0.10815433
0.14669564
0.15874313
0.17678677
0.16481036
0.14110857
0.169685
0.258876
0.278964
0.21825878
0.21445085
0.20358555
0.13439395
0.16085485
0.28898242
0.23141634
0.06509782
0.091442615
0.029144527
0.050186403
0.17822585
0.31319737
0.25107867
0.23785546
0.32225746
0.29098257
0.25142044
0.1686558
0.07726949
0.096232295
0.10554214
0.07349891
0.07951038
0.100035936
0.14619078
0.13495193
0.16972007
0.10251888
0.03456454
0.10031199
0.08192319
0.10774874
0.20845082
0.22792508
0.27070177
0.32539672
0.2875465
0.1804812
0.10303314
0.08738218
0.12325254
0.15964499
0.1652113
0.14067563
0.056301206
0.018217107
0.11985801
0.15090472
0.06964518
0.066862784
0.10680087
0.081580564
0.025391085
0.15826094
0.18504022
0.072455116
0.018299272
0.08450786
0.14273478
0.13061228
0.09829479
0.09097857
0.023911444
0.0785197
0.06962687
0.04617844
0.04333452
0.0344388
0.071539015
0.080565184
0.044003673
0.07142233
0.14610434
0.16005756
0.101723365
0.13651977
0.21150628
0.21267016
0.16743098
0.07142273
0.051922057
0.07071185
0.03539431
0.102154225
0.10453094
0.13138582
0.06649391
0.12677006
0.10054327
0.055961527
0.12448797
0.1069377
0.11619268
0.20307402
0.18627411
0.12906922
0.057077784
0.121027395
0.13075744
0.010735414
0.14205258
0.09615511
0.056707963
0.11306402
0.13631554
0.2534488
0.31609192
0.3094774
0.262622
0.23502713
0.3003842
0.24256447
0.13148738
0.14060456
0.25142935
0.2908827
0.22573394
0.14357454
0.06521976
0.22119862
0.32963032
0.2547022
0.13239709
0.10252383
0.18762921
0.30082226
0.274988
0.15461344
0.16429846
0.17796811
0.14334312
0.21039842
0.23779754
0.16161086
0.17288584
0.20125555
0.18188515
0.16681586
0.15221797
0.14183138
0.20272882
0.31646693
0.29839906
0.2679306
0.38372338
0.29368728
0.22955164
0.22936493
0.18266019
0.24920219
0.3822045
0.32888
0.24966595
0.26712233
0.32542184
0.3310674
0.3546676
0.27013826
0.24601565
0.31585893
0.3575256
0.3164175
0.23746248
0.22849914
0.31283525
0.30081466
0.20829882
0.1653627
0.18839808
0.223163
0.29841632
0.38730186
0.4976312
0.4224231
0.31734398
0.3597718
0.36824027
0.3539543
0.3393947
0.33261678
0.3284345
0.3099037
0.18082531
0.0644695
0.10280559
0.09896696
0.018713497
0.069315985
0.24340633
0.3022587
0.3354925
0.26132104
0.22077899
0.32741603
0.38755554
0.37047675
0.26500803
0.24916399
0.11794563
0.05218275
0.14881907
0.1449365
0.1493342
0.16435461
0.13929193
0.10092128
0.08600005
0.12752715
0.21985449
0.19400463
0.23341244
0.17407964
0.30037114
0.34197235
0.29791474
0.204264
0.17910014
0.31013805
0.3928017
0.4258555
0.24540913
0.12656845
0.23947078
0.12136823
0.118729025
0.12801397
0.07079429
0.22663304
0.22537474
0.32174298
0.2280688
0.12903662
0.24566329
0.34341043
0.35177687
0.397582
0.38618207
0.36657405
0.418789
0.38614386
0.40924016
0.28801593
0.118313335
0.13248537
0.3742936
0.3967042
0.39801446
0.4124414
0.41766417
0.41604707
0.38935763
0.23666275
0.17055087
0.1908636
0.28158835
0.39367983
0.26814604
0.16839764
0.31364802
0.38221142
0.4003989
0.38956144
0.23807736
0.28361383
0.2756442
0.20624481
0.25968114
0.189264
0.16145907
0.18481004
0.34742054
0.52142966
0.5192034
0.47008115
0.45065457
0.25874153
0.052846156
0.100178435
0.033563413
0.13519523
0.036686573
0.17852975
0.31870148
0.3115961
0.27711856
0.3278311
0.30546287
0.2157246
0.1594651
0.2425998
0.38879067
0.29964918
0.37832507
0.35834974
0.36652339
0.1294312
0.30488297
0.44310525
0.30553377
0.23610039
0.22773474
0.28132838
0.42397887
0.46134204
0.47311127
0.46553054
0.33653772
0.26532668
0.26334366
0.15686288
0.22621801
0.3353752
0.19513975
0.07406371
0.09532118
0.22090796
0.2562069
0.1260454
0.14644039
0.092081554
0.104276255
0.28349087
0.2821243
0.22053935
0.2188708
0.1284576
0.063712955
0.086006746
0.07634427
0.10025619
0.04658221
0.044523258
0.107811004
0.1344673
0.13105403
0.14391358
0.14783259
0.12327192
0.049028672
0.15219703
0.1038928
0.045623712
0.01564117
0.034542803
0.09120928
0.101975486
0.11391834
0.058112614
0.050318897
0.094564624
0.17097951
0.14656377
0.12883501
0.16856337
0.115643635
0.03488777
0.09332361
0.07786325
0.028939338
0.05841682
0.12022342
0.061977427
0.02779178
0.011700281
0.07195517
0.15454206
0.112297416
0.06851828
0.089975454
0.07741107
0.120267175
0.19136994
0.16396202
0.0775564
0.08256995
0.012727604
0.024412908
0.035639495
0.040191766
0.046783976
0.056472525
0.028630562
0.020128895
0.07850056
0.13542545
0.17137688
0.1721717
0.10135575
0.09543383
0.08628598
0.057634383
0.047494233
0.08152107
0.11896688
0.12497926
0.12234173
0.067951635
0.051095985
0.115482554
0.15319522
0.13341993
0.026769092
0.0948319
0.14336918
0.18473053
0.13520654
0.1292989
0.08346609
0.015071421
0.011210374
0.08881667
0.105010204
0.091370545
0.09197972
0.055837482
0.010150764
0.01697412
0.029582664
0.037033085
0.045597643
0.073998794
0.09321462
0.09911191
0.1248091
0.0801286
0.09585287
0.16134243
0.12523217
0.13457672
0.09380624
0.052962303
0.10086287
0.14885657
0.095358305
0.049564052
0.05787429
0.063936085
0.016119588
0.063841715
0.09657017
0.059258923
0.0754662
0.08782276
0.04565733
0.040768586
0.09199937
0.16518547
0.16394918
0.13755484
0.10417656
0.09614167
0.09262814
0.08874541
0.0882309
0.06861284
0.050862838
0.0726404
0.113208495
0.123791
0.09703868
0.09315091
0.13776667
0.18571886
0.1582944
0.13673756
0.1696701
0.18752588
0.1608567
0.108109236
0.07208943
0.10940401
0.16721761
0.14491174
0.093358964
0.021286441
0.037046995
0.005440949
0.0024704076
0.008815652
0.027553344
0.022086697
0.012676471
0.04438521
0.032386202
0.08445242
0.14956713
0.13916697
0.057664704
0.05879381
0.092895076
0.030500242
0.0707304
0.054052837
0.050789446
0.056864973
0.046642352
0.06393733
0.029221378
0.032299854
0.07343664
0.048296906
0.008733747
0.02530659
0.026162831
0.028933056
0.04585686
0.07282501
0.06842108
0.047993496
0.013879785
0.06518422
0.07544564
0.08114432
0.045982365
0.08178284
0.08372382
0.07435504
0.024837097
0.12449017
0.112708695
0.054349907
0.054204002
0.036177512
0.047663204
0.04515271
0.029034445
0.031296074
0.11926797
0.117692575
0.05650119
0.05867825
0.0793381
0.049566664
0.06683175
0.1253587
0.112916164
0.07774415
0.026730236
0.08081539
0.124518
0.089700475
0.058306538
0.028184954
0.05788987
0.11529397
0.07238326
0.028173475
0.012729152
0.02854356
0.062814556
0.064548425
0.011182543
0.07000563
0.07530474
0.06635761
0.08172903
0.059808146
0.059664357
0.07036969
0.0676349
0.04196
0.07631225
0.099427335
0.072611764
0.10316226
0.06844028
0.018333754
0.013784137
0.033757012
0.047429156
0.058040526
0.029335778
0.029184185
0.008073977
0.037334427
0.08825579
0.14810288
0.18501714
0.14648482
0.07963079
0.007906932
0.06129096
0.04724121
0.084392
0.09545303
0.046478037
0.032290604
0.029189436
0.051229633
0.038406275
0.112771444
0.05476175
0.041456282
0.06445673
0.006836024
0.073161244
0.075544566
0.09638278
0.032069545
0.07110169
0.060225803
0.031152917
0.11515089
0.08478632
0.023074834
0.06354858
0.06704984
0.047014132
0.06693863
0.07656182
0.11717556
0.10564631
0.04067957
0.013393799
0.06718841
0.109737985
0.08683176
0.06563871
0.03897935
0.058976095
0.052284304
0.009491547
0.06008628
0.08525551
0.070578344
0.09689735
0.09473072
0.08619874
0.08754666
0.032082476
0.12508471
0.15610437
0.110599995
0.03427625
0.06410031
0.12458168
0.090122305
0.020863766
0.05619779
0.08056307
0.019165706
0.044074915
0.03187802
0.031290658
0.053043533
0.06702729
0.06567843
0.077653036
0.1081742
0.08384367
0.078569554
0.095378116
0.100472495
0.09986617
0.028292755
0.03531049
0.0039829537
0.033038408
0.12429732
0.19282728
0.1511585
0.055665363
0.050123475
0.08879779
0.086867504
0.048473254
0.050222773
0.052012708
0.04803392
0.08801131
0.057728842
0.067345634
0.06916076
0.063392594
0.082840696
0.073003694
0.056618102
0.13904002
0.13759153
0.07398424
0.03642248
0.045248896
0.054808367
0.064404815
0.05951934
0.02446769
0.10797095
0.06587039
0.047148395
0.01628405
0.04469115
0.051887155
0.0031024925
0.06219495
0.048325058
0.019748725
0.027053855
0.034197267
0.056906864
0.08400937
0.11309455
0.134741
0.10431441
0.05384985
0.061595377
0.048170287
0.042521004
0.021301122
0.018167526
0.049527455
0.024330629
0.054047927
0.03874989
0.06550137
0.050741855
0.055594306
0.060138427
0.06262247
0.08889584
0.07355456
0.045611087
0.023088068
0.03767701
0.086164825
0.1269674
0.13833329
0.0861432
0.04106983
0.03432012
0.05585928
0.043572124
0.10603421
0.06015589
0.05368482
0.06769318
0.05467756
0.04503668
0.037350718
0.033536624
0.022687925
0.040887296
0.07000572
0.044906903
0.025941215
0.026213812
0.031220784
0.027707806
0.016336303
0.055794306
0.09165469
0.071104385
0.045105867
0.03348215
0.04074896
0.058804944
0.04846216
0.016180769
0.017184783
0.034553677
0.06729783
0.09103116
0.023947017
0.050217945
0.102931835
0.087514
0.079793
0.06299854
0.022976069
0.053301685
0.07912796
0.035797577
0.030964876
0.07478917
0.028790925
0.028113544
0.06759868
0.06420103
0.05409992
0.05262408
0.03472322
0.060192965
0.11135703
0.09830855
0.043029852
0.06289778
0.035966117
0.028603556
0.05511663
0.043231357
0.036166072
0.0539508
0.051510107
0.058112074
0.04123766
0.07087989
0.05495089
0.022944057
0.045791913
0.059855696
0.01711055
0.03332138
0.05758259
0.034779944
0.01941213
0.10185506
0.09069882
0.05591807
0.07755231
0.030214427
0.058685202
0.018834922
0.027741317
0.061660513
0.15611894
0.11049944
0.032569133
0.05675769
0.06795607
0.12528072
0.0733958
0.04294638
0.0875406
0.11119225
0.09324442
0.023526639
0.058908302
0.057637174
0.096805215
0.15305674
0.10802491
0.030099327
0.031209039
0.08643205
0.097704224
0.08818187
0.09817119
0.06761014
0.07358609
0.023775617
0.1083921
0.11755002
0.055201788
0.02820633
0.01829332
0.08887859
0.09117345
0.023804586
0.015830196
0.044905484
0.04352607
0.053701468
0.09915375
0.064084955
0.056226928
0.10518819
0.092216894
0.049492642
0.053249177
0.029396575
0.04644795
0.06631916
0.06549179
0.121153526
0.091089435
0.047843304
0.02011022
0.097977675
0.15355788
0.09644071
0.057798523
0.06455225
0.17491536
0.20601341
0.13673592
0.10324433
0.14355585
0.12315409
0.09748761
0.12311529
0.10734916
0.071303055
0.08431239
0.08685732
0.05691996
0.01756111
0.014082368
0.027041743
0.07309146
0.13616966
0.12905526
0.020362856
0.11109571
0.08276549
0.12200736
0.0892251
0.046426497
0.1093888
0.10942072
0.079656355
0.12459157
0.08991024
0.04226445
0.111937374
0.1322272
0.055221774
0.0746315
0.09916101
0.08130596
0.060591802
0.029863443
0.0326811
0.06548845
0.048707906
0.105249524
0.112679936
0.067976326
0.07852152
0.04809253
0.041175466
0.076593824
0.051539175
0.06918806
0.08475378
0.09004684
0.079801396
0.061881527
0.031450402
0.083637044
0.12183366
0.056012955
0.05889566
0.062009286
0.075406484
0.023700595
0.025721936
0.011427153
0.041035835
0.060447946
0.047746066
0.034108363
0.11016247
0.094710715
0.06371142
0.07790044
0.09420598
0.042417195
0.118521035
0.11660062
0.07257749
0.066958554
0.10660994
0.056007795
0.05995257
0.04240668
0.10004488
0.07169392
0.016122658
0.036605764
0.050985377
0.043973524
0.012905002
0.08079104
0.13307686
0.07433538
0.0365045
0.037421033
0.013717317
0.022768218
0.039749876
0.12925284
0.15742609
0.05912166
0.028930305
0.030542994
0.04741132
0.06222943
0.07044746
0.06502557
0.06719991
0.051651653
0.11966794
0.16780089
0.1411297
0.12157254
0.111545116
0.02949943
0.017351156
0.07501874
0.076969065
0.060058888
0.0744013
0.109956175
0.11629258
0.095286414
0.13153662
0.09774415
0.06573497
0.117913775
0.076128475
0.044199307
0.04622132
0.071392514
0.024766158
0.034038343
0.022279793
0.044040427
0.05910914
0.03426249
0.091125645
0.08840122
0.012198898
0.06630185
0.04895679
0.009270352
0.036325406
0.056753684
0.07381152
0.08791426
0.02774221
0.0701613
0.04628356
0.1644847
0.1344582
0.06565107
0.07222698
0.079997554
0.051741567
0.047012467
0.07440089
0.07628584
0.08468757
0.033055257
0.03984051
0.028107477
0.08866866
0.0935853
0.044950865
0.08377249
0.09294737
0.046666045
0.091185726
0.12730427
0.118381195
0.0929173
0.014456182
0.06720148
0.09445313
0.049488984
0.062539004
0.09139581
0.051937696
0.035721287
0.020432996
0.023386007
0.08263906
0.063321374
0.12330497
0.18256037
0.071912155
0.11295987
0.06386201
0.10375017
0.12624247
0.0827467
0.06938825
0.065169126
0.026040988
0.031593245
0.09589694
0.031179681
0.09245825
0.08408895
0.09889467
0.06876887
0.09793818
0.08362926
0.053665046
0.10640826
0.074493125
0.081051536
0.03381309
0.11808315
0.15536094
0.13074052
0.15298939
0.19909446
0.17449445
0.06739218
0.07786491
0.08428882
0.034279738
0.065678895
0.12652299
0.07000534
0.019878669
0.0125049045
0.018149123
0.09549684
0.12584713
0.056667604
0.026925148
0.062488258
0.14183292
0.078973375
0.0853827
0.16780943
0.13461265
0.08317339
0.048566062
0.19564065
0.16570663
0.05606481
0.018682659
0.075258605
0.057898708
0.09505963
0.19258381
0.2244111
0.13858934
0.13798697
0.12762955
0.031096077
0.075260796
0.13222496
0.121776596
0.04024115
0.07666777
0.06489341
0.06993914
0.10799798
0.05256926
0.06906704
0.0872662
0.067316316
0.12447587
0.20039134
0.15039958
0.11960604
0.13279581
0.029225761
0.04207335
0.011244018
0.046624497
0.13008788
0.123063974
0.08130231
0.11384074
0.1495767
0.11670726
0.073796
0.025896717
0.0600974
0.05138583
0.10847601
0.104102895
0.032906998
0.038283873
0.051608752
0.04045626
0.043905627
0.017332422
0.058439698
0.10494535
0.0233552
0.06979778
0.08199177
0.11371782
0.16950615
0.1498037
0.120567225
0.082134254
0.03758083
0.0869594
0.04989584
0.14572626
0.09685777
0.07540047
0.10488037
0.040636107
0.053546045
0.10146183
0.034389906
0.040885836
0.038771156
0.10586564
0.049568348
0.0544879
0.046781
0.12521736
0.18383363
0.13521974
0.06398604
0.0167197
0.056128062
0.07859919
0.10101435
0.048234604
0.042518444
0.06553829
0.059548482
0.080915086
0.07584721
0.10717376
0.15489677
0.14473084
0.14023066
0.11289611
0.063906804
0.035177797
0.097397484
0.16235165
0.103407085
0.048735257
0.059051093
0.07033118
0.07830125
0.19156876
0.15438496
0.098931566
0.07470204
0.09357218
0.15101968
0.087287426
0.05540604
0.045081764
0.03273006
0.08556847
0.075513296
0.06731098
0.07312621
0.06884824
0.06986447
0.04097331
0.05366212
0.07415962
0.06851078
0.015032191
0.05486109
0.076706655
0.04232344
0.04915716
0.07187228
0.09477331
0.09907773
0.046050884
0.03266828
0.051587768
0.090341
0.06066401
0.031749077
0.036604714
0.028933683
0.074265495
0.12173162
0.045762427
0.058388535
0.04060181
0.028509991
0.087519735
0.04480752
0.042331755
0.042491626
0.02805285
0.06655265
0.057305876
0.034530897
0.089784786
0.09978016
0.13427286
0.14603427
0.099889025
0.10212994
0.10520518
0.101654775
0.09133584
0.059243564
0.035490546
0.0067206603
0.073667385
0.07828319
0.06771543
0.049190294
0.030321665
0.052584134
0.01986705
0.04893097
0.086970165
0.036583297
0.06291606
0.08489625
0.06276774
0.012068143
0.0709381
0.07931419
0.027441842
0.08854415
0.06924342
0.05665724
0.049029563
0.019120554
0.020776393
0.068737075
0.0904572
0.049259733
0.021328658
0.0026274722
0.060581967
0.07112409
0.022754297
0.030076617
0.04529742
0.090994984
0.085682206
0.08647048
0.10706973
0.11886545
0.09424593
0.0041134832
0.03903906
0.05548913
0.025037184
0.049721163
0.014039339
0.08405986
0.093654186
0.08767673
0.063138336
0.05171736
0.033986315
0.044908192
0.06275566
0.0739302
0.09399327
0.09400912
0.095760874
0.047848053
0.033542264
0.030932793
0.05676198
0.05560223
0.12254206
0.14783236
0.10853899
0.12965646
0.06956113
0.021735052
0.13757025
0.14885901
0.078678384
0.03888424
0.09126097
0.0687044
0.02543976
0.017657574
0.0418368
0.070389666
0.0677438
0.080778316
0.0959741
0.030112928
0.039907984
0.079110205
0.07163253
0.06512575
0.0632316
0.024098326
0.047290526
0.05617192
0.043013897
0.068571135
0.13772006
0.1506217
0.14880773
0.12882681
0.059549544
0.014330056
0.09097889
0.110620566
0.05546076
0.045123346
0.11199806
0.11204482
0.057167973
0.046877626
0.0122638745
0.052743904
0.040390573
0.042913437
0.12796693
0.11105721
0.066354856
0.08155011
0.065414004
0.09093888
0.024919173
0.07572995
0.073143855
0.045030728
0.073999174
0.118396364
0.10497009
0.088690855
0.07149401
0.02295387
0.03618931
0.044479575
0.074758194
0.079310864
0.049968064
0.037274033
0.035538558
0.018506456
0.014863457
0.02741246
0.0874561
0.10613403
0.03363991
0.048789114
0.04149894
0.04188867
0.03209626
0.03821827
0.028554438
0.01802602
0.024424486
0.030559333
0.07878551
0.07439331
0.033674818
0.054906394
0.08184403
0.0051921103
0.09297934
0.09718349
0.07625292
0.03281581
0.105589196
0.110433534
0.03986072
0.08162259
0.10639492
0.032809984
0.0637429
0.048878487
0.032801528
0.11570017
0.10573588
0.06231622
0.064201064
0.022421436
0.06607951
0.06808589
0.01357609
0.023245264
0.03758455
0.06697032
0.08812704
0.034418177
0.03863036
0.034162875
0.06831923
0.13364287
0.11414158
0.028996402
0.042293496
0.039393835
0.044162706
0.10793239
0.10333763
0.068712056
0.06849412
0.051248167
0.04553338
0.013102094
0.032969616
0.05153151
0.072290555
0.09977166
0.031569038
0.04393602
0.020697307
0.037680827
0.020364247
0.058541954
0.03616144
0.026325844
0.07495417
0.10412521
0.05295158
0.10502129
0.14211777
0.110284746
0.04954816
0.006565053
0.019681234
0.028925603
0.03579862
0.03351626
0.05075047
0.06379374
0.011577892
0.03358358
0.046320844
0.10277496
0.0751171
0.043696515
0.039970264
0.045512427
0.06361619
0.036197163
0.059118614
0.03424085
0.027907409
0.04882689
0.0659471
0.04032328
0.033242065
0.062256742
0.16849416
0.16714682
0.05158311
0.03974042
0.030432628
0.04861429
0.10800537
0.07385419
0.00999002
0.0711496
0.11906766
0.07746117
0.0338984
0.064770944
0.07786974
0.06893386
0.0061814557
0.051350977
0.051086485
0.020372724
0.034081154
0.027653074
0.046001192
0.007643241
0.029615393
0.085619435
0.11107719
0.07034272
0.05789459
0.02911418
0.04199736
0.068147376
0.009596362
0.028925952
0.027804507
0.015263229
0.038135204
0.07652011
0.07792655
0.046185587
0.05109212
0.013178615
0.02198746
0.04879863
0.061056767
0.06984401
0.024053495
0.029411979
0.057688892
0.02429696
0.034804527
0.027652603
0.04089551
0.06756082
0.06127889
0.039646823
0.045176
0.06686328
0.04522306
0.038257066
0.011951482
0.024634615
0.03318238
0.060780305
0.03518529
0.013998656
0.0077906824
0.05678811
0.040604047
0.04754727
0.04501492
0.060262546
0.037177183
0.059590284
0.035671305
0.062202424
0.05966242
0.027532753
0.04958328
0.045819674
0.04563
0.018459186
0.043801483
0.044557277
0.03369117
0.05773644
0.034557644
0.028202955
0.064513706
0.038515367
0.06851217
0.08616716
0.093550116
0.0602776
0.03518835
0.04029299
0.051797677
0.066657916
0.033759885
0.012214322
0.027600512
0.013640298
0.0057267095
0.014898587
0.021986926
0.047131453
0.07102852
0.05134607
0.0236481
0.010251369
0.03560292
0.08221074
0.07270357
0.06870805
0.07412243
0.04694981
0.02407926
0.036230974
0.072192684
0.07374695
0.0039686877
0.06740527
0.049911376
0.02754365
0.020878017
0.0147093125
0.042386625
0.02582007
0.025052955
0.014472504
0.023118041
0.01800779
0.013886571
0.02538318
0.02862978
0.024864735
0.020190198
0.053397767
0.052746713
0.028044507
0.038778637
0.060041476
0.046318833
0.052686654
0.027781617
0.0080167325
0.021252466
0.018656867
0.030149246
0.055874143
0.07888746
0.055003665
0.02078426
0.027595358
0.02626869
0.01850108
0.025365775
0.016098918
0.053190403
0.05450099
0.017540358
0.042417973
0.08548553
0.0746353
0.044410914
0.035108335
0.039197605
0.042006392
0.02547095
0.042622264
0.08036126
0.04991191
0.0055844034
0.0059184795
0.013273937
0.036397476
0.038897187
0.055348024
0.029109005
0.018230591
0.017704885
0.03614866
0.06861248
0.063558705
0.0071910713
0.0
-0.0030518398
-0.003051829
0.0
0.0
0.0
0.0
0.0030517213
0.0
0.0030516528
0.0
0.0
0.0
0.0
0.0
0.0
0.003051301
0.0030512363
0.0
0.003051096
0.0030510207
0.0
0.0
-0.003050773
0.0
0.0
0.0030504928
0.0030503923
0.0030502882
0.0030501804
0.0
0.0
-0.0030498356
-0.0030497136
0.0030495878
0.006098917
0.0030493257
0.0030491892
0.0030490493
0.0
-0.0030487585
0.0
0.0
0.0030482954
0.0060962676
0.0
-0.0030478002
-0.0030476279
-0.0030474518
0.0
0.0030470896
0.0030469028
-0.0030467126
0.0
0.0
0.0
0.003045916
0.003045708
0.0
-0.0030452812
-0.0030450623
0.0
0.0030446139
0.0030443843
0.0030441512
0.0030439147
0.0030436744
0.0
0.0
0.0030429321
0.006085355
0.0030424194
-0.0030421577
0.0
-0.0030416236
-0.0030413512
0.0
-0.0030407957
-0.0030405126
-0.006080452
-0.006079871
0.0
-0.006078689
-0.0060780873
0.0
-0.006076862
-0.0030381195
0.0030378043
-0.0030374855
0.0
0.0030368373
-0.0030365079
0.003036175
0.0
0.0
0.003035155
0.0030348075
0.0
0.0
0.0
0.0030333833
0.0
-0.0030326499
-0.003032278
0.0
0.0030315232
0.0
0.0030307544
0.0
0.0
0.0
-0.0030291742
0.0
0.0
0.0
-0.0030275374
-0.0030271192
0.0
0.0
0.0
0.0
0.0
-0.0030245367
-0.003024094
0.0030236477
0.0030231979
0.0
-0.0030222875
-0.012087309
-0.012085453
0.0
0.0060408497
0.012079801
0.0030194724
0.0
0.0
0.0
-0.0030175252
-0.0060340595
-0.009049592
-0.003016028
0.0
0.012060049
0.012057996
0.009041947
0.0030134625
-0.003012939
-0.015062058
-0.018071286
-0.012045388
0.009032428
0.01806161
0.012038895
-0.0030091756
-0.021060368
-0.012032276
0.0030075102
0.015034742
0.021044679
0.009017441
-0.015026206
-0.024037322
-0.024032686
-0.012014011
-0.0030029162
0.0030023265
0.003001733
0.0030011362
-0.0030005358
-0.005999864
-0.0059986496
-0.008996142
-0.008994299
-0.008992447
-0.008990583
-0.0029962363
0.0029956084
0.0
-0.0059886836
-0.0059874067
-0.011972246
-0.005984832
0.0
0.0
0.0
-0.0059796004
-0.008967413
-0.008965415
-0.005975604
0.0
0.0029864528
0.002985773
0.0029850898
0.0
-0.0059674256
-0.0059660384
0.0
0.002981622
0.0059618363
0.0029802108
0.0
0.0
0.0
0.0
0.0
0.0029758955
0.0
0.0
0.0029736916
0.0
-0.005944411
0.0
0.0
0.0029699504
0.002969192
0.0029684303
0.002967665
0.0
0.0
0.002965349
0.0
0.005927576
0.005926005
0.0
0.0
0.0
0.0
0.0
0.0
0.0029574088
0.0
0.0
0.0
0.0
-0.0029533124
-0.005904966
-0.008854951
-0.005901628
0.0
0.0
0.0
0.005894872
0.0
-0.005891454
-0.008834602
-0.005888009
0.0
-0.0029422687
0.0
-0.005881039
-0.00587928
0.0
0.0
0.0
0.0
0.0
0.0
0.0
0.0058649676
0.0029315744
0.0029306617
0.005859491
0.0029288263
0.0
-0.0029269776
-0.0029260484
0.0
0.0
0.0058464813
0.0058445963
0.0029213524
0.0
0.002919451
0.0
0.0
0.0058331494
0.0
0.0
0.0
0.0
-0.0029117148
0.0
0.0
-0.00290876
0.0029077684
0.0
0.0
0.0
0.0
0.002902762
0.0
0.0
0.0
0.0
-0.0028976747
0.0
0.0
0.0
-0.0028935466
0.0
0.0
0.0
0.002889367
0.0057766284
0.0
0.0
-0.0028851363
-0.0028840704
0.005766003
0.0028819295
0.002880854
0.0
0.0
0.0
0.0
0.0028754298
0.008623006
0.008619713
0.002872137
0.008613099
0.0
0.0
0.008603106
0.0028665855
0.0028654658
0.0
0.0
0.0
0.0
-0.00285982
-0.0028586814
-0.0028575396
0.0
0.0
0.0
0.0
0.0
0.0
0.0
0.0028482927
0.0
0.0
0.0
0.0
0.0
0.0
0.0
0.0028388468
0.005675304
0.011345818
0.011341014
0.0
0.0
-0.0028316325
-0.0056608384
-0.0028292031
0.0028279838
0.0028267615
0.0
-0.0028243074
-0.008469228
-0.008465524
0.0
0.002819363
0.0056362385
0.0
-0.005631245
-0.008443109
-0.0028131139
0.00562371
0.008431778
0.008427984
0.0028080598
-0.0056135776
-0.008416545
-0.0056084758
0.0
0.0028016747
0.0028003885
0.0027990995
0.0027978073
-0.0027965123
-0.0027952143
0.0027939132
0.0027926092
0.0055826046
0.0055799843
0.0
-0.0027873632
0.0
-0.005569445
0.0
0.0027820698
0.0055614784
0.008338217
0.0027780689
0.0
0.0027753867
0.0
0.0027726928
0.0055426825
0.005539974
0.00830589
0.0027672697
0.0027659065
0.0
0.0027631717
0.0027617998
0.0
0.0027590476
0.0
0.0
0.0
0.0055070156
0.0055042314
0.0055014417
0.002749323
0.0027479222
0.005493037
0.002745112
0.005487405
0.0027422903
0.0027408751
0.0
-0.0054760724
0.0
0.0
0.0027337568
-0.0027323244
-0.0027308895
0.0
-0.0054560215
-0.0054531344
0.0027251206
-0.0027236715
-0.0054444387
0.0027207646
0.0
-0.0054356926
0.0027163832
0.0
0.0054268963
0.00813593
0.005421004
0.005418049
-0.0054150894
-0.0027060618
0.0
0.0
0.005403193
0.0027001027
-0.002698606
0.0
0.0
0.0026940994
0.008077775
0.010764325
0.010758272
0.0026880521
0.0
0.0
0.0026834877
0.005363922
0.008041294
0.002678899
0.005354728
0.0
-0.0026742858
0.0053454856
0.0053423936
0.0026696483
0.0026680971
-0.0053330865
-0.0026649865
0.0
0.0026618652
0.005320601
0.005317467
0.0
-0.0053111813
-0.005308031
0.0
0.005301714
0.0052985474
0.0026476877
0.002646099
0.0
0.0
0.0
0.0
0.0
0.0026365127
-0.0026349057
-0.0026332962
0.0
0.0
0.002628452
0.002626832
0.0026252095
0.0
0.0
0.0
0.0026186935
0.005234116
0.0026154201
0.0
-0.0026121365
-0.0026104907
-0.0026088424
0.0026071917
0.0026055383
0.0026038825
0.002602224
0.0
0.0
0.0
0.0
0.005187788
0.005184441
0.0025905445
0.0051777316
0.0
0.0025855012
0.0025838153
0.0025821265
0.0025804355
0.0
0.0
0.0
0.0025736466
0.0025719432
0.0051404745
0.0
-0.0051336363
-0.002565105
-0.0051267785
-0.0051233424
0.0
0.0025582276
0.0
0.0025547743
0.002553044
0.0025513112
0.002549576
0.0
0.0025460985
0.0
0.0
0.0
0.0
-0.002537363
0.0025356088
-0.0025338521
-0.002532093
0.0050606634
0.0025285678
0.0025268018
0.0
-0.0025232625
0.0
0.0
0.0025179358
0.005032311
0.002514373
-0.0025125882
0.0
0.0025090117
0.0025072198
0.005010851
0.0
-0.0025018305
-0.0025000295
-0.0049964525
0.004992841
0.0024946127
0.0024928025
0.0
0.0
0.0
0.002485539
0.0024837174
0.0
0.0024800678
0.0
0.0024764088
0.0024745762
0.002472741
0.002470904
0.0
-0.002467223
-0.002465379
-0.0049270657
-0.0024616846
0.002459834
0.0
0.0
0.0
-0.0024524103
-0.0024505488
0.0
0.0
0.0024449513
0.0024430812
0.0
0.0
-0.002437458
-0.0024355792
0.0
0.0
0.0
0.0
0.0
-0.002424262
-0.0024223684
0.0
-0.0024185749
0.0
0.0
0.0
0.0
0.0024090542
0.0024071436
0.0024052311
0.0
-0.0024014001
0.0
-0.0023975607
0.0
0.0
0.0
0.0
-0.0023879264
-0.0023859935
0.0023840584
0.0
-0.0023801825
0.0
0.0
0.0023743534
0.0023724062
0.0023704572
0.0
-0.0023665533
-0.0023645982
0.0
0.0023606822
0.0023587213
0.004713517
0.0
0.0
-0.0023508584
-0.0023488877
0.002346915
0.0
0.0
-0.0023409857
-0.0070170164
-0.0023370232
0.0
0.0
0.0023310652
0.0023290752
-0.004654167
-0.00232509
-0.0023230945
0.0
0.004638196
0.0
0.0
-0.002313089
-0.0023110826
0.0
0.0023070637
0.0046101026
0.0046060747
0.0
-0.0045980075
0.0
0.0
0.0
0.0
0.0
0.0
0.0
-0.0068483916
-0.0022807634
-0.0022787277
0.0
0.0
0.0
0.0
-0.0045370455
-0.0022664766
0.0
0.0022623788
0.0022603276
0.0
-0.004512439
-0.0045083254
-0.004504209
0.0
0.0
0.0
0.004487708
0.0
0.0
0.0
-0.0044711535
-0.0044670063
-0.004462856
0.0
-0.0044545447
0.0
0.0
0.0
0.0
0.0
0.0
0.0
-0.0044211703
0.0
0.0
0.0
0.0
0.0
0.0
0.0
0.0
0.0
0.0
0.0
-0.0043707234
-0.004366499
-0.0043622716
0.0
0.0
-0.0043495707
0.0
-0.0043410882
-0.004336843
-0.0043325936
-0.004328342
0.0
-0.0043198294
-0.0043155686
-0.0043113045
-0.0043070377
-0.004302768
0.0
0.0
0.0
0.00214283
0.0
0.0
0.0
0.0
0.0
0.0021299555
0.0
-0.0042513045
0.0
0.0
0.0021191873
0.0021170296
-0.0042297407
-0.0042254194
0.0
0.0
0.0
0.0
0.0
0.0
0.0
0.006286127
0.004186406
0.0
0.0
0.0
0.0
0.0020823188
0.002080138
0.002077956
0.0
-0.0041471757
-0.0020714018
0.0
-0.0020670262
0.0
0.0
-0.002060453
-0.0020582592
-0.0020560645
0.0
0.002051671
0.0
0.0
-0.0020450717
-0.0020428693
-0.0020406658
0.0
0.0020362553
0.0020340483
0.0
0.0
-0.0060822596
-0.002025208
0.002022995
0.0020207807
0.0020185653
0.0
-0.0020141313
-0.0020119124
0.0
0.004014943
0.002005249
-0.0020030257
-0.0020008013
-0.0019985756
-0.0019963488
0.0039882422
0.0039837845
0.0
-0.001987431
-0.007940795
-0.003965931
-0.001980731
0.0019784956
0.0019762593
-0.0019740216
-0.0019717831
-0.0039390866
0.0
0.0039301217
0.0039256364
0.003921149
0.0019583295
-0.0019560836
-0.0019538368
-0.0019515889
0.0
0.0019470901
0.0
-0.0019425874
-0.0019403347
0.0
0.0
0.0
0.0019313137
0.0019290559
-0.0019267973
0.0
-0.0019222773
-0.0038400318
-0.0019177536
0.0
0.005739678
0.001910961
0.001908695
-0.0019064281
-0.0038083205
-0.0019018917
0.003799244
0.0037947032
0.005685241
0.0
-0.00378107
-0.0037765221
-0.0037719726
0.0018837107
0.0037628685
0.0056374706
0.0
-0.0018745998
-0.0018723201
-0.003740079
0.0
0.0055964277
0.0055895783
0.003721818
0.0018586244
-0.001856339
-0.0018540529
0.0
0.0036989565
0.0055415696
0.005534702
0.0036852213
0.0
0.0
0.0
0.0
0.0018311498
0.0036577107
0.0018265604
0.0
-0.0018219681
-0.0018196709
-0.0018173731
0.0
0.0
0.0
-0.0018081748
-0.0036117472
-0.0036071432
-0.0036025383
0.0
0.0
0.0
-0.0017920524
-0.00536924
-0.0035748808
-0.0017851334
-0.0017828258
0.0017805176
0.0017782088
0.0017758994
0.0017735894
0.0
0.0
0.0
0.0
0.0017620309
0.0
0.0
0.0
-0.0035055482
0.0
0.0017481424
0.0
0.0
-0.001741191
-0.0034777457
0.0
0.0
0.0017319154
0.0017295954
-0.0017272747
-0.0017249536
0.0
0.0
0.0
0.0017156648
0.0
0.0
-0.0017086933
-0.0034127373
-0.0017040435
0.0
0.0
0.0
0.0
-0.0016924118
0.0
0.0
-0.0016854281
0.0
-0.0033615408
-0.001678441
0.0
-0.0016737811
-0.0016714507
-0.0033382396
-0.0016667887
-0.0033289145
-0.004986376
-0.00497938
-0.0033149216
-0.0016551281
-0.001652795
0.0
-0.001648128
-0.0016457941
0.0
0.0
-0.0016387906
0.0
0.0
0.0
0.0
0.0
-0.0016247766
-0.0016224402
0.0
0.0
0.0016154293
0.0016130919
0.0016107543
0.0
0.0
0.0016037404
0.001601402
0.0015990634
0.0015967247
0.0015943858
0.0
-0.0015897077
0.0
0.0015850288
0.0015826892
0.0015803494
0.0
-0.003151339
-0.0015733294
0.0
0.0015686488
0.004698925
0.0031279358
0.0031232545
0.0015592865
0.0015569457
0.0031092097
0.0046567917
0.001549923
0.0015475819
0.0015452408
0.0030857993
0.0030811168
0.0015382172
0.001535876
0.0015335347
-0.0015311934
-0.0030577043
0.0
0.0015241695
0.0015218282
0.0
-0.0015171455
-0.0030296086
-0.0015124631
0.0
0.0015077807
0.0015054396
0.0015030985
-0.003001515
-0.002996833
-0.0014960757
0.0014937348
0.0014913941
0.0
0.0
-0.0014843723
-0.0014820319
0.0
0.0
0.0014750113
0.0014726714
-0.0014703316
0.0
0.0
0.001463313
0.0014609736
0.0
0.0014562956
0.0014539568
0.0
0.0
0.0014469415
0.0014446034
0.0014422656
0.0014399278
-0.0014375903
0.0014352531
0.001432916
0.0014305791
0.0014282425
0.0
0.0
0.0
0.0
0.0
0.0
-0.0014118929
0.0
0.0
0.0
0.0
-0.0014002225
-0.0013978893
-0.0013955565
0.0
0.0
0.0013885596
0.001386228
0.0
0.0013815657
0.0027584701
0.0013769048
0.0013745748
0.0013722453
0.0
0.0013675871
0.0013652586
0.0
0.0
0.0013582754
0.0
-0.001353622
0.0013512959
0.0026979402
0.0013466448
0.0026886398
0.0
-0.0013396714
0.0013373479
-0.0013350247
0.001332702
0.0013303797
-0.0013280581
0.0013257368
0.0
0.0
0.0
0.0
0.0
0.001311819
0.001309501
-0.0013071836
0.0013048667
0.0
0.0
0.0012979193
0.0012956045
0.0012932903
0.00387293
0.0
0.0
0.001284039
0.0
0.0012794167
0.0012771065
0.0
0.0012724877
0.0
0.0
0.0
-0.0012632573
0.0
0.0012586459
0.0
-0.0012540369
-0.0012517334
-0.0012494305
-0.0024942565
-0.0012448267
0.0
0.0
-0.001237926
0.0
0.0
0.0012310314
0.0012287345
0.0012264384
0.0
0.0
0.0
0.001217261
0.0024299368
0.0012126766
0.0
0.0
0.0
-0.0012035168
0.0012012287
0.0023978828
0.0
0.0
0.0
0.0
0.0
0.0
0.0011829521
0.0011806712
0.0
0.0
-0.001173833
-0.0011715553
0.0
0.0
0.0
-0.0023249057
0.0
0.0
0.0
0.0
0.0
0.0
0.0
0.0
0.0
0.0011397572
0.0
-0.0011352289
-0.0011329661
-0.0011307042
0.0
0.0
0.0
0.0
0.0
0.0
0.0
0.0
0.0022207797
0.0
0.0
0.0
0.0
0.0010991379
0.0010968907
0.0
0.0
-0.0010901546
0.0
0.0
0.0
0.0010811876
0.0
0.0
0.0
-0.0021444748
0.0
0.0
-0.0010655359
-0.0010633043
-0.0021221475
-0.0021176885
0.0
0.0
-0.0010521624
0.0
-0.002095427
-0.0020909812
0.0
-0.0020820969
0.0
0.0
0.0
0.0
0.0
0.0
0.0
0.0020466514
0.0
0.0
-0.001016699
-0.002028985
0.0
0.0010100831
0.0
0.0
-0.0010034782
-0.001001279
9.990811E-4
0.0
0.0029840667
0.0029774841
0.0
9.8811E-4
9.859196E-4
0.0
9.815425E-4
9.793559E-4
-9.771707E-4
-9.749866E-4
-9.7280386E-4
0.0
0.0
0.0
0.0
0.0
0.0
0.0
0.0
0.0
9.5104903E-4
0.0
-9.4671414E-4
0.0
0.0
0.0
9.3806075E-4
0.0
0.0
0.0
0.0
0.0
0.0
0.0
0.0
0.0
-9.165249E-4
0.0
-9.1223477E-4
-0.0018201837
-9.0795045E-4
-0.0018116209
-9.036719E-4
9.0153486E-4
0.0
8.9726516E-4
0.0
-8.930013E-4
0.0
0.0
8.866168E-4
8.8449166E-4
0.0
-8.802459E-4
0.0
0.0
0.0
0.0
0.0
0.0
8.654338E-4
8.633239E-4
0.0
0.0
0.0
0.0
8.527982E-4
8.506978E-4
8.48599E-4
8.465018E-4
8.4440614E-4
8.423121E-4
8.402197E-4
8.3812897E-4
8.360398E-4
0.0
0.0
0.0
0.0
8.2561834E-4
0.0
8.214613E-4
8.193853E-4
0.0
0.0
0.0
0.0
0.0
0.0
8.048998E-4
0.0
0.0
7.9871714E-4
7.966597E-4
7.946039E-4
0.0
0.0
-0.001576894
0.0
0.0
0.0
-7.8026205E-4
0.0
0.0
0.0
7.7210524E-4
7.700704E-4
7.6803745E-4
7.660062E-4
7.639768E-4
7.6194917E-4
7.599233E-4
0.0
-7.5587706E-4
-0.0015077132
-0.0015036761
-7.4982125E-4
-0.0014956127
0.0
0.0
-0.0014835449
0.0
0.0
7.357553E-4
7.3375326E-4
7.317531E-4
0.0
0.0
-7.2576385E-4
0.0
7.2178047E-4
-7.1979157E-4
7.178046E-4
0.0
0.0
7.1185513E-4
0.0
0.0
0.0014118458
7.0394936E-4
7.0197775E-4
7.0000807E-4
0.0
0.0
0.0
0.0
6.901889E-4
6.8823097E-4
0.0
6.84321E-4
6.82369E-4
0.0
6.784709E-4
0.0013530498
6.745808E-4
6.7263877E-4
6.7069876E-4
6.6876074E-4
0.0
0.0
6.6295883E-4
6.610289E-4
6.59101E-4
6.5717514E-4
6.552514E-4
0.0013066592
0.0013028198
6.494923E-4
0.0
6.4566324E-4
0.0
0.0
6.399352E-4
6.3803E-4
0.0
6.342259E-4
0.0
0.0
0.0
0.0
0.0
0.0
6.2097795E-4
6.1909383E-4
0.0
-6.153321E-4
0.0
-0.0012231579
-0.0012194111
0.0
-0.0012119306
0.0
0.0
0.0
-5.9851084E-4
-5.966527E-4
0.0
5.929429E-4
5.910913E-4
0.0
0.0
-5.8554974E-4
0.0
5.818664E-4
5.800281E-4
5.78192E-4
0.0
0.0
5.726971E-4
5.7086995E-4
5.690451E-4
5.672224E-4
0.0
0.0
0.0
0.0
5.5814313E-4
5.563341E-4
0.0
0.0
5.5092067E-4
5.491208E-4
5.473232E-4
5.4552796E-4
5.43735E-4
0.0
0.0
5.3836993E-4
5.365863E-4
5.348049E-4
5.330258E-4
0.0010624983
0.0
5.277028E-4
0.0010518662
0.0010483316
0.0010448018
5.206383E-4
5.188781E-4
5.1712024E-4
5.1536475E-4
5.1361165E-4
5.1186094E-4
5.101126E-4
5.0836673E-4
5.066232E-4
5.04882E-4
5.031433E-4
0.0
0.0
4.9794157E-4
4.962125E-4
0.0
4.927616E-4
0.0
0.0
4.8760357E-4
4.858891E-4
4.841771E-4
4.824675E-4
4.8076038E-4
4.7905574E-4
9.547071E-4
0.0
4.739566E-4
0.0
-4.7056953E-4
4.6887973E-4
4.671924E-4
4.655076E-4
4.6382527E-4
4.6214546E-4
-4.6046812E-4
4.587933E-4
4.57121E-4
4.5545123E-4
4.5378396E-4
0.0
4.50457E-4
0.0
0.0
-4.4548558E-4
-4.4383353E-4
0.0
-4.4053706E-4
0.0
-4.372508E-4
0.0
-4.3397478E-4
-4.3234063E-4
0.0
-4.2908007E-4
4.2745366E-4
4.2582984E-4
0.0
0.0
0.0
-4.1936047E-4
4.1774963E-4
4.161414E-4
4.1453578E-4
4.129328E-4
0.0
0.0
0.0
4.0654704E-4
4.0495716E-4
0.0
0.0
0.0
0.0
0.0
0.0
0.0
0.0
0.0
-3.8920433E-4
0.0
3.8608574E-4
0.0
0.0
0.0
-3.7988083E-4
0.0
3.7679455E-4
0.0
0.0
3.721854E-4
0.0
0.0
-3.6760073E-4
-3.6607796E-4
0.0
0.0
-3.61526E-4
-3.6001418E-4
0.0
-3.5699873E-4
-3.5549514E-4
-3.539943E-4
-3.5249625E-4
-3.5100093E-4
0.0
3.480186E-4
3.465316E-4
3.450474E-4
0.0
3.4208727E-4
3.4061138E-4
0.0
3.37668E-4
-3.3620052E-4
-3.347358E-4
-3.3327393E-4
-3.3181484E-4
0.0
0.0
3.2745447E-4
0.0
-3.2456167E-4
-3.2311952E-4
-3.2168019E-4
3.2024368E-4
3.1881002E-4
0.0
-3.1595124E-4
-3.145261E-4
-3.1310384E-4
3.1168445E-4
3.1026787E-4
3.0885419E-4
0.0
-3.060354E-4
0.0
-3.032281E-4
0.0
0.0
0.0
0.0
0.0
-2.9487538E-4
0.0
5.842286E-4
5.814762E-4
0.0
-2.8799445E-4
-5.73254E-4
0.0
2.8390085E-4
5.650843E-4
0.0
0.0
-2.7848364E-4
-2.7713669E-4
0.0
0.0
0.0
0.0
-5.4089207E-4
-8.0735027E-4
0.0
-5.3293415E-4
0.0
2.6382925E-4
0.0
0.0
0.0
0.0
0.0
0.0
0.0
0.0
0.0
0.0
0.0
0.0
0.0
0.0
0.0
0.0
0.0
0.0
0.0
0.0
0.0
0.0
0.0
0.0
0.0
0.0
0.0
0.0
0.0
0.0
0.0
4.4651428E-4
0.0
0.0
0.0
0.0
0.0
0.0
0.0
0.0
-4.248158E-4
-4.2243573E-4
-4.200618E-4
0.0
0.0
0.0
0.0
-4.0828536E-4
0.0
0.0
0.0
0.0
0.0
0.0
0.0
0.0
0.0
0.0
0.0
0.0
0.0
0.0
0.0
0.0
0.0
0.0
-3.6495956E-4
0.0
0.0
-3.5832648E-4
-3.5612812E-4
-3.539361E-4
-3.5175044E-4
1.7478557E-4
0.0
0.0
0.0
-1.7045879E-4
0.0
0.0
0.0
0.0
-1.6512215E-4
-1.6406442E-4
0.0
0.0
0.0
-1.598656E-4
-1.5882392E-4
-1.5778546E-4
-1.5675023E-4
-1.5571823E-4
-1.5468943E-4
-1.5366387E-4
-3.0528312E-4
0.0
-1.506066E-4
-1.4959398E-4
-1.485846E-4
-1.4757847E-4
0.0
0.0
0.0
0.0
-1.425965E-4
-1.4160988E-4
1.4062651E-4
-1.3964639E-4
0.0
0.0
-1.3672565E-4
1.3575862E-4
1.3479484E-4
1.3383434E-4
1.3287713E-4
1.3192318E-4
1.3097253E-4
0.0
0.0
1.2814028E-4
0.0
1.2626855E-4
0.0
0.0
1.2348569E-4
0.0
0.0
0.0
0.0
-1.1891366E-4
-1.1800918E-4
1.17108015E-4
0.0
0.0
0.0
0.0
1.12651986E-4
1.1177075E-4
2.217857E-4
1.1001828E-4
0.0
1.08279135E-4
1.0741457E-4
0.0
1.0569546E-4
0.0
0.0
0.0
1.02297374E-4
0.0
1.0061843E-4
0.0
0.0
9.8125194E-5
0.0
0.0
-9.566221E-5
-1.8969589E-4
0.0
0.0
-9.2425376E-5
0.0
-9.08272E-5
-9.003318E-5
0.0
0.0
0.0
-8.689092E-5
0.0
-8.5340114E-5
-8.4569794E-5
-8.3802865E-5
-8.303934E-5
0.0
0.0
-8.076914E-5
-8.001921E-5
0.0
0.0
-7.778984E-5
-7.705353E-5
-7.632064E-5
0.0
7.486509E-5
7.414244E-5
7.342321E-5
7.270739E-5
7.1995004E-5
0.0
7.0580485E-5
6.987837E-5
6.917968E-5
6.848442E-5
6.7792585E-5
0.0
6.641923E-5
1.314754E-4
6.505961E-5
1.2876993E-4
6.371376E-5
-6.304598E-5
0.0
0.0
0.0
6.0409377E-5
5.9758844E-5
-5.9111764E-5
0.0
5.782797E-5
0.0
5.6557994E-5
5.5928198E-5
0.0
-5.4678985E-5
-5.4059572E-5
0.0
-5.2831147E-5
0.0
-5.1616593E-5
-5.1014522E-5
-5.041592E-5
-9.964159E-5
4.9229147E-5
4.8640974E-5
9.6112555E-5
0.0
-4.6897323E-5
-4.6323068E-5
-4.57523E-5
0.0
4.4621214E-5
0.0
0.0
0.0
0.0
4.185455E-5
0.0
0.0
4.0236468E-5
-3.97041E-5
0.0
0.0
0.0
0.0
0.0
0.0
-3.6075573E-5
-3.5571233E-5
-3.50704E-5
0.0
0.0
0.0
-3.310218E-5
0.0
3.2139153E-5
0.0
0.0
0.0
0.0
0.0
-2.9334506E-5
-2.887939E-5
0.0
-2.7979733E-5
-5.5070388E-5
0.0
0.0
0.0
0.0
0.0
2.4942075E-5
2.452225E-5
2.410596E-5
2.3693206E-5
0.0
2.2878308E-5
0.0
0.0
0.0
0.0
0.0
2.051857E-5
0.0
0.0
0.0
-1.9016281E-5
0.0
-1.8286419E-5
-1.7926812E-5
0.0
-1.7218248E-5
-1.6869293E-5
-1.6523893E-5
-1.6182044E-5
0.0
0.0
-1.5177828E-5
0.0
1.4526133E-5
-1.4205622E-5
0.0
2.7150558E-5
1.3265448E-5
1.2959177E-5
0.0
0.0
0.0
0.0
1.1481268E-5
-1.119638E-5
0.0
0.0
0.0
0.0
-9.825441E-6
0.0
0.0
9.045704E-6
0.0
0.0
0.0
-8.056054E-6
-7.817573E-6
-7.5826665E-6
0.0
0.0
0.0
0.0
0.0
0.0
-6.0384377E-6
0.0
-5.6294257E-6
0.0
0.0
0.0
4.854355E-6
-4.6695386E-6
-4.4883036E-6
0.0
-4.1365797E-6
-3.9660918E-6
-3.7991865E-6
-3.635865E-6
0.0
0.0
-3.1674044E-6
-3.0184206E-6
-2.8730217E-6
-2.7312085E-6
0.0
-2.4583405E-6
0.0
0.0
0.0
0.0
3.6778833E-6
1.725825E-6
1.6162967E-6
3.0207138E-6
0.0
1.3092442E-6
0.0
1.1224888E-6
1.0344957E-6
0.0
0.0
0.0
-7.1842453E-7
-6.483831E-7
-5.8193257E-7
-5.19073E-7
-4.598047E-7
0.0
-3.5204212E-7
0.0
0.0
-2.1733533E-7
0.0
1.4549008E-7
0.0
8.801307E-8
6.466283E-8
0.0
0.0
0.0
0.0
0.0
0.0
