0.004805153
0.018474245
0.03506155
0.050025348
0.062452435
0.07172277
0.0774477
0.07947873
0.07791116
0.07307383
0.06550503
0.05591843
0.045168277
0.03423584
0.024294369
0.016954277
0.014135088
0.015343633
0.017467408
0.018585349
0.018142786
0.016204188
0.013142951
0.009558481
0.006413765
0.005356804
0.0067372927
0.008592819
0.00982738
0.01015233
0.009618472
0.008495639
0.007258011
0.0065401196
0.0067697833
0.0076977434
0.008750875
0.00953238
0.009888013
0.009845141
0.009556284
0.00923509
0.009064352
0.009099956
0.00924655
0.00933081
0.009198122
0.008768497
0.008050251
0.00713018
0.006150216
0.005268126
0.0045942813
0.004123953
0.0037379279
0.0032961909
0.0027419867
0.0021843163
0.0019853222
0.0024604262
0.0033503964
0.0043031652
0.0051290547
0.0057428214
0.006131364
0.006340446
0.006456875
0.00657576
0.0067568896
0.006993785
0.0072189155
0.007338334
0.0072689396
0.006962034
0.006412463
0.0056578238
0.0047713816
0.003850464
0.002999629
0.0023037214
0.0017871264
0.0013896368
0.0010312616
8.122677E-4
0.0011274789
0.0019033651
0.0028607408
0.0038491318
0.0047602416
0.005506525
0.006023747
0.0062763537
0.0062609627
0.0060065943
0.0055709872
0.0050322227
0.00447428
0.0039655603
0.0035349466
0.0031609323
0.0027891234
0.0023710597
0.0019064905
0.001497095
0.0013997162
0.0017654075
0.0023732665
0.002993261
0.003496173
0.0038074935
0.0038872368
0.003723927
0.003331142
0.00274335
0.0020111697
0.0012013918
4.7810673E-4
7.4997335E-4
0.0015217919
0.002277289
0.002968283
0.0035819397
0.004109746
0.004539836
0.0048549892
0.005034715
0.005060017
0.004918985
0.0046115303
0.004152146
0.003570253
0.0029082932
0.0022184146
0.0015599116
0.0010041419
6.6334446E-4
6.524885E-4
8.341557E-4
0.0010469028
0.0012632076
0.0014939108
0.0017398386
0.0019826668
0.002194512
0.0023518512
0.0024468307
0.002494184
0.0025315785
0.0026083747
0.0027608683
0.0029881455
0.0032502578
0.0034872266
0.0036396207
0.0036609862
0.0035234243
0.0032192776
0.0027604518
0.0021760128
0.001508671
8.126166E-4
2.119463E-4
5.55592E-4
0.0010603863
0.0014450769
0.0016898575
0.0017990322
0.0017953338
0.0017182615
0.0016209165
0.0015608019
0.0015798354
0.001684311
0.0018490305
0.002040045
0.0022294472
0.0023966841
0.0025246108
0.00259627
0.0025944584
0.0025039813
0.002315629
0.0020310623
0.0016691826
0.0012788757
9.7239023E-4
9.377345E-4
0.001194048
0.0015455495
0.001854991
0.0020558455
0.0021157304
0.002023873
0.001786935
0.0014264566
9.76847E-4
4.9098034E-4
2.361055E-4
6.299418E-4
0.0010616012
0.0014288473
0.0017172054
0.001931247
0.0020878299
0.002210045
0.002319318
0.0024278131
0.0025347776
0.002628561
0.0026923032
0.0027097166
0.002668745
0.0025627925
0.0023902613
0.0021533729
0.001857222
0.0015099772
0.0011259137
7.391763E-4
4.7772945E-4
6.167177E-4
0.0010010719
0.0014183996
0.0018030677
0.0021238832
0.0023612364
0.0025040577
0.0025497053
0.0025037853
0.0023792041
0.0021943713
0.0019708052
0.0017307134
0.0014954265
0.0012856768
0.0011237445
0.0010337369
0.0010319335
0.001110528
0.0012375948
0.0013734563
0.0014823412
0.0015359152
0.001514369
0.0014074545
0.0012156183
9.5153373E-4
6.4562244E-4
3.8286892E-4
4.064978E-4
6.744476E-4
9.57398E-4
0.0011864598
0.00133946
0.0014136313
0.0014221866
0.0013929007
0.001363039
0.0013663138
0.0014148433
0.0014921522
0.0015654191
0.0016031022
0.0015856975
0.0015100839
0.0013911397
0.0012618093
0.0011677461
0.0011468282
0.0011988295
0.0012832219
0.0013488218
0.0013559094
0.0012814109
0.001117554
8.6939853E-4
5.5226247E-4
1.9032837E-4
2.0308828E-4
5.7963125E-4
9.272075E-4
0.0012244391
0.001458484
0.0016247267
0.0017266513
0.0017745884
0.0017832262
0.0017680939
0.0017417409
0.001710924
0.0016761
0.00163341
0.0015778904
0.0015061303
0.0014172711
0.0013122398
0.0011918759
0.001055028
8.9773466E-4
7.1407924E-4
4.984117E-4
2.4795643E-4
3.527227E-5
3.4327223E-4
6.6304894E-4
9.773646E-4
0.0012670103
0.0015130879
0.0016993417
0.0018142052
0.0018523183
0.0018153352
0.0017119219
0.0015569277
0.0013698013
0.0011723894
9.863366E-4
8.3045627E-4
7.187836E-4
6.6021574E-4
6.5920205E-4
7.1467913E-4
8.1741397E-4
9.501473E-4
0.0010908659
0.001216352
0.0013050032
0.0013391003
0.0013065869
0.0012022407
0.0010281077
7.9315115E-4
5.122165E-4
2.0527403E-4
1.20517965E-4
4.1975218E-4
6.930829E-4
9.250994E-4
0.001109484
0.0012466442
0.0013428484
0.0014082443
0.0014537914
0.0014878135
0.0015134612
0.0015282569
0.0015258064
0.0014985971
0.0014405533
0.0013485898
0.001223066
0.0010674159
8.873545E-4
6.901393E-4
4.846987E-4
2.8619537E-4
1.5751917E-4
2.4588214E-4
4.1854178E-4
5.8767E-4
7.342985E-4
8.490252E-4
9.2590484E-4
9.6279744E-4
9.630663E-4
9.378167E-4
9.077532E-4
9.014583E-4
9.446254E-4
0.0010436035
0.0011814205
0.0013297094
0.0014603497
0.0015503234
0.0015829707
0.0015482616
0.0014428134
0.0012696726
0.0010377862
7.6117966E-4
4.5826568E-4
1.5802062E-4
1.8306903E-4
4.4627234E-4
6.733293E-4
8.46693E-4
9.6010056E-4
0.0010137693
0.0010139246
9.7227504E-4
9.0511004E-4
8.317298E-4
7.7147206E-4
7.386705E-4
7.375163E-4
7.61972E-4
8.016317E-4
8.474876E-4
8.9360366E-4
9.3586865E-4
9.702319E-4
9.91862E-4
9.955801E-4
9.772237E-4
9.3537377E-4
8.729845E-4
7.9858565E-4
7.264193E-4
6.737262E-4
6.5283885E-4
6.6146406E-4
6.822046E-4
6.9231214E-4
6.724336E-4
6.099035E-4
4.9919E-4
3.422335E-4
1.5696697E-4
1.5129047E-4
3.8742504E-4
6.472578E-4
9.002303E-4
0.0011296526
0.0013222814
0.0014682473
0.0015615826
0.001600572
0.0015877517
0.0015294809
0.0014350333
0.0013151827
0.0011803355
0.0010384542
8.933357E-4
7.440598E-4
5.862236E-4
4.1492155E-4
2.3030279E-4
9.031258E-5
2.4322543E-4
4.6475328E-4
6.832318E-4
8.797316E-4
0.0010387017
0.0011471965
0.001196195
0.0011819521
0.0011071363
9.819311E-4
8.257962E-4
6.713135E-4
5.684529E-4
5.6473515E-4
6.4896775E-4
7.648673E-4
8.6844806E-4
9.375749E-4
9.643791E-4
9.499881E-4
9.012785E-4
8.281592E-4
7.4090244E-4
6.4778246E-4
5.5387226E-4
4.6213804E-4
3.7773573E-4
3.154385E-4
3.0206298E-4
3.498717E-4
4.3518344E-4
5.270372E-4
6.041214E-4
6.5406115E-4
6.7246344E-4
6.636543E-4
6.4170687E-4
6.290203E-4
6.47458E-4
7.032266E-4
7.819777E-4
8.599691E-4
9.158529E-4
9.358671E-4
9.154922E-4
8.6022844E-4
7.860938E-4
7.185381E-4
6.8498513E-4
6.9749315E-4
7.412362E-4
7.863127E-4
8.054447E-4
7.811678E-4
7.0616783E-4
5.8183837E-4
4.1651673E-4
2.2383213E-4
3.8740855E-5
1.9399643E-4
3.8161906E-4
5.468631E-4
6.8630296E-4
8.029072E-4
9.035688E-4
9.954609E-4
0.0010820271
0.0011606328
0.001223118
0.0012586174
0.0012570214
0.0012118316
0.0011219305
9.92268E-4
8.3367E-4
6.6209806E-4
4.978153E-4
3.6454826E-4
2.8447073E-4
2.5833515E-4
2.5688706E-4
2.5678123E-4
2.6279117E-4
2.9757127E-4
3.720993E-4
4.730547E-4
5.79202E-4
6.7292876E-4
7.4289006E-4
7.8455685E-4
8.001605E-4
7.9756277E-4
7.873324E-4
7.779552E-4
7.7102776E-4
7.5983483E-4
7.326646E-4
6.7847373E-4
5.922564E-4
4.80656E-4
3.7346946E-4
3.4178662E-4
4.3518568E-4
5.9651944E-4
7.636641E-4
9.0258615E-4
9.934795E-4
0.0010251374
9.935506E-4
9.013183E-4
7.569273E-4
5.739078E-4
3.711774E-4
1.865822E-4
1.7623432E-4
3.371483E-4
5.0569925E-4
6.537488E-4
7.772087E-4
8.770483E-4
9.551069E-4
0.0010119117
0.0010458167
0.0010535051
0.0010315106
9.781426E-4
8.9529174E-4
7.8989746E-4
6.7513325E-4
5.7104934E-4
5.017475E-4
4.8207695E-4
5.0112914E-4
5.302025E-4
5.4364774E-4
5.2648084E-4
4.7311673E-4
3.8509432E-4
2.699601E-4
1.4585722E-4
1.03959566E-4
2.1864571E-4
3.5670507E-4
4.8577532E-4
5.981598E-4
6.9131417E-4
7.652549E-4
8.2129793E-4
8.610518E-4
8.857503E-4
8.960735E-4
8.9242164E-4
8.7540393E-4
8.462137E-4
8.0661685E-4
7.5846375E-4
7.028811E-4
6.395432E-4
5.6650373E-4
4.8087392E-4
3.8031352E-4
2.6551032E-4
1.4849E-4
1.1353081E-4
2.272639E-4
3.699628E-4
5.043765E-4
6.1557605E-4
6.9288694E-4
7.288538E-4
7.198884E-4
6.6711666E-4
5.774436E-4
4.6579915E-4
3.6137874E-4
3.1570037E-4
3.633059E-4
4.6458613E-4
5.697261E-4
6.5288105E-4
7.031756E-4
7.1888836E-4
7.055253E-4
6.7473704E-4
6.422592E-4
6.231383E-4
6.244383E-4
6.4086035E-4
6.583623E-4
6.61699E-4
6.3949835E-4
5.8589847E-4
5.003447E-4
3.866485E-4
2.5173102E-4
1.0432979E-4
4.894689E-5
1.9609071E-4
3.3472595E-4
4.611878E-4
5.7468645E-4
6.758144E-4
7.651994E-4
8.4230735E-4
9.0489665E-4
9.493468E-4
9.71687E-4
9.689105E-4
9.401499E-4
8.8740315E-4
8.1561756E-4
7.3199964E-4
6.4446277E-4
5.592977E-4
4.7870513E-4
3.9962647E-4
3.1517874E-4
2.1825028E-4
1.0623858E-4
4.9290513E-5
1.8211037E-4
3.2953793E-4
4.7068283E-4
5.929997E-4
6.854743E-4
7.396637E-4
7.508261E-4
7.1879115E-4
6.4864E-4
5.516265E-4
4.4745574E-4
3.6869285E-4
3.5476347E-4
4.1066995E-4
4.9969036E-4
5.891747E-4
6.624449E-4
7.125384E-4
7.375327E-4
7.378852E-4
7.147448E-4
6.689899E-4
6.010217E-4
5.1125296E-4
4.0107686E-4
2.7425893E-4
1.4135096E-4
8.022703E-5
1.9334255E-4
3.2377284E-4
4.3715138E-4
5.228803E-4
5.748858E-4
5.908292E-4
5.723526E-4
5.2533357E-4
4.6025097E-4
3.9301842E-4
3.4543642E-4
3.3872438E-4
3.7633843E-4
4.4242854E-4
5.20102E-4
5.9922435E-4
6.741769E-4
7.406879E-4
7.940463E-4
8.287009E-4
8.3885546E-4
8.195678E-4
7.6789723E-4
6.8378047E-4
5.704642E-4
4.3445325E-4
2.8511585E-4
1.3518352E-4
4.8995676E-5
1.5620513E-4
2.6059384E-4
3.4157647E-4
4.0137826E-4
4.4882685E-4
4.962742E-4
5.541673E-4
6.2545785E-4
7.0442585E-4
7.80121E-4
8.4070675E-4
8.764353E-4
8.8120636E-4
8.531897E-4
7.948113E-4
7.122271E-4
6.143386E-4
5.113726E-4
4.1302244E-4
3.2626512E-4
2.5362536E-4
1.9415526E-4
1.5066084E-4
1.4190462E-4
1.8508715E-4
2.6278687E-4
3.5223228E-4
4.379866E-4
5.0847704E-4
5.5490853E-4
5.71664E-4
5.5701175E-4
5.1383453E-4
4.5054816E-4
3.8263298E-4
3.3379308E-4
3.2787726E-4
3.6583527E-4
4.2477314E-4
4.8214744E-4
5.2523427E-4
5.4956053E-4
5.5655424E-4
5.516451E-4
5.421082E-4
5.343203E-4
5.310912E-4
5.305923E-4
5.276636E-4
5.163836E-4
4.9219036E-4
4.5281404E-4
3.9819325E-4
3.2981267E-4
2.4991477E-4
1.6129902E-4
7.258343E-5
7.551768E-5
1.8038462E-4
2.9965214E-4
4.2217172E-4
5.4118317E-4
6.491484E-4
7.379701E-4
7.999336E-4
8.288229E-4
8.2099385E-4
7.762954E-4
6.988408E-4
5.97826E-4
4.8891717E-4
3.9653466E-4
3.5139397E-4
3.6590378E-4
4.14108E-4
4.612143E-4
4.8562678E-4
4.7757957E-4
4.3501597E-4
3.6116623E-4
2.6302275E-4
1.505336E-4
4.650854E-5
1.0222756E-4
2.0682886E-4
3.0098442E-4
3.8202066E-4
4.5226276E-4
5.1598577E-4
5.769697E-4
6.363431E-4
6.91701E-4
7.3780975E-4
7.6826726E-4
7.772531E-4
7.6084817E-4
7.177715E-4
6.495688E-4
5.603535E-4
4.5625606E-4
3.448738E-4
2.3559325E-4
1.448541E-4
1.1646877E-4
1.6941567E-4
2.4710264E-4
3.2459505E-4
3.9495804E-4
4.5391676E-4
4.968671E-4
5.1876827E-4
5.149275E-4
4.8204622E-4
4.1926003E-4
3.2927396E-4
2.2111573E-4
1.2781286E-4
1.5630243E-4
2.765868E-4
4.0457674E-4
5.1675364E-4
6.0253055E-4
6.562705E-4
6.764802E-4
6.6580425E-4
6.309196E-4
5.8204203E-4
5.316198E-4
4.914346E-4
4.6793828E-4
4.5868958E-4
4.5409903E-4
4.430803E-4
4.1740356E-4
3.7301655E-4
3.0956612E-4
2.2930333E-4
1.3590143E-4
3.3485012E-5
7.4707306E-5
1.8516116E-4
2.9582236E-4
4.0447625E-4
5.084962E-4
6.0441234E-4
6.878594E-4
7.539348E-4
7.978654E-4
8.158091E-4
8.056066E-4
7.6734036E-4
7.036136E-4
6.1953004E-4
5.2242796E-4
4.2151328E-4
3.2761466E-4
2.530395E-4
2.094279E-4
1.9900542E-4
2.092073E-4
2.2534879E-4
2.402284E-4
2.5229182E-4
2.6187726E-4
2.6922696E-4
2.7445366E-4
2.7876272E-4
2.8566536E-4
3.0060587E-4
3.2805305E-4
3.67895E-4
4.147252E-4
4.6020566E-4
4.958851E-4
5.1518786E-4
5.147526E-4
4.954641E-4
4.6327233E-4
4.2937798E-4
4.0803937E-4
4.0949736E-4
4.3168478E-4
4.612261E-4
4.821404E-4
4.819985E-4
4.5373215E-4
3.956985E-4
3.1153037E-4
2.111147E-4
1.20825054E-4
1.2225588E-4
2.0709584E-4
2.939482E-4
3.591103E-4
3.9473778E-4
3.9917443E-4
3.7578683E-4
3.330935E-4
2.8553227E-4
2.5346506E-4
2.5481277E-4
2.8803077E-4
3.3636033E-4
3.8624837E-4
4.3250388E-4
4.7579547E-4
5.191037E-4
5.6436483E-4
6.102723E-4
6.520531E-4
6.828767E-4
6.9578784E-4
6.853201E-4
6.485088E-4
5.8535486E-4
4.989343E-4
3.9554943E-4
2.8616414E-4
1.9417891E-4
1.7286526E-4
2.3988937E-4
3.3795464E-4
4.356638E-4
5.22158E-4
5.925014E-4
6.437757E-4
6.7405106E-4
6.8226096E-4
6.684894E-4
6.3445326E-4
5.8402604E-4
5.2366126E-4
4.6247218E-4
4.1125753E-4
3.7909055E-4
3.6768432E-4
3.691065E-4
3.708027E-4
3.6208253E-4
3.3698726E-4
2.9465536E-4
2.3947314E-4
1.8307201E-4
1.498974E-4
1.6611276E-4
2.1790157E-4
2.7679602E-4
3.276211E-4
3.636438E-4
3.8232078E-4
3.8375304E-4
3.70032E-4
3.4496989E-4
3.1418778E-4
2.8550098E-4
2.6872492E-4
2.725774E-4
2.988897E-4
3.414245E-4
3.9093063E-4
4.3919135E-4
4.8007903E-4
5.095393E-4
5.2548887E-4
5.2770355E-4
5.175591E-4
4.97506E-4
4.7025862E-4
4.3783907E-4
4.008033E-4
3.5804193E-4
3.0732932E-4
2.4639876E-4
1.741363E-4
9.2109796E-5
3.0215446E-5
1.0870163E-4
2.0486998E-4
2.962473E-4
3.763588E-4
4.404435E-4
4.854486E-4
5.1034224E-4
5.1627646E-4
5.0653593E-4
4.8625388E-4
4.6184065E-4
4.399984E-4
4.2623564E-4
4.2323733E-4
4.3007766E-4
4.4294194E-4
4.5669585E-4
4.6616053E-4
4.667174E-4
4.545205E-4
4.2663905E-4
3.8126428E-4
3.1797282E-4
2.380285E-4
1.4506736E-4
5.3565243E-5
8.9517554E-5
1.9451055E-4
2.9748364E-4
3.895397E-4
4.657328E-4
5.230422E-4
5.603437E-4
5.783805E-4
5.7952525E-4
5.6729576E-4
5.4565363E-4
5.1818887E-4
4.8738898E-4
4.542537E-4
4.1845106E-4
3.7899282E-4
3.3520733E-4
2.8780804E-4
2.4012997E-4
1.9983904E-4
1.7971435E-4
1.8988847E-4
2.2493795E-4
2.7062368E-4
3.1561666E-4
3.5279055E-4
3.7765896E-4
3.874233E-4
3.8056093E-4
3.5665065E-4
3.1631425E-4
2.613267E-4
1.9535226E-4
1.2801778E-4
9.608487E-5
1.4698159E-4
2.3712942E-4
3.3603742E-4
4.3359544E-4
5.235763E-4
6.00573E-4
6.595738E-4
6.961522E-4
7.06865E-4
6.897061E-4
6.4452004E-4
5.7329977E-4
4.8033264E-4
3.722329E-4
2.581783E-4
1.5225277E-4
8.98579E-5
1.17176765E-4
1.6773344E-4
1.9861787E-4
2.0110626E-4
1.7655287E-4
1.3741443E-4
1.232261E-4
1.7732846E-4
2.7228481E-4
3.766033E-4
4.7423915E-4
5.5509084E-4
6.124653E-4
6.427253E-4
6.452578E-4
6.2231935E-4
5.7864236E-4
5.2078074E-4
4.5619244E-4
3.9206175E-4
3.339283E-4
2.8448264E-4
2.4337959E-4
2.0889571E-4
1.8105916E-4
1.6425925E-4
1.653529E-4
1.8533904E-4
2.161333E-4
2.4718052E-4
2.7016934E-4
2.7993598E-4
2.7467936E-4
2.566101E-4
2.3331003E-4
2.1895937E-4
2.2964655E-4
2.6921823E-4
3.2647754E-4
3.8737326E-4
4.4126628E-4
4.8115395E-4
5.030353E-4
5.054995E-4
4.894089E-4
4.5753038E-4
4.140673E-4
3.641264E-4
3.1321638E-4
2.6691516E-4
2.3074434E-4
2.0978975E-4
2.0703359E-4
2.2104291E-4
2.4624655E-4
2.7552457E-4
3.0193434E-4
3.192295E-4
3.2215365E-4
3.0686698E-4
2.7147494E-4
2.167115E-4
1.4775596E-4
8.617948E-5
1.06441796E-4
1.9233792E-4
2.8702067E-4
3.7471298E-4
4.4846194E-4
5.047261E-4
5.4276094E-4
5.643519E-4
5.73184E-4
5.7367474E-4
5.694113E-4
5.617282E-4
5.491581E-4
5.281086E-4
4.94377E-4
4.4475726E-4
3.7824493E-4
2.9686082E-4
2.070068E-4
1.2667138E-4
1.12433765E-4
1.794734E-4
2.6325614E-4
3.3970605E-4
4.0201464E-4
4.4841738E-4
4.797191E-4
4.981074E-4
5.060659E-4
5.054191E-4
4.9681513E-4
4.7987382E-4
4.539448E-4
4.1916705E-4
3.7748512E-4
3.333679E-4
2.9387616E-4
2.670699E-4
2.5758136E-4
2.6225278E-4
2.720929E-4
2.7832133E-4
2.7595423E-4
2.644731E-4
2.4738876E-4
2.3109054E-4
2.2214367E-4
2.2302756E-4
2.2997653E-4
2.3587084E-4
2.3472004E-4
2.2436983E-4
2.0792229E-4
1.9463016E-4
1.9752521E-4
2.233387E-4
2.657768E-4
3.1306702E-4
3.5545163E-4
3.8686313E-4
4.0477217E-4
4.0988138E-4
4.0565917E-4
3.9739444E-4
3.9050693E-4
3.8834946E-4
3.9065388E-4
3.9385282E-4
3.9299196E-4
3.8376072E-4
3.6367693E-4
3.3238472E-4
2.913658E-4
2.4333868E-4
1.9159618E-4
1.3973187E-4
9.33013E-5
6.891516E-5
9.08387E-5
1.4194305E-4
2.0330714E-4
2.6793568E-4
3.3114172E-4
3.8833602E-4
4.3508687E-4
4.6767155E-4
4.8367993E-4
4.8252585E-4
4.6581522E-4
4.375488E-4
4.0407886E-4
3.734923E-4
3.5369713E-4
3.489598E-4
3.5719873E-4
3.712136E-4
3.8248146E-4
3.8387987E-4
3.7052017E-4
3.3968114E-4
2.9064005E-4
2.2492124E-4
1.4855877E-4
8.945372E-5
1.2746036E-4
2.264843E-4
3.3535543E-4
4.3929176E-4
5.295991E-4
5.992639E-4
6.426726E-4
6.559548E-4
6.3738506E-4
5.876802E-4
5.1013904E-4
4.1067385E-4
2.980782E-4
1.8647735E-4
1.12388916E-4
1.411193E-4
2.1698898E-4
2.8503413E-4
3.323546E-4
3.5664925E-4
3.6028418E-4
3.4883243E-4
3.298372E-4
3.10801E-4
2.9630517E-4
2.857636E-4
2.7404673E-4
2.5463584E-4
2.2269087E-4
1.7680104E-4
1.2076872E-4
7.386994E-5
9.284419E-5
1.6070259E-4
2.3491551E-4
3.0327006E-4
3.6116387E-4
4.0719315E-4
4.4220482E-4
4.6844644E-4
4.883974E-4
5.035132E-4
5.1340344E-4
5.158544E-4
5.0765084E-4
4.8575393E-4
4.4836054E-4
3.9558313E-4
3.297029E-4
2.550952E-4
1.7812234E-4
1.08194174E-4
6.585519E-5
7.791552E-5
1.1122177E-4
1.4070778E-4
1.6546878E-4
1.9143404E-4
2.2451082E-4
2.6613093E-4
3.127181E-4
3.581947E-4
3.9653445E-4
4.2330445E-4
4.3646002E-4
4.3665612E-4
4.270921E-4
4.1273623E-4
3.9875638E-4
3.8837592E-4
3.812263E-4
3.735012E-4
3.5986566E-4
3.357231E-4
2.9876296E-4
2.4973348E-4
1.9305652E-4
1.3876421E-4
1.0776262E-4
1.20078956E-4
1.5695179E-4
1.9351409E-4
2.1969414E-4
2.3338162E-4
2.3708984E-4
2.3665554E-4
2.393744E-4
2.5058122E-4
2.705428E-4
2.949445E-4
3.1813676E-4
3.3581967E-4
3.4612007E-4
3.495845E-4
3.4849558E-4
3.456587E-4
3.4294647E-4
3.4026083E-4
3.3558244E-4
3.261082E-4
3.0981956E-4
2.8686918E-4
2.6055332E-4
2.3756862E-4
2.2620594E-4
2.3095579E-4
2.478163E-4
2.6706574E-4
2.7905457E-4
2.7693668E-4
2.5705065E-4
2.1869957E-4
1.6399905E-4
9.8889286E-5
4.9584705E-5
9.26105E-5
1.6909892E-4
2.452891E-4
3.1537388E-4
3.778131E-4
4.329776E-4
4.8206115E-4
5.259374E-4
5.641737E-4
5.945963E-4
6.1357993E-4
6.1689026E-4
6.007376E-4
5.627388E-4
5.026225E-4
4.2265005E-4
3.2789723E-4
2.271077E-4
1.3806827E-4
1.0913825E-4
1.6009461E-4
2.265831E-4
2.813679E-4
3.1881113E-4
3.4020015E-4
3.5051964E-4
3.5628787E-4
3.6272663E-4
3.7109136E-4
3.7809307E-4
3.7791327E-4
3.651987E-4
3.375661E-4
2.9756763E-4
2.5489062E-4
2.2804302E-4
2.3591268E-4
2.7595708E-4
3.273233E-4
3.7094104E-4
3.9476613E-4
3.924706E-4
3.623782E-4
3.0698022E-4
2.3287744E-4
1.5246792E-4
9.6170115E-5
1.1620185E-4
1.7502464E-4
2.2652603E-4
2.5750452E-4
2.6476267E-4
2.5024498E-4
2.2039854E-4
1.8671404E-4
1.6589284E-4
1.7194064E-4
2.0143283E-4
2.4072862E-4
2.8081128E-4
3.1889838E-4
3.5534613E-4
3.9062288E-4
4.2327365E-4
4.4942935E-4
4.637325E-4
4.6092516E-4
4.373933E-4
3.9235764E-4
3.2877142E-4
2.5444213E-4
1.8502482E-4
1.4918408E-4
1.6592247E-4
2.0582913E-4
2.3657932E-4
2.4329318E-4
2.2055578E-4
1.684663E-4
9.1239635E-5
1.0580097E-5
1.1007181E-4
2.1402536E-4
3.082051E-4
3.8494976E-4
4.3937293E-4
4.6997776E-4
4.788965E-4
4.715616E-4
4.5557876E-4
4.3858888E-4
4.2544486E-4
4.1620465E-4
4.0667393E-4
3.9117466E-4
3.6542446E-4
3.2811912E-4
2.8120156E-4
2.2926884E-4
1.784004E-4
1.3440127E-4
1.0052858E-4
7.680705E-5
6.6733206E-5
8.421543E-5
1.3116655E-4
1.9616465E-4
2.6915458E-4
3.41356E-4
4.0462645E-4
4.519319E-4
4.7803775E-4
4.8006536E-4
4.5778474E-4
4.1361726E-4
3.5242067E-4
2.8130424E-4
2.1017692E-4
1.5467829E-4
1.3800914E-4
1.6530658E-4
2.1276921E-4
2.633917E-4
3.107747E-4
3.5210064E-4
3.8501923E-4
4.0679253E-4
4.144777E-4
4.0554279E-4
3.7852765E-4
3.335133E-4
2.7229762E-4
1.9828792E-4
1.1634573E-4
3.6483543E-5
6.3798325E-5
1.4200594E-4
2.1482633E-4
2.7935253E-4
3.3516446E-4
3.82555E-4
4.217146E-4
4.521927E-4
4.7278212E-4
4.8185332E-4
4.7798632E-4
4.6066908E-4
4.3086393E-4
3.9132487E-4
3.4659507E-4
3.0256374E-4
2.6527123E-4
2.3864381E-4
2.2205536E-4
2.103728E-4
1.971295E-4
1.7775896E-4
1.5101506E-4
1.1958584E-4
9.2093185E-5
8.5727086E-5
1.0908603E-4
1.4852434E-4
1.9253358E-4
2.3663869E-4
2.7937864E-4
3.201702E-4
3.5823882E-4
3.9213337E-4
4.1972095E-4
4.3853212E-4
4.4626693E-4
4.4129012E-4
4.230113E-4
3.921189E-4
3.506942E-4
3.0228635E-4
2.5207186E-4
2.071462E-4
1.7617375E-4
1.6547703E-4
1.7210058E-4
1.8537464E-4
1.9537045E-4
1.9630216E-4
1.8625554E-4
1.6711488E-4
1.4588224E-4
1.364142E-4
1.5240897E-4
1.912142E-4
2.393032E-4
2.8504958E-4
3.2056155E-4
3.4083068E-4
3.4347904E-4
3.2896022E-4
3.009914E-4
2.6714586E-4
2.3903046E-4
2.291683E-4
2.4191674E-4
2.6894585E-4
2.9759065E-4
3.185833E-4
3.2763722E-4
3.249095E-4
3.1416194E-4
3.0140707E-4
2.9241695E-4
2.8942793E-4
2.8937007E-4
2.8546993E-4
2.705459E-4
2.3945008E-4
1.9016444E-4
1.2451348E-4
5.4825046E-5
7.369437E-5
1.6157409E-4
2.520999E-4
3.3442528E-4
4.0306724E-4
4.549806E-4
4.893906E-4
5.075874E-4
5.123931E-4
5.0729205E-4
4.953827E-4
4.784769E-4
4.5673165E-4
4.2899532E-4
3.9366994E-4
3.4964868E-4
2.9694824E-4
2.3688508E-4
1.7184677E-4
1.0487126E-4
4.0257473E-5
3.3565324E-5
9.190575E-5
1.4960325E-4
2.0472413E-4
2.5681307E-4
3.044558E-4
3.4495178E-4
3.7462742E-4
3.8953836E-4
3.8632614E-4
3.6307148E-4
3.2012825E-4
2.6124142E-4
1.9633539E-4
1.500978E-4
1.6156012E-4
2.2316059E-4
2.971449E-4
3.6303114E-4
4.1097924E-4
4.3590897E-4
4.358972E-4
4.1163707E-4
3.6604036E-4
3.0378578E-4
2.308724E-4
1.5461452E-4
8.679579E-5
6.405523E-5
1.0453531E-4
1.5512422E-4
1.9876214E-4
2.3214656E-4
2.5435883E-4
2.6496543E-4
2.6369494E-4
2.5080208E-4
2.280475E-4
2.005051E-4
1.7924777E-4
1.8068941E-4
2.1284299E-4
2.6611765E-4
3.260238E-4
3.814392E-4
4.247223E-4
4.509564E-4
4.576762E-4
4.4477737E-4
4.1436468E-4
3.704344E-4
3.1836037E-4
2.6417355E-4
2.1359912E-4
1.7080607E-4
1.371258E-4
1.1091979E-4
9.0167974E-5
7.7458186E-5
8.182882E-5
1.0651579E-4
1.4361704E-4
1.8531582E-4
2.2705602E-4
2.666551E-4
3.0358843E-4
3.382864E-4
3.712574E-4
4.0224264E-4
4.2975968E-4
4.5122893E-4
4.6357096E-4
4.6398368E-4
4.5063117E-4
4.230879E-4
3.8248117E-4
3.3133652E-4
2.731728E-4
2.1194128E-4
1.5151231E-4
9.5886746E-5
5.410953E-5
5.636312E-5
9.653073E-5
1.4539274E-4
1.9578423E-4
2.4446787E-4
2.881044E-4
3.2316835E-4
3.4649778E-4
3.558675E-4
3.5040642E-4
3.308083E-4
2.9936337E-4
2.599263E-4
2.1806573E-4
1.8170671E-4
1.6150369E-4
1.6626848E-4
1.9413116E-4
2.3566399E-4
2.8256714E-4
3.2908833E-4
3.7065908E-4
4.0312568E-4
4.2271207E-4
4.263505E-4
4.1210532E-4
3.7951814E-4
3.2977792E-4
2.6567362E-4
1.9132835E-4
1.11748064E-4
3.22684E-5
4.2426935E-5
1.0804489E-4
1.6246553E-4
2.0533243E-4
2.3842558E-4
2.6528034E-4
2.901555E-4
3.1645517E-4
3.4531995E-4
3.7525574E-4
4.028915E-4
4.2418102E-4
4.354195E-4
4.3388785E-4
4.182E-4
3.8847743E-4
3.4645732E-4
2.9564337E-4
2.4165666E-4
1.9293222E-4
1.6074363E-4
1.5316306E-4
1.6392484E-4
1.7759769E-4
1.822386E-4
1.7173999E-4
1.4453968E-4
1.0394296E-4
6.676715E-5
8.394428E-5
1.474606E-4
2.1985422E-4
2.881234E-4
3.4565694E-4
3.8848113E-4
4.149131E-4
4.2554893E-4
4.230364E-4
4.114332E-4
3.9507166E-4
3.77094E-4
3.582376E-4
3.366462E-4
3.089465E-4
2.719747E-4
2.243702E-4
1.679762E-4
1.10954265E-4
8.085449E-5
1.10542074E-4
1.6500635E-4
2.1555298E-4
2.5211225E-4
2.704056E-4
2.693983E-4
2.509243E-4
2.1976927E-4
1.8414605E-4
1.5634597E-4
1.4958924E-4
1.6601435E-4
1.9456762E-4
2.2453332E-4
2.5086908E-4
2.7261823E-4
2.9073228E-4
3.062884E-4
3.192998E-4
3.2845026E-4
3.317553E-4
3.2772162E-4
3.1649938E-4
3.0066658E-4
2.8524932E-4
2.7625557E-4
2.7734754E-4
2.8674965E-4
2.977725E-4
3.0220737E-4
2.9322444E-4
2.6673067E-4
2.219736E-4
1.6269156E-4
1.039037E-4
9.861061E-5
1.6634073E-4
2.5398794E-4
3.399488E-4
4.1587555E-4
4.772177E-4
5.216001E-4
5.482868E-4
5.577209E-4
5.5102754E-4
5.2956276E-4
4.9463E-4
4.4745038E-4
3.893859E-4
3.2234183E-4
2.4928388E-4
1.7509026E-4
1.0946702E-4
7.801291E-5
1.01220365E-4
1.4080171E-4
1.7245616E-4
1.9003404E-4
1.9350433E-4
1.8668259E-4
1.7678279E-4
1.7288292E-4
1.8115218E-4
2.0010576E-4
2.2281584E-4
2.424619E-4
2.5511865E-4
2.602397E-4
2.6031805E-4
2.598989E-4
2.6362718E-4
2.737472E-4
2.888242E-4
3.048443E-4
3.174487E-4
3.2359164E-4
3.2217306E-4
3.138949E-4
3.005864E-4
2.8419078E-4
2.6573872E-4
2.4481217E-4
2.1989648E-4
1.8956802E-4
1.542482E-4
1.1897922E-4
9.842618E-5
1.1084212E-4
1.4812229E-4
1.903413E-4
2.2545042E-4
2.468417E-4
2.511953E-4
2.382512E-4
2.1152009E-4
1.8021445E-4
1.6204728E-4
1.7618222E-4
2.2067338E-4
2.78118E-4
3.3459862E-4
3.819649E-4
4.1584412E-4
4.3448518E-4
4.380962E-4
4.2825742E-4
4.07287E-4
3.7759653E-4
3.4115746E-4
2.9922204E-4
2.5238027E-4
2.0090454E-4
1.4521158E-4
8.624976E-5
2.6011297E-5
3.6245034E-5
9.424137E-5
1.4851156E-4
1.9784487E-4
2.4227954E-4
2.8277977E-4
3.2067735E-4
3.5684177E-4
3.9092236E-4
4.210414E-4
4.4407477E-4
4.5635752E-4
4.545366E-4
4.3635606E-4
4.0127206E-4
3.508924E-4
2.893415E-4
2.2387871E-4
1.6649633E-4
1.3513325E-4
1.3929902E-4
1.6062938E-4
1.7699093E-4
1.778218E-4
1.6108496E-4
1.324226E-4
1.1048129E-4
1.256349E-4
1.7692185E-4
2.3911342E-4
2.9529075E-4
3.353455E-4
3.5291642E-4
3.4472535E-4
3.105736E-4
2.5351884E-4
1.8075963E-4
1.0990788E-4
9.715341E-5
1.614474E-4
2.3991601E-4
3.0941627E-4
3.6289758E-4
3.9838973E-4
4.170402E-4
4.2208706E-4
4.1758714E-4
4.0686692E-4
3.911852E-4
3.6931428E-4
3.3834562E-4
2.9528115E-4
2.3869718E-4
1.7037135E-4
9.973847E-5
7.305907E-5
1.3159006E-4
2.0777284E-4
2.753805E-4
3.258133E-4
3.5505326E-4
3.6249493E-4
3.5103463E-4
3.2719393E-4
3.0078305E-4
2.8292002E-4
2.809819E-4
2.9354857E-4
3.122426E-4
3.2824723E-4
3.3631182E-4
3.3541064E-4
3.27857E-4
3.175978E-4
3.0788328E-4
2.9910277E-4
2.8818898E-4
2.7005907E-4
2.3988668E-4
1.948389E-4
1.3495144E-4
6.4209366E-5
3.2932556E-5
1.0824698E-4
1.8579775E-4
2.5330394E-4
3.0552738E-4
3.3982372E-4
3.5638013E-4
3.5836012E-4
3.5153E-4
3.4295957E-4
3.3853544E-4
3.4016298E-4
3.4488877E-4
3.4689854E-4
3.4053088E-4
3.2234433E-4
2.9195816E-4
2.5219642E-4
2.0902927E-4
1.7141913E-4
1.4952071E-4
1.4765435E-4
1.5887478E-4
1.730429E-4
1.8493428E-4
1.9448713E-4
2.0418821E-4
2.1597119E-4
2.2893367E-4
2.3922032E-4
2.4168113E-4
2.3178352E-4
2.0702908E-4
1.6821283E-4
1.2236049E-4
9.395239E-5
1.21099954E-4
1.850492E-4
2.5566007E-4
3.1995375E-4
3.713543E-4
4.064325E-4
4.242791E-4
4.2623826E-4
4.154813E-4
3.9626937E-4
3.7288942E-4
3.4844116E-4
3.239309E-4
2.98217E-4
2.689187E-4
2.337483E-4
1.915637E-4
1.4282356E-4
8.960559E-5
3.682418E-5
3.2213447E-5
8.1419894E-5
1.3096367E-4
1.7857148E-4
2.2568597E-4
2.7410986E-4
3.2456475E-4
3.7584742E-4
4.248083E-4
4.6697824E-4
4.9746165E-4
5.118053E-4
5.067043E-4
4.80496E-4
4.3343022E-4
3.6773045E-4
2.8750068E-4
1.9869578E-4
1.10533205E-4
5.4904383E-5
9.6990574E-5
1.5951501E-4
2.0911964E-4
2.4015352E-4
2.514606E-4
2.4427954E-4
2.2187055E-4
1.8955006E-4
1.5532543E-4
1.3108282E-4
1.29467E-4
1.5088519E-4
1.838652E-4
2.1884152E-4
2.5111128E-4
2.7880832E-4
3.0139668E-4
3.1886325E-4
3.3130686E-4
3.3877793E-4
3.4127178E-4
0.0
0.0
0.0
0.0
0.0
0.0
0.0
0.0
0.0
0.0
0.0
0.0
0.0
0.0
0.0
0.0
0.0
0.0
0.0
0.0
0.0
0.0
0.0
0.0
0.0
0.0
0.0
0.0
0.0
0.0
0.0
0.0
0.0
0.0
0.0
0.0
0.0
0.0
0.0
0.0
0.0
0.0
0.0
0.0
0.0
0.0
0.0
0.0
0.0
0.0
0.0
0.0
0.0
0.0
0.0
0.0
0.0
0.0
0.0
0.0
0.0
0.0
0.0
0.0
0.0
0.0
0.0
0.0
0.0
0.0
0.0
0.0
0.0
0.0
0.0
0.0
0.0
0.0
0.0
0.0
0.0
0.0
0.0
0.0
0.0
0.0
0.0
0.0
0.0
0.0
0.0
0.0
0.0
0.0
0.0
0.0
0.0
0.0
0.0
0.0
0.0
0.0
0.0
0.0
0.0
0.0
0.0
0.0
0.0
0.0
0.0
0.0
0.0
0.0
0.0
0.0
0.0
0.0
0.0
0.0
0.0
0.0
0.0
0.0
0.0
0.0
0.0
0.0
0.0
0.0
0.0
0.0
0.0
0.0
0.0
0.0
0.0
0.0
0.0
0.0
0.0
0.0
0.0
0.0
0.0
0.0
0.0
0.0
0.0
0.0
0.0
0.0
0.0
0.0
0.0
0.0
0.0
0.0
0.0
0.0
0.0
0.0
0.0
0.0
0.0
0.0
0.0
0.0
0.0
0.0
0.0
0.0
0.0
0.0
0.0
0.0
0.0
0.0
0.0
0.0
0.0
0.0
0.0
0.0
0.0
0.0
0.0
0.0
0.0
0.0
0.0
0.0
0.0
0.0
0.0
0.0
0.0
0.0
0.0
0.0
0.0
0.0
0.0
0.0
0.0
0.0
0.0
0.0
0.0
0.0
0.0
0.0
0.0
0.0
0.0
0.0
0.0
0.0
0.0
0.0
0.0
0.0
0.0
0.0
0.0
0.0
0.0
0.0
0.0
0.0
0.0
0.0
0.0
0.0
0.0
0.0
0.0
0.0
0.0
0.0
0.0
0.0
0.0
0.0
0.0
0.0
0.0
0.0
0.0
0.0
0.0
0.0
0.0
0.0
0.0
0.0
0.0
0.0
0.0
0.0
0.0
0.0
0.0
0.0
0.0
0.0
0.0
0.0
0.0
0.0
0.0
0.0
0.0
0.0
0.0
0.0
0.0
0.0
0.0
0.0
0.0
0.0
0.0
0.0
0.0
0.0
0.0
0.0
0.0
0.0
0.0
0.0
0.0
0.0
0.0
0.0
0.0
0.0
0.0
0.0
0.0
0.0
0.0
0.0
0.0
0.0
0.0
0.0
0.0
0.0
0.0
0.0
0.0
0.0
0.0
0.0
0.0
0.0
0.0
0.0
0.0
0.0
0.0
0.0
0.0
0.0
0.0
0.0
0.0
0.0
0.0
0.0
0.0
0.0
0.0
0.0
0.0
0.0
0.0
0.0
0.0
0.0
0.0
0.0
0.0
0.0
0.0
0.0
0.0
0.0
0.0
0.0
0.0
0.0
0.0
0.0
0.0
0.0
0.0
0.0
0.0
0.0
0.0
0.0
0.0
0.0
0.0
0.0
0.0
0.0
0.0
0.0
0.0
0.0
0.0
0.0
0.0
0.0
0.0
0.0
0.0
0.0
0.0
0.0
0.0
0.0
0.0
0.0
0.0
0.0
0.0
0.0
0.0
0.0
0.0
0.0
0.0
0.0
0.0
0.0
0.0
0.0
0.0
0.0
0.0
0.0
0.0
0.0
0.0
0.0
0.0
0.0
0.0
0.0
0.0
0.0
0.0
0.0
0.0
0.0
0.0
0.0
0.0
0.0
0.0
0.0
0.0
0.0
0.0
0.0
0.0
0.0
0.0
0.0
0.0
0.0
0.0
0.0
0.0
0.0
0.0
0.0
0.0
0.0
0.0
0.0
0.0
0.0
0.0
0.0
0.0
0.0
0.0
0.0
0.0
0.0
0.0
0.0
0.0
0.0
0.0
0.0
0.0
0.0
0.0
0.0
0.0
0.0
0.0
0.0
0.0
0.0
0.0
0.0
0.0
0.0
0.0
0.0
0.0
0.0
0.0
0.0
0.0
0.0
0.0
0.0
0.0
0.0
0.0
0.0
0.0
0.0
0.0
0.0
0.0
0.0
0.0
0.0
0.0
0.0
0.0
0.0
0.0
0.0
0.0
0.0
0.0
0.0
0.0
0.0
0.0
0.0
0.0
0.0
0.0
0.0
0.0
0.0
0.0
0.0
0.0
0.0
0.0
0.0
0.0
0.0
0.0
0.0
0.0
0.0
0.0
0.0
0.0
0.0
0.0
0.0
0.0
0.0
0.0
0.0
0.0
0.0
0.0
0.0
0.0
0.0
0.0
0.0
0.0
0.0
0.0
0.0
0.0
0.0
0.0
0.0
0.0
0.0
0.0
0.0
0.0
0.0
0.0
0.0
0.0
0.0
0.0
0.0
0.0
0.0
0.0
0.0
0.0
0.0
0.0
0.0
0.0
0.0
0.0
0.0
0.0
0.0
0.0
0.0
0.0
0.0
0.0
0.0
0.0
0.0
0.0
0.0
0.0
0.0
0.0
0.0
0.0
0.0
0.0
0.0
0.0
0.0
0.0
0.0
0.0
0.0
0.0
0.0
0.0
0.0
0.0
0.0
0.0
0.0
0.0
0.0
0.0
0.0
0.0
0.0
0.0
0.0
0.0
0.0
0.0
0.0
0.0
0.0
0.0
0.0
0.0
0.0
0.0
0.0
0.0
0.0
0.0
0.0
0.0
0.0
0.0
0.0
0.0
0.0
0.0
0.0
0.0
0.0
0.0
0.0
0.0
0.0
0.0
0.0
0.0
0.0
0.0
0.0
0.0
0.0
0.0
0.0
0.0
0.0
0.0
0.0
0.0
0.0
0.0
0.0
0.0
0.0
0.0
0.0
0.0
0.0
0.0
0.0
0.0
0.0
0.0
0.0
0.0
0.0
0.0
0.0
0.0
0.0
0.0
0.0
0.0
0.0
0.0
0.0
0.0
0.0
0.0
0.0
0.0
0.0
0.0
0.0
0.0
0.0
0.0
0.0
0.0
0.0
0.0
0.0
0.0
0.0
0.0
0.0
0.0
0.0
0.0
0.0
0.0
0.0
0.0
0.0
0.0
0.0
0.0
0.0
0.0
0.0
0.0
0.0
0.0
0.0
0.0
0.0
0.0
0.0
0.0
0.0
0.0
0.0
0.0
0.0
0.0
0.0
0.0
0.0
0.0
0.0
0.0
0.0
0.0
0.0
0.0
0.0
0.0
0.0
0.0
0.0
0.0
0.0
0.0
0.0
0.0
0.0
0.0
0.0
0.0
0.0
0.0
0.0
0.0
0.0
0.0
0.0
0.0
0.0
0.0
0.0
0.0
0.0
0.0
0.0
0.0
0.0
0.0
0.0
0.0
0.0
0.0
0.0
0.0
0.0
0.0
0.0
0.0
0.0
0.0
0.0
0.0
0.0
0.0
0.0
0.0
0.0
0.0
0.0
0.0
0.0
0.0
0.0
0.0
0.0
0.0
0.0
0.0
0.0
0.0
0.0
0.0
0.0
0.0
0.0
0.0
0.0
0.0
0.0
0.0
0.0
0.0
0.0
0.0
0.0
0.0
0.0
0.0
0.0
0.0
0.0
0.0
0.0
0.0
0.0
0.0
0.0
0.0
0.0
0.0
0.0
0.0
0.0
0.0
0.0
0.0
0.0
0.0
0.0
0.0
0.0
0.0
0.0
0.0
0.0
0.0
0.0
0.0
0.0
0.0
0.0
0.0
0.0
0.0
0.0
0.0
0.0
0.0
0.0
0.0
0.0
0.0
0.0
0.0
0.0
0.0
0.0
0.0
0.0
0.0
0.0
0.0
0.0
0.0
0.0
0.0
0.0
0.0
0.0
0.0
0.0
0.0
0.0
0.0
0.0
0.0
0.0
0.0
0.0
0.0
0.0
0.0
0.0
0.0
0.0
0.0
0.0
0.0
0.0
0.0
0.0
0.0
0.0
0.0
0.0
0.0
0.0
0.0
0.0
0.0
0.0
0.0
0.0
0.0
0.0
0.0
0.0
0.0
0.0
0.0
0.0
0.0
0.0
0.0
0.0
0.0
0.0
0.0
0.0
0.0
0.0
0.0
0.0
0.0
0.0
0.0
0.0
0.0
0.0
0.0
0.0
0.0
0.0
0.0
0.0
0.0
0.0
0.0
0.0
0.0
0.0
0.0
0.0
0.0
0.0
0.0
0.0
0.0
0.0
0.0
0.0
0.0
0.0
0.0
0.0
0.0
0.0
0.0
0.0
0.0
0.0
0.0
0.0
0.0
0.0
0.0
0.0
0.0
0.0
0.0
0.0
0.0
0.0
0.0
0.0
0.0
0.0
0.0
0.0
0.0
0.0
0.0
0.0
0.0
0.0
0.0
0.0
0.0
0.0
0.0
0.0
0.0
0.0
0.0
0.0
0.0
0.0
0.0
0.0
0.0
0.0
0.0
0.0
0.0
0.0
0.0
0.0
0.0
0.0
0.0
0.0
0.0
0.0
0.0
0.0
0.0
0.0
0.0
0.0
0.0
0.0
0.0
0.0
0.0
0.0
0.0
0.0
0.0
0.0
0.0
0.0
0.0
0.0
0.0
0.0
0.0
0.0
0.0
0.0
0.0
0.0
0.0
0.0
0.0
0.0
0.0
0.0
0.0
0.0
0.0
0.0
0.0
0.0
0.0
0.0
0.0
0.0
0.0
0.0
0.0
0.0
0.0
0.0
0.0
0.0
0.0
0.0
0.0
0.0
0.0
0.0
0.0
0.0
0.0
0.0
0.0
0.0
0.0
0.0
0.0
0.0
0.0
0.0
0.0
0.0
0.0
0.0
0.0
0.0
0.0
0.0
0.0
0.0
0.0
0.0
0.0
0.0
0.0
0.0
0.0
0.0
0.0
0.0
0.0
0.0
0.0
0.0
0.0
0.0
0.0
0.0
0.0
0.0
0.0
0.0
0.0
0.0
0.0
0.0
0.0
0.0
0.0
0.0
0.0
0.0
0.0
0.0
0.0
0.0
0.0
0.0
0.0
0.0
0.0
0.0
0.0
0.0
0.0
0.0
0.0
0.0
0.0
0.0
0.0
0.0
0.0
0.0
0.0
0.0
0.0
0.0
0.0
0.0
0.0
0.0
0.0
0.0
0.0
0.0
0.0
0.0
0.0
0.0
0.0
0.0
0.0
0.0
0.0
0.0
0.0
0.0
0.0
0.0
0.0
0.0
0.0
0.0
0.0
0.0
0.0
0.0
0.0
0.0
0.0
0.0
0.0
0.0
0.0
0.0
0.0
0.0
0.0
0.0
0.0
0.0
0.0
0.0
0.0
0.0
0.0
0.0
0.0
0.0
0.0
0.0
0.0
0.0
0.0
0.0
0.0
0.0
0.0
0.0
0.0
0.0
0.0
0.0
0.0
0.0
0.0
0.0
0.0
0.0
0.0
0.0
0.0
0.0
0.0
0.0
0.0
0.0
0.0
0.0
0.0
0.0
0.0
0.0
0.0
0.0
0.0
0.0
0.0
0.0
0.0
0.0
0.0
0.0
0.0
0.0
0.0
0.0
0.0
0.0
0.0
0.0
0.0
0.0
0.0
0.0
0.0
0.0
0.0
0.0
0.0
0.0
0.0
0.0
0.0
0.0
0.0
0.0
0.0
0.0
0.0
0.0
0.0
0.0
0.0
0.0
0.0
0.0
0.0
0.0
0.0
0.0
0.0
0.0
0.0
0.0
0.0
0.0
0.0
0.0
0.0
0.0
0.0
0.0
0.0
0.0
0.0
0.0
0.0
0.0
0.0
0.0
0.0
0.0
0.0
0.0
0.0
0.0
0.0
0.0
0.0
0.0
0.0
0.0
0.0
0.0
0.0
0.0
0.0
0.0
0.0
0.0
0.0
0.0
0.0
0.0
0.0
0.0
0.0
0.0
0.0
0.0
0.0
0.0
0.0
0.0
0.0
0.0
0.0
0.0
0.0
0.0
0.0
0.0
0.0
0.0
0.0
0.0
0.0
0.0
0.0
0.0
0.0
0.0
0.0
0.0
0.0
0.0
0.0
0.0
0.0
0.0
0.0
0.0
0.0
0.0
0.0
0.0
0.0
0.0
0.0
0.0
0.0
0.0
0.0
0.0
0.0
0.0
0.0
0.0
0.0
0.0
0.0
0.0
0.0
0.0
0.0
0.0
0.0
0.0
0.0
0.0
0.0
0.0
0.0
0.0
0.0
0.0
0.0
0.0
0.0
0.0
0.0
0.0
0.0
0.0
0.0
0.0
0.0
0.0
0.0
0.0
0.0
0.0
0.0
0.0
0.0
0.0
0.0
0.0
0.0
0.0
0.0
0.0
0.0
0.0
0.0
0.0
0.0
0.0
0.0
0.0
0.0
0.0
0.0
0.0
0.0
0.0
0.0
0.0
0.0
0.0
0.0
0.0
0.0
0.0
0.0
0.0
0.0
0.0
0.0
0.0
0.0
0.0
0.0
0.0
0.0
0.0
0.0
0.0
0.0
0.0
0.0
0.0
0.0
0.0
0.0
0.0
0.0
0.0
0.0
0.0
0.0
0.0
0.0
0.0
0.0
0.0
0.0
0.0
0.0
0.0
0.0
0.0
0.0
0.0
0.0
0.0
0.0
0.0
0.0
0.0
0.0
0.0
0.0
0.0
0.0
0.0
0.0
0.0
0.0
0.0
0.0
0.0
0.0
-4.4548558E-4
-4.4383353E-4
-4.42184E-4
-4.4053706E-4
-4.3889263E-4
-4.372508E-4
-4.356115E-4
-4.3397478E-4
-4.3234063E-4
-4.3070907E-4
-4.2908007E-4
-4.2745366E-4
-4.2582984E-4
-4.242086E-4
-4.2258998E-4
-4.2097393E-4
-4.1936047E-4
-4.1774963E-4
-4.161414E-4
-4.1453578E-4
-4.129328E-4
-4.113324E-4
-4.0973467E-4
-4.0813952E-4
-4.0654704E-4
-4.0495716E-4
-4.0336995E-4
-4.0178536E-4
-4.0020343E-4
-3.9862416E-4
-3.9704752E-4
-3.9547356E-4
-3.9390224E-4
-3.923336E-4
-3.9076761E-4
-3.8920433E-4
-3.876437E-4
-3.8608574E-4
-3.845305E-4
-3.8297792E-4
-3.8142802E-4
-3.7988083E-4
-3.7833632E-4
-3.7679455E-4
-3.7525545E-4
-3.737191E-4
-3.721854E-4
-3.7065445E-4
-3.6912624E-4
-3.6760073E-4
-3.6607796E-4
-3.645579E-4
-3.630406E-4
-3.61526E-4
-3.6001418E-4
-3.585051E-4
-3.5699873E-4
-3.5549514E-4
-3.539943E-4
-3.5249625E-4
-3.5100093E-4
-3.495084E-4
-3.480186E-4
-3.465316E-4
-3.450474E-4
-3.4356592E-4
-3.4208727E-4
-3.4061138E-4
-3.391383E-4
-3.37668E-4
-3.3620052E-4
-3.347358E-4
-3.3327393E-4
-3.3181484E-4
-3.3035857E-4
-3.2890512E-4
-3.2745447E-4
-3.2600667E-4
-3.2456167E-4
-3.2311952E-4
-3.2168019E-4
-3.2024368E-4
-3.1881002E-4
-3.1737922E-4
-3.1595124E-4
-3.145261E-4
-3.1310384E-4
-3.1168445E-4
-3.1026787E-4
-3.0885419E-4
-3.0744335E-4
-3.060354E-4
-3.0463032E-4
-3.032281E-4
-3.0182875E-4
-3.004323E-4
-2.9903874E-4
-2.9764805E-4
-2.9626026E-4
-2.9487538E-4
-2.934934E-4
-2.921143E-4
-2.907381E-4
-2.8936483E-4
-2.8799445E-4
-2.86627E-4
-2.8526245E-4
-2.8390085E-4
-2.8254214E-4
-2.811864E-4
-2.7983356E-4
-2.7848364E-4
-2.7713669E-4
-2.7579267E-4
-2.7445157E-4
-2.7311343E-4
-2.7177826E-4
-2.7044603E-4
-2.6911675E-4
-2.6779043E-4
-2.6646708E-4
-2.651467E-4
-2.6382925E-4
-2.625148E-4
-2.6120333E-4
-2.5989482E-4
-2.585893E-4
-2.5728677E-4
-2.5598722E-4
-2.5469068E-4
-2.533971E-4
-2.5210652E-4
-2.5081896E-4
-2.4953438E-4
-2.4825282E-4
-2.4697426E-4
-2.4569873E-4
-2.444262E-4
-2.4315667E-4
-2.4189017E-4
-2.406267E-4
-2.3936626E-4
-2.3810883E-4
-2.3685445E-4
-2.3560309E-4
-2.3435478E-4
-2.3310952E-4
-2.3186728E-4
-2.306281E-4
0.0
0.0
0.0
0.0
0.0
0.0
0.0
0.0
0.0
0.0
0.0
0.0
0.0
0.0
0.0
0.0
0.0
0.0
0.0
0.0
0.0
0.0
0.0
0.0
0.0
0.0
0.0
0.0
0.0
0.0
0.0
0.0
0.0
0.0
0.0
0.0
0.0
0.0
0.0
0.0
0.0
0.0
0.0
0.0
0.0
0.0
0.0
0.0
0.0
0.0
0.0
0.0
0.0
0.0
0.0
0.0
0.0
1.6406442E-4
1.630099E-4
1.6195858E-4
1.6091048E-4
1.598656E-4
1.5882392E-4
1.5778546E-4
1.5675023E-4
1.5571823E-4
1.5468943E-4
1.5366387E-4
1.5264156E-4
1.5162246E-4
1.506066E-4
1.4959398E-4
1.485846E-4
1.4757847E-4
1.4657558E-4
1.4557593E-4
1.4457954E-4
1.435864E-4
1.425965E-4
1.4160988E-4
1.4062651E-4
1.3964639E-4
1.3866955E-4
1.3769597E-4
1.3672565E-4
1.3575862E-4
1.3479484E-4
1.3383434E-4
1.3287713E-4
1.3192318E-4
1.3097253E-4
1.3002516E-4
1.2908108E-4
1.2814028E-4
1.2720277E-4
1.2626855E-4
2.5067528E-4
2.4882003E-4
2.4697138E-4
2.4512934E-4
2.4329392E-4
2.414651E-4
2.3964289E-4
2.3782732E-4
2.3601836E-4
2.3421603E-4
2.3242034E-4
2.3063127E-4
2.2884886E-4
2.2707309E-4
2.2530397E-4
2.235415E-4
2.217857E-4
2.2003656E-4
2.1829408E-4
2.1655827E-4
2.1482914E-4
2.1310669E-4
2.1139091E-4
2.0968184E-4
2.0797944E-4
2.0628374E-4
2.0459475E-4
2.0291246E-4
2.0123686E-4
1.9956799E-4
1.9790583E-4
1.9625039E-4
1.9460167E-4
1.9295968E-4
1.9132442E-4
1.8969589E-4
2.8211114E-4
2.7968857E-4
2.7727612E-4
2.748738E-4
2.7248161E-4
2.7009955E-4
2.6772762E-4
2.6536584E-4
2.6301423E-4
2.6067276E-4
2.5834146E-4
2.5602034E-4
2.5370938E-4
2.514086E-4
2.4911802E-4
2.4683762E-4
2.445674E-4
2.423074E-4
2.400576E-4
2.3781802E-4
2.3558867E-4
2.3336952E-4
2.3116061E-4
2.2896192E-4
2.2677348E-4
2.2459528E-4
2.2242732E-4
2.2026962E-4
2.1812218E-4
2.1598501E-4
2.8514414E-4
2.8232194E-4
2.7951348E-4
2.7671873E-4
2.7393768E-4
2.7117034E-4
2.6841677E-4
2.656769E-4
2.629508E-4
2.6023845E-4
2.5753985E-4
2.5485503E-4
2.5218393E-4
2.4952667E-4
2.4688314E-4
2.4425343E-4
2.416375E-4
2.3903538E-4
2.3644706E-4
2.3387256E-4
2.3131187E-4
2.2876501E-4
2.2623198E-4
2.7964098E-4
2.765093E-4
2.7339492E-4
2.7029787E-4
2.6721813E-4
2.6415574E-4
2.6111066E-4
2.5808296E-4
2.550726E-4
2.520796E-4
2.49104E-4
2.4614573E-4
2.4320486E-4
2.4028138E-4
2.373753E-4
2.3448662E-4
2.3161536E-4
2.2876149E-4
2.2592506E-4
2.2310606E-4
2.643654E-4
2.6102446E-4
2.5770447E-4
2.544054E-4
2.511273E-4
2.4787016E-4
2.44634E-4
2.414188E-4
2.382246E-4
2.350514E-4
2.3189919E-4
2.28768E-4
2.2565782E-4
2.2256865E-4
2.1950052E-4
2.1645344E-4
2.1342738E-4
2.104224E-4
2.0743845E-4
2.0447558E-4
2.015338E-4
1.9861307E-4
1.9571344E-4
1.9283491E-4
1.8997747E-4
1.8714114E-4
2.1504692E-4
2.1178715E-4
2.0855201E-4
2.0534154E-4
2.0215573E-4
1.9899459E-4
1.9585813E-4
1.9274636E-4
1.8965927E-4
1.865969E-4
1.8355923E-4
1.8054627E-4
1.7755803E-4
1.7459452E-4
1.7165575E-4
1.6874172E-4
1.6585244E-4
1.6298791E-4
1.6014816E-4
1.5733317E-4
1.5454295E-4
1.5177752E-4
1.4903689E-4
1.4632104E-4
1.4363E-4
1.2082608E-4
1.18562006E-4
1.1631921E-4
1.1409769E-4
1.11897454E-4
1.09718516E-4
1.0756087E-4
1.0542452E-4
1.0330949E-4
1.0121576E-4
9.914335E-5
9.709226E-5
9.5062496E-5
9.305406E-5
9.106697E-5
8.910121E-5
8.71568E-5
8.523373E-5
8.333202E-5
6.78764E-5
6.632724E-5
6.479589E-5
6.328234E-5
6.178662E-5
6.0308703E-5
7.0618335E-5
6.888761E-5
6.717828E-5
6.549034E-5
6.382381E-5
5.181557E-5
5.0462466E-5
4.9127208E-5
4.7809794E-5
4.651023E-5
4.5228524E-5
4.396467E-5
4.271867E-5
4.1490537E-5
3.2224216E-5
3.127029E-5
3.0330666E-5
2.9405337E-5
2.849431E-5
2.7597585E-5
-6.678791E-6
-6.4617625E-6
-1.2496623E-5
-1.20768755E-5
-1.1664285E-5
-1.1258851E-5
-2.1721153E-5
-2.0938922E-5
-2.017101E-5
-2.4271776E-5
-2.3347693E-5
-2.2441518E-5
-1.7242603E-5
-1.6546319E-5
-1.5864367E-5
-1.8995932E-5
-1.454346E-5
-1.7380635E-5
-1.991984E-5
-1.5837022E-5
-1.8110522E-5
-1.4365109E-5
-1.0924834E-5
-1.815087E-5
-1.4750043E-5
-1.6291006E-5
-1.5398733E-5
-1.45315735E-5
-1.3689525E-5
-1.28725915E-5
-1.035495E-5
-1.1314077E-5
-1.2082855E-5
-8.448036E-6
-9.16471E-6
-8.498502E-6
-7.857421E-6
-8.275965E-6
-7.6007395E-6
-6.954235E-6
-7.1285103E-6
-5.7473962E-6
-5.835448E-6
-5.237393E-6
-4.6716573E-6
-4.1382423E-6
-3.6371491E-6
-3.5204212E-6
-3.0354813E-6
-2.845104E-6
-2.3906885E-6
-1.9757838E-6
-1.7458809E-6
-1.2645105E-6
-1.1441699E-6
-7.7595394E-7
-5.3885805E-7
-3.4486976E-7
-1.9398951E-7
-9.340245E-8
-2.3350626E-8
-0.0
