0.0036179377
0.2946378
0.892143
1.2620864
1.269744
2.6027105
0.99150884
2.1631794
5.780793
3.677147
1.3929753
1.5900997
0.5467321
1.1184037
0.5330239
0.50544304
0.3668244
0.6522111
0.7641426
0.665241
0.37041813
0.54539055
0.5426637
0.56575346
0.33528614
0.014927391
0.37847704
0.7386498
0.6280351
0.1865647
0.31346852
0.3153266
0.15858656
0.3320253
0.107184336
0.44518864
0.45845228
0.4086928
0.18581192
0.10151766
0.38469407
0.39487618
0.35295764
0.19971167
0.07162163
0.10431456
0.018032
0.20848252
0.20105767
0.16363479
0.12533373
0.15423056
0.3663715
0.640089
0.53587705
0.14503562
0.20757294
0.22468945
0.2599108
0.4896044
0.21420786
0.4447062
0.7884915
1.0084336
0.31321675
0.22361085
0.35020405
0.3041167
0.46686065
0.39492047
0.6602555
0.51803863
0.19369237
0.13309696
0.070859075
0.4480497
0.34764937
0.21699458
0.27140063
0.4168233
0.24625555
0.20570177
0.1504928
0.05828093
0.22509949
0.17999507
0.06615747
0.28862968
0.29805142
0.3564437
0.3407518
0.11210724
0.100835904
0.08859185
0.05867639
0.1652455
0.12747253
0.17234826
0.2361256
0.22790366
0.21442316
0.1585691
0.18934259
0.16121952
0.1116209
0.3495025
0.3312484
0.15040435
0.12441581
0.15835762
0.48806515
0.3458789
0.09443515
0.34149173
0.3186411
0.11335331
0.20896837
0.41806886
0.208881
0.2876056
0.21177378
0.16075608
0.2915257
0.21720812
0.068784975
0.51284784
0.5779149
0.38400084
0.1602497
0.16594301
0.25668183
0.19796608
0.40936172
0.43847245
0.44427165
0.44181558
0.36491218
0.31957927
0.3818891
0.7350875
1.0893546
1.5767205
2.1039026
1.5234692
0.5718741
0.22071315
0.061698686
0.12670247
0.15426046
0.16196577
0.19197896
0.017339189
0.1244157
0.06414795
0.18831438
0.266629
0.22477913
0.14222687
0.08111363
0.3151452
0.42995164
0.4162368
0.32225502
0.18014544
0.19703147
0.15878229
0.06635339
0.15546939
0.12358759
0.03780489
0.08399512
0.04045514
0.13223974
0.16843124
0.099562235
0.06848418
0.17625323
0.21156365
0.035543174
0.23037048
0.2652134
0.26774332
0.14611806
0.08804709
0.17386222
0.10200159
0.092718214
0.16944805
0.12098669
0.15755391
0.020502755
0.11091756
0.13472007
0.31150228
0.23446634
0.017310226
0.15374602
0.16220437
0.070953876
0.105123475
0.104137406
0.13899206
0.121141836
0.02414777
0.057466045
0.063310094
0.090768084
0.22867301
0.1403758
0.10916509
0.104415596
0.1814782
0.1421571
0.10435001
0.07729523
0.19925599
0.20350634
0.16181387
0.065371394
0.077359505
0.094732285
0.102365695
0.10709761
0.18813163
0.1350914
0.14422888
0.12162623
0.15768191
0.21930347
0.061068825
0.20636572
0.14963958
0.068612516
0.14878994
0.13066983
0.08215472
0.059063364
0.0627172
0.06986049
0.14197287
0.122325994
0.18223721
0.14534256
0.10900899
0.10677877
0.2534568
0.093399554
0.19310865
0.17230512
0.096489914
0.22169824
0.10175472
0.19205455
0.17972884
0.049198154
0.089735806
0.14697707
0.19953603
0.04938184
0.16423625
0.08834897
0.019716067
0.067767404
0.08155244
0.10647473
0.25212196
0.32058707
0.22284955
0.15959984
0.17276362
0.11174274
0.20632951
0.21434577
0.1609879
0.23576279
0.46104825
0.31329829
0.12632275
0.07739115
0.17473307
0.14993016
0.15217236
0.7696403
0.6141605
0.29901087
0.30779916
0.43496004
0.88247335
0.46785375
0.09416488
0.094286926
0.12708846
0.22043665
0.15603986
0.14224708
0.15335171
0.17024381
0.13731666
0.14665417
0.28704363
0.4011919
0.27321732
0.10244501
0.08292355
0.11951934
0.07019175
0.03209415
0.10148199
0.07709509
0.14237124
0.27116457
0.16485341
0.045888092
0.032244254
0.07376788
0.11305562
0.116826296
0.21191731
0.05436502
0.18799958
0.21066678
0.13786353
0.13998494
0.070441976
0.0623596
0.02832564
0.1369624
0.1541821
0.05317014
0.07048305
0.13697067
0.11492932
0.027798666
0.07839712
0.085379526
0.13454235
0.09538994
0.09832747
0.1227715
0.1181835
0.07129145
0.097194985
0.06849984
0.0444637
0.09315896
0.11652589
0.049846847
0.09336336
0.06093358
0.13436952
0.10249399
0.04266832
0.04106744
0.07364704
0.14550897
0.18526001
0.15885569
0.078334875
0.08172895
0.15428008
0.08024235
0.060502708
0.13597012
0.1471319
0.034807842
0.09086542
0.050415818
0.12347204
0.14295422
0.13985197
0.2326959
0.15799136
0.032685302
0.16669384
0.12893826
0.10001986
0.16714816
0.095032945
0.095663704
0.27768844
0.20211112
0.09043759
0.36643395
0.53623366
0.25976297
0.5050318
0.38819674
0.32339764
0.24862869
0.36743486
0.18377835
0.12821777
0.05906717
0.06418502
0.08469953
0.1269621
0.05373659
0.05350952
0.10592824
0.19291197
0.17713265
0.09264977
0.057620194
0.08669458
0.1788469
0.22603595
0.124406345
0.039561115
0.03105298
0.066586666
0.16991504
0.2816837
0.1819588
0.1692852
0.16176468
0.09281887
0.15359263
0.27314165
0.1794478
0.10600371
0.10559394
0.0449044
0.11832601
0.17223161
0.2631166
0.22996294
0.26418528
0.26452076
0.18475273
0.17575677
0.113086514
0.16268876
0.16341358
0.13317987
0.019488053
0.08464494
0.114943385
0.025328338
0.10293964
0.21117142
0.15974002
0.22767128
0.15592448
0.11275235
0.12755749
0.07861605
0.086853564
0.12931272
0.12477293
0.12380078
0.19047646
0.14840376
0.044074148
0.062700436
0.046058282
0.056493264
0.045502212
0.11062707
0.15576397
0.19989768
0.10941008
0.08336569
0.1461864
0.13060413
0.12936372
0.17454025
0.1444122
0.041346036
0.098457
0.08076368
0.10843113
0.22733878
0.18430129
0.063443795
0.014821151
0.017230632
0.026883518
0.049287166
0.0645892
0.12806825
0.14918008
0.17979634
0.1296794
0.041093834
0.0062790257
0.10354588
0.08924369
0.038609836
0.009734701
0.048264667
0.02733402
0.044147823
0.045914643
0.069532566
0.056013566
0.091014765
0.16187866
0.21664327
0.22595507
0.15984495
0.07683666
0.07667095
0.1491501
0.14374332
0.16470747
0.114667185
0.14821199
0.13239872
0.029089516
0.080013655
0.09808991
0.073431164
0.07011285
0.10499283
0.082500786
0.23058783
0.2626145
0.16279267
0.17773566
0.10394092
0.15790612
0.06550262
0.15252626
0.095916435
0.031911593
0.35004133
0.39438283
0.17293069
0.12590751
0.12296092
0.06721583
0.12019988
0.14439559
0.03741593
0.21154027
0.2650573
0.31184256
0.34625718
0.19916907
0.08470402
0.1397533
0.25769177
0.22989126
0.23189917
0.06454149
0.19560939
0.10595097
0.18525797
0.3008077
0.14041264
0.1047558
0.13761066
0.09319266
0.14456984
0.12566067
0.03591308
0.19401221
0.3546302
0.3158984
0.10960049
0.018871602
0.14644864
0.0564112
0.16961467
0.21888432
0.26172513
0.23966506
0.07360538
0.1904886
0.28593895
0.22423375
0.18863766
0.22995538
0.22192614
0.53955156
0.34118843
0.2470392
0.21013017
0.068912335
0.34008792
0.10109453
0.21796782
0.15384272
0.3484275
0.37830123
0.3861292
0.37585777
0.09893125
0.083304495
0.2394909
0.20488544
0.28891703
0.21564518
0.033907123
0.063346185
0.15331027
0.22469406
0.25707975
0.14477952
0.12857762
0.22540736
0.21430923
0.1829136
0.07624226
0.098940074
0.39329308
0.50130534
0.2009267
0.41755697
0.32816103
0.30977395
0.31644574
0.17965132
0.29013404
0.352112
0.38186818
0.43805927
0.3053235
0.08174499
0.016026646
0.15567818
0.2339003
0.35184085
0.3078604
0.1630283
0.1676023
0.36883134
0.24191312
0.3780355
0.70725733
0.48650858
0.3621867
0.60178804
0.53127545
0.58831275
0.29128775
0.18254803
0.21344574
0.37236118
0.49166662
0.21565719
0.40567923
0.5888594
0.25932267
0.1988043
0.14295426
0.23544216
0.4235375
0.35503915
0.26620778
0.22545582
0.24544904
0.3866226
0.32019877
0.07575599
0.1500715
0.26158136
0.26057735
0.080533706
0.15183374
0.16912279
0.23282246
0.29166827
0.10587334
0.21079662
0.214044
0.23667309
0.15605564
0.11042547
0.2267111
0.29823586
0.15447274
0.27766642
0.37360027
0.008110288
0.33652252
0.1930115
0.20617682
0.22148216
0.17134877
0.22473487
0.22732261
0.15828246
0.08085649
0.11817542
0.22151075
0.049928125
0.20018703
0.1593719
0.25069976
0.17985073
0.17668521
0.1277102
0.12292019
0.27021798
0.2637342
0.18324079
0.21126834
0.006849644
0.022585308
0.08311327
0.095853634
0.16007508
0.2958259
0.2411894
0.08942559
0.13314474
0.018580373
0.047989257
0.10872284
0.0793508
0.15666804
0.22578825
0.13147672
0.11313108
0.12821174
0.103367604
0.16330788
0.23882596
0.20873608
0.1048514
0.08180289
0.20301965
0.13469267
0.12276544
0.12323511
0.07362299
0.0369843
0.07248102
0.029544747
0.057430703
0.11108884
0.034885477
0.10099705
0.042495694
0.047572363
0.15826361
0.1713551
0.1715757
0.14512241
0.12443194
0.03911871
0.0519969
0.16567354
0.15994024
0.09739447
0.11764344
0.084532715
0.09413768
0.041732334
0.07559889
0.10510193
0.09610939
0.17236467
0.17971824
0.101681404
0.16575925
0.16660343
0.16304836
0.089561686
0.09826614
0.08146635
0.04764013
0.15072498
0.23985648
0.21925639
0.18446444
0.13283983
0.031114066
0.04226032
0.15227532
0.19764563
0.099358715
0.050632186
0.13216946
0.0978347
0.1463702
0.10813217
0.0369274
0.061998166
0.06704557
0.07254527
0.123932384
0.1538044
0.1614148
0.14155562
0.10916985
0.076132886
0.11309492
0.112698086
0.1634612
0.12027306
0.028506247
0.08251325
0.042852525
0.034878418
0.10649653
0.15670787
0.11723573
0.032599818
0.0944716
0.13132684
0.11800347
0.040637217
0.038056638
0.05218421
0.09755882
0.15217718
0.08138039
0.09538924
0.13306136
0.09003605
0.07892558
0.092928134
0.10376023
0.1324852
0.066975854
0.059161417
0.011756969
0.06033168
0.07602974
0.1339562
0.11217945
0.0942348
0.11569585
0.10381942
0.108548835
0.1082774
0.012393652
0.021069435
0.080469735
0.07658225
0.1397916
0.13292065
0.049252085
0.017469998
0.07912129
0.10300576
0.021739488
0.085585
0.06362461
0.054006144
0.09406303
0.057906806
0.09849666
0.13918424
0.09210404
0.09431611
0.04803493
0.052665748
0.09678337
0.06711753
0.0382641
0.07255482
0.0792966
0.08040834
0.046780355
0.044091865
0.07162817
0.058950998
0.15901291
0.23315507
0.088763304
0.077079356
0.10666121
0.12782627
0.1585219
0.093883984
0.051871613
0.041318767
0.06283242
0.048940446
0.053263128
0.06807864
0.036531515
0.033466622
0.10038186
0.12467736
0.05357381
0.05001051
0.09768832
0.021517705
0.09432867
0.029133838
0.11423047
0.10123886
0.0816523
0.1273903
0.16167127
0.08179593
0.06503196
0.09696678
0.08250986
0.04796886
0.023545068
0.101545945
0.15091132
0.08490127
0.086328916
0.06563047
0.027904395
0.040487174
0.025134005
0.052923813
0.119608946
0.08733099
0.04864079
0.09740247
0.042776998
0.083689176
0.08774764
0.08475951
0.027623853
0.03419934
0.031220734
0.087642536
0.051243994
0.08431136
0.019710373
0.068598494
0.06282935
0.08518692
0.063935086
0.08158616
0.08955662
0.1609555
0.16051151
0.114592016
0.11462367
0.12713733
0.14021064
0.1556313
0.0402885
0.038198933
0.04565613
0.05339269
0.080501854
0.069712766
0.019364359
0.014946912
0.020212447
0.03732061
0.10136247
0.11309832
0.10166776
0.120484926
0.067131706
0.04266893
0.1272962
0.21206883
0.17299989
0.041109405
0.029757697
0.06288784
0.0063708783
0.087355696
0.07630326
0.033551473
0.028189158
0.06875979
0.044923283
0.06595473
0.07741077
0.04856044
0.0646883
0.112477094
0.07183187
0.018702459
0.10291858
0.09303347
0.08673227
0.13837658
0.16042632
0.10932014
0.05810477
0.08882046
0.09040174
0.019188697
0.050371863
0.104832865
0.13496678
0.103467494
0.049809016
0.035085622
0.059588276
0.027666809
0.11800887
0.01452439
0.11144923
0.06494689
0.06464736
0.13226828
0.1370893
0.054299068
0.064611584
0.07916853
0.08016947
0.11168263
0.029700553
0.018741388
0.02925422
0.086683474
0.028916547
0.14603671
0.14922859
0.029033547
0.1531871
0.16196921
0.10889121
0.058579393
0.08537157
0.1175253
0.09450825
0.07397944
0.05737471
0.106113486
0.14828701
0.087634504
0.11934974
0.1485769
0.027417691
0.01496462
0.01689176
0.09024259
0.099589184
0.04465355
0.021330457
0.027675655
0.008755803
0.035807844
0.058447085
0.01805167
0.042245362
0.056948133
0.07336476
0.1409685
0.14820874
0.17252041
0.13671516
0.10183661
0.016854847
0.18106368
0.105700836
0.07187555
0.14858879
0.07161398
0.13139886
0.25219944
0.30869967
0.25349063
0.25783545
0.18974537
0.04684112
0.029096292
0.07069404
0.11659819
0.013385449
0.08742376
0.050001107
0.064633876
0.09708133
0.014888647
0.03495823
0.123420484
0.13715233
0.0058954475
0.093465656
0.084629685
0.01582135
0.091245316
0.08948552
0.043027025
0.08362077
0.039496854
0.095930435
0.17704035
0.11241007
0.03267463
0.04325094
0.08750132
0.08661775
0.118838534
0.016546275
0.099747024
0.06501025
0.07362436
0.13498522
0.12534666
0.16970058
0.07674977
0.03704687
0.1007798
0.13250192
0.09966191
0.155122
0.1798501
0.10421726
0.039330434
0.07211108
0.09020425
0.050936367
0.035621945
0.03743572
0.05456265
0.016655875
0.08357053
0.045724444
0.05522309
0.044526894
0.060052197
0.10063139
0.086610615
0.03969088
0.011579636
0.08645253
0.10188039
0.12608132
0.25035405
0.15832846
0.05187467
0.12444494
0.08834691
0.122612976
0.05371402
0.12940183
0.07240139
0.097483054
0.0933517
0.06653188
0.09311403
0.12907818
0.0824459
0.013000601
0.0684239
0.08393963
0.11105698
0.1237016
0.03816547
0.11782175
0.06458118
0.05099527
0.041238103
0.13783188
0.21029735
0.083423704
0.0421893
0.029423794
0.13492881
0.19904478
0.13912717
0.10249631
0.0767983
0.07308362
0.11013981
0.0798101
0.10518198
0.08240585
0.045510173
0.023991609
0.06592883
0.113538064
0.17098807
0.10836141
0.10985576
0.07543217
0.06162243
0.091832794
0.12196858
0.079808116
0.031223832
0.049541965
0.05160235
0.040055107
0.022320502
0.08097822
0.0989819
0.018455362
0.05654425
0.108452424
0.056591183
0.06388127
0.08382327
0.0463159
0.089999795
0.042116478
0.07498086
0.08133089
0.026088893
0.01784162
0.07968311
0.12866113
0.059701815
0.097124785
0.14449543
0.078145966
0.17207372
0.1582117
0.10949218
0.13738011
0.108967625
0.1013973
0.1401406
0.068813354
0.08054364
0.053250715
0.05303433
0.032917753
0.024797942
0.0716086
0.10118523
0.03609193
0.043187115
0.043350346
0.035330474
0.05316223
0.09224641
0.10984995
0.024631869
0.045419615
0.07693902
0.07655264
0.027625693
0.10493579
0.10118204
0.108824715
0.16822301
0.12908086
0.07243116
0.014410104
0.069299705
0.07192212
0.108426996
0.11384141
0.034767866
0.047585774
0.086740464
0.18420136
0.1629214
0.11239776
0.07740824
0.12598576
0.21066333
0.109703824
0.017074846
0.14131634
0.13638061
0.13281448
0.13310558
0.11663328
0.09105409
0.05021017
0.123704605
0.16979057
0.27798048
0.33734795
0.14231004
0.13498798
0.10508356
0.040514756
0.060306933
0.11594957
0.13196327
0.11142287
0.09552901
0.06655321
0.10455399
0.2276913
0.1539781
0.050996732
0.060498685
0.07050901
0.08208031
0.066316545
0.07097027
0.09357892
0.021578556
0.09065929
0.11060275
0.13225931
0.07370115
0.057527933
0.13919891
0.20995735
0.086281516
0.15638083
0.079175636
0.024816623
0.05201654
0.16440812
0.16119419
0.047918517
0.08808499
0.06682103
0.008153044
0.058269843
0.079543
0.11790818
0.12277726
0.112060875
0.11790391
0.07063176
0.14676324
0.13158356
0.049345076
0.0045633498
0.025975643
0.1023352
0.076237224
0.18097252
0.18378952
0.14951985
0.16979851
0.20211047
0.1620141
0.119771086
0.10076019
0.099491976
0.14704002
0.16260919
0.10083521
0.12746464
0.029050024
0.085399285
0.10406743
0.18176073
0.15572165
0.09924793
0.2206889
0.10419926
0.053799316
0.06514273
0.1198605
0.23275779
0.25996616
0.1577872
0.16504358
0.15422013
0.11585044
0.015859231
0.13288905
0.030957034
0.13467473
0.18768047
0.16493376
0.09085254
0.1105839
0.044247806
0.11759863
0.21609823
0.20997643
0.023698688
0.27150473
0.29545912
0.16073836
0.019549755
0.09758803
0.11907634
0.022756314
0.21404834
0.27428243
0.27617782
0.14882311
0.07314952
0.053198673
0.058593206
0.14759925
0.24652135
0.24582025
0.18674174
0.17613012
0.25464877
0.2518386
0.14820093
0.2299068
0.26763698
0.27715367
0.17690046
0.06407866
0.20416997
0.12277903
0.16054897
0.1369628
0.036788605
0.08395976
0.015443903
0.1644145
0.17041402
0.15280059
0.14573485
0.12967025
0.12923379
0.10435463
0.13977176
0.36827198
0.51680017
0.41271797
0.24899174
0.18346387
0.12941882
0.06978498
0.093469955
0.18053584
0.18155006
0.19911706
0.28202856
0.23414169
0.18225323
0.20642027
0.17122822
0.059995692
0.10088471
0.177336
0.23611623
0.18847378
0.023222199
0.08425039
0.20015784
0.31346983
0.18877074
0.13856731
0.12760432
0.079831734
0.14449416
0.06220564
0.2539616
0.16796213
0.058815315
0.08805403
0.23728365
0.2429308
0.14026262
0.21462153
0.17329618
0.22052523
0.24753033
0.27183643
0.19228932
0.051278796
0.06575797
0.06876104
0.06350878
0.09944362
0.19193864
0.24775784
0.12225772
0.101787865
0.09223832
0.21324277
0.13246891
0.015684474
0.06921036
0.16659306
0.16033378
0.03400534
0.13399208
0.12834363
0.09683112
0.17250952
0.13099317
0.23300977
0.28915647
0.15744068
0.03288393
0.13344678
0.22989449
0.10675852
0.10646837
0.07431454
0.09254897
0.1376154
0.16695455
0.104143366
0.11589502
0.14091265
0.20851614
0.1728381
0.058676194
0.046151556
0.16615987
0.07932625
0.17267862
0.09604003
0.16812979
0.07312
0.18194349
0.2504955
0.19055438
0.18790232
0.27503124
0.20508966
0.08761513
0.104682565
0.04853152
0.20732707
0.1075446
0.23950435
0.3275942
0.18837672
0.15723814
0.2558118
0.10718415
0.40271604
0.35556233
0.14060213
0.18727891
0.23135778
0.32939082
0.2161274
0.10648915
0.19017883
0.17111859
0.005641896
0.16506532
0.12348262
0.027274698
0.058301054
0.14018546
0.22830331
0.2256921
0.09171272
0.08614813
0.24136874
0.21230176
0.04675056
0.15251982
0.26246247
0.12963362
0.0597406
0.15826729
0.14999877
0.116137266
0.15370944
0.11948111
0.057717167
0.09627239
0.16622493
0.24694932
0.26298207
0.2911309
0.1068417
0.071415685
0.09203819
0.1117597
0.10888123
0.18206683
0.20709914
0.06305874
0.061208155
0.07024063
0.10511305
0.12542558
0.10986901
0.09028371
0.030351581
0.17593504
0.16881023
0.05322409
0.025811506
0.07664618
0.14920983
0.2061673
0.09627691
0.107355714
0.12640221
0.19558649
0.099632904
0.157194
0.36548886
0.3438251
0.17166497
0.1238499
0.13860865
0.16110891
0.059020385
0.15372385
0.12080288
0.21067771
0.14844286
0.12619057
0.048093278
0.03889683
0.15451857
0.1844618
0.15783489
0.12927334
0.1423653
0.15850517
0.105583325
0.09995865
0.1165037
0.03401419
0.0908957
0.093786016
0.17603543
0.13667278
0.062469948
0.09230999
0.060222752
0.07671041
0.054971933
0.0982961
0.17772427
0.1133496
0.116354436
0.14675947
0.1732035
0.062407874
0.11007716
0.1271936
0.105851166
0.07603359
0.16281365
0.2085081
0.20680271
0.1324911
0.020898653
0.08067456
0.12973987
0.08109808
0.10087117
0.12882619
0.026991304
0.08189638
0.013743586
0.101476334
0.135922
0.25836256
0.22170018
0.061166894
0.06299897
0.07024902
0.010929416
0.044879515
0.013217846
0.030162292
0.023768898
0.026447587
0.040001918
0.026833512
0.060381062
0.078444816
0.03714597
0.09915889
0.07810416
0.103121676
0.120026246
0.016568957
0.13676389
0.1559354
0.08469684
0.008381842
0.036598034
0.037256945
0.0845758
0.09312084
0.10326746
0.07656917
0.05166101
0.08644768
0.112038724
0.06285215
0.06385091
0.14402495
0.17968261
0.040467475
0.1355663
0.09688453
0.05836426
0.0107329795
0.035893716
0.048939623
0.081640005
0.18918341
0.11239399
0.05532093
0.09633721
0.07077282
0.10809602
0.09325757
0.101965554
0.111355424
0.08677086
0.17813548
0.12903427
0.028666787
0.035141855
0.0792386
0.010495342
0.07771839
0.020102235
0.06851531
0.059715565
0.10517266
0.17364328
0.102175504
0.011618209
0.024156623
0.011257266
0.031432465
0.013664939
0.034663763
0.093098946
0.106390625
0.13130754
0.19872795
0.26780888
0.21601278
0.052613445
0.24054058
0.5673073
0.8068013
0.56222373
0.47101706
0.3866675
0.19737078
0.14845425
0.23744947
0.55718887
0.8170163
0.58740425
0.26998198
0.1208581
0.45039046
0.41607413
0.59634465
0.40185615
0.36944452
0.59338754
0.30812097
0.28990367
0.18276362
0.18593493
0.12768072
0.14315102
0.19897485
0.09336251
0.212345
0.10848878
0.0764745
0.09230345
0.13681112
0.13031986
0.061354876
0.10023008
0.1016741
0.057118125
0.087340616
0.0420367
0.056630973
0.07156262
0.0798277
0.074707784
0.020503579
0.13594948
0.15316801
0.094350226
0.091195635
0.13680515
0.09416792
0.07057436
0.17232786
0.12440203
0.049277008
0.02018894
0.028505925
0.095426045
0.10241343
0.07681483
0.038804878
0.13193116
0.146643
0.09401547
0.029411485
0.09112387
0.059296183
0.061853122
0.1217266
0.079410456
0.005557938
0.023942279
0.0710927
0.05444133
0.04965471
0.08162964
0.055962525
0.11358049
0.11705794
0.06475476
0.023467641
0.023636151
0.009031313
0.050878715
0.14434218
0.13730495
0.041113283
0.0714066
0.058069326
0.054317158
0.036862053
0.060028363
0.047611013
0.06629548
0.06738229
0.038358886
0.08879717
0.09122349
0.15223318
0.11001471
0.05780797
0.051858667
0.08837241
0.07273872
0.081721336
0.120199256
0.09404454
0.064060174
0.10035372
0.14785144
0.057699364
0.047607504
0.025275491
0.043514032
0.067619205
0.055246647
0.037477154
0.08350747
0.09358917
0.11133762
0.09304546
0.060439214
0.13043635
0.09544538
0.037075046
0.06462761
0.032703925
0.060852382
0.08787358
0.051461704
0.030059889
0.05988144
0.08063788
0.05219147
0.030964902
0.017650656
0.007979867
0.055977225
0.10836252
0.08460606
0.13733783
0.115397006
0.04294405
0.046141848
0.07217131
0.03731322
0.0070916293
0.033557538
0.10767632
0.07284222
0.09056523
0.13203183
0.028966496
0.040457767
0.043792106
0.042698864
0.115750246
0.083051175
0.040928654
0.061547656
0.054420788
0.08950536
0.08985715
0.07379672
0.01743931
0.07023972
0.033806242
0.08890166
0.09536251
0.08430444
0.10418178
0.10654075
0.06702801
0.032381516
0.067013785
0.06809297
0.04788505
0.028811786
0.039934926
0.050478466
0.072888985
0.05437157
0.06847163
0.060417395
0.068946294
0.026229298
0.11085489
0.09799587
0.074596316
0.057613727
0.07259233
0.05533025
0.04029615
0.09039491
0.115032226
0.08646225
0.037768442
0.047712862
0.09888265
0.08655008
0.01960302
0.014375185
0.065006316
0.07950862
0.047430333
0.01493967
0.023141978
0.035694525
0.020770293
0.030630043
0.07181102
0.08329824
0.078830875
0.07667996
0.04281086
0.054544866
0.05768502
0.03358579
0.041737985
0.04436015
0.025605904
0.039919082
0.070173234
0.07086945
0.03702757
0.04079988
0.020485422
0.030658947
0.03871793
0.05985206
0.01341833
0.08611192
0.12309463
0.07563048
0.05475803
0.035285376
0.05330121
0.06318244
0.04842249
0.021970522
0.02127382
0.060312305
0.08246783
0.10313264
0.075674325
0.057748485
0.08200598
0.04224357
0.013622109
0.031048693
0.044162605
0.076955244
0.07029025
0.012265669
0.017976092
0.02712843
0.055875465
0.07550303
0.039711922
0.032307886
0.017972153
0.07185863
0.043614976
0.03192868
0.039252333
0.017636063
0.017596817
0.050138686
0.046328053
0.03079393
0.04269728
0.03864187
0.0029569273
0.029078448
0.047571346
0.02311842
0.013375749
0.008590035
0.02097117
0.014241542
0.0101092225
0.029367069
0.010110117
0.028171897
0.0153137
0.016311113
0.013593776
0.024196476
0.026823903
0.022542099
0.034319248
0.00955549
0.04504232
0.0202403
0.07067934
0.06099818
0.0120128
0.04370804
0.026726792
0.03749242
0.03179549
0.0068476764
0.043266773
0.0540937
0.036147445
0.0629744
0.041493855
0.011259466
0.019562973
0.04176539
0.06003076
0.065891095
0.037794456
0.0321097
0.05130501
0.062210515
0.05971527
0.08011466
0.096959
0.07653256
0.06021142
0.0155335255
0.033285063
0.02349806
0.012779128
0.036790162
0.042130783
0.047112517
0.088786654
0.076072104
0.044611234
0.017162155
0.033665627
0.015163272
0.046069488
0.04946441
0.034502354
0.017164744
0.013299636
0.047357894
0.08636653
0.012207388
0.009155519
0.006103658
0.0030518146
-0.0061035934
0.003051775
0.00915525
0.009155164
0.009155067
0.0030516528
0.0
0.0
0.0
0.0030514733
0.0030514195
0.006102724
0.003051301
0.0030512363
0.003051168
0.006102192
0.012204083
0.012203767
0.009152577
0.015253864
0.012202732
0.009151769
0.0152524635
0.009151177
0.009150865
0.012200722
0.006100138
0.003049954
0.006099671
0.0030497136
0.0030495878
0.006098917
0.0030493257
0.012196757
0.012196197
0.009146717
0.009146275
0.006097215
0.0
0.0
0.0
0.0060959375
0.012191201
0.0060952557
0.009142356
0.009141818
0.012188358
0.0091407085
0.015233563
0.015232595
0.009138965
0.012184482
0.009137749
0.012182832
0.018272977
0.009135843
0.012180249
0.00304484
0.0
0.0060887686
0.0060883025
0.012175659
0.009131023
0.006086861
0.0030431831
0.0030429321
0.0
0.0
0.0
0.0
0.0
0.0
0.0030410753
0.0030407957
0.006081025
0.006080452
0.0030399356
0.0030396418
0.0
0.0030390436
0.018232435
0.003038431
0.009114359
0.0030378043
-0.0030374855
0.0030371633
0.0
0.0030365079
0.0121447
0.0
0.0
0.0
0.0030348075
0.0
0.0
0.0
0.0
-0.0030330184
-0.0030326499
0.0
0.0
0.00909457
0.0060622813
0.0
0.0060607293
0.0030299714
0.0060591493
0.012116697
0.015143851
0.0060567255
0.0060559036
0.0060550747
0.0060542384
0.01210679
0.006052545
0.0
0.0060508233
-0.003024976
0.0
0.003024094
0.0
0.0
-0.0030227446
-0.0030222875
-0.0060436544
-0.0030213632
0.0030208959
-0.0030204249
0.0
0.0030194724
0.0030189909
0.0060370117
0.0060360343
0.0060350504
0.0060340595
0.006033061
0.006032056
0.006031044
0.0030150122
0.009043498
0.0060279653
0.0030134625
0.006025878
-0.0060248235
-0.0030118811
-0.003011347
-0.006021619
-0.0060205366
-0.0060194475
-0.0060183513
-0.003008624
0.003008069
-0.0060150204
-0.0030069482
-0.006012765
-0.0060116276
-0.0060104826
-0.0060093305
-0.0030040857
0.0030035027
0.0060058325
0.006004653
0.009005199
0.0030011362
-0.0030005358
0.002999932
0.0059986496
-0.002998714
-0.0029981
-0.0059949644
-0.005993722
0.0029962363
-0.0029956084
-0.0059899534
-0.0029943418
-0.0059874067
-0.011972246
-0.002992416
-0.0029917674
-0.002991115
-0.0059809186
-0.011959201
-0.01195655
-0.008965415
-0.002987802
-0.0029871291
-0.0059729056
-0.005971546
-0.011940359
-0.002984403
0.0
0.0029830192
0.008946967
0.002981622
-0.0059618363
-0.0029802108
-0.0059590004
-0.0029787861
0.0029780685
-0.011909391
-0.0059532467
-0.005951791
-0.011900657
-0.0029744296
-0.0029736916
-0.0059459005
-0.0029722054
-0.0029714573
-0.011882822
-0.008909851
-0.005938384
-0.008905291
-0.00593533
-0.005933793
-0.008898373
-0.008896047
-0.0059291404
-0.002963788
0.0029630025
0.0029622135
-0.0059228423
-0.0029606256
-0.0029598265
-0.008877072
0.002958218
-0.0029574088
-0.0029565962
0.0029557804
-0.014774805
-0.008862415
-0.0029533124
-0.008857449
-0.008854951
-0.008852442
-0.0088499235
-0.014745658
-0.008844857
-0.008842308
-0.014732916
-0.014728635
-0.0147243375
-0.014720023
-0.014715691
-0.008826806
-0.008824187
-0.008821559
-0.00293964
-0.0029387572
0.0
-0.008810944
-0.0029360885
-0.0029351923
-0.0058685853
0.00293339
-0.008797452
-0.0058631487
-0.0029306617
0.0
0.0
-0.0029279036
0.0029269776
-0.011704193
-0.0029251156
-0.00292418
-0.011692963
0.0
-0.008764057
-0.011681614
-0.008758354
-0.011673982
-0.008752611
-0.008749723
-0.014578046
-0.011658562
-0.005827337
-0.014563467
-0.0058234297
-0.0058214664
-0.0116389925
0.00290876
-0.0029077684
-0.011627095
-0.008717326
-0.011619098
-0.0058075394
-0.005805524
0.002901751
-0.00870221
-0.005799439
-0.0057973973
-0.0057953494
0.0028966474
-0.0057912343
-0.005789167
-0.014467733
-0.005785013
-0.014457316
-0.0173425
-0.008668101
-0.017329885
-0.008661774
-0.008658596
-0.011540545
-0.005768141
-0.011532006
-0.008645788
-0.002880854
-0.005759551
-0.008636082
-0.005755218
-0.0028765209
-0.008626289
0.0028743353
-0.0028732377
-0.005744274
0.0
-0.011479704
0.0
-0.008603106
-0.008599757
0.0
-0.0028643429
0.002863217
-0.008586263
-0.014304777
-0.01143928
-0.014293406
-0.011430158
-0.008569184
-0.011420987
-0.014270477
0.0
0.0
0.0
0.011397839
-0.0028482927
0.005694246
-0.0056919
-0.005689548
0.0056871893
-0.0028424123
0.005682454
-0.0028400384
0.0028388468
0.002837652
0.0028364544
0.005670507
0.0
0.0
-0.005663265
-0.0056608384
-0.0056584063
-0.0056559676
0.0028267615
0.0
-0.005648615
-0.014115379
-0.011287365
-0.008461811
-0.014096814
0.0
0.0
-0.005631245
-0.0028143697
-0.008439342
-0.002811855
0.0
0.0
0.0
-0.0028067888
-0.008416545
-0.0112169515
0.0
-0.0028016747
0.0028003885
0.0
-0.0055956147
0.0
-0.0027952143
0.0027939132
0.0
-0.0027913023
0.0
-0.008366038
-0.0027873632
-0.005572089
-0.005569445
-0.0055667954
-0.0055641397
-0.0055614784
-0.011117622
0.0
-0.0055534584
0.0
0.0055480823
-0.008318078
-0.0027713412
-0.002769987
-0.00553726
-0.0027672697
-0.0027659065
-0.0027645405
-0.0055263434
-0.0027617998
-0.0027604252
0.0
-0.0027576669
-0.0027562834
0.002754897
-0.0027535078
0.0027521157
-0.0082521625
-0.010997292
-0.0054958444
-0.010986074
-0.005490224
-0.0027437026
-0.0027422903
-0.0027408751
-0.0054789144
-0.0054760724
-0.0054732254
-0.0054703723
-0.00820127
0.0
-0.0027308895
-0.005458903
-0.0054560215
-0.013632836
-0.008175362
-0.005447343
-0.0027222193
0.0027207646
-0.0027193069
-0.0027178463
-0.0054327664
0.0
0.0027134481
0.005423953
0.008131506
0.0
0.0
-0.0027060618
-0.0027045761
0.0027030879
0.005403193
0.0054002055
0.002698606
0.005394213
0.0026956042
0.005388199
0.0107703665
0.0
0.010758272
0.0053761043
-0.0026865334
0.008055036
-0.0026834877
-0.002681961
0.0026804314
-0.002678899
-0.005354728
0.0
0.0
0.0026727428
0.0026711968
0.0
0.0026680971
0.0053330865
0.0026649865
0.0026634273
0.0
0.0026603006
0.0
0.005314327
0.0053111813
-0.0026540156
0.005304875
0.0
0.0026492737
0.010590751
0.005292198
0.005289016
0.0052858284
0.0
-0.007919156
0.0
0.0
-0.0026349057
0.0026332962
-0.002631684
0.0
0.005256904
0.002626832
-0.0026252095
0.0
0.0052439133
-0.0026203264
0.0026186935
0.002617058
-0.0026154201
0.0026137796
0.0
0.0
0.005217685
0.0026071917
0.0026055383
0.0078116474
0.0078066722
0.0052011264
0.010395599
0.007791701
0.00519113
0.007781682
0.007776662
0.0077716336
0.0
0.0077615543
0.0051710024
0.0051676305
0.005164253
0.005160871
0.005157484
0.002577046
0.0077260425
0.00772094
0.0051438864
0.0
0.0
0.0025668181
0.0
0.0051267785
0.0
0.0
0.0051164553
0.0025565021
0.0025547743
0.0076591317
0.0051026223
0.002549576
0.005095677
0.0
0.0025443563
0.0050852234
0.0025408645
0.0076173446
0.002537363
0.0050712177
0.0050677042
0.002532093
0.007590995
0.0050571356
0.0
-0.0025250332
0.0
0.0050429786
0.0050394274
0.0050358716
0.0
0.0
0.0
0.0025108012
0.010036047
0.007521659
0.005010851
0.0075108875
0.0025018305
0.0075000883
0.01249113
0.0074892617
0.0074838377
0.007478407
0.00498198
0.009956701
0.012436791
0.004971078
0.00993487
0.0049637873
0.0024800678
0.0049564787
0.0024764088
0.009898305
0.0074182237
0.009883616
0.0
0.0074016685
0.009861516
0.0
0.009846739
0.0073795025
0.004915963
0.0073683797
0.009817078
0.009809641
0.0024505488
0.0024486852
0.0
0.0048899027
0.009772325
0.009764836
0.009757338
0.009749832
0.0048711584
0.007301095
0.0048636305
0.0048598605
0.0072841286
0.0072784605
0.007272786
0.007267105
0.0048409454
0.007255724
0.0048333495
-0.0024147728
0.007238606
0.004821925
-0.0024090542
0.0
0.0048104622
0.0048066336
0.0048028002
0.007198444
0.007192682
0.007186914
0.0047874264
0.0
0.007169572
0.004775853
0.0
0.0071521755
0.0071463645
0.004760365
0.0
0.004752597
-0.0023743534
0.0047448124
0.0071113715
-0.0023685063
0.0070996596
0.0
-0.0023626413
0.0023606822
-0.0047174427
-0.0023567586
0.0023547937
0.002352827
0.0023508584
0.0023488877
0.0
-0.0023449406
0.007028892
0.0
0.004678011
0.0070110695
0.0023350392
0.0023330532
-0.0023310652
-0.0023290752
0.004654167
0.00465018
0.004646189
0.0046421946
0.0
-0.0023170968
-0.002315094
0.0
-0.004622165
0.002309074
0.0046141273
0.0
0.0
0.0
0.0022990038
-0.004593969
0.0
0.0
-0.002290915
0.0045777764
0.0045737196
0.0022848293
0.0022827971
0.0022807634
0.0
0.0045533804
0.002274651
0.0
0.0
0.0022685227
0.0
-0.0022644287
0.0045247576
0.0022603276
0.0
-0.0067686583
-0.0067624883
-0.004504209
-0.0067501334
-0.0022479827
0.0022459193
-0.002243854
-0.0067253616
-0.006719156
-0.0067129456
-0.0022355767
0.0022335032
0.002231428
0.0
-0.0022272724
-0.0044503845
-0.0022231105
0.002221027
-0.002218942
-0.002216855
0.0
-0.002212677
-0.0022105852
0.0
-0.0022063972
-0.0022043008
0.0022022028
0.0022001031
-0.006594006
-0.0021958991
-0.0021937948
-0.0043833777
-0.0021895813
-0.0021874723
-0.0065560853
-0.0021832495
-0.0043622716
-0.008716082
-0.0021769037
-0.0043495707
-0.0021726657
-0.0021705441
-0.004336843
0.0021662968
-0.004328342
-0.0021620435
0.0021599147
-0.0021577843
0.0021556523
-0.0021535188
-0.002151384
-0.0021492478
-0.00429422
0.0021449707
-0.00214283
-0.0021406878
-0.002138544
-0.004272798
-0.004268505
-0.0021321047
-0.0021299555
-0.004255609
-0.0042513045
-0.0021234988
-0.0042426875
-0.0021191873
-0.0042340592
-0.0021148704
-0.0021127097
-0.008442191
-0.008433538
-0.008424879
-0.004208107
-0.004203772
0.0020997173
0.0020975473
-0.006286127
-0.004186406
-0.0041820575
-0.0041777063
0.004173353
0.0
-0.0041646375
-0.004160276
-0.008311824
-0.004151545
0.0
0.0020714018
0.0020692146
-0.0041340524
-0.008259345
-0.006187936
-0.010302264
-0.006174778
-0.006168193
-0.006161605
-0.006155013
-0.012296835
-0.006141818
-0.0040901434
-0.0061286082
-0.0020406658
-0.008153845
-0.006108766
0.0
-0.00406368
0.0
0.0020274199
-0.004050416
-0.00404599
-0.0060623423
0.0
0.0020163488
0.0
0.0
-0.0080387695
-0.008029886
-0.004010498
0.0
0.0040016025
0.0
-0.0039926977
-0.005982363
-0.0059756762
-0.0019896622
0.001987431
0.0
-0.0019829655
-0.0059421933
-0.005935487
-0.0059287776
-0.0019740216
0.0019717831
-0.0019695433
-0.007869211
-0.007860243
-0.007851273
-0.0019605744
-0.0019583295
-0.003912167
-0.007815347
-0.0078063556
-0.00194934
-0.0019470901
-0.0038896785
-0.0019425874
-0.0019403347
-0.0019380808
-0.007743304
-0.007734281
-0.0057939407
-0.0019290559
0.0019267973
-0.0019245378
-0.0019222773
-0.00960008
-0.0076710144
-0.009577451
0.0
0.001910961
-0.00381739
-0.0019064281
-0.0038083205
-0.0019018917
0.0
0.0
0.0018950802
-0.001892808
-0.005671605
-0.0075530442
-0.0037719726
-0.0018837107
-0.0018814342
0.0
-0.0018768788
-0.0037491997
-0.0037446402
-0.0018700395
-0.001867758
-0.0055964277
-0.0055895783
-0.003721818
-0.0074344976
-0.005569017
0.0018540529
-0.0055552977
-0.0018494782
0.0
-0.009224503
-0.0018426107
-0.00184032
-0.0055140853
-0.0018357363
-0.0036668868
-0.0018311498
-0.0018288554
0.0
0.003648529
-0.0018219681
-0.005459013
-0.0036347462
-0.0054452233
-0.0036255505
-0.0018104754
-0.0018081748
-0.0054176208
-0.005410715
-0.0036025383
-0.0017989659
-0.001796662
0.0017943576
-0.0017920524
-0.008948733
-0.0017874404
0.0
0.0
0.0017805176
0.0
-0.0017758994
-0.0070943576
-0.0070851156
0.0017689677
0.0017666561
0.0017643437
0.0017620309
0.0
0.0
0.001755089
0.0017527741
0.0052513755
0.0
-0.0052374774
-0.0034870172
-0.003482382
-0.0034777457
-0.0017365542
-0.0017342351
0.0
-0.0034591907
-0.0017272747
0.0
-0.0017226321
-0.0034406201
-0.005153963
-0.0051469943
-0.0017133413
-0.0034220351
-0.00512608
-0.0017063686
-0.0017040435
-0.003403436
-0.005098176
-0.0016970658
0.0
-0.0016924118
-0.0016900843
-0.0016877564
-0.0050562844
-0.0067323977
-0.0016807704
0.0
-0.0016761112
-0.0016737811
-0.0016714507
-0.0016691198
-0.0016667887
-0.0016644573
0.0016621253
0.0
-0.0016574608
0.0
-0.004958385
0.0016504617
0.001648128
-0.0032915883
0.0032869198
0.0016411254
-0.0016387906
0.0
0.0016341202
0.0032635694
0.001629449
0.0
0.0016247766
-0.0048673204
-0.0016201034
-0.003235533
0.0
0.0016130919
-0.0032215086
-0.0016084164
0.0
0.0
0.0
0.0031981268
-0.0015967247
0.0
-0.0015920468
-0.0015897077
0.0
0.0
0.0015826892
-0.0031606988
-0.0015780096
-0.0047270088
-0.0047199884
-0.0015709891
0.0015686488
0.0015663084
0.0
0.0
-0.0015592865
0.0015569457
0.0
-0.003104528
0.001549923
-0.0015475819
-0.0030904815
-0.0030857993
-0.0061622337
-0.0061528687
-0.003071752
-0.0015335347
-0.0030623868
-0.0015288522
-0.0015265108
-0.0015241695
0.0
0.0
0.0
0.0
0.0
0.0
0.004523342
0.0030108793
0.0015030985
0.00600303
0.0044952496
0.0014960757
0.005974939
0.004474182
0.0029781067
0.0059468513
0.004453117
0.004446096
0.0059187664
0.0029547028
0.0014750113
-0.0014726714
-0.0014703316
0.001467992
0.0014656524
0.002926626
0.0029219473
-0.0014586346
0.0014562956
0.0058158273
-0.0014516183
0.0043478394
0.0043408247
-0.0028892069
-0.0014422656
0.0014399278
0.0014375903
0.0043057594
0.002865832
0.0042917375
0.0
-0.0014259062
0.00569428
0.0042637023
0.004256695
0.0056662518
0.0042426833
-0.0014118929
0.0
-0.001407224
0.0
0.0014025561
0.0
0.0
0.0
-0.0013932239
-0.0013908916
-0.0013885596
0.0
0.00415169
0.0
0.0
-0.0013769048
-0.0013745748
0.0013722453
0.0041097477
0.0027351743
0.004095776
0.0068146526
0.0027212056
0.0054331017
0.005423794
0.005414488
0.0040538874
0.0
0.0040399344
0.0040329597
0.0013419954
0.0040190145
0.0
0.0
0.0039981063
0.0013303797
0.0053122323
0.0039772103
-0.0013234159
0.0013210955
0.0
0.0
0.0052565495
0.002623638
0.0
0.0013071836
-0.0013048667
0.0
0.006501173
0.003893758
0.0038868138
0.0012932903
-0.0012909767
0.0025773272
0.003859053
0.002568078
0.0025634551
0.0012794167
0.0
-0.0025495936
-0.003817463
-0.0025403583
-0.0025357427
-0.002531128
0.0012632573
0.0012609513
-0.0012586459
0.0
-0.0012540369
0.0012517334
0.002498861
0.0012471282
-0.0024896534
-0.0012425258
-0.0012402255
-0.001237926
0.0024712542
0.0049333153
0.0049241255
0.0012287345
0.002452877
-0.001224143
0.0012218483
0.006097771
0.004869044
0.0048598736
0.0024253533
0.0024207712
0.0036242856
0.0012058056
0.006017584
0.0060061435
0.0011989414
0.0
0.0
0.0023841683
0.0035693997
0.004750066
0.0023704679
0.0011829521
0.0
0.0
0.0
0.0
0.0023431105
0.0
0.0
0.0023294543
0.0023249057
0.0023203585
0.0023158134
0.0034669049
0.0
0.002302188
0.0022976499
0.0
0.0
-0.0022840456
-0.0022795144
0.0
0.0
-0.0022659323
-0.0022614084
-0.0022568866
0.0
0.0
-0.002243332
0.0
0.0
-0.0022297949
0.001112643
-0.0022207797
-0.0022162749
0.0
-0.0022072715
-0.0011013864
-0.0010991379
-0.0021937813
-0.0010946443
0.0021847978
0.0
0.0
0.001085669
-0.0010834278
-0.0010811876
-0.0032368454
-0.0021534208
0.0
-0.0032167123
-0.0021400051
-0.0021355373
-0.0031966078
-0.0010633043
-0.0010610737
0.0
-0.0021132317
-0.0010543886
-0.0010521624
-0.0010499373
0.0
0.0
-0.0031298068
-0.0031231453
0.0
-0.0031098323
-0.003103181
-0.0010321777
-0.001029963
-0.0010277494
0.0
-0.0010233257
-0.0030633467
-0.0010189067
0.0
-0.0010144925
0.0
-0.0010100831
-0.0020157606
-0.0010056787
-0.0030104348
-0.003003837
-0.0029972433
-0.0039875377
-0.0029840667
-0.0039699785
-0.003961207
-9.8811E-4
-0.0039436785
-0.0059023825
-0.0029446275
-0.0058761355
-0.0039086826
-9.749866E-4
-0.0029184115
-0.0029118673
0.0
-9.6626347E-4
-0.0028922579
-0.0028857295
-0.00383894
-0.0028726845
-0.002866168
-0.0047660926
-0.002853147
-0.0028466426
-0.0037868565
-0.0037781948
-0.0037695388
-0.003760888
-0.003752243
-0.0037436034
-0.002801227
-0.0037263408
-0.003717718
-0.0027818256
-0.0037004892
-0.0027689124
-0.0027624622
-0.0036746883
-0.0036660996
-0.0045718956
-0.0045611737
-0.0036403674
-0.0027238512
-0.0036232418
-0.0036146876
-0.0027046045
-0.003597597
-0.0026917954
-0.0026853974
-0.0017860027
-0.0017817434
-0.003554974
-0.0026598505
-0.0035379666
-0.00441184
-0.0035209835
-0.0026343758
-0.0035040246
-0.0034955544
-0.0034870903
-0.0026089742
-0.0017350903
-0.003461735
-0.0025899718
-0.0034448626
-0.0034364357
-0.0034280152
-0.003419601
-0.0025583946
-0.0034027912
-0.003394396
-0.0033860072
-0.0033776246
-0.0016846242
-0.003360879
-0.0025143868
-8.360398E-4
-0.0033358089
-0.002495599
-0.003319128
-0.0041384967
-0.0033024733
-0.003294156
-0.0032858453
-0.0032775411
-0.0040865545
-0.0040761908
-0.0032526685
-0.0032443912
-0.0032361203
-0.0032278565
-0.0032195991
-0.004014186
-0.0064062104
-0.0039935857
-0.0031866387
-0.0031784156
-0.0031701995
-0.00316199
-0.003153788
-0.0031455925
-0.003137404
-0.0023469168
-0.0023407862
-0.0015564404
-0.0031047203
-0.003096567
-0.003088421
-0.0030802817
-0.0015360749
-0.0015320124
-0.003055907
-0.004571695
-0.0045595397
-0.003031597
-0.0030235082
-0.0015077132
-0.0015036761
-7.4982125E-4
-0.0014956127
-0.0022373796
-7.437819E-4
-0.0014835449
-0.0014795298
-0.0022132776
-0.0014715106
-7.3375326E-4
0.0
0.0
-0.0021832753
-7.2576385E-4
0.0
-7.2178047E-4
7.1979157E-4
0.0
-7.1581954E-4
0.0
0.0
-7.098758E-4
0.0
-0.0014118458
-0.0014078987
0.0
-0.0014000161
6.980403E-4
6.960745E-4
0.0
6.921488E-4
6.901889E-4
-6.8823097E-4
0.0
0.0
-6.82369E-4
0.0
0.0
-6.765249E-4
6.745808E-4
-6.7263877E-4
0.0
6.6876074E-4
0.0
0.0013297815
0.0013259177
6.610289E-4
6.59101E-4
-6.5717514E-4
0.0
6.533296E-4
6.514099E-4
0.0
-6.4757676E-4
-6.4566324E-4
6.437518E-4
0.0019255274
0.0019198055
0.00255212
0.0012722538
6.342259E-4
6.32327E-4
0.0012608604
0.0031426775
0.0018799287
0.001249505
6.228641E-4
0.0
0.0018572815
0.0024688477
0.0036919925
0.0030672722
0.0018347368
0.0024388223
0.0024313375
0.0024238613
0.0036245906
0.0030111687
0.0018011136
0.0023940434
5.966527E-4
0.0011895933
0.0029647145
0.0011821826
0.0029462094
0.0035243682
0.0017566492
0.002918535
0.0023274657
0.0017400843
0.00289096
0.0028817907
0.0028726326
0.0028634856
0.0022834798
0.0017071352
0.0022688897
0.0028270101
0.0028179195
0.0033706082
0.0016798633
0.0022325725
0.0022253364
0.0022181093
0.0027636143
0.0027546035
0.0027456041
0.0016419697
0.0016365838
0.002718675
0.0027097217
0.0032409357
0.0032302197
0.0037561038
0.003743634
0.003731181
0.0042499932
0.0042357985
0.004749325
0.0052593313
0.003669161
0.0036568062
0.0041651065
0.004669903
0.004654082
0.005669012
0.004622505
0.0051186094
0.004591014
0.0045753005
0.006079478
0.0055537024
0.0055345763
0.004512663
0.0034977114
0.0044814744
0.0039697
0.003461401
0.0034493313
0.0034372788
0.0034252433
0.0039008285
0.0038871127
0.0033892395
0.0033772725
0.003846083
0.005269613
0.0047735358
0.0038052308
0.004739566
0.0033058329
0.0028234173
0.0046887975
0.0037375393
0.0037240607
0.004638253
0.003235018
0.003223277
0.0036703465
0.0031998472
0.0031881586
0.0036302716
0.0036169537
0.003603656
0.002692784
0.0022357008
0.002227428
0.0022191675
0.003537472
0.0030837592
0.0021944633
0.0026235047
0.002613669
0.0034717983
0.0038910657
0.0034456726
0.0034326406
0.0034196293
0.002980809
0.0038178775
0.0042258995
0.004209739
0.004193605
0.003341997
0.0024968483
0.0033162863
0.003716395
0.004113324
0.0040973467
0.0036732557
0.0032523763
0.0036446145
0.0040336996
0.0036160683
0.003601831
0.002790369
0.0023822852
0.002768315
0.0027573158
0.0027463352
0.0027353733
0.0027244303
0.0023258622
0.0023165145
0.0023071829
0.0026808453
0.002669996
0.0022792849
0.002270018
0.0022607672
0.0018762773
0.0022423144
0.0029774832
0.0029652356
0.0022147575
0.0018380036
0.0032947015
0.0029164632
0.002541284
0.0025306821
0.0018000709
0.0017925254
0.0024989913
0.0021329708
0.0017699716
0.0021149775
0.0010530028
0.0013980336
0.0013920744
0.0013861264
0.0024153315
0.0020613957
0.0020525237
0.0020436684
0.00203483
0.002026008
0.0023534037
0.0023431508
0.0023329174
0.0026545187
0.0019821515
0.002631241
0.001964727
0.0026080534
0.0025964933
0.0016155976
0.0022517613
0.0022417058
0.0015940502
0.0022216544
0.0018957074
0.0015726306
0.0015655193
0.0012467378
0.0012410715
0.0015442709
0.0015372168
0.0012241416
0.0012185213
0.0012129124
9.054863E-4
3.004323E-4
0.001196155
0.0011905922
0.001185041
0.0017692522
0.0011739735
8.763429E-4
8.722143E-4
2.8936483E-4
0.0014399723
0.001719762
0.0014263123
0.0014195042
8.476265E-4
5.623728E-4
8.3950063E-4
8.3545095E-4
8.3141006E-4
8.2737795E-4
5.4890313E-4
0.0
5.435565E-4
5.4089207E-4
2.6911675E-4
5.3558085E-4
0.0
5.302934E-4
5.276585E-4
7.875444E-4
0.0010448133
7.7968446E-4
5.171786E-4
5.1457353E-4
0.0010239489
7.64072E-4
0.0010135884
5.0421304E-4
0.0
4.9906876E-4
0.0
0.0
4.9139746E-4
0.0
4.8631334E-4
4.8378034E-4
-2.406267E-4
0.0
4.7621765E-4
4.737089E-4
0.0
-2.3435478E-4
-9.3243807E-4
-4.6373456E-4
-4.612562E-4
0.0
4.5631776E-4
0.0
0.0
-4.4895598E-4
-2.2325714E-4
4.4407873E-4
4.4164932E-4
2.1961302E-4
0.0
-4.3439798E-4
-4.319932E-4
-4.2959454E-4
-4.272021E-4
0.0
-2.1121786E-4
-2.100309E-4
0.0
-8.3066523E-4
-2.0648866E-4
0.0
-4.0828536E-4
0.0
-8.072366E-4
-0.0010032353
-9.974404E-4
-3.966645E-4
-3.9435906E-4
-3.9205985E-4
-5.8465044E-4
-0.0011624409
-9.629997E-4
-5.7438866E-4
-3.8065796E-4
-3.7839642E-4
-5.642118E-4
-7.477845E-4
-9.29124E-4
-5.5411994E-4
-3.6718327E-4
-7.299191E-4
-7.254844E-4
-9.0132793E-4
-0.0010749794
-8.903203E-4
-5.3090416E-4
-5.2762567E-4
-6.991423E-4
-0.0010421945
-0.0010356948
-0.0010292142
-6.8183517E-4
-6.775403E-4
-6.7325815E-4
-0.0010034833
-0.0011632815
-9.907329E-4
-6.562577E-4
-0.0011410692
-9.717515E-4
-6.436419E-4
-0.0011190592
-9.529435E-4
-9.467128E-4
-0.0010972517
-9.343093E-4
-7.7344716E-4
-0.0010756472
-7.632078E-4
-9.0973475E-4
-0.0010542462
-8.975639E-4
-7.42923E-4
-8.854708E-4
-7.328779E-4
-7.2787964E-4
-8.674772E-4
-4.307592E-4
-5.70386E-4
-7.080494E-4
-5.6250603E-4
-8.378784E-4
-8.320173E-4
-9.638718E-4
-9.570796E-4
-8.1455166E-4
-6.7397417E-4
-6.6917174E-4
-5.315085E-4
-9.234623E-4
-9.1680774E-4
-6.501258E-4
-5.163243E-4
-3.8442083E-4
-5.088111E-4
-0.0010101484
-0.0010027011
-8.7087014E-4
-8.643999E-4
-6.128234E-4
-6.082348E-4
-8.4512786E-4
-9.5857156E-4
-7.134819E-4
-7.0805504E-4
-4.6843206E-4
-4.6484068E-4
-5.765782E-4
-8.00971E-4
-0.0010218289
-7.8856386E-4
-6.706245E-4
-4.435714E-4
-6.601096E-4
-8.731763E-4
-7.579539E-4
-7.51902E-4
-5.327667E-4
-4.2278183E-4
-5.242046E-4
-5.199486E-4
-7.219931E-4
-7.160816E-4
-6.0873735E-4
-5.030922E-4
-2.99352E-4
-6.926704E-4
-6.8687636E-4
-6.811058E-4
-4.823992E-4
-4.7831103E-4
-4.7423973E-4
-4.7018524E-4
-5.5937713E-4
-5.5455224E-4
-5.497476E-4
-5.4496323E-4
-4.501659E-4
-4.462127E-4
-5.307317E-4
-4.3835703E-4
-4.3445462E-4
-4.305691E-4
-3.4136046E-4
-2.5370938E-4
-2.514086E-4
-2.4911802E-4
-3.2911683E-4
-3.2608988E-4
-3.2307656E-4
-2.400576E-4
-2.3781802E-4
-2.3558867E-4
-3.1115935E-4
-3.0821413E-4
-3.0528256E-4
-3.0236464E-4
-2.2459528E-4
-2.2242732E-4
-2.9369284E-4
-4.3624436E-4
-3.59975E-4
-3.5643016E-4
-2.8232194E-4
-2.0963511E-4
-1.3835936E-4
-2.0545325E-4
-2.7117034E-4
-2.6841677E-4
-3.3209613E-4
-1.972131E-4
-1.3011922E-4
-1.2876993E-4
-2.5485503E-4
-3.1522993E-4
-2.4952667E-4
-1.8516237E-4
-1.8319007E-4
-2.416375E-4
-2.3903538E-4
-2.3644706E-4
-2.923407E-4
-1.734839E-4
-1.1438251E-4
-1.1311599E-4
-1.6778459E-4
-1.6590559E-4
-2.1871594E-4
-2.1623829E-4
-1.0688725E-4
-1.0566229E-4
-1.0444427E-4
-2.0646637E-4
-1.5304357E-4
-1.0083184E-4
-1.4946239E-4
-1.9691659E-4
-9.728195E-5
-1.9222511E-4
-1.8990024E-4
-9.3794646E-5
-9.2646136E-5
0.0
-9.037003E-5
-1.3386364E-4
-8.81218E-5
-1.3051223E-4
-8.590148E-5
0.0
-1.2556365E-4
-1.2393508E-4
-8.154467E-5
-1.6094587E-4
-7.94082E-5
-7.8350466E-5
-7.729973E-5
0.0
-1.1282891E-4
-1.11284324E-4
-7.316684E-5
-1.0822672E-4
-1.0671369E-4
-3.50704E-5
-1.0371923E-4
-1.0223779E-4
-1.007669E-4
-9.930653E-5
-1.3047563E-4
-1.2855661E-4
-1.2665165E-4
-1.2476076E-4
-6.144198E-5
-9.076592E-5
-1.1917258E-4
-1.4667252E-4
-1.4439695E-4
-1.4213899E-4
-8.39392E-5
-8.2605584E-5
-1.0837673E-4
-1.066268E-4
-1.3111373E-4
-1.2896162E-4
-1.0146173E-4
-9.97683E-5
-1.471335E-4
-1.205298E-4
-1.1846603E-4
-9.3135954E-5
-9.151323E-5
-1.1238083E-4
-1.10387824E-4
-1.0841252E-4
-1.06454914E-4
-8.361202E-5
-8.207428E-5
-6.041304E-5
-3.952067E-5
-5.8159603E-5
-3.8032562E-5
-3.7299153E-5
-5.4859258E-5
-5.3780434E-5
-3.5141507E-5
-1.7218248E-5
-1.6869293E-5
-4.9571674E-5
-6.472818E-5
-3.16875E-5
-3.1018022E-5
-3.0355655E-5
-1.4850202E-5
-1.4526133E-5
-1.4205622E-5
-1.3888671E-5
-1.3575279E-5
-1.3265448E-5
-1.2959177E-5
-1.2656468E-5
-3.7071968E-5
-2.4123481E-5
0.0
0.0
-1.119638E-5
-2.1830114E-5
-2.1274604E-5
0.0
0.0
-9.825441E-6
0.0
-9.302046E-6
-2.7137114E-5
0.0
8.543734E-6
0.0
-1.6112108E-5
-1.5635145E-5
-1.5165333E-5
-7.3513343E-6
0.0
-6.8993963E-6
-1.3357582E-5
-1.2923525E-5
-1.2496623E-5
-6.0384377E-6
-1.7496428E-5
-1.6888278E-5
-1.6290864E-5
-2.0938922E-5
-1.51282575E-5
-1.941742E-5
-1.8678154E-5
-8.976607E-6
-1.2931952E-5
-1.6546319E-5
-1.5864367E-5
-1.5196746E-5
-1.09075945E-5
-1.0428381E-5
-9.95992E-6
-3.1674044E-6
-3.0184206E-6
-2.8730217E-6
-5.462417E-6
-5.185963E-6
-2.4583405E-6
-4.654573E-6
-2.1998192E-6
-2.075939E-6
-3.911293E-6
-1.8389417E-6
0.0
-1.6162967E-6
-1.5103569E-6
-1.408006E-6
-2.6184885E-6
-1.2140717E-6
-1.1224888E-6
-1.0344957E-6
-9.5009244E-7
-1.7385587E-6
-7.920567E-7
-1.4368491E-6
-6.483831E-7
-5.8193257E-7
5.19073E-7
4.598047E-7
0.0
0.0
-6.0709624E-7
-5.1729165E-7
-2.1733533E-7
1.796167E-7
0.0
0.0
0.0
-6.466283E-8
-4.4904837E-8
-8.621744E-8
0.0
0.0
1.796202E-9
0.0
