0.15042335
0.10642747
0.16684195
0.08413154
0.4569851
0.4206267
0.4555889
0.5888827
0.3667885
0.36368915
0.7169969
0.31584644
0.20938161
0.11229263
0.47013682
0.32945484
0.21337293
0.6053769
0.69515336
0.119214214
0.4228269
0.9512164
1.6298637
3.82067
3.37317
0.5220377
0.5209259
0.511134
0.29175016
0.15981415
0.15513805
0.26973504
0.15865617
0.23607622
0.518652
0.49199536
0.2163611
0.051556382
0.12352795
0.07711294
0.022482347
0.21379946
0.16836892
0.20935242
0.3579864
0.36508933
0.29752827
0.093259215
0.25354892
0.093102835
0.099587776
0.17534752
0.107472986
0.08857853
0.15276237
0.201784
0.13411269
0.038803373
0.16609648
0.1577789
0.18611744
0.28225926
0.07907656
0.1612628
0.3982182
0.3007097
0.15436544
0.2908428
0.3245681
0.2429462
0.25396258
0.271627
0.23703773
0.1688453
0.19124845
0.31753954
0.08449564
0.15942372
0.23689651
0.14239751
0.117842555
0.13083287
0.12972704
0.2642037
0.1362733
0.006039862
0.05048637
0.08662813
0.12171319
0.17113973
0.25971264
0.26752797
0.20067675
0.041065514
0.17882162
0.15614264
0.16017844
0.26177555
0.16814974
0.055381652
0.053522635
0.046513736
0.13791862
0.13713841
0.101602554
0.1580362
0.13618825
0.10607131
0.1714692
0.22816028
0.2353936
0.3060834
0.14831126
0.1353845
0.22622143
0.13397321
0.0854641
0.111323036
0.069735266
0.10375047
0.13332546
0.077186085
0.075684585
0.11649818
0.10505993
0.16004169
0.18261214
0.08223759
0.033054966
0.07317962
0.16589807
0.22763114
0.21785712
0.10009164
0.037301067
0.056207526
0.06523074
0.10660115
0.13866901
0.1356334
0.07363888
0.019032765
0.048787713
0.042780805
0.08202888
0.10089713
0.04601499
0.13598432
0.08843812
0.10310939
0.06352661
0.09870228
0.14870456
0.020822411
0.10125182
0.12054819
0.17834695
0.08539912
0.06321913
0.07397619
0.06405908
0.09341244
0.080369644
0.21199402
0.28624448
0.17815115
0.20987253
0.19281311
0.079022355
0.053175047
0.014384341
0.11537619
0.2749008
0.24707966
0.1518561
0.03911996
0.1105155
0.18674625
0.09282671
0.060727675
0.10181391
0.054506607
0.005473263
0.088506125
0.16238393
0.16844618
0.13132653
0.13044247
0.09774222
0.016475582
0.10159567
0.121980086
0.12987202
0.15017204
0.046977192
0.01855737
0.05479367
0.13456777
0.16361798
0.0910141
0.07704289
0.14534208
0.11540802
0.10543091
0.058439855
0.050901208
0.06532801
0.039767195
0.022088544
0.043716237
0.0650213
0.13646302
0.1752285
0.15046062
0.10290845
0.113301516
0.15353945
0.13467409
0.063243106
0.043409932
0.11454969
0.16589254
0.10844758
0.03526576
0.10492775
0.114244334
0.047698483
0.025223756
0.071399696
0.16607408
0.17442551
0.14563823
0.09784648
0.12702473
0.12685524
0.07599142
0.05605753
0.04598774
0.047494434
0.13694789
0.11060735
0.0502189
0.043705825
0.050267156
0.04286951
0.021190368
0.03129623
0.13279814
0.17054223
0.02430604
0.08643838
0.03894869
0.07147381
0.15238844
0.11390503
0.13122572
0.059808746
0.044984654
0.08097029
0.08621423
0.055072743
0.04103187
0.052867144
0.087185204
0.063580334
0.061245784
0.1150746
0.058996014
0.020735491
0.030435065
0.08128542
0.057013158
0.008117325
0.0587009
0.12311788
0.13445769
0.16671267
0.11484631
0.10552674
0.15540874
0.19906828
0.13118795
0.063949145
0.060834486
0.15103498
0.12694107
0.068726204
0.066297434
0.021802183
0.038238686
0.05404381
0.053900525
0.025708742
0.114465095
0.14070623
0.18790327
0.14952601
0.09554081
0.22157128
0.1080544
0.0863696
0.13387547
0.096269384
0.05266788
0.030799944
0.058528602
0.06275808
0.056838583
0.05345043
0.0076633124
0.030000106
0.019074673
0.05367752
0.07704595
0.1291842
0.14609578
0.16532183
0.12368122
0.087647334
0.048883896
0.070646904
0.12405035
0.1281503
0.13939081
0.113474734
0.019839188
0.07088991
0.063372776
0.10437104
0.11482444
0.12179573
0.06966732
0.026516128
0.03294377
0.081162505
0.022729196
0.10706721
0.10776052
0.070397735
0.026622843
0.11662885
0.11158142
0.078487575
0.045710225
0.14130273
0.0947417
0.069756724
0.13982716
0.07936051
0.08125262
0.1983602
0.17597392
0.11121886
0.13773827
0.09656999
0.03854695
0.10924918
0.06312711
0.06884806
0.09665759
0.09319198
0.10447231
0.09356423
0.032290198
0.08724152
0.09027932
0.017150963
0.038278516
0.111453
0.1336758
0.106204845
0.1374186
0.1576868
0.07861806
0.041615758
0.015095412
0.05549763
0.06081793
0.03877556
0.01118594
0.07263393
0.083859645
0.10872967
0.041294776
0.019989975
0.041672945
0.01568144
0.07760229
0.09268048
0.10547119
0.092315994
0.036688026
0.08926367
0.14647223
0.061951585
0.027383765
0.035457842
0.08750236
0.055639748
0.038402006
0.020583881
0.06393039
0.03813377
0.062134724
0.04859156
0.09644817
0.11403062
0.13367806
0.1419049
0.080681965
0.056261886
0.07983408
0.16428055
0.08936884
0.12420457
0.119250834
0.11115285
0.08020203
0.08157807
0.05120512
0.05776547
0.009995013
0.13504136
0.12124364
0.01392466
0.10968128
0.15912594
0.13731119
0.08643072
0.066803254
0.016839782
0.033751488
0.042486724
0.043506566
0.06454669
0.047926493
0.028359853
0.078279436
0.06828183
0.0383052
0.090085834
0.056060083
0.08351031
0.04967287
0.046274293
0.03033646
0.038499113
0.037003662
0.026450949
0.035787474
0.041370433
0.023840714
0.013353811
0.040829673
0.063947536
0.073378146
0.07106051
0.060801227
0.019858584
0.060772333
0.07047125
0.09202803
0.12530123
0.057320055
0.018644007
0.05813395
0.073410004
0.053570043
0.10547831
0.03073998
0.12537982
0.05613162
0.030703077
0.086188085
0.1099515
0.15531196
0.11523818
0.08333789
0.045339085
0.077343985
0.14691857
0.14602956
0.029411511
0.032091785
0.03769341
0.10409749
0.114866816
0.041854154
0.054507043
0.09246786
0.04702879
0.092086315
0.10183376
0.044774413
0.078499
0.044479497
0.023161922
0.039645445
0.057658102
0.020722892
0.0319162
0.05085693
0.06240273
0.060007542
0.1035213
0.12214809
0.11868344
0.10780291
0.08638242
0.1407239
0.13272402
0.039050393
0.06018415
0.056830183
0.13200308
0.06531164
0.016137343
0.04284258
0.028425852
0.056650195
0.047084853
0.032087952
0.0141683435
0.039586477
0.07215801
0.048530266
0.016005639
0.07785835
0.07807928
0.029521191
0.073261805
0.08869309
0.076192476
0.029890187
0.06383831
0.054259516
0.023337804
0.01695469
0.04577356
0.044730544
0.08806071
0.11113443
0.062526464
0.021234715
0.031521212
0.042482432
0.057822105
0.045957573
0.07137125
0.048939623
0.067556456
0.051452182
0.12720229
0.09981217
0.038962092
0.016526606
0.0281955
0.08125942
0.11466547
0.118525214
0.11686606
0.102282465
0.06485368
0.027222699
0.028506858
0.049292397
0.046636816
0.037772078
0.10129594
0.124724954
0.048176363
0.04014661
0.10063816
0.014607714
0.09478287
0.102005884
0.073808566
0.026383359
0.04548459
0.085255936
0.086943254
0.06559481
0.075112425
0.08391527
0.05401181
0.090760686
0.055393152
0.043313574
0.02746445
0.0171673
0.04776802
0.05699976
0.019416451
0.031457458
0.07267668
0.077021725
0.08393608
0.10618071
0.058520723
0.0080749225
0.042601403
0.0651864
0.06256645
0.061648414
0.03082226
0.041427966
0.05098941
0.019445533
0.088115975
0.11205465
0.07841062
0.09987715
0.13356318
0.16292912
0.09800125
0.085044086
0.04671617
0.072285056
0.1545266
0.09372491
0.074865565
0.12297487
0.107620314
0.14823495
0.16932936
0.0567772
0.038202576
0.045496106
0.176657
0.2024607
0.10877903
0.08621437
0.052144047
0.0328501
0.098829485
0.10939782
0.10755123
0.11570341
0.116967745
0.031265505
0.07841823
0.08150117
0.07215619
0.028879363
0.047032766
0.07154429
0.042067837
0.046965003
0.06937219
0.0124544725
0.06467086
0.030192161
0.11331152
0.08702207
0.04217445
0.058455814
0.070765555
0.02511703
0.08639821
0.1449562
0.08284814
0.037736535
0.06627938
0.042010892
0.005314431
0.031633932
0.078330174
0.08448965
0.015441822
0.060014397
0.07795274
0.063062064
0.045671426
0.010756339
0.07331188
0.10986688
0.032593492
0.046601545
0.068579525
0.04403548
0.04564078
0.02830835
0.033790242
0.057192072
0.030634945
0.014787592
0.06040277
0.06375211
0.034045897
0.06241984
0.113598175
0.08213501
0.03800169
0.0821971
0.108852945
0.0335611
0.038615882
0.10024056
0.09802495
0.091332
0.09708878
0.11847294
0.14027588
0.09558008
0.022835422
0.06716655
0.10097304
0.08464718
0.038405668
0.049997844
0.10086143
0.094153926
0.054121573
0.063492246
0.07443824
0.09773617
0.121275
0.115622126
0.02537441
0.05955022
0.08275056
0.015906414
0.05703243
0.04998729
0.039630927
0.076260425
0.14769876
0.1727307
0.094606064
0.07016356
0.026996193
0.067414336
0.066725954
0.043525532
0.03287879
0.06933193
0.059968613
0.050056167
0.036259837
0.06773622
0.116464734
0.1755515
0.11201227
0.10702638
0.11502414
0.099413075
0.108960524
0.11170714
0.082177415
0.041642416
0.046864107
0.040330365
0.04456783
0.05351977
0.036316086
0.04537869
0.05246234
0.051770303
0.04811752
0.08460324
0.08548343
0.07661646
0.057269894
0.09281229
0.06538144
0.045594167
0.054023296
0.018549968
0.04569889
0.10379022
0.0637171
0.03487663
0.035956874
0.108898945
0.1041536
0.054605715
0.07067193
0.1582692
0.09078665
0.082608715
0.118005216
0.060342677
0.07384629
0.108030505
0.02505328
0.031470425
0.01983735
0.045943726
0.013689471
0.04059324
0.07814978
0.03927069
0.059894282
0.11047659
0.11447416
0.038379453
0.029589895
0.038536727
0.07109471
0.05334501
0.081992105
0.06713528
0.09997004
0.13225865
0.0552543
0.054839037
0.04168562
0.05958051
0.04755764
0.06510834
0.080183
0.036495157
0.07977006
0.102289826
0.05991241
0.053295713
0.078941196
0.08432978
0.04905528
0.02545754
0.064987004
0.0930962
0.054995082
0.04383548
0.03060572
0.021070126
0.050728925
0.101239316
0.0811828
0.048528016
0.0952853
0.07320859
0.016126862
0.079191886
0.101045996
0.08416547
0.07603605
0.09173486
0.09150176
0.062349427
0.10982532
0.09551841
0.030790472
0.030792631
0.026206344
0.05771252
0.044745103
0.037729606
0.093390554
0.09470404
0.10691471
0.12941849
0.11319895
0.09514633
0.063568614
0.039388616
0.057981346
0.077833354
0.024531377
0.09176383
0.13458736
0.06582568
0.027128872
0.023408026
0.06490209
0.033788636
0.016318796
0.06394505
0.09402349
0.07723747
0.06695504
0.080597945
0.06836336
0.07159118
0.048444368
0.038147032
0.05291868
0.044017654
0.040397853
0.06987689
0.024254832
0.020888517
0.013378476
0.02576018
0.047491007
0.0482191
0.05855086
0.033815816
0.049365867
0.080831505
0.09021779
0.04611219
0.06330798
0.018214371
0.10613966
0.09798533
0.06541538
0.09967374
0.056776598
0.057542805
0.03155784
0.051084734
0.11432654
0.080834664
0.022754433
0.055294093
0.119346164
0.13290086
0.10239494
0.0891147
0.119952425
0.11461429
0.020403493
0.09758505
0.11076195
0.057130076
0.090481125
0.04728005
0.03768301
0.041002803
0.049754355
0.043707218
0.05603657
0.053209733
0.06311472
0.064133234
0.09204625
0.10441702
0.09601926
0.12199981
0.108409695
0.003428055
0.08475618
0.05101975
0.08377789
0.07948789
0.0966951
0.117520474
0.063393176
0.012755963
0.03189673
0.041747816
0.06909577
0.021244291
0.048709873
0.05547752
0.051891863
0.06694716
0.062270917
0.035390828
0.005549056
0.06553581
0.058663826
0.033765297
0.039063606
0.017717721
0.094172284
0.15101044
0.09652918
0.059418976
0.13483626
0.113881715
0.006971764
0.01815823
0.046337947
0.061584897
0.05649199
0.06989606
0.0517749
0.08923783
0.145072
0.124816455
0.055780213
0.022141984
0.05128354
0.068373576
0.05897125
0.105585165
0.14982128
0.14505081
0.07955123
0.074599564
0.091867365
0.03838147
0.045997657
0.035234272
0.05217012
0.11322844
0.115122646
0.023209123
0.1133812
0.08557673
0.05701153
0.058067497
0.1028944
0.11110288
0.071359396
0.09879482
0.1047799
0.076243915
0.03725552
0.04104748
0.08406548
0.08243096
0.013248557
0.037068505
0.017361525
0.037016403
0.06162307
0.091707096
0.14748752
0.09341713
0.05486109
0.068960175
0.046372946
0.03233798
0.030758347
0.031909887
0.04551508
0.033590987
0.06944657
0.09348207
0.06718721
0.02430877
0.04630797
0.07244715
0.085297234
0.04206573
0.10127739
0.06271022
0.040119924
0.064514056
0.06153947
0.049398787
0.012582363
0.057024945
0.06057559
0.056798816
0.052535333
0.07833756
0.073659435
0.049832944
0.019037021
0.027642762
0.033915143
0.053809214
0.08838701
0.13409543
0.11519037
0.060758837
0.05467967
0.0341919
0.039858468
0.020844592
0.025953025
0.052347295
0.019640159
0.04160688
0.022876056
0.033332724
0.032694757
0.0177644
0.031522322
0.01203648
0.059718523
0.049018238
0.0114638815
0.03526733
0.06463788
0.08150072
0.016870335
0.050235793
0.06954178
0.059118178
0.031690877
0.0344972
0.068852946
0.09498745
0.0429542
0.06496821
0.09989617
0.09771492
0.10221497
0.08272468
0.14807986
0.13477275
0.04839877
0.057077557
0.040436447
0.073995255
0.06857182
0.018896451
0.018229935
0.06074446
0.083725154
0.04712263
0.03312145
0.067131296
0.058559176
0.038687885
0.028465828
0.08754005
0.09773105
0.07808713
0.05554147
0.045549385
0.01999215
0.077779435
0.07496305
0.016507447
0.055589724
0.047557257
0.017652756
0.020384796
0.021027561
0.049935695
0.04162323
0.038972907
0.11476326
0.10589897
0.06988744
0.053500716
0.0359997
0.09308838
0.03823064
0.056419056
0.028662244
0.054840315
0.046217214
0.028702214
0.059542246
0.06679551
0.108979456
0.08100491
0.038711123
0.06798986
0.023785125
0.056407545
0.071077764
0.0397746
0.07290776
0.08753899
0.072228484
0.020041766
0.054637723
0.028276764
0.022987626
0.055003837
0.09113332
0.06584805
0.053044565
0.032666527
0.043612957
0.043323833
0.073242836
0.10612146
0.076123305
0.040939335
0.027523298
0.012854485
0.040292475
0.05554619
0.08084151
0.07849783
0.05230138
0.04436894
0.019083599
0.058425013
0.061632697
0.062352907
0.0474755
0.057140242
0.037026398
0.02435716
0.02994966
0.120696805
0.12722407
0.03694543
0.08502823
0.0884991
0.058353767
0.07725897
0.12141618
0.08209583
0.044424243
0.056857307
0.098789796
0.12084746
0.10848345
0.06695151
0.0087490585
0.050900877
0.05737962
0.06378081
0.10093505
0.097359724
0.058504835
0.028736914
0.06323314
0.11640982
0.08894219
0.035923842
0.03245301
0.07114873
0.10574531
0.060834255
0.01090268
0.03957246
0.033061806
0.04959853
0.06715067
0.06886975
0.049525604
0.068439946
0.06287108
0.052974604
0.042004157
0.04761052
0.088019975
0.117477916
0.081654854
0.05243827
0.023854768
0.05429539
0.024705954
0.0065731923
0.03029132
0.038026247
0.07790323
0.055606466
0.022147192
0.051441055
0.030445352
0.047561586
0.058343835
0.114749
0.09119068
0.04660019
0.032434974
0.02709085
0.048864756
0.10202468
0.09865475
0.022966994
0.029828858
0.09679386
0.10241246
0.061746906
0.036647268
0.028508738
0.03751272
0.10681786
0.08555052
0.04017851
0.061601985
0.024473682
0.08820747
0.08526852
0.10847284
0.08188888
0.037199438
0.021997662
0.04278153
0.06893078
0.090586916
0.07512601
0.014289118
0.0924756
0.11698542
0.07210703
0.08720741
0.07617026
0.03851384
0.048504896
0.10419757
0.15552218
0.13632777
0.049866658
0.033158656
0.04010223
0.06499636
0.046207037
0.034755655
0.08895882
0.094979495
0.043624274
0.067962
0.06336245
0.05586789
0.042996593
0.0147109
0.022132799
0.06348457
0.08061856
0.07201283
0.07023742
0.08774502
0.098001
0.092108004
0.086312756
0.081791066
0.07985688
0.11491693
0.15328065
0.15465751
0.12561029
0.055480134
0.050770923
0.057546634
0.029346429
0.08471781
0.0993503
0.03966888
0.09530029
0.07496983
0.05003713
0.040275227
0.072919875
0.073267646
0.036586765
0.051629014
0.08875193
0.017170882
0.0731679
0.06935243
0.06850181
0.06966511
0.07451378
0.064769216
0.056279574
0.05819803
0.03441534
0.08945631
0.042282976
0.04434956
0.111771725
0.10811513
0.05311508
0.035007384
0.020979963
0.023985088
0.018541059
0.023673639
0.030219339
0.055637557
0.09050131
0.12797913
0.06243467
0.070391625
0.08653009
0.10916742
0.08162835
0.043103084
0.045068238
0.051062398
0.01981784
0.056586966
0.07927053
0.029645702
0.11335746
0.12006678
0.10654203
0.035186246
0.04334948
0.12134189
0.06577901
0.05080879
0.058986664
0.06282923
0.056517422
0.057323575
0.04453751
0.013040565
0.058345597
0.048086435
0.084668845
0.09597692
0.023568751
0.11261598
0.06540222
0.06591718
0.07013586
0.029953351
0.01996362
0.063461974
0.103213914
0.0678706
0.026489312
0.076674044
0.033283465
0.046364713
0.050608687
0.027873052
0.022369824
0.049265392
0.029855397
0.0061982367
0.060958833
0.0680686
0.028310962
0.08420389
0.061845012
0.039045777
0.036002155
0.101612195
0.07190377
0.06511575
0.11010917
0.111353785
0.049221843
0.07908133
0.059691742
0.027536554
0.024366608
0.054680675
0.0319491
0.05358421
0.11508362
0.08935384
0.068280414
0.115343094
0.081209786
0.0826394
0.07096577
0.064898156
0.0489229
0.01972767
0.03728745
0.07902994
0.043555092
0.020271078
0.027580677
0.047755685
0.066311315
0.14298353
0.1749747
0.076168664
0.059966978
0.08118103
0.08514925
0.0497112
0.039605122
0.041802425
0.05492384
0.09627942
0.026654545
0.11309967
0.115643606
0.076211356
0.031608187
0.019738259
0.039272245
0.04198654
0.086959384
0.071016245
0.028031088
0.05772211
0.1021799
0.12972602
0.07434003
0.0882553
0.14411934
0.102987975
0.046804573
0.034468375
0.097040445
0.10553619
0.026221823
0.06859309
0.084060445
0.08512157
0.073343925
0.059491415
0.13170624
0.09082128
0.012546547
0.076303266
0.13959286
0.15661746
0.102340005
0.039251775
0.054226313
0.124632485
0.15275504
0.0807221
0.07046956
0.11356622
0.037272774
0.03867882
0.01834958
0.019113977
0.031138651
0.05640637
0.06952318
0.040268965
0.11572893
0.078833126
0.055006918
0.054462887
0.018548274
0.029213725
0.053934928
0.10960091
0.113169946
0.07674805
0.04108025
0.07429879
0.031484026
0.07133718
0.04003076
0.034317117
0.07002983
0.053077944
0.0069623687
0.06368335
0.12015119
0.051879283
0.06012895
0.096963614
0.07896784
0.06246946
0.06244903
0.0801802
0.08925609
0.057372198
0.028323047
0.09451687
0.11071952
0.11858853
0.18408145
0.06622757
0.020123724
0.05712351
0.036825836
0.0426374
0.067630276
0.043471705
0.053933043
0.07394604
0.061700005
0.051625956
0.011425415
0.03206603
0.076625995
0.07262837
0.02022621
0.037991174
0.046768017
0.04723695
0.13067779
0.15072551
0.08614417
0.03626115
0.06951769
0.059305277
0.049494926
0.08392364
0.041137442
0.10467017
0.10605751
0.09321042
0.13946831
0.1551678
0.07510795
0.056815255
0.13814232
0.14555798
0.046254467
0.041687574
0.08145473
0.05429695
0.021894965
0.07434174
0.12893665
0.07065607
0.040441424
0.052002266
0.08634297
0.11242069
0.11546792
0.08202531
0.07016881
0.04351005
0.08137159
0.074709594
0.11995958
0.09454612
0.045578856
0.08134473
0.09346445
0.032078505
0.04354793
0.021893358
0.06333183
0.03901665
0.09405834
0.03316039
0.057058707
0.07115955
0.07147018
0.04463601
0.097449414
0.08384721
0.061827637
0.047759216
0.04087099
0.033501312
0.035996888
0.02559417
0.023433706
0.04537447
0.08168155
0.08014659
0.097880974
0.06993929
0.10386482
0.03128591
0.040315725
0.13083197
0.06665708
0.018714692
0.067167625
0.13729867
0.0923278
0.022179147
0.0963875
0.14921564
0.06425683
0.059095204
0.055934157
0.049376797
0.033829547
0.056383453
0.051876575
0.047637526
0.045910217
0.052852944
0.019998299
0.046840068
0.050334655
0.0444761
0.06916205
0.056885
0.048539013
0.013526703
0.051365916
0.05489383
0.086512566
0.11275595
0.09641118
0.069241755
0.114515685
0.103609316
0.036839522
0.044773206
0.07013577
0.045349147
0.050540507
0.09453256
0.082569286
0.10041319
0.13796313
0.10571674
0.074934505
0.0328668
0.04605483
0.022398297
0.08622409
0.068181165
0.0297466
0.055475537
0.0466067
0.09133004
0.096397266
0.060879905
0.04834707
0.010108041
0.054305993
0.048845306
0.03631992
0.065564394
0.081738986
0.06445836
0.05799258
0.023044733
0.050643943
0.07131272
0.074430436
0.068003856
0.09107003
0.058711823
0.09767723
0.12719712
0.09833256
0.11287251
0.06703986
0.0031175816
0.047353018
0.07035755
0.052402906
0.08374692
0.016169032
0.026114887
0.045441877
0.003274781
0.0595523
0.07178834
0.06977848
0.12965104
0.07021745
0.040146884
0.054756023
0.04444071
0.034056816
0.033174857
0.011303132
0.028622443
0.019934064
0.06299907
0.08451303
0.04905665
0.01134683
0.03238678
0.04701141
0.069258615
0.113175385
0.05132662
0.014900614
0.06723549
0.09819626
0.022981353
0.04342934
0.08175321
0.071071126
0.062467523
0.027217321
0.017699473
0.048898548
0.04445353
0.014996819
0.02453892
0.03260037
0.05582827
0.1290303
0.11899311
0.102664106
0.06933513
0.017560925
0.016022054
0.047627773
0.060948864
0.03853711
0.0688929
0.039916158
0.0667684
0.030638058
0.05119347
0.075606786
0.021122197
0.05998193
0.054050453
0.0793778
0.10988141
0.031220172
0.10483718
0.18007758
0.12090761
0.034833148
0.02911612
0.047885835
0.10508155
0.118940786
0.07201576
0.106098086
0.1593806
0.1072248
0.029303329
0.037820756
0.12960894
0.09310755
0.026335806
0.056899562
0.07382538
0.070784725
0.051070448
0.0706376
0.04202094
0.039394017
0.09115599
0.16468453
0.098027416
0.041321922
0.082241766
0.10205969
0.055823922
0.036941778
0.06778301
0.07899225
0.1253669
0.14736585
0.1356638
0.15156655
0.12451858
0.11670988
0.09121418
0.054415323
0.04975757
0.08220437
0.04436476
0.035742395
0.022896465
0.027393349
0.020228038
0.054361075
0.1465652
0.1298086
0.08027771
0.039729454
0.02562124
0.06762396
0.114254646
0.09514874
0.034145396
0.006122193
0.017668888
0.023214925
0.024482647
0.04470126
0.08676688
0.073876366
0.052103397
0.03807313
0.05123337
0.12482921
0.041300893
0.067043
0.08792245
0.07186766
0.044815306
0.028483875
0.08696971
0.14317298
0.14324184
0.10614666
0.03454122
0.09056129
0.14870763
0.072722405
0.035371006
0.024891512
0.032818507
0.03166964
0.05737824
0.036250267
0.0815154
0.058005806
0.050688706
0.008360771
0.08453734
0.07370558
0.019716587
0.04369403
0.0482582
0.044195727
0.05367901
0.042820554
0.08413817
0.03780285
0.015006849
0.03265052
0.014436913
0.053562544
0.032359593
0.057244677
0.055835593
0.0334708
0.050033234
0.03618073
0.018171152
0.054211885
0.034096655
0.06271566
0.041809924
0.03682277
0.04431637
0.055428784
0.09963111
0.08385797
0.0572097
0.036290262
0.058782637
0.08863608
0.0277905
0.023003051
0.051941447
0.029457318
0.06312153
0.044145692
0.03678742
0.044841252
0.017849106
0.033713963
0.040055055
0.03115183
0.053070586
0.07249918
0.07921188
0.08479079
0.09770541
0.074468836
0.029013474
0.054838642
0.008909935
0.012404386
0.053703297
0.05519957
0.014810711
0.03866516
0.06630197
0.04556893
0.013372831
0.013982851
0.0023212142
0.07869903
0.09064788
0.02700182
0.042539116
0.10527216
0.076085635
0.03979407
0.05747435
0.026562095
0.061830334
0.060799923
0.030062282
0.038192403
0.027124673
0.0665858
0.076343454
0.062659524
0.080276564
0.10231899
0.06091812
0.016297426
0.06391804
0.06550809
0.03466871
0.03723306
0.02842219
0.035819694
0.026148032
0.033466477
0.027227513
0.02924172
0.04881378
0.056438055
0.06731869
0.059202403
0.047434155
0.03025521
0.032007962
0.07930345
0.08437065
0.016833184
0.060726196
0.063584074
0.031359464
0.024023233
0.009189207
0.039307814
0.050664667
0.06200984
0.05021378
0.031509634
0.034204807
0.012437767
0.01782128
0.033714514
0.080475345
0.077103786
0.07274938
0.058723673
0.013209977
0.031765755
0.04227283
0.015090244
0.02610259
0.024716748
0.048076365
0.04720705
0.03430153
0.019676084
0.08414313
0.09077486
0.026231779
0.041583054
0.050234772
0.016823396
0.028343456
0.034078266
0.078422554
0.06364334
0.039940786
0.03399392
0.022736723
0.028932853
0.03549919
0.027496405
0.07068183
0.054526117
0.056256335
0.0457639
0.02446899
0.02145245
0.03830944
0.061337594
0.06285786
0.049490817
0.02849627
0.023589803
0.019328712
0.013550986
0.022680152
0.06530611
0.06992142
0.038894817
0.013495322
0.019163085
0.02104796
0.035504755
0.05154445
0.015628539
0.011927921
0.0115560945
0.03831432
0.036594532
0.02085014
0.057384957
0.050307795
0.02826725
0.035435222
0.028273873
0.024825478
0.041293364
0.033365197
0.03473259
0.046540488
0.038781792
0.016106477
0.003051847
0.0030518398
0.0
0.0
0.0
0.003051775
0.0
0.0
0.0
0.0
0.0
0.0
0.0030515236
0.0
0.0030514195
0.0
0.003051301
0.0030512363
0.003051168
0.003051096
0.0030510207
0.0
0.003050859
0.0
0.0
0.0030505897
0.0030504928
0.0030503923
0.0030502882
0.0030501804
0.006100138
0.003049954
0.0030498356
0.0030497136
0.0
0.0
0.0
0.0030491892
0.0030490493
0.0030489056
0.0
0.0030486076
0.0030484532
0.0030482954
0.0060962676
0.0
0.0030478002
0.0
0.0
0.0030472726
0.0
0.0030469028
0.0030467126
-0.003046519
-0.0030463214
0.0
-0.003045916
0.0
0.0
0.0
0.0
-0.00304484
0.0
-0.0030443843
0.0
-0.0030439147
-0.006087349
0.0
0.0
-0.0030429321
0.0
0.0
0.0
0.0
-0.0030416236
0.0
0.0
0.0
0.0030405126
0.0
-0.0030399356
0.0030396418
0.0
-0.0030390436
-0.003038739
-0.003038431
0.0
0.0
-0.0030374855
0.0
0.0
-0.0030365079
-0.00607235
-0.0030358385
-0.0030354983
-0.003035155
0.0
0.0
-0.0030341025
-0.0030337449
0.0
0.0
0.0
-0.003032278
0.0
-0.0030315232
-0.0030311407
-0.0030307544
-0.0060607293
-0.0030299714
-0.0030295746
-0.0030291742
-0.0060575404
-0.0030283628
-0.0030279518
-0.0030275374
-0.0030271192
-0.0030266976
-0.0030262724
-0.0030258438
-0.0030254116
-0.003024976
-0.0030245367
-0.003024094
-0.0030236477
-0.0030231979
-0.0030227446
-0.0030222875
-0.0030218272
-0.0060427263
-0.0030208959
-0.0030204249
-0.0030199504
-0.0030194724
-0.0030189909
-0.0030185059
-0.0030180172
-0.0030175252
-0.0030170297
-0.0030165305
-0.003016028
-0.003015522
-0.0030150122
-0.003014499
-0.0030139827
-0.0030134625
0.0
-0.0030124118
0.0
0.0
0.0
0.0
-0.0030097237
0.0
0.0
-0.003008069
0.0
0.0
0.0
0.0
0.0
0.0
0.0030040857
0.0
0.0
0.0030023265
0.0
0.0030011362
0.0
0.002999932
0.0029993248
0.002998714
0.0029981
0.0029974822
0.002996861
0.0029962363
0.0029956084
0.0029949767
0.0
0.0
0.0029930614
0.002992416
0.0
0.0
0.0029904593
0.0029898002
0.0
0.0
0.0
0.0029871291
0.0029864528
0.002985773
0.0
0.0
0.0059674256
0.0029830192
0.0029823224
0.002981622
0.0029809182
0.0059604216
0.0059590004
0.0059575723
0.005956137
0.0029773477
0.0059532467
0.005951791
0.0059503284
0.0059488593
0.0
0.0
0.005944411
0.0059429146
0.005941411
0.005939901
0.005938384
0.0059368606
0.00593533
0.0
0.0059322487
0.005930698
0.0059291404
0.005927576
0.0
0.005924427
0.0
0.005921251
0.005919653
0.005918048
0.005916436
0.0059148176
0.0059131924
0.0059115607
0.0
0.0
-0.0059066247
0.002952483
0.0059033004
0.0
0.0
0.0
0.0
0.0
0.0
0.0
0.0
0.0
0.0
0.0
0.0058827917
0.005881039
0.0
0.0
0.0
0.0
0.0
0.0
0.0
0.0
0.0
0.0
0.0
-0.0029297455
0.0
0.0
0.0
0.0
-0.0058502313
0.0
-0.0058464813
0.0
0.0
0.0
0.0
0.0
-0.0058350735
-0.0058331494
0.0
-0.005829281
0.0
-0.005825387
0.0
-0.0058214664
-0.0058194962
-0.00581752
-0.008723306
-0.0058135474
-0.005811551
-0.005809549
-0.0058075394
-0.002902762
-0.002901751
-0.0058014737
-0.005799439
-0.0028986987
0.0
-0.0028966474
-0.0028956172
0.0
0.0028935466
0.0
0.0
0.002890417
-0.002889367
0.0
-0.002887258
0.0
0.0
-0.0028840704
0.0
-0.0028819295
-0.002880854
0.0
0.0
-0.002877609
-0.0028765209
-0.0028754298
0.0
0.0
-0.002872137
-0.002871033
0.0
0.0028688156
0.0
-0.0028665855
-0.0028654658
0.0
-0.002863217
0.0
-0.0028609554
-0.00285982
0.0
0.0
0.0
-0.0028552467
-0.0028540955
-0.0028529412
-0.0028517838
0.0
-0.0028494596
0.0
0.0
0.0
0.0
0.0
0.0
-0.002841227
-0.0028400384
0.0
-0.002837652
0.0
0.0
-0.0028340495
-0.0028328425
0.0
0.0
0.0
0.0028279838
0.0
0.0
0.0028243074
0.0
0.0
0.0
0.0
0.0
0.0028168724
0.0
0.0028143697
0.0028131139
0.002811855
0.002810593
0.0
0.0
0.0028067888
0.0
0.0
0.0028029578
0.0028016747
0.0
0.005598199
0.0027978073
0.0027965123
0.0027952143
0.0027939132
0.0055852183
0.0
0.0
0.0
0.0
0.0027860445
0.0027847225
-0.0027833977
0.0
0.0027807392
0.0
0.0055561378
0.0055534584
0.0055507733
0.0055480823
0.0055453856
0.0
0.002769987
0.00276863
0.0
0.0027659065
0.0027645405
0.0
0.0055235997
0.0027604252
0.0027590476
0.0
0.0
0.0
0.0
0.0
0.0
0.002749323
0.0
0.0027465185
0.002745112
0.0
0.0
0.0027408751
0.0027394572
0.0027380362
0.0
0.0
0.0027337568
0.0
0.0
0.0
-0.0027280108
-0.0027265672
0.0
0.0
-0.0027222193
0.0
-0.0027193069
0.0
-0.0027163832
-0.002714917
0.0
0.0
0.0
0.0
0.0
0.0
0.0
0.0
0.0
-0.0027001027
-0.002698606
-0.0026971065
-0.0026956042
-0.0026940994
-0.0026925916
-0.0026910813
-0.005379136
-0.0026880521
-0.0026865334
-0.002685012
0.0
-0.002681961
0.0
-0.002678899
0.0
0.0
-0.0026742858
0.0
-0.0026711968
-0.0026696483
-0.0026680971
-0.0026665432
-0.0026649865
0.0
-0.0026618652
-0.0026603006
0.0
-0.0026571634
-0.0026555907
0.0
-0.0026524374
0.0
0.0
-0.0026476877
0.0
0.002644508
0.0
0.0
0.0
0.0
0.0
0.0
-0.0026332962
0.0
-0.0026300694
0.0
-0.002626832
-0.005250419
-0.0026235844
-0.0026219566
0.0
-0.0026186935
-0.002617058
-0.0052308403
-0.0026137796
-0.0026121365
-0.0026104907
-0.0026088424
-0.0026071917
0.0
-0.0026038825
0.0
0.0
0.0
0.0
0.0
0.0
-0.0025922204
0.0
0.0025888658
0.0
0.0025855012
0.0
0.0025821265
0.0
-0.002578742
0.002577046
0.0
-0.0025736466
0.0
0.0
0.002568529
0.0
0.0
0.0025633893
0.0
0.0
0.0
-0.0025565021
0.0
-0.002553044
-0.0025513112
0.0
0.0
0.0025460985
0.0
0.0025426117
0.0
0.0
0.0
0.0
0.0025338521
0.0
0.0
0.0
0.0
0.0025250332
0.005046525
0.0025214893
0.0025197137
0.0025179358
0.0025161556
0.002514373
0.0025125882
0.0
0.0
0.0
-0.0025054256
0.0
0.0
0.0
0.0024982262
0.0
0.0
0.0
0.0
0.0
0.0
0.0
0.0024837174
0.0
0.0024800678
0.0024782394
0.0
0.0024745762
0.002472741
0.002470904
0.0024690644
0.0
0.0
0.0024635328
0.0
0.0
0.0
0.0
0.0
-0.0024524103
0.0
0.0
0.0
0.0
0.0
0.0
0.0
0.002437458
-0.0024355792
-0.0024336984
-0.0024318153
-0.0024299303
-0.002428043
0.0
-0.002424262
-0.0024223684
-0.0024204727
-0.0024185749
-0.0024166747
-0.0024147728
-0.0024128687
-0.0024109625
-0.0024090542
-0.0024071436
-0.0024052311
-0.0024033168
-0.0024014001
-0.0023994814
-0.0023975607
-0.002395638
0.0
0.0
0.0
-0.0023879264
-0.0023859935
-0.0023840584
-0.0023821215
0.0
-0.0023782414
-0.004752597
0.0
-0.0023724062
0.0
0.0
0.0
0.0
0.0
-0.0023606822
0.0
-0.0023567586
-0.0047095874
0.0
-0.0023508584
-0.0023488877
-0.00469383
-0.0023449406
0.0
-0.0046819714
-0.0023390055
0.0
-0.0023350392
-0.0023330532
-0.0023310652
0.0
0.0
0.0
0.0023230945
-0.0023210973
0.0
0.0
0.0
0.002313089
0.0
0.0
0.0023070637
0.0023050513
0.0023030373
0.004602043
0.0022990038
0.0
0.0
0.0
0.0
0.0022888882
0.0
0.0
0.0
0.0
0.0
0.0045533804
0.004549302
0.0
0.0
0.0045370455
0.0045329533
0.0045288573
0.0045247576
0.004520655
0.0045165485
0.004512439
0.0045083254
0.004504209
0.0045000887
0.0044959653
0.0044918386
0.004487708
0.0044835745
0.0044794376
0.0
0.0044711535
0.0044670063
0.004462856
0.004458702
0.0044545447
0.0044503845
0.004446221
0.004442054
0.004437884
0.00443371
0.0
0.0
0.0
0.004416984
0.0044127945
0.0044086017
0.0
0.0044002063
0.0043960037
0.0043917983
0.0043875896
0.0
0.0043791626
0.0
0.0
0.0021832495
0.0043622716
0.004358041
0.0021769037
0.0
0.0
0.0043410882
0.004336843
0.0043325936
0.004328342
0.004324087
0.0021599147
0.0043155686
0.006466957
0.0043070377
0.006454152
0.0042984956
0.00429422
0.0042899414
0.00428566
0.0042813756
0.004277088
0.004272798
0.004268505
0.0
0.0
0.0
0.0
0.0021234988
0.0021213437
0.0
0.0021170296
0.0
0.0
0.0
0.0
0.0
0.0
0.0
0.0
0.0
0.0
0.0
-0.0020910287
-0.0020888532
-0.0020866764
0.0
-0.0020823188
-0.004160276
-0.002077956
-0.0020757725
-0.0041471757
-0.0020714018
-0.0020692146
-0.0041340524
-0.0020648362
-0.006187936
-0.006181359
-0.0020582592
-0.0020560645
-0.0020538683
-0.002051671
-0.0020494724
-0.006141818
-0.0020450717
-0.0020428693
-0.0061219977
-0.0020384612
-0.0020362553
-0.0061021447
-0.00203184
-0.0020296304
-0.0020274199
-0.002025208
-0.002022995
-0.0020207807
-0.006055696
-0.0060490468
-0.0020141313
-0.0020119124
-0.0020096924
-0.0020074714
-0.002005249
-0.0020030257
-0.0020008013
-0.0019985756
-0.0019963488
-0.0019941211
0.0
-0.0019896622
-0.001987431
0.0
-0.0019829655
-0.003961462
-0.0019784956
-0.0019762593
-0.003948043
-0.0039435662
-0.0039390866
-0.0019673028
-0.0019650608
-0.0019628182
-0.0019605744
0.0
-0.0019560836
-0.0019538368
0.0
-0.00194934
0.0
-0.0019448393
-0.0019425874
0.0
0.0
0.0
-0.0019335703
0.0019313137
0.0019290559
0.0019267973
0.0
0.0019222773
0.0
0.0
0.0
-0.0019132261
-0.001910961
-0.001908695
0.0
0.0
0.0
0.001899622
0.0
0.0018950802
0.0
0.001890535
0.0
0.0
0.0037674215
0.0
0.0018791569
0.0018768788
0.0018745998
0.0037446402
0.0018700395
0.001867758
0.0018654758
0.0018631929
0.001860909
0.0037172488
0.003712678
0.0018540529
0.001851766
0.0036989565
0.0036943797
0.0018449007
0.0018426107
0.00184032
0.0018380285
0.0036714727
0.0036668868
0.0018311498
0.0036577107
0.0036531207
0.003648529
0.0036439362
0.0018196709
0.0018173731
0.003630149
0.0018127753
0.0036209507
0.0018081748
0.0
0.0018035716
0.0
0.0
0.001796662
0.0017943576
0.0017920524
0.0
0.0017874404
0.0017851334
0.0017828258
0.0017805176
0.0017782088
0.0017758994
0.0017735894
0.0017712789
0.0017689677
0.0017666561
0.0
0.0
0.0
0.0017574036
0.0
0.0
0.0017504585
0.0
0.0
-0.0017435086
0.001741191
0.0
0.0
0.0
0.0
0.0017295954
0.0
0.0
0.0
0.0017203101
0.0
-0.0017156648
-0.0017133413
-0.0017110176
0.0
-0.0017063686
-0.0017040435
-0.001701718
-0.0033987842
0.0
-0.001694739
-0.0016924118
-0.0033801687
-0.0016877564
0.0
-0.0016830994
0.0
-0.001678441
-0.0016761112
-0.0016737811
-0.0016714507
-0.0016691198
0.0
0.0
-0.0016621253
-0.0033195866
-0.0033149216
-0.0033102562
-0.00330559
-0.0033009234
-0.001648128
0.0
-0.0032869198
-0.0032822508
-0.0032775812
-0.003272911
-0.0032682405
-0.0032635694
-0.003258898
-0.0032542257
-0.0032495533
-0.0032448804
-0.0048603103
-0.003235533
-0.0032308586
-0.0032261838
-0.0016107543
-0.0032168329
-0.003212157
0.0
-0.003202804
-0.0015990634
-0.0031934495
-0.0031887717
-0.0015920468
-0.0015897077
-0.0015873683
0.0
-0.0015826892
-0.0015803494
0.0
-0.0015756695
0.0
-0.0015709891
0.0015686488
0.0
0.0
0.0015616273
0.0
0.0
0.0
0.001552264
0.001549923
0.0
0.0
0.0
0.0
0.0
0.0
0.0015335347
0.0
0.0
0.0015265108
0.0
0.0
0.0
-0.0015171455
0.0015148043
0.0
0.0
0.0015077807
0.0
0.0
0.0015007575
-0.0014984165
0.0014960757
0.0014937348
0.0
0.0014890534
0.0014867128
0.0029687446
0.0029640638
0.0029593832
0.0029547028
0.0014750113
0.0014726714
0.0
0.0
0.0014656524
0.001463313
0.0014609736
0.0014586346
0.0
0.0014539568
0.0014516183
0.0014492797
0.0014469415
0.0
0.0014422656
0.0014399278
0.0
0.0014352531
0.0
0.0014305791
0.0014282425
0.0
0.00142357
0.0014212341
0.0
0.0
0.0014142278
0.0014118929
0.0028191167
0.001407224
0.0014048899
0.0028051122
0.0014002225
0.0013978893
0.0
0.0013932239
0.0013908916
0.0013885596
0.002772456
0.0027677934
0.0027631314
0.0013792351
0.0013769048
0.0013745748
0.0013722453
0.001369916
0.0027351743
0.0013652586
0.0
0.0013606028
0.0013582754
0.0013559485
0.0
0.0
0.0013489701
0.0013466448
0.0
0.0
0.0
0.0
0.0
0.0
0.0013303797
0.0
0.0
-0.0013234159
0.0
0.0
-0.0013164562
0.0
0.0
-0.001309501
0.0
0.0013048667
0.0
0.0
0.0
-0.0012956045
-0.0012932903
0.0
-0.0012886636
0.0
0.001284039
0.0
-0.0012794167
-0.0012771065
-0.0012747968
-0.0012724877
-0.0012701792
-0.0012678714
-0.001265564
-0.0012632573
0.0
-0.0012586459
0.0
0.0
0.0
0.0
0.0
-0.0012448267
0.0
-0.0012402255
-0.001237926
0.0
-0.0012333288
0.0
-0.0012287345
-0.0012264384
-0.001224143
0.0
-0.0024391084
-0.001217261
0.0
-0.0036380298
-0.0024207712
-0.0024161905
-0.0036174168
-0.0024070337
-0.0024024574
-0.0035968241
0.0
-0.0023887383
-0.0023841683
-0.0023796
-0.0011875165
-0.0011852339
-0.0011829521
-0.0011806712
-0.0023567819
-0.002352223
-0.002347666
-0.0023431105
-0.0023385568
0.0
-0.0011647271
-0.0023249057
-0.0023203585
-0.0023158134
0.0
0.0
-0.002302188
0.0
-0.0011465566
-0.0011442893
0.0
0.0
0.0
-0.0022704578
0.0
0.0
0.0
0.0
0.0
0.0
0.0
0.0
0.0
0.0
0.0
0.0
0.0
0.0
0.0
0.0
0.0
-0.0010946443
0.0
0.0
-0.0010879113
0.0
0.0
0.0
-0.0010789485
0.0
-0.0010744734
0.0
0.0
0.0
-0.0010655359
0.0
0.0
0.0
0.0
0.0
0.0
-0.0010499373
0.0
-0.0010454906
0.0
0.0
0.0
0.0
0.0
0.0
0.0
0.0
0.0
0.0
0.0
0.0
0.0
0.0
0.0020245744
0.0
0.0020157606
0.0020113573
0.0020069564
0.002002558
0.0
0.0
9.94689E-4
0.0
0.0
0.00197622
0.0
9.837304E-4
0.0
0.0
0.0
0.0
0.0
0.0
0.0
0.0
0.0
0.0
0.0
0.0
0.0
0.0
9.5104903E-4
9.4888086E-4
9.4671414E-4
9.445487E-4
9.423847E-4
9.40222E-4
0.0
9.3590084E-4
0.0
9.315852E-4
9.294295E-4
0.0
0.0
9.229708E-4
9.2082075E-4
9.1867207E-4
9.165249E-4
0.0
9.1223477E-4
0.0
0.0
0.0
-9.036719E-4
0.0
8.993992E-4
0.0
8.951325E-4
8.930013E-4
0.0
0.0
0.0
0.0
8.82368E-4
0.0
0.0
8.7600615E-4
-8.738886E-4
8.717726E-4
0.0
-8.6754514E-4
0.0
-8.633239E-4
-8.6121564E-4
-8.591089E-4
0.0
0.0
-8.527982E-4
-8.506978E-4
-8.48599E-4
-8.465018E-4
-8.4440614E-4
-8.423121E-4
-8.402197E-4
-8.3812897E-4
-8.360398E-4
-8.339522E-4
-8.318663E-4
-0.001659564
-8.276994E-4
-8.2561834E-4
-0.001647078
-8.214613E-4
-0.0016387706
-8.173109E-4
-8.1523816E-4
-8.1316713E-4
-8.110978E-4
-8.090301E-4
-8.069641E-4
-0.0016097996
-8.028372E-4
0.0
-7.9871714E-4
0.0
0.0
-7.9254986E-4
0.0
0.0
7.8639813E-4
0.0
7.8230567E-4
7.8026205E-4
0.0
0.0
0.0
0.0
0.0
7.6803745E-4
0.0
0.0
0.0
-7.599233E-4
0.0
7.5587706E-4
0.0
0.0
7.4982125E-4
0.0
0.0
-7.437819E-4
0.0
0.0
-7.3775917E-4
0.0
0.0
0.0
0.0
0.0
7.2576385E-4
0.0
-7.2178047E-4
0.0
0.0
0.0
7.138364E-4
7.1185513E-4
0.0
7.078984E-4
0.0
7.0394936E-4
7.0197775E-4
0.0
0.0
6.960745E-4
6.941107E-4
6.921488E-4
0.0013803778
0.0
6.8627496E-4
0.0
0.0
0.0
6.784709E-4
0.0013530498
6.745808E-4
0.0013452775
-6.7069876E-4
0.0
6.6682475E-4
6.6489074E-4
6.6295883E-4
0.0
0.0
0.0
0.0
0.0
0.0
-6.494923E-4
-6.4757676E-4
0.0
0.0
0.0
0.0
0.0
6.361269E-4
0.0
0.0
-6.304302E-4
0.0
0.0
0.0
0.0
6.2097795E-4
0.0
0.0
6.153321E-4
0.0
0.0
6.097056E-4
6.078344E-4
6.059653E-4
0.0
-6.0223375E-4
0.0
0.0
0.0
-5.947967E-4
-5.929429E-4
-5.910913E-4
-5.892419E-4
-5.873947E-4
-5.8554974E-4
-0.0011674139
-0.0011637328
-5.800281E-4
-0.001156384
0.0
-5.745265E-4
-5.726971E-4
-5.7086995E-4
-0.0011380902
-5.672224E-4
-5.6540204E-4
-5.635839E-4
-0.0011235361
-5.5995444E-4
-5.5814313E-4
-5.563341E-4
-5.5452733E-4
-0.0011054458
-5.5092067E-4
-5.491208E-4
-5.473232E-4
-5.4552796E-4
-5.43735E-4
-5.419443E-4
-5.40156E-4
-5.3836993E-4
-5.365863E-4
-5.348049E-4
-0.0010660517
-5.3124916E-4
-5.294748E-4
0.0
-5.259331E-4
-5.241658E-4
-5.224009E-4
-5.206383E-4
-0.0010377562
0.0
-5.1536475E-4
-0.0010272233
-5.1186094E-4
-0.0010202252
0.0
-5.066232E-4
0.0
-5.031433E-4
-5.0140696E-4
0.0
-4.9794157E-4
-4.962125E-4
-4.9448584E-4
-4.927616E-4
-4.910398E-4
0.0
-4.8760357E-4
-4.858891E-4
0.0
0.0
4.8076038E-4
4.7905574E-4
4.7735355E-4
0.0
0.0
4.7226183E-4
4.7056953E-4
4.6887973E-4
9.343848E-4
4.655076E-4
4.6382527E-4
4.6214546E-4
0.0
0.0
4.57121E-4
4.5545123E-4
4.5378396E-4
4.5211922E-4
0.0
4.4879733E-4
4.471402E-4
0.0
4.4383353E-4
4.42184E-4
4.4053706E-4
0.0
4.372508E-4
4.356115E-4
0.0
4.3234063E-4
0.0
0.0
0.0
0.0
0.0
0.0
0.0
0.0
4.1774963E-4
0.0
4.1453578E-4
4.129328E-4
0.0
0.0
4.0813952E-4
4.0654704E-4
4.0495716E-4
4.0336995E-4
4.0178536E-4
4.0020343E-4
0.0
3.9704752E-4
3.9547356E-4
3.9390224E-4
3.923336E-4
7.8153523E-4
3.8920433E-4
3.876437E-4
3.8608574E-4
3.845305E-4
7.6595583E-4
3.8142802E-4
0.0
7.5667264E-4
3.7679455E-4
0.0
0.0
3.721854E-4
3.7065445E-4
7.382525E-4
7.3520147E-4
3.6607796E-4
3.645579E-4
3.630406E-4
3.61526E-4
3.6001418E-4
3.585051E-4
3.5699873E-4
3.5549514E-4
3.539943E-4
3.5249625E-4
3.5100093E-4
3.495084E-4
3.480186E-4
3.465316E-4
3.450474E-4
3.4356592E-4
3.4208727E-4
6.8122277E-4
3.391383E-4
3.37668E-4
6.7240105E-4
3.347358E-4
6.6654786E-4
3.3181484E-4
0.0
0.0
3.2745447E-4
3.2600667E-4
0.0
3.2311952E-4
0.0
3.2024368E-4
0.0
3.1737922E-4
0.0
0.0
3.1310384E-4
0.0
0.0
0.0
0.0
0.0
0.0
0.0
0.0
0.0
0.0
0.0
-2.9626026E-4
0.0
-2.934934E-4
-2.921143E-4
0.0
0.0
0.0
0.0
-2.8526245E-4
-2.8390085E-4
0.0
-5.623728E-4
-2.7983356E-4
-5.569673E-4
-5.5427337E-4
0.0
-2.7445157E-4
-2.7311343E-4
0.0
0.0
-2.6911675E-4
0.0
-2.6646708E-4
0.0
0.0
-2.625148E-4
0.0
-5.1978964E-4
-2.585893E-4
-2.5728677E-4
-2.5598722E-4
0.0
-5.067942E-4
-2.5210652E-4
-5.0163793E-4
-2.4953438E-4
0.0
-4.939485E-4
0.0
0.0
-2.4315667E-4
0.0
0.0
0.0
0.0
0.0
0.0
0.0
2.3310952E-4
-2.3186728E-4
0.0
0.0
0.0
4.538577E-4
0.0
0.0
0.0
0.0
0.0
0.0
0.0
0.0
0.0
0.0
0.0
-4.248158E-4
0.0
0.0
0.0
0.0
0.0
0.0
0.0
0.0
-2.0180915E-4
-2.0064706E-4
0.0
0.0
0.0
0.0
0.0
3.8748028E-4
3.851999E-4
0.0
0.0
0.0
3.761412E-4
3.7389225E-4
0.0
0.0
0.0
0.0
0.0
1.8026559E-4
0.0
3.5612812E-4
1.7696805E-4
0.0
1.7478557E-4
0.0
0.0
0.0
-1.7045879E-4
0.0
0.0
1.6724721E-4
1.6618308E-4
1.6512215E-4
0.0
1.630099E-4
1.6195858E-4
0.0
0.0
0.0
0.0
0.0
1.5571823E-4
0.0
1.5366387E-4
1.5264156E-4
0.0
1.506066E-4
1.4959398E-4
0.0
0.0
0.0
0.0
0.0
1.435864E-4
1.425965E-4
1.4160988E-4
1.4062651E-4
1.3964639E-4
0.0
0.0
1.3672565E-4
0.0
1.3479484E-4
1.3383434E-4
0.0
0.0
1.3097253E-4
0.0
0.0
0.0
0.0
1.2626855E-4
0.0
1.2441001E-4
1.2348569E-4
0.0
0.0
1.2073255E-4
0.0
1.1891366E-4
1.1800918E-4
-1.17108015E-4
1.1621017E-4
0.0
0.0
1.13536546E-4
1.12651986E-4
1.1177075E-4
0.0
1.1001828E-4
1.0914704E-4
1.08279135E-4
1.0741457E-4
1.0655334E-4
0.0
0.0
0.0
1.0314187E-4
0.0
0.0
0.0
-9.9783996E-5
0.0
-9.8125194E-5
-9.7300835E-5
0.0
-9.566221E-5
0.0
-9.403705E-5
-9.322953E-5
-9.2425376E-5
-9.16246E-5
-9.08272E-5
0.0
-8.924254E-5
-8.845529E-5
-1.7534282E-4
-8.689092E-5
-8.6113825E-5
-1.7068023E-4
-8.4569794E-5
-8.3802865E-5
-8.303934E-5
-8.2279206E-5
-8.152247E-5
0.0
-8.001921E-5
-7.927268E-5
0.0
-7.778984E-5
0.0
-1.5264128E-4
-7.559116E-5
-7.486509E-5
-7.414244E-5
0.0
-7.270739E-5
0.0
-7.1286035E-5
-7.0580485E-5
-6.987837E-5
-6.917968E-5
-6.848442E-5
-6.7792585E-5
-6.710419E-5
0.0
0.0
0.0
-6.438496E-5
-6.371376E-5
0.0
-6.238167E-5
0.0
0.0
-6.0409377E-5
0.0
-5.9111764E-5
0.0
-5.782797E-5
-1.1438251E-4
-5.6557994E-5
-5.5928198E-5
-5.5301858E-5
-5.4678985E-5
-5.4059572E-5
-5.3443626E-5
-5.2831147E-5
-5.2222134E-5
-5.1616593E-5
0.0
-5.041592E-5
0.0
0.0
0.0
0.0
0.0
-4.6897323E-5
0.0
4.57523E-5
0.0
0.0
0.0
0.0
4.295074E-5
-4.24009E-5
0.0
0.0
0.0
4.0236468E-5
0.0
3.9175233E-5
3.8649865E-5
3.8128E-5
3.7609636E-5
3.7094775E-5
7.316684E-5
3.6075573E-5
3.5571233E-5
7.01408E-5
6.9146154E-5
3.4079265E-5
3.3588964E-5
6.620436E-5
0.0
3.2139153E-5
3.1662912E-5
3.119019E-5
3.072099E-5
0.0
0.0
2.9334506E-5
2.887939E-5
0.0
2.7979733E-5
-2.7535194E-5
0.0
0.0
-2.6222746E-5
0.0
-2.5365433E-5
0.0
0.0
0.0
0.0
-2.3283988E-5
0.0
0.0
0.0
0.0
0.0
-2.0903006E-5
0.0
2.013768E-5
1.9760335E-5
0.0
1.9016281E-5
1.8649576E-5
1.8286419E-5
1.7926812E-5
1.7570754E-5
3.4436496E-5
3.3738586E-5
1.6523893E-5
0.0
1.584375E-5
1.5509011E-5
1.5177828E-5
-1.4850202E-5
1.4526133E-5
0.0
0.0
1.3575279E-5
0.0
1.2959177E-5
0.0
1.2357323E-5
0.0
0.0
0.0
0.0
0.0
0.0
-1.0363114E-5
0.0
0.0
0.0
0.0
-9.045704E-6
8.792934E-6
0.0
0.0
8.056054E-6
-1.5635145E-5
0.0
-7.3513343E-6
-7.1235777E-6
0.0
-6.678791E-6
0.0
-6.2483114E-6
0.0
0.0
5.6294257E-6
0.0
0.0
0.0
0.0
0.0
0.0
0.0
-4.1365797E-6
-3.9660918E-6
-3.7991865E-6
-3.635865E-6
3.4761272E-6
-3.3199735E-6
0.0
0.0
-2.8730217E-6
5.462417E-6
-2.5929814E-6
-2.4583405E-6
-2.3272864E-6
-2.1998192E-6
2.075939E-6
-1.9556464E-6
0.0
0.0
0.0
0.0
-2.816012E-6
0.0
-1.2140717E-6
-1.1224888E-6
0.0
-9.5009244E-7
0.0
-7.920567E-7
-7.1842453E-7
-6.483831E-7
-5.8193257E-7
-5.19073E-7
-4.598047E-7
0.0
0.0
0.0
-2.5864583E-7
-2.1733533E-7
-1.796167E-7
-1.4549008E-7
0.0
-8.801307E-8
-6.466283E-8
-4.4904837E-8
-2.8739146E-8
0.0
-7.1848034E-9
0.0
-0.0
