0.15958558
0.16365074
0.14325263
0.15511388
0.10319177
0.32815847
0.8337263
1.3408155
0.63599855
0.41233698
0.7806692
0.8024747
0.7485753
0.9090361
0.41518745
0.39986578
0.4769323
0.4914042
0.05564075
0.20384303
0.24024107
0.25622442
0.62552214
0.8021184
0.5927858
0.53353804
0.3157045
0.1827437
0.18085225
0.28949198
0.13468404
0.09642631
0.0728334
0.2711056
0.16815822
0.1122364
0.22495341
0.2997429
0.3802682
0.27667168
0.32710183
0.09455147
0.22440498
0.3034104
0.22196682
0.16842526
0.21862245
0.2292867
0.07220494
0.1631909
0.11582108
0.20379294
0.24473865
0.19216126
0.13316514
0.3301869
0.38402826
0.17518762
0.17784442
0.16941054
0.12765294
0.09611178
0.26488233
0.017338885
0.1782983
0.027355028
0.14314382
0.28656504
0.10120761
0.1556792
0.05724188
0.12423003
0.18971905
0.22063066
0.26555955
0.14621748
0.10596738
0.1760952
0.23104428
0.211168
0.1933471
0.2947603
0.23021676
0.26121166
0.48591024
0.37682658
0.18990587
0.08492408
0.16606699
0.10339841
0.22113284
0.22907062
0.19303629
0.19693182
0.018614324
0.13518357
0.042442072
0.07440738
0.050540954
0.14193434
0.24290024
0.06594539
0.11655059
0.07161524
0.14813417
0.23195063
0.16647758
0.102226354
0.22124228
0.2308513
0.09590022
0.1994979
0.31174588
0.27235174
0.13080202
0.13592187
0.24435045
0.18442531
0.1016858
0.17345375
0.25693122
0.16991624
0.11334203
0.11709043
0.079009384
0.1717744
0.3032366
0.3177085
0.18961827
0.2702807
0.16659923
0.041078676
0.1099731
0.16836132
0.07042428
0.05109112
0.100003794
0.16946332
0.19872464
0.18562053
0.23071195
0.20954344
0.06619733
0.17754638
0.06733671
0.0674664
0.14776589
0.09346751
0.11470315
0.15317594
0.066954724
0.13852811
0.2280245
0.22459576
0.09091115
0.14424205
0.13557489
0.043496426
0.13965085
0.22579475
0.19805287
0.07832246
0.05772414
0.06148109
0.08927592
0.057737175
0.08519476
0.1052625
0.100445434
0.2595964
0.14892885
0.1312507
0.24938384
0.27687716
0.13482222
0.16893359
0.14502022
0.071620494
0.07065653
0.04655893
0.14241324
0.10279827
0.09252309
0.091409765
0.059242144
0.12131149
0.112496585
0.08105178
0.04067795
0.06500409
0.10850703
0.10446043
0.03818368
0.048750967
0.22502555
0.24050814
0.07861723
0.09693383
0.14743714
0.11205405
0.15552795
0.09510526
0.12065296
0.08935541
0.06412896
0.061796866
0.04811347
0.13614792
0.12536752
0.0769945
0.036317002
0.035900455
0.06585225
0.08109509
0.05377447
0.088836744
0.07481385
0.044850994
0.025175208
0.026953489
0.04134303
0.056081645
0.096776515
0.06853183
0.04234979
0.04488958
0.038589936
0.055294044
0.061202295
0.050226185
0.11351766
0.08099156
0.097807996
0.101851754
0.020884532
0.11145244
0.11828777
0.05149429
0.055676408
0.09437704
0.07054868
0.072474636
0.088686295
0.09543507
0.04546445
0.041612737
0.042662844
0.09084971
0.12883142
0.12331924
0.102292426
0.10339324
0.20921457
0.12629917
0.034229197
0.034788005
0.1254974
0.11604529
0.083638005
0.08071239
0.038844515
0.12767532
0.112714
0.08924817
0.1509835
0.14246576
0.074800044
0.06319354
0.069057934
0.09373549
0.098134644
0.059397113
0.06283847
0.14570524
0.117748156
0.008071775
0.015123057
0.07409013
0.11559526
0.18974197
0.1281937
0.06410634
0.12836458
0.14044459
0.12525736
0.18031573
0.16137229
0.112996235
0.1378396
0.07149598
0.047953278
0.042943932
0.037954956
0.07319599
0.16417491
0.22421364
0.10700327
0.07467736
0.06336465
0.021023564
0.09013141
0.11016974
0.07408532
0.0936029
0.14259179
0.16540144
0.109866776
0.03002066
0.08440853
0.038085718
0.009553306
0.08339449
0.14223193
0.112413146
0.05546322
0.025236309
0.015830684
0.09524762
0.15198413
0.12682796
0.057022918
0.08935883
0.12307334
0.082621224
0.04069827
0.03257956
0.01637658
0.039364908
0.048494965
0.104559354
0.07755312
0.10580574
0.033899628
0.031080347
0.055289492
0.12077942
0.054146472
0.08974982
0.09710439
0.04829636
0.09465185
0.102065794
0.1048098
0.072366886
0.096119046
0.057042927
0.030914681
0.057503592
0.11198104
0.12828365
0.047597665
0.06238989
0.0777447
0.10768429
0.08140126
0.046851862
0.04879015
0.013705279
0.053534366
0.038276203
0.045406137
0.037097175
0.05323488
0.103883594
0.10379149
0.13883546
0.12823172
0.12539986
0.07858128
0.022017535
0.057919074
0.0677333
0.039184544
0.027596002
0.10200781
0.12907098
0.06241677
0.07534522
0.07777447
0.04440255
0.19683607
0.19449663
0.010812274
0.17066112
0.1696107
0.10143071
0.09402057
0.09450851
0.020962657
0.050644994
0.089855164
0.079965435
0.03812531
0.049079757
0.063214086
0.085755646
0.08237139
0.120576
0.124508426
0.09572944
0.18293117
0.14768638
0.031306535
0.073131435
0.17927437
0.15419939
0.09391433
0.0938402
0.16310425
0.20005773
0.10429839
0.0092681
0.039579153
0.09947207
0.090286255
0.06075134
0.065511264
0.12826109
0.13390177
0.09039317
0.12132304
0.07944993
0.14319795
0.11587611
0.0023742265
0.07486119
0.085796006
0.020319214
0.050780438
0.056099407
0.093789734
0.12258545
0.12606643
0.09945985
0.15003566
0.091689095
0.034000494
0.067925006
0.12733875
0.16336
0.1327188
0.09295509
0.12830217
0.12429376
0.0949924
0.046435844
0.06977346
0.09527974
0.07274331
0.062152196
0.05907865
0.020474222
0.07444435
0.15200984
0.11183194
0.042010438
0.0744772
0.084884204
0.07831673
0.036164418
0.020636931
0.03853888
0.053109586
0.11490084
0.16446622
0.11916682
0.04474311
0.09047373
0.08339457
0.06438258
0.050970003
0.101347625
0.099109605
0.047784578
0.08014285
0.09814338
0.056700267
0.056943078
0.19799037
0.17784305
0.08778185
0.025934245
0.060627796
0.07713064
0.075960584
0.04583894
0.068111494
0.014422839
0.088283494
0.15959105
0.1027295
0.03441055
0.032945514
0.11610288
0.13859202
0.062784046
0.120551
0.124159515
0.050365184
0.10760754
0.23437962
0.150914
0.055102475
0.05335485
0.088576354
0.1310814
0.10321288
0.038631566
0.05080853
0.10385928
0.04900239
0.1060277
0.13435842
0.11980779
0.044346407
0.09564355
0.07514119
0.11366488
0.11520159
0.039739884
0.04496862
0.0047746655
0.06659133
0.060807507
0.027966963
0.05367733
0.08209946
0.03909707
0.11014984
0.13428688
0.052446663
0.041010007
0.13848083
0.09026027
0.17737323
0.15067908
0.08737281
0.059394956
0.016442794
0.062241845
0.005893446
0.056630988
0.0901958
0.10956391
0.050640963
0.05672748
0.07849315
0.047649078
0.1607406
0.19621797
0.11063585
0.041464176
0.086547196
0.0897441
0.07137255
0.062367972
0.0060209106
0.051652834
0.10684634
0.027913047
0.06973219
0.058393583
0.042093117
0.0904096
0.054678146
0.022303956
0.07852311
0.11285962
0.023254065
0.17197993
0.19667952
0.1349654
0.039453432
0.104473285
3.3608972E-4
0.10941732
0.14757049
0.11110076
0.069904156
0.07503097
0.20244612
0.20128559
0.048460465
0.059439387
0.0421881
0.16154806
0.06698299
0.041569676
0.06808925
0.097296506
0.028072903
0.057195373
0.06300818
0.114239335
0.060057707
0.15462396
0.3214085
0.2599669
0.13768764
0.17781402
0.18695055
0.031651482
0.07536115
0.099954575
0.102389
0.11190702
0.084174044
0.04173621
0.041348368
0.10239128
0.07936949
0.2731295
0.26216897
0.25434816
0.2769711
0.16433805
0.13926984
0.11524148
0.038837142
0.06975258
0.053500082
0.123374455
0.123783715
0.08440063
0.23351215
0.31935653
0.1427004
0.078246206
0.17579521
0.2099134
0.25929582
0.106719114
0.15122966
0.091534466
0.10441393
0.14175297
0.021709371
0.06979807
0.07847627
0.13284948
0.21628416
0.33186364
0.2871771
0.13563174
0.099082775
0.15968674
0.18177304
0.15557186
0.03195173
0.085411385
0.12487337
0.20172648
0.18024746
0.29884776
0.2292346
0.16011418
0.14911425
0.11057652
0.066595666
0.072916776
0.09884744
0.10120051
0.11333485
0.05878084
0.1229868
0.096311584
0.078326285
0.09747098
0.110523224
0.07451639
0.23104855
0.19500989
0.0718506
0.045616806
0.0772807
0.094523154
0.05772159
0.044873185
0.08419375
0.12887324
0.059741937
0.028926617
0.036723442
0.014923585
0.12353814
0.07390874
0.055208452
0.091021985
0.14859779
0.13996932
0.10138793
0.034987923
0.052685983
0.012955881
0.13952172
0.24270196
0.2224298
0.14820452
0.06921987
0.021844123
0.046785045
0.040163726
0.09214548
0.06326988
0.03786738
0.12897144
0.112194605
0.04861703
0.024265936
0.03962786
0.11024797
0.12486861
0.06149887
0.05631018
0.062057246
0.0859808
0.10076864
0.04004297
0.027400404
0.0973471
0.16402145
0.124730244
0.026263362
0.049159635
0.0778608
0.07527546
0.087159224
0.12331893
0.023150306
0.14720714
0.113092445
0.11766462
0.1243848
0.07439246
0.025193574
0.045555856
0.05646506
0.10964555
0.15269174
0.08542333
0.039924927
0.09510924
0.1534082
0.17510104
0.15135437
0.069332205
0.13538325
0.19548705
0.13371484
0.026163494
0.11070727
0.10922309
0.06407977
0.081521936
0.042205565
0.060821183
0.056785364
0.1112951
0.11704018
0.15997864
0.17270404
0.1232561
0.055084135
0.09278448
0.047870066
0.049300462
0.05481722
0.038447775
0.061849747
0.04801203
0.044490766
0.03413461
0.097581945
0.1506184
0.11660909
0.12639757
0.09623729
0.038229465
0.03956858
0.09570673
0.12230039
0.050383713
0.08614763
0.08695601
0.027272409
0.019155575
0.022330238
0.020288587
0.06060043
0.15192647
0.1439922
0.08997757
0.04540676
0.03808074
0.035558987
0.05946709
0.07404359
0.10221329
0.05552949
0.089087136
0.14788698
0.11614758
0.06557115
0.079131685
0.11289764
0.08978319
0.05645678
0.08953543
0.0807999
0.031646874
0.017783882
0.025968276
0.052061763
0.077249415
0.06598142
0.041992165
0.018750766
0.09148261
0.12111214
0.096486844
0.10283414
0.06626047
0.06685808
0.0491907
0.055284943
0.09789773
0.06754689
0.046594825
0.052333698
0.042543344
0.062115807
0.08926823
0.03405394
0.048632644
0.04305595
0.038366508
0.045548204
0.061203264
0.05975695
0.040137585
0.034199122
0.059522968
0.063083604
0.020954192
0.009633196
0.011252668
0.015353945
0.022789648
0.050767176
0.049609583
0.015576333
0.024888365
0.04949046
0.07000786
0.027881466
0.038775228
0.037307955
0.02994244
0.045019466
0.042847693
0.026981922
0.081195824
0.061997388
0.058593076
0.06799753
0.036738366
0.027900545
0.009464163
0.048925262
0.13892436
0.14398752
0.056332283
0.030664865
0.056048192
0.060553994
0.019400623
0.058117643
0.04110718
0.041936293
0.067852214
0.04398832
0.053273905
0.051203284
0.04308788
0.04656046
0.040073738
0.046408594
0.07017239
0.110911876
0.11700634
0.06466474
0.031743955
0.028535828
0.05759342
0.041371956
0.055816326
0.041217692
0.07599896
0.09708136
0.07763646
0.05004168
0.07570566
0.09778939
0.08718592
0.070405394
0.073694415
0.01485187
0.024390921
0.028190672
0.060314763
0.033892598
0.036502343
0.069568835
0.048124924
0.031263832
0.028161516
0.008541637
0.052602537
0.09695479
0.048315622
0.058582786
0.013036823
0.051663723
0.06807738
0.10010839
0.10852332
0.11713168
0.07958347
0.06846673
0.10465186
0.10806638
0.11129897
0.082808256
0.099539846
0.09166392
0.06799238
0.06801036
0.035997067
0.020667173
0.06285327
0.07864082
0.033231247
0.07672694
0.09107173
0.08335483
0.061490253
0.07775031
0.037629265
0.048099514
0.08926783
0.1027084
0.072726205
0.05604699
0.025858054
0.028884547
0.04417859
0.0050457176
0.060845546
0.07740819
0.037281267
0.060369287
0.043357782
0.037663218
0.043560117
0.029365985
0.00545367
0.047089607
0.09948737
0.0906263
0.061469004
0.015722236
0.08455491
0.04863815
0.036941163
0.07139334
0.063015565
0.048633378
0.08049559
0.060967866
0.08387198
0.123090744
0.095887244
0.062263425
0.05722254
0.06433366
0.0709052
0.09206465
0.071343906
0.059420437
0.02770182
0.019964593
0.055738773
0.021796297
0.047897007
0.07603238
0.03611365
0.06008996
0.071559
0.050413717
0.038559236
0.024533775
0.060989406
0.0891994
0.079473555
0.091300316
0.076854326
0.10387285
0.09995672
0.08038202
0.12230687
0.12774213
0.054138727
0.03418945
0.09708007
0.08674196
0.04555568
0.06935744
0.09092914
0.066998735
0.0728996
0.077803925
0.0536042
0.052858144
0.023454605
0.046559043
0.08280808
0.07863978
0.10470662
0.11513376
0.1074517
0.1118706
0.11995094
0.08947658
0.02375017
0.06302188
0.093713306
0.1105801
0.09847452
0.04183568
0.037260506
0.057087693
0.012703207
0.07684546
0.073333114
0.11134715
0.100878574
0.04871578
0.028276065
0.029512396
0.031181775
0.05283833
0.08265887
0.063457265
0.07315756
0.103080146
0.0999997
0.10628898
0.058355153
0.08958974
0.04438503
0.01800561
0.03106216
0.049526043
0.04377734
0.111874625
0.13709617
0.111654244
0.08377185
0.096810244
0.060105275
0.03276466
0.08336867
0.08026993
0.036992308
0.028838119
0.07506604
0.08181861
0.069662996
0.08503608
0.109347634
0.15332334
0.118988305
0.09713553
0.07588093
0.057943348
0.06550056
0.07477552
0.1247748
0.08580507
0.044329576
0.022678964
0.03477737
0.09286563
0.045475896
0.08000113
0.107359655
0.095729634
0.037667707
0.054171633
0.07108363
0.05270452
0.123513535
0.09197861
0.067491636
0.092249244
0.07438451
0.06416817
0.0377921
0.06072893
0.050665993
0.13040285
0.12811157
0.04193035
0.04745323
0.0469743
0.028225278
0.01637478
0.023429282
0.04817163
0.018226432
0.07795178
0.060933582
0.08604345
0.06672762
0.08856125
0.08692778
0.07797687
0.121731564
0.07223666
0.057946302
0.055667967
0.011201519
0.05689269
0.06224745
0.036295258
0.025961747
0.05533781
0.09253615
0.14863937
0.119995914
0.06501918
0.040785164
0.029131552
0.022678437
0.0117377555
0.034694802
0.08739758
0.07862689
0.05156367
0.010356423
0.08745164
0.0764677
0.040595345
0.014748571
0.050090242
0.105007425
0.07981961
0.06308106
0.04169548
0.026736042
0.07857511
0.048650127
0.016282782
0.03627215
0.06257546
0.040415887
0.052140012
0.04130739
0.03476567
0.021916676
0.07364696
0.064214766
0.038709927
0.089945056
0.09046074
0.06152139
0.048589673
0.031102441
0.01818768
0.023988737
0.06286517
0.06873709
0.042517677
0.0124918325
0.07271781
0.0977961
0.052051306
0.08671951
0.046424996
0.064687766
0.014924996
0.068830416
0.10220147
0.04082768
0.030363541
0.0486661
0.0988194
0.060276944
0.06810675
0.123207256
0.1271319
0.032287933
0.0590592
0.074944615
0.036145438
0.07231557
0.09581442
0.103082515
0.1035978
0.06520416
0.11609994
0.08155148
0.079467386
0.026218
0.039937563
0.04988695
0.058699146
0.07717453
0.08370877
0.089810304
0.05154602
0.077712014
0.05236969
0.036215287
0.026285699
0.064068206
0.06111852
0.049413826
0.029115045
0.09418208
0.05921157
0.03360234
0.08119462
0.025452035
0.061004907
0.04596167
0.029332029
0.058675077
0.030084098
0.0032045897
0.023683434
0.008470995
0.02289221
0.045270246
0.04463477
0.078695826
0.036727585
0.02659606
0.11889523
0.1345991
0.039780818
0.03157701
0.06091987
0.09080422
0.111096755
0.06492086
0.021367224
0.0027740845
0.02318495
0.0236207
0.014235713
0.032978777
0.07946179
0.09154343
0.08016343
0.048820533
0.07584816
0.07132742
0.027335422
0.017475203
0.06569931
0.16563472
0.13332823
0.07958517
0.047530573
0.039806027
0.049257476
0.01132508
0.031406067
0.0706654
0.11018019
0.07705222
0.07114807
0.030225012
0.10601815
0.05918236
0.03681013
0.07698332
0.07795826
0.07084837
0.059495516
0.030296478
0.06354538
0.043061614
0.08794256
0.10498046
0.039816786
0.03322791
0.049033344
0.06454305
0.04553732
0.05679361
0.09910468
0.073258735
0.023048954
0.01614599
0.08098473
0.12217047
0.033008598
0.071572825
0.00933946
0.033635307
0.06029558
0.05321006
0.01611291
0.03210861
0.032517113
0.07107431
0.047190256
0.03636623
0.095795624
0.05974762
0.07165652
0.056244276
0.05341783
0.058989532
0.08470975
0.045311302
0.054886375
0.12531936
0.14092082
0.07837097
0.09100324
0.14009501
0.07873622
0.039602842
0.06243339
0.06160923
0.05794904
0.0465066
0.12706728
0.08726054
0.042099703
0.052221652
0.049232874
0.099223144
0.06699415
0.031080475
0.047569405
0.040914454
0.050192337
0.066733375
0.12345717
0.11295781
0.024324594
0.06247226
0.055568673
0.04474376
0.039655402
0.029159963
0.079813994
0.046361163
0.06738813
0.13940702
0.09353936
0.09554553
0.08837525
0.03349938
0.04070983
0.048544597
0.10092926
0.15843956
0.11798821
0.018853823
0.026019733
0.07898722
0.07318471
0.079421066
0.12337396
0.11834244
0.085631534
0.03503804
0.015533048
0.08053878
0.14260884
0.12471304
0.099592075
0.10435504
0.056611218
0.0574054
0.10810199
0.041508257
0.06604506
0.04428413
0.0336379
0.0411915
0.061090562
0.02085853
0.04940239
0.062526196
0.121712714
0.05849408
0.063031144
0.09696575
0.13277698
0.10420855
0.055614926
0.050666533
0.10407296
0.104941346
0.0920404
0.044782557
0.052077055
0.06719407
0.0721484
0.012754143
0.12695785
0.20604517
0.17108203
0.08363521
0.0065669324
0.033015788
0.011857157
0.0845709
0.018502109
0.06235185
0.10315331
0.0954872
0.070048384
0.13739245
0.09872362
0.05398863
0.084479146
0.19205934
0.1865547
0.13894638
0.14135727
0.10648873
0.10163613
0.108088315
0.06665851
0.14139248
0.09084163
0.07001842
0.13060611
0.057655867
0.096279725
0.11028541
0.123878114
0.09134779
0.051018395
0.06953024
0.1304261
0.060854424
0.12969661
0.13668329
0.0947525
0.025337243
0.13720948
0.10564434
0.055084363
0.0548962
0.07660913
0.103388116
0.09359722
0.045377377
0.13724831
0.055390198
0.036360912
0.068647206
0.023137202
0.077850334
0.08300401
0.092491396
0.16878444
0.1305038
0.12399822
0.11018202
0.11011737
0.12707554
0.079874724
0.069655426
0.080506295
0.03198581
0.07472526
0.010354411
0.049657393
0.079989694
0.06863528
0.08018682
0.13444053
0.118320405
0.045881867
0.019145828
0.1196101
0.10140923
0.16107973
0.06110544
0.0664014
0.11382417
0.060747273
0.055115383
0.058308538
0.03431492
0.16923723
0.1426263
0.02474853
0.029526737
0.05289918
0.035830304
0.04382728
0.06626491
0.013824861
0.030229794
0.04267851
0.051173147
0.067353226
0.08530944
0.058977604
0.04982771
0.12890325
0.1665499
0.14272468
0.11536769
0.08884158
0.05129749
0.03715715
0.043150097
0.011012826
0.098992996
0.084542565
0.1001419
0.09702284
0.06954178
0.07417438
0.14369236
0.054566823
0.018460192
0.02227748
0.040773932
0.08389039
0.09528063
0.07102311
0.08677549
0.022158211
0.020938389
0.03861608
0.08060878
0.044277303
0.081831224
0.13739522
0.07409186
0.10098977
0.06720917
0.060972758
0.085116506
0.10725922
0.067936696
0.06878281
0.12830812
0.1460187
0.15092568
0.062105075
0.08159774
0.14542826
0.1194045
0.07619241
0.056475647
0.07322201
0.04304995
0.076564215
0.14861497
0.15542597
0.103127904
0.05330429
0.018951256
0.036598496
0.055069115
0.062422547
0.02424662
0.020835092
0.045404155
0.039828725
0.04387727
0.07062257
0.056566365
0.011209434
0.09741958
0.16413717
0.04395215
0.07052619
0.06890748
0.05039831
0.0687638
0.10413009
0.13163638
0.117592335
0.06534442
0.06251429
0.102977514
0.094496645
0.07273561
0.07572298
0.066983186
0.050662544
0.00935343
0.022693163
0.023377806
0.024626993
0.06372416
0.09718138
0.05416636
0.08815474
0.10179012
0.010646186
0.11569184
0.08757344
0.05082833
0.087465994
0.106688865
0.07683737
0.02916547
0.10682689
0.17441659
0.115277715
0.01583791
0.069043934
0.10207111
0.063657776
0.021569386
0.011281122
0.02046326
0.030871747
0.046365105
0.061582036
0.057833493
0.042058047
0.089287385
0.056758776
0.029493142
0.06588296
0.0683438
0.02379656
0.011617105
0.06188419
0.09507722
0.09126972
0.030374499
0.031046357
0.078068346
0.08669084
0.044307984
0.045531966
0.034362357
0.046278995
0.08664102
0.04922486
0.052163873
0.04174514
0.05432481
0.023136448
0.024361972
0.056305837
0.059167705
0.019290261
0.04441025
0.058156632
0.020373477
0.05462204
0.04997801
0.05100683
0.079696715
0.10180366
0.10231771
0.10034958
0.080811836
0.034424413
0.041003272
0.0499702
0.054044075
0.043137755
0.005566914
0.054616585
0.084103815
0.054757103
0.058587603
0.02196992
0.055023585
0.09359269
0.0941055
0.10852693
0.08667524
0.025556738
0.045586333
0.054958913
0.059373196
0.02388043
0.10167813
0.086125426
0.07711543
0.08567139
0.07094319
0.073687114
0.1172183
0.08314423
0.040968932
0.05045775
0.03635727
0.07914784
0.082556896
0.02386075
0.041497726
0.072178304
0.0147086745
0.053725637
0.026945613
0.081959546
0.0803783
0.036684282
0.05134761
0.035588596
0.03979582
0.015284092
0.08099971
0.100677945
0.09130004
0.063590124
0.111895956
0.085072234
0.09901791
0.016329696
0.025922513
0.00945972
0.03451435
0.015471038
0.025181212
0.023981376
0.019625504
0.050115015
0.07508372
0.05042787
0.046959113
0.028702991
0.01754766
0.07890574
0.04020821
0.035572235
0.025431387
0.066442445
0.05215532
0.057457604
0.06462229
0.01927134
0.05827533
0.020825189
0.091662936
0.061729338
0.028465629
0.014323878
0.026101617
0.015686912
0.033051904
0.06502017
0.053981006
0.056385435
0.08797671
0.05917407
0.08036257
0.06757522
0.12835135
0.09725485
0.013125819
0.056950063
0.053783186
0.052628722
0.022360165
0.00537667
0.0137425875
0.08130146
0.094368264
0.016772853
0.050010297
0.024831202
0.05561578
0.038427804
0.067780286
0.14747773
0.12690161
0.06007914
0.0333677
0.028922705
0.035365183
0.057575658
0.048953164
0.08175747
0.086936764
0.055620614
0.051908817
0.05305005
0.060266595
0.06918641
0.06110108
0.057848986
0.103987746
0.08573781
0.032576937
0.061099723
0.10731047
0.110947035
0.084267914
0.06030872
0.11275701
0.13095237
0.08238153
0.0364776
0.06308531
0.06582464
0.069418736
0.07441309
0.047881495
0.042021126
0.046064377
0.07760045
0.06606039
0.01478823
0.07038422
0.14008826
0.18086563
0.06652576
0.07162204
0.099445954
0.03702513
0.03732336
0.028602965
0.045604486
0.042460106
0.015445361
0.029442446
0.047573224
0.01079834
0.037962444
0.08205549
0.01849047
0.09105014
0.09548106
0.05348691
0.04231387
0.049979996
0.019539993
0.035977896
0.0218708
0.06348129
0.074654095
0.05006588
0.035706323
0.066017
0.09630317
0.0748258
0.032024726
0.062990695
0.037034392
0.06425813
0.090662375
0.047551945
0.025092067
0.02246661
0.037094392
0.019898811
0.046603058
0.06259406
0.043720417
0.045472365
0.038076922
0.037761703
0.018077584
0.02310126
0.03447656
0.042070407
0.033560745
0.009643416
0.076839074
0.09532231
0.04303208
0.040123224
0.035912804
0.035570916
0.011945222
0.03609893
0.02719545
0.08072719
0.04617288
0.019472731
0.019250847
0.04362201
0.06541571
0.052544754
0.06352153
0.023304246
0.05257301
0.0383178
0.022344183
0.002211775
0.031118553
0.048546314
0.044483606
0.049374867
0.047607046
0.053341042
0.04642538
0.02446658
0.032596517
0.008183116
0.041509505
0.08149484
0.07243613
0.029492836
0.06266366
0.056492254
0.028607326
0.050040625
0.08623256
0.062667385
0.031608816
0.06881079
0.032985665
0.062736675
0.095857345
0.07680371
0.037599746
0.0152632
0.025990404
0.057447534
0.06536836
0.06628927
0.045616955
0.01149148
0.020694949
0.07336621
0.083454005
0.02393237
0.022264106
0.027920315
0.03643899
0.035392422
0.04251418
0.03294301
0.061635222
0.0647848
0.08646791
0.049616877
0.01737784
0.026929848
0.03765081
0.020708881
0.020176474
0.0045401575
0.024758225
0.010962935
0.020241108
0.01564528
0.009799351
0.043099523
0.019690966
0.07650917
0.08293345
0.06988812
0.041914135
0.03015081
0.03240293
0.020810595
0.02589704
0.015503045
0.03289769
0.021929953
0.035030283
0.047112066
0.056721557
0.069036104
0.046288002
0.03639093
0.054111876
0.05090882
0.04341443
0.040200077
0.02298589
0.01773177
0.012299054
0.025329992
0.050260004
0.081460714
0.075968295
0.05369698
0.027501456
0.0046105026
0.017912002
0.004445531
0.007836991
0.032121364
0.008032424
0.054177925
0.029014304
0.045389757
0.020491933
0.025655877
0.05105995
0.046116844
0.03561432
0.023179097
0.009656008
0.032696452
0.05303873
0.068634935
0.061034728
0.04645753
0.07120851
0.034018498
0.03502867
0.058520794
0.024573967
0.025793593
0.052022293
0.046937693
0.06904668
0.06470939
0.04361982
0.025958616
0.008181051
0.020781947
0.0055093914
0.041984655
0.055754725
0.032459382
0.02869423
0.059761506
0.060887985
0.015515035
0.018633993
0.02213564
0.016805317
0.009019158
0.017189264
0.029715972
0.047732543
0.04148304
0.039368395
0.038885146
0.048648577
0.025398005
0.0022302733
0.0
0.0
0.0
0.0
0.0
0.0
0.0061035
0.0061034425
0.006103378
0.0061033056
0.006103227
0.0
0.0
0.0
0.0
0.0
0.0
0.0061024725
0.006102336
0.003051096
0.0061020413
0.0061018835
0.0
0.0
0.003050683
0.0030505897
0.0
0.0
0.0030502882
0.0
0.003050069
0.003049954
0.0
0.0
0.0
0.0
0.0030493257
0.0
0.0
0.0
0.0
0.0
0.0
-0.006096591
-0.0060962676
-0.0060959375
0.0
0.0
0.0
-0.0030472726
0.0
0.0
0.0
0.003046519
0.0
0.0030461205
0.003045916
-0.003045708
0.0
0.0030452812
0.0
0.0
0.0
-0.0030443843
0.0
0.0
0.0
0.0
-0.0030431831
-0.0060858643
-0.006085355
-0.0030424194
0.0030421577
0.0
0.0
0.0
0.0
-0.0030407957
0.0
0.003040226
0.0
-0.0030396418
-0.0030393444
-0.0030390436
-0.003038739
0.0
-0.0030381195
-0.0030378043
-0.006074971
-0.0030371633
-0.0030368373
-0.0030365079
0.0
0.0
0.0
0.0
-0.0030348075
-0.0030344569
0.0
0.0
0.0
0.0
-0.0030326499
-0.003032278
0.0
0.0
0.0
0.0
0.0
0.0
0.0
0.0
0.0
0.0030283628
0.0
0.0
-0.0030271192
-0.0030266976
0.0
0.0
0.0030254116
0.0
0.0
0.0
-0.0060472954
0.0
0.0030227446
-0.0030222875
-0.0030218272
-0.0030213632
0.0
0.0
-0.0030199504
0.0
0.0
0.0
-0.0030180172
-0.0030175252
0.0
0.0030165305
0.003016028
0.003015522
0.0030150122
-0.003014499
0.0
0.0
0.0
0.0030124118
0.0030118811
0.0
0.0030108094
0.0
0.0030097237
0.0030091756
0.003008624
0.003008069
0.0030075102
0.0030069482
0.006012765
0.0060116276
0.0030052413
0.0030046653
0.0030040857
0.0030035027
0.0030029162
0.0030023265
0.003001733
0.0
0.0
0.0
0.0
0.002998714
0.0
0.0
0.0
0.0029962363
0.0029956084
0.0
0.0
0.0
0.0
0.0
0.0
0.002991115
0.0059809186
0.0
0.0029891375
0.0029884714
0.0
0.0029871291
0.0
0.0
0.0
-0.002984403
0.0
0.0029830192
0.0
0.0
0.0
-0.0029802108
0.0029795002
0.0029787861
0.0
0.0
0.0029766234
0.0
0.0029751642
0.0029744296
0.0
0.0029729502
0.0029722054
0.0
0.0
0.0029699504
0.002969192
0.0059368606
0.002967665
0.0
0.0029661243
0.0
0.0029645702
0.002963788
0.0029630025
0.0029622135
0.0
0.0
0.0
0.0
0.0
0.0029574088
0.0
0.0
0.0
0.0
0.0
-0.002952483
0.0
0.0
0.0
0.0029491317
0.0
0.002947436
0.0
0.0
0.0
-0.0029440045
0.0029431384
0.0029422687
0.0
0.0
-0.00293964
0.0
0.0058757416
0.0029369814
0.005872177
0.0029351923
0.0
0.0
0.0
0.0029315744
0.0029306617
0.0
0.0
0.0
0.0029269776
0.0
0.0
0.00292418
0.0
-0.0029222982
-0.0029213524
-0.0029204036
0.0
0.0
-0.0029175368
-0.0029165747
-0.0029156092
-0.005829281
0.0
0.0
0.0
0.0
-0.0029097481
-0.00290876
0.0029077684
-0.0029067737
-0.0029057756
-0.0029047744
-0.0058075394
-0.002902762
0.0
-0.0029007369
0.0
0.0
-0.0028976747
-0.0028966474
0.0
0.0
0.0028935466
0.0
-0.0028914632
-0.002890417
-0.002889367
0.0
0.002887258
0.0028861987
0.0028851363
0.0
0.0
0.0
0.0
0.0
0.0
0.0
0.0
0.0
0.0
0.0028732377
0.0
0.0
0.0
0.0
0.0028677022
0.0
0.0028654658
0.0028643429
0.0
0.0
0.0
0.0
0.0
0.0
0.0
0.0
0.0
0.0028529412
-0.0028517838
0.0
0.0028494596
-0.0028482927
0.0
0.0
0.0
-0.0028435946
-0.0028424123
-0.002841227
0.0
0.0
0.0
0.0
-0.0028352535
0.0
0.0
0.0028316325
0.0
0.0028292031
0.0028279838
0.0
0.0
0.0028243074
0.002823076
0.0028218413
0.0028206035
0.002819363
0.0028181192
0.0
0.0028156226
0.0028143697
0.0
0.0
0.0
-0.0028093278
0.0
0.0
0.0
-0.0028042379
-0.008408873
-0.0056033493
0.0
-0.0027990995
0.0
0.0
-0.0055904286
-0.0055878265
-0.008377828
-0.008373907
-0.008369977
-0.008366038
-0.0055747265
-0.0027860445
-0.0027847225
-0.0083501935
-0.00834621
-0.0055614784
-0.0027794056
0.0
-0.0055534584
-0.0055507733
-0.0055480823
-0.0055453856
0.0
0.0
-0.00553726
-0.0055345395
-0.005531813
-0.005529081
0.0
-0.0055235997
0.0
-0.005518095
-0.0055153337
0.0
0.0
0.0
-0.0055042314
-0.0055014417
-0.005498646
0.0
-0.005493037
-0.005490224
-0.005487405
-0.0054845805
-0.0054817502
0.0
0.0
-0.0054732254
-0.0054703723
-0.00820127
-0.005464649
0.0
-0.005458903
-0.0054560215
-0.0054531344
-0.0054502413
-0.005447343
0.0
0.0
-0.0027193069
-0.0027178463
-0.0054327664
-0.005429834
-0.0054268963
-0.005423953
-0.002710502
-0.0027090246
-0.0027075447
0.0
-0.0054091522
-0.0054061757
0.0
-0.0027001027
0.0
-0.0026971065
0.0
-0.005388199
0.0
0.0
-0.005379136
-0.0053761043
-0.0026865334
-0.002685012
0.0
-0.002681961
-0.0026804314
-0.002678899
-0.002677364
0.0
0.0
0.0
0.0
-0.0053392965
-0.0053361943
-0.0026665432
-0.005329973
0.0
-0.0026618652
0.0
0.0
0.0
0.0
0.0
0.0
0.0
0.0
0.0
0.002646099
0.0
0.0
0.0
0.0
0.0
-0.0052730255
0.0
0.0
0.002631684
0.0
0.0
0.0
0.0
0.0
0.0026219566
0.0052406527
0.0026186935
0.002617058
0.0
0.0
0.005224273
0.0052209813
0.005217685
0.0052143834
0.0052110767
0.005207765
0.005204448
0.0052011264
0.0051977993
0.0051944675
0.00519113
0.005187788
0.005184441
0.005181089
0.0051777316
0.0051743696
0.0025855012
0.0025838153
0.0
0.0025804355
0.002578742
0.002577046
0.0051506953
0.005147293
0.0025719432
0.0
0.005137058
0.0051336363
0.00513021
0.0051267785
0.0051233424
0.0076798517
0.0051164553
0.0025565021
0.0025547743
0.0
0.0
0.002549576
0.0025478385
0.0025460985
0.0025443563
0.0076278346
0.005081729
0.002539115
0.007612089
0.0050712177
0.0025338521
0.007596279
0.007590995
0.007585704
0.0025268018
0.0
0.0025232625
0.007564468
0.007559141
0.0075538075
0.0025161556
0.0
0.007537765
0.0025108012
0.0025090117
0.0025072198
0.0
0.0
0.0
0.0
0.0024982262
0.0024964204
0.0024946127
0.0024928025
0.0
0.0
0.0
0.002485539
0.004967435
0.0
0.0024800678
0.0024782394
0.0
0.0049491525
0.0
0.002470904
0.004938129
0.002467223
0.0
0.0024635328
0.0
0.002459834
0.004915963
0.004912253
0.0024542694
0.0
0.0024505488
0.0024486852
0.0024468193
0.0048899027
0.0024430812
-0.002441209
0.0
0.0
0.0024355792
0.004867397
0.0048636305
0.0024299303
0.002428043
0.0024261535
0.0
0.0024223684
0.0024204727
0.0048371498
0.0024166747
0.0
0.0
0.0024109625
0.0024090542
0.0024071436
0.0048104622
0.0024033168
0.0024014001
0.0023994814
0.0023975607
0.002395638
0.0023937132
0.0
0.0
0.0
-0.0023859935
0.0023840584
0.0
0.0
0.0023782414
0.0
0.0
0.0023724062
0.0047409143
0.0023685063
0.0047331066
0.0023645982
0.0023626413
0.0023606822
0.0023587213
0.0023567586
0.0023547937
0.004705654
0.0
0.0023488877
0.002346915
0.0023449406
0.002342964
0.0
0.0
0.0023370232
0.0023350392
0.0023330532
0.0023310652
0.0
0.0
0.0
0.0
0.0023210973
0.002319098
0.0023170968
0.004630188
0.004626178
0.004622165
0.002309074
0.0023070637
0.0023050513
0.0023030373
0.004602043
0.0022990038
0.0022969844
0.002294963
0.0
0.002290915
0.0022888882
0.0022868598
0.0
0.0
0.0
0.0
0.0022766902
0.002274651
0.00227261
0.0022705672
0.0022685227
0.0022664766
0.0045288573
0.0
0.0022603276
0.0
0.0
0.0022541627
0.0022521045
0.0022500444
0.0022479827
0.0
0.002243854
0.0022417873
0.0
-0.0022376485
0.0
-0.0022335032
-0.002231428
0.0
-0.0022272724
-0.0022251923
-0.0022231105
-0.002221027
0.0
-0.002216855
-0.0022147668
0.002212677
-0.0022105852
-0.004416984
0.0
-0.0044086017
-0.0022022028
0.0022001031
0.0021980018
0.0
-0.0021937948
-0.0021916889
0.0021895813
0.0021874723
0.0
0.0
0.0
-0.0021790206
-0.0021769037
0.0
-0.0021726657
0.0021705441
-0.0021684214
-0.0021662968
0.002164171
-0.0021620435
0.0
0.0
-0.0021556523
-0.0021535188
-0.004302768
-0.0021492478
0.0
0.0
0.0
-0.0021406878
-0.002138544
0.0
0.0
0.0
0.0021299555
-0.0021278046
-0.0042513045
-0.0021234988
-0.0021213437
0.0
0.0
-0.0021148704
0.0
-0.0021105479
-0.0021083844
0.0021062198
0.0
0.002101886
0.0020997173
-0.0020975473
-0.0041907514
0.002093203
0.0
0.0
0.0020866764
-0.0041689966
-0.0020823188
-0.002080138
0.0
0.0
-0.0020735878
-0.0041428036
-0.0020692146
-0.0020670262
-0.0041296724
0.0
0.0
-0.0020582592
-0.0020560645
-0.0041077365
-0.002051671
0.0020494724
0.0020472726
0.0020450717
0.0020428693
0.0020406658
0.0020384612
-0.0020362553
0.0020340483
0.0
0.0020296304
0.0020274199
0.0
-0.002022995
-0.0020207807
0.0
0.0
0.0020141313
-0.0020119124
-0.0020096924
-0.0020074714
-0.002005249
0.0
0.0
0.0019985756
-0.0019963488
0.0019941211
0.0019918922
-0.0019896622
0.0
-0.0039703976
-0.0019829655
0.0
-0.0019784956
0.0
0.0019740216
0.0019717831
0.0
0.0
0.0
-0.0019628182
0.0
0.0019583295
0.0
0.0019538368
-0.0019515889
0.0
0.0019470901
0.0
0.0019425874
0.0019403347
0.0019380808
-0.001935826
-0.0019335703
0.0
-0.0019290559
0.0
0.0
0.0
-0.0019200159
0.0
0.0
0.0
0.0
0.0
-0.0019064281
-0.0019041602
0.0
0.0
0.0
-0.0018950802
-0.001892808
-0.001890535
-0.0018882611
0.0
0.0
-0.0018814342
-0.0018791569
-0.0018768788
-0.0018745998
0.0
0.0
0.0
0.0
0.0
0.0
0.0
0.0
0.0
0.0
0.0
0.0
-0.0018449007
-0.0018426107
0.0
0.0
0.0
0.0
0.0
-0.0018288554
-0.0018265604
0.0
0.0
0.0
-0.0036347462
-0.0018150745
-0.0018127753
0.0
0.0
0.0018058736
0.0
-0.0018012691
-0.0017989659
-0.001796662
0.0
0.0
0.0
-0.0017874404
-0.0017851334
-0.0017828258
-0.0035610353
0.0
-0.0017758994
-0.0017735894
0.0
0.0
0.0
-0.0017643437
-0.0017620309
-0.0017597175
-0.0035148072
0.0
-0.0017527741
-0.0017504585
-0.0034962848
-0.0034916515
-0.0017435086
-0.003482382
0.0
0.0
0.0
0.0
0.0
0.0
-0.0034499073
0.0
0.0
0.0
0.0
-0.0034266827
0.0
-0.0034173867
-0.0034127373
-0.0017040435
-0.003403436
-0.0016993921
0.0
0.0
-0.0016924118
-0.0016900843
-0.0033755128
-0.0033708562
-0.0016830994
-0.0016807704
-0.001678441
-0.0016761112
-0.0016737811
0.0
0.0
0.0
-0.0016644573
-0.0016621253
-0.0033195866
-0.0033149216
0.0
-0.001652795
0.0
-0.001648128
-0.0016457941
-0.0032869198
-0.0032822508
-0.0016387906
-0.003272911
-0.0032682405
-0.0032635694
0.0
-0.0032542257
-0.0016247766
0.0
-0.0032402067
0.0
0.0
-0.0032261838
-0.0032215086
0.0
-0.0016060785
0.0
0.0
-0.0015990634
-0.0031934495
-0.0031887717
-0.0015920468
-0.0015897077
-0.0015873683
-0.0015850288
-0.0015826892
-0.0031606988
-0.0015780096
0.0
0.0
0.0
0.0
-0.0015663084
-0.0015639679
0.0
0.0
0.0
0.0
-0.001552264
0.0
0.0
0.0
0.0030857993
0.0
0.0
0.001535876
0.0
0.0015311934
0.0030577043
0.0
-0.0015241695
0.0
0.0
0.0
0.0015148043
0.0
0.0015101219
0.0
0.0
0.0
0.0
0.0014984165
0.0
0.0014937348
0.0
0.0
0.0
0.0
0.0014820319
0.0
0.0
0.0
0.0014726714
0.0014703316
0.001467992
0.0014656524
0.0
0.0
0.0014586346
0.0
0.0
0.0
-0.0014492797
0.0
0.0
0.0
0.0
-0.0014375903
0.0
0.0
0.0
-0.0014282425
-0.0014259062
-0.00142357
0.0
-0.0014188983
0.0
0.0
-0.0014118929
-0.0014095583
-0.002814448
-0.0014048899
0.0
0.0
0.0
0.0
-0.0027864478
-0.0027817832
-0.0013885596
0.0
0.0013838967
0.0013815657
-0.0013792351
-0.0013769048
0.0
-0.0013722453
0.001369916
0.0013675871
0.0
0.0
-0.0013606028
-0.0013582754
0.0
-0.002707244
-0.0013512959
0.0
-0.0013466448
0.0
-0.0013419954
-0.0013396714
0.0013373479
0.0013350247
0.001332702
0.0013303797
-0.0013280581
-0.0013257368
0.0013234159
0.0013210955
0.0013187756
0.0
0.0
0.0
-0.001309501
-0.0013071836
0.0
0.0
0.0013002346
-0.0012979193
0.0012956045
0.0012932903
-0.0012909767
0.0
0.001286351
0.001284039
0.0012817276
0.0
0.0
0.0
0.0
0.0
0.0012678714
0.001265564
0.0012632573
0.0
-0.0012586459
-0.0012563411
0.0
0.0012517334
0.0012494305
0.0012471282
0.0
0.0
0.0012402255
0.001237926
0.0012356271
0.0012333288
0.0
0.0
0.0012264384
0.001224143
0.0
0.0012195542
0.0
0.0
0.0012126766
0.0012103856
0.0
0.0
0.0
0.0
0.0
0.0011966549
0.0023887383
0.0011920842
0.0
0.0
-0.0023704679
-0.0011829521
0.0023613423
0.0011783909
0.0
0.0
0.0
0.0
0.0011670024
0.0011647271
0.0011624529
0.0
-0.0011579067
0.0
0.0
0.0
0.0022976499
0.0011465566
0.0011442893
0.0022840456
0.0011397572
0.0011374926
0.0011352289
0.0011329661
0.0011307042
0.0011284433
0.0011261832
0.0022478483
0.001121666
0.0022388177
0.0022343053
0.0
0.001112643
0.0011103898
0.0022162749
0.0033176583
0.0011036358
0.0022027728
0.0021982759
0.0010968907
0.0021892886
0.0010923989
0.0021803093
0.0021758226
0.002171338
0.0032502834
0.0032435628
0.002157897
0.0
0.0021489467
0.0010722374
0.0010700026
0.0021355373
0.0021310719
0.0021266085
0.0010610737
0.0010588443
0.0010566158
0.0021087772
0.0021043248
0.0010499373
0.0010477134
0.0
0.0
0.0010410484
0.002077658
0.0020732216
0.0020687873
0.0020643554
0.002059926
0.0010277494
0.0020510738
0.0010233257
0.0010211156
0.0020378134
0.001016699
0.0010144925
0.0
0.0010100831
0.0010078803
0.0010056787
0.0010034782
0.001001279
9.990811E-4
9.968844E-4
9.94689E-4
9.924946E-4
0.0029709053
9.8811E-4
-9.859196E-4
9.837304E-4
9.815425E-4
0.0
0.0
9.749866E-4
0.0
9.706224E-4
9.684423E-4
0.0
9.64086E-4
0.0
0.0
9.575615E-4
-9.553893E-4
0.0
9.5104903E-4
9.4888086E-4
9.4671414E-4
9.445487E-4
9.423847E-4
9.40222E-4
9.3806075E-4
0.0018718017
0.0018674847
9.315852E-4
9.294295E-4
9.272752E-4
9.251223E-4
9.229708E-4
9.2082075E-4
0.0
0.0
9.143791E-4
-9.1223477E-4
0.0
0.0
0.0
9.036719E-4
0.0
-0.0017987984
0.0
0.0
-0.0017860027
-8.908717E-4
0.0
0.0
-8.8449166E-4
0.0
0.0
0.0
-8.7600615E-4
8.738886E-4
8.717726E-4
8.696581E-4
0.0
0.0
-8.633239E-4
0.0
0.0
-8.570038E-4
8.549002E-4
-8.527982E-4
0.0
0.0
0.0
0.0
-8.423121E-4
0.0
0.0
0.0
0.0
8.318663E-4
-8.29782E-4
0.0
0.0
0.0
8.214613E-4
8.193853E-4
8.173109E-4
0.0
0.0
0.0
0.0
0.0
8.048998E-4
8.028372E-4
0.0
7.9871714E-4
0.0
0.0
0.0
0.0
7.88447E-4
0.0
-7.84351E-4
-7.8230567E-4
0.0
0.0
0.0
-7.7414175E-4
0.0
-7.700704E-4
-7.6803745E-4
-7.660062E-4
-7.639768E-4
-7.6194917E-4
-7.599233E-4
-7.5789925E-4
0.0
-7.538566E-4
-7.5183803E-4
-7.4982125E-4
-7.4780633E-4
-7.457932E-4
0.0
0.0
0.0
-7.3775917E-4
0.0
0.0
0.0
-7.297548E-4
0.0
0.0
-7.237712E-4
0.0
-7.1979157E-4
0.0
0.0
-7.138364E-4
0.0
0.0
-7.078984E-4
-7.059229E-4
-7.0394936E-4
0.0
-7.0000807E-4
-6.980403E-4
0.0
0.0
0.0
0.0
-6.8823097E-4
0.0
0.0
0.0
0.0
0.0
0.0
0.0
0.0013452775
0.0
0.0013375215
0.0013336495
0.0
-6.6295883E-4
0.0
0.0
0.0
0.0
-6.533296E-4
-6.514099E-4
-6.494923E-4
0.0
-6.4566324E-4
0.0
0.0
0.0
0.0
0.0
0.0
0.0
0.0
0.0
-0.0012532859
-0.001249505
-0.0012457282
-6.2097795E-4
-0.0012381877
-6.172119E-4
-0.0012306642
0.0
0.0
0.0
0.0
-6.059653E-4
0.0
0.0
0.0
0.0
0.0
0.0
0.0
0.0
0.0
0.0
0.0
0.0
0.0
0.0
5.78192E-4
5.763581E-4
0.0
0.0
0.0
5.690451E-4
5.672224E-4
5.6540204E-4
0.0
0.0
0.0
0.0
0.0
0.0
0.0
0.0
-0.0010982417
0.0
0.0
0.0
0.0
0.0
0.0
0.0
5.348049E-4
0.0
0.0
0.0
0.0
0.0
0.0
5.224009E-4
0.0
0.0
-0.0010342405
-0.0010307295
-0.0010272233
0.0
0.0
0.0
0.0
-0.001009764
0.0
-5.0140696E-4
0.0
0.0
-4.962125E-4
-4.9448584E-4
-9.855232E-4
-4.910398E-4
0.0
4.8760357E-4
0.0
-4.841771E-4
0.0
-4.8076038E-4
0.0
4.7735355E-4
4.7565385E-4
0.0
0.0
-4.7056953E-4
-4.6887973E-4
4.671924E-4
0.0
0.0
0.0
-4.6046812E-4
0.0
4.57121E-4
4.5545123E-4
4.5378396E-4
4.5211922E-4
4.50457E-4
4.4879733E-4
4.471402E-4
4.4548558E-4
4.4383353E-4
4.42184E-4
4.4053706E-4
4.3889263E-4
4.372508E-4
4.356115E-4
8.6794957E-4
4.3234063E-4
4.3070907E-4
4.2908007E-4
4.2745366E-4
4.2582984E-4
4.242086E-4
4.2258998E-4
4.2097393E-4
4.1936047E-4
4.1774963E-4
4.161414E-4
4.1453578E-4
4.129328E-4
4.113324E-4
4.0973467E-4
0.0
4.0654704E-4
4.0495716E-4
0.0
0.0
0.0
0.0
3.9704752E-4
3.9547356E-4
3.9390224E-4
0.0
0.0
0.0
0.0
3.8608574E-4
3.845305E-4
3.8297792E-4
3.8142802E-4
3.7988083E-4
0.0
-3.7679455E-4
-3.7525545E-4
0.0
3.721854E-4
0.0
0.0
0.0
-3.6607796E-4
0.0
0.0
0.0
3.6001418E-4
0.0
0.0
0.0
-7.079886E-4
0.0
0.0
-3.495084E-4
0.0
-6.930632E-4
-3.450474E-4
-3.4356592E-4
0.0
3.4061138E-4
-3.391383E-4
-6.75336E-4
-0.0010086015
-3.347358E-4
-3.3327393E-4
0.0
0.0
-6.5781025E-4
-3.2745447E-4
-3.2600667E-4
-3.2456167E-4
-3.2311952E-4
0.0
0.0
-6.3762005E-4
-3.1737922E-4
-3.1595124E-4
0.0
0.0
0.0
3.1026787E-4
0.0
0.0
6.120708E-4
0.0
0.0
3.0182875E-4
-3.004323E-4
0.0
2.9764805E-4
0.0
2.9487538E-4
2.934934E-4
-2.921143E-4
0.0
-2.8936483E-4
0.0
0.0
0.0
0.0
-5.650843E-4
0.0
0.0
-2.7848364E-4
0.0
0.0
-2.7445157E-4
0.0
0.0
-2.7044603E-4
0.0
-2.6779043E-4
-2.6646708E-4
0.0
0.0
0.0
0.0
-2.5989482E-4
0.0
-2.5728677E-4
0.0
0.0
0.0
-2.5210652E-4
-2.5081896E-4
-2.4953438E-4
0.0
-2.4697426E-4
-2.4569873E-4
-4.888524E-4
-7.2947E-4
-4.8378034E-4
-4.812534E-4
0.0
-2.3810883E-4
-2.3685445E-4
-2.3560309E-4
-7.030644E-4
-4.6621903E-4
-2.3186728E-4
-2.306281E-4
-4.5878394E-4
-2.2815888E-4
-2.2692885E-4
-2.257019E-4
-2.2447799E-4
-6.6977146E-4
-2.2203937E-4
-2.2082466E-4
-4.3922605E-4
-4.3680894E-4
-4.3439798E-4
-2.159966E-4
-2.1479727E-4
-4.272021E-4
-4.248158E-4
-2.1121786E-4
-2.100309E-4
0.0
0.0
-4.1297733E-4
-2.0531412E-4
-2.0414268E-4
-2.0297436E-4
-2.0180915E-4
-2.0064706E-4
0.0
-1.9833224E-4
-1.9717953E-4
1.9602993E-4
0.0
1.9374014E-4
0.0
0.0
0.0
0.0
0.0
1.8694613E-4
0.0
0.0
0.0
-1.8247978E-4
-1.813711E-4
-1.8026559E-4
0.0
-1.7806406E-4
0.0
-1.7587522E-4
-1.7478557E-4
-1.736991E-4
-1.7261581E-4
1.715357E-4
3.4091758E-4
1.6938508E-4
0.0
-1.6724721E-4
0.0
0.0
1.6406442E-4
1.630099E-4
1.6195858E-4
3.2182096E-4
0.0
-1.5882392E-4
1.5778546E-4
1.5675023E-4
1.5571823E-4
3.0937887E-4
0.0
0.0
0.0
0.0
1.4959398E-4
0.0
0.0
1.4657558E-4
1.4557593E-4
0.0
0.0
1.425965E-4
1.4160988E-4
2.8125301E-4
0.0
-1.3866955E-4
-1.3769597E-4
-1.3672565E-4
0.0
1.3479484E-4
1.3383434E-4
0.0
0.0
0.0
0.0
0.0
0.0
1.2720277E-4
0.0
1.2533764E-4
1.2441001E-4
2.4697138E-4
1.2256467E-4
0.0
1.2073255E-4
1.19821445E-4
1.1891366E-4
1.1800918E-4
1.17108015E-4
0.0
-1.1531563E-4
-1.1442443E-4
-1.13536546E-4
1.12651986E-4
1.1177075E-4
1.1089285E-4
0.0
1.0914704E-4
1.08279135E-4
1.0741457E-4
1.0655334E-4
1.0569546E-4
1.0484092E-4
0.0
0.0
1.02297374E-4
1.0145623E-4
3.018553E-4
9.9783996E-5
9.8952914E-5
9.8125194E-5
9.7300835E-5
9.647984E-5
2.8698661E-4
9.484794E-5
9.403705E-5
1.8645906E-4
9.2425376E-5
1.832492E-4
2.7248161E-4
1.8006636E-4
8.924254E-5
1.7691057E-4
1.7534282E-4
1.7378184E-4
1.7222765E-4
1.7068023E-4
1.6913959E-4
8.3802865E-5
8.303934E-5
1.6455841E-4
8.152247E-5
2.423074E-4
0.0
1.5854536E-4
1.5705911E-4
0.0
7.705353E-5
7.632064E-5
0.0
0.0
7.414244E-5
0.0
1.4541479E-4
7.1995004E-5
0.0
0.0
6.987837E-5
1.3835936E-4
1.3696884E-4
1.3558517E-4
0.0
0.0
0.0
0.0
1.2876993E-4
1.2742751E-4
6.304598E-5
6.238167E-5
6.1720784E-5
1.2212672E-4
0.0
1.1951769E-4
1.1822353E-4
0.0
0.0
0.0
0.0
0.0
0.0
0.0
-5.4059572E-5
-5.3443626E-5
0.0
0.0
-5.1616593E-5
0.0
0.0
-4.9820796E-5
0.0
4.8640974E-5
0.0
0.0
-4.6897323E-5
0.0
4.57523E-5
0.0
8.924243E-5
8.81218E-5
0.0
4.295074E-5
4.24009E-5
0.0
4.1311694E-5
0.0
0.0
0.0
0.0
3.8649865E-5
3.8128E-5
3.7609636E-5
0.0
0.0
0.0
0.0
3.50704E-5
0.0
0.0
0.0
0.0
3.2618907E-5
3.2139153E-5
3.1662912E-5
0.0
0.0
0.0
0.0
0.0
0.0
0.0
0.0
0.0
0.0
0.0
0.0
0.0
0.0
-4.988415E-5
0.0
0.0
0.0
0.0
0.0
0.0
0.0
-4.3365006E-5
-4.2581967E-5
-4.180601E-5
0.0
0.0
0.0
0.0
0.0
-3.7299153E-5
-3.6572837E-5
-3.5853624E-5
0.0
0.0
0.0
-1.6523893E-5
-1.6182044E-5
0.0
0.0
1.5177828E-5
0.0
1.4526133E-5
0.0
-1.3888671E-5
-1.3575279E-5
-2.6530895E-5
-1.2959177E-5
0.0
0.0
-1.2061741E-5
0.0
-1.1481268E-5
0.0
-1.0915057E-5
0.0
0.0
-2.0184985E-5
-1.9650883E-5
-1.9123918E-5
0.0
0.0
-8.792934E-6
-8.543734E-6
-8.298108E-6
0.0
0.0
-7.5826665E-6
0.0
-7.1235777E-6
0.0
0.0
0.0
-6.2483114E-6
-6.0384377E-6
0.0
-5.6294257E-6
-5.430288E-6
-5.2347305E-6
0.0
0.0
-4.6695386E-6
4.4883036E-6
0.0
4.1365797E-6
0.0
0.0
3.635865E-6
3.4761272E-6
-3.3199735E-6
0.0
0.0
-2.8730217E-6
-2.7312085E-6
-2.5929814E-6
-2.4583405E-6
-2.3272864E-6
-2.1998192E-6
-4.151878E-6
-1.9556464E-6
-1.8389417E-6
-1.725825E-6
-1.6162967E-6
-1.5103569E-6
-1.408006E-6
-1.3092442E-6
-1.2140717E-6
-1.1224888E-6
-1.0344957E-6
-9.5009244E-7
0.0
0.0
0.0
-6.483831E-7
-5.8193257E-7
0.0
-4.598047E-7
0.0
0.0
0.0
2.5864583E-7
-2.1733533E-7
-1.796167E-7
0.0
0.0
0.0
-6.466283E-8
-8.9809674E-8
-5.7478292E-8
-1.6165792E-8
-7.1848034E-9
0.0
0.0
