0.0122174
0.012430411
0.013026178
0.013895257
0.014903552
0.015924772
0.016854858
0.017614678
0.018148184
0.018419584
0.018410746
0.018118933
0.017554795
0.016740464
0.01570767
0.014495865
0.013150374
0.011720663
0.010258817
0.008818398
0.0074537722
0.006219838
0.0051711607
0.0043572993
0.0038086358
0.0035137422
0.0034109813
0.0034145315
0.0034510007
0.0034758532
0.003471222
0.003437855
0.003387363
0.0033357693
0.003298124
0.0032843582
0.003297094
0.0033319427
0.0033798525
0.003430245
0.0034736826
0.0035034565
0.0035160857
0.0035109997
0.0034897248
0.003454849
0.003409001
0.0033540463
0.0032906425
0.0032182215
0.0031353533
0.003040361
0.002932014
0.0028101336
0.0026759978
0.0025324763
0.0023838778
0.0022355134
0.002093009
0.0019614531
0.0018445429
0.0017439879
0.0016594493
0.0015891548
0.0015310528
0.0014841238
0.0014493762
0.0014301091
0.0014311706
0.0014572423
0.001510729
0.0015902722
0.0016906405
0.0018038388
0.0019206617
0.0020320357
0.0021299263
0.0022078631
0.0022612019
0.0022872202
0.0022850903
0.0022557552
0.002201717
0.0021267352
0.0020354413
0.001932876
0.0018239621
0.0017129608
0.0016029796
0.0014956371
0.0013909964
0.0012878417
0.0011842992
0.0010787444
9.709505E-4
8.6354255E-4
7.639356E-4
6.86513E-4
6.522622E-4
6.795208E-4
7.695253E-4
9.0683677E-4
0.0010722451
0.0012499735
0.0014281536
0.001597657
0.0017511953
0.0018828418
0.0019878172
0.002062408
0.0021039448
0.002110795
0.0020823546
0.002019024
0.0019221646
0.0017940371
0.0016377259
0.0014570615
0.0012565666
0.0010414904
8.1812526E-4
5.9513835E-4
3.8947264E-4
2.5480337E-4
2.968842E-4
4.5592542E-4
6.3607795E-4
8.0916757E-4
9.658307E-4
0.0011015645
0.0012137633
0.0013009091
0.0013623011
0.0013979564
0.0014085816
0.0013955774
0.0013610683
0.00130795
0.001239954
0.0011617205
0.0010788525
9.978756E-4
9.25935E-4
8.6996343E-4
8.351605E-4
8.232073E-4
8.313834E-4
8.5343496E-4
8.8159763E-4
9.0845395E-4
9.279671E-4
9.358215E-4
9.294178E-4
9.0775953E-4
8.713449E-4
8.221037E-4
7.634014E-4
7.001087E-4
6.386752E-4
5.8694603E-4
5.531169E-4
5.432594E-4
5.584191E-4
5.940889E-4
6.428059E-4
6.972058E-4
7.515637E-4
8.0204784E-4
8.4645586E-4
8.838495E-4
9.142056E-4
9.3809515E-4
9.563824E-4
9.6994836E-4
9.794537E-4
9.851689E-4
9.868917E-4
9.839616E-4
9.753615E-4
9.5987803E-4
9.3629176E-4
9.035657E-4
8.610154E-4
8.0845325E-4
7.463179E-4
6.758112E-4
5.990964E-4
5.19656E-4
4.4297214E-4
3.7761874E-4
3.3578882E-4
3.292381E-4
3.59432E-4
4.1577168E-4
4.853165E-4
5.587052E-4
6.301574E-4
6.962235E-4
7.548998E-4
8.051273E-4
8.4649806E-4
8.790565E-4
9.03144E-4
9.1926387E-4
9.2796265E-4
9.29732E-4
9.249363E-4
9.13774E-4
8.96274E-4
8.72326E-4
8.4173825E-4
8.0431224E-4
7.599268E-4
7.086231E-4
6.50691E-4
5.867667E-4
5.1797106E-4
4.4616105E-4
3.7445786E-4
3.0838957E-4
2.5790444E-4
2.3771921E-4
2.5740557E-4
3.0972218E-4
3.80327E-4
4.588048E-4
5.3904037E-4
6.172454E-4
6.9075695E-4
7.5747777E-4
8.1562775E-4
8.6364197E-4
9.001416E-4
9.2394394E-4
9.340952E-4
9.2991587E-4
9.1105193E-4
8.7752764E-4
8.29798E-4
7.6880417E-4
6.960413E-4
6.13667E-4
5.247197E-4
4.3361823E-4
3.4734933E-4
2.7792825E-4
2.4386753E-4
2.5783278E-4
3.0822752E-4
3.7387456E-4
4.4063205E-4
5.0086295E-4
5.50335E-4
5.8665103E-4
6.0860644E-4
6.159331E-4
6.092068E-4
5.898342E-4
5.600951E-4
5.232368E-4
4.836029E-4
4.466958E-4
4.1885316E-4
4.0599267E-4
4.1137618E-4
4.3395296E-4
4.6908858E-4
5.1086163E-4
5.5384875E-4
5.937825E-4
6.275627E-4
6.53075E-4
6.690042E-4
6.746827E-4
6.699715E-4
6.5516296E-4
6.3089916E-4
5.9810287E-4
5.5792485E-4
5.117142E-4
4.6102653E-4
4.0769676E-4
3.5402435E-4
3.0314585E-4
2.596347E-4
2.2992598E-4
2.2082191E-4
2.3476528E-4
2.6734202E-4
3.1133904E-4
3.6078942E-4
4.116706E-4
4.6131798E-4
5.078776E-4
5.499898E-4
5.866301E-4
6.17033E-4
6.4065657E-4
6.571631E-4
6.66404E-4
6.6840247E-4
6.6333095E-4
6.5148424E-4
6.332488E-4
6.090732E-4
5.794429E-4
5.448659E-4
5.058742E-4
4.630487E-4
4.1707806E-4
3.68871E-4
3.1976204E-4
2.7189506E-4
2.2891443E-4
1.9687891E-4
1.8381051E-4
1.9454477E-4
2.2542955E-4
2.6836505E-4
3.1656952E-4
3.6561128E-4
4.126319E-4
4.556971E-4
4.934622E-4
5.2501966E-4
5.4983114E-4
5.676925E-4
5.787063E-4
5.8324786E-4
5.819177E-4
5.754778E-4
5.6477083E-4
5.5062794E-4
5.337736E-4
5.14741E-4
4.938147E-4
4.710159E-4
4.4613794E-4
4.1883427E-4
3.8875054E-4
3.5569503E-4
3.1985343E-4
2.820853E-4
2.443913E-4
2.1066761E-4
1.8747995E-4
1.828098E-4
2.0029569E-4
2.3559586E-4
2.811428E-4
3.3068E-4
3.798488E-4
4.2557367E-4
4.6558437E-4
4.9817713E-4
5.2211416E-4
5.3658924E-4
5.4122193E-4
5.360634E-4
5.216068E-4
4.988025E-4
4.6908096E-4
4.343907E-4
3.9725323E-4
3.6081526E-4
3.2880582E-4
3.0516897E-4
2.9308736E-4
2.9360008E-4
3.049316E-4
3.233351E-4
3.4461325E-4
3.6513308E-4
3.8213647E-4
3.936901E-4
3.9854518E-4
3.9601207E-4
3.8587447E-4
3.683441E-4
3.4406004E-4
3.1414963E-4
2.8039352E-4
2.455737E-4
2.1407673E-4
1.9243048E-4
1.8800504E-4
2.0414588E-4
2.3723161E-4
2.8058735E-4
3.2850698E-4
3.7697246E-4
4.231579E-4
4.6497074E-4
5.007947E-4
5.2936614E-4
5.4972095E-4
5.6117505E-4
5.633207E-4
5.560273E-4
5.394411E-4
5.139822E-4
4.8033622E-4
4.3944462E-4
3.92497E-4
3.409405E-4
2.8653728E-4
2.3155748E-4
1.7934719E-4
1.3586968E-4
1.12114954E-4
1.1825888E-4
1.4750169E-4
1.8615458E-4
2.2656149E-4
2.6547132E-4
3.0153285E-4
3.3423558E-4
3.6347238E-4
3.8932075E-4
4.1190788E-4
4.3131894E-4
4.4753787E-4
4.604194E-4
4.6969124E-4
4.7498217E-4
4.7587013E-4
4.719411E-4
4.6285192E-4
4.483894E-4
4.28523E-4
4.0344917E-4
3.7363E-4
3.3983256E-4
3.0318287E-4
2.652574E-4
2.2824839E-4
1.9521649E-4
1.7024502E-4
1.5768617E-4
1.5960119E-4
1.7366877E-4
1.9500166E-4
2.1916485E-4
2.4321674E-4
2.6548718E-4
2.851773E-4
3.0206764E-4
3.1632156E-4
3.283357E-4
3.3861073E-4
3.4763306E-4
3.5577285E-4
3.6320995E-4
3.698994E-4
3.7558013E-4
3.798215E-4
3.8209418E-4
3.8184994E-4
3.785973E-4
3.7196494E-4
3.617507E-4
3.479563E-4
3.3081215E-4
3.1079672E-4
2.8865645E-4
2.6543144E-4
2.4248542E-4
2.2151804E-4
2.0449221E-4
1.9335015E-4
1.8944549E-4
1.9293571E-4
2.0266368E-4
2.1667471E-4
2.3289122E-4
2.49518E-4
2.6515796E-4
2.7878716E-4
2.8969682E-4
2.9744688E-4
3.0184045E-4
3.0291872E-4
3.0097066E-4
2.9655185E-4
2.905012E-4
2.839376E-4
2.7820686E-4
2.7474147E-4
2.7481545E-4
2.7923778E-4
2.8810746E-4
3.007584E-4
3.1591256E-4
3.3193993E-4
3.471053E-4
3.5974346E-4
3.683645E-4
3.7171165E-4
3.687938E-4
3.589047E-4
3.4163546E-4
3.1688344E-4
2.848618E-4
2.4611928E-4
2.016031E-4
1.5289088E-4
1.03218656E-4
6.3370564E-5
6.688584E-5
1.1133464E-4
1.656859E-4
2.2054945E-4
2.727481E-4
3.204851E-4
3.6248483E-4
3.9779735E-4
4.2574736E-4
4.4591838E-4
4.5814368E-4
4.624939E-4
4.592587E-4
4.4892225E-4
4.3213277E-4
4.0966878E-4
3.8240413E-4
3.5127572E-4
3.1725896E-4
2.8135837E-4
2.4462672E-4
2.0823599E-4
1.736475E-4
1.4295602E-4
1.1940713E-4
1.0737026E-4
1.0977583E-4
1.2467141E-4
1.4713714E-4
1.7305044E-4
1.9986813E-4
2.26071E-4
2.5068354E-4
2.7302402E-4
2.9259123E-4
3.090173E-4
3.2205123E-4
3.3155436E-4
3.3749934E-4
3.3996714E-4
3.3913995E-4
3.3528928E-4
3.2875914E-4
3.1994574E-4
3.0927552E-4
2.9718387E-4
2.8409756E-4
2.7042298E-4
2.5654276E-4
2.4282033E-4
2.2961153E-4
2.17278E-4
2.0619521E-4
1.9674591E-4
1.8929035E-4
1.8411227E-4
1.8135272E-4
1.8095797E-4
1.8266958E-4
1.860676E-4
1.9065198E-4
1.9593413E-4
2.015144E-4
2.0713333E-4
2.1269395E-4
2.1825566E-4
2.2400083E-4
2.3017668E-4
2.3701938E-4
2.4467413E-4
2.531288E-4
2.6217816E-4
2.7142614E-4
2.803225E-4
2.8822228E-4
2.9445413E-4
2.9838705E-4
2.9948977E-4
2.9738E-4
2.918644E-4
2.8296935E-4
2.709649E-4
2.5638152E-4
2.4001939E-4
2.2294308E-4
2.0644418E-4
1.9193564E-4
1.807317E-4
1.7370953E-4
1.7097898E-4
1.7179354E-4
1.7480878E-4
1.7852098E-4
1.8164302E-4
1.833241E-4
1.832514E-4
1.8169511E-4
1.795196E-4
1.781292E-4
1.7926535E-4
1.8458402E-4
1.9510572E-4
2.1084862E-4
2.3088492E-4
2.5370458E-4
2.7759722E-4
3.0089825E-4
3.221075E-4
3.399354E-4
3.5331835E-4
3.6142275E-4
3.6364395E-4
3.596026E-4
3.4913738E-4
3.322944E-4
3.0931307E-4
2.806094E-4
2.4675927E-4
2.0848616E-4
1.6666809E-4
1.2241995E-4
7.756323E-5
3.8572787E-5
4.101093E-5
8.078692E-5
1.249627E-4
1.6807542E-4
2.0854967E-4
2.4545932E-4
2.7810837E-4
3.0594264E-4
3.2852753E-4
3.4554442E-4
3.5679317E-4
3.6219717E-4
3.6180898E-4
3.558157E-4
3.445442E-4
3.284658E-4
3.0820115E-4
2.8452734E-4
2.583903E-4
2.3092747E-4
2.0350605E-4
1.7777394E-4
1.5568086E-4
1.3932284E-4
1.3036179E-4
1.2908972E-4
1.3403855E-4
1.4276794E-4
1.5297391E-4
1.6302249E-4
1.7197749E-4
1.7945841E-4
1.8548891E-4
1.9036568E-4
1.945389E-4
1.9849595E-4
2.0265141E-4
2.0725785E-4
2.1235674E-4
2.1778034E-4
2.2319995E-4
2.2820274E-4
2.3237505E-4
2.3537564E-4
2.3698964E-4
2.3716019E-4
2.3599721E-4
2.33763E-4
2.3083405E-4
2.2763983E-4
2.2458316E-4
2.2195395E-4
2.1985603E-4
2.1816831E-4
2.1655389E-4
2.1451518E-4
2.1147859E-4
2.068887E-4
2.0029633E-4
1.9143544E-4
1.8029266E-4
1.6718093E-4
1.5283367E-4
1.3853118E-4
1.262232E-4
1.1844378E-4
1.17593205E-4
1.2461074E-4
1.3836296E-4
1.5653597E-4
1.7679481E-4
1.9727231E-4
2.1659449E-4
2.3378589E-4
2.4818451E-4
2.5938466E-4
2.671984E-4
2.7162608E-4
2.7282877E-4
2.7109883E-4
2.66827E-4
2.6046482E-4
2.5248405E-4
2.433347E-4
2.3340556E-4
2.2299244E-4
2.1227947E-4
2.0133842E-4
1.9014822E-4
1.7863383E-4
1.6672122E-4
1.5440532E-4
1.4183101E-4
1.2939206E-4
1.1785108E-4
1.0845229E-4
1.02894905E-4
1.0290523E-4
1.0939412E-4
1.2194243E-4
1.3920272E-4
1.5962424E-4
1.8183974E-4
2.0472656E-4
2.2735192E-4
2.4891083E-4
2.686835E-4
2.8601254E-4
3.0029422E-4
3.1097984E-4
3.175834E-4
3.1969385E-4
3.1698935E-4
3.092524E-4
2.9638456E-4
2.784194E-4
2.555334E-4
2.2805539E-4
1.9647722E-4
1.6147688E-4
1.2399304E-4
8.553584E-5
4.9976683E-5
3.5124856E-5
5.9361235E-5
9.511792E-5
1.3113473E-4
1.6473109E-4
1.9466525E-4
2.2013794E-4
2.4060546E-4
2.557384E-4
2.6541427E-4
2.6971745E-4
2.6893872E-4
2.635723E-4
2.543091E-4
2.4202658E-4
2.2777212E-4
2.1273427E-4
1.9818799E-4
1.853912E-4
1.7541346E-4
1.6891422E-4
1.659617E-4
1.6601857E-4
1.6813062E-4
1.7121049E-4
1.7427425E-4
1.765687E-4
1.7760645E-4
1.7714819E-4
1.7516314E-4
1.7178312E-4
1.6725826E-4
1.6191724E-4
1.5613445E-4
1.5030598E-4
1.44835E-4
1.4012532E-4
1.3657798E-4
1.3458169E-4
1.3448781E-4
1.3656635E-4
1.40953E-4
1.4760873E-4
1.5631031E-4
1.6667433E-4
1.7820146E-4
1.9032498E-4
2.0245307E-4
2.140022E-4
2.2442281E-4
2.3321898E-4
2.3996348E-4
2.4430896E-4
2.459953E-4
2.448534E-4
2.4080552E-4
2.3386288E-4
2.2412125E-4
2.1175611E-4
1.970201E-4
1.8024609E-4
1.6186308E-4
1.4243722E-4
1.2276303E-4
1.0404884E-4
8.823635E-5
7.824698E-5
7.710109E-5
8.536211E-5
1.0052937E-4
1.19496326E-4
1.4000904E-4
1.6061516E-4
1.8033956E-4
1.9847586E-4
2.1448485E-4
2.27951E-4
2.3856759E-4
2.4613514E-4
2.5056466E-4
2.5188128E-4
2.5022484E-4
2.4584553E-4
2.390925E-4
2.3039426E-4
2.2022956E-4
2.0908882E-4
1.9742762E-4
1.8561729E-4
1.739011E-4
1.623687E-4
1.5096122E-4
1.3951636E-4
1.2785562E-4
1.15913936E-4
1.0391962E-4
9.264402E-5
8.370359E-5
7.962214E-5
8.2868726E-5
9.402194E-5
1.114767E-4
1.3292664E-4
1.5636365E-4
1.8021291E-4
2.0321425E-4
2.2432169E-4
2.4265335E-4
2.5747457E-4
2.6819747E-4
2.743873E-4
2.7576997E-4
2.72238E-4
2.6385352E-4
2.5084894E-4
2.336261E-4
2.1275807E-4
1.8900093E-4
1.6333183E-4
1.3704915E-4
1.1200884E-4
9.108599E-5
7.850747E-5
7.795712E-5
8.827995E-5
1.04538594E-4
1.2251122E-4
1.3973152E-4
1.5485361E-4
1.6714075E-4
1.7621346E-4
1.819328E-4
1.8434515E-4
1.8365654E-4
1.8022342E-4
1.745544E-4
1.6731962E-4
1.5936117E-4
1.5168898E-4
1.4543047E-4
1.4169088E-4
1.4131177E-4
1.4461289E-4
1.5128341E-4
1.60505E-4
1.7120404E-4
1.8227608E-4
1.9271494E-4
2.0166398E-4
2.0842713E-4
2.124659E-4
2.1339384E-4
2.1097253E-4
2.0510914E-4
1.9585584E-4
1.834112E-4
1.6812641E-4
1.5052261E-4
1.3133445E-4
1.1161236E-4
9.294543E-5
7.7843666E-5
6.983952E-5
7.166883E-5
8.229774E-5
9.8154116E-5
1.1620159E-4
1.3462563E-4
1.5242264E-4
1.69038E-4
1.8416623E-4
1.976416E-4
2.093712E-4
2.1928956E-4
2.273268E-4
2.3338836E-4
2.3734584E-4
2.3903859E-4
2.3828475E-4
2.3489971E-4
2.2871926E-4
2.1962494E-4
2.0756916E-4
1.9259937E-4
1.7488188E-4
1.5473021E-4
1.3265101E-4
1.09444045E-4
8.646182E-5
6.631125E-5
5.418645E-5
5.6129233E-5
7.040034E-5
9.020963E-5
1.11235706E-4
1.3142326E-4
1.4972556E-4
1.655716E-4
1.7867217E-4
1.8894255E-4
1.9646354E-4
2.0145289E-4
2.042353E-4
2.0520692E-4
2.0479242E-4
2.033967E-4
2.0135594E-4
1.988955E-4
1.9610353E-4
1.929268E-4
1.8919044E-4
1.8463704E-4
1.7897678E-4
1.7193932E-4
1.6332157E-4
1.5302938E-4
1.4111614E-4
1.2782725E-4
1.13666225E-4
9.95082E-5
8.677961E-5
7.760816E-5
7.4449556E-5
7.862779E-5
8.9170215E-5
1.0379149E-4
1.203623E-4
1.3734799E-4
1.5369154E-4
1.6864366E-4
1.8165317E-4
1.9230731E-4
2.0030116E-4
2.0542346E-4
2.0755184E-4
2.0665424E-4
2.0279523E-4
1.9614692E-4
1.8700492E-4
1.7581064E-4
1.6318176E-4
1.4994973E-4
1.371937E-4
1.262312E-4
1.1847513E-4
1.15058494E-4
1.1632343E-4
1.21584155E-4
1.294245E-4
1.3822854E-4
1.4654487E-4
1.5321595E-4
1.57384E-4
1.5846401E-4
1.5612112E-4
1.5026305E-4
1.4105227E-4
1.2894836E-4
1.1480572E-4
1.0007538E-4
8.71454E-5
7.95326E-5
8.068395E-5
9.112891E-5
1.0816303E-4
1.2851146E-4
1.4973848E-4
1.7020792E-4
1.8879914E-4
2.0472323E-4
2.1742853E-4
2.2655289E-4
2.3189672E-4
2.3340408E-4
2.3114588E-4
2.2530249E-4
2.1614501E-4
2.0401593E-4
1.8930997E-4
1.7245786E-4
1.539162E-4
1.3417029E-4
1.13763424E-4
9.338545E-5
7.410643E-5
5.7951016E-5
4.8778715E-5
5.073291E-5
6.263287E-5
7.9807156E-5
9.906624E-5
1.1880414E-4
1.3813161E-4
1.5645212E-4
1.732985E-4
1.8827344E-4
2.0103167E-4
2.1127932E-4
2.1878017E-4
2.233641E-4
2.2493453E-4
2.2347417E-4
2.1904781E-4
2.1180253E-4
2.019653E-4
1.898395E-4
1.7580137E-4
1.6029963E-4
1.4386192E-4
1.2711463E-4
1.1082439E-4
9.5966025E-5
8.378847E-5
7.573917E-5
7.298024E-5
7.5596814E-5
8.242738E-5
9.182662E-5
1.0238184E-4
1.13102484E-4
1.2334254E-4
1.3269078E-4
1.408941E-4
1.4781335E-4
1.5339979E-4
1.576825E-4
1.607601E-4
1.6279166E-4
1.6398341E-4
1.6456853E-4
1.6477979E-4
1.6481632E-4
1.648096E-4
1.6479575E-4
1.6470118E-4
1.6434639E-4
1.6346795E-4
1.6175411E-4
1.5888776E-4
1.545908E-4
1.4866653E-4
1.4103997E-4
1.3179888E-4
1.2124174E-4
1.0994171E-4
9.8831806E-5
8.9282534E-5
8.302743E-5
8.164654E-5
8.564641E-5
9.407231E-5
1.05171865E-4
1.1721727E-4
1.2884216E-4
1.3905522E-4
1.4717653E-4
1.5278641E-4
1.5569877E-4
1.5595237E-4
1.5381257E-4
1.4977752E-4
1.4457983E-4
1.3916638E-4
1.3462495E-4
1.3201992E-4
1.3213702E-4
1.3523208E-4
1.4094345E-4
1.4842945E-4
1.5662173E-4
1.6444622E-4
1.7095212E-4
1.7536485E-4
1.7709799E-4
1.757477E-4
1.7108195E-4
1.6302866E-4
1.5166595E-4
1.372169E-4
1.20056735E-4
1.0075227E-4
8.019834E-5
6.0076618E-5
4.436363E-5
4.125259E-5
5.382919E-5
7.4380616E-5
9.734957E-5
1.204438E-4
1.4255005E-4
1.6297896E-4
1.81232E-4
1.9692138E-4
2.0973958E-4
2.1944725E-4
2.258691E-4
2.2889336E-4
2.2847323E-4
2.2462902E-4
2.1745033E-4
2.0709801E-4
1.9380561E-4
1.7788078E-4
1.5970811E-4
1.3975723E-4
1.18606076E-4
9.7004995E-5
7.605531E-5
5.7701687E-5
4.57543E-5
4.5145454E-5
5.523182E-5
7.043349E-5
8.6966786E-5
1.0313752E-4
1.18186435E-4
1.3175778E-4
1.4369373E-4
1.539434E-4
1.6251327E-4
1.6943456E-4
1.747403E-4
1.7845034E-4
1.805642E-4
1.8106203E-4
1.7991349E-4
1.7709282E-4
1.7259896E-4
1.6647845E-4
1.5884978E-4
1.4992776E-4
1.400473E-4
1.2968462E-4
1.1947034E-4
1.1017822E-4
1.0265671E-4
9.766329E-5
9.56118E-5
9.6366515E-5
9.925959E-5
1.0333171E-4
1.0761199E-4
1.1129741E-4
1.13826456E-4
1.1489642E-4
1.1446355E-4
1.1274191E-4
1.10200795E-4
1.0754599E-4
1.0565423E-4
1.0542375E-4
1.075406E-4
1.12252295E-4
1.192916E-4
1.2799476E-4
1.375103E-4
1.469765E-4
1.5562456E-4
1.628239E-4
1.6809671E-4
1.7111906E-4
1.71717E-4
1.6986055E-4
1.6565625E-4
1.5933857E-4
1.5126039E-4
1.418822E-4
1.3175933E-4
1.2152402E-4
1.1185525E-4
1.0342406E-4
9.680214E-5
9.234063E-5
9.006829E-5
8.968339E-5
9.06652E-5
9.2443704E-5
9.4541225E-5
9.6648226E-5
9.864313E-5
1.0057837E-4
1.0264674E-4
1.05132756E-4
1.0835055E-4
1.12574424E-4
1.1797552E-4
1.2458104E-4
1.322655E-4
1.4077015E-4
1.4973777E-4
1.5874927E-4
1.673548E-4
1.7509727E-4
1.8153003E-4
1.8623068E-4
1.8881311E-4
1.889388E-4
1.8632768E-4
1.8076874E-4
1.721298E-4
1.6036641E-4
1.4552962E-4
1.2777331E-4
1.07364736E-4
8.471058E-5
6.0456092E-5
3.6038935E-5
1.892434E-5
3.116017E-5
5.607336E-5
8.214794E-5
1.0735743E-4
1.3081738E-4
1.5190852E-4
1.7014572E-4
1.8515483E-4
1.9667186E-4
2.045461E-4
2.087421E-4
2.0933841E-4
2.0652275E-4
2.0058348E-4
1.9189795E-4
1.8091832E-4
1.68156E-4
1.5416647E-4
1.3953616E-4
1.248737E-4
1.1080727E-4
9.798723E-5
8.7083805E-5
7.8753E-5
7.352969E-5
7.1648625E-5
7.291255E-5
7.67583E-5
8.247755E-5
8.940565E-5
9.699128E-5
1.0478648E-4
1.1241513E-4
1.1954919E-4
1.2589943E-4
1.312183E-4
1.353103E-4
1.3804612E-4
1.393771E-4
1.3934795E-4
1.3810568E-4
1.3590207E-4
1.3308667E-4
1.3008526E-4
1.2735887E-4
1.2534094E-4
1.2435991E-4
1.2456728E-4
1.2589902E-4
1.28088E-4
1.307209E-4
1.3331501E-4
1.3538895E-4
1.3651431E-4
1.3634714E-4
1.3464384E-4
1.3126785E-4
1.2619195E-4
1.19500706E-4
1.1139762E-4
1.0222274E-4
9.2488764E-5
8.294277E-5
7.464186E-5
6.895359E-5
6.725738E-5
7.025549E-5
7.750986E-5
8.782147E-5
9.990407E-5
1.1270708E-4
1.2543662E-4
1.3748955E-4
1.48394E-4
1.5777259E-4
1.6532374E-4
1.7081466E-4
1.7408113E-4
1.7503109E-4
1.7364975E-4
1.7000482E-4
1.6425096E-4
1.5663245E-4
1.4748369E-4
1.3722658E-4
1.2636335E-4
1.1546153E-4
1.05124745E-4
9.593925E-5
8.838825E-5
8.274423E-5
7.898684E-5
7.681487E-5
7.577591E-5
7.545572E-5
7.564155E-5
7.64104E-5
7.812644E-5
8.133708E-5
8.6576525E-5
9.414777E-5
1.0399732E-4
1.1573543E-4
1.2874707E-4
1.4230987E-4
1.5567867E-4
1.6813652E-4
1.7902514E-4
1.8776474E-4
1.9386856E-4
1.9695392E-4
1.967504E-4
1.9310496E-4
1.8598368E-4
1.754705E-4
1.6176328E-4
1.4516851E-4
1.2609792E-4
1.0507532E-4
8.277902E-5
6.0218543E-5
3.9528517E-5
2.7503242E-5
3.458752E-5
5.2641935E-5
7.2715855E-5
9.215416E-5
1.0999401E-4
1.2574659E-4
1.3912319E-4
1.4995516E-4
1.581631E-4
1.6374161E-4
1.667498E-4
1.6730466E-4
1.6557687E-4
1.617886E-4
1.562139E-4
1.4918129E-4
1.4107853E-4
1.323579E-4
1.2353866E-4
1.1519906E-4
1.07944565E-4
1.02336475E-4
9.877795E-5
9.739214E-5
9.7963646E-5
9.999235E-5
1.0282973E-4
1.05820356E-4
1.08397435E-4
1.1012843E-4
1.10729125E-4
1.1006351E-4
1.0813976E-4
1.0510623E-4
1.012481E-4
9.6981355E-5
9.283661E-5
8.941858E-5
8.73248E-5
8.7023574E-5
8.873196E-5
9.2365524E-5
9.759545E-5
1.0397038E-4
1.11030255E-4
1.1837326E-4
1.2567769E-4
1.3269576E-4
1.3923447E-4
1.4513264E-4
1.5023975E-4
1.5439947E-4
1.5743995E-4
1.591714E-4
1.5939088E-4
1.5789326E-4
1.5448632E-4
1.4900879E-4
1.4134937E-4
1.314664E-4
1.1940876E-4
1.05342704E-4
8.959786E-5
7.277356E-5
5.6039953E-5
4.204418E-5
3.64394E-5
4.3534932E-5
5.8798043E-5
7.688457E-5
9.525585E-5
1.1268158E-4
1.2843545E-4
1.4203611E-4
1.5316339E-4
1.6162981E-4
1.6736968E-4
1.7043258E-4
1.7097597E-4
1.6925462E-4
1.6560522E-4
1.6042546E-4
1.5414678E-4
1.4720079E-4
1.3998066E-4
1.328012E-4
1.2586435E-4
1.1923942E-4
1.12866466E-4
1.0658576E-4
1.0018971E-4
9.348801E-5
8.637841E-5
7.8922436E-5
7.143373E-5
6.458485E-5
5.9490867E-5
5.757747E-5
5.9965132E-5
6.671776E-5
7.689703E-5
8.925616E-5
1.02699865E-4
1.1637261E-4
1.2961077E-4
1.4188659E-4
1.5277092E-4
1.6191183E-4
1.6902307E-4
1.7387823E-4
1.7630825E-4
1.76201E-4
1.7350247E-4
1.6821944E-4
1.6042373E-4
1.5025873E-4
1.3794968E-4
1.2382159E-4
1.0833308E-4
9.2146285E-5
7.6277174E-5
6.239766E-5
5.3191165E-5
5.1609124E-5
5.7914833E-5
6.915498E-5
8.224235E-5
9.5217736E-5
1.06935164E-4
1.1669976E-4
1.240875E-4
1.2886901E-4
1.309805E-4
1.305159E-4
1.2772986E-4
1.2304662E-4
1.1707166E-4
1.10597895E-4
1.04585095E-4
1.0007067E-4
9.7967975E-5
9.87829E-5
1.02417536E-4
1.0822965E-4
1.1529427E-4
1.2266662E-4
1.29533E-4
1.3526181E-4
1.3940374E-4
1.416739E-4
1.419301E-4
1.401517E-4
1.3641929E-4
1.3089542E-4
1.2380678E-4
1.15428906E-4
1.0607628E-4
9.610174E-5
8.59121E-5
7.6009244E-5
6.706402E-5
6.0002763E-5
5.5987057E-5
5.60497E-5
6.045869E-5
6.855087E-5
7.925502E-5
9.1578135E-5
1.04733896E-4
1.18097916E-4
1.3114474E-4
1.4340815E-4
1.5446373E-4
1.6392561E-4
1.7145104E-4
1.7674855E-4
1.7958671E-4
1.7980217E-4
1.7730583E-4
1.7208655E-4
1.6421248E-4
1.5383032E-4
1.411634E-4
1.265109E-4
1.102523E-4
9.286819E-5
7.5006334E-5
5.7682097E-5
4.2878662E-5
3.4765202E-5
3.775098E-5
4.9200728E-5
6.389032E-5
7.912811E-5
9.375192E-5
1.071853E-4
1.1909941E-4
1.2929419E-4
1.3765202E-4
1.4411798E-4
1.4869099E-4
1.5142014E-4
1.5240301E-4
1.5178462E-4
1.4975549E-4
1.4654735E-4
1.424251E-4
1.3767349E-4
1.3257757E-4
1.2739691E-4
1.2233602E-4
1.17516254E-4
1.1295688E-4
1.0857297E-4
1.04194565E-4
9.960532E-5
9.4594914E-5
8.901909E-5
8.286548E-5
7.632926E-5
6.9904585E-5
6.447568E-5
6.130523E-5
6.168993E-5
6.625665E-5
7.456368E-5
8.54824E-5
9.777949E-5
1.10388995E-4
1.2244751E-4
1.3326263E-4
1.4228385E-4
1.4908775E-4
1.5337358E-4
1.5496492E-4
1.5381393E-4
1.5000689E-4
1.4377067E-4
1.3548126E-4
1.2567577E-4
1.1506845E-4
1.0456488E-4
9.5247895E-5
8.826921E-5
8.4563464E-5
8.4440166E-5
8.737864E-5
9.2270864E-5
9.7874035E-5
1.0311926E-4
1.0721163E-4
1.09621775E-4
1.1004964E-4
1.08392676E-4
1.0472662E-4
9.930053E-5
9.254851E-5
8.5120926E-5
7.79301E-5
7.2167735E-5
6.916719E-5
6.996421E-5
7.47563E-5
8.2844716E-5
9.311581E-5
1.04497776E-4
1.161299E-4
1.2735826E-4
1.3768647E-4
1.4673125E-4
1.5419144E-4
1.5982866E-4
1.6345592E-4
1.6493179E-4
1.6415835E-4
1.6108154E-4
1.5569324E-4
1.480342E-4
1.3819766E-4
1.2633388E-4
1.1265683E-4
9.7457865E-5
8.113883E-5
6.4304804E-5
4.805498E-5
3.493383E-5
3.0542684E-5
3.8183323E-5
5.2487332E-5
6.882104E-5
8.53053E-5
1.0111726E-4
1.158098E-4
1.291001E-4
1.4079417E-4
1.5075378E-4
1.5887816E-4
1.6509202E-4
1.693372E-4
1.7156747E-4
1.7174632E-4
1.698481E-4
1.6586231E-4
1.5980082E-4
1.5170785E-4
1.4167209E-4
1.2984192E-4
1.1644536E-4
1.01821E-4
8.6475426E-5
7.120496E-5
5.7362457E-5
4.7302423E-5
4.4165794E-5
4.902954E-5
5.9224636E-5
7.152892E-5
8.393463E-5
9.533287E-5
1.05093306E-4
1.1286322E-4
1.18485616E-4
1.2196695E-4
1.2346395E-4
1.2327543E-4
1.21830635E-4
1.19665674E-4
1.17379066E-4
1.1555851E-4
1.1468161E-4
1.15013776E-4
1.16544645E-4
1.1899555E-4
1.2189415E-4
1.246789E-4
1.2679448E-4
1.2775896E-4
1.2720317E-4
1.2489027E-4
1.2072443E-4
1.14755196E-4
1.0718288E-4
9.8370336E-5
8.886686E-5
7.9447374E-5
7.1149654E-5
6.52252E-5
6.2825464E-5
6.440408E-5
6.938689E-5
7.656588E-5
8.471179E-5
9.286856E-5
1.0037726E-4
1.06817344E-4
1.11949295E-4
1.15674455E-4
1.1800861E-4
1.1906382E-4
1.19034295E-4
1.18182965E-4
1.16825555E-4
1.15309005E-4
1.1398126E-4
1.1315194E-4
1.13048016E-4
1.13774346E-4
1.1529153E-4
1.1741903E-4
1.1986169E-4
1.2224956E-4
1.2417942E-4
1.2525036E-4
1.2509109E-4
1.2338036E-4
1.1986238E-4
1.14360264E-4
1.0678992E-4
9.717864E-5
8.5697444E-5
7.273112E-5
5.9056514E-5
4.6330006E-5
3.8145394E-5
3.9502294E-5
5.0483508E-5
6.656609E-5
8.449021E-5
1.0258461E-4
1.1987887E-4
1.3570764E-4
1.4957151E-4
1.6108883E-4
1.6997926E-4
1.7605835E-4
1.7923485E-4
1.7950725E-4
1.769584E-4
1.717476E-4
1.6410009E-4
1.5429486E-4
1.4265146E-4
1.295177E-4
1.1526079E-4
1.0026663E-4
8.4957144E-5
6.984734E-5
5.5696808E-5
4.3869313E-5
3.685878E-5
3.7399892E-5
4.499474E-5
5.6578985E-5
6.9845024E-5
8.358782E-5
9.713982E-5
1.10052715E-4
1.2196848E-4
1.32572E-4
1.415782E-4
1.4873433E-4
1.53829E-4
1.5670367E-4
1.572645E-4
1.5549317E-4
1.514562E-4
1.4531286E-4
1.3732217E-4
1.2785035E-4
1.1737995E-4
1.0652145E-4
9.602256E-5
8.675609E-5
7.963825E-5
7.54153E-5
7.435022E-5
7.6044795E-5
7.9607846E-5
8.4019724E-5
8.840321E-5
9.212043E-5
9.476934E-5
9.615108E-5
9.623899E-5
9.515661E-5
9.3163464E-5
9.0643654E-5
8.8088746E-5
8.606149E-5
8.512506E-5
8.573595E-5
8.813192E-5
9.2273134E-5
9.787122E-5
1.0448047E-4
1.1159522E-4
1.1871778E-4
1.2539342E-4
1.3122395E-4
1.3587129E-4
1.3905822E-4
1.4056946E-4
1.402544E-4
1.3803126E-4
1.3389291E-4
1.2791419E-4
1.2026095E-4
1.1120282E-4
1.01131496E-4
9.058872E-5
8.030482E-5
7.1231734E-5
6.449777E-5
6.1130435E-5
6.1519066E-5
6.509031E-5
7.065172E-5
7.6989E-5
8.318208E-5
8.865027E-5
9.3107024E-5
9.651112E-5
9.902852E-5
1.009953E-4
1.0286656E-4
1.0513946E-4
1.08250795E-4
1.1247071E-4
1.1783002E-4
1.2410998E-4
1.3089148E-4
1.376343E-4
1.4375568E-4
1.4869147E-4
1.5193758E-4
1.5307586E-4
1.5178912E-4
1.4786897E-4
1.4121871E-4
1.3185285E-4
1.19894445E-4
1.0557305E-4
8.92289E-5
7.1341565E-5
5.265254E-5
3.473225E-5
2.2890628E-5
2.79798E-5
4.4312703E-5
6.3048166E-5
8.164521E-5
9.920145E-5
1.15235554E-4
1.2943437E-4
1.4158258E-4
1.5153627E-4
1.5920919E-4
1.645631E-4
1.6760017E-4
1.6835656E-4
1.6689763E-4
1.6331483E-4
1.5772483E-4
1.5027082E-4
1.4112641E-4
1.3050258E-4
1.1865904E-4
1.05922736E-4
9.272008E-5
7.96349E-5
6.7509405E-5
5.758037E-5
5.1471405E-5
5.0530216E-5
5.4625856E-5
6.216651E-5
7.1366056E-5
8.093896E-5
9.008468E-5
9.832248E-5
1.0537293E-4
1.1109037E-4
1.154246E-4
1.1839703E-4
1.2008386E-4
1.2060289E-4
1.20102886E-4
1.1875526E-4
1.1674823E-4
1.1428346E-4
1.1157454E-4
1.0884577E-4
1.06328305E-4
1.0425041E-4
1.0281873E-4
1.02190716E-4
1.0244293E-4
1.0354513E-4
1.0534985E-4
1.07602136E-4
1.0996596E-4
1.1205895E-4
1.13487644E-4
1.1387866E-4
1.1290492E-4
1.1030804E-4
1.0591916E-4
9.968155E-5
9.168087E-5
8.2195285E-5
7.1791226E-5
6.15131E-5
5.3192027E-5
4.9508115E-5
5.258283E-5
6.1850806E-5
7.4930846E-5
8.966017E-5
1.04576386E-4
1.1870178E-4
1.3134626E-4
1.4200737E-4
1.5032629E-4
1.5606929E-4
1.5911993E-4
1.5947451E-4
1.5723768E-4
1.526165E-4
1.4591243E-4
1.3751102E-4
1.2786931E-4
1.1750036E-4
1.0695395E-4
9.678997E-5
8.753976E-5
7.9650046E-5
7.341288E-5
6.890543E-5
6.598329E-5
6.435547E-5
6.371596E-5
6.38677E-5
6.478826E-5
6.662147E-5
6.960411E-5
7.3955125E-5
7.9772486E-5
8.698125E-5
9.534405E-5
1.0450999E-4
1.1406992E-4
1.2359986E-4
1.3268934E-4
1.409579E-4
1.4806434E-4
1.537115E-4
1.576487E-4
1.5967275E-4
1.5962834E-4
1.5740829E-4
1.5295391E-4
1.4625606E-4
1.3735703E-4
1.2635402E-4
1.13405724E-4
9.874545E-5
8.271125E-5
6.582611E-5
4.9049027E-5
3.4669556E-5
2.8531318E-5
3.569527E-5
5.0486444E-5
6.737629E-5
8.419586E-5
9.9968696E-5
1.1411512E-4
1.2623527E-4
1.3604596E-4
1.4336241E-4
1.480944E-4
1.5024655E-4
1.4991885E-4
1.4730603E-4
1.4269486E-4
1.3645901E-4
1.2905063E-4
1.2098727E-4
1.12830596E-4
1.0515153E-4
9.847554E-5
9.320769E-5
8.9554094E-5
8.747671E-5
8.671628E-5
8.6881126E-5
8.755844E-5
8.840176E-5
8.917495E-5
8.9757596E-5
9.0125206E-5
9.031607E-5
9.039371E-5
9.041256E-5
0.0
0.0
0.0
0.0
0.0
0.0
0.0
0.0
0.0
0.0
0.0
0.0
0.0
0.0
0.0
0.0
0.0
0.0
0.0
0.0
0.0
0.0
0.0
0.0
0.0
0.0
0.0
0.0
0.0
0.0
0.0
0.0
0.0
0.0
0.0
0.0
0.0
0.0
0.0
0.0
0.0
0.0
0.0
0.0
0.0
0.0
0.0
0.0
0.0
0.0
0.0
0.0
0.0
0.0
0.0
0.0
0.0
0.0
0.0
0.0
0.0
0.0
0.0
0.0
0.0
0.0
0.0
0.0
0.0
0.0
0.0
0.0
0.0
0.0
0.0
0.0
0.0
0.0
0.0
0.0
0.0
0.0
0.0
0.0
0.0
0.0
0.0
0.0
0.0
0.0
0.0
0.0
0.0
0.0
0.0
0.0
0.0
0.0
0.0
0.0
0.0
0.0
0.0
0.0
0.0
0.0
0.0
0.0
0.0
0.0
0.0
0.0
0.0
0.0
0.0
0.0
0.0
0.0
0.0
0.0
0.0
0.0
0.0
0.0
0.0
0.0
0.0
0.0
0.0
0.0
0.0
0.0
0.0
0.0
0.0
0.0
0.0
0.0
0.0
0.0
0.0
0.0
0.0
0.0
0.0
0.0
0.0
0.0
0.0
0.0
0.0
0.0
0.0
0.0
0.0
0.0
0.0
0.0
0.0
0.0
0.0
0.0
0.0
0.0
0.0
0.0
0.0
0.0
0.0
0.0
0.0
0.0
0.0
0.0
0.0
0.0
0.0
0.0
0.0
0.0
0.0
0.0
0.0
0.0
0.0
0.0
0.0
0.0
0.0
0.0
0.0
0.0
0.0
0.0
0.0
0.0
0.0
0.0
0.0
0.0
0.0
0.0
0.0
0.0
0.0
0.0
0.0
0.0
0.0
0.0
0.0
0.0
0.0
0.0
0.0
0.0
0.0
0.0
0.0
0.0
0.0
0.0
0.0
0.0
0.0
0.0
0.0
0.0
0.0
0.0
0.0
0.0
0.0
0.0
0.0
0.0
0.0
0.0
0.0
0.0
0.0
0.0
0.0
0.0
0.0
0.0
0.0
0.0
0.0
0.0
0.0
0.0
0.0
0.0
0.0
0.0
0.0
0.0
0.0
0.0
0.0
0.0
0.0
0.0
0.0
0.0
0.0
0.0
0.0
0.0
0.0
0.0
0.0
0.0
0.0
0.0
0.0
0.0
0.0
0.0
0.0
0.0
0.0
0.0
0.0
0.0
0.0
0.0
0.0
0.0
0.0
0.0
0.0
0.0
0.0
0.0
0.0
0.0
0.0
0.0
0.0
0.0
0.0
0.0
0.0
0.0
0.0
0.0
0.0
0.0
0.0
0.0
0.0
0.0
0.0
0.0
0.0
0.0
0.0
0.0
0.0
0.0
0.0
0.0
0.0
0.0
0.0
0.0
0.0
0.0
0.0
0.0
0.0
0.0
0.0
0.0
0.0
0.0
0.0
0.0
0.0
0.0
0.0
0.0
0.0
0.0
0.0
0.0
0.0
0.0
0.0
0.0
0.0
0.0
0.0
0.0
0.0
0.0
0.0
0.0
0.0
0.0
0.0
0.0
0.0
0.0
0.0
0.0
0.0
0.0
0.0
0.0
0.0
0.0
0.0
0.0
0.0
0.0
0.0
0.0
0.0
0.0
0.0
0.0
0.0
0.0
0.0
0.0
0.0
0.0
0.0
0.0
0.0
0.0
0.0
0.0
0.0
0.0
0.0
0.0
0.0
0.0
0.0
0.0
0.0
0.0
0.0
0.0
0.0
0.0
0.0
0.0
0.0
0.0
0.0
0.0
0.0
0.0
0.0
0.0
0.0
0.0
0.0
0.0
0.0
0.0
0.0
0.0
0.0
0.0
0.0
0.0
0.0
0.0
0.0
0.0
0.0
0.0
0.0
0.0
0.0
0.0
0.0
0.0
0.0
0.0
0.0
0.0
0.0
0.0
0.0
0.0
0.0
0.0
0.0
0.0
0.0
0.0
0.0
0.0
0.0
0.0
0.0
0.0
0.0
0.0
0.0
0.0
0.0
0.0
0.0
0.0
0.0
0.0
0.0
0.0
0.0
0.0
0.0
0.0
0.0
0.0
0.0
0.0
0.0
0.0
0.0
0.0
0.0
0.0
0.0
0.0
0.0
0.0
0.0
0.0
0.0
0.0
0.0
0.0
0.0
0.0
0.0
0.0
0.0
0.0
0.0
0.0
0.0
0.0
0.0
0.0
0.0
0.0
0.0
0.0
0.0
0.0
0.0
0.0
0.0
0.0
0.0
0.0
0.0
0.0
0.0
0.0
0.0
0.0
0.0
0.0
0.0
0.0
0.0
0.0
0.0
0.0
0.0
0.0
0.0
0.0
0.0
0.0
0.0
0.0
0.0
0.0
0.0
0.0
0.0
0.0
0.0
0.0
0.0
0.0
0.0
0.0
0.0
0.0
0.0
0.0
0.0
0.0
0.0
0.0
0.0
0.0
0.0
0.0
0.0
0.0
0.0
0.0
0.0
0.0
0.0
0.0
0.0
0.0
0.0
0.0
0.0
0.0
0.0
0.0
0.0
0.0
0.0
0.0
0.0
0.0
0.0
0.0
0.0
0.0
0.0
0.0
0.0
0.0
0.0
0.0
0.0
0.0
0.0
0.0
0.0
0.0
0.0
0.0
0.0
0.0
0.0
0.0
0.0
0.0
0.0
0.0
0.0
0.0
0.0
0.0
0.0
0.0
0.0
0.0
0.0
0.0
0.0
0.0
0.0
0.0
0.0
0.0
0.0
0.0
0.0
0.0
0.0
0.0
0.0
0.0
0.0
0.0
0.0
0.0
0.0
0.0
0.0
0.0
0.0
0.0
0.0
0.0
0.0
0.0
0.0
0.0
0.0
0.0
0.0
0.0
0.0
0.0
0.0
0.0
0.0
0.0
0.0
0.0
0.0
0.0
0.0
0.0
0.0
0.0
0.0
0.0
0.0
0.0
0.0
0.0
0.0
0.0
0.0
0.0
0.0
0.0
0.0
0.0
0.0
0.0
0.0
0.0
0.0
0.0
0.0
0.0
0.0
0.0
0.0
0.0
0.0
0.0
0.0
0.0
0.0
0.0
0.0
0.0
0.0
0.0
0.0
0.0
0.0
0.0
0.0
0.0
0.0
0.0
0.0
0.0
0.0
0.0
0.0
0.0
0.0
0.0
0.0
0.0
0.0
0.0
0.0
0.0
0.0
0.0
0.0
0.0
0.0
0.0
0.0
0.0
0.0
0.0
0.0
0.0
0.0
0.0
0.0
0.0
0.0
0.0
0.0
0.0
0.0
0.0
0.0
0.0
0.0
0.0
0.0
0.0
0.0
0.0
0.0
0.0
0.0
0.0
0.0
0.0
0.0
0.0
0.0
0.0
0.0
0.0
0.0
0.0
0.0
0.0
0.0
0.0
0.0
0.0
0.0
0.0
0.0
0.0
0.0
0.0
0.0
0.0
0.0
0.0
0.0
0.0
0.0
0.0
0.0
0.0
0.0
0.0
0.0
0.0
0.0
0.0
0.0
0.0
0.0
0.0
0.0
0.0
0.0
0.0
0.0
0.0
0.0
0.0
0.0
0.0
0.0
0.0
0.0
0.0
0.0
0.0
0.0
0.0
0.0
0.0
0.0
0.0
0.0
0.0
0.0
0.0
0.0
0.0
0.0
0.0
0.0
0.0
0.0
0.0
0.0
0.0
0.0
0.0
0.0
0.0
0.0
0.0
0.0
0.0
0.0
0.0
0.0
0.0
0.0
0.0
0.0
0.0
0.0
0.0
0.0
0.0
0.0
0.0
0.0
0.0
0.0
0.0
0.0
0.0
0.0
0.0
0.0
0.0
0.0
0.0
0.0
0.0
0.0
0.0
0.0
0.0
0.0
0.0
0.0
0.0
0.0
0.0
0.0
0.0
0.0
0.0
0.0
0.0
0.0
0.0
0.0
0.0
0.0
0.0
0.0
0.0
0.0
0.0
0.0
0.0
0.0
0.0
0.0
0.0
0.0
0.0
0.0
0.0
0.0
0.0
0.0
0.0
0.0
0.0
0.0
0.0
0.0
0.0
0.0
0.0
0.0
0.0
0.0
0.0
0.0
0.0
0.0
0.0
0.0
0.0
0.0
0.0
0.0
0.0
0.0
0.0
0.0
0.0
0.0
0.0
0.0
0.0
0.0
0.0
0.0
0.0
0.0
0.0
0.0
0.0
0.0
0.0
0.0
0.0
0.0
0.0
0.0
0.0
0.0
0.0
0.0
0.0
0.0
0.0
0.0
0.0
0.0
0.0
0.0
0.0
0.0
0.0
0.0
0.0
0.0
0.0
0.0
0.0
0.0
0.0
0.0
0.0
0.0
0.0
0.0
0.0
0.0
0.0
0.0
0.0
0.0
0.0
0.0
0.0
0.0
0.0
0.0
0.0
0.0
0.0
0.0
0.0
0.0
0.0
0.0
0.0
0.0
0.0
0.0
0.0
0.0
0.0
0.0
0.0
0.0
0.0
0.0
0.0
0.0
0.0
0.0
0.0
0.0
0.0
0.0
0.0
0.0
0.0
0.0
0.0
0.0
0.0
0.0
0.0
0.0
0.0
0.0
0.0
0.0
0.0
0.0
0.0
0.0
0.0
0.0
0.0
0.0
0.0
0.0
0.0
0.0
0.0
0.0
0.0
0.0
0.0
0.0
0.0
0.0
0.0
0.0
0.0
0.0
0.0
0.0
0.0
0.0
0.0
0.0
0.0
0.0
0.0
0.0
0.0
0.0
0.0
0.0
0.0
0.0
0.0
0.0
0.0
0.0
0.0
0.0
0.0
0.0
0.0
0.0
0.0
0.0
0.0
0.0
0.0
0.0
0.0
0.0
0.0
0.0
0.0
0.0
0.0
0.0
0.0
0.0
0.0
0.0
0.0
0.0
0.0
0.0
0.0
0.0
0.0
0.0
0.0
0.0
0.0
0.0
0.0
0.0
0.0
0.0
0.0
0.0
0.0
0.0
0.0
0.0
0.0
0.0
0.0
0.0
0.0
0.0
0.0
0.0
0.0
0.0
0.0
0.0
0.0
0.0
0.0
0.0
0.0
0.0
0.0
0.0
0.0
0.0
0.0
0.0
0.0
0.0
0.0
0.0
0.0
0.0
0.0
0.0
0.0
0.0
0.0
0.0
0.0
0.0
0.0
0.0
0.0
0.0
0.0
0.0
0.0
0.0
0.0
0.0
0.0
0.0
0.0
0.0
0.0
0.0
0.0
0.0
0.0
0.0
0.0
0.0
0.0
0.0
0.0
0.0
0.0
0.0
0.0
0.0
0.0
0.0
0.0
0.0
0.0
0.0
0.0
0.0
0.0
0.0
0.0
0.0
0.0
0.0
0.0
0.0
0.0
0.0
0.0
0.0
0.0
0.0
0.0
0.0
0.0
0.0
0.0
0.0
0.0
0.0
0.0
0.0
0.0
0.0
0.0
0.0
0.0
0.0
0.0
0.0
0.0
0.0
0.0
0.0
0.0
0.0
0.0
0.0
0.0
0.0
0.0
0.0
0.0
0.0
0.0
0.0
0.0
0.0
0.0
0.0
0.0
0.0
0.0
0.0
0.0
0.0
0.0
0.0
0.0
0.0
0.0
0.0
0.0
0.0
0.0
0.0
0.0
0.0
0.0
0.0
0.0
0.0
0.0
0.0
0.0
0.0
0.0
0.0
0.0
0.0
0.0
0.0
0.0
0.0
0.0
0.0
0.0
0.0
0.0
0.0
0.0
0.0
0.0
0.0
0.0
0.0
0.0
0.0
0.0
0.0
0.0
0.0
0.0
0.0
0.0
0.0
0.0
0.0
0.0
0.0
0.0
0.0
0.0
0.0
0.0
0.0
0.0
0.0
0.0
0.0
0.0
0.0
0.0
0.0
0.0
0.0
0.0
0.0
0.0
0.0
0.0
0.0
0.0
0.0
0.0
0.0
0.0
0.0
0.0
0.0
0.0
0.0
0.0
0.0
0.0
0.0
0.0
0.0
0.0
0.0
0.0
0.0
0.0
0.0
0.0
0.0
0.0
0.0
0.0
0.0
0.0
0.0
0.0
0.0
0.0
0.0
0.0
0.0
0.0
0.0
0.0
0.0
0.0
0.0
0.0
0.0
0.0
0.0
0.0
0.0
0.0
0.0
0.0
0.0
0.0
0.0
0.0
0.0
0.0
0.0
0.0
0.0
0.0
0.0
0.0
0.0
0.0
0.0
0.0
0.0
0.0
0.0
0.0
0.0
0.0
0.0
0.0
0.0
0.0
0.0
0.0
0.0
0.0
0.0
0.0
0.0
0.0
0.0
0.0
0.0
0.0
0.0
0.0
0.0
0.0
0.0
0.0
0.0
0.0
0.0
0.0
0.0
0.0
0.0
0.0
0.0
0.0
0.0
0.0
0.0
0.0
0.0
0.0
0.0
0.0
0.0
0.0
0.0
0.0
0.0
0.0
0.0
0.0
0.0
0.0
0.0
0.0
0.0
0.0
0.0
0.0
0.0
0.0
0.0
0.0
0.0
0.0
0.0
0.0
0.0
0.0
0.0
0.0
0.0
0.0
0.0
0.0
0.0
0.0
0.0
0.0
0.0
0.0
0.0
0.0
0.0
0.0
0.0
0.0
0.0
0.0
0.0
0.0
0.0
0.0
0.0
0.0
0.0
0.0
0.0
0.0
0.0
0.0
0.0
0.0
0.0
0.0
0.0
0.0
0.0
0.0
0.0
0.0
0.0
0.0
0.0
0.0
0.0
0.0
0.0
0.0
0.0
0.0
0.0
0.0
0.0
0.0
0.0
0.0
0.0
0.0
0.0
0.0
0.0
0.0
0.0
0.0
0.0
0.0
0.0
0.0
0.0
0.0
0.0
0.0
0.0
0.0
0.0
0.0
0.0
0.0
0.0
0.0
0.0
0.0
0.0
0.0
0.0
0.0
0.0
0.0
0.0
0.0
0.0
0.0
0.0
0.0
0.0
0.0
0.0
0.0
0.0
0.0
0.0
0.0
0.0
0.0
0.0
0.0
0.0
0.0
0.0
0.0
0.0
0.0
0.0
0.0
0.0
0.0
0.0
0.0
0.0
0.0
0.0
0.0
0.0
0.0
0.0
0.0
0.0
0.0
0.0
0.0
0.0
0.0
0.0
0.0
0.0
0.0
0.0
0.0
0.0
0.0
0.0
0.0
0.0
0.0
0.0
0.0
0.0
0.0
0.0
0.0
0.0
0.0
0.0
0.0
0.0
0.0
0.0
0.0
0.0
0.0
0.0
0.0
0.0
0.0
0.0
0.0
0.0
0.0
0.0
0.0
0.0
0.0
0.0
0.0
0.0
0.0
0.0
0.0
0.0
0.0
0.0
0.0
0.0
0.0
0.0
0.0
0.0
0.0
0.0
0.0
0.0
0.0
0.0
0.0
0.0
0.0
0.0
0.0
0.0
0.0
0.0
0.0
0.0
0.0
0.0
0.0
0.0
0.0
0.0
0.0
0.0
0.0
0.0
0.0
0.0
0.0
0.0
0.0
0.0
0.0
0.0
-1.9717953E-4
-1.9602993E-4
-1.9488347E-4
-1.9374014E-4
-1.9259995E-4
-1.914629E-4
-1.9032898E-4
-1.8919821E-4
-1.880706E-4
-1.8694613E-4
-1.858248E-4
-1.8470665E-4
-1.8359163E-4
-1.8247978E-4
-1.813711E-4
-1.8026559E-4
-1.7916324E-4
-1.7806406E-4
-1.7696805E-4
-1.7587522E-4
-1.7478557E-4
-1.736991E-4
-1.7261581E-4
-1.715357E-4
-1.7045879E-4
-1.6938508E-4
-1.6831454E-4
-1.6724721E-4
-1.6618308E-4
-1.6512215E-4
-1.6406442E-4
-1.630099E-4
-1.6195858E-4
-1.6091048E-4
-1.598656E-4
-1.5882392E-4
-1.5778546E-4
-1.5675023E-4
-1.5571823E-4
-1.5468943E-4
-1.5366387E-4
-1.5264156E-4
-1.5162246E-4
-1.506066E-4
-1.4959398E-4
-1.485846E-4
-1.4757847E-4
-1.4657558E-4
-1.4557593E-4
-1.4457954E-4
-1.435864E-4
-1.425965E-4
-1.4160988E-4
-1.4062651E-4
-1.3964639E-4
-1.3866955E-4
-1.3769597E-4
-1.3672565E-4
-1.3575862E-4
-1.3479484E-4
-1.3383434E-4
-1.3287713E-4
-1.3192318E-4
-1.3097253E-4
-1.3002516E-4
-1.2908108E-4
-1.2814028E-4
-1.2720277E-4
-1.2626855E-4
-1.2533764E-4
-1.2441001E-4
-1.2348569E-4
-1.2256467E-4
-1.2164696E-4
-1.2073255E-4
-1.19821445E-4
-1.1891366E-4
-1.1800918E-4
-1.17108015E-4
-1.1621017E-4
-1.1531563E-4
-1.1442443E-4
-1.13536546E-4
-1.12651986E-4
-1.1177075E-4
-1.1089285E-4
-1.1001828E-4
-1.0914704E-4
-1.08279135E-4
-1.0741457E-4
-1.0655334E-4
-1.0569546E-4
-1.0484092E-4
-1.0398972E-4
-1.0314187E-4
-1.02297374E-4
-1.0145623E-4
-1.0061843E-4
-9.9783996E-5
-9.8952914E-5
-9.8125194E-5
-9.7300835E-5
-9.647984E-5
-9.566221E-5
-9.484794E-5
-9.403705E-5
-9.322953E-5
-9.2425376E-5
-9.16246E-5
-9.08272E-5
-9.003318E-5
-8.924254E-5
-8.845529E-5
-8.767141E-5
-8.689092E-5
-8.6113825E-5
-8.5340114E-5
-8.4569794E-5
-8.3802865E-5
-8.303934E-5
-8.2279206E-5
-8.152247E-5
-8.076914E-5
-8.001921E-5
-7.927268E-5
-7.8529556E-5
-7.778984E-5
-7.705353E-5
-7.632064E-5
-7.559116E-5
0.0
0.0
0.0
0.0
0.0
0.0
0.0
0.0
0.0
0.0
0.0
0.0
0.0
0.0
0.0
0.0
0.0
0.0
0.0
0.0
0.0
0.0
0.0
0.0
0.0
0.0
0.0
0.0
0.0
0.0
0.0
0.0
0.0
0.0
0.0
0.0
0.0
0.0
0.0
4.9229147E-5
4.8640974E-5
4.8056278E-5
4.747506E-5
4.6897323E-5
4.6323068E-5
4.57523E-5
4.5185014E-5
4.4621214E-5
4.40609E-5
4.350408E-5
4.295074E-5
4.24009E-5
4.185455E-5
4.1311694E-5
4.0772335E-5
4.0236468E-5
3.97041E-5
3.9175233E-5
3.8649865E-5
3.8128E-5
3.7609636E-5
3.7094775E-5
3.658342E-5
3.6075573E-5
3.5571233E-5
3.50704E-5
3.4573077E-5
3.4079265E-5
3.3588964E-5
3.310218E-5
3.2618907E-5
6.4278305E-5
6.3325824E-5
6.238038E-5
6.144198E-5
6.051061E-5
5.958629E-5
5.866901E-5
5.775878E-5
5.68556E-5
5.5959466E-5
5.5070388E-5
5.4188364E-5
5.33134E-5
5.244549E-5
5.1584648E-5
5.0730865E-5
4.988415E-5
4.90445E-5
4.821192E-5
4.7386413E-5
4.6567977E-5
4.5756617E-5
4.4952332E-5
4.415513E-5
4.3365006E-5
4.2581967E-5
4.180601E-5
4.103714E-5
4.027536E-5
3.952067E-5
3.877307E-5
3.8032562E-5
3.7299153E-5
5.4859258E-5
5.3780434E-5
5.271226E-5
5.1654744E-5
5.060788E-5
4.9571674E-5
4.854613E-5
4.7531248E-5
4.652703E-5
4.5533485E-5
4.4550605E-5
4.35784E-5
4.2616866E-5
4.166601E-5
4.0725838E-5
3.979634E-5
3.887753E-5
3.7969407E-5
3.7071968E-5
3.618522E-5
3.5309167E-5
3.4443805E-5
3.358914E-5
3.274517E-5
3.1911906E-5
3.108934E-5
3.0277479E-5
2.9476325E-5
2.8685878E-5
2.7906139E-5
2.7137114E-5
2.63788E-5
2.5631203E-5
2.4894323E-5
2.4168161E-5
2.345272E-5
2.2748E-5
2.2054004E-5
2.1370732E-5
2.069819E-5
2.0036374E-5
1.9385288E-5
1.8744935E-5
1.8115314E-5
1.7496428E-5
1.6888278E-5
1.6290864E-5
1.570419E-5
2.017101E-5
1.941742E-5
1.8678154E-5
1.7953214E-5
1.7242603E-5
1.6546319E-5
1.5864367E-5
1.5196746E-5
1.454346E-5
1.3904509E-5
1.3279894E-5
1.2669618E-5
1.2073682E-5
1.1492087E-5
1.0924834E-5
1.0371926E-5
9.833362E-6
9.309146E-6
8.799277E-6
8.303756E-6
7.822586E-6
7.3557667E-6
6.9033E-6
6.4651867E-6
6.0414277E-6
5.632024E-6
5.236977E-6
4.856287E-6
4.4899552E-6
4.1379826E-6
3.8003698E-6
3.4771174E-6
3.1682268E-6
2.8736981E-6
2.5935324E-6
2.3277303E-6
2.076292E-6
1.8392188E-6
1.6165108E-6
1.4081685E-6
1.2141925E-6
1.0345833E-6
8.693413E-7
7.184668E-7
5.819603E-7
4.5982202E-7
3.5205227E-7
2.586513E-7
1.7961935E-7
1.14956585E-7
6.466317E-8
2.8739214E-8
7.184808E-9
0.0
