0.3627045
0.22270209
0.20393118
0.15943334
0.28966773
0.13155036
0.12970379
0.6376016
0.6122192
0.3937158
0.17336729
0.091339976
0.40936583
0.1318121
0.4265371
0.17040637
0.8688716
1.0025482
0.59532017
0.46388808
0.25662184
0.17473514
0.17315947
0.29174662
0.1653565
0.25697967
0.24597795
0.248069
0.3436466
0.3491568
0.1929807
0.073736675
0.2323509
0.23795563
0.33061188
0.5041722
0.15078372
0.17756541
0.20162041
0.18300089
0.22033319
0.37301493
0.34349823
0.30558667
0.23719007
0.036460277
0.089336865
0.24866411
0.17562401
0.29342803
0.1183283
0.3093795
0.30892804
0.15084465
0.10179497
0.27084517
0.2754387
0.315191
0.2913966
0.26057407
0.31823426
0.39770564
0.41581145
0.36622986
0.26356146
0.1326553
0.15636058
0.27950606
0.24191415
0.0957481
0.08167021
0.15751241
0.2694941
0.120740466
0.06954354
0.10333022
0.16490126
0.25041842
0.20350087
0.09929767
0.3028465
0.22777125
0.10717038
0.067513525
0.26394352
0.2508444
0.122552186
0.1729247
0.19131987
0.057050377
0.17636406
0.15136293
0.08648181
0.16133039
0.15014797
0.10031862
0.103228755
0.11152109
0.10535889
0.052717913
0.17728277
0.24272889
0.22979502
0.1163398
0.07681921
0.19834945
0.2095205
0.20832573
0.27170053
0.09318686
0.08506362
0.2324368
0.3252852
0.33266926
0.22679906
0.1451552
0.2475496
0.23412444
0.12641104
0.11566125
0.045379534
0.16577646
0.17078158
0.051139783
0.08142608
0.20603463
0.12752154
0.0228449
0.09838415
0.012937584
0.14024486
0.16087225
0.05474065
0.019237643
0.040565893
0.056078687
0.20715147
0.1680182
0.037608378
0.051927883
0.118777655
0.30064222
0.24802788
0.09156473
0.037304513
0.18081397
0.16318119
0.046163943
0.07660126
0.038780868
0.043668266
0.04185928
0.060424633
0.12010338
0.09661177
0.05372437
0.10013822
0.14053807
0.025818847
0.16252518
0.16158251
0.07266342
0.12936586
0.10460481
0.051018976
0.07655914
0.035235416
0.06409255
0.10943491
0.05543683
0.015593256
0.040115766
0.04408437
0.09930268
0.09444632
0.10140184
0.15404437
0.06059499
0.04302596
0.065662235
0.12277224
0.08302497
0.08591618
0.13498363
0.11198407
0.13096428
0.15908349
0.1063094
0.054711543
0.073290914
0.14947306
0.03804072
0.1330986
0.10101314
0.07530718
0.003350547
0.10264399
0.086446464
0.056967467
0.060037877
0.07410245
0.058315698
0.027923783
0.09306635
0.096015
0.032358933
0.1103334
0.12575048
0.047917653
0.10892847
0.029708713
0.034781087
0.03368368
0.04945541
0.02907369
0.028528221
0.052232906
0.06742349
0.06090551
0.02211497
0.0783456
0.18587884
0.08172839
0.038144197
0.033587947
0.075472824
0.060819022
0.0835128
0.08046103
0.04672455
0.0395138
0.017638804
0.101043686
0.20639595
0.18155588
0.059313327
0.10136741
0.06957085
0.06622149
0.068042144
0.12163152
0.057790108
0.15454571
0.18730085
0.12797248
0.12376325
0.08944938
0.093959935
0.22877392
0.18109705
0.1012216
0.10549539
0.07584253
0.04046158
0.08724161
0.061335012
0.02687286
0.0589829
0.043140706
0.086958766
0.094242714
0.040484026
0.021448305
0.049616303
0.067704625
0.06571943
0.06898001
0.051049843
0.04087958
0.113510095
0.09383869
0.06430784
0.06293659
0.05909682
0.046857912
0.09325587
0.08944803
0.018716041
0.11170657
0.1545876
0.13066237
0.10721718
0.12632366
0.032589417
0.013161035
0.05893688
0.089395374
0.08224272
0.0743169
0.04201108
0.13146438
0.08831948
0.024452249
0.03108072
0.051991988
0.057033192
0.06262949
0.09920369
0.0929615
0.04429371
0.016884571
0.025907518
0.030102456
0.093996905
0.103671275
0.012275725
0.098853044
0.13597803
0.12806652
0.085348494
0.05672736
0.068987265
0.08841862
0.06818041
0.08708835
0.13193893
0.119935915
0.114771076
0.15247354
0.110288985
0.034875058
0.053574465
0.025019813
0.06693154
0.048951745
0.06789053
0.08230479
0.055541385
0.12735021
0.09771766
0.068911545
0.075727396
0.03915942
0.048968233
0.029259784
0.042860035
0.034123518
0.03468583
0.010105516
0.025567332
0.07945689
0.023706757
0.12975617
0.1824363
0.15243551
0.073614985
0.044965975
0.06714637
0.06351609
0.06531113
0.049873084
0.046111923
0.021672381
0.0387051
0.045477234
0.08219446
0.17520818
0.23563123
0.1760902
0.10756535
0.070834
0.017600328
0.033252046
0.06777699
0.10525609
0.13383731
0.05774613
0.028168855
0.026603738
0.07244241
0.027463201
0.09172427
0.13188413
0.1016014
0.0476908
0.03203921
0.09746607
0.09660069
0.07811823
0.056714844
0.084767506
0.15928037
0.13595094
0.022617217
0.033062335
0.032795247
0.03689146
0.07046186
0.12770678
0.103681795
0.041031547
0.06897141
0.013528807
0.08187468
0.100013815
0.13269177
0.13334757
0.08425033
0.04298411
0.07215876
0.0737251
0.051744148
0.06133083
0.0315248
0.07169489
0.052443244
0.084894545
0.09269584
0.026281392
0.0842645
0.11547591
0.22576119
0.14337736
0.07471845
0.056659497
0.07560443
0.06245089
0.049531437
0.0688302
0.09357134
0.061488457
0.034861617
0.06021463
0.12592933
0.113850914
0.10537248
0.07548475
0.07271973
0.16381273
0.08437171
0.022961412
0.024811558
0.041469973
0.05007165
0.038446493
0.06755626
0.051832866
0.017711949
0.015430399
0.04253667
0.07123847
0.055140447
0.018625699
0.047580652
0.09711056
0.09811933
0.095809415
0.084227055
0.10621545
0.1031715
0.11675667
0.09162229
0.034628905
0.039146543
0.04915065
0.042756848
0.0772433
0.115378045
0.10136088
0.12104861
0.12271804
0.0588913
0.03195005
0.065081276
0.060900986
0.072573036
0.092529625
0.07988867
0.07126764
0.07071924
0.06348572
0.080519
0.1362976
0.14911841
0.13555065
0.090556875
0.06946505
0.08379647
0.0681081
0.064573914
0.08859116
0.094108984
0.054655794
0.055430252
0.03691234
0.083229296
0.09135399
0.10540566
0.0070891124
0.092637934
0.058086917
0.05394734
0.08885196
0.06647928
0.053214997
0.039501462
0.06754833
0.10468558
0.054363415
0.101273686
0.092055745
0.044424616
0.010470218
0.03965584
0.08173251
0.12606876
0.11854359
0.057147723
0.07445298
0.13788724
0.1278198
0.1497238
0.11523401
0.052155025
0.061137285
0.028839001
0.15009509
0.17544712
0.060794357
0.09248479
0.14606334
0.124530405
0.04718957
0.10293788
0.09049694
0.08204353
0.0494317
0.035475083
0.02628557
0.0674942
0.12633769
0.053940624
0.056210387
0.011852749
0.044163138
0.06495396
0.056178156
0.028834695
0.064353645
0.08698599
0.048454717
0.042220056
0.07432699
0.061658222
0.017126841
0.026663754
0.012424413
0.04596774
0.09049566
0.075317055
0.11269297
0.15339373
0.07071103
0.06733044
0.15810078
0.17173885
0.09921596
0.111375384
0.09657663
0.038529303
0.05949522
0.032449216
0.09715583
0.055553876
0.098177716
0.14038883
0.104975246
0.06734116
0.11700184
0.08659846
0.16581985
0.12899922
0.056168087
0.07586683
0.02477973
0.07091984
0.16569555
0.08663327
0.14474875
0.08376041
0.03786939
0.020133445
0.024955545
0.041305296
0.11334156
0.091132306
0.02646085
0.06284001
0.047912467
0.16644162
0.1444858
0.11048615
0.20586899
0.18249659
0.07800998
0.14606903
0.18517022
0.054231275
0.18404631
0.26692292
0.15264313
0.10742462
0.17943634
0.051183872
0.0914646
0.13261917
0.17321461
0.1557925
0.19546883
0.01402387
0.01654689
0.36689243
0.37340572
0.039335508
0.15619247
0.08892904
0.098991655
0.06751091
0.04179502
0.14741229
0.2531276
0.34355867
0.3199937
0.26860678
0.35788992
0.13993411
0.26740587
0.26138783
0.07606727
0.22508313
0.25622168
0.036811586
0.029555958
0.061264396
0.046237875
0.2376432
0.29797277
0.06986627
0.13112034
0.26641956
0.25695047
0.121825375
0.108825214
0.14396034
0.2781909
0.13430695
0.16305561
0.17111097
0.17940094
0.13246983
0.1133916
0.12342828
0.13725197
0.040741984
0.13242777
0.08465836
0.15582561
0.18059096
0.1272666
0.1403193
0.095859796
0.033687737
0.12964356
0.31099147
0.19666636
0.0376042
0.16388457
0.14383294
0.071359225
0.19750275
0.1746686
0.045525704
0.053592164
0.1965466
0.1928811
0.05188212
0.14053318
0.09393757
0.15830928
0.123681195
0.07544701
0.10146282
0.14409918
0.12750658
0.06948433
0.09812067
0.10560712
0.105547674
0.040396202
0.11612719
0.14971778
0.031076185
0.1118703
0.13397223
0.06853796
0.051652197
0.042105645
0.069785565
0.07468873
0.098750226
0.046726856
0.02854167
0.08710675
0.020612594
0.051763613
0.13825496
0.1175038
0.12866741
0.1264674
0.09583469
0.1132348
0.0939764
0.18946533
0.13070205
0.043263376
0.07022376
0.10927045
0.15346183
0.1349692
0.07416293
0.0953604
0.095572226
0.026278073
0.08372192
0.07953841
0.02449797
0.017885279
0.08909352
0.12755775
0.15188739
0.17757945
0.1434251
0.0739406
0.14169672
0.1243941
0.05624653
0.059877854
0.07882145
0.060733754
0.034401722
0.0065691895
0.054517567
0.030469632
0.056738503
0.09680143
0.022787105
0.09674308
0.10849474
0.049060263
0.0154532995
0.0768576
0.014935608
0.10262972
0.05503739
0.08825142
0.12034181
0.118027136
0.16627875
0.16858892
0.12498512
0.01558376
0.02885505
0.08133309
0.11885396
0.063185826
0.113367565
0.071702056
0.0488311
0.07930351
0.04582232
0.10519482
0.02112729
0.04960582
0.03210512
0.021714505
0.015992127
0.06692511
0.1417858
0.13143751
0.0434261
0.037074663
0.022480167
0.09889734
0.058396608
0.08685805
0.048843477
0.074896306
0.060578972
0.08303072
0.08338925
0.04821818
0.037364718
0.033011902
0.038814336
0.06604111
0.065082185
0.07050316
0.024726193
0.06266176
0.029220013
0.07008109
0.0543591
0.037014898
0.042057104
0.058351304
0.06443012
0.059510693
0.055312976
0.0974227
0.14495523
0.0738558
0.07667593
0.10906812
0.056196798
0.043321103
0.02020093
0.03069325
0.04233293
0.13902506
0.15904498
0.03120971
0.046322506
0.01844669
0.043409728
0.09073147
0.09645259
0.10311617
0.08604756
0.049290325
0.14417157
0.08927557
0.050939888
0.044339117
0.014507102
0.009795835
0.06303945
0.07511827
0.059868284
0.10024277
0.08665791
0.083707616
0.03373527
0.08264882
0.088369355
0.052625045
0.051598195
0.032504294
0.03305148
0.03373419
0.058865964
0.13271669
0.1083322
0.04510376
0.046009943
0.027026154
0.042016912
0.040801622
0.030122336
0.04601249
0.03612359
0.04254756
0.0220221
0.030321207
0.0065222965
0.054259256
0.04611624
0.13243376
0.12417093
0.06406287
0.06229222
0.023611315
0.052425083
0.023023238
0.12598576
0.16925184
0.0771049
0.083622344
0.093090065
0.056762908
0.0569296
0.03314124
0.058374792
0.06421743
0.03651065
0.025431203
0.012078274
0.026839871
0.044450417
0.07276473
0.10237549
0.08433235
0.051070444
0.018237976
0.045468118
0.10625543
0.0676175
0.029442994
0.06908277
0.07168171
0.009127535
0.033534054
0.043121617
0.08596182
0.067948185
0.024111725
0.03887236
0.056204945
0.10828565
0.044090007
0.10842875
0.08146183
0.10328867
0.13543755
0.08352235
0.048027743
0.041388858
0.11262361
0.0722236
0.020113
0.012671443
0.08229994
0.08092534
0.048938323
0.099346
0.12879328
0.063702434
0.06261189
0.06967846
0.060210336
0.068951085
0.07719557
0.054607913
0.022213671
0.050472975
0.082969815
0.04529128
0.053436127
0.049205966
0.037378646
0.094073
0.059134576
0.05366246
0.07130245
0.06209943
0.027329776
0.061599348
0.06873259
0.035280276
0.075728364
0.155308
0.1334349
0.04532003
0.017793708
0.01154268
0.066078864
0.088103525
0.057793636
0.059050888
0.08164449
0.0615009
0.0990539
0.066893585
0.029694047
0.013720962
0.067563586
0.06864165
0.030114971
0.036278274
0.03629921
0.04344543
0.057772584
0.04578087
0.06464475
0.08282003
0.07660359
0.071904205
0.1225908
0.119267784
0.09245749
0.04190829
0.02414717
0.022642013
0.041093104
0.06290321
0.052393507
0.035337232
0.07542643
0.043256875
0.043224286
0.07866766
0.083674856
0.051771358
0.035765104
0.058183167
0.030290581
0.060453843
0.040135402
0.13244241
0.061391823
0.024814581
0.05946169
0.057979237
0.0130884815
0.087530464
0.116659984
0.007819398
0.09416474
0.09539239
0.04868089
0.034864847
0.076212086
0.059050918
0.0501187
0.05067612
0.045425214
0.09569754
0.10902351
0.059792235
0.030734753
0.06511825
0.060887955
0.046444498
0.031206561
0.06065997
0.110304266
0.064177625
0.055539858
0.07831076
0.070040695
0.07942368
0.08497459
0.07596603
0.04312158
0.08525436
0.061238687
0.04265896
0.07835781
0.029863466
0.0495069
0.07888352
0.069130875
0.026891345
0.058111142
0.094267584
0.05602377
0.053930026
0.1122456
0.13999194
0.12663999
0.08436514
0.0455577
0.011701625
0.08232648
0.115806065
0.091833726
0.037752245
0.023277035
0.04206318
0.051266268
0.040913146
0.06186528
0.07536992
0.06028022
0.07354613
0.04552759
0.067691095
0.047491156
0.024215037
0.024477031
0.071236715
0.078557104
0.048705645
0.05367052
0.08715341
0.08069527
0.09849948
0.07476748
0.012068357
0.017720066
0.04326203
0.07421093
0.048862666
0.015700769
0.045028433
0.056206334
0.05722517
0.047618203
0.043289054
0.032684915
0.054718476
0.078675166
0.07690884
0.08348679
0.10219357
0.09208244
0.10953361
0.10164836
0.062183373
0.0245489
0.039187122
0.051187687
0.053869788
0.039409727
0.006192642
0.02692732
0.034822177
0.043524124
0.060078636
0.058196314
0.01713822
0.07965343
0.050367117
0.014943871
0.043000445
0.07173016
0.059966248
0.05320448
0.006139683
0.032575797
0.006119641
0.05365228
0.057064302
0.107918695
0.07093093
0.01239304
0.056783643
0.042486545
0.028138474
0.05389411
0.05628484
0.052416194
0.010728963
0.04220375
0.1030686
0.11796052
0.06700269
0.10723596
0.11671237
0.13716117
0.04823164
0.05820796
0.05364834
0.11480616
0.118199214
0.109993465
0.04868085
0.07434046
0.069090426
0.07693894
0.029702282
0.03764517
0.041665595
0.043230902
0.06126808
0.109498024
0.07650703
0.019008623
0.060804985
0.067810535
0.052529525
0.004846133
0.044044413
0.06796591
0.043024685
0.030655798
0.05281345
0.09418305
0.11968582
0.11630262
0.050102483
0.078477696
0.14230175
0.0592764
0.042678453
0.071573325
0.06882557
0.09062064
0.1078199
0.04872254
0.017614726
0.025639689
0.054052375
0.043566655
0.0047573824
0.054715067
0.07232261
0.062688984
0.119274184
0.14496076
0.06799735
0.051439106
0.06980209
0.01938468
0.062095303
0.060648594
0.04691773
0.046865862
0.046468884
0.07440637
0.039781503
0.018466266
0.02932859
0.029378463
0.042344466
0.06291887
0.051332727
0.048487723
0.03976463
0.0364329
0.06930818
0.053878978
0.06559791
0.10191171
0.09138096
0.0685032
0.08500716
0.057318058
0.050038878
0.06350057
0.031351127
0.050994072
0.102530204
0.06818981
0.017072346
0.058163743
0.09411767
0.03594729
0.08268491
0.09949749
0.024127582
0.068580896
0.104543425
0.08563094
0.032252338
0.038641285
0.0046278136
0.028374767
0.02372705
0.04825298
0.024406897
0.10381603
0.100411475
0.016295535
0.08854718
0.05207733
0.073002696
0.055770785
0.02040334
0.07012401
0.015347407
0.09162505
0.10275726
0.036206782
0.09944928
0.03593055
0.110183895
0.1512353
0.09692955
0.045851897
0.063884884
0.03836559
0.07700286
0.11651041
0.08857914
0.06984964
0.10489609
0.102980256
0.09590536
0.05379737
0.018298497
0.009779226
0.06533661
0.1586476
0.1360721
0.05434045
0.07646254
0.029545445
0.028369378
0.027111134
0.08760334
0.062064692
0.028523134
0.04743068
0.015748244
0.062189598
0.096522085
0.09985062
0.07195891
0.03287183
0.073425844
0.10465968
0.102948435
0.07667541
0.06657386
0.06909255
0.14943448
0.121141426
0.043782156
0.04434588
0.053534843
0.052028947
0.029854517
0.066497914
0.11324718
0.04666447
0.0316202
0.043851797
0.072362386
0.10761238
0.06046957
0.11788983
0.08718167
0.08819903
0.10511275
0.059525277
0.080541275
0.1011927
0.047520738
0.08718614
0.09975686
0.05996818
0.079367734
0.05982847
0.114570394
0.131633
0.06624073
0.0569267
0.11651649
0.15117888
0.09754321
0.038528398
0.054532934
0.045654304
0.07224677
0.16304219
0.13647339
0.030993134
0.07400185
0.102775626
0.10896559
0.04078247
0.11856479
0.11639631
0.059548765
0.0834879
0.13618796
0.07481046
0.10206194
0.0108827455
0.094108224
0.12408229
0.11579655
0.023977295
0.06578434
0.12103687
0.12840804
0.06466563
0.21708015
0.16575055
0.07892745
0.0667691
0.08021199
0.08835305
0.09515598
0.13481161
0.121853486
0.08585028
0.09043801
0.13534907
0.15784349
0.072258085
0.083960325
0.13147156
0.10614438
0.049528066
0.102705285
0.11805938
0.048161678
0.032124948
0.09903395
0.17930245
0.05307601
0.09673857
0.052125655
0.059453193
0.0922098
0.09179512
0.0011602584
0.10318256
0.068052694
0.092215516
0.03894619
0.15550192
0.22230817
0.21072012
0.15414366
0.06074783
0.02655229
0.05674828
0.15419361
0.13845094
0.13444357
0.15062004
0.16834858
0.097175635
0.04673308
0.08147859
0.036809538
0.06507866
0.109376036
0.14703727
0.11952586
0.070590265
0.060201876
0.23112889
0.23580343
0.2443425
0.12679563
0.075499885
0.077629685
0.15809736
0.101108074
0.035224978
0.06621023
0.04219875
0.054838028
0.101923056
0.07261025
0.110009246
0.13293332
0.07828542
0.06458583
0.12769671
0.16135722
0.28358093
0.16433942
0.05700019
0.1643452
0.13563994
0.16568229
0.22505012
0.27492747
0.25244775
0.18697259
0.21523044
0.16263835
0.12806636
0.18308805
0.18883118
0.11944776
0.049793363
0.02515893
0.048822362
0.08952534
0.045802858
0.07334387
0.070240974
0.08639209
0.08513567
0.10339558
0.13361074
0.21053751
0.1372341
0.06884455
0.0065441644
0.10104673
0.099906534
0.10367422
0.09161103
0.029802375
0.14072797
0.15643275
0.03737251
0.055184167
0.050306078
0.107992634
0.13175777
0.14576231
0.07660958
0.1014696
0.105506904
0.05579838
0.05134341
0.07196041
0.14575377
0.16931008
0.12307992
0.07005562
0.045789722
0.05745193
0.14902355
0.09378486
0.06856591
0.012126525
0.09859671
0.17127866
0.25461125
0.26291552
0.14881979
0.09085507
0.10961608
0.082049295
0.10824862
0.14149803
0.18335538
0.16965747
0.15493225
0.20606889
0.2097413
0.14429034
0.14732367
0.15142378
0.18864334
0.17751293
0.039560873
0.06911436
0.020950358
0.09445716
0.16379465
0.17010562
0.091721416
0.11691395
0.1934871
0.11584754
0.07024433
0.08415311
0.046354532
0.05138514
0.13616666
0.08484728
0.11970585
0.1751704
0.11053989
0.046914596
0.070896134
0.054490317
0.18450183
0.18224823
0.14184305
0.08574818
0.04302169
0.05363547
0.077655196
0.07305277
0.007479383
0.05024517
0.056485455
0.08599836
0.0652413
0.12109976
0.12686756
0.07714519
0.10540377
0.076142035
0.08889182
0.07954129
0.061301835
0.0127196
0.04272461
0.047587227
0.058973588
0.07879719
0.049471013
0.024206176
0.03342505
0.051510785
0.112308174
0.07403477
0.05830858
0.024498288
0.061537314
0.09424127
0.08618231
0.07185856
0.025184883
0.03298688
0.026675273
0.048621137
0.065837815
0.034160767
0.089890756
0.104273826
0.1030273
0.0869376
0.0651199
0.088675916
0.08771198
0.1138961
0.13415983
0.071207024
0.056053508
0.06892013
0.117873445
0.08356786
0.11016755
0.15727252
0.0866439
0.072185494
0.0802586
0.039095912
0.11545494
0.110604875
0.026218038
0.026799712
0.059255514
0.09788534
0.12216328
0.07191983
0.09092792
0.058617055
0.10233008
0.037697457
0.05868269
0.06537345
0.15348995
0.087330766
0.028373538
0.012607137
0.01154946
0.027268874
0.05625884
0.10018666
0.09878184
0.038016103
0.0489768
0.030568108
0.03683206
0.02002232
0.116893195
0.095969215
0.030429568
0.005313115
0.06939637
0.09705299
0.09749966
0.008797453
0.05112346
0.03170307
0.06168974
0.03578795
0.045537844
0.14220428
0.161307
0.15066792
0.103952885
0.03011941
0.035115413
0.08935482
0.13426077
0.044955797
0.093378305
0.091722764
0.08219483
0.11045336
0.052625157
0.032761488
0.016748533
0.023149192
0.029392032
0.11911243
0.12003897
0.07502243
0.06593651
0.08828312
0.02908694
0.056795985
0.014238996
0.021989532
0.0032953403
0.03954979
0.08509021
0.081942864
0.03453208
0.033927467
0.046804573
0.1007585
0.06712082
0.078752644
0.095240414
0.08970192
0.025413703
0.069383465
0.0506249
0.04463514
0.027899303
0.03558352
0.034578443
0.02416172
0.041557733
0.11902917
0.095558435
0.06603065
0.02840125
0.0634653
0.08682821
0.00620945
0.017278207
0.047883425
0.05959319
0.065786324
0.032974623
0.062299497
0.069968656
0.07805955
0.049266465
0.065347895
0.09957976
0.088357076
0.011247541
0.063441925
0.06335577
0.059516843
0.066420384
0.06108642
0.02139235
0.09869875
0.07804346
0.028592635
0.081482
0.0431648
0.037941746
0.07723673
0.17158668
0.14622132
0.09787109
0.07311633
0.08555181
0.07287684
0.037393402
0.08869706
0.107507855
0.10193524
0.045627102
0.032352556
0.017212855
0.051349368
0.036169123
0.028928535
0.060071625
0.044199146
0.046251338
0.06871342
0.06051226
0.03463304
0.09572536
0.14305885
0.13173287
0.11240091
0.032156937
0.010570784
0.069832586
0.090233095
0.0682616
0.029074045
0.0053325365
0.0600715
0.075577006
0.06564573
0.054392245
0.08702437
0.068742
0.07055375
0.054829426
0.053232066
0.032403316
0.0113183325
0.03003824
0.037726257
0.07624153
0.07452364
0.053849112
0.11707556
0.12804306
0.075732216
0.08214825
0.06821476
0.107219845
0.039611995
0.018238246
0.016910737
0.06904374
0.097945124
0.11367296
0.079904445
0.053204797
0.111149244
0.1086306
0.115137264
0.10753038
0.05194105
0.09537658
0.06762246
0.057111148
0.106456645
0.0781807
0.021295272
0.077812634
0.084339015
0.042602543
0.09393095
0.075210385
0.05503903
0.06203614
0.025499951
0.053839736
0.061489612
0.07366448
0.11413735
0.0722047
0.050769195
0.047103774
0.05000908
0.03214627
0.055349648
0.077310316
0.09668061
0.12791662
0.053200044
0.030383522
0.027300317
0.05381278
0.113096796
0.10908558
0.09279004
0.063133076
0.07798444
0.019090045
0.055336528
0.05298282
0.04227814
0.047519885
0.029525006
0.04818937
0.044524442
0.04747703
0.014137454
0.07024237
0.04410465
0.052942384
0.07587776
0.032339558
0.058584753
0.03642761
0.044909183
0.024629807
0.02444163
0.07390159
0.030297464
0.054699942
0.06776428
0.06895678
0.10086141
0.038142785
0.041168448
0.025869828
0.027930753
0.029102802
0.038617894
0.05967924
0.026443949
0.0277276
0.03481251
0.016520217
0.03454169
0.039579276
0.056111705
0.025644165
0.056581702
0.045676127
0.029526355
0.041773826
0.019814
0.021379441
0.025658956
0.048708294
0.04785674
0.0114159845
0.046229515
0.07080188
0.08319939
0.028099123
0.06137577
0.13736546
0.07669141
0.03455024
0.069476046
0.058703613
0.02259557
0.017665923
0.06661585
0.09261907
0.06322387
0.033120632
0.044753566
0.027169347
0.032327767
0.033095654
0.043196343
0.020690868
0.061225533
0.066411115
0.034947507
0.03937158
0.030974245
0.053339694
0.015249737
0.06917113
0.08058074
0.089988515
0.0813421
0.04392973
0.052372716
0.061413303
0.015914483
0.024790408
0.034612875
0.0232215
0.005686484
0.0027863393
0.020610142
0.040418282
0.028582409
0.06395037
0.008820639
0.05416245
0.041149247
0.03719711
0.0071444344
0.020631218
0.0100949975
0.045850407
0.05265754
0.040846743
0.0564082
0.059220895
0.06733997
0.046506774
0.008736369
0.03300727
0.05324065
0.06255854
0.05797056
0.055136066
0.042949654
0.044055425
0.048954237
0.05840999
0.0103866495
0.049114097
0.048261784
0.07010517
0.053169284
0.0035500464
0.054696754
0.035394486
0.013090342
0.0069067213
0.0069774147
0.033602517
0.027701763
0.016557593
0.04101396
0.017715702
0.050709136
0.05512265
0.056141067
0.054017022
0.061184622
0.054941222
0.025725428
0.009695404
0.02019263
0.05268282
0.052930724
0.06735715
0.040429268
0.022974096
0.037345935
0.04836693
0.041464306
0.040063053
0.053988397
0.028713193
0.034700412
0.02565786
0.016913917
0.060745046
0.08010269
0.04529302
0.029318249
0.058186956
0.037190676
0.021252844
0.0268176
0.012258387
0.04292099
0.025412964
0.039481618
0.018857826
0.033806965
0.07476765
0.058356572
0.020110657
0.04595733
0.05878585
0.051242996
0.032463603
0.011082216
0.044250272
0.044369698
0.011710195
0.038576975
0.003187628
0.030906321
0.018550986
0.07367019
0.08393814
0.04364906
0.016909288
0.04093274
0.027462738
0.020429298
0.036662374
0.03636973
0.048138574
0.085097104
0.044014312
0.04923718
0.039684232
0.028954072
0.0026572314
0.03331622
0.021159513
0.017218221
0.03293062
0.028162085
0.023891982
0.054825783
0.06094081
0.043596424
0.047108635
0.04195593
0.020158138
0.0029034761
0.0064460495
0.026627906
0.023172267
0.016304804
0.025582867
0.0
0.0
0.003051829
0.0
0.0030517967
0.00610355
0.0
0.0061034425
0.009155067
0.0030516528
0.006103227
0.0030515704
0.0
0.0061029466
0.0
0.0
0.006102602
0.0
0.006102336
0.003051096
0.0
0.0030509417
0.0
0.003050773
0.006101366
0.0030505897
0.0061009857
0.0030503923
-0.0030502882
0.0
0.0
-0.003049954
-0.0030498356
0.0030497136
-0.0030495878
-0.0030494586
0.0030493257
-0.0030491892
0.0
0.0
0.0
0.0
0.0
-0.0030482954
0.0
0.0
-0.0030478002
-0.0030476279
0.0
-0.0030472726
0.0030470896
0.0
-0.006093425
-0.003046519
-0.0030463214
-0.0030461205
0.0
0.0
0.0
0.0030452812
0.0
0.0
0.0
-0.0030443843
0.0030441512
0.0
0.0
0.0
-0.0030431831
0.0
0.0030426774
0.0030424194
0.0030421577
0.0030418923
0.0
0.0030413512
0.0030410753
0.0
0.006081025
0.0
0.0
0.0
-0.0030393444
0.0030390436
0.003038739
0.003038431
0.0030381195
0.0
0.0
0.0
0.0060736747
0.0
0.0
0.0030358385
-0.0030354983
-0.003035155
0.0
0.0
0.0
-0.0030337449
-0.0060667666
-0.0030330184
-0.0060652997
-0.003032278
-0.0030319025
-0.0030315232
-0.0030311407
-0.0030307544
-0.0030303646
-0.0030299714
0.0
0.0
-0.0030287702
0.0
-0.0030279518
-0.0030275374
-0.0030271192
-0.0030266976
0.0
0.0030258438
0.0
-0.003024976
0.0
-0.003024094
0.0
0.0030231979
-0.0030227446
-0.0030222875
0.0
0.0
0.0
0.0030204249
0.0
-0.0060389447
-0.0030189909
-0.0030185059
-0.0030180172
0.0030175252
0.0030170297
0.0
0.0
0.0
0.0
-0.003014499
0.0030139827
0.0030134625
0.003012939
0.0
-0.0030118811
0.003011347
0.0
0.0030102683
0.0030097237
0.0030091756
0.0
0.0
0.0
0.0
-0.0030063826
0.0
0.0030052413
0.0
-0.0030040857
0.0
0.0
-0.0030023265
-0.003001733
-0.009003408
-0.0030005358
0.0
-0.0029993248
-0.002998714
0.0
0.0
0.0
0.0
-0.0059912167
-0.0029949767
-0.0059886836
-0.0059874067
0.0029930614
0.0
-0.0029917674
0.0
-0.0059809186
-0.0029898002
0.0
0.0
0.0
0.0
0.0
0.002985773
0.0
0.002984403
0.0029837128
0.0
0.0029823224
0.0
0.0029809182
0.0029802108
0.0
0.0029787861
0.0
0.0
0.0
0.0
0.0
0.0
0.0
0.0
0.0
0.0
0.0
0.0
-0.005938384
0.0
0.0
0.0
0.0
0.0
0.0
0.0
-0.005926005
0.0
0.0
0.0
0.0029598265
0.002959024
0.0
0.0
0.0
0.0
0.005909922
0.0
0.0
0.0
0.0
0.0
0.0
0.0
0.0
-0.005894872
0.0
0.0
0.0
0.0
-0.0058862767
-0.0058845375
0.0
0.0
0.0
0.0
0.0
0.0
0.0
0.0
0.0058685853
0.0
0.0029324838
0.0
0.0029306617
0.005859491
0.0
0.005855807
0.0
0.0
0.0058502313
0.00584836
0.0058464813
0.0029222982
0.005842705
0.005840807
0.0
0.0
0.0
0.0029165747
0.0029156092
0.005829281
0.0
0.0029126934
0.0029117148
0.0
0.0
0.0
0.0029077684
0.0029067737
0.0
0.0029047744
0.0058075394
0.0
0.002901751
0.0058014737
0.0028997194
0.0028986987
0.0028976747
0.0
0.0028956172
0.0028945834
0.0028935466
0.005785013
0.0028914632
0.002890417
0.002889367
0.0028883142
0.002887258
0.0
0.0028851363
0.0
0.0028830015
0.0
0.0
0.0
-0.0028786939
0.0
0.0028765209
0.0028754298
0.0028743353
0.0028732377
0.0
0.0
0.002869926
0.0
0.0
0.0
0.0028654658
0.0028643429
0.002863217
0.0028620877
0.0
0.00285982
0.0
0.0
0.0
0.0
0.0028540955
0.0028529412
0.0028517838
0.0
0.0
0.0028482927
0.002847123
0.00284595
0.002844774
0.0028435946
0.0028424123
0.002841227
0.0028400384
0.0028388468
0.002837652
0.0028364544
0.0
0.0
0.0
0.0
0.0
0.0
0.0
0.0028267615
0.002825536
0.0
0.002823076
0.0
-0.0028206035
0.0
-0.0028181192
0.0
0.0
0.0028143697
0.0
0.002811855
0.0
0.0
0.0028080598
0.0028067888
0.0028055147
0.0
0.0028029578
0.0
0.0
0.0
0.0027978073
0.0027965123
0.0
0.0
-0.0027926092
-0.0027913023
-0.0027899921
0.0
0.0027873632
0.0
-0.005569445
-0.0027833977
0.0
0.0
0.0027794056
0.0
0.0027767292
0.0
0.0
0.0
0.0027713412
0.005539974
0.0
0.0
0.0027659065
0.0
0.0
0.0
0.0027604252
-0.0027590476
0.0
0.0
0.002754897
0.0027535078
0.0
-0.0027507208
0.0
-0.0027479222
-0.0027465185
0.0
0.0
0.0
0.0
-0.0027394572
-0.0054760724
0.0
0.0
-0.0027337568
0.0
-0.0027308895
-0.0027294515
0.0
0.0027265672
0.0
0.005447343
0.0
-0.0027207646
0.0
0.0
0.0
0.002714917
0.0
0.0
0.0
-0.005418049
0.0
0.0027060618
-0.0027045761
0.0
-0.0027015966
-0.0054002055
0.0
-0.0026971065
-0.0026956042
0.0
-0.0053851833
-0.0026910813
-0.002689568
-0.0026880521
0.0
0.0
-0.0053669754
-0.002681961
-0.0026804314
-0.005357798
0.0
-0.0026758262
0.0
0.0
-0.0053423936
-0.0026696483
-0.0026680971
-0.0026665432
0.0
-0.0026634273
0.0
0.0
0.0
0.0
0.0
-0.0026540156
0.0
0.0
0.0
0.0
0.0
0.002644508
0.0026429142
-0.0026413177
0.0
0.0
-0.0026365127
0.0026349057
0.0
-0.002631684
0.0026300694
0.0
0.0
0.0026252095
0.0
0.0
0.0
0.0
0.0
0.0
0.0026137796
0.0026121365
0.0
0.005217685
0.0
-0.0026055383
0.0
-0.002602224
0.0
0.0025988996
-0.0025972337
-0.002595565
0.0
0.0
0.0025905445
0.0
-0.0025871848
0.0025855012
-0.0025838153
-0.0025821265
0.0
-0.002578742
0.0
0.0
0.0
0.0025719432
0.0
-0.002568529
0.0051336363
0.002565105
0.0
0.0
-0.0025599506
-0.0025582276
0.0
0.0
0.0
0.0
-0.002549576
-0.0025478385
0.0
0.0
0.0025426117
0.0025408645
0.0
-0.002537363
0.0
0.0
0.0
0.0025303317
0.0
0.0025268018
0.0025250332
-0.0025232625
0.0
0.0050394274
0.0
0.0
0.002514373
0.0
0.0050216024
0.0050180233
-0.0025072198
0.0
0.0
-0.005003661
0.0025000295
0.0
0.0
0.0
-0.0024928025
0.00249099
0.0024891752
0.0024873582
0.002485539
0.0024837174
0.0
0.0
0.0
0.0024764088
0.0049491525
0.002472741
0.002470904
0.0024690644
0.002467223
0.004930758
0.0024635328
0.0024616846
0.0
-0.0024579815
0.0024561265
0.0024542694
0.0024524103
0.0049010976
0.0
0.0
0.0
0.0024430812
0.002441209
0.0024393345
0.002437458
0.0
0.0
-0.0024318153
0.0
0.0
0.0024261535
-0.002424262
0.0
0.0
-0.0024185749
-0.0024166747
0.0
0.0
0.0
0.0024090542
-0.0024071436
-0.0024052311
-0.0024033168
0.0
0.0
0.0
-0.002395638
-0.0023937132
-0.007175359
0.0
0.0023879264
0.0023859935
0.0023840584
0.0
0.0
0.0023782414
0.0
0.0023743534
0.0023724062
-0.0023704572
-0.0023685063
0.0
-0.0047291964
0.0
0.0
0.0
0.0023567586
-0.0023547937
-0.002352827
0.0
0.0023488877
0.0
0.0023449406
0.0
-0.0023409857
0.0023390055
0.0023370232
0.0023350392
0.0023330532
0.0023310652
-0.0046581505
-0.004654167
-0.00465018
-0.0023230945
0.0023210973
0.002319098
-0.0023170968
-0.004630188
-0.002313089
0.0
0.0
-0.0023070637
-0.0046101026
-0.0023030373
-0.0023010215
-0.0022990038
0.0
0.0
0.0
-0.002290915
0.0
0.0
-0.0045696585
0.0
-0.0022807634
-0.0045574554
0.0
-0.004549302
0.0
0.0
-0.0045370455
0.0
0.0
-0.0045247576
0.0
-0.0045165485
-0.004512439
0.0
0.0
0.0
0.0
-0.0022459193
-0.004487708
0.0
0.0
0.0
0.0
-0.0044670063
-0.004462856
-0.002229351
0.0
0.0
-0.0022231105
0.0
0.0
-0.00443371
0.0
0.0
0.0
0.0
0.0
0.0
0.0
0.0
0.0021980018
0.0
0.0
0.0
-0.0021895813
-0.0021874723
0.0
0.0
-0.0021811358
0.0
0.0
0.0043495707
0.0043453313
0.0
0.0
0.0
0.0
0.0
0.0021599147
0.0
0.0
0.0
0.0
0.0021492478
0.0
0.0021449707
0.0
-0.0042813756
0.0
0.002136399
0.004268505
0.0042642094
0.0
-0.004255609
0.0
0.0
0.0021213437
0.0021191873
0.0021170296
0.0021148704
-0.0021127097
0.0
0.0
0.0042124395
0.004208107
0.0
0.0
-0.0020975473
0.0
0.002093203
0.0
0.0
0.0
0.0
0.0
-0.002080138
0.0
0.004151545
0.0
0.0
0.0
0.0
0.0020648362
0.0020626453
0.0
0.0
0.0020560645
0.0
0.0
0.0020494724
0.0
0.006135215
0.0020428693
0.0
0.0
0.0
0.0
0.0
0.0
0.0020274199
0.002025208
-0.002022995
0.0020207807
0.0
-0.0020163488
0.0
-0.0020119124
0.0
0.0
0.0
0.0040060515
0.0020008013
0.0
0.0
0.0
0.0
0.0
0.0
0.0
-0.0019829655
-0.001980731
0.0
0.0
0.0
0.0019717831
0.0
0.0
0.0
0.0
0.0
0.0019583295
0.0019560836
0.0
0.0
0.0
0.0
0.0019448393
0.0019425874
0.0019403347
0.0019380808
0.0
0.0
0.0019313137
0.0038581118
0.0038535947
0.0019245378
0.0
0.0019200159
0.0019177536
0.0019154903
0.0076529044
0.001910961
0.0
0.0019064281
0.0
0.0
0.001899622
0.0018973516
0.0
0.001892808
0.001890535
0.0018882611
0.0
0.0018837107
0.0037628685
0.0018791569
0.0
0.0018745998
0.0
0.0018700395
0.003735516
0.0018654758
0.0018631929
0.001860909
0.0
0.0
0.0037081058
0.001851766
0.0018494782
0.0018471899
0.0018449007
0.0018426107
0.00552096
0.003676057
0.0018357363
0.0
0.0
0.0018288554
0.0018265604
0.0018242645
0.0018219681
0.0
0.0
0.003630149
0.0
0.0018104754
0.0018081748
0.0018058736
0.0018035716
0.0018012691
0.0017989659
-0.001796662
0.0
0.0035841048
0.0017897467
0.0017874404
0.0
0.0
0.0017805176
0.0017782088
0.0017758994
0.0017735894
0.0
0.0
0.0
0.0
-0.0017620309
0.0
0.0
-0.001755089
0.0
-0.0017504585
0.0
0.0017458257
0.0
0.001741191
0.0
-0.0017365542
0.0
0.0
0.0034591907
0.0
-0.0034499073
0.0
-0.0017203101
0.0
0.0034313295
0.0
0.0
0.0
-0.0034127373
0.0017040435
0.001701718
0.0016993921
0.0
0.0
0.0
0.0
0.0016877564
0.0016854281
0.0
0.0016807704
0.0
0.0
0.0016737811
0.0
0.0
0.0
-0.0033289145
-0.0033242507
-0.0033195866
0.0
0.0016551281
-0.00330559
-0.0033009234
-0.003296256
-0.0016457941
0.0
0.0032822508
0.0
0.0
0.0
-0.0032635694
0.001629449
0.0016271129
0.0
0.0
0.0
0.0
0.0016154293
0.0016130919
0.0
0.0016084164
0.003212157
0.0
0.0
0.0015990634
0.0
0.0
0.0
0.0015897077
0.0
0.0
0.0
-0.0031606988
0.0
0.0
-0.0015733294
0.0015709891
0.0
0.0
0.0
0.0
0.0
-0.0015569457
0.0
-0.003104528
0.0
0.0
-0.0015452408
0.0
0.0
0.0
-0.003071752
-0.0015335347
-0.0015311934
0.0
0.0015265108
-0.0015241695
-0.0015218282
-0.0015194869
-0.0015171455
0.0
0.0
0.0
0.0
0.0
0.0
0.0
0.0
0.0
0.0
0.0
-0.0014890534
0.0
-0.0014843723
-0.0014820319
0.0
0.0
0.0014750113
0.0029453428
0.0014703316
0.0
-0.0014656524
0.0
0.0
0.0014586346
0.0
0.0
0.0
-0.0014492797
0.0014469415
0.0014446034
0.0014422656
-0.0014399278
0.0
0.0
0.0
0.0014305791
0.0
0.0
0.0
0.0
0.0
0.0014165629
0.0014142278
0.0
0.0014095583
0.001407224
0.0014048899
0.0014025561
0.0014002225
0.0013978893
0.0
0.0
-0.0013908916
0.0013885596
0.001386228
0.0
0.0
0.0
-0.0013769048
0.0
0.0013722453
0.0
0.0
0.0013652586
-0.0013629305
0.0
0.0013582754
0.0
0.001353622
0.0
-0.0013489701
0.0
0.0013443199
0.0
0.0013396714
0.0013373479
0.0013350247
0.001332702
0.0
0.0013280581
0.0
0.0
0.0
0.0
-0.0013164562
0.0
0.0
0.0
0.0013071836
-0.0013048667
-0.0013025504
0.0
-0.0012979193
-0.0012956045
0.0012932903
-0.0012909767
0.0
0.001286351
-0.001284039
-0.0012817276
0.0
0.0012771065
0.0012747968
0.0012724877
0.0
-0.0012678714
0.0
0.0012632573
0.0012609513
0.0
-0.0012563411
-0.0012540369
0.0
0.0012494305
0.0
0.0012448267
-0.0012425258
-0.0037206765
0.0
0.0
-0.0012333288
0.0012310314
-0.0012287345
-0.003679315
0.0
-0.0024436966
-0.0012195542
0.001217261
-0.0012149684
-0.0024253533
-0.0024207712
-0.0012080952
0.0012058056
0.0
0.0
-0.0023978828
-0.0023933097
0.0
0.0
0.0
0.0
0.0
-0.0023659042
0.0
0.0
0.0
0.001173833
0.0
0.0011692784
0.0
0.0
0.0
0.0
0.0
0.0
0.0
0.002302188
0.0
0.0
0.0
0.0
0.0
0.0
0.0
0.0
0.0
0.0
0.0
0.0
0.0
-0.0022388177
-0.0022343053
0.0
-0.002225286
-0.0022207797
-0.0022162749
-0.0022117721
0.0
0.0
0.0
0.0
0.0
0.0
0.0
0.0
0.002171338
0.0
0.0021623753
0.002157897
0.0
0.0021489467
0.0021444748
0.0
0.0
0.0
0.0
0.0
0.0010588443
0.0
0.0
0.0010521624
0.0
0.0010477134
0.0
0.0
0.0
-0.002077658
0.0
0.0
0.0
0.0
-0.0020554988
-0.0020510738
0.0
0.0
0.0
-0.001016699
0.0
0.0
0.0
0.0
-0.0010056787
0.0010034782
0.0
-9.990811E-4
0.0
-0.001989378
0.0
9.903017E-4
-9.8811E-4
0.0
0.0
-0.001963085
-9.793559E-4
-9.771707E-4
-9.749866E-4
9.7280386E-4
0.0
-0.0019368846
0.0
-9.64086E-4
-9.619098E-4
0.0
0.0
-9.553893E-4
-9.532185E-4
-9.5104903E-4
-9.4888086E-4
0.0
0.0
0.0
0.0
0.0
0.0
0.0
9.315852E-4
0.0
0.0
0.0
0.0
0.0
0.0
0.0
9.143791E-4
0.0
-9.1009185E-4
0.0
-9.0581045E-4
9.036719E-4
0.0
-8.993992E-4
0.0
0.0
0.0
0.0
8.887435E-4
8.866168E-4
8.8449166E-4
0.0
0.0
8.7812525E-4
8.7600615E-4
8.738886E-4
8.717726E-4
0.0
-8.6754514E-4
0.0
0.0
0.0
8.591089E-4
0.0
0.0
0.0
0.0
8.48599E-4
0.0
0.0
0.0
-8.402197E-4
0.0
0.0
0.0
8.318663E-4
0.0
0.0
-8.2561834E-4
-8.23539E-4
0.0
0.0
0.0
-8.1523816E-4
0.0
0.0
-8.090301E-4
0.0016139282
8.048998E-4
0.0
8.007763E-4
-7.9871714E-4
-7.966597E-4
7.946039E-4
-7.9254986E-4
7.904975E-4
7.88447E-4
-0.0015727963
-0.001568702
-7.8230567E-4
-7.8026205E-4
0.0
0.0
-7.7414175E-4
0.0
0.0
0.0
0.0
7.639768E-4
-0.0015238983
0.0
7.5789925E-4
-7.5587706E-4
0.0
-0.0015036761
-7.4982125E-4
0.0
0.0
-7.437819E-4
-7.4177247E-4
-0.0022192947
-7.3775917E-4
0.0
-0.0014675065
0.0
-7.297548E-4
-7.277584E-4
-7.2576385E-4
-7.237712E-4
-7.2178047E-4
-7.1979157E-4
7.178046E-4
0.0
-7.138364E-4
-0.0014237103
-0.0014197516
0.0
0.0
7.0394936E-4
7.0197775E-4
-7.0000807E-4
-6.980403E-4
0.0
6.941107E-4
6.921488E-4
0.0
0.0
-6.8627496E-4
0.0
6.82369E-4
0.0013608378
6.784709E-4
0.0
0.0
6.7263877E-4
6.7069876E-4
6.6876074E-4
6.6682475E-4
-6.6489074E-4
6.6295883E-4
6.610289E-4
0.0
0.0
6.552514E-4
6.533296E-4
0.0
0.0
-6.4757676E-4
0.0
0.0
0.0
0.0
-0.00127606
-6.361269E-4
6.342259E-4
0.0
6.304302E-4
0.0
-6.2664296E-4
-0.001249505
-6.228641E-4
0.0
-6.1909383E-4
0.0
-6.153321E-4
-0.0012269089
-0.0012231579
0.0
0.0
0.0
0.0
-0.0012044675
-6.0037116E-4
0.0
0.0
0.0
-5.929429E-4
-5.910913E-4
0.0
5.873947E-4
0.0
0.0
0.0
-5.800281E-4
-5.78192E-4
0.0
5.745265E-4
-5.726971E-4
-5.7086995E-4
-0.0011380902
-5.672224E-4
5.6540204E-4
5.635839E-4
0.0
5.5995444E-4
0.0
-0.0011126682
0.0
-5.527229E-4
0.0
0.0
0.0
-5.4552796E-4
-5.43735E-4
0.0
-5.40156E-4
5.3836993E-4
5.365863E-4
-0.0010696098
-0.0010660517
0.0
-5.294748E-4
0.0
5.259331E-4
-5.241658E-4
5.224009E-4
5.206383E-4
0.0
0.0010342405
5.1536475E-4
-5.1361165E-4
0.0
-0.001530338
-5.0836673E-4
0.0
-5.04882E-4
5.031433E-4
-5.0140696E-4
-9.993461E-4
-9.958831E-4
-4.962125E-4
-4.9448584E-4
0.0
4.910398E-4
-4.893205E-4
0.0
0.0
4.841771E-4
4.824675E-4
0.0
0.0
4.7735355E-4
0.0
-4.739566E-4
4.7226183E-4
0.0
0.0
4.671924E-4
0.0
0.0
4.6214546E-4
4.6046812E-4
0.0
0.0
0.0
-4.5378396E-4
4.5211922E-4
4.50457E-4
0.0
0.0
-0.0013364567
0.0
0.0
0.0
0.0013166779
0.0
4.356115E-4
4.3397478E-4
0.0
8.6141814E-4
4.2908007E-4
4.2745366E-4
0.0
8.484172E-4
0.0
4.2097393E-4
8.3872094E-4
4.1774963E-4
4.161414E-4
0.0
0.0
4.113324E-4
4.0973467E-4
4.0813952E-4
8.130941E-4
0.0
0.0012101098
0.0012053561
0.0
3.9862416E-4
3.9704752E-4
7.909471E-4
7.878045E-4
7.846672E-4
3.9076761E-4
3.8920433E-4
7.752874E-4
0.0
7.69061E-4
0.0
0.0
3.7988083E-4
0.0
7.535891E-4
3.7525545E-4
7.474382E-4
3.721854E-4
0.0
-3.6912624E-4
3.6760073E-4
7.321559E-4
0.0
3.630406E-4
-3.61526E-4
-3.6001418E-4
3.585051E-4
0.0
-3.5549514E-4
-3.539943E-4
-3.5249625E-4
-3.5100093E-4
-3.495084E-4
0.0
-3.465316E-4
0.0
-3.4356592E-4
-3.4208727E-4
-3.4061138E-4
-6.782766E-4
0.0
0.0
-6.694716E-4
-3.3327393E-4
-3.3181484E-4
-6.6071714E-4
0.0
0.0
-3.2600667E-4
-3.2456167E-4
0.0
-3.2168019E-4
-6.4048736E-4
-3.1881002E-4
-6.3475844E-4
0.0
0.0
3.1310384E-4
6.233689E-4
-6.2053575E-4
-3.0885419E-4
3.0744335E-4
0.0
9.1389095E-4
3.032281E-4
0.0
0.0
-2.9903874E-4
0.0
2.9626026E-4
0.0
0.0
0.0
-5.814762E-4
0.0
0.0
0.0
2.8526245E-4
0.0
0.0
0.0
0.0
0.0
0.0
0.0
0.0
0.0
0.0
0.0
0.0
0.0
0.0
0.0
0.0
0.0
5.2240666E-4
-5.1978964E-4
0.0
5.1457353E-4
0.0
0.0
0.0
5.0421304E-4
2.5081896E-4
2.4953438E-4
0.0
0.0
0.0
0.0
4.8631334E-4
0.0
2.406267E-4
2.3936626E-4
0.0
0.0
0.0
0.0
0.0
0.0
0.0
4.5878394E-4
0.0
0.0
0.0
0.0
0.0
0.0
0.0
0.0
0.0
-2.1719899E-4
-2.159966E-4
2.1479727E-4
0.0
0.0
0.0
-4.200618E-4
0.0
0.0
0.0
-2.0531412E-4
2.0414268E-4
-4.0594873E-4
0.0
0.0
-3.9897618E-4
1.9833224E-4
0.0
-3.9205985E-4
0.0
-1.9374014E-4
0.0
0.0
-1.9032898E-4
-1.8919821E-4
0.0
0.0
0.0
1.8470665E-4
0.0
1.8247978E-4
0.0
0.0
0.0
3.5612812E-4
1.7696805E-4
-3.5175044E-4
1.7478557E-4
1.736991E-4
1.7261581E-4
3.430714E-4
0.0
1.6938508E-4
-1.6831454E-4
0.0
1.6618308E-4
1.6512215E-4
1.6406442E-4
-1.630099E-4
1.6195858E-4
0.0
1.598656E-4
0.0
0.0
0.0
-1.5571823E-4
0.0
1.5366387E-4
1.5264156E-4
-1.5162246E-4
0.0
0.0
-1.485846E-4
1.4757847E-4
0.0
0.0
0.0
0.0
0.0
0.0
-1.4062651E-4
0.0
1.3866955E-4
-2.7539194E-4
0.0
0.0
-1.3479484E-4
2.6766869E-4
1.3287713E-4
0.0
0.0
-1.3002516E-4
-1.2908108E-4
1.2814028E-4
0.0
0.0
0.0
0.0
1.2348569E-4
-1.2256467E-4
0.0
1.2073255E-4
-1.19821445E-4
1.1891366E-4
0.0
-1.17108015E-4
-1.1621017E-4
-1.1531563E-4
-1.1442443E-4
0.0
1.12651986E-4
-1.1177075E-4
1.1089285E-4
-1.1001828E-4
0.0
1.08279135E-4
-1.0741457E-4
1.0655334E-4
0.0
0.0
1.0398972E-4
1.0314187E-4
-1.02297374E-4
1.0145623E-4
1.0061843E-4
0.0
9.8952914E-5
0.0
0.0
9.647984E-5
9.566221E-5
9.484794E-5
0.0
-9.322953E-5
9.2425376E-5
-9.16246E-5
-9.08272E-5
0.0
0.0
8.845529E-5
0.0
8.689092E-5
0.0
0.0
-8.4569794E-5
-8.3802865E-5
-8.303934E-5
-8.2279206E-5
0.0
0.0
-8.001921E-5
-7.927268E-5
7.8529556E-5
-7.778984E-5
0.0
0.0
-7.559116E-5
7.486509E-5
0.0
0.0
0.0
0.0
-7.1286035E-5
0.0
0.0
-1.3835936E-4
0.0
-1.3558517E-4
-1.3420839E-4
-6.641923E-5
6.57377E-5
0.0
6.438496E-5
1.2742751E-4
-6.304598E-5
0.0
0.0
-6.106336E-5
1.2081875E-4
0.0
5.9111764E-5
0.0
0.0
5.7191253E-5
5.6557994E-5
5.5928198E-5
-5.5301858E-5
1.0935797E-4
-5.4059572E-5
5.3443626E-5
1.0566229E-4
0.0
1.03233186E-4
5.1014522E-5
0.0
0.0
4.9229147E-5
-4.8640974E-5
0.0
9.495012E-5
0.0
4.6323068E-5
9.15046E-5
0.0
-4.4621214E-5
-4.40609E-5
0.0
0.0
4.24009E-5
-4.185455E-5
-4.1311694E-5
-4.0772335E-5
-8.0472935E-5
7.94082E-5
0.0
0.0
-7.6256E-5
0.0
0.0
0.0
0.0
-3.5571233E-5
0.0
-6.9146154E-5
3.4079265E-5
-3.3588964E-5
0.0
0.0
-3.2139153E-5
3.1662912E-5
-3.119019E-5
3.072099E-5
-3.0255305E-5
0.0
5.866901E-5
-5.775878E-5
0.0
0.0
-2.7535194E-5
0.0
-2.66567E-5
0.0
-5.1584648E-5
0.0
0.0
-2.452225E-5
0.0
0.0
-2.3283988E-5
-2.2878308E-5
2.2476166E-5
0.0
2.1682503E-5
2.1290984E-5
0.0
0.0
0.0
-1.9760335E-5
0.0
0.0
-1.8649576E-5
-1.8286419E-5
-1.7926812E-5
-1.7570754E-5
-3.4436496E-5
-3.3738586E-5
-1.6523893E-5
-1.6182044E-5
-1.584375E-5
-3.1018022E-5
-1.5177828E-5
-1.4850202E-5
-2.9052266E-5
-1.4205622E-5
-2.7777342E-5
-2.7150558E-5
-2.6530895E-5
-2.5918354E-5
-2.5312936E-5
-2.4714645E-5
1.2061741E-5
-2.3539444E-5
0.0
0.0
-3.274517E-5
0.0
-3.108934E-5
-1.0092493E-5
-9.825441E-6
-9.561959E-6
0.0
-9.045704E-6
-1.7585868E-5
-2.5631203E-5
-8.298108E-6
-8.056054E-6
0.0
0.0
-1.47026685E-5
2.1370732E-5
-6.8993963E-6
-1.3357582E-5
1.9385288E-5
-1.8744935E-5
-6.0384377E-6
1.1664285E-5
-5.6294257E-6
1.0860576E-5
1.570419E-5
-5.0427525E-6
4.854355E-6
9.339077E-6
-8.976607E-6
4.3106506E-6
4.1365797E-6
3.9660918E-6
3.7991865E-6
0.0
3.4761272E-6
6.639947E-6
0.0
3.0184206E-6
5.7460434E-6
-5.462417E-6
5.185963E-6
0.0
0.0
4.3996383E-6
-4.151878E-6
3.911293E-6
-1.8389417E-6
1.725825E-6
0.0
-1.5103569E-6
1.408006E-6
-2.6184885E-6
4.856287E-6
-1.1224888E-6
1.0344957E-6
0.0
-1.7385587E-6
2.37617E-6
-7.1842453E-7
1.2967662E-6
0.0
5.19073E-7
0.0
-4.041277E-7
7.0408424E-7
-6.0709624E-7
5.1729165E-7
0.0
0.0
0.0
1.14955505E-7
8.801307E-8
0.0
8.9809674E-8
-5.7478292E-8
0.0
-1.4369607E-8
0.0
0.0
