0.014562119
0.06551215
0.16195667
0.2207938
0.74941975
0.7670158
0.17645612
0.3962357
1.4677457
3.5778258
4.081176
1.8299879
0.69946426
0.4126571
0.3852385
0.73153985
0.38111052
0.55304134
0.39384678
0.5224726
0.4840784
0.6887934
0.39905646
0.129796
0.09823245
0.52071327
0.74713665
0.5242373
0.43209153
0.32208925
0.15920022
0.37836263
0.48367396
0.583158
0.5228145
0.28518593
0.23182055
0.2409699
0.23786873
0.41602525
0.5782953
0.3444632
0.022059081
0.22248589
0.20914717
0.07809775
0.20358123
0.19693172
0.10231155
0.24949501
0.08989626
0.20758507
0.060669288
0.1111788
0.09314372
0.10511385
0.14597568
0.16951588
0.21627028
0.23826341
0.132647
0.18396525
0.36207953
0.31936887
0.16013438
0.20216186
0.20128584
0.03878403
0.010884239
0.064344704
0.021317681
0.09746704
0.17633565
0.052756518
0.14307049
0.17923647
0.1280764
0.13676754
0.17404534
0.2072317
0.17986168
0.11523123
0.12209489
0.07492353
0.057404563
0.14710891
0.12274107
0.11107006
0.17710394
0.14802751
0.05807208
0.026490832
0.12542403
0.1868145
0.07258925
0.08330316
0.1820905
0.08447013
0.2048564
0.21264179
0.14566527
0.12677537
0.017192563
0.101268865
0.23722567
0.14114583
0.09624505
0.1577214
0.12897462
0.10440164
0.06451332
0.06105113
0.044963628
0.16137159
0.12884596
0.17474009
0.09657071
0.2275706
0.1917443
0.0864322
0.21521586
0.16427743
0.12178802
0.17561845
0.09280408
0.014730945
0.031840943
0.11516356
0.10762219
0.11944558
0.09517587
0.040416952
0.14013183
0.121657945
0.06590149
0.055626314
0.08802716
0.10021876
0.21599744
0.23391974
0.112945795
0.1731818
0.33367032
0.24675745
0.15844063
0.09359235
0.12605278
0.1597166
0.08915097
0.07147526
0.021343598
0.039382704
0.035405293
0.036868833
0.067700356
0.1543333
0.18517469
0.2073872
0.08372195
0.087273054
0.18969537
0.16866231
0.12047885
0.030850763
0.042256325
0.06365282
0.10557147
0.028334187
0.02431399
0.14018653
0.2345221
0.17618924
0.12523511
0.07336243
0.053295188
0.12058834
0.08281172
0.09439953
0.07878947
0.10335874
0.080364
0.09211014
0.061211824
0.047608968
0.061579384
0.026155481
0.07480692
0.10413259
0.008303629
0.114650376
0.17576405
0.14225738
0.156535
0.1802874
0.04883239
0.06435121
0.0043856865
0.079603374
0.053047094
0.061949417
0.055482224
0.05860935
0.097553976
0.111637294
0.0844723
0.065241456
0.08064004
0.11680436
0.110376306
0.07299401
0.0714224
0.032994844
0.038237106
0.13011943
0.121033065
0.08947626
0.08350916
0.062425002
0.08635784
0.04784355
0.08472264
0.055610456
0.085585445
0.058972597
0.060109068
0.055230968
0.04394883
0.06798726
0.12784964
0.101830944
0.08001347
0.12681508
0.17652701
0.097527705
0.055793487
0.10440219
0.099983424
0.061469562
0.041274354
0.053611245
0.022194847
0.048630714
0.11112455
0.094500504
0.07783374
0.17253959
0.13217054
0.049189202
0.060080774
0.10309788
0.064777724
0.10095628
0.15645197
0.068567686
0.07298026
0.04037618
0.048353527
0.11440413
0.12019877
0.08594571
0.058391325
0.029386297
0.03460492
0.027320653
0.05060219
0.050740846
0.04048842
0.056645457
0.09639221
0.15644155
0.0993143
0.02437704
0.13441452
0.08978972
0.03443828
0.028792765
0.054207318
0.020475088
0.03142605
0.06352644
0.12221676
0.08246625
0.061878443
0.08497002
0.026461387
0.07303126
0.11231995
0.09637521
0.07071113
0.03802594
0.09169608
0.14286298
0.1590407
0.115494624
0.076697655
0.16830437
0.049062636
0.15876703
0.10237898
0.052404072
0.057828
0.04032545
0.032530323
0.051928483
0.023122357
0.08578227
0.030375645
0.04273184
0.08230588
0.09078964
0.021940691
0.061778676
0.051781375
0.07737169
0.1284548
0.11984186
0.0751547
0.012690809
0.048130684
0.024489993
0.03566227
0.04499346
0.10569007
0.10677527
0.08204119
0.07570275
0.09279281
0.10560676
0.037587553
0.03268972
0.022244051
0.035174947
0.01816799
0.021037372
0.08867609
0.11559271
0.11311721
0.07410103
0.12217631
0.060213838
0.018382987
0.089936584
0.07918871
0.028908331
0.0056514516
0.106704585
0.066477686
0.03322748
0.05478844
0.1249671
0.09902849
0.084915884
0.115594454
0.10671984
0.08463908
0.08604638
0.08140246
0.08791797
0.046349045
0.013512186
0.037204646
0.085058264
0.06245894
0.07702302
0.13011502
0.12953204
0.14839032
0.13317627
0.06304018
0.035406645
0.021625407
0.08639179
0.12739809
0.09749848
0.039507158
0.013549611
0.08510048
0.09223615
0.059678677
0.042610973
0.027465379
0.073096186
0.07668963
0.067697555
0.035434138
0.06209488
0.028296882
0.052995685
0.011754025
0.06299027
0.066004284
0.059940185
0.070480235
0.110441536
0.080463514
0.123289384
0.14497289
0.085671544
0.032682795
0.014144682
0.019435558
0.038454574
0.046912
0.059381694
0.059729543
0.10167559
0.08606615
0.0953397
0.013529129
0.069186546
0.04524313
0.037187953
0.10715602
0.059433766
0.092465505
0.06442739
0.09714101
0.08886775
0.048348773
0.0842205
0.09567153
0.10000845
0.06922038
0.033826288
0.04775832
0.06488717
0.06807204
0.025885994
0.07587274
0.051373694
0.08014258
0.081618115
0.028654363
0.06284833
0.0702318
0.013053407
0.10515822
0.12495258
0.035386965
0.06089667
0.092405364
0.09914582
0.08766153
0.068002746
0.013396277
0.064486034
0.059102632
0.021088008
0.08270221
0.04227882
0.08089666
0.063336745
0.053417433
0.018111877
0.07988383
0.06642935
0.028173316
0.05233236
0.12396318
0.05590743
0.028186973
0.034712814
0.05463167
0.035760667
0.06337701
0.040852346
0.04348261
0.06448119
0.0012878996
0.030232642
0.04993191
0.067522876
0.11568949
0.11253162
0.06280609
0.034218326
0.029991442
0.041705407
0.04006515
0.033543285
0.018670175
0.08947851
0.10974648
0.07322421
0.020948853
0.0064990176
0.02600581
0.059960112
0.05560889
0.06606359
0.07792482
0.07802283
0.063409686
0.02146099
0.0890619
0.16502275
0.15193042
0.10996615
0.07289374
0.031992707
0.028182557
0.06647538
0.11083544
0.06793159
0.054480225
0.09757308
0.13273144
0.13670035
0.06394729
0.032744516
0.10312182
0.11642379
0.070494905
0.03962452
0.033616677
0.04065421
0.08125784
0.073857404
0.025217503
0.02315787
0.09915686
0.10656838
0.10334699
0.08976746
0.049431033
0.027306596
0.045174222
0.07839801
0.10207813
0.08189823
0.03042092
0.071267314
0.038214896
0.10431162
0.07490321
0.019135572
0.05639121
0.05686726
0.015065701
0.05863591
0.05687118
0.036051914
0.1124748
0.07237532
0.04345423
0.0535816
0.014941278
0.077778295
0.08654007
0.022606727
0.034850396
0.036765985
0.08543579
0.09976162
0.08079592
0.060307376
0.023602441
0.08254694
0.15774913
0.13091484
0.10742767
0.042364195
0.044303402
0.10050839
0.12765804
0.07513207
0.0936753
0.095194705
0.031638164
0.049326353
0.111104205
0.12597366
0.10981913
0.042506374
0.13913934
0.10288154
0.051923282
0.029111495
0.050684184
0.028763877
0.034482855
0.11363697
0.10492217
0.033798352
0.035445597
0.05058778
0.020172486
0.033787623
0.07166346
0.09268895
0.07418758
0.027502665
0.068260126
0.11613768
0.16728218
0.09696897
0.07097628
0.12295587
0.12358109
0.09605748
0.023598744
0.06111213
0.048590887
0.024553562
0.05888111
0.07624306
0.059226725
0.075982116
0.11231942
0.083083645
0.12697035
0.066564254
0.08808289
0.060712382
0.04103811
0.06922605
0.05228786
0.06532263
0.09157411
0.043436084
0.05003226
0.065098636
0.085891
0.041067436
0.07233983
0.014631117
0.04124502
0.05044951
0.10720291
0.09431792
0.05603741
0.04557887
0.012247297
0.052212864
0.04124392
0.10268086
0.10663522
0.05124688
0.030473916
0.04770296
0.07393605
0.15375072
0.15449162
0.058208417
0.02440694
0.023093397
0.055044886
0.048886463
0.055830915
0.05592784
0.05048784
0.08774545
0.06737147
0.028815262
0.032234244
0.03806373
0.13137391
0.14233574
0.0649642
0.04499973
0.07170378
0.03717498
0.074626535
0.12024449
0.13806358
0.07684394
0.029455036
0.03666386
0.032184646
0.035728607
0.05715525
0.07726159
0.07557816
0.058068242
0.05440049
0.02687489
0.062007718
0.058651898
0.033436917
0.051866084
0.030707289
0.012956846
0.09084799
0.065196045
0.01677661
0.0149798775
0.07753412
0.13435642
0.07059215
0.07537689
0.03769432
0.026326647
0.04089137
0.03720535
0.03786779
0.06533746
0.058043472
0.052359425
0.042540047
0.0028827235
0.03652868
0.051187698
0.021885315
0.044719614
0.06242332
0.10951873
0.11630157
0.07599289
0.03718797
0.045407336
0.057592437
0.01971194
0.057231814
0.06772042
0.032169577
0.06708081
0.10703774
0.07054819
0.03268062
0.019222144
0.025881486
0.024067895
0.027641509
0.012074829
0.056790195
0.041412402
0.037184708
0.049035236
0.03183303
0.021831501
0.0068365955
0.05874932
0.107058086
0.097920164
0.05201782
0.02236876
0.070475146
0.05932105
0.024369193
0.03646486
0.039453313
0.07449609
0.07033166
0.043063626
0.037164193
0.027618008
0.0773445
0.12142456
0.089904904
0.039885763
0.027511157
0.0427392
0.099315085
0.110921554
0.052924182
0.09370548
0.08275217
0.061598826
0.04731306
0.13094382
0.1358112
0.04536187
0.042188253
0.038146462
0.05415728
0.12467301
0.10573449
0.057043057
0.05785334
0.07289438
0.043640066
0.029409945
0.10499703
0.16318776
0.09282872
0.048219528
0.075013414
0.023983775
0.034878906
0.027786572
0.045049343
0.09874802
0.043769356
0.050476335
0.093702495
0.07845219
0.04630008
0.080471545
0.09476031
0.1079909
0.13875829
0.08460414
0.027561821
0.06417618
0.10207045
0.08779045
0.0795769
0.08466265
0.109165445
0.040123582
0.03032534
0.029685589
0.033623364
0.08494332
0.076769695
0.06749508
0.054747805
0.012551586
0.04342047
0.06050904
0.080872074
0.0823221
0.098489605
0.12133252
0.14723578
0.1206975
0.036191713
0.12860753
0.12491761
0.07923936
0.058329806
0.043597315
0.04411383
0.041026358
0.060837053
0.107982375
0.10196055
0.049351696
0.026107272
0.103271924
0.08324706
0.022548573
0.06916665
0.086602814
0.010806814
0.08383477
0.08077873
0.051452644
0.038900852
0.07693449
0.07784232
0.04537083
0.044750676
0.07824636
0.09996639
0.04743423
0.055579178
0.09472892
0.031259637
0.028247818
0.053016923
0.019518206
0.031216513
0.042380802
0.013856832
0.030051887
0.012404791
0.0068914047
0.06637971
0.054187015
0.08371635
0.102411635
0.0893774
0.0432725
0.04870673
0.058220055
0.049193613
0.016328756
0.040860586
0.036926255
0.024211565
0.03187718
0.040664177
0.04137543
0.0732605
0.050074037
0.024805373
0.031550106
0.06981604
0.051539958
0.06318303
0.06973466
0.06619806
0.11307688
0.0968279
0.038237683
0.07137146
0.09297053
0.09480681
0.06857064
0.007680479
0.07619896
0.031773724
0.08977119
0.11556434
0.071031965
0.04158451
0.04569732
0.06564492
0.05050258
0.0515839
0.09116941
0.0080298595
0.09397292
0.09655605
0.040448766
0.0330474
0.008319847
0.020403966
0.020920489
0.057596758
0.05465811
0.05888074
0.12009656
0.061494168
0.036056098
0.025481569
0.070385806
0.06582273
0.036062725
0.052931514
0.04187564
0.03985446
0.036632326
0.06646434
0.07182218
0.06294639
0.09011623
0.09403727
0.12367379
0.101854794
0.034620285
0.052429542
0.055131596
0.011784105
0.06496211
0.077761285
0.064736
0.106640816
0.09707212
0.07266307
0.17064103
0.13959278
0.041719288
0.05437391
0.03630238
0.0591729
0.15934844
0.1932283
0.13172205
0.0784877
0.08292858
0.07705954
0.040742613
0.04003514
0.025145974
0.033134494
0.04318979
0.045268778
0.07635576
0.07547772
0.0908276
0.089847535
0.08896762
0.029304767
0.046212804
0.03059901
0.023638222
0.058985595
0.05741476
0.07462048
0.07513286
0.024888083
0.0402572
0.058404714
0.050899856
0.074914515
0.14906335
0.08533385
0.0046670446
0.038691074
0.058996044
0.030942991
0.030929005
0.05448831
0.026942624
0.023537468
0.06459067
0.05498118
0.021566734
0.036674522
0.082845025
0.08841221
0.017263941
0.08526151
0.13126424
0.12188507
0.099288486
0.11469259
0.08540728
0.061529674
0.0687214
0.060759675
0.08376194
0.061724257
0.09493047
0.06155677
0.09911646
0.091247045
0.08889162
0.111816555
0.094116755
0.09732398
0.04724691
0.07020606
0.0846172
0.06705856
0.05112612
0.019170698
0.026621468
0.027810661
0.06895635
0.08385285
0.052035443
0.05964567
0.063691676
0.03547658
0.03565245
0.06845241
0.07683947
0.013004105
0.009363916
0.10145179
0.06418528
0.05052051
0.052996542
0.027051631
0.036331646
0.06755729
0.09075561
0.055586573
0.03979357
0.116495706
0.11091383
0.074428156
0.04843396
0.03851708
0.08731584
0.08408665
0.05057781
0.105357505
0.117854126
0.09855211
0.06511482
0.09849874
0.0565715
0.019171089
0.044601284
0.06093235
0.02526966
0.051235527
0.03293192
0.06565839
0.07897516
0.05024487
0.051352385
0.06612121
0.08606313
0.05952971
0.04710895
0.10469009
0.12432228
0.040933643
0.04463507
0.038637403
0.05174026
0.09021501
0.09514808
0.07258653
0.022023698
0.05024192
0.087406114
0.03732707
0.062335197
0.0948987
0.043595362
0.016707307
0.05451179
0.08274227
0.06320837
0.07812656
0.07584395
0.07368596
0.032766696
0.012010211
0.05837237
0.07059549
0.06645725
0.043564603
0.020179885
0.04835009
0.09594656
0.07083198
0.044591244
0.07620507
0.100879215
0.100565106
0.03989505
0.0071292114
0.052386194
0.09243452
0.12507081
0.11142149
0.06272275
0.061798245
0.025800122
0.0036801174
0.011492723
0.06618484
0.09302142
0.067431025
0.053892247
0.0702596
0.052339662
0.0075472393
0.07225694
0.08901717
0.07067528
0.041229036
0.01231118
0.041134335
0.040462133
0.053735036
0.056278016
0.090116024
0.11408884
0.062353466
0.06341648
0.08257746
0.13940176
0.11055887
0.020383297
0.060369298
0.04919985
0.029564016
0.024159191
0.005426131
0.029497888
0.044400454
0.043557204
0.06072901
0.07177884
0.04976773
0.05276204
0.03589184
0.06930129
0.024506098
0.04887198
0.037048887
0.040254764
0.06709334
0.08278421
0.036941275
0.09020217
0.15685189
0.08870192
0.014189691
0.011643191
0.04759735
0.08206966
0.055491515
0.09808851
0.09711135
0.06761192
0.055809803
0.045746792
0.029426571
0.042522967
0.025942812
0.04428496
0.032233793
0.049798913
0.046481825
0.08111969
0.05653429
0.07322887
0.10459435
0.108927935
0.04656433
0.015289954
0.01216125
0.022142611
0.016866425
0.029301768
0.052321505
0.043449108
0.042519394
0.067265734
0.050718762
0.12558025
0.0802512
0.029011117
0.06950575
0.0690095
0.023268715
0.022657061
0.027744263
0.07098435
0.06130332
0.044256914
0.08971031
0.08919107
0.1145504
0.094854005
0.10463037
0.07844001
0.037818793
0.06624314
0.030280044
0.040006857
0.04127038
0.05124254
0.036703013
0.04670741
0.042021975
0.025975669
0.04780806
0.06344049
0.08649017
0.054548364
0.01629763
0.04086438
0.031306226
0.039799593
0.08348153
0.0808603
0.08623438
0.07264989
0.076175265
0.0633677
0.033888116
0.042029776
0.024526438
0.08350026
0.09174273
0.047570582
0.092195645
0.09937393
0.058988854
0.045025088
0.04618822
0.02547654
0.06760543
0.10386041
0.06844659
0.02014415
0.01833623
0.04138662
0.022350242
0.0280571
0.056568243
0.084991574
0.14664754
0.14966108
0.117613785
0.09790307
0.06930349
0.014803553
0.052393794
0.036296055
0.046373915
0.044767454
0.032867294
0.03887855
0.04195073
0.06133307
0.023599466
0.063368045
0.055047963
0.029444316
0.014718785
0.02118065
0.023768071
0.0129694175
0.06490592
0.07576485
0.04601484
0.14453815
0.13223293
0.08773316
0.11305174
0.114915
0.09872245
0.084727496
0.05964287
0.07131279
0.029925782
0.070589155
0.060278583
0.010682513
0.03369444
0.07498436
0.054955933
0.019369679
0.048826437
0.0701083
0.12032374
0.1197796
0.08796338
0.097373724
0.0141651165
0.09024001
0.095175035
0.022509234
0.10977408
0.119080484
0.039207894
0.042545218
0.053068485
0.010025641
0.03245514
0.05483771
0.0556288
0.028024543
0.06129814
0.07055888
0.0473966
0.066493236
0.029678369
0.024509106
0.033162832
0.015328838
0.010726353
0.0067748926
0.03297847
0.041143972
0.035392787
0.05563628
0.0057944404
0.046196505
0.052331693
0.026735585
0.0104456125
0.014493072
0.03866908
0.08543028
0.060736798
0.09343553
0.14400469
0.087861046
0.055904444
0.04819117
0.082844764
0.11894567
0.106520504
0.086335585
0.056693748
0.06818452
0.07798845
0.021691466
0.056928392
0.091866955
0.08532744
0.048311498
0.04450679
0.081131525
0.10629685
0.10728075
0.060755566
0.04848779
0.052340038
0.092532545
0.15672106
0.11940993
0.034642477
0.04041077
0.06908684
0.016466245
0.056109037
0.06784878
0.035368014
0.094133064
0.08299289
0.1271145
0.081253916
0.08728517
0.08634467
0.041559353
0.13698575
0.09359606
0.044204533
0.10119766
0.07599052
0.07266381
0.07533057
0.038024202
0.05515767
0.065633275
0.057313703
0.074271135
0.11221822
0.13652243
0.10007262
0.0875904
0.041692946
0.045693308
0.02733259
0.042398904
0.05286781
0.083912164
0.009222431
0.025731217
0.009054648
0.021648573
0.065360434
0.07278735
0.09129737
0.14293286
0.14000812
0.14003073
0.12079919
0.04101764
0.06591763
0.082946286
0.13108373
0.15610802
0.07746855
0.055878986
0.061145708
0.041106682
0.06657807
0.090800814
0.13879976
0.11471707
0.033098705
0.02124137
0.074550815
0.059440717
0.029051209
0.023195244
0.11180237
0.15540166
0.07206388
0.08290002
0.085468255
0.0011076644
0.09768578
0.12464508
0.09022808
0.024612103
0.08068247
0.12726407
0.062674455
0.0350924
0.042261332
0.0642435
0.05118623
0.08588808
0.09724753
0.057216033
0.12779902
0.05514186
0.11818702
0.18133971
0.17911504
0.1367679
0.050010044
0.036455464
0.007548964
0.028630601
0.05842806
0.10345103
0.13429433
0.099801466
0.08052105
0.062916666
0.09885624
0.046020113
0.027296443
0.070525415
0.035067387
0.01406252
0.030071579
0.054854836
0.08583535
0.10120845
0.100380406
0.06885923
0.04717379
0.10193238
0.04294729
0.010296338
0.04593274
0.10178379
0.13297255
0.06989971
0.14459163
0.19976671
0.1335936
0.05039409
0.12784205
0.13267782
0.026829192
0.083626
0.044214435
0.069105566
0.08196138
0.075443126
0.051997222
0.010798688
0.03462929
0.04764962
0.058166858
0.09628003
0.086967185
0.09313665
0.063274845
0.014440901
0.045929823
0.048062056
0.015432367
0.07992922
0.08666983
0.05949252
0.08721466
0.11199055
0.11364121
0.09849234
0.11047316
0.12789564
0.09595026
0.07221181
0.1073268
0.09709653
0.060476013
0.017800998
0.08634243
0.10138899
0.057539903
0.055696853
0.024998967
0.058407605
0.077347435
0.086067684
0.027014107
0.07145318
0.058111936
0.028863614
0.092375234
0.10189907
0.081238404
0.05042054
0.058284678
0.07753315
0.081973895
0.091283664
0.06791537
0.0051560886
0.028032469
0.07741821
0.047235955
0.026852116
0.04655057
0.052709535
0.09787317
0.052480016
0.044881307
0.08664381
0.07718112
0.042060222
0.06964734
0.06657654
0.03849523
0.013056217
0.06608183
0.023941169
0.08802165
0.09887383
0.11587639
0.10941944
0.07115689
0.09398549
0.06492851
0.020755658
0.0679658
0.0506222
0.080709085
0.08619112
0.078782864
0.09660902
0.07329141
0.0411101
0.038637992
0.07579992
0.012145201
0.08992886
0.09941244
0.025435163
0.09423444
0.080056034
0.024498452
0.07870863
0.055189952
0.06968367
0.032021068
0.07331171
0.09973639
0.11807452
0.03622722
0.03865716
0.044265926
0.032501176
0.012566078
0.07429594
0.095880784
0.062469784
0.033635918
0.0139748305
0.037281375
0.012356998
0.053304087
0.13012384
0.17030893
0.17579442
0.15314358
0.13803628
0.0800489
0.036815483
0.045353726
0.012106795
0.036043584
0.083747804
0.005464556
0.060076952
0.06281761
0.08008753
0.038009256
0.06572615
0.069159195
0.09746732
0.10864271
0.07356787
0.046453204
0.07934316
0.08103495
0.036619123
0.025145436
0.112935364
0.12304221
0.038749985
0.059481133
0.09509732
0.08549725
0.03966118
0.0649588
0.043120854
0.07483777
0.06825885
0.05900872
0.006553831
0.05321534
0.049206685
0.069526985
0.09134591
0.046207916
0.025163898
0.016894799
0.047891717
0.027311074
0.09345517
0.0820995
0.017665356
0.027105514
0.02635367
0.10644971
0.10530615
0.08006805
0.03700234
0.0817147
0.120767504
0.08301877
0.11883013
0.07400185
0.070733584
0.015965192
0.06101941
0.06207621
0.03888002
0.028545422
0.053961005
0.038047217
0.013701639
0.033983827
0.06273358
0.038500797
0.05483141
0.079879105
0.061380524
0.043214798
0.078227
0.08267275
0.018414224
0.019168247
0.05207232
0.060145177
0.03424273
0.03395925
0.064335205
0.080348425
0.014340663
0.066280626
0.03510438
0.11664982
0.14812483
0.03700851
0.033459608
0.025025975
0.03147564
0.11967726
0.114930436
0.053745463
0.056775976
0.1091459
0.08545037
0.07839654
0.0968919
0.12870821
0.105517544
0.015399838
0.04052213
0.024550842
0.037822664
0.05187583
0.06607976
0.022020377
0.03687061
0.061928086
0.058172
0.067687735
0.12422693
0.13259135
0.12882924
0.14612757
0.10998617
0.10046697
0.08442865
0.05071969
0.048683625
0.101380795
0.095150426
0.043532513
0.07233535
0.0979916
0.0499833
0.049192704
0.08198147
0.09735435
0.025101835
0.07142026
0.13573644
0.10087073
0.07609093
0.14769696
0.077384405
0.04620759
0.038905036
0.026367797
0.052297506
0.07011324
0.021924188
0.07847382
0.11735983
0.09603127
0.0901839
0.049921807
0.09802876
0.071207404
0.058966078
0.10542437
0.12899995
0.1484732
0.16489518
0.15356696
0.04070464
0.07789731
0.074594684
0.022339763
0.03627677
0.03168923
0.018463312
0.07400763
0.11779248
0.03065623
0.06461228
0.08766283
0.03812916
0.041164126
0.069257826
0.02693976
0.076609366
0.07660939
0.04139009
0.07985884
0.07423145
0.008179981
0.024302684
0.044199757
0.105166234
0.120914735
0.07510785
0.07583117
0.10123432
0.076077044
0.12044186
0.1238826
0.052201074
0.023270207
0.037355572
0.06276089
0.052736405
0.03900327
0.04463522
0.04193798
0.086751774
0.0940332
0.052805558
0.055626262
0.06523948
0.06749939
0.078222506
0.118554495
0.087009124
0.074833
0.04261013
0.034986235
0.039495256
0.032314774
0.052144036
0.022077756
0.055525932
0.11214809
0.14117028
0.10553576
0.07667103
0.03008974
0.07688453
0.08045029
0.01796928
0.1224156
0.15113248
0.07673267
0.04409419
0.09908721
0.084869154
0.016483393
0.07224518
0.08899859
0.11839012
0.10018997
0.036079753
0.03230771
0.02789523
0.033184186
0.02555477
0.033817615
0.058271173
0.06735365
0.13080288
0.10263884
0.014748447
0.06294829
0.048397716
0.046476096
0.09513587
0.10469752
0.03858222
0.017908389
0.036015086
0.08887942
0.13886602
0.084844515
0.055929717
0.062693104
0.062658936
0.08005926
0.06181301
0.040403236
0.053144302
0.1047219
0.0733913
0.07491889
0.063268855
0.066075765
0.050437443
0.089812174
0.0419105
0.07246634
0.07987084
0.047884252
0.043835845
0.0700663
0.0711747
0.03872836
0.0836813
0.08994869
0.029097594
0.04343627
0.037675
0.03972347
0.014386604
0.051133193
0.09235488
0.06488164
0.048429072
0.06460807
0.05811859
0.012959734
0.05836466
0.01908945
0.04618466
0.06130743
0.06388665
0.09935769
0.057944037
0.04503166
0.045517627
0.008069677
0.037626248
0.048561204
0.04008118
0.050120283
0.039342623
0.020060703
0.024101755
0.021912033
0.048559193
0.049314767
0.049894407
0.029288337
0.012328103
0.026230969
0.0411485
0.048927244
0.039828215
0.0509104
0.037535347
0.008181083
0.003414932
0.043519992
0.031772148
0.029941464
0.03307831
0.03317332
0.025737414
0.008841688
0.05056543
0.05037104
0.013633428
0.037841115
0.018439434
0.009389226
0.027848976
0.04610144
0.012310679
0.03724126
0.025635991
0.05473452
0.06853029
0.040860027
0.019988094
0.06903554
0.07632626
0.052995056
0.029028606
0.047207605
0.023540843
0.033444736
0.014449144
0.036359977
0.078297414
0.06406298
0.04720613
0.06382256
0.07051617
0.06979079
0.053827394
0.05616392
0.056071915
0.036319416
0.014715041
0.017210886
0.042318158
0.068131596
0.06545209
0.06826079
0.06611523
0.043364316
0.036503043
0.028425135
0.030203437
0.02949325
0.030718358
0.026007105
0.047526542
0.031604856
0.028737219
0.039727442
0.056141328
0.043917213
0.023405176
0.044176735
0.02314663
0.017132001
0.023609493
0.0199492
0.08303466
0.09551121
0.047300417
0.021267008
0.023990333
0.0041361665
0.031090697
0.05655225
0.056472518
0.041893154
0.017856264
0.020939814
0.04432318
0.091322266
0.07067144
0.027107991
0.05404271
0.06026896
0.05842465
0.052352846
0.035881404
0.049659047
0.040372398
0.056970906
0.068013914
0.06599245
0.028763406
0.009413635
8.8175613E-4
0.012447726
0.026731169
0.046385076
0.09415073
0.13721682
0.0
0.0
0.0
0.0030518146
-0.0030517967
0.0
0.0
0.0
0.0
0.0030516528
0.0
0.0
0.0030515236
0.0
0.0
0.0
0.003051301
0.0030512363
0.0
0.003051096
0.0
0.0
0.0
0.003050773
0.003050683
0.0030505897
0.0
0.0
0.0030502882
0.0030501804
0.0
0.0
0.0
0.0030497136
0.0030495878
0.0030494586
0.0
0.0
0.0030490493
0.0
0.0
0.0030486076
0.0030484532
0.0030482954
0.0
0.0030479687
0.0030478002
0.0030476279
0.0
0.0
0.0030470896
0.0030469028
0.0
0.0
0.0
0.0
0.0
0.0
0.0030454963
0.0030452812
0.0
0.00304484
0.0
0.0030443843
0.0
0.0
0.0
0.0
0.0
-0.0030429321
0.0
-0.0030424194
-0.0030421577
0.0
-0.0060832473
-0.0030413512
-0.0030410753
-0.0060815914
-0.006081025
-0.006080452
-0.006079871
-0.0060792835
-0.006078689
-0.0060780873
-0.003038739
-0.003038431
-0.006076239
-0.0030378043
-0.0030374855
-0.0030371633
-0.0030368373
-0.0030365079
-0.003036175
-0.0030358385
-0.0030354983
0.0
-0.006069615
-0.0060689137
0.0
-0.0030337449
-0.0030333833
-0.0030330184
-0.0030326499
-0.003032278
-0.0030319025
-0.0030315232
-0.0030311407
-0.0030307544
-0.0030303646
-0.0060599428
-0.0030295746
0.0
-0.0030287702
0.0
-0.0030279518
-0.0030275374
0.0
-0.006053395
-0.006052545
-0.0060516875
-0.0030254116
-0.006049952
-0.0060490733
-0.003024094
-0.0030236477
-0.0030231979
-0.0030227446
-0.0030222875
-0.0030218272
-0.0030213632
-0.0060417918
-0.0030204249
-0.0030199504
-0.0060389447
-0.0030189909
-0.0060370117
-0.0030180172
-0.0030175252
-0.0030170297
-0.006033061
-0.009048084
-0.003015522
-0.0090450365
-0.009043498
-0.009041947
-0.0030134625
-0.003012939
-0.009037235
-0.0030118811
-0.006022694
-0.0030108094
0.0
-0.0030097237
-0.0030091756
0.0
-0.003008069
-0.0030075102
-0.0030069482
0.0
0.0
-0.0030052413
0.0
-0.0030040857
-0.0030035027
0.0
-0.0030023265
-0.006003466
-0.0030011362
-0.0030005358
-0.005999864
-0.0059986496
-0.008996142
-0.0059962
-0.0059949644
-0.005993722
-0.0059924726
-0.0059912167
-0.0059899534
-0.0059886836
-0.00898111
-0.005986123
-0.002992416
-0.0059835347
-0.002991115
-0.0029904593
0.0
-0.005978275
-0.005976943
0.0
-0.0059742583
0.0
-0.005971546
-0.0059701796
-0.005968806
-0.0059674256
-0.0059660384
-0.0059646447
-0.005963244
-0.0059618363
-0.0059604216
-0.0059590004
-0.0059575723
-0.005956137
-0.0059546954
-0.0059532467
-0.005951791
-0.0059503284
-0.0059488593
-0.005947383
0.0
-0.005944411
-0.0059429146
-0.005941411
-0.005939901
-0.005938384
-0.0059368606
-0.00593533
0.0
-0.0059322487
-0.002965349
-0.0029645702
-0.005927576
-0.005926005
0.0
-0.0029614212
0.0
-0.0029598265
-0.005918048
-0.005916436
-0.0029574088
-0.0059131924
-0.0029557804
0.0
0.0
0.0
0.0
-0.0029516502
0.0
0.0
0.0
0.005896571
-0.002947436
0.0
0.0
0.0
0.0
0.0
0.0
-0.0029413959
0.0029405195
0.00293964
0.0029387572
0.0058757416
0.0
0.0
0.0029351923
0.0029342927
0.00586678
0.0058649676
0.0029315744
0.0058613233
0.005859491
0.0
0.005855807
0.005853955
0.0058520967
0.0058502313
0.0
0.0058464813
0.0058445963
0.005842705
0.005840807
0.005838902
0.0
0.0
0.0058331494
0.0
0.005829281
0.0
0.005825387
0.0
0.0
0.0058194962
0.00581752
0.0
0.0058135474
0.0
0.0
0.0
0.005805524
0.005803502
0.0058014737
0.005799439
0.0057973973
0.0057953494
0.0
0.0
0.005789167
0.005787093
0.005785013
0.0057829265
0.005780834
0.005778734
0.0057766284
0.005774516
0.0057723974
0.0057702726
0.005768141
0.005766003
0.005763859
0.005761708
0.005759551
0.0057573877
0.005755218
0.0057530417
0.0057508596
0.0
0.0
0.005744274
0.002871033
0.005739852
0.005737631
0.0057354043
0.005733171
0.008596398
0.0057286858
0.002863217
0.008586263
0.0
0.00285982
0.0028586814
0.0028575396
0.0057127895
0.0028552467
0.0028540955
0.0028529412
0.0028517838
0.0028506233
0.0028494596
0.0028482927
0.002847123
0.00284595
0.002844774
0.0028435946
0.0
0.0
0.0028400384
0.0
0.002837652
0.0028364544
0.0
0.0028340495
0.0
0.0
0.0
0.0028292031
0.0
0.0
0.002825536
0.0
0.002823076
0.0028218413
0.0028206035
0.002819363
0.0028181192
-0.0028168724
0.0028156226
0.0028143697
0.0
0.002811855
0.002810593
0.0028093278
0.0028080598
0.0028067888
0.0
0.0028042379
0.0028029578
0.0
0.0028003885
0.0
0.0027978073
0.0055930247
0.0
0.0
0.0
0.0
-0.0027899921
0.0027886792
0.0027873632
0.0
0.005569445
0.0
0.0027820698
0.0027807392
0.0027794056
0.0027780689
0.0027767292
0.0027753867
0.0
0.0027726928
0.0
0.0
0.0
0.0
0.0027659065
0.0027645405
0.0027631717
0.0027617998
0.0
0.0
0.0
0.0027562834
0.002754897
0.0027535078
0.0
0.0027507208
0.0
0.0027479222
0.0027465185
0.0
0.0
0.0027422903
0.0
0.0
0.0027380362
0.0027366127
0.0027351861
0.0027337568
0.0
0.0
0.0027294515
0.0
0.0
0.0027251206
0.0
0.0027222193
0.0027207646
0.0027193069
0.0027178463
0.0027163832
0.002714917
0.0027134481
0.0027119764
0.002710502
0.0027090246
0.0
0.0
0.0027045761
0.0027030879
0.0
0.0027001027
0.002698606
0.0026971065
0.0026956042
0.0026940994
0.0026925916
0.0
-0.002689568
0.0
0.0
-0.002685012
0.0
-0.002681961
0.0
0.0
0.002677364
0.0026758262
-0.0053485716
0.0026727428
0.0026711968
0.0026696483
0.0
0.0
0.0
0.0
0.0
0.0
0.0026587334
0.0
-0.0026555907
0.0
0.0
-0.002650857
-0.0026492737
-0.0026476877
-0.002646099
0.0
-0.0026429142
-0.0026413177
0.0
0.002638117
0.0
0.0
0.0
0.0
0.0
0.0
0.0
-0.0026252095
0.0
0.0026219566
0.0
0.0
0.002617058
0.0
0.0
0.0
0.0
-0.0026088424
-0.0026071917
0.0
-0.0026038825
0.0
0.0
-0.0025988996
-0.0025972337
0.0
0.0
0.0
0.0
-0.0025888658
0.0025871848
0.0
0.0
0.0
0.0
0.0
0.002577046
0.0
-0.0025736466
-0.0025719432
0.0
0.0
0.0
0.002565105
0.0
0.0
0.0025599506
0.0
-0.0025565021
0.0025547743
0.0
0.0
-0.002549576
-0.0025478385
0.0
-0.0025443563
-0.0025426117
-0.0025408645
-0.002539115
-0.005074726
-0.0025356088
-0.0025338521
-0.002532093
-0.0025303317
-0.0025285678
-0.0025268018
-0.0025250332
-0.0025232625
-0.0050429786
-0.0025197137
-0.0025179358
0.0
-0.002514373
-0.0025125882
0.0
0.0
-0.0025072198
-0.0025054256
-0.0025036293
0.0
-0.0025000295
0.0
0.0
-0.0024946127
-0.0024928025
-0.00249099
-0.0024891752
-0.0024873582
-0.002485539
-0.0024837174
0.0
-0.0024800678
-0.0024782394
-0.0024764088
-0.0024745762
-0.002472741
-0.002470904
0.0
-0.002467223
0.002465379
0.0
-0.0024616846
-0.002459834
-0.004915963
0.0
-0.0024542694
-0.0024524103
-0.0024505488
0.0
-0.0024468193
-0.0024449513
0.0
0.0
0.0
-0.002437458
0.0
-0.0024336984
-0.0024318153
-0.0024299303
-0.002428043
0.0
0.0
-0.0024223684
-0.0024204727
0.0
-0.0024166747
-0.0024147728
-0.0024128687
0.0
0.0
0.0
0.0024052311
-0.0024033168
0.0
-0.0023994814
0.0
0.0
0.0
0.0
0.0
0.0
0.0
0.0
-0.0023821215
0.0
0.0
-0.0023762984
0.0
0.0
0.0
0.0
0.0
0.0
0.0
0.0
0.0023587213
0.0023567586
0.0
0.002352827
0.0023508584
0.0
0.002346915
0.0
0.0
0.0046819714
0.0023390055
0.0
0.0
0.0
0.0
0.0
0.0
0.0
0.0
0.0023210973
0.0
0.0
0.0
-0.002313089
0.0
0.0
0.0
0.0
0.0
0.0023010215
0.0
0.004593969
-0.002294963
0.0
0.0
0.0
0.0
0.0
0.0
0.0
0.0
0.0
0.0
-0.00227261
0.0
0.0
-0.0022664766
0.0
0.0
-0.0022603276
0.0
0.0
0.0
0.0
0.0
0.0
0.0
0.0
0.0
0.0
0.0
0.0
0.0
0.0
0.0
0.0
0.0022251923
0.0
0.0
0.0
0.0
0.0
0.0
0.0
0.002208492
0.0044127945
0.0
0.0
0.0022001031
0.0021980018
0.0
0.0
0.0
0.0
0.0
0.0
0.0
0.0
0.0
0.0
0.0
0.0
0.0021705441
0.0021684214
0.0
0.0
0.0
0.0
0.0
0.0
0.0
0.0
-0.0042984956
-0.00429422
0.0
0.0
0.0
0.0
-0.004272798
0.0
0.0
0.0
0.0
0.0
0.0
0.0
0.0
0.0
0.0
0.0
0.0
0.0
0.0021062198
0.0021040535
0.002101886
0.0020997173
0.0020975473
0.0020953757
0.002093203
0.0020910287
0.0
0.0020866764
0.0020844983
0.0020823188
0.0
0.0
0.0
0.0020735878
0.0020714018
0.0
0.0020670262
0.0
0.0
0.002060453
0.0
0.0
0.0020538683
0.0
0.004098945
0.0
0.0
0.0020428693
0.0020406658
0.0020384612
0.0
0.0020340483
0.0
0.0
0.0
0.0
0.002022995
0.0020207807
0.0
0.0020163488
0.0
0.0
0.0020096924
0.0
0.002005249
0.0
0.0
0.0019985756
0.0019963488
0.0
0.0
0.0039793244
0.0
0.0
0.0
0.001980731
0.0019784956
0.0019762593
0.003948043
0.0019717831
0.0039390866
0.0
0.0
0.0
0.0
0.0019583295
0.0
0.0019538368
0.0019515889
0.0
-0.0019470901
0.0
0.0
0.0019403347
-0.0019380808
0.0
0.0
0.0
0.0
0.0
0.0019245378
0.0
0.0019200159
0.0019177536
0.0019154903
0.0
0.001910961
0.001908695
0.0
0.0
0.0
0.0
0.0
0.0
-0.001892808
0.0
0.0
0.0
0.0018837107
0.0
-0.0018791569
0.0
0.0
-0.0018723201
0.0
0.001867758
0.0
-0.0018631929
0.0
0.0
0.0
0.0
0.0
0.0
0.0
-0.0018449007
-0.0018426107
0.0
-0.003676057
0.0
0.0
0.0
0.0
-0.0018265604
0.0
0.0018219681
-0.0018196709
-0.0018173731
-0.0018150745
-0.0036255505
-0.0018104754
-0.0018081748
0.0
-0.0018035716
0.0
-0.0017989659
0.0
0.0017943576
-0.0017920524
0.0
-0.0017874404
-0.0017851334
-0.0017828258
-0.0017805176
-0.0017782088
-0.0035517989
-0.0017735894
-0.0017712789
-0.0035379354
-0.0017666561
-0.0017643437
-0.0017620309
0.0
-0.0035148072
-0.001755089
-0.0017527741
-0.0017504585
-0.0017481424
-0.0034916515
-0.0017435086
-0.001741191
-0.0017388728
-0.0017365542
0.0
-0.0017319154
0.0
0.0017272747
0.0
-0.0017226321
-0.0017203101
-0.0017179876
0.0
-0.0017133413
0.0
-0.0017086933
-0.0017063686
-0.0017040435
0.0
0.0
-0.0016970658
-0.001694739
-0.0016924118
-0.0016900843
-0.0016877564
0.0
0.0
0.0
0.0
-0.0016761112
-0.0033475622
-0.0016714507
0.0
0.0
0.0
-0.0016621253
-0.0016597933
0.0
0.0
0.0
-0.0016504617
-0.001648128
-0.0016457941
-0.0016434599
-0.0032822508
0.0
0.0
-0.0016341202
-0.0016317847
0.0
-0.0016271129
0.0
-0.0016224402
-0.0016201034
-0.003235533
-0.0032308586
-0.0032261838
-0.0032215086
-0.0032168329
-0.0016060785
-0.0016037404
-0.001601402
-0.0031981268
-0.0031934495
-0.0015943858
-0.0015920468
-0.0031794154
-0.0015873683
-0.0015850288
-0.0015826892
-0.0015803494
-0.0015780096
-0.0015756695
-0.0015733294
-0.0015709891
-0.0015686488
-0.0015663084
-0.0015639679
-0.0031232545
-0.0015592865
-0.0031138915
-0.0031092097
-0.001552264
-0.003099846
-0.0030951637
-0.0015452408
-0.0030857993
-0.0015405584
-0.0015382172
-0.003071752
-0.0030670695
-0.0015311934
-0.0030577043
-0.0030530216
-0.0015241695
0.0
0.0015194869
0.0
0.0
0.0
0.0
0.0
0.0
-0.0015030985
0.0
0.0
0.0
0.0
0.0
0.0014890534
0.0014867128
0.0014843723
0.0
0.0014796916
0.0
0.0
0.0014726714
0.0
0.001467992
0.0014656524
0.0
0.0
0.0
0.0
0.0
0.0
0.0
0.0014469415
0.0014446034
0.0
0.0014399278
0.0014375903
0.0
0.001432916
0.0014305791
0.0
0.0
-0.00142357
0.0
0.0
0.0
0.0014142278
0.0
0.0014095583
0.001407224
0.0014048899
0.0014025561
0.0014002225
0.0013978893
0.0
0.0
0.0013908916
0.0013885596
0.0
0.0013838967
0.0027631314
0.0013792351
0.0013769048
0.0013745748
0.0027444905
0.001369916
0.0013675871
0.0013652586
0.0
0.0013606028
0.0
0.0013559485
0.001353622
0.0013512959
0.0013489701
0.0
0.0026886398
0.0013419954
0.0013396714
0.0
0.0013350247
0.002665404
0.0026607595
0.0026561162
0.0013257368
0.0013234159
0.0013210955
0.0
0.0013164562
0.0026282747
0.001311819
0.002619002
0.0026143673
0.0013048667
0.0013025504
0.0026004692
0.0012979193
0.0012956045
0.0012932903
0.0012909767
0.0012886636
0.0
0.001284039
0.0012817276
0.0012794167
0.0012771065
0.0
0.0
0.0012701792
0.0
0.0
-0.0012632573
-0.0012609513
0.0
0.0
0.0
0.0
0.0
0.0
0.0
0.0
0.0
0.0
0.0
0.0012333288
0.0
0.0
0.0012264384
0.001224143
0.0012218483
0.0012195542
0.001217261
0.0012149684
0.0012126766
0.0
0.0
0.0
0.0
0.0
0.0
0.0
0.0011943692
0.0011920842
0.0011898
0.0011875165
0.0011852339
0.0
0.0
-0.0011783909
-0.0011761115
0.001173833
0.0011715553
0.0
0.0
-0.0023294543
0.0
-0.0023203585
-0.0011579067
-0.0011556349
-0.0011533641
0.0
-0.0011488249
0.0
0.0
-0.0011420228
-0.0011397572
0.0
0.0
0.0
0.0
0.0
0.0
0.0
0.0
0.0
0.0
0.0
0.0
0.0
0.0011081374
0.0
0.0
0.0
0.0
0.0
0.0
0.0
0.0
0.0
-0.002171338
0.0
0.0
0.0
0.0
0.0
0.0
0.0
0.0
0.0
0.0
0.0
0.0
0.0
0.0
0.0
0.0
0.0
0.0
-0.002086538
-0.0010410484
-0.002077658
0.0
0.0
-0.0010321777
0.0
0.0
-0.0010255369
0.0
0.0
-0.0010189067
0.0
-0.002028985
0.0
0.0
0.0
0.0010056787
0.0
0.0
0.0
0.0
0.0
0.0
0.0
0.0
0.0
-9.837304E-4
0.0
0.0
0.0
0.0
0.0
0.0
-9.684423E-4
0.0
-9.64086E-4
0.0
0.0
0.0
0.0
0.0
0.0
0.0
0.0
0.0
0.0
9.40222E-4
0.0
9.3590084E-4
9.337423E-4
0.0018631704
9.294295E-4
9.272752E-4
9.251223E-4
9.229708E-4
9.2082075E-4
9.1867207E-4
9.165249E-4
9.143791E-4
9.1223477E-4
0.0018201837
9.0795045E-4
9.0581045E-4
0.0018073438
0.0
8.993992E-4
0.0017945303
0.0
8.930013E-4
8.908717E-4
8.887435E-4
8.866168E-4
8.8449166E-4
8.82368E-4
8.802459E-4
0.0
0.0
0.0
0.0
8.696581E-4
0.0
0.0
8.633239E-4
0.0
0.0017182179
8.570038E-4
8.549002E-4
8.527982E-4
8.506978E-4
8.48599E-4
0.0
8.4440614E-4
8.423121E-4
0.0
8.3812897E-4
0.0
8.339522E-4
8.318663E-4
8.29782E-4
0.0
8.2561834E-4
8.23539E-4
8.214613E-4
0.0
8.173109E-4
8.1523816E-4
0.0
8.110978E-4
0.0
8.069641E-4
0.0
0.0
0.0
7.9871714E-4
7.966597E-4
7.946039E-4
0.0015850997
7.904975E-4
7.88447E-4
7.8639813E-4
0.0
0.0
0.0
0.0
0.0
0.0
0.0
0.0
7.6803745E-4
0.0
7.639768E-4
7.6194917E-4
0.0
7.5789925E-4
0.0
0.0
0.0
0.0
0.0
0.0
0.0
7.4177247E-4
0.0
7.3775917E-4
0.0
0.0
7.317531E-4
0.0
0.0
7.2576385E-4
0.0
0.0
0.0
-7.178046E-4
-7.1581954E-4
0.0
0.0
0.0
0.0
-7.059229E-4
0.0
0.0
0.0
0.0
0.0
0.0
0.0
0.0
0.0
6.8627496E-4
0.0
6.82369E-4
6.804189E-4
0.0
6.765249E-4
0.0
6.7263877E-4
0.0
0.0
6.6682475E-4
0.0
0.0
0.0
6.59101E-4
0.0
0.0
6.533296E-4
0.0
0.0
0.0
0.0
0.0
0.0
0.0
-6.3803E-4
-6.361269E-4
0.0
6.32327E-4
6.304302E-4
6.285355E-4
6.2664296E-4
0.0
6.228641E-4
-6.2097795E-4
0.0012381877
6.172119E-4
6.153321E-4
6.1345444E-4
0.0
0.0
6.078344E-4
0.0018178959
6.0409843E-4
0.0
6.0037116E-4
5.9851084E-4
0.0
5.947967E-4
5.929429E-4
5.910913E-4
0.0011784838
5.873947E-4
5.8554974E-4
5.8370695E-4
5.818664E-4
5.800281E-4
0.001156384
5.763581E-4
5.745265E-4
0.0011453942
5.7086995E-4
5.690451E-4
5.672224E-4
0.0
0.0
0.0
0.0
5.5814313E-4
5.563341E-4
0.0
0.0
5.5092067E-4
0.0
0.0
0.0
0.0
5.419443E-4
0.0
5.3836993E-4
0.0
5.348049E-4
5.330258E-4
5.3124916E-4
5.294748E-4
0.0
0.0
5.241658E-4
0.0010448018
0.0010412766
0.0010377562
0.0
0.0
5.1361165E-4
0.0
5.101126E-4
5.0836673E-4
0.0
0.0
0.0
-5.0140696E-4
0.0
0.0
-4.962125E-4
0.0
-9.855232E-4
0.0
4.893205E-4
0.0
4.858891E-4
0.0
4.824675E-4
4.8076038E-4
-4.7905574E-4
0.0
4.7565385E-4
0.0
-4.7226183E-4
-4.7056953E-4
-4.6887973E-4
-4.671924E-4
0.0
4.6382527E-4
4.6214546E-4
-4.6046812E-4
0.0
-4.57121E-4
-4.5545123E-4
0.0
-4.5211922E-4
-4.50457E-4
0.0
-4.471402E-4
-4.4548558E-4
-8.8766706E-4
-4.42184E-4
0.0
-4.3889263E-4
0.0
0.0
0.0
0.0
0.0
0.0
-4.2745366E-4
0.0
4.242086E-4
0.0
0.0
0.0
4.1774963E-4
4.161414E-4
0.0
0.0
0.0
0.0
-4.0813952E-4
-4.0654704E-4
-4.0495716E-4
0.0
0.0
-4.0020343E-4
-3.9862416E-4
0.0
-3.9547356E-4
0.0
0.0
0.0
0.0
-3.876437E-4
0.0
0.0
0.0
0.0
0.0
0.0
0.0
0.0
0.0
0.0
3.7065445E-4
0.0
0.0
0.0
0.0
0.0
0.0
0.0
0.0
0.0
0.0
0.0
0.0
0.0
3.495084E-4
0.0
0.0
0.0
0.0
-3.4208727E-4
0.0
0.0
0.0
3.3620052E-4
0.0
3.3327393E-4
-3.3181484E-4
0.0
0.0
0.0
0.0
-3.2456167E-4
-3.2311952E-4
0.0
-3.2024368E-4
-3.1881002E-4
0.0
-3.1595124E-4
-3.145261E-4
-3.1310384E-4
-3.1168445E-4
-3.1026787E-4
0.0
-3.0744335E-4
-6.120708E-4
-3.0463032E-4
-3.032281E-4
-6.036575E-4
-3.004323E-4
-2.9903874E-4
-2.9764805E-4
-8.887808E-4
-2.9487538E-4
-2.934934E-4
-8.763429E-4
-5.814762E-4
-2.8936483E-4
-2.8799445E-4
-2.86627E-4
-5.705249E-4
-2.8390085E-4
-2.8254214E-4
-2.811864E-4
-5.596671E-4
-5.569673E-4
-2.7713669E-4
-5.5158534E-4
-2.7445157E-4
-2.7311343E-4
-2.7177826E-4
-2.7044603E-4
-5.382335E-4
-2.6779043E-4
-2.6646708E-4
-2.651467E-4
-2.6382925E-4
-5.250296E-4
-2.6120333E-4
-2.5989482E-4
-5.171786E-4
0.0
0.0
0.0
2.533971E-4
-2.5210652E-4
0.0
0.0
-4.9650564E-4
-4.939485E-4
-4.9139746E-4
-2.444262E-4
-4.8631334E-4
-4.8378034E-4
0.0
0.0
-4.7621765E-4
-4.737089E-4
0.0
0.0
0.0
0.0
0.0
-4.5878394E-4
-4.5631776E-4
0.0
0.0
0.0
0.0
0.0
-4.4164932E-4
0.0
0.0
0.0
0.0
0.0
0.0
0.0
0.0
0.0
0.0
0.0
2.0648866E-4
0.0
0.0
0.0
0.0
4.0129412E-4
0.0
0.0
0.0
0.0
0.0
0.0
0.0
-3.829258E-4
0.0
0.0
0.0
0.0
0.0
0.0
0.0
-1.8247978E-4
0.0
0.0
0.0
0.0
0.0
0.0
0.0
1.736991E-4
0.0
0.0
0.0
0.0
0.0
-1.6724721E-4
1.6618308E-4
0.0
1.6406442E-4
0.0
0.0
0.0
0.0
0.0
0.0
0.0
0.0
1.5468943E-4
0.0
0.0
0.0
0.0
0.0
0.0
0.0
0.0
0.0
-1.4457954E-4
0.0
0.0
-1.4160988E-4
-1.4062651E-4
0.0
-1.3866955E-4
-1.3769597E-4
0.0
0.0
0.0
0.0
1.3287713E-4
1.3192318E-4
1.3097253E-4
1.3002516E-4
0.0
1.2814028E-4
1.2720277E-4
1.2626855E-4
0.0
-1.2441001E-4
-1.2348569E-4
0.0
-1.2164696E-4
0.0
1.19821445E-4
1.1891366E-4
0.0
0.0
0.0
0.0
0.0
1.13536546E-4
0.0
0.0
-1.1089285E-4
-1.1001828E-4
0.0
0.0
1.0741457E-4
0.0
0.0
-1.0484092E-4
0.0
0.0
0.0
0.0
0.0
0.0
-9.8952914E-5
0.0
0.0
9.647984E-5
0.0
-9.484794E-5
0.0
-9.322953E-5
-9.2425376E-5
0.0
0.0
0.0
0.0
-8.845529E-5
0.0
0.0
0.0
-8.5340114E-5
-8.4569794E-5
-8.3802865E-5
0.0
0.0
0.0
-8.076914E-5
-8.001921E-5
0.0
-7.8529556E-5
0.0
-7.705353E-5
-7.632064E-5
0.0
-7.486509E-5
0.0
0.0
-7.270739E-5
0.0
-7.1286035E-5
-7.0580485E-5
-1.3975674E-4
-6.917968E-5
0.0
-6.7792585E-5
-6.710419E-5
-6.641923E-5
-6.57377E-5
-6.505961E-5
-1.2876993E-4
-6.371376E-5
-6.304598E-5
-6.238167E-5
-6.1720784E-5
0.0
0.0
-5.9758844E-5
0.0
0.0
0.0
-5.7191253E-5
0.0
0.0
0.0
0.0
0.0
0.0
-5.2831147E-5
0.0
0.0
-5.1014522E-5
-5.041592E-5
-4.9820796E-5
-4.9229147E-5
-4.8640974E-5
0.0
0.0
0.0
0.0
-4.57523E-5
-4.5185014E-5
-4.4621214E-5
0.0
0.0
0.0
0.0
0.0
0.0
0.0
-4.0236468E-5
0.0
0.0
-3.8649865E-5
-3.8128E-5
-3.7609636E-5
0.0
0.0
0.0
0.0
0.0
0.0
0.0
-3.3588964E-5
0.0
0.0
0.0
0.0
-3.119019E-5
0.0
0.0
0.0
2.9334506E-5
0.0
0.0
0.0
0.0
0.0
2.66567E-5
2.6222746E-5
2.5792324E-5
2.5365433E-5
2.4942075E-5
4.90445E-5
2.410596E-5
2.3693206E-5
2.3283988E-5
2.2878308E-5
2.2476166E-5
2.2077566E-5
4.3365006E-5
0.0
2.0903006E-5
4.103714E-5
2.013768E-5
1.9760335E-5
0.0
1.9016281E-5
0.0
0.0
0.0
0.0
1.7218248E-5
0.0
0.0
0.0
0.0
0.0
0.0
0.0
0.0
0.0
0.0
0.0
0.0
0.0
0.0
0.0
1.2061741E-5
0.0
1.1481268E-5
0.0
0.0
-1.0637302E-5
0.0
0.0
9.825441E-6
0.0
0.0
0.0
-8.792934E-6
0.0
0.0
8.056054E-6
0.0
-7.5826665E-6
0.0
0.0
0.0
0.0
0.0
-6.2483114E-6
0.0
-5.8321425E-6
0.0
-5.430288E-6
-5.2347305E-6
5.0427525E-6
-4.854355E-6
0.0
0.0
0.0
-4.1365797E-6
3.9660918E-6
0.0
0.0
0.0
0.0
0.0
0.0
2.8730217E-6
0.0
2.5929814E-6
0.0
0.0
0.0
0.0
0.0
0.0
0.0
0.0
3.0207138E-6
1.408006E-6
0.0
0.0
0.0
1.0344957E-6
9.5009244E-7
8.6927935E-7
0.0
0.0
0.0
0.0
0.0
0.0
0.0
0.0
0.0
0.0
0.0
0.0
0.0
0.0
0.0
6.466283E-8
0.0
0.0
1.6165792E-8
0.0
0.0
0.0
