0.5087149
0.3019075
0.18651831
0.19509445
0.35489058
0.36458528
0.11752102
0.14366202
0.37191492
0.340207
0.19654459
0.24274093
0.3219771
0.22933607
0.32992816
0.056307465
0.34814206
0.37828854
0.2720826
0.22580826
0.46295175
0.093765184
0.29250163
0.33497503
0.2707013
0.16781624
0.15676954
0.12250102
0.15206628
0.26792613
0.16107805
0.13647951
0.21759723
0.18463467
0.1654779
0.032406706
0.19768664
0.07057225
0.29995307
0.2516977
0.13975084
0.0212176
0.09880199
0.015130563
0.1219715
0.10916615
0.0416823
0.09980655
0.2201181
0.055723913
0.009445991
0.086597696
0.020285731
0.069925725
0.052450523
0.044095498
0.17907739
0.17351504
0.17269039
0.07744838
0.022506114
0.077948056
0.09745428
0.04777097
0.0831817
0.13416635
0.1959694
0.23647262
0.17685007
0.1098362
0.088868454
0.09654501
0.073714055
0.031138875
0.04951949
0.041328464
0.0037882994
0.095284045
0.17224443
0.14315829
0.051617123
0.10636974
0.0927768
0.034093484
0.15838982
0.2905114
0.11087427
0.06956552
0.018414265
0.048613258
0.10276111
0.14894491
0.14480786
0.09741636
0.14626807
0.08108457
0.022265803
0.028216157
0.013429733
0.056271184
0.095697954
0.1137575
0.17001997
0.15514633
0.07567723
0.05575875
0.13348475
0.13992968
0.14103983
0.117005795
0.056526918
0.0572473
0.1318036
0.18444008
0.106687635
0.020820221
0.032246318
0.0956989
0.09904685
0.07316444
0.0356937
0.13410123
0.20236881
0.15101868
0.08060046
0.040710207
0.05640138
0.091304205
0.13235399
0.06784983
0.07971859
0.06078648
0.07488884
0.01578288
0.07113992
0.08853226
0.15924606
0.10777435
0.027271219
0.0057417387
0.053543173
0.10679151
0.05124329
0.15176934
0.24751452
0.09028732
0.098915584
0.14638017
0.08684082
0.024686791
0.030296877
0.083699785
0.11484333
0.08620609
0.021088555
0.053248577
0.1463369
0.1335703
0.05877475
0.056350224
0.088434406
0.13604784
0.17531629
0.079245485
0.05203264
0.033255927
0.07329043
0.12416715
0.12581821
0.13176487
0.12177004
0.09619961
0.090031415
0.08347143
0.05100572
0.07928099
0.12629093
0.09582609
0.024879029
0.05680969
0.14315507
0.16837017
0.11349786
0.020037102
0.07032094
0.096860476
0.13305439
0.055123888
0.09120273
0.01633253
0.019783612
0.07751426
0.12345083
0.09877401
0.030196436
0.05958255
0.06459138
0.116371386
0.049039222
0.06959601
0.04297766
0.029528419
0.08790432
0.09166304
0.037313893
0.06070595
0.10806477
0.07561656
0.04395578
0.04539557
0.07106056
0.052064583
0.12817504
0.1788115
0.118435115
0.073492244
0.08235805
0.06439533
0.011930699
0.038016114
0.052244797
0.06554842
0.06437553
0.07375251
0.10746466
0.13900918
0.08379342
0.008313112
0.052791234
0.11009194
0.097273536
0.053700738
0.039974235
0.01745872
0.116925694
0.19910705
0.1603306
0.09492098
0.04403217
0.044315293
0.03717367
0.039507758
0.025424002
0.062788725
0.05592772
0.07343036
0.086641535
0.078815766
0.053508975
0.06475005
0.036268223
0.024780897
0.034476995
0.028136792
0.091950595
0.11386531
0.044928554
0.025734404
7.4921455E-4
0.07065618
0.08339511
0.06779425
0.08866186
0.07349296
0.043170523
0.14831236
0.13919447
0.07638988
0.07984067
0.07026251
0.04125425
0.051824268
0.06986834
0.05698034
0.03253702
0.050333306
0.050271418
0.03092262
0.095321186
0.094543636
0.028632378
0.00462279
0.035135433
0.08185503
0.055736378
0.016546935
0.057756018
0.02640274
0.04913564
0.059835523
0.0130640315
0.03482883
0.05775252
0.006979084
0.09030049
0.10642326
0.059901252
0.04927029
0.0667058
0.024243029
0.13664903
0.109729655
0.022982463
0.05586288
0.06370147
0.03207557
0.027178781
0.03720297
0.041581698
0.040591083
0.03475907
0.038780797
0.058888488
0.09179057
0.07468522
0.007997318
0.11220223
0.15507127
0.115330994
0.08568998
0.113045394
0.012579935
0.04980951
0.06412057
0.09207842
0.022888023
0.09162228
0.08273443
0.1017131
0.051174145
0.016758133
0.004188929
0.039819576
0.01918759
0.05916885
0.0847938
0.026165131
0.06316489
0.09266488
0.059691634
0.018744372
0.042871814
0.05663284
0.091714635
0.10156818
0.034330044
0.06983893
0.058130514
0.05546816
0.049497508
0.0039856653
0.051919762
0.057863705
0.074006476
0.111310706
0.09093692
0.05621957
0.047203504
0.013627963
0.032160286
0.03519254
0.020966986
0.047661796
0.04081937
0.043811493
0.036513656
0.10425675
0.15826787
0.12739329
0.08263455
0.047483936
0.055548016
0.058553137
0.02153281
0.124671675
0.053910896
0.07483009
0.03324956
0.028035082
0.04965158
0.03767387
0.058201488
0.12644918
0.09802674
0.04277761
0.070651665
0.03772667
0.055491827
0.04815079
0.06442086
0.07987801
0.04690173
0.04826823
0.054379184
0.021766257
0.032994743
0.024402281
0.03748508
0.087635204
0.12643246
0.10428024
0.07469589
0.0062232777
0.09274063
0.059686225
0.05549696
0.07802299
0.02100783
0.071595535
0.071454056
0.101506524
0.07009663
0.08704073
0.034828242
0.067100905
0.07316171
0.030326167
0.039981846
0.1183138
0.10593752
0.031764183
0.03468406
0.014441052
0.06595005
0.046218164
0.067432754
0.12576601
0.09542247
0.050099
0.074377574
0.051765293
0.083976425
0.09465338
0.084132455
0.1014733
0.08522207
0.09266783
0.08509752
0.016644118
0.0637671
0.10204443
0.06148227
0.019530738
0.01804983
0.041772597
0.08097542
0.0980586
0.036415692
0.058016658
0.06689767
0.08028483
0.056802344
0.05335165
0.04209989
0.01366739
0.10939456
0.15467142
0.041007426
0.048000734
0.04160548
0.043493174
0.10902878
0.09495215
0.07684944
0.08293827
0.080376804
0.077468894
0.10594783
0.08034841
0.034386043
0.038707014
0.06036935
0.10022883
0.048161574
0.042710412
0.060858466
0.05621512
0.04290008
0.0032793474
0.01741479
0.079272486
0.101906404
0.007610999
0.0877326
0.03252771
0.035833165
0.073054686
0.08915642
0.07693784
0.031594932
0.06178848
0.072632454
0.01983689
0.028256334
0.047970634
0.0668884
0.063543126
0.081677586
0.08734742
0.04732103
0.04696013
0.05183964
0.10427336
0.18405014
0.15498285
0.10207401
0.054824524
0.06556132
0.06716886
0.069468945
0.037411943
0.059305698
0.059468273
0.06316837
0.075030856
0.09012305
0.09432207
0.083719864
0.11176585
0.10244356
0.09945209
0.048153553
0.07935358
0.020700742
0.0734296
0.12352267
0.12955332
0.08618654
0.0271223
0.042466167
0.037298813
0.042776417
0.04767124
0.010073289
0.01501653
0.039659936
0.06046159
0.03908901
0.023887888
0.061100144
0.07588291
0.11023361
0.11187529
0.09198179
0.012176512
0.06552404
0.0650543
0.05309225
0.046768032
0.04662761
0.050133113
0.0581798
0.074083745
0.082193226
0.07640722
0.07882828
0.0938545
0.09982862
0.101926655
0.065892756
0.033539437
0.0956991
0.12530562
0.05184951
0.02776183
0.03780625
0.058053203
0.026235137
0.09266854
0.064034626
0.08957729
0.08440022
0.0476396
0.025384925
0.065025434
0.104082376
0.12091248
0.08479825
0.04848312
0.029906074
0.09384577
0.050874863
0.046850752
0.11310904
0.16218022
0.11227473
0.06521676
0.028837763
0.061055493
0.06530839
0.036992244
0.0739882
0.008951595
0.11080269
0.10503538
0.042608134
0.11412019
0.13481991
0.12106132
0.07669799
0.048808537
0.0748271
0.04709665
0.06401128
0.032002203
0.04303558
0.09038505
0.055871908
0.0345509
0.027771195
0.075395174
0.08547965
0.12975419
0.16699609
0.11819108
0.090035096
0.1522057
0.08238119
0.06419538
0.009084989
0.020611323
0.067507505
0.061773654
0.084259145
0.13555981
0.05613385
0.0997853
0.18001685
0.13322653
0.06603222
0.06500981
0.048833173
0.08714681
0.06806751
0.1136251
0.085078515
0.1134772
0.17585087
0.13984618
0.07601102
0.074565716
0.08879835
0.06967959
0.08266157
0.08485827
0.061154954
0.095380016
0.10467184
0.09627188
0.12879845
0.11350456
0.08160664
0.06303966
0.06649129
0.04487654
0.034628835
0.0411578
0.06752222
0.104785986
0.14315434
0.062997416
0.052920002
0.08788617
0.05339999
0.13661237
0.1265043
0.06202439
0.08153111
0.014759535
0.038727317
0.103695646
0.08161113
0.07507992
0.09651828
0.09698964
0.13543268
0.14092734
0.10365081
0.05246978
0.039793752
0.10727184
0.100066565
0.07828981
0.065566756
0.014468427
0.07916745
0.060032472
0.0068878266
0.032273453
0.028933907
0.05515559
0.110173054
0.08899768
0.10451374
0.055517793
0.02421274
0.06267611
0.075283974
0.07188058
0.05420382
0.09164283
0.13819164
0.0919232
0.008799019
0.03403151
0.11250462
0.09295106
0.06016894
0.033072527
0.06963806
0.11495074
0.09409061
0.049823526
0.032406732
0.03249298
0.06290291
0.028390598
0.038503543
0.06562626
0.06437415
0.0023421748
0.028235927
0.017664107
0.08203263
0.091378525
0.04119857
0.04395761
0.07993442
0.048149195
0.047927465
0.040292732
0.093630984
0.11377056
0.03160902
0.051140714
0.045420647
0.022610944
0.041905362
0.0550914
0.06449004
0.06502908
0.06471288
0.06570106
0.06660036
0.08572467
0.11446813
0.0843657
0.029897051
0.02518188
0.036895495
0.06500536
0.068989575
0.09479381
0.11630334
0.09671818
0.061112773
0.054215558
0.08907503
0.08231112
0.07935543
0.047875784
0.0023630608
0.028321736
0.057616163
0.08106235
0.044765905
0.021291807
0.02424147
0.02144677
0.055765443
0.07466768
0.04780305
0.06699213
0.07938737
0.03598992
0.066242754
0.06082548
0.05160106
0.0820847
0.090732254
0.07681244
0.085002534
0.11973642
0.08492917
0.055438068
0.01904124
0.04222332
0.03769245
0.065343335
0.07161778
0.06622384
0.113749266
0.08117121
0.06635906
0.036416873
0.0554203
0.103647366
0.09164173
0.046358436
0.029761754
0.022764202
0.029090593
0.03356751
0.07888844
0.09078587
0.07021796
0.06534695
0.0657885
0.035816807
0.06459064
0.050971005
0.03417363
0.056939434
0.10927189
0.13150407
0.076647796
0.010602179
0.029746626
0.03293086
0.032792646
0.07087737
0.021163115
0.08669054
0.08582296
0.053631403
0.017963737
0.014762218
0.009400101
0.03473169
0.063411094
0.048945095
0.06542144
0.090993375
0.050552197
0.028697548
0.037494734
0.056266185
0.081438854
0.09848748
0.04520248
0.03660374
0.020333722
0.069911204
0.05602828
0.076846406
0.05533291
0.024936536
0.052863378
0.052331164
0.009248882
0.013099566
0.041673306
0.074934565
0.1075741
0.115230076
0.071715176
0.033838876
0.030238045
0.036509003
0.04033679
0.03302182
0.038863424
0.044657547
0.060633495
0.090853855
0.11269652
0.08506804
0.06571625
0.052246377
0.041883156
0.020459808
0.040116776
0.035259753
0.05268831
0.01655735
0.041277714
0.068833716
0.047101643
0.0106275445
0.05012252
0.054681066
0.02537793
0.014862233
0.02920641
0.028101718
0.046514194
0.101719946
0.11232434
0.05013755
0.037476324
0.030993627
0.07364879
0.11073877
0.09213888
0.072257005
0.038839296
0.028402526
0.03421198
0.033577774
0.058561265
0.020823633
0.061644852
0.043960437
0.035668224
0.08775925
0.07420625
0.041724194
0.046853006
0.09185856
0.029947804
0.05775892
0.058249272
0.02508703
0.03711657
0.09354571
0.0953311
0.030136468
0.034771577
0.073301464
0.0979267
0.0533943
0.022224218
0.06803564
0.103301644
0.06427987
0.029512422
0.001770311
0.051935695
0.058452547
0.06558921
0.049710836
0.043576825
0.033251703
0.05055621
0.038506754
0.020486534
0.041053098
0.015894875
0.030500805
0.042159177
0.094458036
0.05768428
0.06305825
0.055266317
0.019789604
0.024259675
0.025676407
0.05117557
0.036683347
0.014624912
0.05894488
0.04316807
0.08436903
0.13003114
0.038310967
0.051039178
0.057890423
0.015268876
0.04448016
0.066528834
0.028887063
0.025358856
0.020086287
0.07224583
0.054973528
0.025357036
0.03262449
0.018788608
0.031944472
0.0658467
0.059460957
0.0064391135
0.043445926
0.027031567
0.020868273
0.072096914
0.06629744
0.05667898
0.08857946
0.053201865
0.036540903
0.065987125
0.05946298
0.08001886
0.095449485
0.088720866
0.07667634
0.055813357
0.08651259
0.11752786
0.09462001
0.063742995
0.049484164
0.060031574
0.043012526
0.036617994
0.093497686
0.102197126
0.07160243
0.02552804
0.030380404
0.016621178
0.048831183
0.047638346
0.037444014
0.052377783
0.09413419
0.095465705
0.074482895
0.027472027
0.0694554
0.112289004
0.076747976
0.09192869
0.102069736
0.053280585
0.012958772
0.024024695
0.054434545
0.050175387
0.048699267
0.05179804
0.066632845
0.04760779
0.03981951
0.05081553
0.08397346
0.1174746
0.050612867
0.054815963
0.03605585
0.024912205
0.046230394
0.051335137
0.055255674
0.056367036
0.04937793
0.02726311
0.024447214
0.013150354
0.040181626
0.060624197
0.018718593
0.016599614
0.059136793
0.046274785
0.013667081
0.05157508
0.0541327
0.027620194
0.025389066
0.052332215
0.028585458
0.01817233
0.011854058
0.0086647235
0.029837808
0.030624568
0.022981748
0.058215853
0.036310446
0.021514421
0.04312066
0.07327107
0.06897677
0.030365977
0.03030485
0.049870886
0.04710853
0.04661542
0.08571307
0.07230505
0.07233887
0.082473725
0.059564453
0.08448054
0.068563834
0.101699784
0.09427113
0.012464871
0.05923314
0.036934823
0.020174727
0.06176543
0.06874794
0.04922126
0.03038051
0.048133392
0.07204332
0.06255824
0.014310312
0.023427827
0.062316984
0.091894574
0.10138111
0.12270423
0.12535086
0.08317615
0.025083194
0.016724374
0.039885692
0.027059346
0.06602593
0.06828406
0.02339485
0.036683664
0.014410179
0.018659856
0.022800623
0.024918465
0.054232385
0.035159633
0.06031863
0.06252009
0.053415876
0.075538546
0.03883274
0.03575105
0.019777697
0.054981682
0.090748936
0.078398265
0.0732814
0.07904046
0.03153727
0.035786126
0.079334
0.099931404
0.072684936
0.04425137
0.06524143
0.066251524
0.11363902
0.099000506
0.05068728
0.024091689
0.058046035
0.045500215
0.035069466
0.06562703
0.029642899
0.06997856
0.038635205
0.042446997
0.049630765
0.03660556
0.042417552
0.053184994
0.036078725
0.05039224
0.04370617
0.030304689
0.04846232
0.10012754
0.120908365
0.049663115
0.07410582
0.034999743
0.04975079
0.064421706
0.07036829
0.07107814
0.04836717
0.060500678
0.09866999
0.13341653
0.04972254
0.0339586
0.06800815
0.053415254
0.07891861
0.106758006
0.0791581
0.04369
0.03422688
0.0045292587
0.04652872
0.02345802
0.05319403
0.018280001
0.09250843
0.11373729
0.033664644
0.049204536
0.039588254
0.04933383
0.049101006
0.06754477
0.086182274
0.0802919
0.07428026
0.06761463
0.01596559
0.012925106
0.09887319
0.12278152
0.042350713
0.06802893
0.014666858
0.049077097
0.0150619885
0.081083864
0.1011693
0.05042723
0.043816064
0.028945869
0.027659135
0.033126943
0.043551955
0.11312447
0.057214584
0.03130409
0.04368654
0.04149488
0.049411632
0.055069525
0.042444844
0.07092931
0.14041148
0.10230406
0.025192028
0.061731953
0.08087944
0.04983794
0.0768453
0.0770174
0.09578148
0.07140459
0.026321452
0.0058620237
0.03486937
0.058960184
0.023035584
0.047040984
0.06033585
0.057462405
0.03337401
0.040829245
0.0343005
0.05842475
0.08509189
0.028189298
0.06411641
0.079992145
0.07721166
0.024459073
0.05558096
0.095600106
0.10044428
0.059027858
0.07813246
0.08186831
0.04435892
0.021589557
0.015507257
0.043728493
0.046964116
0.043807182
0.025021683
0.03437583
0.03174239
0.073272064
0.08290491
0.11747013
0.037515145
0.041410193
0.04813566
0.07458777
0.061268535
0.07752947
0.05836157
0.10400822
0.034538597
0.04797149
0.06623071
0.072393425
0.079983436
0.03214461
0.048317697
0.062982805
0.05140239
0.036945507
0.03230619
0.057404198
0.027063489
0.08090575
0.08839869
0.06149919
0.0533189
0.0513601
0.01252336
0.07318126
0.11329524
0.051284865
0.05937454
0.029448539
0.04083858
0.046964236
0.057774886
0.11912888
0.057092253
0.09780435
0.051694266
0.08799951
0.0630917
0.048792847
0.022989463
0.050184026
0.05527617
0.0665735
0.061772667
0.059316702
0.0982631
0.066134736
0.05690649
0.080443196
0.044568986
0.05085207
0.062477574
0.05937781
0.15005574
0.10003778
0.03560605
0.0435667
0.10153873
0.093789525
0.117698416
0.073361926
0.023659756
0.059369233
0.07961866
0.05309058
0.05353752
0.04670585
0.05950782
0.042884167
0.03260934
0.067246504
0.04226657
0.064230226
0.03767631
0.022650978
0.009758266
0.004973392
0.018015867
0.022298582
0.0881624
0.07106307
0.004388618
0.035281993
0.04443747
0.02133088
0.04715272
0.047822785
0.007221852
0.07427298
0.033532403
0.09962483
0.09841253
0.0592206
0.056066994
0.12963554
0.13707037
0.06437071
0.0774271
0.029285392
0.070343375
0.092217185
0.06535551
0.028572023
0.026582826
0.060688928
0.06742825
0.10305872
0.0730873
0.035134632
0.047159646
0.09538229
0.08381478
0.041686498
0.048946198
0.07532833
0.080935135
0.11410637
0.06531766
0.0848643
0.050499752
0.010536297
0.09740352
0.12556471
0.05906037
0.02765531
0.061714698
0.035516217
0.04463483
0.009037146
0.018841585
0.037764713
0.06817963
0.09683108
0.077564105
0.058061678
0.067659646
0.070601925
0.08137091
0.089877605
0.08857904
0.06389011
0.071660385
0.07139042
0.04937158
0.057855636
0.06852583
0.0445996
0.018756384
0.015844446
0.01764749
0.04085819
0.038160965
0.08642629
0.062456954
0.034622576
0.029419439
0.07377515
0.07177941
0.038172822
0.09463172
0.105896845
0.104002096
0.04509747
0.10949547
0.08768307
0.062956035
0.06460332
0.042160634
0.036466964
0.05697049
0.09213791
0.05294748
0.008527821
0.03837278
0.04209003
0.05391542
0.03879113
0.04381948
0.012391348
0.073133156
0.027530124
0.062083747
0.0731694
0.10347491
0.04703637
0.026927283
0.02098289
0.055766284
0.11757937
0.11887111
0.08758612
0.07363821
0.12951425
0.10688898
0.03642852
0.022531211
0.03979979
0.12455695
0.08079408
0.03905272
0.10300564
0.07366012
0.032594036
0.027188722
0.02752714
0.030209914
0.0066670687
0.069343306
0.04707287
0.033735078
0.06773866
0.04627709
0.035555325
0.055837844
0.022871098
0.07708546
0.074393705
0.02100985
0.030448971
0.12021124
0.10615468
0.04237618
0.03009498
0.05927931
0.11154927
0.09299651
0.031876154
0.057848636
0.029462185
0.008784105
0.049902596
0.06220754
0.0325227
0.07680341
0.024785135
0.07959079
0.076795585
0.056762837
0.050350066
0.084225714
0.10013378
0.077486895
0.056370653
0.04929507
0.038642958
0.026299842
0.044470955
0.018450538
0.016665032
0.07582368
0.054407652
0.047050357
0.06402653
0.07440762
0.04747064
0.06980142
0.096211575
0.07257639
0.04846108
0.037432346
0.065283716
0.0497345
0.0742794
0.046892744
0.013316418
0.04516053
0.084316365
0.058882527
0.024987347
0.023819651
0.03720072
0.0044288947
0.059382368
0.05511091
0.044881754
0.046515
0.05626923
0.055640183
0.070580244
0.07347099
0.06726718
0.030925475
0.010687215
0.041081704
0.060791217
0.023416344
0.067220636
0.10501602
0.056291934
0.107697815
0.10999817
0.10792462
0.06172702
0.059691053
0.098747015
0.05970686
0.04191116
0.03948224
0.10410735
0.06899638
0.05965569
0.05925311
0.0561854
0.030401232
0.040699113
0.037582353
0.055511456
0.02019863
0.058297917
0.0628221
0.01795255
0.091750845
0.05302184
0.092117794
0.10701959
0.08922803
0.064905085
0.08767682
0.095783904
0.068782456
0.06988534
0.060042094
0.06467898
0.07128025
0.029735705
0.043468777
0.06830509
0.05865818
0.022531804
0.07504772
0.113962
0.11792673
0.12680341
0.097778335
0.030047238
0.018103862
0.013421873
0.027835395
0.057377134
0.042348787
0.023339562
0.035898726
0.050592292
0.09001327
0.06663659
0.045142367
0.035954393
0.07769045
0.111376494
0.046442542
0.039665774
0.036432743
0.032382112
0.070018455
0.09744866
0.08203886
0.048977833
0.040725455
0.09153029
0.098156445
0.07928282
0.07510779
0.044853877
0.028877158
0.038142238
0.047241833
0.06893587
0.06759449
0.060795054
0.03148686
0.05146118
0.10407643
0.0776097
0.047875673
0.046024293
0.036143493
0.026199795
0.059686515
0.025478123
0.06097529
0.051792864
0.06787373
0.09796736
0.06245581
0.090819605
0.07765986
0.09159635
0.14366832
0.13166933
0.013809537
0.060954995
0.042319816
0.04794287
0.07765511
0.053481497
0.029061675
0.018060852
0.04980519
0.072179504
0.057889946
0.028233338
0.0455614
0.08716583
0.06676355
0.08639765
0.047294945
0.012851539
0.099686764
0.13459106
0.06376894
0.026798164
0.08097796
0.11158489
0.054520983
0.057888966
0.06754586
0.02771382
0.026880104
0.05180362
0.039909087
0.09707254
0.0587928
0.03685033
0.048783522
0.044983413
0.04939217
0.0100103635
0.06212186
0.06551798
0.051647123
0.056936778
0.034710214
0.010991013
0.009380603
0.02628394
0.029986525
0.04654067
0.09996722
0.1018593
0.10312499
0.121296816
0.075685255
0.014377576
0.019569414
0.060310535
0.03000673
0.079233095
0.07614698
0.036188416
0.0667793
0.08140393
0.062624454
0.019161807
0.029825697
0.0309523
0.039764404
0.012026993
0.06321323
0.09553072
0.04347862
0.054980125
0.061464738
0.019598292
0.020072483
0.029775796
0.071770154
0.063284606
0.019875458
0.030784026
0.006198058
0.0116692865
0.042233974
0.040199783
0.02649809
0.10672335
0.07896397
0.06297652
0.14056346
0.11133111
0.01860491
0.061230887
0.07183856
0.1381479
0.06872606
0.015955403
0.060576376
0.08928342
0.073418446
0.006765912
0.08994892
0.09179191
0.109275
0.08066046
0.04259032
0.026905397
0.056241356
0.1351758
0.16769192
0.11872085
0.07692261
0.043561485
0.031768452
0.068455234
0.053642575
0.06902775
0.13805565
0.14668301
0.11576375
0.06392354
0.03485011
0.017705627
0.02776192
0.004246183
0.043062937
0.04437165
0.036478892
0.0891622
0.11530034
0.06648627
0.027910296
0.05628536
0.04633556
0.010318265
0.03398622
0.052762974
0.03076451
0.041631896
0.03310113
0.077185236
0.070490316
0.06869819
0.09219391
0.07571659
0.06320682
0.037852008
0.046890784
0.031001832
0.022423513
0.06387755
0.11013128
0.099531464
0.046044834
0.057646707
0.035669897
0.06213595
0.05423706
0.039514482
0.038426466
0.072458655
0.10955383
0.103984736
0.086053155
0.04780362
0.030321456
0.062160898
0.043850567
0.019271942
0.03819228
0.07169391
0.060636163
0.040701777
0.06385494
0.07241217
0.07225419
0.041331887
0.08763693
0.08050644
0.013248424
0.07715142
0.0830892
0.054978933
0.05394015
0.08825399
0.11943967
0.107948065
0.09153222
0.021494443
0.038667265
0.06047248
0.0610053
0.016411945
0.04505415
0.05465811
0.029568357
0.05432286
0.043279268
0.03693659
0.06801012
0.028032295
0.05128084
0.018356504
0.043836597
0.058312796
0.06446112
0.07262967
0.050887566
0.005988316
0.035752155
0.0353053
0.057313878
0.09272251
0.093210235
0.03335138
0.08527519
0.08795714
0.05413388
0.012367131
0.0401982
0.0062103476
0.039666735
0.0031327545
0.07254584
0.054982495
0.054183923
0.06675597
0.005132764
0.048336886
0.03922229
0.0025297068
0.010949381
0.050771978
0.023520142
0.041414246
0.037164595
0.034010656
0.057585116
0.0320173
0.014575834
0.034706675
0.020396221
0.020521667
0.051583152
0.05470846
0.055926457
0.06850989
0.033386067
0.08236464
0.087847166
0.049446322
0.041821834
0.05105407
0.036834758
0.036036205
0.020071305
0.059965637
0.04238207
0.032509077
0.07199198
0.08908857
0.09561192
0.06957861
0.06622604
0.06783371
0.016904255
0.036263455
0.060551625
0.06456542
0.03184216
0.04608292
0.070150316
0.059881642
0.041311853
0.05337752
0.017525094
0.003319629
0.026491819
0.0151703255
0.03557906
0.047223642
0.04703601
0.027088014
0.014800379
0.027359234
0.038085356
0.050482143
0.04369964
0.02345922
0.023090454
0.0056067035
0.031208467
0.04521294
0.034171913
0.026136696
0.045018658
0.046123084
0.02878757
0.037312135
0.049886785
0.018179959
0.022359543
0.059659686
0.048569947
0.017411843
0.0125846
0.0043104915
0.03811001
0.036183324
0.02084761
0.048246376
0.052593067
0.037480235
0.022384012
0.024130238
0.030906802
0.012664477
0.022574024
0.04492943
0.043945424
0.02816946
0.04841331
0.051078286
0.016402237
0.033358768
0.013080884
0.0339054
0.04120269
0.027955722
0.025572548
0.019606896
0.014670144
0.009511461
0.023763012
0.012276622
0.024933537
0.024183827
0.031723037
0.026791764
0.020051496
0.041499626
0.06772303
0.056022786
0.04279421
0.029383242
0.014082904
0.024266865
0.066694945
0.06739812
0.0425428
0.024387268
0.039616313
0.044698145
0.06439739
0.08372227
0.05952968
0.01935067
0.021002982
0.04765969
0.051669493
0.023013173
0.03902652
0.041517947
0.02916161
0.03460666
0.043758094
0.06568074
0.05936619
0.018315785
0.030220939
0.022518368
0.011839215
0.017180378
0.0050456706
0.01845567
0.026580215
0.027244901
0.00600565
0.021929037
0.02204272
0.018265935
0.020785404
0.062227666
0.06467766
0.03847674
0.030590598
0.028860072
0.034397397
0.07022953
0.06468416
0.046870388
0.011767498
0.036016352
0.0110010095
0.003051847
0.0030518398
-0.003051829
0.0
0.0
0.0
0.0
0.0030517213
0.003051689
0.0030516528
0.0030516135
0.0030515704
0.0030515236
0.0
0.0030514195
0.003051362
0.003051301
0.0030512363
0.0
0.003051096
0.0
0.0
-0.003050859
0.0
0.0
-0.0030505897
0.0030504928
-0.0030503923
0.0
0.0030501804
0.003050069
0.003049954
0.0
0.0030497136
0.0030495878
0.0030494586
0.0030493257
0.0
0.0
0.0030489056
0.0030487585
0.0030486076
0.0
-0.0030482954
0.0
0.0030479687
0.0030478002
0.0030476279
0.0030474518
0.0
0.0
0.0
0.0
0.003046519
0.006092643
0.0030461205
0.003045916
0.0
0.0030454963
0.0030452812
0.0030450623
0.00304484
0.0030446139
0.0030443843
0.0030441512
0.0
0.0
-0.0030434304
0.0
0.0030429321
0.0
0.0030424194
0.0030421577
0.0
0.0
0.0
0.0030410753
-0.0030407957
0.0
-0.003040226
0.0
0.0
0.0030393444
0.0
0.0
0.0
0.0
0.0
0.0
0.0030371633
0.0
0.0
0.0
0.0
0.0
0.0
0.0030348075
0.0
0.0
0.0
0.0
0.0
0.0
0.003032278
0.0
0.0030315232
0.0030311407
0.0030307544
0.0030303646
0.0030299714
0.0
0.0
0.0030287702
0.0030283628
0.0
0.0
0.0030271192
0.0030266976
0.0030262724
0.0030258438
0.0030254116
0.003024976
0.0
0.003024094
0.0030236477
0.0
0.0
0.0030222875
0.0
0.0
0.0
0.0
0.0
0.0
0.0
0.0
0.0
-0.0030175252
0.0
0.0
0.0
0.0
0.0
0.003014499
0.0
0.0
0.0
0.0
0.0
0.003011347
0.0030108094
0.0
0.0030097237
0.0
0.0
0.0
0.0
0.0
0.0
0.0
0.0
0.0
0.0
0.0
0.0
0.0
0.0
0.0
0.0
0.0
0.0
0.0
0.0
0.0
0.0
0.0
0.0029956084
0.0
0.0
0.0
0.0
0.0
0.0
0.0
0.0
0.0
0.0029891375
0.005976943
0.002987802
0.0
0.0
0.0
0.0059701796
0.002984403
0.0
0.0029830192
0.0029823224
0.0
0.0
-0.0029802108
0.0
0.0
0.0
0.0
-0.0029766234
0.0
-0.0059503284
0.0
0.0
-0.0029729502
0.0
-0.0029714573
-0.0029707055
-0.0029699504
0.0
0.0
-0.00593533
-0.0029668964
-0.0029661243
-0.005930698
0.0
0.0
0.0
0.0029622135
0.0
0.0
0.0
0.0
0.0
0.0
0.0
0.0
0.0
0.0
0.0
0.0
0.0
-0.002950814
0.0
0.0
0.0
0.0
0.0
0.0
0.0
0.0
0.0
0.0
-0.0058827917
0.0
0.0
0.0058775144
0.0
0.0
0.0
0.0
0.0
0.0
0.0
0.0029315744
0.0
0.0
0.0
0.0
0.0
0.0
0.0
0.0
0.0
0.0
0.0
0.0
0.0
0.0
0.0
0.0029165747
0.0029156092
0.0
0.0
0.0
0.0
0.0
0.0
0.0
0.0029077684
0.0
-0.0029057756
0.0
-0.0029037697
0.002902762
0.0
0.0029007369
0.0
-0.0028986987
0.0
0.0
0.0028956172
0.0028945834
0.0028935466
0.0
0.0
0.002890417
0.0
0.0028883142
0.002887258
0.0028861987
0.0028851363
0.0
0.0028830015
0.0
0.002880854
0.0
0.0
0.002877609
0.0
0.0
0.0
0.0
-0.002872137
0.0
-0.002869926
0.0
0.0
0.0
-0.0028654658
0.0
0.0
-0.0028620877
0.0028609554
0.0
0.0
0.0
-0.0028563947
0.0
0.0
0.0
0.0
0.0
0.0
0.0
0.0
0.00284595
0.002844774
0.0
0.0
0.0
0.0
0.0028388468
0.0
0.0028364544
-0.0028352535
-0.0028340495
0.0028328425
-0.0028316325
0.0
0.0
0.0
-0.0028267615
-0.002825536
0.0
-0.002823076
0.0028218413
0.0
0.0
-0.0028181192
-0.0028168724
0.0
0.0028143697
0.0
-0.002811855
0.0
0.0
0.0028080598
0.0
-0.0028055147
0.0
0.0
-0.0028016747
-0.0028003885
0.0
0.0
0.0
-0.0027952143
-0.0027939132
-0.0027926092
-0.0027913023
0.0
0.0
0.0
-0.0027860445
-0.005569445
0.0
0.0
0.0
0.0
0.0
0.0027767292
0.0027753867
0.0027740411
0.0
0.0
0.0
-0.00276863
0.0
0.0
0.0
-0.0027631717
-0.0027617998
0.0
0.0
-0.0027576669
-0.0027562834
-0.002754897
0.0
0.0
0.0
0.0
-0.0027479222
0.0
0.0
0.0
0.0027422903
0.0
0.0
0.0
0.0
0.0
0.0027337568
0.0027323244
0.0027308895
0.0
-0.0027280108
0.0
0.0027251206
0.0
0.0
0.0027207646
0.0027193069
0.0027178463
0.0
0.0
0.0027134481
0.0027119764
0.0
-0.0027090246
0.0
0.0027060618
0.0
0.0027030879
0.0027015966
0.0027001027
0.002698606
0.0026971065
0.0026956042
0.0026940994
0.0026925916
0.0
0.002689568
0.0026880521
0.0026865334
0.002685012
0.0026834877
0.002681961
0.0
0.002678899
0.002677364
0.0
0.0
0.0026727428
0.0026711968
0.0026696483
0.0026680971
0.0026665432
0.0
0.0026634273
0.0053237304
0.0026603006
0.0
0.0
0.0
0.0
0.0
0.0
0.0
0.0
0.0
0.005289016
0.0026429142
0.0
0.0
0.0
0.0026365127
0.0
0.0
0.002631684
0.0
0.0
0.005253664
0.0
0.0
0.0026219566
0.0
0.0026186935
0.0
0.0
0.0
-0.0026121365
-0.0026104907
0.0
0.0
0.0026055383
0.0
-0.002602224
-0.0026005632
0.0
0.0
-0.002595565
0.0
0.0
-0.0025905445
-0.0025888658
-0.0025871848
0.0
0.0
-0.005164253
-0.0025804355
-0.002578742
-0.002577046
-0.0025753477
-0.0025736466
-0.0025719432
0.0
0.002568529
0.0
0.0
0.0
0.0025616712
0.0
0.0
0.0025565021
0.0
-0.002553044
-0.0025513112
0.0
0.0
0.0
0.0
0.0
-0.0025408645
0.0
0.0
0.0
0.0
-0.002532093
-0.0025303317
-0.0025285678
-0.0025268018
0.0
0.0
0.0
-0.0025197137
-0.0025179358
-0.0025161556
0.0
0.0
0.0
-0.0025090117
0.0
0.0
0.0
0.0
-0.0025000295
-0.0024982262
-0.0024964204
0.0
0.0
-0.00249099
-0.0024891752
-0.0024873582
0.0
-0.0024837174
-0.0024818936
-0.0024800678
-0.0024782394
-0.0024764088
-0.0024745762
0.0
-0.002470904
-0.0024690644
0.0
0.0
0.0
0.0
0.0
0.0
0.0024561265
0.0
-0.0024524103
-0.0024505488
0.0
0.0
-0.0024449513
0.0
-0.002441209
-0.0024393345
-0.002437458
0.0
-0.0024336984
0.0
-0.0024299303
-0.002428043
-0.0024261535
-0.004848524
-0.0024223684
-0.0024204727
0.0
0.0
0.0
0.0
-0.004821925
0.0
0.0
-0.0024052311
0.0024033168
-0.0024014001
-0.0023994814
0.0
0.0
0.0
0.0
-0.0023898573
0.0
0.0
-0.0023840584
0.0
-0.0023801825
0.0
0.0
0.0
0.0
0.0
0.0
-0.0023665533
-0.0023645982
0.0
-0.0023606822
-0.0023587213
0.0
0.0
-0.002352827
-0.0023508584
-0.0023488877
-0.002346915
-0.0023449406
0.0
0.0
-0.0023390055
0.0
0.0
0.0023330532
0.0
0.0
0.0023270836
0.0
0.0
0.0023210973
0.0
0.0
0.0
0.0
0.0
0.0
0.0023070637
0.0023050513
0.0023030373
0.0
0.0022990038
0.0
0.0
0.0
0.0
0.0022888882
0.0
0.0
0.0
0.0
0.0022787277
0.0
0.004549302
0.00454522
0.0
0.0022685227
0.0
0.0
0.0
0.0022603276
0.0
0.0
0.0022541627
0.0
0.0
0.0
0.0044918386
0.0
0.0044835745
0.0
0.0
0.0044711535
0.0
0.0
0.0
0.0
0.0
0.0
0.0
0.0
0.0
0.0
0.0
0.0
0.0
0.0
0.0
0.0
0.0
0.0
0.0
0.0
0.0
0.0
0.0
0.0
0.0
0.0
0.0
0.0
0.0
0.0
0.0
0.0
0.0
0.0
0.0
0.0
0.0
0.0
0.0
0.0
0.0
0.0
0.0
0.00214283
-0.0042813756
0.0
0.0
0.0
0.0
0.0
0.0
0.0
0.0021234988
0.0
0.0
0.0021170296
0.0021148704
0.0
0.0021105479
0.0
0.0
0.0
0.0
0.0
0.0
0.0
0.002093203
0.0
0.0
-0.0020866764
-0.0020844983
0.0
0.0
0.0
0.0
0.0
0.0
-0.0020692146
0.0
-0.0020648362
0.0
0.0
-0.0020582592
0.0
-0.0020538683
-0.002051671
0.0
-0.0020472726
0.0
0.0
0.0
0.0
0.0020362553
0.0
0.0
0.0
-0.0020274199
0.0
-0.002022995
-0.0020207807
0.0
-0.0020163488
0.0
0.0
0.0
0.0
0.0
-0.0020030257
-0.0020008013
-0.0019985756
0.0
0.0
0.0
0.0
0.0
0.0
0.0
0.0
0.0
0.0
0.0
-0.0019717831
0.0
-0.0019673028
0.0
0.0
0.0
0.0
0.0
-0.0019538368
-0.0019515889
0.0
-0.0019470901
0.0
-0.0019425874
-0.0019403347
0.0
-0.001935826
0.0
0.0
0.0
0.0
0.0
0.0
0.0
0.0
0.0
0.0
-0.001910961
-0.001908695
-0.0019064281
0.0
-0.0019018917
-0.001899622
0.0
0.0
-0.001892808
0.0
0.0018882611
0.0
0.0
0.0
0.0018791569
0.0018768788
0.0
0.0
0.0018700395
0.0
0.0018654758
0.0018631929
0.0
0.0
0.001856339
0.0
-0.001851766
0.0036989565
0.0
0.0
-0.0018426107
0.0
0.0018380285
0.0
0.0036668868
0.0
0.0
0.0
0.0
0.0
0.0
0.0
0.0
0.0
0.0
0.0018081748
0.0
0.0
0.0
0.0
0.0
0.0
0.0
0.0017897467
0.0
0.0
0.0017828258
0.0
0.0
0.0017758994
0.0017735894
0.0
0.0017689677
0.0
0.0
0.0
0.0017597175
0.0017574036
0.0
0.0017527741
0.0
-0.0017481424
0.0
-0.0017435086
0.0
-0.0017388728
0.0
0.0
0.0
0.0017295954
-0.0034545495
0.0
-0.0017226321
0.0
0.0
-0.0017156648
0.0
-0.0034220351
0.0
0.0
0.0
-0.001701718
-0.0016993921
-0.0016970658
0.0
0.0
0.0
0.0016877564
0.0
0.0
0.0
-0.001678441
0.0
0.0016737811
0.0
0.0
0.0
0.0016644573
0.0016621253
0.0
0.0016574608
0.0
0.0
0.0016504617
0.0
0.0
0.0
0.0
0.0016387906
0.0016364555
0.0016341202
0.0016317847
0.001629449
0.0
0.0
0.0
0.0
0.0016177665
0.0016154293
0.0
0.0016107543
0.0016084164
0.0
0.0016037404
0.001601402
0.0
0.0
0.0
0.0
0.0015897077
0.0015873683
0.0
0.0
0.0
0.0015780096
0.0
0.0015733294
0.0015709891
0.0
0.0
0.0
0.0
0.0
0.0
0.0
0.0
0.0
0.0015475819
0.0015452408
0.0
0.0
0.0
0.0
0.0015335347
0.0
0.0
0.0015265108
0.0
0.0015218282
0.0015194869
0.0
0.0
0.0
0.0015101219
0.0
0.0015054396
0.0015030985
0.0015007575
0.0014984165
0.0
0.0014937348
0.0014913941
0.0014890534
0.0
0.0
0.0014820319
0.0014796916
0.0014773514
0.0
0.0014726714
0.0
0.001467992
0.0
0.001463313
0.0014609736
0.0
0.0014562956
0.0014539568
0.0014516183
0.0014492797
0.0
0.0014446034
0.0014422656
0.0
0.0014375903
0.0014352531
0.001432916
0.0014305791
0.0014282425
0.0
0.0
0.0014212341
0.0014188983
0.0014165629
0.0014142278
0.0014118929
0.0014095583
0.0
0.0014048899
0.0014025561
0.0014002225
0.0
0.0013955565
0.0
0.0
0.0013885596
0.001386228
0.0
0.0
0.0
0.0
0.0
0.0
0.0
-0.0013675871
0.0
0.0
0.0
0.0
0.0
0.0
0.0
0.0
0.0
0.0
0.0
0.0
0.0013373479
0.0013350247
0.001332702
0.0013303797
0.0013280581
0.0
0.0
0.0013210955
0.0013187756
0.0013164562
0.003942412
0.001311819
0.001309501
0.0
0.0
0.0013025504
0.0013002346
0.0025958386
0.0012956045
0.0012932903
0.0
0.0012886636
0.001286351
0.0
0.0
0.0
0.0012771065
0.0
0.0
0.0012701792
0.0
0.001265564
-0.0012632573
0.0
0.0
0.0
0.0
0.0
0.0012494305
0.0
0.0
0.0
0.0
0.0
0.0
0.0
0.0
0.0
0.0
0.0
-0.0012218483
0.0
0.0
0.0
0.0
0.0
-0.0012080952
0.0
0.0
0.0
0.0
0.0
0.0
0.0
0.0
0.0
0.0
0.0
-0.0011806712
0.0
0.0011761115
0.0
0.0
0.0
0.0
0.0
0.0
0.0
-0.0011579067
0.0
-0.0011533641
-0.001151094
0.0
0.0
-0.0022885785
-0.0022840456
0.0
0.0
0.0
0.0
0.0
0.0
0.0
0.0
0.0
0.0
0.0
-0.0022297949
0.0
0.0
0.0
0.0011058861
0.0
0.0
0.0010991379
0.0
0.0
0.0010923989
0.0
0.0
0.0
0.0
0.0
0.0
0.0
0.0
0.0
0.0
0.0
0.0010655359
0.0
0.0
-0.0010588443
0.0
-0.0010543886
0.0
0.0
0.0
0.0
0.0
0.0
0.0
0.0
0.0
0.0
0.0
0.0
0.0010255369
0.0
0.0
0.0
0.0
0.0010144925
-0.0010122872
0.0010100831
0.0010078803
0.0
0.0010034782
0.0
-9.990811E-4
0.0
9.94689E-4
-0.0019849893
-9.903017E-4
0.0
0.0
9.837304E-4
9.815425E-4
9.793559E-4
9.771707E-4
0.0
9.7280386E-4
9.706224E-4
9.684423E-4
9.6626347E-4
0.0
0.0
9.59735E-4
9.575615E-4
0.0
9.532185E-4
9.5104903E-4
-9.4888086E-4
0.0
0.0
0.0
9.40222E-4
0.0
0.0
9.337423E-4
9.315852E-4
0.0
0.0
0.0
0.0
0.0
0.0
0.0
0.0
9.1223477E-4
9.1009185E-4
0.0
-9.0581045E-4
0.0
-9.0153486E-4
0.0
0.0
0.0
8.930013E-4
0.0
8.887435E-4
0.0
8.8449166E-4
8.82368E-4
0.0
8.7812525E-4
8.7600615E-4
8.738886E-4
0.0
8.696581E-4
0.0
0.0
8.633239E-4
8.6121564E-4
0.0
0.0
8.549002E-4
0.0
0.0
8.48599E-4
0.0
0.0
8.423121E-4
8.402197E-4
8.3812897E-4
8.360398E-4
0.0
8.318663E-4
8.29782E-4
0.0
0.0
8.23539E-4
-8.214613E-4
0.0
8.173109E-4
0.0
0.0
0.0
0.0
0.0
-8.048998E-4
0.0
0.0
-7.9871714E-4
0.0
0.0
0.0
7.904975E-4
0.0
0.0
7.84351E-4
0.0
0.0
7.782202E-4
0.0
7.7414175E-4
7.7210524E-4
0.0
7.6803745E-4
0.0
-7.639768E-4
0.0
0.0
7.5789925E-4
7.5587706E-4
0.0
0.0
0.0
-7.4780633E-4
0.0
0.0
0.0
0.0
0.0
0.0
0.0
0.0
0.0
0.0
-7.2576385E-4
7.237712E-4
7.2178047E-4
-7.1979157E-4
0.0
0.0
-7.138364E-4
-7.1185513E-4
0.0
0.0
0.0
0.0
-7.0197775E-4
-7.0000807E-4
0.0
0.0
0.0
0.0
0.0
6.8823097E-4
0.0
0.0
-6.82369E-4
-0.0013608378
-6.784709E-4
-6.765249E-4
-6.745808E-4
0.0
0.0
-6.6876074E-4
6.6682475E-4
0.0
-6.6295883E-4
0.0
-6.59101E-4
0.0
-6.552514E-4
-6.533296E-4
-6.514099E-4
-6.494923E-4
-6.4757676E-4
-6.4566324E-4
0.0
0.0
0.0
-6.3803E-4
-6.361269E-4
-6.342259E-4
-6.32327E-4
-6.304302E-4
0.0
-6.2664296E-4
0.0
-6.228641E-4
-0.0012419559
0.0
-6.172119E-4
-6.153321E-4
0.0
-6.1157893E-4
-6.097056E-4
-6.078344E-4
-6.059653E-4
0.0
0.0
-6.0037116E-4
0.0
-5.966527E-4
0.0
0.0
0.0
0.0
-5.873947E-4
0.0
-5.8370695E-4
-5.818664E-4
0.0
-5.78192E-4
-5.763581E-4
0.0
0.0
0.0
0.0
-5.672224E-4
0.0
0.0
0.0
0.0
0.0
5.563341E-4
5.5452733E-4
-5.527229E-4
0.0
5.491208E-4
0.0
0.0010910559
0.00108747
0.0
5.40156E-4
0.0
0.0
0.0
5.330258E-4
5.3124916E-4
0.0
0.0
0.0
0.0
5.224009E-4
-5.206383E-4
0.0
0.0
-5.1536475E-4
-5.1361165E-4
0.0
5.101126E-4
5.0836673E-4
5.066232E-4
-5.04882E-4
0.0
0.0
-4.996731E-4
4.9794157E-4
0.0
4.9448584E-4
0.0
0.0
0.0
0.0
4.858891E-4
0.0
0.0
4.8076038E-4
0.0
0.0
-4.7565385E-4
-4.739566E-4
-4.7226183E-4
-4.7056953E-4
4.6887973E-4
0.0
0.0
0.0
-4.6214546E-4
0.0
4.587933E-4
4.57121E-4
4.5545123E-4
0.0
-4.5211922E-4
0.0
0.0
4.471402E-4
4.4548558E-4
0.0
0.0
0.0
4.3889263E-4
4.372508E-4
4.356115E-4
4.3397478E-4
4.3234063E-4
4.3070907E-4
4.2908007E-4
4.2745366E-4
0.0
8.484172E-4
0.0
0.0
4.1936047E-4
0.0
0.0
4.1453578E-4
4.129328E-4
0.0
0.0
0.0
0.0
0.0
0.0
0.0
4.0020343E-4
3.9862416E-4
0.0
-3.9547356E-4
-3.9390224E-4
-3.923336E-4
0.0
3.8920433E-4
0.0
0.0
0.0
0.0
3.8142802E-4
3.7988083E-4
0.0
0.0
-3.7525545E-4
-3.737191E-4
0.0
-3.7065445E-4
0.0
0.0
0.0
0.0
0.0
0.0
0.0
0.0
0.0
0.0
0.0
-3.5249625E-4
-3.5100093E-4
0.0
0.0
-3.465316E-4
-3.450474E-4
-3.4356592E-4
-3.4208727E-4
0.0
0.0
-3.37668E-4
0.0
-3.347358E-4
-3.3327393E-4
-3.3181484E-4
0.0
0.0
0.0
0.0
-3.2456167E-4
0.0
0.0
3.2024368E-4
0.0
0.0
3.1595124E-4
0.0
0.0
0.0
0.0
0.0
0.0
0.0
0.0
0.0
0.0
-6.008646E-4
0.0
2.9764805E-4
0.0
0.0
0.0
0.0
0.0
0.0
0.0
0.0
0.0
0.0
0.0
0.0
2.7983356E-4
0.0
0.0
0.0
0.0
0.0
2.7177826E-4
0.0
0.0
0.0
-5.3293415E-4
0.0
-5.276585E-4
0.0
0.0
0.0
0.0
0.0
0.0
0.0
0.0
0.0
0.0
0.0
0.0
0.0
0.0
-4.888524E-4
0.0
0.0
0.0
0.0
0.0
0.0
0.0
0.0
0.0
0.0
0.0
4.5878394E-4
0.0
0.0
0.0
-4.4895598E-4
0.0
0.0
0.0
4.3922605E-4
0.0
0.0
0.0
0.0
0.0
0.0
2.1121786E-4
0.0
2.0884706E-4
0.0
0.0
0.0
0.0
2.0297436E-4
0.0
0.0
0.0
1.9833224E-4
1.9717953E-4
0.0
0.0
0.0
0.0
0.0
1.9032898E-4
1.8919821E-4
1.880706E-4
0.0
0.0
0.0
0.0
0.0
0.0
0.0
0.0
0.0
0.0
-1.7587522E-4
0.0
1.736991E-4
0.0
0.0
-1.7045879E-4
-1.6938508E-4
0.0
0.0
0.0
0.0
0.0
0.0
0.0
0.0
-1.598656E-4
-1.5882392E-4
0.0
0.0
-1.5571823E-4
0.0
0.0
0.0
0.0
-1.506066E-4
-1.4959398E-4
0.0
0.0
0.0
0.0
0.0
0.0
0.0
0.0
0.0
0.0
0.0
0.0
0.0
0.0
-1.3479484E-4
0.0
0.0
0.0
1.3097253E-4
0.0
0.0
0.0
0.0
-1.2626855E-4
0.0
-1.2441001E-4
0.0
1.2256467E-4
0.0
0.0
0.0
0.0
0.0
0.0
0.0
0.0
0.0
0.0
0.0
0.0
1.1089285E-4
0.0
0.0
0.0
0.0
1.0655334E-4
-1.0569546E-4
1.0484092E-4
1.0398972E-4
-1.0314187E-4
1.02297374E-4
1.0145623E-4
1.0061843E-4
9.9783996E-5
9.8952914E-5
9.8125194E-5
0.0
0.0
0.0
0.0
9.403705E-5
9.322953E-5
0.0
0.0
0.0
0.0
8.924254E-5
8.845529E-5
8.767141E-5
8.689092E-5
0.0
8.5340114E-5
0.0
-8.3802865E-5
8.303934E-5
-8.2279206E-5
0.0
0.0
-8.001921E-5
7.927268E-5
7.8529556E-5
7.778984E-5
0.0
-7.632064E-5
0.0
0.0
0.0
0.0
0.0
0.0
-7.1286035E-5
0.0
0.0
0.0
0.0
0.0
0.0
0.0
-6.57377E-5
0.0
0.0
-6.371376E-5
-1.2609197E-4
-1.2476333E-4
0.0
-6.106336E-5
0.0
0.0
-5.9111764E-5
-5.846814E-5
-1.1565594E-4
-5.7191253E-5
0.0
0.0
0.0
0.0
0.0
0.0
0.0
5.2222134E-5
0.0
0.0
5.041592E-5
0.0
0.0
0.0
0.0
0.0
4.6897323E-5
0.0
4.57523E-5
0.0
4.4621214E-5
0.0
0.0
4.295074E-5
-4.24009E-5
-4.185455E-5
-4.1311694E-5
4.0772335E-5
4.0236468E-5
0.0
0.0
0.0
0.0
0.0
3.7094775E-5
0.0
0.0
3.5571233E-5
0.0
0.0
0.0
0.0
3.310218E-5
0.0
0.0
3.1662912E-5
0.0
3.072099E-5
3.0255305E-5
0.0
2.9334506E-5
2.887939E-5
2.84278E-5
2.7979733E-5
2.7535194E-5
2.7094182E-5
2.66567E-5
2.6222746E-5
5.1584648E-5
2.5365433E-5
2.4942075E-5
2.452225E-5
0.0
2.3693206E-5
0.0
4.5756617E-5
4.4952332E-5
2.2077566E-5
4.3365006E-5
4.2581967E-5
4.180601E-5
4.103714E-5
2.013768E-5
1.9760335E-5
1.9386534E-5
1.9016281E-5
0.0
1.8286419E-5
1.7926812E-5
1.7570754E-5
0.0
1.6869293E-5
0.0
0.0
1.584375E-5
1.5509011E-5
1.5177828E-5
1.4850202E-5
0.0
0.0
0.0
0.0
1.3265448E-5
0.0
0.0
-1.2357323E-5
1.2061741E-5
1.1769722E-5
0.0
1.119638E-5
0.0
0.0
0.0
0.0
9.825441E-6
9.561959E-6
9.302046E-6
9.045704E-6
8.792934E-6
8.543734E-6
0.0
8.056054E-6
0.0
0.0
0.0
0.0
0.0
0.0
0.0
-6.2483114E-6
6.0384377E-6
0.0
-5.6294257E-6
0.0
5.2347305E-6
0.0
4.854355E-6
9.339077E-6
4.4883036E-6
8.621301E-6
4.1365797E-6
3.9660918E-6
3.7991865E-6
0.0
3.4761272E-6
0.0
0.0
0.0
2.8730217E-6
0.0
2.5929814E-6
0.0
0.0
0.0
-2.075939E-6
0.0
1.8389417E-6
1.725825E-6
0.0
0.0
0.0
0.0
1.2140717E-6
1.1224888E-6
0.0
0.0
0.0
0.0
7.1842453E-7
0.0
5.8193257E-7
5.19073E-7
4.598047E-7
0.0
0.0
3.0354812E-7
0.0
2.1733533E-7
1.796167E-7
0.0
0.0
0.0
0.0
0.0
2.8739146E-8
1.6165792E-8
0.0
0.0
-0.0
