0.8141522
0.24439938
0.19318153
0.4483004
1.824742
1.4506109
1.6105322
0.5945735
1.115911
0.9784332
0.14950769
0.66731143
0.9645357
0.5767507
0.48266807
0.23419973
0.15055688
0.2922841
0.2844908
0.49554235
0.025846222
0.36142296
0.43511093
0.12031018
0.4126815
0.4154263
0.2812256
0.31492332
0.121698365
0.38269287
0.28064868
0.16773914
0.17040943
0.22968847
0.6221878
0.5086072
0.33859208
0.28017735
0.28223532
0.28482637
0.273999
0.12974332
0.14389685
0.07790938
0.21768695
0.21468186
0.16333537
0.14231293
0.38369086
0.43834767
0.33601448
0.20894049
0.113021776
0.15977116
0.29947865
0.43109137
0.28898543
0.023686115
0.13874193
0.22096512
0.21315034
0.15164998
0.09857246
0.15674469
0.16916178
0.17573601
0.14014295
0.033404242
0.06658486
0.21994922
0.2350577
0.09991384
0.065974526
0.16031593
0.19352466
0.24637905
0.14623183
0.20909597
0.2585818
0.23273396
0.1235783
0.07662326
0.3520163
0.35513064
0.15584077
0.12033259
0.117195755
0.074753314
0.09617681
0.05297588
0.14285095
0.34085593
0.37598306
0.29315978
0.22785057
0.12604661
0.05725298
0.12769982
0.08707085
0.13389415
0.13710496
0.047350097
0.05678009
0.06706951
0.019111743
0.018607752
0.055694852
0.057662383
0.086107515
0.13210092
0.08117493
0.10755939
0.19658713
0.13345501
0.11103816
0.22637542
0.18858089
0.010396263
0.121205635
0.13192916
0.10265255
0.107224636
0.11105446
0.15497543
0.17291036
0.18348284
0.21975909
0.27945212
0.23249708
0.14240013
0.1529566
0.13860266
0.10267581
0.09939237
0.17579366
0.12145944
0.12399561
0.22984059
0.10724717
0.091943346
0.19220471
0.122498654
0.073064625
0.037320632
0.07649582
0.1218912
0.22674713
0.26000607
0.16382308
0.11997781
0.1431099
0.09987858
0.06059295
0.07934532
0.08444251
0.011898074
0.09754622
0.14291196
0.24510075
0.26327074
0.16448466
0.1572856
0.08825339
0.008035265
0.060096502
0.07163589
0.063791
0.03566926
0.08177458
0.14877877
0.09237363
0.043809608
0.068490855
0.1114274
0.18920964
0.21712296
0.13787206
0.022977194
0.09437407
0.09586439
0.17390479
0.12775311
0.087431476
0.09078399
0.049563732
0.049542043
0.09273996
0.014673926
0.0615149
0.044896156
0.08711852
0.091168426
0.06927114
0.14706177
0.1467504
0.05916227
0.032509327
0.0661633
0.11102626
0.05359588
0.052922692
0.10624205
0.11692056
0.21279332
0.21341391
0.08860436
0.09825634
0.105491236
0.16978045
0.20796108
0.17531475
0.10039016
0.07097409
0.10564262
0.08548891
0.10388713
0.19387262
0.14320901
0.10924353
0.06821203
0.036652274
0.06304746
0.06693922
0.096734956
0.11849515
0.060095284
0.0397245
0.08987032
0.097054504
0.024582
0.10594156
0.08537049
0.111494794
0.08133781
0.090736814
0.10511212
0.0282589
0.040866233
0.117991
0.1210468
0.11780173
0.16660239
0.21590275
0.20790467
0.08186471
0.09803832
0.06589856
0.09171584
0.1849018
0.10912412
0.056886032
0.11416161
0.13233866
0.12933418
0.1510008
0.119016804
0.022955194
0.08555951
0.10752897
0.12668386
0.09270992
0.023149246
0.03531683
0.055035375
0.07959889
0.11237968
0.13194619
0.1311595
0.09445939
0.049442805
0.06535453
0.09874923
0.1534154
0.24143922
0.20689616
0.08822846
0.12842028
0.13602218
0.027481897
0.050917115
0.053298824
0.0172451
0.056168795
0.09962421
0.14438108
0.17453642
0.13512398
0.07912929
0.05051849
0.05354009
0.07314105
0.050330147
0.12099182
0.055900242
0.020324243
0.07896736
0.057437804
0.07085439
0.15185201
0.17882541
0.05993144
0.06916541
0.041777752
0.12351866
0.13150547
0.11154325
0.019399216
0.08245726
0.05604627
0.08796319
0.10445702
0.103192516
0.06634199
0.074344225
0.055269
0.030300172
0.07598619
0.063478924
0.05642227
0.09278222
0.098385185
0.0631614
0.05242827
0.077685
0.060310863
0.025312925
0.023103498
0.028174492
0.12351314
0.19720288
0.13575312
0.080702774
0.10881934
0.10383461
0.11300134
0.10497885
0.07094427
0.085696235
0.12480095
0.14307423
0.11562379
0.03574168
0.10056954
0.0800099
0.10086793
0.107762724
0.07502392
0.098174304
0.13478965
0.13624737
0.14034218
0.15484431
0.19394876
0.12842996
0.08506617
0.044968892
0.063824326
0.02676717
0.039827198
0.13163146
0.13458337
0.120222434
0.15098684
0.12843314
0.0446393
0.037505865
0.039353266
0.021432389
0.028534207
0.06902827
0.090997845
0.12379152
0.1057159
0.050630514
0.06326546
0.09984862
0.019681044
0.0869854
0.08088952
0.020620871
0.073456615
0.18638328
0.15610029
0.05284304
0.041318938
0.11298284
0.11715366
0.10251988
0.13159083
0.17744571
0.16204946
0.056417525
0.055393472
0.015319783
0.091790825
0.0333194
0.10251398
0.05028118
0.07954295
0.07185615
0.032283343
0.049783003
0.068285
0.04585513
0.115005165
0.1250716
0.1679214
0.0975694
0.10847298
0.109448865
0.15135917
0.054329198
0.10252356
0.12520663
0.07504076
0.07765082
0.09353301
0.04413133
0.08009084
0.080236144
0.008742151
0.1002002
0.12040835
0.10083403
0.080345735
0.03683847
0.07983958
0.14639819
0.13269557
0.120837435
0.14310293
0.077267304
0.03711777
0.12493793
0.15540788
0.08435385
0.08492738
0.12696265
0.015321226
0.08388608
0.14555669
0.17161608
0.10733548
0.11601662
0.088096745
0.027765343
0.027519654
0.06609508
0.09940462
0.09588928
0.09769266
0.10013112
0.06660076
0.07657403
0.029297799
0.033742
0.030948525
0.039676793
0.08086288
0.15426777
0.11197254
0.11505109
0.22617012
0.15995689
0.066030584
0.028223703
0.06491061
0.1005822
0.13540629
0.12767537
0.040397268
0.07702925
0.11741839
0.10468324
0.07508313
0.09580184
0.14781864
0.20064838
0.1510239
0.05987918
0.030270148
0.014993923
0.03662218
0.048406668
0.057823807
0.07789443
0.111544006
0.06827256
0.057600547
0.039562188
0.13745846
0.18118344
0.052529555
0.07513481
0.09430989
0.08599503
0.10836328
0.09174434
0.09961538
0.13702637
0.14739607
0.088075355
0.076015204
0.1608902
0.16565448
0.06920461
0.046838038
0.15867588
0.19469616
0.12646914
0.07467774
0.10013952
0.077821724
0.13055386
0.07021023
0.065328725
0.0086943265
0.09847085
0.13227816
0.033355244
0.048442416
0.035643123
0.15797216
0.21804798
0.11633629
0.12424535
0.08117796
0.033708367
0.03582455
0.22573034
0.2787106
0.09928192
0.091813035
0.1403126
0.1542904
0.16310813
0.047971234
0.046759248
0.09294515
0.10940108
0.041308418
0.052822627
0.02972123
0.051097218
0.11641459
0.050111465
0.10411584
0.18511292
0.20669611
0.1462359
0.04995941
0.12170883
0.19170311
0.48077622
0.27608296
0.48582116
0.636134
0.15438941
0.45237812
0.029804682
0.21992108
0.19624577
0.15199225
0.0642908
0.1440061
0.16292615
0.15716143
0.06088564
0.04474086
0.07490945
0.17048566
0.14074738
0.090812996
0.05929714
0.045797627
0.13969491
0.19923328
0.18242395
0.05829451
0.09070798
0.037587088
0.08127922
0.11505378
0.26152545
0.28592753
0.14918067
0.037963543
0.09650614
0.039445437
0.22282745
0.112525485
0.05873493
0.098839864
0.01282986
0.043857783
0.30579364
0.2701444
0.10598631
0.1730347
0.27818784
0.20927928
0.10161051
0.26468962
0.19325441
0.060204525
0.23579441
0.19717756
0.055360015
0.18777859
0.23059824
0.08538824
0.15077047
0.11132175
0.15408449
0.21181604
0.14542449
0.09224029
0.18546411
0.1735141
0.1782304
0.096379474
0.11796832
0.102666415
0.06745027
0.14327411
0.110240005
0.076074146
0.015124855
0.18550943
0.22543782
0.17778383
0.24628432
0.16523021
0.062093128
0.15936731
0.22188029
0.35446867
0.6112166
0.30189684
0.1902575
0.17948242
0.5992659
0.38142014
0.38942954
0.31772602
0.066942275
0.028546587
0.12925625
0.13506454
0.10113581
0.06899935
0.061152756
0.09026924
0.19427507
0.1944454
0.12313592
0.06282172
0.060485985
0.101618625
0.031711236
0.17995471
0.29515323
0.1779808
0.041093506
0.05395203
0.0984345
0.2648306
0.26485425
0.17344809
0.14895645
0.21066995
0.24054895
0.21173775
0.15754746
0.18888663
0.20273508
0.1949769
0.11117158
0.13008437
0.13074577
0.043769464
0.13225633
0.1758832
0.11283833
0.040163103
0.06387687
0.16016614
0.17461146
0.121028595
0.19844042
0.10362959
0.20152575
0.17864862
0.1183761
0.11814334
0.08929046
0.05066939
0.015717968
0.052644715
0.019263105
0.04959157
0.06754976
0.04772835
0.04530805
0.11677841
0.062993295
0.13871217
0.14351398
0.041662477
0.060586654
0.061853345
0.038696863
0.081729226
0.11923752
0.1289666
0.046509635
0.08355565
0.0127999205
0.0877641
0.14329492
0.11346373
0.016846891
0.06621101
0.071366385
0.036978222
0.13611336
0.012362392
0.11611067
0.082234465
0.07515309
0.10879044
0.076489925
0.10139784
0.088940956
0.0640011
0.08221366
0.027491212
0.07676506
0.0711872
0.14439003
0.075638786
0.029588478
0.079585426
0.11351389
0.041232895
0.050458584
0.058050815
0.09513261
0.11087015
0.10962749
0.10383757
0.07145391
0.016975965
0.093748085
0.10772712
0.038970236
0.09207631
0.05979048
0.049004205
0.051597204
0.10076192
0.07113969
0.053646736
0.04678619
0.056173738
0.057082064
0.03849475
0.0409498
0.026998406
0.036905974
0.028268976
0.02450401
0.05632857
0.05280929
0.008942342
0.03719542
0.063572
0.092926525
0.09343369
0.03662721
0.040503092
0.0793747
0.031169437
0.08901271
0.0430436
0.043993834
0.025273638
0.029375108
0.019838039
0.07285519
0.030602405
0.06483618
0.06733231
0.05688908
0.08216497
0.06353067
0.09908116
0.15986165
0.13935053
0.03402396
0.049133107
0.10149214
0.06733957
0.024516247
0.036564454
0.026243946
0.05240616
0.08969926
0.08253762
0.10606456
0.07458735
0.048823293
0.059456635
0.050979823
0.08863217
0.10541019
0.09955919
0.08423564
0.099094346
0.15361461
0.069978006
0.0487774
0.07763005
0.0564004
0.11551205
0.12176992
0.06329741
0.035482176
0.064818785
0.05959426
0.04820038
0.058716435
0.11776053
0.07931646
0.033714406
0.014256591
0.058681905
0.072550915
0.041612335
0.05115551
0.107251264
0.13578972
0.17148966
0.15355806
0.10755969
0.08567892
0.028965982
0.042182777
0.0882708
0.093715206
0.054607797
0.016363664
0.039814834
0.08359698
0.04968693
0.04389285
0.08347979
0.013545025
0.010667333
0.087878846
0.08283719
0.024549304
0.04343276
0.04228421
0.09664174
0.118410505
0.08395089
0.031962648
0.04639008
0.08610417
0.015439528
0.06935967
0.07503513
0.06540268
0.03678986
0.021908352
0.021462759
0.047188442
0.081470996
0.068138845
0.057280045
0.08900379
0.054641355
0.009789317
0.0640116
0.086598665
0.09504715
0.11754993
0.05841929
0.073419034
0.032914903
0.050626323
0.04103608
0.015261927
0.046480183
0.1276526
0.12047083
0.041386444
0.044582818
0.058981437
0.040425576
0.035333145
0.041503206
0.042801235
0.11462377
0.079312384
0.045092992
0.02944448
0.028983032
0.07927092
0.10357865
0.05628458
0.063913465
0.10239677
0.06748131
0.069175236
0.06618909
0.06485049
0.055585887
0.03717863
0.06936434
0.026791442
0.03143153
0.078617066
0.07969833
0.052922983
0.047809217
0.083398156
0.042066827
0.0031989373
0.05225407
0.12649325
0.1545095
0.075032726
0.016824631
0.04342403
0.101175405
0.09499993
0.04312948
0.05861207
0.016274378
0.048596766
0.015265885
0.016143754
0.027382754
0.022683041
0.056578025
0.09184192
0.038179293
0.066259086
0.104208805
0.0798701
0.043497164
0.054568756
0.07011367
0.05696872
0.07324859
0.086135805
0.044842783
0.07992111
0.096146375
0.048087236
0.05794741
0.09761818
0.12699603
0.10688605
0.00848198
0.05440926
0.04387329
0.04266254
0.04536659
0.0631029
0.0735621
0.058762953
0.057320047
0.057424214
0.039655283
0.12976737
0.068667606
0.047824495
0.045951083
0.040488895
0.06692023
0.111748405
0.109425694
0.046431825
0.13463672
0.10827282
0.05157467
0.07707699
0.11420956
0.114789225
0.032918587
0.060929283
0.08116667
0.034285054
0.05141855
0.09751703
0.11432251
0.08193971
0.002401213
0.027275676
0.017583966
0.025965456
0.0107809305
0.03312569
0.051158406
0.104409486
0.15779814
0.12512405
0.060468107
0.06341793
0.10257533
0.065915965
0.036877885
0.07453722
0.12302131
0.14139043
0.087512195
0.031116359
0.1010348
0.05196798
0.03964891
0.044243816
0.07767943
0.06870006
0.061166458
0.019988328
0.058453366
0.07027853
0.032837104
0.022947777
0.02397052
0.007563382
0.026141401
0.0722347
0.056216214
0.008236795
0.044521023
0.07653537
0.07185033
0.0643059
0.0677684
0.014699442
0.031088483
0.022668611
0.049268283
0.07968606
0.09110144
0.014140682
0.039383583
0.036417678
0.04770354
0.08501088
0.07577573
0.046955843
0.026240796
0.029119741
0.08982309
0.091153264
0.09831936
0.06047659
0.029400513
0.043756958
0.079793915
0.11951621
0.057158247
0.034016844
0.05839185
0.085616745
0.11469043
0.12248052
0.06616916
0.03740657
0.011550893
0.018529534
0.043407094
0.0474824
0.10466455
0.0636703
0.046139903
0.08502801
0.1460557
0.12857881
0.069322325
0.04966316
0.045725483
0.063673824
0.085948884
0.06768078
0.013341393
0.017211767
0.052231062
0.05643973
0.06510799
0.053074624
0.034500338
0.06331227
0.073939286
0.07636235
0.025305785
0.08560227
0.05251477
0.03548914
0.08806762
0.08833157
0.023898304
0.008478467
0.071494825
0.059413694
0.0392006
0.084246725
0.06456881
0.03793628
0.04247211
0.027447755
0.080290526
0.07242467
0.08671708
0.10028549
0.06958625
0.06401244
0.04002509
0.042489115
0.09713372
0.07904873
0.02813914
0.091344215
0.06621237
0.026765276
0.0719509
0.07660431
0.12096215
0.109595835
0.03570393
0.026743684
0.04410597
0.116487056
0.09310637
0.05555023
0.071786754
0.025732592
0.04629016
0.0455492
0.05212972
0.07989334
0.052777905
0.045339588
0.033707578
0.048507307
0.0963615
0.123628385
0.0779505
0.06102094
0.100804515
0.106188975
0.08626683
0.02978984
0.05058615
0.08968568
0.082229994
0.044044074
0.015824888
0.057169292
0.042103626
0.022959216
0.043316692
0.012974163
0.03694833
0.07929328
0.075274654
0.099091105
0.064992204
0.043965746
0.04162767
0.044521224
0.042463824
0.01770605
0.030312115
0.075473145
0.10959882
0.089472994
0.07111317
0.051894035
0.0027242415
0.011770693
0.033063296
0.03053471
0.0060491413
0.058104116
0.048472032
0.04574231
0.09524608
0.07485814
0.025820313
0.06911079
0.07375154
0.053202637
0.097099826
0.11679943
0.12244333
0.06361932
0.01415792
0.045499012
0.03114632
0.029347751
0.076719634
0.06290376
0.06014601
0.008350533
0.048259426
0.04133327
0.044605687
0.037501406
0.06658124
0.089399956
0.054036066
0.08651093
0.06202101
0.0348523
0.09414525
0.06936379
0.11291173
0.09844212
0.062146273
0.016275225
0.110667475
0.11412991
0.039830763
0.025511526
0.04743444
0.062113263
0.030809784
0.0694813
0.07958132
0.055230577
0.038481463
0.04705096
0.04695333
0.051053792
0.04174263
0.07198763
0.10299634
0.07449291
0.09482702
0.12588227
0.03930336
0.12152868
0.18291262
0.12702513
0.048563022
0.13680466
0.1282276
0.05131554
0.09031708
0.17082338
0.12654579
0.08876954
0.046497796
0.09236131
0.08246946
0.09019606
0.09555668
0.060007088
0.045589052
0.114428155
0.12030021
0.16355664
0.10835449
0.04906914
0.09249987
0.08824804
0.08989191
0.014848317
0.02997138
0.04944289
0.14589271
0.14440846
0.0897163
0.06157486
0.073802054
0.08577692
0.04830231
0.043064304
0.064515956
0.122922845
0.08550168
0.07974575
0.076522864
0.103717975
0.111660406
0.11110459
0.07851231
0.020558918
0.16064629
0.15101105
0.07855293
0.02636737
0.020422038
0.032863233
0.06711701
0.054831836
0.0523978
0.033663984
0.043629717
0.10164028
0.15707217
0.14528015
0.08994828
0.058919687
0.030367585
0.027315104
0.05240943
0.09716643
0.014864205
0.07110768
0.027093265
0.05451308
0.06334527
0.038172945
0.1475289
0.08489201
0.026459267
0.050579578
0.058191866
0.03151291
0.095151156
0.06127128
0.10344908
0.044925
0.07627325
0.12567563
0.04277483
0.117185146
0.061220363
0.055143777
0.1450385
0.1809776
0.086353056
0.16284427
0.30879584
0.22476158
0.09714143
0.028734809
0.057337746
0.05328536
0.11695526
0.110304974
0.08002786
0.02096217
0.11302419
0.123926036
0.08694773
0.11184582
0.075063854
0.06136793
0.08112706
0.010511858
0.056425646
0.07888708
0.068577185
0.055311397
0.06611978
0.12967636
0.11290031
0.08503148
0.116910644
0.0967
0.056355808
0.13154499
0.2053679
0.11777115
0.11180392
0.20326197
0.15296204
0.023237795
0.062687695
0.05999376
0.08885601
0.017132584
0.06895823
0.14431365
0.15770529
0.20347676
0.08493803
0.06938717
0.08457781
0.024129132
0.11683576
0.16369496
0.16512387
0.1096204
0.04825864
0.08123436
0.09093512
0.03730045
0.11608938
0.15439206
0.13657165
0.107029185
0.0656902
0.1114236
0.13233544
0.048560098
0.033694357
0.028227607
0.056296937
0.12312393
0.16711484
0.090058364
0.04275262
0.09488101
0.11235302
0.07598207
0.032495573
0.075916804
0.13264886
0.023299113
0.15471269
0.14254695
0.045826543
0.23101807
0.17788227
0.026479524
0.08927061
0.06823637
0.07053223
0.079461254
0.11045243
0.08054138
0.21746475
0.24628301
0.20448945
0.12055187
0.04340322
0.083223484
0.13603656
0.11620616
0.12036772
0.14414154
0.21757425
0.18810152
0.14223386
0.11586341
0.089248545
0.12595515
0.07941269
0.10429002
0.077255845
0.055149835
0.04560537
0.17369676
0.21112782
0.13984811
0.11656648
0.08332535
0.07108356
0.1295577
0.11364211
0.10114067
0.09849741
0.10222907
0.10072929
0.080903515
0.122635104
0.16087198
0.1026357
0.07701237
0.18939956
0.1255885
0.07254589
0.08550498
0.067121126
0.14239006
0.1774109
0.23725703
0.2186196
0.14063351
0.1472306
0.123104125
0.05734026
0.08278518
0.12418929
0.08735983
0.12185645
0.06824011
0.0421698
0.06853841
0.0637384
0.061358802
0.10164139
0.13646013
0.05423396
0.08785835
0.11703435
0.07375697
0.07867294
0.09730029
0.059441518
0.029466446
0.13239533
0.12645328
0.08857267
0.041753836
0.12827297
0.088056356
0.094492234
0.025003456
0.054647055
0.020686755
0.028066944
0.08250288
0.0650143
0.073330544
0.074511506
0.04582033
0.029826434
0.079180375
0.013681055
0.042009175
0.043660566
0.068254754
0.029313715
0.03566511
0.037027247
0.08910772
0.10062889
0.088675655
0.020439746
0.04466652
0.06920349
0.06425705
0.034638595
0.033337664
0.05495131
0.0022168697
0.028887054
0.039504893
0.03331499
0.08429565
0.07399416
0.1547687
0.17068857
0.13496795
0.0880575
0.0980381
0.06772021
0.05288845
0.07152351
0.022375407
0.038607914
0.069151886
0.09605702
0.082255244
0.06181386
0.065347366
0.021284504
0.06975998
0.08631613
0.11657104
0.12714577
0.1474846
0.05796989
0.10484219
0.119955935
0.063278995
0.053376067
0.09510091
0.0775479
0.022443548
0.029502109
0.044942528
0.10903923
0.091497034
0.103759535
0.07483505
0.11894986
0.147554
0.1693614
0.11581465
0.072515324
0.09369746
0.11424431
0.10771526
0.117240645
0.12162328
0.07443434
0.0798346
0.12954657
0.07131249
0.10819757
0.09829511
0.062753916
0.07953394
0.024011737
0.03303159
0.04334616
0.04411864
0.08715045
0.082873486
0.014355201
0.011980522
0.07445579
0.0868447
0.07467536
0.032657985
0.06488826
0.07254108
0.029800532
0.05063134
0.10180035
0.06403695
0.051752027
0.061592817
0.030243259
0.02755523
0.06503957
0.1317458
0.096822724
0.05597058
0.08264808
0.076852776
0.04621039
0.032961506
0.025157481
0.08029846
0.05044138
0.053874042
0.068421654
0.10086863
0.10556704
0.101722896
0.05717444
0.08423864
0.08817464
0.08660294
0.07790345
0.06609492
0.04625552
0.10948659
0.053351555
0.08877878
0.046879034
0.042618997
0.07318956
0.057623122
0.047056075
0.065886155
0.08454763
0.1078917
0.029361544
0.05461241
0.14079249
0.17000215
0.15526725
0.07734608
0.033073537
0.062148567
0.021990297
0.062015284
0.077242315
0.069678605
0.10111208
0.09136064
0.043679092
0.018896103
0.049366914
0.09064912
0.097838424
0.056488056
0.029737357
0.040707227
0.0377221
0.01465029
0.03566609
0.073148385
0.024954828
0.06848225
0.040091626
0.013620728
0.06302293
0.05273838
0.026856171
0.049853098
0.04076532
0.0572767
0.095122874
0.07817591
0.046128724
0.08010351
0.021420231
0.029873442
0.023320613
0.024415076
0.017050438
0.09188176
0.09607324
0.07007964
0.09962034
0.16004708
0.08981036
0.057725452
0.031910483
0.06041189
0.07472414
0.09474793
0.075400285
0.080978274
0.086710356
0.06826176
0.1227015
0.1267727
0.10886129
0.015022305
0.052005526
0.022410007
0.020015074
0.018428141
0.033945326
0.05966133
0.036558498
0.100158244
0.094176285
0.06704604
0.06880669
0.06587118
0.06546794
0.021461578
0.07098568
0.07448535
0.06435497
0.052956372
0.009974245
0.051403243
0.09471759
0.11514325
0.067112945
0.044973273
0.024246454
0.053432107
0.19095457
0.31765553
0.29395443
0.25037798
0.2781151
0.16888826
0.12976344
0.07691793
0.3290163
0.09971069
0.52836674
0.5208973
0.40109414
0.33075976
0.6461594
0.7329781
0.29998586
0.22041607
0.14871894
0.06889756
0.14839882
0.11635329
0.08617996
0.07339569
0.01859728
0.046854287
0.077694096
0.025407517
0.03619861
0.003912465
0.0325191
0.06622256
0.039324936
0.03204973
0.06965709
0.04207415
0.036456402
0.09566216
0.13518918
0.07491197
0.017742887
0.0932055
0.039869435
0.1362404
0.1608585
0.117490225
0.11719002
0.15299852
0.11295337
0.06353141
0.060381815
0.076412864
0.08171858
0.08611382
0.09197642
0.08037721
0.031084344
0.035684433
0.051971834
0.054979634
0.044428915
0.082598075
0.1465636
0.15190452
0.12713884
0.07140603
0.042961527
0.07694742
0.087787814
0.061264124
0.06061414
0.08911971
0.08250037
0.087720506
0.075272724
0.08004079
0.03057786
0.023951788
0.097807005
0.0663518
0.050034408
0.046167403
0.0068195737
0.04424975
0.032133725
0.027402094
0.07439606
0.10662564
0.046760246
0.12876725
0.080578014
0.03383782
0.058874708
0.087629944
0.13588353
0.082149625
0.106952414
0.13123514
0.026647666
0.08460106
0.04117665
0.09276415
0.11448728
0.13289279
0.07066473
0.088910535
0.044340562
0.08313326
0.1055683
0.06854929
0.04263646
0.1402984
0.12521611
0.01901602
0.06493852
0.026403343
0.07319083
0.116657205
0.10615479
0.068171114
0.02327605
0.06293663
0.107215755
0.05948162
0.033910915
0.02456283
0.02958373
0.07630506
0.0737865
0.009728437
0.050290313
0.09875112
0.091946594
0.026196428
0.07615234
0.16275789
0.14123243
0.07690957
0.036237415
0.029426621
0.045002937
0.023854095
0.05425367
0.08227007
0.044384345
0.0376029
0.1106039
0.08339933
0.0112226
0.053109296
0.019100588
0.09893601
0.106352665
0.05392978
0.045135953
0.062277354
0.050748996
0.031279497
0.042692862
0.08593674
0.06581565
0.026118893
0.039713133
0.03265744
0.07886531
0.07906974
0.057793986
0.051969517
0.07527832
0.07047337
0.06506334
0.028709149
0.027679287
0.04103471
0.04781431
0.023798274
0.026669146
0.03688901
0.047675457
0.044156022
0.03841892
0.026692882
0.08144041
0.064260356
0.06782485
0.08200793
0.059874184
0.064906314
0.032420296
0.028876241
0.040367346
0.055381384
0.05874319
0.04488645
0.044855278
0.02280271
0.016060608
0.021229712
0.042218953
0.06841635
0.05897459
0.013957315
0.0062323157
0.06188006
0.10611285
0.0566758
0.045145605
0.046015218
0.06312653
0.026733326
0.018330501
0.038315438
0.036050096
0.03708138
0.028178157
0.046230335
0.09628995
0.06707576
0.02041016
0.051200323
0.020439865
0.009838676
0.02097314
0.005757034
0.031634323
0.037252884
0.021958856
0.08218656
0.040305506
0.024345065
0.031309582
0.052982006
0.030602105
0.010578561
0.041253965
0.03196875
0.020297715
0.010338725
0.019902807
0.04112892
0.052923195
0.06378677
0.051530834
0.023526594
0.036542192
0.0694792
0.068111226
0.061915502
0.04583974
0.028831294
0.039734
0.048647363
0.043588582
0.01229655
0.025309492
0.040908355
0.028918453
0.008428099
0.038611073
0.07609594
0.06031675
0.027111547
0.0071953204
0.027945237
0.07012101
0.07597172
0.09901113
0.09983455
0.062808014
0.0424719
0.03160407
0.044693924
0.08283132
0.06278064
0.028245647
0.029158205
0.025281169
0.012218095
0.037626248
0.042828586
0.03467438
0.027963184
0.021847509
0.031305008
0.039836176
0.05142079
0.04934454
0.016014846
0.012485432
0.03837106
0.045793984
0.04510732
0.02411886
0.03285104
0.020963581
0.014148929
0.023450093
0.04322035
0.04173259
0.057405837
0.11059004
0.077770084
0.05047597
0.0101411175
0.06301807
0.04888732
0.026887726
0.014479297
0.058193643
0.0
0.0
0.0
0.0
0.0
-0.003051775
0.0
-0.0030517213
0.0
0.0030516528
-0.0030516135
-0.006103141
-0.0030515236
-0.0030514733
-0.0030514195
0.0
-0.003051301
-0.0030512363
-0.003051168
-0.003051096
-0.0030510207
-0.0030509417
0.0
0.0
0.0
0.0030505897
0.0
0.0
0.0
0.0
0.0
0.0
0.0030498356
0.0030497136
0.0
-0.0030494586
-0.0030493257
-0.0030491892
-0.0030490493
0.0
0.0030487585
-0.0030486076
0.0
-0.0030482954
-0.0030481338
0.0
0.0
0.0
0.0
-0.0030472726
-0.006094179
-0.0030469028
0.0
0.0
0.0
-0.0030461205
-0.006091832
-0.006091416
-0.0060909926
-0.0030452812
0.0030450623
0.00304484
0.0
-0.0030443843
-0.0030441512
0.0030439147
0.0030436744
0.0030434304
0.0030431831
0.0
0.0030426774
0.0030424194
0.0030421577
0.0030418923
0.0
0.0030413512
0.0030410753
0.0030407957
0.006081025
0.003040226
0.0
0.0
-0.0030393444
0.0
0.003038739
0.003038431
0.0030381195
0.0
0.0030374855
0.0030371633
0.0030368373
0.0030365079
0.0
-0.0030358385
-0.0030354983
-0.003035155
0.0030348075
0.0030344569
-0.0030341025
-0.0030337449
-0.0060667666
-0.006066037
-0.0030326499
0.0
0.0030319025
0.0030315232
0.0
0.0
-0.0030303646
0.0
0.0
-0.0030291742
0.0
-0.0060567255
-0.0030279518
0.0
0.0030271192
0.0030266976
0.0
0.0
0.0
0.003024976
0.0
0.0
0.0
0.0
0.0
0.0
0.0
0.0
0.0030208959
0.0
0.0
0.0
0.0
0.0
0.0
0.0
-0.0030170297
0.0
0.0
0.0
0.0060300245
0.006028998
0.0030139827
0.0030134625
0.0
0.0
0.0
0.006022694
0.006021619
0.0060205366
0.0
0.0060183513
0.006017248
-0.003008069
0.0
-0.0030069482
-0.0030063826
0.0
-0.0030052413
-0.0030046653
0.0060081715
0.0060070055
0.0030029162
0.006004653
0.003001733
0.0030011362
0.0060010715
0.002999932
0.0
0.005997428
0.0029981
0.0029974822
0.005993722
0.0059924726
0.0059912167
0.0029949767
0.0029943418
0.0059874067
0.005986123
0.008977248
0.0059835347
0.0
0.0
0.0
0.0029891375
0.005976943
0.002987802
0.0
0.0
-0.002985773
0.0029850898
0.005968806
0.0059674256
0.0029830192
0.0
-0.002981622
0.0
0.0
0.0
0.0059575723
0.005956137
0.0059546954
-0.0029766234
0.0
0.0029751642
0.0029744296
0.005947383
0.0
0.005944411
0.0029714573
0.0
0.0029699504
0.0
0.0029684303
0.00593533
0.0029668964
0.0
0.0
0.0029645702
0.0
0.0
0.0029622135
0.0029614212
0.0029606256
0.011839306
0.002959024
0.002958218
0.0
0.0
0.0059115607
0.0
0.0
0.0
-0.002952483
0.0
0.0
0.0
0.0
0.0
0.0
-0.002946583
0.002945727
0.0029448674
0.0029440045
0.0029431384
0.0
0.0
-0.0029405195
0.00293964
0.0
0.0029378708
0.0
0.0
0.0
0.0029342927
0.00293339
0.0029324838
0.0058631487
0.0029306617
0.0029297455
0.0
0.0
0.0
0.0029260484
0.0
0.0
0.0
-0.0058445963
0.0
-0.005840807
-0.005838902
0.0
0.0
0.0029165747
0.0029156092
0.0
0.0
0.0029126934
0.0
0.0
0.0029097481
0.0
0.0
0.0029067737
-0.005811551
0.0
0.0029037697
-0.005805524
0.002901751
0.0
-0.005799439
-0.0028986987
-0.0028976747
-0.005793295
0.0
0.0
0.0
0.0028925065
0.0
0.0
0.0
0.0
0.0
0.0
0.0028851363
-0.0028840704
0.0028830015
0.0
-0.002880854
0.0
0.0
0.0
0.0
0.0
-0.0028743353
0.0
0.0
-0.002871033
0.0
-0.0028688156
-0.0028677022
-0.0028665855
-0.0028654658
0.0
-0.002863217
-0.0028620877
-0.0028609554
-0.00285982
-0.0028586814
-0.005715079
-0.0028563947
-0.0028552467
0.0
-0.0028529412
-0.0028517838
-0.0028506233
-0.0056989193
0.0
-0.005694246
0.0
-0.002844774
-0.0028435946
-0.0028424123
-0.002841227
-0.0028400384
-0.0056776935
0.0
-0.0028364544
-0.0028352535
-0.0028340495
-0.0028328425
-0.0028316325
-0.0028304192
-0.0028292031
-0.0028279838
-0.0028267615
-0.002825536
-0.0028243074
-0.002823076
-0.0028218413
0.0
0.0
-0.0028181192
-0.0028168724
-0.0028156226
-0.0028143697
-0.0028131139
-0.002811855
-0.002810593
-0.0056186556
-0.0056161196
-0.0028067888
-0.0056110295
-0.0028042379
0.0
-0.0056033493
-0.005600777
-0.005598199
-0.0055956147
-0.0027965123
-0.0055904286
-0.0027939132
-0.0027926092
-0.0055826046
-0.0055799843
-0.0027886792
-0.0027873632
-0.008358133
-0.0027847225
-0.0027833977
-0.0027820698
-0.0055614784
-0.0027794056
0.0
0.0
0.0
-0.0055480823
-0.0027726928
-0.0027713412
-0.005539974
-0.00276863
-0.0055345395
-0.0027659065
-0.005529081
-0.0027631717
-0.0027617998
-0.0055208504
-0.0027590476
-0.0055153337
-0.005512567
-0.002754897
-0.0027535078
-0.0055042314
-0.0027507208
-0.005498646
-0.008243767
-0.0027465185
-0.008235335
-0.005487405
0.0
-0.0054817502
-0.0027394572
-0.0027380362
-0.0027366127
-0.0027351861
-0.0054675136
-0.005464649
0.0
0.0
-0.0027280108
0.0
-0.0054502413
-0.005447343
0.0
-0.005441529
0.0
-0.0027178463
-0.0027163832
-0.002714917
-0.0027134481
-0.005423953
-0.005421004
-0.0027090246
-0.0054150894
0.0
-0.0054091522
-0.0027030879
0.0
-0.0054002055
0.0
-0.005394213
-0.0053912085
-0.005388199
-0.0026925916
-0.0053821625
-0.005379136
-0.0053761043
-0.0080596
0.0
-0.0026834877
0.0
0.0
-0.005357798
-0.005354728
-0.0053516524
0.0
0.0
-0.0026711968
-0.0053392965
-0.008004291
-0.0053330865
-0.005329973
-0.0053268545
-0.0026618652
0.0
-0.005317467
-0.010628654
0.0026555907
-0.0026540156
0.0026524374
0.0
-0.0052985474
0.0
-0.002646099
0.002644508
0.0
0.0026413177
0.0
-0.002638117
0.0
-0.0026349057
-0.0026332962
0.0
-0.0026300694
-0.002628452
0.0
-0.0026252095
0.0
0.0
-0.0026203264
-0.0026186935
0.0
0.0
0.0
0.0
0.0
-0.0026088424
0.0026071917
0.0026055383
0.0026038825
0.002602224
0.0
0.0025988996
0.0
0.002595565
0.002593894
0.0
0.0
0.0
0.0
0.0
0.0
-0.0025821265
0.0
0.0
-0.002577046
0.0025753477
0.0025736466
0.0
0.0025702373
-0.002568529
0.0
0.002565105
0.0025633893
0.0
0.0025599506
-0.0025582276
-0.0025565021
0.0
0.0
0.0
-0.002549576
-0.0025478385
0.0
-0.0025443563
0.0025426117
0.0025408645
0.0
0.0
0.0
-0.0025338521
0.0
0.0025303317
0.0
0.0025268018
0.0
-0.0025232625
0.0
0.0
0.0025179358
0.0025161556
0.005028746
0.0025125882
0.0025108012
0.0
0.0
0.0
0.0
0.0025018305
0.0025000295
0.0
0.0
0.0
0.0
0.0
0.0024891752
0.0
0.0
0.004967435
0.0024818936
0.0024800678
0.0
0.0
0.0
0.004945482
0.004941808
0.0024690644
0.0
-0.002465379
-0.0024635328
0.0
0.002459834
0.0
0.0
0.0024542694
0.0024524103
0.0
0.0024486852
0.0048936387
0.0048899027
0.0024430812
0.0
-0.004878669
0.004874916
0.0024355792
0.0024336984
0.0024318153
0.0
-0.002428043
-0.004852307
0.002424262
0.0
0.0048409454
0.0024185749
0.0
0.0024147728
-0.0048257373
0.0024109625
0.0024090542
-0.0024071436
-0.0024052311
-0.0024033168
-0.0048028002
-0.0023994814
0.0023975607
-0.004791276
-0.0023937132
0.0023917863
-0.0023898573
-0.0023879264
-0.0023859935
-0.0023840584
0.0023821215
-0.0023801825
-0.0023782414
0.0023762984
0.0023743534
0.0
-0.0023704572
-0.0023685063
0.0
0.0023645982
0.0023626413
0.0047213645
0.0023587213
0.0023567586
-0.0023547937
-0.002352827
0.0023508584
0.0046977755
0.007040745
0.0023449406
0.002342964
-0.0023409857
0.0023390055
0.0023370232
0.0023350392
0.0046661063
0.0023310652
0.0023290752
0.0023270836
0.00465018
0.0023230945
0.0023210973
0.004638196
0.0046341936
0.002315094
0.002313089
0.006933247
0.002309074
0.0046141273
0.0023050513
0.0023030373
0.004602043
0.0022990038
0.0022969844
0.002294963
0.00229294
-0.002290915
0.0022888882
0.0045737196
0.0022848293
0.0022827971
0.0022807634
-0.0022787277
0.0022766902
0.002274651
0.00227261
0.0022705672
0.0022685227
0.0022664766
-0.0022644287
0.0045247576
0.004520655
0.0022582742
0.0022562195
0.0022541627
-0.0022521045
-0.0022500444
0.0022479827
0.0
0.0067315623
0.0022417873
-0.0022397188
0.0022376485
0.0
0.0022335032
0.004462856
0.002229351
0.0022272724
0.0022251923
-0.0022231105
0.002221027
0.002218942
0.0
0.0022147668
0.002212677
-0.0022105852
0.002208492
0.0022063972
0.0022043008
0.0044044056
0.0022001031
-0.0021980018
0.0
0.0
0.0
0.0021895813
0.0
-0.0021853617
0.0
0.0021811358
0.0021790206
0.0
0.0043495707
0.0021726657
-0.0021705441
0.0
0.0
0.0
0.0
0.0
-0.0021577843
-0.0021556523
0.0
0.0
0.0021492478
0.0
0.0021449707
0.0
-0.0021406878
0.002138544
0.002136399
0.0021342526
0.0021321047
0.0
-0.0021278046
0.0
0.0
0.0042426875
0.0042383745
-0.0021170296
0.0
0.0
0.0021105479
0.0021083844
0.0
0.0
0.0
0.0
0.0
0.0041907514
0.0
0.0
0.0
-0.0020866764
0.0
0.0041646375
0.004160276
0.002077956
0.0
0.0041471757
0.0020714018
0.004138429
0.006201078
0.0
0.0
0.0
0.0
0.0020560645
0.008215473
0.002051671
0.0
0.0020472726
0.0
0.0
0.0061219977
0.0020384612
0.0020362553
0.0
-0.00406368
0.0
0.0
0.006075624
0.00809198
0.0060623423
0.0
-0.0020163488
0.0
0.0020119124
0.0080387695
0.008029886
0.008020996
0.0020030257
0.0
0.0
0.0019963488
0.005982363
0.0059756762
0.0039793244
0.003974862
0.0019851988
0.003965931
0.003961462
0.0039569912
0.0039525186
0.0019740216
0.0019717831
0.0019695433
0.0039346055
0.0
0.0019628182
0.0
0.0019583295
0.0019560836
0.0019538368
0.0039031778
0.00194934
0.0038941803
0.0019448393
0.0019425874
0.0019403347
0.0038761615
0.005807478
0.0038671405
0.0038626273
0.0
0.0019267973
0.0019245378
0.0038445545
0.0057600476
0.0038355072
0.0019154903
-0.0019132261
-0.001910961
0.0
0.0038128563
0.0038083205
0.0019018917
0.0
0.0018973516
0.0018950802
0.001892808
0.005671605
0.0018882611
0.0018859863
0.0037674215
0.0018814342
0.0037583138
0.0037537576
0.0018745998
0.0018723201
0.0018700395
0.003735516
0.0018654758
0.0055895783
0.001860909
0.0018586244
0.001856339
0.0018540529
0.003703532
0.0036989565
0.0018471899
0.0018449007
0.0018426107
0.00552096
0.0018380285
0.0018357363
0.0018334434
0.0
0.0018288554
0.0018265604
0.0054727937
0.0018219681
0.0018196709
0.0018173731
-0.0018150745
0.0
0.0036209507
0.007232699
0.0072234944
0.0036071432
0.0
-0.0017989659
0.001796662
0.005383073
0.0053761574
0.0017897467
0.0017874404
0.0
0.0
0.0035610353
0.0053346264
0.0053276983
0.0035471788
0.0
0.0
0.0017666561
0.0017643437
0.005286093
0.0052791527
0.0017574036
0.001755089
-0.0017527741
0.003500917
0.0052444274
0.0017458257
0.0017435086
0.001741191
0.0017388728
0.0017365542
0.0017342351
0.0017319154
0.0
0.0
0.0034499073
0.0017226321
0.0017203101
0.0034359752
0.0017156648
0.0
0.0
0.0
0.0034127373
0.003408087
0.003403436
0.0033987842
0.0
0.001694739
0.0
0.0016900843
0.0016877564
0.0033708562
0.0016830994
0.0
0.001678441
0.0
0.0016737811
0.0016714507
0.0016691198
0.0016667887
0.0016644573
0.0016621253
0.0
0.0033149216
0.0
0.001652795
0.0016504617
-0.001648128
0.0016457941
0.0
0.0
0.0016387906
0.0016364555
0.0
0.0016317847
0.0
-0.0016271129
0.0
0.0
0.0
0.0016177665
0.0016154293
-0.0016130919
0.0
0.0016084164
0.0
0.0
0.001601402
0.0
0.0
-0.0015943858
0.0015920468
0.0015897077
0.0015873683
0.0
-0.0015826892
0.0015803494
0.0
0.0015756695
0.0
0.0
-0.0015686488
-0.0015663084
0.0015639679
0.0
0.0015592865
0.0
0.0
0.001552264
0.001549923
0.0015475819
0.0
0.0030857993
0.0030811168
0.0
0.001535876
-0.0015335347
0.0015311934
0.0030577043
0.0030530216
0.0015241695
0.0030436565
0.0015194869
0.0
0.0015148043
0.0
0.0015101219
0.0015077807
0.0
0.0
0.0015007575
0.0014984165
0.0014960757
0.0014937348
0.0014913941
0.0
0.0
-0.0014843723
0.0014820319
0.0014796916
0.0014773514
0.0014750113
-0.0014726714
0.0014703316
-0.001467992
0.0014656524
0.001463313
0.0
0.0014586346
0.0014562956
0.0014539568
0.0014516183
0.0014492797
0.0014469415
0.0014446034
0.0014422656
0.0
0.0
0.0014352531
0.001432916
0.0014305791
0.002856485
0.0028518124
0.00142357
0.0014212341
0.0014188983
0.0014165629
0.0028284555
0.0014118929
0.0014095583
0.001407224
0.0014048899
0.0014025561
0.0042006676
0.0013978893
0.0013955565
0.0027864478
0.0
0.0013885596
-0.001386228
-0.0013838967
0.0013815657
0.0
0.0013769048
0.0
0.0
-0.001369916
0.0
0.0
0.0
0.0
-0.0013582754
0.0
0.0
0.0
-0.0013489701
-0.0013466448
-0.0013443199
-0.0040259864
-0.0013396714
-0.0013373479
-0.0013350247
-0.001332702
0.0
0.0
0.0
0.0
-0.0039632865
-0.0039563267
-0.0013164562
-0.0013141374
0.0
-0.001309501
-0.003921551
-0.005219467
-0.0013025504
-0.0013002346
0.0
0.0012956045
-0.0025865806
-0.00387293
-0.0025773272
0.001286351
0.001284039
0.0
0.0
-0.002554213
-0.0025495936
-0.0025449754
0.0
0.0
-0.002531128
-0.0012632573
-0.0025219026
-0.0025172918
-0.0025126822
-0.0025080738
-0.0025034668
-0.002498861
-0.0024942565
-0.0024896534
-0.0012425258
-0.002480451
-0.002475852
-0.0024712542
-0.0012333288
-0.0012310314
-0.0012287345
-0.002452877
-0.002448286
-0.004887393
-0.0024391084
-0.001217261
-0.0024299368
-0.0012126766
-0.0012103856
-0.0024161905
-0.0024116111
-0.0012035168
-0.0012012287
-0.0011989414
0.0011966549
-0.0011943692
-0.0023841683
-0.0011898
-0.0011875165
-0.0011852339
0.0011829521
-0.0011806712
-0.0011783909
-0.0011761115
0.0
-0.0011715553
-0.0011692784
-0.0011670024
-0.0011647271
-0.0011624529
-0.0011601793
-0.0011579067
-0.0011556349
-0.0011533641
0.0
-0.0011488249
0.0
-0.0011442893
-0.0011420228
-0.0011397572
-0.0011374926
0.0011352289
0.0
-0.0022614084
-0.0022568866
0.0
0.0
-0.001121666
0.0
-0.0022343053
-0.0011148974
0.0
0.0
0.0
0.0
0.0
-0.0022027728
-0.0021982759
0.0
-0.0021892886
0.0
0.0
0.0
0.0
0.0
-0.0021623753
0.0
0.0
-0.0021489467
0.0
-0.0021400051
-0.0010677687
0.0
-0.0021266085
-0.0010610737
0.0
-0.0031698474
-0.0021087772
0.0
-0.0010499373
0.0
0.0
-0.001043269
-0.0010410484
-0.003116487
-0.0010366108
0.0010343937
-0.0010321777
0.0
0.0
-0.0010255369
-0.0010233257
-0.0010211156
-0.0010189067
0.0
-0.0010144925
-0.0010122872
-0.0010100831
-0.0010078803
-0.0010056787
-0.0010034782
-0.001001279
-9.990811E-4
-9.968844E-4
-9.94689E-4
-9.924946E-4
-9.903017E-4
-9.8811E-4
-0.0019718392
-9.837304E-4
-9.815425E-4
-9.793559E-4
-9.771707E-4
-9.749866E-4
-0.0019456077
-0.0019412448
-0.0019368846
-0.0019325269
9.64086E-4
0.0
-0.00191947
-9.575615E-4
-0.0019107786
-0.0028596555
0.0
-9.4888086E-4
-0.0018934283
-9.445487E-4
-0.002827154
-0.002820666
-0.0028141823
-0.0028077026
-9.337423E-4
-0.0018631704
-0.001858859
-0.0018545504
-0.0018502446
-0.0018459416
-0.0018416415
-0.0018373441
-0.0027495746
-0.0027431373
-0.0018244695
-0.0018201837
-0.0018159009
-0.0027174314
-0.0018073438
-0.0027046045
-0.0017987984
-0.0017945303
-0.0026853974
-0.002679004
-0.0017817434
-0.001777487
-0.0017732336
-0.0017689833
-0.002647104
-0.0026407377
-0.0017562505
-0.0026280186
-0.0017477772
-0.0017435452
-0.0026089742
-0.0017350903
-0.0025963013
-0.0017266478
-0.0017224313
-0.0025773267
-0.0034280152
-0.004274501
-0.0025583946
-0.0034027912
-0.001697198
-0.0033860072
-0.0033776246
-0.0025269364
-0.003360879
-0.0025143868
-0.0016720796
-0.0025018565
-0.0033274652
-0.002489346
-0.0033107975
-0.0024768552
-0.001647078
-0.0024643838
-0.0024581559
-0.0024519328
-0.0024457145
-0.0016263343
-0.0016221956
-0.0024270902
-0.0016139282
-0.0024146994
-0.004014186
-0.002402329
-0.0015974343
-0.0015933193
-0.0015892078
-0.0031701995
-0.003952488
-0.002365341
-0.0023591942
-0.002353053
-0.0015646113
-0.0015605241
-0.0015564404
-0.0015523601
-0.0023224254
-0.0023163157
-0.0023102113
-0.0023041123
-0.0022980187
-0.0015279535
-0.0015238983
-0.0022797699
-0.0022736979
-0.0030235082
-0.00226157
-0.0015036761
-0.0022494637
-0.0014956127
-7.457932E-4
-0.0022313457
-0.0014835449
-0.0022192947
-0.0022132776
-7.357553E-4
-0.0014675065
-0.0014635063
-0.0014595096
-0.0021832753
-0.0014515277
-7.237712E-4
-0.0014435609
-7.1979157E-4
-0.0014356092
-0.0021474587
-0.0021415092
-0.0021355655
-0.0021296274
-0.0014157968
-0.0021177686
-0.002111848
-7.0197775E-4
-0.0014000161
-0.0013960806
-6.960745E-4
-0.0013882214
-6.921488E-4
-0.0013803778
-0.0020646928
-0.0027450998
-0.0034216049
-0.001364738
-0.0013608378
-6.784709E-4
-0.0013530498
-0.0020237425
-0.0020179164
-0.0013413975
-6.6876074E-4
-6.6682475E-4
-6.6489074E-4
-0.0013259177
-0.0013220578
-6.59101E-4
-6.5717514E-4
0.0
-6.533296E-4
-6.514099E-4
-6.494923E-4
-6.4757676E-4
-6.4566324E-4
-6.437518E-4
-6.4184243E-4
-0.0012798704
-6.3803E-4
-6.361269E-4
-6.342259E-4
-6.32327E-4
-0.0012608604
-6.285355E-4
0.0
-0.001249505
-6.228641E-4
-6.2097795E-4
-0.0012381877
-6.172119E-4
-6.153321E-4
-6.1345444E-4
-6.1157893E-4
-0.0012194111
-0.0012156687
-6.059653E-4
-6.0409843E-4
-0.0012044675
-6.0037116E-4
-5.9851084E-4
-5.966527E-4
-5.947967E-4
0.0
-5.910913E-4
0.0
0.0
-5.8554974E-4
0.0011674139
0.0
0.0
5.78192E-4
0.0
0.0
0.0
-5.7086995E-4
5.690451E-4
0.0
5.6540204E-4
0.0011271678
0.0
5.5995444E-4
0.0
0.0
0.0
5.527229E-4
0.0
-5.491208E-4
-5.473232E-4
0.0
0.0
0.0
5.40156E-4
0.0
0.0
0.0
5.330258E-4
-5.3124916E-4
-5.294748E-4
0.0010554056
-5.259331E-4
0.0
5.224009E-4
0.0
0.0
0.0
5.1536475E-4
0.0
0.0
0.0
0.0
5.066232E-4
0.0015146461
0.0
0.0010028139
9.993461E-4
0.0
0.0014886375
0.0014834575
4.927616E-4
0.0014731195
0.0014679615
9.7520713E-4
0.0019435564
0.0019367083
0.00192987
0.0014422812
9.581115E-4
4.7735355E-4
9.513077E-4
0.0018958264
0.0018890473
0.0014117087
9.3775947E-4
9.343848E-4
9.310152E-4
0.0018553011
0.0018485818
0.0018418725
0.00137638
9.14242E-4
4.5545123E-4
0.0013613519
0.0013563577
0.0013513711
0.0017951893
0.0013414206
8.9097116E-4
0.0013315006
0.001326552
0.0017621482
0.0017555705
0.0013117524
0.0013068345
0.0017358991
0.001297022
0.0017228363
0.0021454003
0.001282361
0.0021291492
0.0016968345
0.0021129497
0.0021048696
0.0016774419
0.0020887482
0.002080707
0.0012436074
0.0016517312
0.0016453296
0.0016389387
0.0028569766
0.0020327352
0.0016198286
0.0016134798
0.0016071415
0.002001017
0.0023917449
0.0027793327
0.0015818942
0.001575609
0.0023540016
0.0019538382
0.002335226
0.0023258622
0.0023165145
0.0023071829
0.0019148896
0.002288568
0.0022792849
0.002270018
0.0026375619
0.0018762773
0.0018685954
0.0018609271
0.0022239268
0.0025838837
0.0029408059
0.0025625457
0.0025519053
0.0018152029
0.002169156
0.0025200993
0.0028680407
0.0024989913
0.0021329708
0.0021239659
0.0021149775
0.0024570066
0.0024465588
0.0024361303
0.0024257211
0.0024153315
0.0027485273
0.0020525237
0.002724891
0.0030522447
0.002701344
0.0026896042
0.0026778865
0.0029994654
0.0029863336
0.0026428686
0.0023023358
0.0026196358
0.0026080534
0.0025964933
0.0035543146
0.0028951217
0.0028821933
0.0028692903
0.002856413
0.0031595125
0.0031452612
0.0031310385
0.00280516
0.0031026788
0.0027796878
0.0024595468
0.0033663893
0.003046303
0.0030322808
0.0033201163
0.0024034583
0.0029903874
0.0029764806
0.0029626028
0.0032436291
0.0035219206
0.0029211428
0.002907381
0.002893648
0.0025919501
0.003439524
0.0034231495
0.00340681
0.0031079636
0.0025306775
0.003078169
0.0025063527
0.0030485035
0.0035853046
0.0030189673
0.0027311344
0.0029895608
0.0027044602
0.0026911674
0.0032134852
0.0029311378
0.0031817602
0.003165951
0.0031501777
0.0026120332
0.0025989483
0.0031030716
0.0025728678
0.0030718467
0.0028015974
0.0022805738
0.0027731718
0.0027590084
0.0027448782
0.0022342755
0.0022227683
0.0027026858
0.0021998356
0.00218841
0.0024189018
0.0021656402
0.0023936625
0.0026191971
0.0023685445
0.0025916342
0.0025779025
0.0020979855
0.0023186728
0.002306281
0.0027527036
0.0022815887
0.0018154308
0.0022570188
0.0017958239
0.0017860571
0.0022203936
0.0017665973
0.0017569042
0.0019656403
0.0017375919
0.0017279728
0.0017183782
0.0014952073
0.0016992632
0.0016897429
0.0016802473
0.0018796235
0.0018689968
0.0014454207
0.001642513
0.0016331414
0.0016237949
0.0018162824
0.0014045294
0.0013964167
0.0013883257
0.0011830771
0.0011761796
0.0011693009
0.0011624409
0.0013481997
0.0017231661
0.0011419739
0.0011351893
0.0011284236
0.0011216768
0.0011149488
0.0012929465
9.1795815E-4
9.123989E-4
7.254844E-4
7.2106236E-4
5.374897E-4
7.1225624E-4
8.8484026E-4
7.035009E-4
6.991423E-4
5.210973E-4
3.4523162E-4
5.146071E-4
5.1137636E-4
5.081552E-4
5.0494366E-4
1.6724721E-4
1.6618308E-4
1.6512215E-4
1.6406442E-4
4.890297E-4
3.2391716E-4
4.8273144E-4
1.598656E-4
1.5882392E-4
1.5778546E-4
4.702507E-4
4.6715466E-4
3.0937887E-4
1.5366387E-4
1.5264156E-4
1.5162246E-4
0.0
0.0
2.971692E-4
1.4757847E-4
0.0
0.0
-1.4457954E-4
0.0
0.0
-1.4160988E-4
-1.4062651E-4
-1.3964639E-4
-1.3866955E-4
-1.3769597E-4
-1.3672565E-4
-1.3575862E-4
-1.3479484E-4
-2.6766869E-4
-2.6575426E-4
-3.9576957E-4
-2.6194507E-4
-3.9007547E-4
-5.163243E-4
-3.8442083E-4
-3.8160832E-4
-3.7880568E-4
-3.760129E-4
-4.9764005E-4
-3.704571E-4
-3.6769404E-4
-6.082348E-4
-6.0366275E-4
-5.9910724E-4
-4.7565464E-4
-4.720367E-4
-4.6843206E-4
-5.810508E-4
-5.765782E-4
-5.7212217E-4
-6.812193E-4
-6.759119E-4
-6.706245E-4
-6.653571E-4
-6.601096E-4
-6.548822E-4
-6.496748E-4
-7.51902E-4
-6.3932006E-4
-7.398682E-4
-7.338864E-4
-7.27928E-4
-7.219931E-4
-7.160816E-4
-7.101936E-4
-7.0432905E-4
-7.9827197E-4
-7.916233E-4
-7.8500155E-4
-7.784067E-4
-7.718387E-4
-8.609599E-4
-7.5878354E-4
-7.522964E-4
-8.3906576E-4
-8.318284E-4
-8.246214E-4
-9.08272E-4
-9.003318E-4
-8.031829E-4
-7.9609756E-4
-8.7671407E-4
-8.6890924E-4
-9.4725203E-4
-0.0010240814
-9.3026774E-4
-9.218315E-4
-9.964721E-4
-7.4051286E-4
-7.337022E-4
-8.0769137E-4
-8.0019207E-4
-7.9272676E-4
-7.8529556E-4
-7.778984E-4
-9.2464243E-4
-8.3952706E-4
-7.559116E-4
-8.23516E-4
-8.1556686E-4
-8.810785E-4
-7.9978135E-4
-7.91945E-4
-8.554324E-4
-7.7638536E-4
-8.3854044E-4
-8.9933584E-4
-8.21813E-4
-8.13511E-4
-8.723545E-4
-7.306115E-4
-7.888524E-4
-9.108346E-4
-7.0823455E-4
-7.64565E-4
-8.195978E-4
-6.861983E-4
-7.4064947E-4
-7.938236E-4
-7.8532187E-4
-8.3662383E-4
-7.093412E-4
-7.016177E-4
-7.517636E-4
-6.8629504E-4
-6.786959E-4
-7.2706654E-4
-6.6362234E-4
-6.5614784E-4
-7.0277444E-4
-6.413235E-4
-7.396361E-4
-6.266656E-4
-6.193991E-4
-6.121743E-4
-6.0499104E-4
-5.4802874E-4
-5.907497E-4
-6.3233264E-4
-5.2861904E-4
-5.2222563E-4
-5.158706E-4
-5.558768E-4
-5.032753E-4
-4.9703516E-4
-5.3545454E-4
-4.846699E-4
-4.7854485E-4
-4.2950743E-4
-4.664099E-4
-4.6040004E-4
-4.957403E-4
-4.89268E-4
-4.4260116E-4
-4.3674512E-4
-4.3092755E-4
-4.2514852E-4
-4.57536E-4
-4.13706E-4
-4.451373E-4
-4.0241762E-4
-3.9683128E-4
-4.2685476E-4
-4.208448E-4
-4.148769E-4
-4.0895116E-4
-4.3665656E-4
-3.9722613E-4
-3.9142687E-4
-3.8566982E-4
-3.7995493E-4
-3.7428227E-4
-3.3793086E-4
-3.6306368E-4
-3.5751774E-4
-3.2267955E-4
-3.176733E-4
-3.127058E-4
-2.518176E-4
-2.7535195E-4
-2.7094182E-4
-2.66567E-4
-2.6222746E-4
-2.8371558E-4
-2.5365432E-4
-2.4942076E-4
-2.452225E-4
-2.6516555E-4
-2.6062527E-4
-2.3283988E-4
-2.516614E-4
-2.2476166E-4
-1.9869808E-4
-2.1682504E-4
-1.9161885E-4
-2.0903005E-4
-2.051857E-4
-1.8123911E-4
-1.9760334E-4
-1.744788E-4
-1.7114653E-4
-1.6784618E-4
-1.4629135E-4
-1.434145E-4
-1.5813678E-4
-1.3774598E-4
-1.1808505E-4
-1.15667244E-4
-1.13274305E-4
-1.4259375E-4
-1.2407209E-4
-1.2142262E-4
-1.3365182E-4
-1.1620906E-4
-9.9439356E-5
-1.11109366E-4
-9.502695E-5
-9.285813E-5
-9.071424E-5
-7.593881E-5
-8.650126E-5
-8.4432184E-5
-7.0618335E-5
-6.888761E-5
-7.837466E-5
-5.457529E-5
-6.382381E-5
-5.181557E-5
-5.0462466E-5
-5.895265E-5
-4.7809794E-5
-4.651023E-5
-4.5228524E-5
-5.27576E-5
-5.1262406E-5
-2.4894323E-5
-4.028027E-5
-3.9087867E-5
-3.791333E-5
-4.410801E-5
-3.5617886E-5
-4.139638E-5
-3.3393957E-5
-2.584705E-5
-3.1241558E-5
-3.0192188E-5
-2.332857E-5
-2.2517703E-5
-1.6290864E-5
-1.570419E-5
-2.017101E-5
-9.70871E-6
-1.4008616E-5
-1.3464912E-5
-1.2931952E-5
-1.240974E-5
-1.1898275E-5
-7.598373E-6
-7.27173E-6
-6.9522544E-6
-6.639947E-6
-9.502213E-6
-3.0184206E-6
-5.7460434E-6
-8.193626E-6
0.0
-4.916681E-6
-2.3272864E-6
-4.3996383E-6
-4.151878E-6
-1.9556464E-6
-1.8389417E-6
0.0
-1.6162967E-6
-1.5103569E-6
-1.408006E-6
-3.9277325E-6
0.0
0.0
-3.103487E-6
-2.8502773E-6
-8.6927935E-7
-7.920567E-7
-1.4368491E-6
-6.483831E-7
-5.8193257E-7
-5.19073E-7
-9.196094E-7
-8.082554E-7
0.0
-3.0354812E-7
0.0
0.0
-3.592334E-7
0.0
0.0
-8.801307E-8
6.466283E-8
0.0
0.0
1.6165792E-8
0.0
1.796202E-9
0.0
