0.24224503
2.6366317
1.0850594
11.041606
28.980967
48.70696
71.288315
57.180416
66.24237
170.48714
208.76543
135.99825
46.830574
192.18083
185.90964
93.55725
50.19723
118.37605
121.15018
85.969246
63.7856
23.123964
7.4020267
19.468876
31.478258
23.510994
16.046799
20.87624
16.85777
11.090034
10.998602
9.605478
6.836956
9.897333
9.217933
6.015036
2.846203
0.9790232
5.5016766
6.7011786
6.4964952
5.8384356
4.2754455
2.697969
1.5623603
0.47396815
2.249789
1.9323214
1.120965
0.79285234
0.459429
0.46490857
0.5352889
0.43643242
0.5819425
0.5629724
0.34784067
0.21555834
0.32488194
0.14243476
0.13436608
0.018000802
0.2172712
0.45674807
0.30292752
0.20998827
0.31668836
0.12968858
0.37559685
0.4049688
0.23005822
0.28433293
0.10647499
0.28381082
0.025208756
0.1351105
0.10427224
0.26843193
0.31166786
0.32753637
0.24591444
0.036215115
0.3949616
0.57921666
0.3569853
0.05016653
0.094255574
0.26684257
0.24729145
0.07743278
0.07058392
0.09927221
0.11502943
0.21365051
0.22322182
0.15198377
0.070343755
0.07320582
0.044583626
0.25802314
0.15431339
0.12465504
0.18330264
0.3107268
0.23163976
0.16927175
0.28150812
0.27142897
0.18824086
0.11984797
0.18602993
0.39291403
0.3546791
0.33845326
0.28925332
0.35045353
0.45451218
0.44152877
0.45411307
0.364941
0.358351
0.3371777
0.24645883
0.42749485
0.63475084
0.39633504
0.5330827
0.6434676
0.32293457
0.4386426
0.63100994
0.4872561
0.48823297
0.50520265
0.44063988
0.5818634
0.61249304
0.65319306
0.7106436
0.590036
0.43627834
0.42095646
0.40406755
0.6184831
0.5165111
0.28921893
0.41667807
0.566299
0.42582974
0.6149656
0.5026112
0.33639634
0.4457155
0.41858894
0.4094167
0.35086808
0.16743802
0.3769349
0.5274428
0.34780392
0.51026714
0.268671
0.17380115
0.40267688
0.105860315
0.20372285
0.36709678
0.20097706
0.15154725
0.14819248
0.16391721
0.13580985
0.15616085
0.10131256
0.2804985
0.26542756
0.046423562
0.22096954
0.2384848
0.11107248
0.1493762
0.19960792
0.21243328
0.14397772
0.08510806
0.07431215
0.2324753
0.2580948
0.36171487
0.32252207
0.26749137
0.41165286
0.36753687
0.28820685
0.3279625
0.2538029
0.1811821
0.21060437
0.20551002
0.23607863
0.27815855
0.17413177
0.19011822
0.20993277
0.23703669
0.31734368
0.283366
0.23377444
0.3132823
0.29214722
0.2258323
0.11969884
0.07532517
0.14389922
0.20527017
0.15970808
0.04398918
0.06287162
0.14206845
0.36058122
0.34374136
0.21384735
0.27036288
0.3549815
0.19396193
0.10278311
0.11674276
0.111979164
0.18006401
0.085927315
0.023661552
0.06614516
0.18930116
0.25266543
0.3501185
0.36421087
0.23797904
0.08452903
0.008439978
0.16625753
0.3022364
0.2232868
0.072156094
0.18836941
0.22861975
0.06257038
0.14729649
0.23233582
0.17013474
0.21947746
0.20504192
0.14530201
0.232271
0.37617296
0.32747206
0.16329892
0.097167715
0.21126465
0.30038092
0.26391542
0.124900036
0.17829736
0.3746001
0.2169256
0.061149035
0.15804355
0.31073362
0.06944844
0.2672997
0.15992449
0.044747327
0.10037413
0.053112827
0.12564665
0.16068037
0.07234106
0.05328316
0.07269907
0.10024824
0.2062951
0.13731582
0.16529836
0.13199961
0.10730311
0.11400251
0.1885532
0.1782425
0.31187913
0.25424817
0.090392746
0.1785308
0.29340228
0.26561722
0.1574726
0.0980627
0.24284835
0.1838155
0.18336155
0.27939805
0.19485493
0.1491625
0.12704305
0.07570708
0.14300825
0.093671426
0.14325187
0.30189064
0.10194566
0.14924636
0.30078056
0.16030309
0.03699185
0.052895505
0.1969091
0.2944717
0.18559127
0.11948962
0.2954641
0.2959416
0.15615784
0.06396142
0.06621781
0.087497406
0.242081
0.083884574
0.030283269
0.07945323
0.05105583
0.06624842
0.078418866
0.10447508
0.097127415
0.07431298
0.16233745
0.21705243
0.24195501
0.24536324
0.22446568
0.156631
0.10917092
0.14840932
0.12176089
0.14813103
0.18443908
0.13892189
0.13102773
0.24498703
0.09922175
0.15692568
0.2621405
0.36390793
0.38604057
0.24263266
0.114531726
0.14693186
0.11515208
0.0382237
0.13671751
8.305968E-4
0.16574764
0.20061614
0.10992868
0.066299595
0.09784233
0.13109481
0.21802628
0.25103405
0.109517165
0.12265453
0.2838303
0.2707419
0.2420889
0.13723652
0.038273513
0.19923696
0.2716841
0.30306223
0.25519332
0.19531082
0.27402475
0.35403055
0.297753
0.45903882
0.46267876
0.2880985
0.22458999
0.1666185
0.08176781
0.18666944
0.27375224
0.20497075
0.15346809
0.21833566
0.35938403
0.40305057
0.46005023
0.5010516
0.32752025
0.25197145
0.30189204
0.37119058
0.29899937
0.47373402
0.42149463
0.18335856
0.19949871
0.20755938
0.29539147
0.4475841
0.3451706
0.35695353
0.4225053
0.28141513
0.13936971
0.21186689
0.18059698
0.078147635
0.10999964
0.18654579
0.12460898
0.45997426
0.58428645
0.6253938
0.7320722
0.6512363
0.308375
0.025998816
0.15708803
0.16172405
0.3808699
0.3309139
0.3222189
0.25329906
0.06787222
0.1778006
0.33860195
0.3559205
0.35742143
0.42139724
0.23899148
0.38824493
0.6615578
0.35541117
0.18031666
0.25778463
0.1478444
0.37770662
0.115070246
0.5711121
0.4472406
0.16683753
0.23130254
0.22481121
0.36544105
0.40275866
0.2529655
0.41202435
0.37378547
0.09244881
0.54477936
0.35784546
0.22224039
0.23541075
0.34758613
0.27714506
0.18863381
0.34057647
0.43213785
0.3965206
0.70334363
0.48459443
0.44826603
0.6259138
0.34199443
0.4650455
0.3502022
0.11143053
0.5070513
0.404044
0.44179103
0.51665294
0.5791103
0.5917767
0.19611824
0.2187851
0.29503566
0.2152849
0.3256012
0.39425382
0.35356295
0.2586514
0.17437929
0.14843822
0.23568377
0.3059236
0.1582201
0.32922247
0.37746382
0.3334414
0.35115558
0.27730626
0.2528253
0.30894715
0.27260792
0.35030004
0.25051218
0.04436182
0.08730778
0.10775389
0.15753692
0.11301997
0.16859175
0.14555526
0.07825135
0.16794719
0.18492734
0.18445136
0.37581724
0.23176204
0.15350525
0.15174937
0.14722854
0.19732188
0.25291714
0.14631958
0.113432944
0.27192634
0.36305112
0.2615525
0.1418584
0.10505697
0.15942226
0.025882406
0.102068566
0.11284526
0.14036675
0.26383364
0.29094362
0.24344222
0.14945619
0.14311473
0.20918971
0.12410047
0.2521776
0.21039858
0.17350452
0.27348337
0.24794386
0.13247488
0.20150295
0.107541434
0.10280605
0.108913906
0.116179936
0.075750396
0.12958063
0.33202595
0.52565473
0.15386035
0.2597411
0.44927436
0.5622849
0.49855596
0.31547058
0.042769227
0.05036539
0.19086054
0.101593815
0.34544733
0.50282025
0.39637098
0.4227761
0.39876297
0.34820992
0.23900841
0.21871033
0.32424644
0.47389358
0.586704
0.32481351
0.22861008
0.5079611
0.46680042
0.29661864
0.28273243
0.44040623
0.17348936
0.11811218
0.17160402
0.21124126
0.13062392
0.36741728
0.7511057
0.6152311
0.43586093
0.23630282
0.43799368
0.6862671
0.4496967
0.12787968
0.0747724
0.14269085
0.40061858
0.5288483
0.48795298
0.21661805
0.49200696
0.69292456
0.4097824
0.5053518
0.3257179
0.10810529
0.042708937
0.27168682
0.26108858
0.33186513
0.5938045
0.6485968
0.5136421
0.34743005
0.23019437
0.38730475
0.30644783
0.26637417
0.29659078
0.3315507
0.39488024
0.12884201
0.5555366
0.5843008
0.83776057
0.6623859
0.37659022
0.13871099
0.45978442
0.5162112
0.36480775
0.44050756
0.8512576
0.7566327
0.6408033
0.5424186
0.33698595
0.43496606
0.25600776
0.64300716
0.4382734
0.16502559
0.43148282
0.51685697
0.19226107
0.034333233
0.15768665
0.18112564
0.51931727
0.3949499
0.16482516
0.22519153
0.20702784
0.15161195
0.16832402
0.300738
0.31279463
0.16660455
0.26322624
0.29246423
0.10470871
0.34485638
0.50371283
0.25863308
0.27750865
0.3793131
0.18623218
0.055699155
0.1437117
0.1678459
0.13329045
0.10205959
0.034249637
0.09026306
0.15445775
0.117144205
0.14041819
0.050275784
0.12769493
0.25786632
0.1477594
0.21847509
0.20703167
0.25250137
0.2947536
0.31848782
0.096341714
0.15179624
0.04511317
0.08090473
0.046198603
0.059921395
0.22469613
0.19114845
0.16906822
0.36297616
0.30211
0.1953837
0.11723746
0.060785823
0.06741613
0.1873506
0.14526246
0.08804904
0.14209569
0.30092424
0.33983696
0.22191265
0.25829375
0.24428755
0.31861508
0.06603523
0.25399026
0.28965044
0.20809676
0.13387434
0.08828504
0.066259235
0.080577336
0.1405898
0.11426617
0.10334457
0.050384466
0.18028747
0.040312823
0.1402163
0.032700803
0.19648819
0.10005786
0.06252149
0.22381738
0.35131016
0.07817243
0.15142222
0.17945723
0.17712447
0.13427028
0.12889434
0.26813444
0.19423701
0.12768732
0.25543666
0.27930766
0.20097448
0.24244705
0.23850347
0.2359945
0.23845375
0.15105137
0.29353657
0.33965132
0.22007734
0.32784
0.42912784
0.1851274
0.29600954
0.31392753
0.3210877
0.47425628
0.3217991
0.33625337
0.4200151
0.1901658
0.5523716
0.3359379
0.40617794
0.424275
0.56087226
0.29015306
0.4897636
0.46073386
0.49911886
0.35068226
0.62979096
0.5008339
0.48903278
0.42490312
0.5733125
0.6048924
0.5428748
0.63590354
0.6185948
0.6182809
0.4223037
0.79306936
0.6489436
0.6772743
0.5368233
0.7932157
0.46835044
0.6743288
0.62618655
0.545814
0.5705438
0.53792214
0.6247602
0.56988484
0.45630264
0.5364012
0.48781767
0.3403656
0.41977847
0.30152667
0.328719
0.39031884
0.1705099
0.4335416
0.11773319
0.18201268
0.311516
0.12220001
0.29471475
0.19906761
0.12923066
0.16601689
0.14311953
0.14272715
0.10208314
0.21006998
0.0899122
0.1761845
0.11262746
0.009025194
0.17073938
0.08720697
0.1403599
0.22972457
0.15120848
0.12015945
0.06782688
0.13444352
0.12177662
0.06862962
0.12081883
0.117114194
0.031799927
0.09430345
0.082953155
0.06686462
0.059192006
0.08239717
0.14780873
0.16131178
0.11896416
0.09240134
0.044901133
0.11760743
0.16414991
0.121240936
0.05521843
0.09001941
0.10111171
0.059877813
0.05380861
0.068551354
0.081161544
0.06952986
0.12053779
0.07159649
0.08115454
0.14124876
0.07931335
0.054121774
0.024377616
0.047153573
0.035241548
0.08637005
0.20049375
0.13700503
0.0648114
0.07066772
0.06514755
0.12697792
0.18703401
0.09884148
0.06395352
0.14995173
0.08844507
0.13001998
0.20086935
0.0803991
0.11932444
0.12337079
0.152448
0.09974226
0.057883468
0.12393983
0.11290687
0.10460748
0.11387431
0.030891951
0.08040835
0.118290424
0.08301784
0.07358369
0.016202811
0.078853466
0.11328789
0.037435345
0.043988306
0.06084625
0.060328845
0.08472521
0.121205054
0.18132056
0.14530115
0.011955691
0.093568385
0.15218902
0.09603844
0.1411281
0.050930433
0.067750216
0.027161883
0.05680527
0.087200575
0.07150664
0.053480603
0.08127976
0.049452722
0.04577616
0.040598717
0.041776057
0.09433908
0.09160581
0.16965342
0.19886814
0.057781614
0.06894411
0.039455168
0.051581338
0.09248742
0.10670964
0.045542292
0.079373926
0.042870414
0.048843153
0.037725944
0.014463144
0.05638605
0.059002396
0.070396684
0.029718705
0.064226866
0.07566342
0.116590805
0.083557315
0.06928308
0.048563942
0.053774383
0.042496234
0.03681985
0.06210927
0.05441357
0.06980437
0.09398506
0.14671703
0.15375806
0.096277565
0.06898362
0.07871471
0.08439266
0.1385468
0.13251965
0.040454835
0.015876267
0.047374118
0.041395586
0.05626347
0.14383735
0.1411682
0.0682577
0.0048509873
0.09328401
0.11228315
0.108818606
0.08313196
0.036122307
0.07381623
0.086878665
0.026114093
0.05549159
0.11169265
0.18062368
0.13820842
0.058809515
0.08904179
0.12428947
0.09153465
0.14016937
0.09526534
0.09148048
0.10069365
0.077976294
0.11019672
0.105450936
0.17713691
0.12273679
0.11838495
0.072898336
0.047611263
0.08580852
0.11986099
0.08096537
0.048005957
0.06480431
0.09848868
0.1534697
0.092572086
0.038606927
0.063988626
0.05916844
0.023870926
0.03528387
0.02523355
0.011962013
0.03602809
0.014924743
0.046454743
0.03733676
0.034286764
0.129403
0.08415568
0.07573986
0.09150061
0.06172762
0.045912407
0.080825694
0.058493808
0.12550591
0.17453067
0.15339111
0.07420146
0.052574206
0.18501702
0.16573696
0.12838368
0.08238879
0.0215884
0.016809622
0.0390983
0.06883224
0.077459425
0.09480459
0.09488538
0.082326464
0.05285388
0.07416306
0.10463362
0.11645897
0.10427873
0.1329268
0.11471505
0.06426599
0.18954681
0.076941475
0.098427564
0.08577687
0.09564345
0.09503157
0.16168699
0.052874546
0.07987932
0.08135177
0.033711005
0.08803007
0.10616015
0.20991269
0.14807792
0.18933058
0.092685774
0.07887815
0.15402865
0.1383978
0.089872085
0.036606602
0.057266254
0.11214148
0.11414635
0.10300223
0.17330347
0.06706886
0.092294
0.18597645
0.028721564
0.2005446
0.12687536
0.18588935
0.15177904
0.17493999
0.07016059
0.12088451
0.2186912
0.1331042
0.09610747
0.17122878
0.13982539
0.11181412
0.113945186
0.14516945
0.12703507
0.03340835
0.19226687
0.10076366
0.08763301
0.042299103
0.12287747
0.082223035
0.16374618
0.16875458
0.08425964
0.05347977
0.04919829
0.064939246
0.066005245
0.076258525
0.06930818
0.07185864
0.05796072
0.10615006
0.16096032
0.1354587
0.0661689
0.07884381
0.05130217
0.0661493
0.113176174
0.06719959
0.10104738
0.19641946
0.17778787
0.101640925
0.081936955
0.049956158
0.06962971
0.062660396
0.13490637
0.15357183
0.06887345
0.04737015
0.060529243
0.09344813
0.0354195
0.051488623
0.072250664
0.04851426
0.030869542
0.057049297
0.034592196
0.05169702
0.028418068
0.063512444
0.10120317
0.035885844
0.043372583
0.019536223
0.080791876
0.07753535
0.036921278
0.024942176
0.055940058
0.032171752
0.110254146
0.10856634
0.07054344
0.08301947
0.119257115
0.13060594
0.105639294
0.031004762
0.032359697
0.07992507
0.09193512
0.0066876994
0.09715759
0.090294324
0.06280921
0.06216994
0.079680316
0.15352543
0.07522113
0.067806095
0.037179604
0.027379533
0.034195777
0.05700617
0.13915907
0.072541796
0.075320356
0.09861111
0.08792527
0.13001165
0.07379788
0.020159936
0.08543769
0.041427527
0.07021539
0.043484658
0.09911075
0.10374698
0.089298435
0.099551454
0.098324716
0.087442696
0.10666508
0.12331572
0.09833323
0.045863666
0.103072196
0.11021116
0.11305783
0.02588132
0.06454647
0.055790063
0.04812356
0.04548251
0.077678554
0.09158751
0.061917193
0.065300986
0.124601096
0.0780531
0.07574471
0.054462668
0.0788151
0.08280269
0.07697601
0.06795703
0.04525187
0.045110304
0.018830448
0.055632003
0.053712897
0.16895662
0.09491283
0.11362873
0.11406747
0.056087337
0.1049913
0.07283565
0.048434436
0.016094126
0.025696859
0.035697743
0.08261868
0.15951851
0.12787978
0.13953261
0.02167802
0.0918887
0.12673372
0.20303145
0.14155607
0.045802865
0.11937362
0.16737159
0.18361624
0.13383356
0.063495986
0.099768914
0.08383424
0.13035563
0.15472
0.024938952
0.092725806
0.01771279
0.059950158
0.11533945
0.052309986
0.07689034
0.07824726
0.031632114
0.073798224
0.10766583
0.07806923
0.05924669
0.029387807
0.04230442
0.06836562
0.111198366
0.03183334
0.055821657
0.077415586
0.045434654
0.07817577
0.13545996
0.09021369
0.14164889
0.076577924
0.07588196
0.044745915
0.07646657
0.0991879
0.18335515
0.238332
0.15964994
0.13168858
0.23401436
0.1337628
0.07641786
0.17492242
0.093990326
0.07511854
0.0805186
0.13366008
0.110686645
0.13044839
0.18876722
0.20468915
0.19350842
0.18440396
0.075310975
0.03772469
0.08925864
0.17728572
0.19391264
0.076632306
0.16068964
0.097472265
0.093643636
0.13372584
0.13052204
0.18320549
0.18757494
0.08625106
0.17619522
0.22887582
0.14482538
0.10508555
0.11058064
0.08481865
0.15110344
0.103153996
0.19091229
0.17233618
0.1545797
0.22919302
0.16970482
0.19542831
0.1574638
0.05284508
0.056229617
0.21670693
0.3076668
0.27439103
0.17392197
0.17096624
0.067106776
0.22991036
0.1745655
0.15415488
0.03304514
0.20642975
0.15366305
0.13621898
0.08975552
0.09376408
0.14585207
0.35071504
0.2930243
0.18305875
0.075993024
0.08999907
0.09461361
0.1608548
0.15643328
0.16540468
0.24228323
0.27389959
0.19444056
0.020604536
0.23197387
0.4144619
0.19131893
0.1873972
0.24004997
0.11082156
0.13962093
0.2202609
0.16996942
0.07088523
0.14073099
0.25517145
0.0925783
0.02345474
0.12585868
0.004500802
0.055709504
0.12730125
0.1428895
0.043285836
0.07045795
0.11390937
0.14080216
0.056914825
0.07813894
0.09578221
0.28794256
0.13039464
0.12828742
0.26155102
0.2868209
0.4231384
0.23982526
0.23333047
0.053367995
0.2940674
0.21962117
0.16965622
0.08495781
0.08921551
0.019129021
0.1014392
0.31696627
0.25136206
0.09987512
0.2123227
0.03134348
0.29062995
0.081105664
0.23303007
0.24538393
0.063533686
0.19720165
0.15147793
0.028875647
0.14143226
0.13418339
0.252214
0.041709192
0.20572293
0.10861642
0.23371455
0.38061228
0.18149675
0.20336387
0.19743763
0.14486994
0.15789013
0.10792879
0.23517603
0.13039681
0.18821892
0.11802743
0.30175877
0.11059485
0.176445
0.19157465
0.080330014
0.061134547
0.07645341
0.018475607
0.18023148
0.039249267
0.27049682
0.27090108
0.14834012
0.06512795
0.11608298
0.15650707
0.14154442
0.12262123
0.20478533
0.03215824
0.07826642
0.14195698
0.0478456
0.24949762
0.24989526
0.03682865
0.15277414
0.04657517
0.10277111
0.048005924
0.14722618
0.13696338
0.06511096
0.010305901
0.07351037
0.14118138
0.1352144
0.18135458
0.111835286
0.07693127
0.1666946
0.19949149
0.119286925
0.029303195
0.10491011
0.03110459
0.19348212
0.21405792
0.19840947
0.08609804
0.07395563
0.11700907
0.10011354
0.037261777
0.10463315
0.033500902
0.13213447
0.09765025
0.34808555
0.14380838
0.2678714
0.1761196
0.081572756
0.1400405
0.11803317
0.119442396
0.052633792
0.10574406
0.09069624
0.058049142
0.034432225
0.05039908
0.1717744
0.1957957
0.0918809
0.08917615
0.11327066
0.06448262
0.15729976
0.10764044
0.09047422
0.07876155
0.0662387
0.10959469
0.22453345
0.11381998
0.04385112
0.062601455
0.08753782
0.33046708
0.27547595
0.22695746
0.17363633
0.06912869
0.041044265
0.054240845
0.0672906
0.1401352
0.07472033
0.05618912
0.0207461
0.0791908
0.08193249
0.080505215
0.11010983
0.12598565
0.10046894
0.18352747
0.16828603
0.021431597
0.028320802
0.16532445
0.055258736
0.18551528
0.15830176
0.058976904
0.22046974
0.08972985
0.060915638
0.12236334
0.18332149
0.150668
0.23219834
0.16948624
0.08908345
0.22453016
0.10841471
0.086832725
0.15364851
0.08811703
0.024684818
0.021187041
0.11518186
0.10261102
0.11482144
0.14374533
0.23307054
0.1345117
0.14975064
0.108722866
0.12409516
0.14183487
0.12599881
0.054577056
0.086607866
0.083668865
0.036246795
0.048845503
0.08480619
0.08634848
0.038471706
0.16956101
0.014021314
0.14321014
0.05324078
0.15852381
0.10722946
0.0671464
0.11584473
0.055841774
0.089265585
0.029412236
0.035355534
0.10803902
0.1673472
0.03550037
0.14322712
0.07220313
0.1412185
0.09172522
0.139753
0.09750925
0.117940016
0.20408744
0.08434748
0.1739675
0.14552186
0.037040602
0.16230066
0.21070594
0.010517432
0.1793876
0.15223308
0.21726722
0.030764287
0.057701904
0.068211235
0.12124141
0.04494758
0.287725
0.14530332
0.14125992
0.08862229
0.15014662
0.21807435
0.15275869
0.0958903
0.20081237
0.15387124
0.12853014
0.16316047
0.17920844
0.12379978
0.26175287
0.25675
0.25290635
0.06563092
0.10756764
0.12639451
0.22331539
0.18706001
0.35733804
0.20350473
0.34997538
0.42325404
0.27386823
0.45255482
0.5462605
0.6568121
0.5280191
0.54854834
0.67150193
0.5675259
0.58819675
0.5886884
0.49226168
0.4858767
0.5513978
0.3882408
0.6243908
0.5600996
0.85264844
0.9277112
1.1401263
1.2396715
1.2013572
1.0847197
1.3553743
1.2171972
1.470965
1.4091451
1.6927325
1.7365469
1.6865442
1.6695952
1.7318693
1.6716311
1.5955329
1.7945031
2.083105
2.737826
3.0202918
3.4926393
3.624015
3.8776183
3.918963
4.2833104
4.6074376
4.829385
4.851887
4.9392023
5.066367
5.0444965
5.10587
4.9558573
4.950389
5.9435263
8.233986
11.358305
14.302148
16.829247
18.407522
20.669687
27.26709
39.557556
57.83309
80.02321
104.799515
129.9363
152.89932
171.99205
185.11581
190.8772
189.1694
179.51686
163.31995
142.02444
117.88028
92.64871
68.9398
48.374844
32.846283
23.447098
19.361612
17.622152
15.741285
13.081541
9.806915
6.967284
5.3878574
5.10979
5.2379065
5.078203
5.1326118
4.8862867
4.8922253
4.9341598
4.694034
4.491989
3.9828556
3.7523296
3.6203475
3.4490848
3.2621834
2.889103
2.3788815
1.9162906
1.6258467
1.5621848
1.4790803
1.672932
1.6745889
1.6034385
1.4898568
1.3833876
1.4728357
1.2644081
1.1995357
1.1446311
1.0629157
0.7840405
0.9938295
0.9477142
0.71080023
0.6195836
0.40632725
0.40044224
0.40683725
0.3432961
0.42462102
0.4274943
0.48062733
0.37244985
0.42721456
0.3333078
0.38727045
0.386401
0.24706267
0.38266054
0.2689447
0.24923801
0.2630364
0.17279597
0.16666622
0.07213654
0.055813316
0.14420095
0.11438857
0.16956846
0.13493514
0.1006465
0.09384741
0.14492403
0.107104175
0.18631212
0.071127445
0.099123105
0.03398589
0.10570932
0.09179573
0.11657468
0.061629843
0.082688175
0.10834657
0.09934834
0.09947288
0.05405271
0.123685025
0.16943648
0.03970791
0.031765636
0.090349875
0.18536805
0.20186567
0.1196042
0.05952793
0.08178616
0.08055833
0.09868198
0.05679826
0.09788278
0.06250667
0.053857125
0.08434078
0.045980155
0.033792377
0.08407232
0.07398837
0.057252374
0.10938376
0.055992573
0.047965884
0.08650002
0.059274726
0.12990999
0.097131245
0.10105534
0.09863579
0.02910927
0.046795156
0.024317263
0.02176952
0.07563581
0.10909919
0.08698986
0.14703673
0.024497265
0.04503698
0.06776777
0.028886557
0.028943313
0.104615815
0.040627297
0.06462217
0.041739237
0.1201617
0.11117521
0.12403043
0.13164572
0.11822892
0.1222562
0.033322603
0.08658033
0.116523035
0.14122072
0.022185737
0.08199952
0.07147755
0.011857379
0.042775273
0.07133591
0.05155975
0.023153326
0.097007744
0.06854836
0.07738878
0.15519252
0.15497221
0.07105992
0.019022549
0.05550706
0.079204455
0.014784592
0.0074872687
0.016539345
0.051152285
0.08430141
0.054841522
0.06572853
0.12315941
0.029524509
0.08131744
0.100054264
0.07393594
0.059732698
0.06953444
0.045967083
0.02683599
0.06831847
0.092793986
0.09372289
0.042306084
0.027613956
0.0053922236
0.016701007
0.05253152
0.09402709
0.10904772
0.06798004
0.039987944
0.04270794
0.0613761
0.06689452
0.047968946
0.06327713
0.060196243
0.08997703
0.07275075
0.040017974
0.04395006
0.031528983
0.03764271
0.042344026
0.064850755
0.050003495
0.020261226
0.03395799
0.06291754
0.052926607
0.056123294
0.047019165
0.036512636
0.037351977
0.02514006
0.026015466
0.07076692
0.06538867
0.04161359
0.050923567
0.010178112
0.032575198
0.023915417
0.04731503
0.013192796
0.039843358
0.032306887
0.041695256
0.03150324
0.020014083
0.059179112
0.073231675
0.034771387
0.06238659
0.098430835
0.09155273
0.037143547
0.011890285
0.038930204
0.03167557
0.02829281
0.040609308
0.04558239
0.058824178
0.06251458
0.07149243
0.05339948
0.03902532
0.07422372
0.030439194
0.031093521
0.07117306
0.075638786
0.04521591
0.031095637
0.040846344
0.048885245
0.032055672
0.042142622
0.07663172
0.059874587
0.061503876
0.040444177
0.035559356
0.035687886
0.034115784
0.016423535
0.063240506
0.08173808
0.023857722
0.040812463
0.038741644
0.038332954
0.08714604
0.08443063
0.08138498
0.055443656
0.04136713
0.027198484
0.047407545
0.02372578
0.03846002
0.011356414
0.029598594
0.06481342
0.117270164
0.10995722
0.0716566
0.044061717
0.048091475
0.017247442
0.009284549
0.024005406
0.038693126
0.009222126
0.03247416
0.051093902
0.0371364
0.040565472
0.016512733
0.048979573
0.08552409
0.056740392
0.009412429
0.03393193
0.06289121
0.03142241
0.037488986
0.055045854
0.05772307
0.07934802
0.076295994
0.07324389
0.07019173
0.064087726
0.061035503
0.06408675
0.05493098
0.0549304
0.045774795
0.039670974
0.042721983
0.04272133
0.039669152
0.036617033
0.03051362
0.021359107
0.018307418
0.01525584
0.012204384
0.012204083
0.009152825
0.009152577
0.012203092
0.012202732
0.0030505897
0.0030504928
0.0
-0.0030502882
-0.006100361
-0.015250345
-0.009149862
-0.006099671
-0.009149141
-0.015247939
-0.015247293
-0.015246629
-0.021344325
-0.018294295
-0.012195623
-0.015243792
-0.018291647
-0.01829072
-0.018289773
-0.015240669
-0.018287813
-0.0182868
-0.021333395
-0.021332163
-0.015236363
-0.018282536
-0.018281417
-0.015233563
-0.015232595
-0.0152316075
-0.009138362
-0.009137749
-0.006091416
-0.0030454963
-0.0060905623
-0.0060901246
-0.00304484
0.0030446139
0.009133154
0.012176605
0.0060878294
0.006087349
0.006086861
0.009129549
0.01521466
0.018256065
0.015212097
0.015210789
0.0152094625
0.01824974
0.02433081
0.024328602
0.027367162
0.030405127
0.033442486
0.030399356
0.030396419
0.036472134
0.036468524
0.039503608
0.03646117
0.033419315
0.03645365
0.036449827
0.03644596
0.03340521
0.033401586
0.033397924
0.03643006
0.03946148
0.036421858
0.033382885
0.033379026
0.030341025
0.024269959
0.027300451
0.027297165
0.02122855
0.021225946
0.018191414
0.015157617
0.012124563
0.015153772
0.012121459
0.009089914
0.0030295746
0.0
-0.0030287702
-0.009085088
-0.012111807
-0.015137686
-0.018162716
-0.02421358
-0.033288997
-0.036310125
-0.039330352
-0.042349663
-0.042343512
-0.048385505
-0.054425657
-0.06348716
-0.06952312
-0.072534904
-0.08158933
-0.08157681
-0.084585086
-0.09363317
-0.09663841
-0.10266206
-0.10566468
-0.11470322
-0.12072069
-0.12975359
-0.13576633
-0.1387604
-0.14476934
-0.15077609
-0.1477356
-0.15675396
-0.15974107
-0.16272697
-0.1717375
-0.17170747
-0.16866533
-0.18068083
-0.18365937
-0.18663663
-0.20165148
-0.20462394
-0.20157781
-0.21658096
-0.21353324
-0.21950722
-0.22547871
-0.22243021
-0.22238785
-0.22835456
-0.22831051
-0.23727672
-0.24623914
-0.24619077
-0.2461421
-0.25209543
-0.24904448
-0.24899435
-0.2519433
-0.25489068
-0.25483847
-0.26377842
-0.26672062
-0.26966128
-0.26361352
-0.26655293
-0.26350206
-0.26344588
-0.2633894
-0.2633326
-0.26925907
-0.26920035
-0.2721318
-0.2660922
-0.26304412
-0.259997
-0.25695097
-0.25988024
-0.2657943
-0.26573378
-0.2567177
-0.25367427
-0.25063187
-0.25057364
-0.2564797
-0.25641948
-0.2474162
-0.23841687
-0.23538052
-0.2353241
-0.24122356
-0.24116516
-0.23217662
-0.22616805
-0.21718699
-0.21415894
-0.21113211
-0.20513357
-0.19616556
-0.19017327
-0.19606657
-0.19304678
-0.19299749
-0.18701111
-0.17509224
-0.1661462
-0.15127234
-0.14233676
-0.14229937
-0.14522561
-0.13926111
-0.12737519
-0.11845685
-0.10362189
-0.09767427
-0.08877072
-0.079871885
-0.07985004
-0.06800172
-0.07093873
-0.062054183
-0.044312075
-0.02657981
-0.017714897
-0.011806601
-0.011803256
-0.011799898
0.0
0.008844857
0.02947436
0.041252166
0.04713163
0.050062746
0.055936087
0.06769218
0.07355672
0.088241875
0.097037144
0.1028874
0.11755028
0.13220419
0.1409751
0.1526766
0.15850039
0.1643204
0.17307001
0.18474647
0.20227863
0.21979962
0.23437965
0.24309257
0.24594389
0.24293913
0.25164014
0.26618552
0.28656963
0.3010938
0.3097636
0.31550607
0.31832397
0.31530073
0.3327085
0.3413518
0.35582212
0.37028238
0.37890327
0.38751793
0.399039
0.40472838
0.40750265
0.41318423
0.4217702
0.4332575
0.4418296
0.45620677
0.46476388
0.4704107
0.4673447
0.47008368
0.47572085
0.48425314
0.49567747
0.5041954
0.50981
0.51541984
0.51234126
0.5150513
0.5264362
0.5291378
0.5347271
0.54897976
0.551668
0.55435354
0.5656949
0.56548667
0.5537415
0.5564193
0.5418027
0.53295803
0.5413978
0.54695183
0.5496233
0.5580451
0.5520825
0.54324937
0.5487884
0.54283386
0.5397542
0.54528594
0.545075
0.5419957
0.5360515
0.5301112
0.53563213
0.54687446
0.54093456
0.52355486
0.5147676
0.50312793
0.49721187
0.49986905
0.50537866
0.5023208
0.49070588
0.487655
0.48745656
0.48440814
0.46712002
0.45553967
0.4382763
0.4267161
0.4236956
0.4121498
0.40913668
0.40044543
0.3804055
0.3688948
0.3545568
0.34306568
0.33441785
0.32294405
0.31997448
0.3085157
0.29989552
0.2969383
0.2855029
0.27972806
0.2654849
0.25407684
0.24832204
0.2341101
0.23118776
0.22263141
0.20844856
0.19427796
0.18856277
0.16878682
0.16027573
0.1545826
0.13203841
0.11793852
0.1010444
0.08697096
0.07851866
0.064468026
0.056033492
0.04200583
0.027990995
0.016786845
0.008389537
0.008385643
-0.0055878265
-0.011170437
-0.027913023
-0.047429867
-0.044618867
-0.04738518
-0.047362756
-0.05290973
-0.06680155
-0.086244166
-0.10010661
-0.116735026
-0.11945696
-0.12217608
-0.13599394
-0.1414761
-0.1524981
-0.16350915
-0.17173919
-0.17719232
-0.18817434
-0.19914527
-0.21286963
-0.22105373
-0.22094399
-0.220834
-0.2207238
-0.23440169
-0.24806552
-0.25345054
-0.26158324
-0.261451
-0.25856775
-0.263935
-0.27479222
-0.28014487
-0.28274652
-0.28534508
-0.28519818
-0.28505102
-0.2931219
-0.29844597
-0.31197384
-0.32001677
-0.31164825
-0.3142173
-0.31678316
-0.31934583
-0.32463327
-0.33264118
-0.33791497
-0.3431826
-0.34299964
-0.34281632
-0.34807128
-0.35332003
-0.34769705
-0.35293922
-0.35546172
-0.35255694
-0.35778627
-0.36571833
-0.36281097
-0.36531836
-0.3624132
-0.3568076
-0.35931236
-0.36181375
-0.3616132
-0.3695036
-0.3773846
-0.3744798
-0.37157765
-0.37406027
-0.36847082
-0.37632728
-0.3788012
-0.37321666
-0.3730048
-0.37547454
-0.38062125
-0.39111927
-0.38286304
-0.37461567
-0.36905146
-0.35814753
-0.36862516
-0.37909007
-0.38153788
-0.3839822
-0.3784281
-0.37287983
-0.37266114
-0.3671215
-0.36956394
-0.37200287
-0.36912712
-0.36890814
-0.35807905
-0.3631674
-0.36824903
-0.3653809
-0.3625156
-0.3622976
-0.34886467
-0.34865394
-0.3510826
-0.34823143
-0.35065618
-0.35307738
-0.3502284
-0.3447506
-0.34453908
-0.33644184
-0.3362345
-0.33340162
-0.3331952
-0.3329885
-0.33016112
-0.324718
-0.3192811
-0.3138504
-0.31365356
-0.3160685
-0.3132589
-0.30784342
-0.30504143
-0.29703137
-0.29423872
-0.28884688
-0.28606194
-0.29107675
-0.2856957
-0.2829166
-0.28014055
-0.26959094
-0.2668261
-0.25888658
-0.26130566
-0.26113564
-0.2557977
-0.25563052
-0.25030226
-0.24240175
-0.23966528
-0.23435663
-0.23420183
-0.226331
-0.21847017
-0.21061938
-0.20791227
-0.2103386
-0.21276131
-0.2126187
-0.19967614
-0.18930884
-0.17895515
-0.17372465
-0.17616004
-0.17604047
-0.17847033
-0.17325303
-0.16804251
-0.15775008
-0.15001409
-0.149911
-0.14472955
-0.13701761
-0.13945848
-0.13429417
-0.13166884
-0.12904692
-0.12137126
-0.118759684
-0.116151534
-0.10597702
-0.09833808
-0.10078855
-0.093163624
-0.09309776
-0.09051743
-0.08794059
-0.07783484
-0.07527035
-0.07020216
-0.07015192
-0.06509436
-0.05504027
-0.05750068
-0.047466297
-0.042439148
-0.03741919
-0.034899235
-0.02989188
-0.024891753
-0.024873583
-0.019884313
-0.01986974
-0.012409468
-0.007440203
-0.0074347183
0.0
0.0074237287
0.004945482
0.01235452
0.014814387
0.014803337
0.02218841
0.02463533
0.024616847
0.02951801
0.03195376
0.041754153
0.03926831
0.046595793
0.051461525
0.048973702
0.053830028
0.05378893
0.05619087
0.061030224
0.06586203
0.06824882
0.068196215
0.07057725
0.07295446
0.075327836
0.080125414
0.07521076
0.07272786
0.07993816
0.08713701
0.09190584
0.09425032
0.099005684
0.09651475
0.094027534
0.098771214
0.098692894
0.09620925
0.1009393
0.1008588
0.103177704
0.10789023
0.10780371
0.10771709
0.10763038
0.105153725
0.10268084
0.10498371
0.10966669
0.11434183
0.11662894
0.11653383
0.11643862
0.11396896
0.1138755
0.11141149
0.1136883
0.11832766
0.11822991
0.12285735
0.120394796
0.117936075
0.12019469
0.11773969
0.115288526
0.117542915
0.11744438
0.12203959
0.124281846
0.12183413
0.12641323
0.121628284
0.121525206
0.119086996
0.11665265
0.118884325
0.121111915
0.12100835
0.120904684
0.12312401
0.12069706
0.118273996
0.118171945
0.1157547
0.11565445
0.120176286
0.1154537
0.12227437
0.12216772
0.122060984
0.11965312
0.114950195
0.12174017
0.123928
0.12152582
0.12141849
0.11902219
0.11662985
0.11881112
0.12327105
0.120880455
0.12305129
0.12066458
0.1205565
0.12272094
0.1180695
0.11796319
0.1269227
0.126808
0.11990608
0.1152767
0.11291371
0.11281097
0.11270814
0.11710943
0.11700231
0.11464711
0.11005004
0.107705
0.107605785
0.1075065
0.111882426
0.11177883
0.10944165
0.10487711
0.1047795
0.102454536
0.10680923
0.1067093
0.10216724
0.10429027
0.09975848
0.09966451
0.09957045
0.09726575
0.092756666
0.097081475
0.09478493
0.090290315
0.09680454
0.09231608
0.092227764
0.08775179
0.08547587
0.085393675
0.08531142
0.085229106
0.08078023
0.07633975
0.07190768
0.07183783
0.073942706
0.0695253
0.0737985
0.069389485
0.0714878
0.06276096
0.062699266
0.066957355
0.06257574
0.06466957
0.06029853
0.055935986
0.051581945
0.05153064
0.047189355
0.04714226
0.04709513
0.038493797
0.038455185
0.042685054
0.040509988
0.04046915
0.04042829
0.03613609
0.03185248
0.031820156
0.027549436
0.025404355
0.023263574
0.025352517
0.023216026
0.021083845
0.016849758
0.0126243215
0.012611317
0.018897457
0.016780378
0.01885838
0.016745623
0.008364115
0.0041777063
0.0020866764
0.0041689966
0.0041646375
0.006240414
0.008311824
0.0062273177
0.0
-0.0062142056
-0.004138429
-0.0020670262
-0.0020648362
0.0041252906
-0.002060453
-0.008233037
-0.008224258
-0.008215473
-0.008206684
-0.010247362
-0.012283636
-0.016360573
-0.020428693
-0.014284661
-0.012230767
-0.010181277
-0.012204289
-0.01828656
-0.022325935
-0.022301618
-0.018226871
-0.01618396
-0.012124685
-0.016148522
-0.022179838
-0.022155443
-0.022131035
-0.022106616
-0.022082184
-0.02005249
-0.020030256
-0.024009615
-0.023982907
-0.021959838
-0.015952969
-0.015935138
-0.01989662
-0.023849173
-0.029777981
-0.031727448
-0.027730236
-0.021763453
-0.017786333
-0.019740216
-0.021689612
-0.025604064
-0.027542237
-0.02358073
-0.025516635
-0.023526892
-0.021541623
-0.029341254
-0.019538367
-0.021467477
-0.019493401
-0.015576721
-0.021393232
-0.027196225
-0.027164685
-0.027133131
-0.025165739
-0.017402133
-0.017381823
-0.017361503
-0.019267974
-0.021169916
-0.019222774
-0.021120176
-0.024930796
-0.021070393
-0.01913226
-0.017198648
-0.013360865
-0.017157853
-0.017137444
-0.017117025
-0.017096598
-0.017076164
-0.017055722
-0.017035272
-0.01512428
-0.0151060885
-0.0132019045
-0.013185975
-0.011288606
-0.011274941
-0.009384394
-0.009372999
-0.016850881
-0.014960316
-0.014942064
-0.009327379
-0.0055895783
-0.005582727
-0.0018586244
-0.005569017
-0.0074162115
-0.007407064
-0.005548435
0.0
0.0
0.0
0.0
-0.0055140853
0.0018357363
-0.0018334434
-0.0018311498
0.0
-0.0018265604
0.0
0.0018219681
0.0036393418
0.0036347462
0.007260298
0.0036255505
0.0036209507
0.005424524
0.0
0.0018035716
0.0018012691
0.0071958634
0.007186648
0.00717743
0.0071682096
0.00536924
0.0071497615
0.0071405335
0.0053484775
0.0071220705
0.008891044
0.0071035977
0.0070943576
0.008856394
0.007075871
0.00883328
0.008821718
0.005286093
0.008798587
0.0070296144
0.007020356
0.010516644
0.012253209
0.013985139
0.013966606
0.010461052
0.008705955
0.010433237
0.008682771
0.01040541
0.013855323
0.010377572
0.010363649
0.010349722
0.012058425
0.01032186
0.012025913
0.0102939885
0.008566706
0.011977123
0.01025216
0.010238212
0.010224261
0.013613744
0.013595137
0.0152735915
0.01694739
0.011846883
0.015210759
0.015189808
0.01685428
0.018514093
0.016807703
0.015105969
0.0150850015
0.016737811
0.013371605
0.0133529585
0.01333431
0.013315658
0.016621254
0.014938139
0.009944765
0.011585897
0.00991677
0.00990277
0.009888768
0.014812147
0.008217299
0.0098467525
0.008193953
0.006545822
0.013072962
0.009790708
0.009776694
0.008135565
0.00974866
0.011357081
0.012960827
0.012942132
0.009692576
0.009678551
0.006443017
0.009650499
0.01124255
0.012829923
0.011209814
0.0063962536
0.007983624
0.009566315
0.009552281
0.009538245
0.009524209
0.0063401153
0.007913446
0.007901747
0.0078900475
0.012605356
0.011013306
0.009425935
0.009411893
0.007831542
0.007819839
0.01093139
0.009355719
0.012455566
0.015546049
0.010865848
0.009299537
0.009285491
0.006180963
0.010800297
0.010783909
0.0123057375
0.012287008
0.013801812
0.013780741
0.016817374
0.01679162
0.012193356
0.015218282
0.012155895
0.015171456
0.016662847
0.013612168
0.015101219
0.015077807
0.015054396
0.015030986
0.016508333
0.016482582
0.0149607565
0.016431084
0.016405335
0.014890534
0.013380416
0.016328096
0.017784383
0.0177563
0.016250866
0.016225126
0.014726714
0.016173648
0.016147912
0.016122175
0.017559756
0.01607071
0.01604498
0.016019251
0.015993524
0.017419418
0.015942078
0.015916357
0.015890637
0.012980389
0.014399279
0.015813494
0.01865829
0.018627908
0.015736371
0.014282425
0.014259062
0.01850641
0.015633576
0.01844568
0.016998757
0.014142279
0.015530822
0.0169147
0.016886687
0.015453788
0.016830673
0.015402448
0.015376783
0.012560008
0.012539015
0.013908916
0.013885596
0.016634736
0.015222863
0.011052526
0.009654645
0.009638333
0.010996599
0.013722452
0.008219495
0.010940697
0.008191552
0.009540514
0.00952422
0.0054331017
0.00949164
0.008121732
0.008107775
0.009442791
0.008079869
0.00941024
0.008051973
0.0066983574
0.0053493916
0.0026700494
0.00666351
0.005321519
0.009296406
0.0079544205
0.0052936636
0.007926573
0.0039563267
0.006582281
0.0065706866
0.0078709135
0.006547505
0.0026143673
0.0013048667
0.0
0.0039007037
0.0051916772
0.0038868138
0.0025865806
0.0012909767
0.0025773272
0.003859053
0.006420195
0.0051269103
0.006397084
0.005108426
0.0025495936
0.0063624387
0.0025403583
0.0038036138
0.00632782
0.0025265147
0.003782854
0.0062932293
0.003769023
0.0062701846
0.006258667
0.0037482914
0.0062356414
0.0062241335
0.0037275774
0.004960902
0.00618963
0.0037068813
0.0049333153
0.0049241255
0.002457469
0.00735863
0.006120715
0.0073310896
0.006097771
0.004869044
0.0072898106
0.0036380298
0.008472699
0.007248571
0.009646445
0.009628135
0.00960983
0.009591531
0.008376584
0.010749322
0.0071525048
0.0083286
0.008312616
0.0071114036
0.0130124735
0.0106260395
0.011783909
0.009408892
0.007042998
0.0070293318
0.00701567
0.014004028
0.010482544
0.011624528
0.009281434
0.0057895333
0.010400714
0.009226913
0.0126620345
0.011488249
0.009172453
0.008010025
0.00799416
0.011397573
0.010237434
0.014757976
0.010196695
0.0067842253
0.0067706597
0.0056309165
0.011239242
0.008973328
0.008955271
0.008937221
0.0078042815
0.010013788
0.0077727283
0.011081374
0.008847089
0.008829086
0.008811091
0.006594828
0.009872016
0.008757154
0.010923989
0.008721237
0.0087032905
0.008685352
0.006500567
0.0075683133
0.008631588
0.009690394
0.010744734
0.009650136
0.009630023
0.008542149
0.009589824
0.009569738
0.009549663
0.009529598
0.009509543
0.010543886
0.014730274
0.010499374
0.011524848
0.009409416
0.008346152
0.010410484
0.009349462
0.012439329
0.01137833
0.012386133
0.012359556
0.012332993
0.012306443
0.009209931
0.013274503
0.011207974
0.013217087
0.014202896
0.012147447
0.014141165
0.012094564
0.016090859
0.015052173
0.014017907
0.012988054
0.013956381
0.016909711
0.01687241
0.018815733
0.017785981
0.016760632
0.018690879
0.016686223
0.015669694
0.017589072
0.017549759
0.01751047
0.017471204
0.017431961
0.020291533
0.01928172
0.021162016
0.018234964
0.018193668
0.021018565
0.01906437
0.022825176
0.021824261
0.024614567
0.02266917
0.019790078
0.020684885
0.018761214
0.025269322
0.021476073
0.022358045
0.023235738
0.01947278
0.024978302
0.021228328
0.02394134
0.02204813
0.024746172
0.021945098
0.021893634
0.025482573
0.01997491
0.027174313
0.022591798
0.022538371
0.025183178
0.019739833
0.023273446
0.02053903
0.023162663
0.022218587
0.022165421
0.022112291
0.020294465
0.022006147
0.021075007
0.023652166
0.019225549
0.020922542
0.019132478
0.019953538
0.019039543
0.017266478
0.018946745
0.01632307
0.018854083
0.016243104
0.017908763
0.014461863
0.014426183
0.01439053
0.010132873
0.016846243
0.008402198
0.016762579
0.011704557
0.010841379
0.012477995
0.004978692
0.014070889
0.0033024733
0.011529546
0.0049287677
0.0032775411
0.009807731
-0.0024457145
0.008944838
-0.0024332933
0.0048541804
-8.069641E-4
-0.004024499
0.0032113488
-0.011210868
0.0015974343
-0.007169937
-0.005562227
-0.0023776495
-0.00948597
-0.00788447
-0.008650379
-0.014118318
-0.0046938336
-0.014044717
-0.013229744
-0.0038809006
-0.028643245
0.003860526
-0.03311303
-0.007680374
-0.013022105
-0.03819884
0.01676288
-0.06459348
0.021979079
-0.049132008
-0.021107987
0.0075183804
-0.085479625
0.055337667
-0.109631605
0.033470187
-0.048956987
-0.058441427
0.0560697
-0.15009408
0.104192965
-0.14781412
0.029190192
-0.021104993
-0.12628292
0.1259362
-0.22591728
0.14971665
-0.16150604
-0.0021474587
0.042830184
-0.21640396
0.211543
-0.29873312
0.17365703
-0.14149381
-0.07370766
0.14280164
-0.32807896
0.2951356
-0.34150246
0.15227275
-0.071779646
-0.18513413
0.25323546
-0.42017308
0.34186685
-0.33272487
0.09362899
0.023001846
-0.2988393
0.353808
-0.48826867
0.35578072
-0.29006875
-6.6489074E-4
0.14518797
-0.41578716
0.44159767
-0.5191684
0.32697043
-0.20187886
-0.12246507
0.2786322
-0.5225944
0.500389
-0.51242644
0.2554533
-0.0799919
-0.26223034
0.40839347
-0.60441726
0.52419907
-0.4595836
0.14644878
0.06579751
-0.4060891
0.5213373
-0.65451074
0.5027042
-0.36477223
0.008614649
0.22636469
-0.54063576
0.61092496
-0.65950024
0.4381129
-0.2301615
-0.1517629
0.38904053
-0.6517783
0.65989786
-0.62037295
0.3302692
-0.06442895
-0.32113683
0.5398157
-0.7331083
0.66542596
-0.53124404
0.18676905
0.12084213
-0.48817533
0.6641526
-0.7708503
0.6211065
-0.40231487
0.014180561
0.31210193
-0.63572264
0.7544545
-0.7609781
0.52856153
-0.23254766
-0.17966686
0.49966148
-0.7564141
0.79567605
-0.69400585
0.38950697
-0.033711568
-0.37610936
0.6622312
-0.8355502
0.78395253
-0.5797285
0.21374337
0.18009347
-0.5607138
0.7931373
-0.8646341
0.7160105
-0.4215775
0.009371489
0.3953851
-0.72293407
0.87560475
-0.837187
0.5968299
-0.22393945
-0.20995545
0.59376234
-0.8466872
0.90565795
-0.75361466
0.4322172
0.0
-0.42723897
0.7659586
-0.9234353
0.87601507
-0.61850107
0.22527285
0.23419854
-0.628946
0.89594215
-0.9432519
0.7875677
-0.43343702
-0.005707846
0.46447748
-0.8009561
0.9726672
-0.900718
0.64379114
-0.21320248
-0.24768269
0.67242163
-0.9278433
0.9882408
-0.7990475
0.4499858
0.031311095
-0.48150697
0.8491115
-0.99722767
0.9389944
-0.64372665
0.21880993
0.28122902
-0.6929648
0.97390276
-1.0061141
0.8294043
-0.43961647
-0.033722572
0.521158
-0.8693162
1.0387124
-0.9491747
0.6617654
-0.19903988
-0.28963006
0.7338808
-0.9913199
1.0403535
-0.8307297
0.44803208
0.060465865
-0.53265506
0.90688604
-1.0525503
0.9747319
-0.6562829
0.20049089
0.31816173
-0.75021064
1.0239855
-1.0495868
0.8468898
-0.43392095
-0.06486742
0.56317866
-0.922592
1.0779514
-0.9767074
0.6614028
-0.18194117
-0.32973656
0.77634615
-1.0354314
1.064975
-0.8419891
0.43061852
0.08599184
-0.5758369
0.94252825
-1.0839568
0.9828481
-0.6494796
0.17027876
0.3524539
-0.78835267
1.0470773
-1.0593755
0.83188665
-0.41030562
-0.10214127
0.5913682
-0.94139034
1.0770202
-0.96302724
0.63044345
-0.15188675
-0.3590044
0.78781825
-1.0309005
1.0402044
-0.8073828
0.3922634
0.11182161
-0.5890294
0.92948586
-1.0521113
0.9382472
-0.6036847
0.13603331
0.36285526
-0.774029
1.0099902
-1.007679
0.7807155
-0.36768103
-0.119292565
0.58472
-0.90660274
1.0244694
-0.9026537
0.5784069
-0.11667341
-0.3605382
0.7618158
-0.9782076
0.9778567
-0.741739
0.34929085
0.13328367
-0.5720186
0.88598263
-0.98618364
0.8727243
-0.5434455
0.1071985
0.36599174
-0.7401295
0.9549925
-0.9355071
0.71693355
-0.31691438
-0.13385701
0.570615
-0.8549167
0.96190554
-0.82729304
0.5230426
-0.08181149
-0.35750023
0.7309192
-0.9155515
0.91021097
-0.6723004
0.30508548
0.15203847
-0.54950225
0.8420996
-0.91438633
0.80329436
-0.48170787
0.07865723
0.3679514
-0.69869626
0.8964409
-0.8589765
0.6523301
-0.26862437
-0.14346243
0.55223525
-0.79888064
0.8945117
-0.75075716
0.46826124
-0.048534237
-0.34754816
0.693967
-0.8460837
0.83718
-0.6021539
0.26352352
0.16497728
-0.52069426
0.7888156
-0.83855385
0.7325079
-0.4226584
0.05270713
0.35993057
-0.65398616
0.8311549
-0.7799289
0.5876165
-0.22387794
-0.15080956
0.52570736
-0.73973626
0.8211126
-0.67563087
0.41329733
-0.022659838
-0.33592257
0.6502291
-0.77610284
0.76144606
-0.5337121
0.22301005
0.17191824
-0.49091145
0.7278817
-0.7628884
0.6567177
-0.36676395
0.028379733
0.34623796
-0.60682714
0.7574219
-0.7015158
0.517912
-0.18466954
-0.15579778
0.49014214
-0.6768787
0.73950005
-0.60027564
0.35509208
-0.0013982846
-0.32030115
0.59569716
-0.7014095
0.67621005
-0.46665588
0.18144308
0.17243187
-0.4540122
0.6566908
-0.68119544
0.57575095
-0.31193224
0.0072409716
0.3234081
-0.5522308
0.6750062
-0.6185364
0.44566554
-0.14834717
-0.15689082
0.44617125
-0.60618657
0.65031934
-0.52283096
0.2961291
0.013429641
-0.2981347
0.5325168
-0.62154746
0.5852581
-0.4002684
0.14090183
0.16467364
-0.4123758
0.5781133
-0.5958104
0.49166545
-0.2594347
-0.010648793
0.29430172
-0.49111387
0.5867943
-0.53554666
0.37356228
-0.11604389
-0.15158994
0.39750865
-0.5332321
0.5587552
-0.44650754
0.24190848
0.023287289
-0.27346236
0.46602765
-0.5402749
0.50276697
-0.33597213
0.10715383
0.15293258
-0.36912537
0.5069002
-0.5132987
0.4141087
-0.2151587
-0.023509284
0.2703149
-0.42840213
0.5063132
-0.46553475
0.30474254
-0.08762153
-0.13922873
0.35647675
-0.46939865
0.47353455
-0.37467784
0.19701089
0.029136926
-0.25895977
0.39387453
-0.4645142
0.4340628
-0.2680455
0.07900834
0.13409683
-0.32937992
0.442163
-0.42403865
0.33933043
-0.17826569
-0.033644438
0.24723251
-0.35331577
0.4256786
-0.39431518
0.23724551
-0.06545702
-0.12109514
0.30699643
-0.4039909
0.37638924
-0.3028035
0.16187885
0.0435207
-0.22483012
0.3138042
-0.38858098
0.3456562
-0.20893396
0.05629855
0.11388279
-0.2770992
0.35786578
-0.33672062
0.26375833
-0.14010227
-0.04143787
0.20414923
-0.27975884
0.33882734
-0.30874637
0.17694083
-0.047396883
-0.10435562
0.24466285
-0.31933334
0.28931803
-0.23287076
0.11794842
0.040851384
-0.18128854
0.2445332
-0.30194288
0.25907233
-0.15810166
0.034143176
0.09377316
-0.21655397
0.27225104
-0.258905
0.19245207
-0.1022911
-0.03972902
0.1573453
-0.22009315
0.25094044
-0.23004785
0.12759106
-0.029832862
-0.08838065
0.18174884
-0.24207532
0.21314834
-0.16944979
0.080158025
0.03379839
-0.14024447
0.18368989
-0.22282788
0.18387213
-0.11448243
0.018248584
0.07568302
-0.15982755
0.19587113
-0.19129436
0.13350919
-0.06841026
-0.03141747
0.1163266
-0.16536851
0.17516142
-0.16324197
0.08896365
-0.015080271
-0.06880042
0.12759277
-0.1740916
0.14968805
-0.11599284
0.0522904
0.026121903
-0.102678105
0.13022627
-0.15463486
0.1251908
-0.0767684
0.008259506
0.05588905
-0.110659845
0.1350326
-0.13059396
0.087940454
-0.043791987
-0.024451124
0.08129621
-0.11336173
0.117755845
-0.10623497
0.057906196
-0.006612653
-0.049165484
0.085386954
-0.11403062
0.098937266
-0.07277258
0.031605344
0.018856566
-0.06770288
0.087083794
-0.097301014
0.07933593
-0.04748182
0.00270639
0.03872191
-0.06938691
0.08603959
-0.08044966
0.053586982
-0.02422452
-0.015859593
0.052187823
-0.06995461
0.07157797
-0.062389743
0.034349196
-0.0014305331
-0.030707281
0.051907696
-0.066273235
0.05906774
-0.04034666
0.01724829
0.012758379
-0.039059274
0.052029576
-0.05341829
0.04430436
-0.025203092
4.339772E-4
0.023669489
-0.03705259
0.047859028
-0.042342942
0.028216524
-0.011294817
-0.008663224
0.028590934
-0.03631263
0.03701858
-0.030537443
0.017160699
6.0024747E-4
-0.01580202
0.026202448
-0.03149149
0.028863732
-0.018120466
0.0075209127
0.006711836
-0.018085994
0.024437178
-0.023276633
0.019392595
-0.010354517
-7.7591714E-5
0.010990893
-0.0153051475
0.019843152
-0.016932223
0.011182701
-0.0035789313
-0.003461973
0.011098732
-0.013701441
0.013407503
-0.010312287
0.006018018
6.516402E-4
-0.005556743
0.008509274
-0.009881881
0.008928061
-0.0051274262
0.0019945102
0.0020963755
-0.004954773
0.0065580043
-0.0057789814
0.0045819995
-0.0023131322
-1.3111276E-4
0.0024783155
-0.0030961495
0.0037587972
-0.0030655554
0.0018109741
-4.6872295E-4
-5.29695E-4
0.0015522544
-0.0017309911
0.0014676552
-0.0010172541
5.194314E-4
8.765295E-5
-3.8744006E-4
4.7373163E-4
-4.5282723E-4
3.1180415E-4
-1.3058327E-4
3.106702E-5
2.4200192E-5
-2.6174239E-5
9.21272E-6
-0.0
