0.23397195
0.11645956
0.090298146
0.12111593
0.25894994
0.4021255
0.7702449
1.2600604
0.625349
0.96828884
2.4221313
2.1454742
1.2169415
0.9113769
0.3827651
0.6026114
0.47480297
0.49196875
0.32683882
0.35280147
0.45324424
0.2556153
0.17751162
0.7022268
0.44593832
0.64641684
1.1929442
1.0155313
0.43111786
0.22612953
0.26284382
0.41039187
0.61853945
0.5254685
0.6078289
0.7566259
0.5863812
0.40770367
0.4173054
0.24145597
0.24115153
0.16262944
0.63062674
0.67278844
0.45876417
0.57543254
0.5415816
0.33802548
0.2467069
0.13102154
0.47026432
0.70567423
0.48035818
0.5790351
0.3048502
0.2703272
0.63077945
1.0150229
1.0763129
0.5985094
0.3913726
0.6717605
0.5985111
0.5662166
0.2826451
0.26677495
0.44409716
0.7239182
0.32869655
0.11420526
0.11787706
0.16777296
0.17167482
0.08537165
0.40381
0.323479
0.22619037
0.3107117
0.49124655
0.44761136
0.18240708
0.1496385
0.1424676
0.02934921
0.09381153
0.36519152
0.30843544
0.23067679
0.309938
0.2606339
0.10514982
0.13216896
0.2087252
0.13307531
0.32025114
0.2175104
0.12938443
0.34023488
0.2974746
0.16299857
0.12564446
0.10843567
0.24666557
0.18319124
0.04647766
0.08924768
0.04784086
0.0584338
0.123547174
0.12087357
0.14301744
0.24970931
0.20629565
0.09961009
0.07648754
0.13175303
0.20621346
0.15468398
0.18512489
0.25310397
0.10051832
0.05623342
0.109064855
0.050749
0.20224194
0.04753503
0.08944559
0.08736042
0.14873706
0.22774346
0.23345377
0.15772593
0.22050841
0.259996
0.1905517
0.20623294
0.19387065
0.19442396
0.12607232
0.11771718
0.10683085
0.08384203
0.22860539
0.22972691
0.0050716614
0.11700723
0.1135704
0.023693742
0.12551235
0.07796917
0.13112755
0.13706332
0.14600159
0.14055152
0.071656376
0.051854543
0.16471152
0.17428385
0.0880117
0.08863484
0.16269404
0.17120466
0.16063161
0.1398677
0.02575884
0.16852356
0.16847773
0.118969895
0.115652606
0.19133478
0.16041556
0.06173519
0.072248876
0.16210057
0.10233178
0.124497846
0.20869319
0.22721758
0.2334477
0.10913091
0.09452372
0.14293663
0.11688682
0.06990237
0.18719725
0.37325662
0.30984294
0.16575827
0.20352879
0.26305556
0.23015279
0.14730813
0.19926333
0.13437192
0.07862693
0.08841059
0.06854101
0.19110006
0.14684802
0.010705515
0.0928978
0.041552573
0.11717555
0.10935665
0.036622655
0.164076
0.20303226
0.104030766
0.106656194
0.113772556
0.10479337
0.10385953
0.09551315
0.15780038
0.09964426
0.04100278
0.049274262
0.024862552
0.033331178
0.0397969
0.061643466
0.07527404
0.16687863
0.13961913
0.07922605
0.06809295
0.16405477
0.17667103
0.046324708
0.06260045
0.043556325
0.08230918
0.10680175
0.11538912
0.13547881
0.11090228
0.06490192
0.103987195
0.108367674
0.07576249
0.12508523
0.15528327
0.11861721
0.11507035
0.1421375
0.11472131
0.14399189
0.1747662
0.14731663
0.044029705
0.16350628
0.14706309
0.061845362
0.11763131
0.089999
0.116380535
0.12518346
0.23069605
0.2011646
0.17797609
0.16491638
0.1959454
0.17139685
0.079143345
0.12240288
0.04543105
0.07672073
0.24861202
0.2761917
0.16913338
0.063635014
0.055643033
0.106555045
0.07378551
0.031404927
0.07221934
0.0090984935
0.15340687
0.18060923
0.06962
0.08037955
0.011811203
0.08456721
0.10284613
0.032487627
0.10321798
0.13881668
0.08899401
0.07813081
0.06755269
0.026554585
0.023567354
0.06648044
0.07002204
0.07513053
0.079498015
0.050224565
0.06554787
0.14726493
0.14752609
0.14720155
0.1299011
0.0723008
0.1364805
0.16012281
0.17311102
0.16553561
0.096529976
0.07507485
0.08734488
0.074620634
0.020975184
0.098886155
0.15895946
0.09843592
0.03022046
0.036387265
0.08719883
0.09103045
0.121840924
0.14829786
0.1407594
0.059555247
0.064793356
0.06882336
0.046207745
0.04915587
0.06173531
0.11909994
0.05132101
0.012809136
0.06457305
0.04461625
0.026188048
0.13600801
0.16157795
0.11969734
0.028445316
0.0938714
0.08123102
0.03286248
0.013384002
0.069515206
0.097720444
0.019522276
0.07592584
0.07054563
0.02491919
0.063096985
0.16414179
0.17199098
0.11710726
0.0692936
0.04313691
0.0812152
0.04331165
0.10043233
0.073097594
0.017465303
0.06647381
0.0610112
0.09019347
0.056236632
0.025252044
0.044099092
0.07627267
0.032927494
0.14880896
0.110382676
0.026242847
0.057098188
0.06266951
0.05020179
0.13580574
0.19255476
0.2312961
0.17318375
0.08152813
0.08887562
0.0668704
0.087810345
0.12548067
0.13780467
0.14755844
0.0689086
0.07262011
0.08223085
0.057660494
0.06973355
0.036449235
0.008361544
0.030932222
0.07799172
0.10093539
0.06700105
0.043112293
0.03099419
0.03426059
0.048334952
0.094495706
0.13010171
0.1397143
0.13059783
0.11814898
0.059625655
0.09305753
0.08993831
0.065217815
0.023844734
0.03979198
0.021739524
0.049085435
0.1343268
0.14692691
0.08420113
0.12010027
0.10100933
0.041887652
0.10976939
0.15414718
0.15215942
0.0812823
0.049019504
0.065744154
0.03798406
0.039770413
0.053886164
0.049989007
0.15247573
0.1866546
0.14418752
0.057961408
0.17049462
0.05682403
0.11363668
0.11852752
0.061674457
0.0602569
0.0740688
0.057663787
0.061661877
0.074828535
0.12630242
0.11943765
0.06234627
0.035797216
0.067937665
0.04848762
0.047670633
0.084486775
0.10419362
0.06578357
0.042278197
0.051102728
0.075934924
0.11780473
0.07909259
0.05315258
0.05328627
0.08136471
0.0967078
0.10347533
0.1289942
0.0934754
0.090495154
0.035250276
0.13313994
0.06738155
0.026395665
0.07573266
0.043612115
0.028152099
0.122294985
0.08580632
0.06520371
0.1375065
0.11170375
0.030804353
0.08964516
0.07061531
0.065120876
0.08728524
0.04486151
0.06732382
0.07075337
0.033007715
0.07743216
0.0884
0.08176362
0.124890536
0.14204556
0.07904379
0.021599518
0.026943138
0.04301753
0.10000696
0.13835935
0.09096351
0.042096928
0.047210444
0.06424097
0.06998432
0.042395797
0.021739936
0.01926018
0.042554885
0.027648704
0.04996779
0.027907778
0.025470877
0.050588742
0.052126013
0.06825927
0.08954528
0.06962393
0.06277663
0.08047674
0.045608852
0.070892066
0.09819845
0.06376856
0.067803495
0.093298726
0.087319754
0.14215063
0.03538696
0.14536074
0.16844212
0.087311424
0.022741958
0.0912342
0.15698162
0.095129974
0.17048083
0.07704135
0.09423251
0.15063295
0.15732986
0.14206111
0.14464103
0.07327532
0.042431783
0.18489036
0.21136226
0.052123763
0.062546216
0.018415714
0.08350342
0.15470684
0.122519076
0.12914076
0.05322993
0.19306295
0.17680448
0.05889327
0.079015225
0.051846456
0.06871972
0.04829661
0.021993728
0.07353504
0.065403044
0.09437013
0.096169785
0.07219676
0.1829956
0.16063586
0.002134096
0.055702955
0.061299678
0.111581616
0.09849479
0.05512661
0.10747266
0.095743775
0.03492286
0.09073241
0.0825729
0.07152971
0.07140883
0.07373257
0.17498906
0.19431521
0.15287712
0.06146528
0.06772185
0.13094543
0.18463098
0.17815204
0.05313038
0.17251219
0.27495933
0.22668234
0.086612545
0.06351014
0.100113295
0.059138358
0.08402265
0.15245783
0.2015724
0.15289167
0.13593316
0.21225435
0.14895304
0.13627727
0.06394673
0.22491583
0.23184957
0.08611439
0.14359875
0.052249994
0.12760088
0.18940955
0.22557095
0.16991432
0.08083733
0.08297685
0.16457373
0.096308656
0.049264282
0.08752838
0.08551861
0.08322701
0.12482647
0.12650831
0.08180382
0.1016198
0.16924872
0.050735734
0.10507638
0.12386984
0.07796166
0.08840705
0.15314323
0.19292401
0.1690023
0.10153825
0.12953317
0.07399928
0.059408966
0.03384333
0.1460174
0.08604949
0.14588173
0.16889393
0.11434761
0.065415084
0.10256247
0.07658412
0.1065015
0.08217844
0.06274525
0.16067459
0.10278719
0.13176534
0.11107793
0.18163264
0.23561254
0.14049214
0.040141188
0.035309363
0.09109893
0.09261162
0.07305719
0.016368063
0.08322
0.12501347
0.07938629
0.09278497
0.06754093
0.041681837
0.030235043
0.05210636
0.041150637
0.057044785
0.0986742
0.060140252
0.019134106
0.036800474
0.025674298
0.1003062
0.082204714
0.09325846
0.12822717
0.13963903
0.08045536
0.019496854
0.056569945
0.009937964
0.057258636
0.07291079
0.056202512
0.01448153
0.0638267
0.05642601
0.03814586
0.02423812
0.019798068
0.075850055
0.05131016
0.07928623
0.1253547
0.061214767
0.069591
0.089571774
0.07725773
0.066641726
0.06798252
0.14200102
0.14378779
0.074810855
0.028346
0.07210316
0.02500477
0.110845976
0.14470741
0.062309615
0.040033426
0.10845922
0.15513797
0.14670226
0.09667616
0.085408136
0.07559232
0.08720743
0.064612776
0.095769085
0.08835164
0.06972863
0.05442552
0.07436693
0.09674116
0.054781348
0.055522602
0.06784234
0.056797065
0.04575656
0.039903916
0.045049492
0.06745901
0.10633088
0.053047944
0.05771426
0.1178691
0.1495448
0.16554718
0.09387562
0.053285517
0.09129773
0.053005654
0.013865813
0.053751543
0.10107763
0.041230377
0.060526583
0.05504684
0.020910705
0.02218937
0.043953866
0.11369088
0.06162489
0.09243034
0.11253091
0.06681762
0.04988151
0.053710245
0.07389275
0.041295946
0.02969311
0.047708612
0.1302484
0.11915875
0.08450404
0.10509818
0.05023374
0.05814784
0.080448784
0.09132249
0.07807223
0.037507847
0.019723998
0.062150665
0.014042387
0.030669048
0.058802456
0.07899535
0.022406543
0.03516411
0.038301658
0.061933458
0.09264772
0.08079968
0.0828274
0.101464614
0.029903445
0.06968004
0.038543873
0.05394008
0.051525734
0.06108787
0.06579271
0.06714074
0.044948358
0.024417108
0.02205238
0.03285197
0.087544635
0.11348583
0.10544943
0.05449786
0.037224937
0.039911702
0.088465296
0.05912285
0.023136752
0.033670425
0.025169758
0.029772371
0.01867722
0.076584406
0.0836532
0.065349504
0.106458634
0.10718862
0.073219076
0.090497345
0.044001438
0.03626313
0.055450734
0.04809667
0.06552841
0.07513001
0.052459758
0.053283572
0.017519476
0.016644461
0.05647486
0.11020118
0.117182896
0.12230888
0.113219425
0.060059994
0.052415542
0.074739955
0.06269313
0.07517972
0.04505816
0.03160137
0.07466104
0.03160192
0.07843329
0.043464527
0.09651932
0.027058458
0.07722978
0.050282743
0.030059395
0.045262106
0.061959162
0.1364542
0.053373225
0.016623678
0.00424752
0.042740826
0.06562633
0.029277902
0.061020203
0.013295812
0.061018374
0.09691892
0.14248079
0.12241691
0.036140386
0.054144155
0.08925465
0.05890437
0.034229018
0.04155668
0.05825451
0.03915583
0.055310436
0.07487927
0.029537983
0.06530752
0.05695107
0.0801535
0.040267844
0.045433097
0.029005492
0.02426876
0.076129384
0.10489117
0.07341246
0.05239032
0.054067466
0.069003575
0.06610593
0.056777123
0.05609262
0.044904124
0.0657938
0.074739784
0.14520207
0.13226129
0.05806241
0.025652561
0.03919186
0.050051548
0.017280417
0.021682974
0.06997378
0.13873816
0.1460195
0.087950654
0.06366424
0.050868157
0.027635522
0.019684393
0.047687683
0.09281137
0.1051279
0.09745961
0.10769692
0.0752697
0.008298827
0.013829789
0.011953394
0.025724348
0.05125315
0.099628285
0.14360811
0.17361172
0.11128264
0.0423549
0.07629464
0.13100395
0.033899426
0.0876663
0.11117608
0.07869339
0.003601723
0.031564757
0.010807585
0.06395566
0.04056622
0.018783487
0.06945292
0.044473242
0.0474988
0.022982666
0.047994215
0.04288862
0.034118738
0.058743685
0.058389623
0.0559179
0.07047143
0.07717621
0.10354177
0.02971608
0.12151638
0.13606541
0.14480345
0.1557212
0.102495216
0.06619278
0.042471014
0.03895045
0.022607448
0.07539559
0.11033068
0.03854945
0.017803285
0.06032837
0.033083405
0.012562517
0.06292298
0.11113904
0.06437307
0.029950283
0.044565845
0.027422989
0.028524308
0.07907872
0.076066844
0.0680775
0.08389628
0.08993798
0.12028456
0.06044391
0.0059590284
0.029515825
0.06377674
0.05172394
0.043273263
0.043421034
0.12626332
0.11444812
0.012729878
0.027958537
0.02892875
0.06711488
0.14581028
0.12817505
0.06328136
0.056636937
0.060489893
0.05906782
0.041578375
0.08261793
0.07730269
0.052686032
0.05629735
0.08457004
0.107723854
0.09793638
0.091864765
0.124458075
0.13345374
0.12521921
0.09011572
0.065138966
0.032499615
0.08321276
0.06834602
0.03255757
0.013546491
0.07111454
0.08966463
0.040785026
0.021469193
0.0368516
0.043202393
0.048688408
0.05101643
0.025473725
0.010615885
0.041242898
0.041807123
0.049009968
0.058887888
0.050892174
0.04660187
0.08238595
0.14134063
0.06951258
0.06713033
0.0602548
0.057914767
0.03435822
0.054953475
0.054295406
0.05135846
0.13313864
0.11426443
0.09584219
0.0773465
0.062689304
0.08686156
0.08142571
0.04365847
0.04370215
0.016780214
0.044187445
0.06214676
0.08025438
0.08612577
0.08202998
0.0660289
0.101054385
0.10287082
0.034584653
0.0047100536
0.0014055514
0.018151173
0.054135207
0.03380757
0.001443503
0.02599536
0.06883267
0.11537906
0.12399163
0.071810044
0.03462087
0.043842215
0.044235125
0.07096429
0.08863908
0.07597754
0.08480165
0.13134038
0.106206305
0.052996546
0.04756211
0.09465305
0.11011397
0.070512354
0.093663566
0.07895241
0.049752213
0.028209351
0.062223777
0.08241184
0.06388759
0.10169592
0.059600383
0.02321962
0.071178
0.091778845
0.030701196
0.030525489
0.0692804
0.08823294
0.0706274
0.030114776
0.07984351
0.022594158
0.05896439
0.07707664
0.040157773
0.01854485
0.053306665
0.042693734
0.06106456
0.05366225
0.010544099
0.057646442
0.054503243
0.098467916
0.1494809
0.09945605
0.06973443
0.055770364
0.083519444
0.052627932
0.024842583
0.006872686
0.06327827
0.025398
0.05743163
0.050310306
0.027941465
0.036732532
0.066834934
0.0579514
0.04252468
0.0977146
0.11121783
0.08300894
0.02137568
0.056553427
0.033970557
0.027283471
0.0718829
0.10278265
0.10288478
0.14013945
0.12785982
0.062430885
0.078233205
0.10914438
0.081588075
0.061931677
0.07836
0.044910572
0.06396081
0.034562547
0.017903842
0.102364585
0.1402482
0.13775697
0.07033523
0.054707438
0.007130761
0.049876705
0.050817315
0.005343623
0.038229164
0.012671056
0.02811145
0.01675868
0.02428224
0.08099624
0.10825655
0.11596222
0.0938831
0.06698949
0.045383785
0.07367277
0.09596453
0.03970809
0.022752263
0.07365723
0.11039376
0.074051544
0.051462412
0.081699826
0.10477015
0.07066241
0.040825836
0.042868968
0.07358903
0.0759074
0.07722864
0.12790866
0.11642409
0.08553696
0.05064428
0.008039956
0.017746193
0.011004827
0.06646223
0.052381627
0.010580559
0.055923842
0.061206814
0.05958164
0.025862982
0.04647357
0.045566265
0.052186728
0.038281027
0.06533327
0.04218727
0.023582472
0.04628151
0.043730255
0.026132518
0.07120928
0.09733097
0.104790516
0.08631432
0.055752255
0.033079356
0.07671948
0.057063594
0.076315574
0.09683841
0.06445174
0.0134186605
0.08354781
0.10176139
0.07869088
0.043267623
0.028863562
0.03844439
0.02162076
0.068826854
0.07362996
0.02753321
0.029103883
0.025118235
0.08181616
0.10459942
0.078302585
0.029324735
0.006716999
0.022455035
0.033337235
0.05158032
0.050174695
0.09673814
0.12480581
0.079718985
0.022695804
0.04407933
0.0642983
0.03160226
0.09253455
0.10151942
0.015649833
0.07982938
0.040545087
0.025436755
0.03975877
0.03469066
0.047245093
0.07565114
0.0761097
0.06272729
0.030927213
0.03938567
0.111065134
0.13074073
0.1120811
0.11715259
0.083397135
0.057988435
0.02309139
0.026231952
0.03313453
0.05335967
0.040787116
0.033464342
0.048643123
0.028559683
0.022458566
0.023708545
0.043704424
0.04302134
0.046474382
0.09910925
0.103255786
0.08593863
0.11642365
0.11885793
0.057669535
0.035393853
0.08492776
0.10964091
0.11117781
0.07093746
0.028965155
0.006172208
0.074009076
0.041990694
0.07372839
0.05743658
0.065480635
0.13095337
0.114381514
0.04110223
0.046651363
0.10974055
0.14084916
0.05564937
0.059860848
0.07433916
0.050245
0.027363116
0.045647766
0.037150364
0.045222536
0.013183137
0.017382026
0.04598455
0.04751336
0.061217353
0.08670988
0.0160001
0.03533385
0.014234308
0.04257434
0.03497277
0.036015626
0.052437183
0.108408496
0.08512829
0.0872163
0.13379723
0.047403872
0.041951552
0.036216173
0.036234394
0.021941353
0.013001196
0.005762752
0.064927086
0.09597057
0.048710085
0.037895326
0.058984697
0.04330107
0.04876945
0.04510778
0.027510302
0.03306911
0.038204752
0.07933192
0.1135292
0.06179514
0.08914238
0.10963251
0.10039494
0.062670484
0.056630686
0.06381636
0.036033418
0.01949567
0.030001488
0.0745784
0.07757597
0.06017723
0.012744549
0.04268589
0.011563506
0.031134779
0.04306473
0.044940066
0.024050338
0.08654275
0.12725717
0.099016756
0.10079868
0.10202399
0.080383845
0.0407622
0.09066269
0.14473353
0.06632677
0.04549953
0.05232044
0.090611614
0.059865475
0.070918955
0.07315939
0.09399086
0.07587915
0.056416135
0.050597697
0.07939775
0.07015544
0.030551018
0.082960814
0.067595236
0.059873156
0.02104215
0.046940435
0.00959102
0.0098472955
0.0371218
0.029989373
0.062303703
0.10244071
0.15667668
0.17774369
0.12266268
0.04501128
0.033680964
0.12689862
0.16176346
0.1279605
0.12854393
0.05154601
0.089031905
0.06329678
0.07509646
0.04756124
0.04198364
0.0900867
0.1010886
0.075417325
0.07578956
0.10314967
0.023268912
0.082380295
0.030423941
0.10497716
0.08532842
0.044543263
0.023039231
0.060518812
0.08301886
0.04523787
0.07792005
0.05027365
0.10840406
0.10787009
0.05874667
0.06856789
0.1545681
0.12600562
0.028375465
0.029593743
0.12602267
0.10609431
0.033982333
0.076660775
0.1081687
0.0533699
0.09160786
0.096810184
0.046168357
0.055899434
0.015304438
0.07518306
0.13075139
0.1048606
0.08351271
0.10831854
0.06917646
0.04161653
0.036142368
0.050881308
0.08384089
0.02088029
0.112953275
0.099578045
0.069514014
0.091874376
0.12588874
0.15827224
0.092735924
0.0419422
0.08732101
0.07891834
0.052867282
0.016108641
0.028773991
0.07223232
0.09784358
0.08301651
0.10891018
0.12576786
0.08170276
0.009761306
0.038803816
0.054135498
0.08238292
0.07412851
0.06891829
0.100107044
0.11735977
0.10282437
0.0647296
0.041787095
0.035873428
0.05237898
0.12583114
0.08323135
0.06262322
0.112195976
0.09156108
0.048916027
0.066321306
0.12523976
0.12306833
0.11586318
0.05562438
0.04434925
0.113728374
0.10544596
0.047878142
0.023954423
0.010043264
0.054870028
0.037866622
0.05960698
0.1039952
0.1300177
0.051079787
0.081154644
0.08964374
0.017898718
0.09673893
0.15084943
0.071439825
0.06347477
0.1215219
0.066790186
0.04937794
0.023731671
0.0843249
0.077095576
0.038675472
0.03482702
0.02246362
0.021397658
0.027111663
0.04615935
0.066424295
0.11021104
0.099125825
0.06736268
0.08267028
0.09459562
0.012818547
0.10136272
0.07390311
0.041113745
0.02610286
0.049364347
0.028720722
0.071906246
0.07474119
0.021900317
0.023140756
0.04661929
0.07273885
0.007051521
0.06596439
0.093889184
0.056522805
0.015766324
0.041780055
0.030784098
0.034084104
0.050510444
0.11576318
0.14723054
0.10627418
0.05508375
0.11310349
0.15528256
0.062479116
0.07167858
0.13762486
0.100561395
0.029687379
0.03685669
0.036846694
0.040155213
0.05115935
0.04860093
0.01578008
0.091778986
0.13791037
0.10691782
0.20724764
0.17470412
0.09922206
0.042054217
0.045588143
0.08559177
0.09331582
0.03563936
0.06022099
0.08851571
0.038685497
0.055772264
0.04232815
0.092425205
0.13277778
0.08221551
0.066309646
0.1143277
0.092640065
0.013575928
0.07951493
0.08635282
0.05992707
0.018034765
0.078161106
0.08879666
0.06415439
0.07218558
0.0424285
0.1121758
0.13115895
0.07617605
0.031356927
0.086227484
0.08469617
0.06675475
0.07882314
0.058010068
0.07993094
0.11033905
0.105393015
0.09301667
0.07066212
0.08277761
0.0976287
0.09854359
0.036554877
0.06285006
0.085708566
0.054988097
0.05336905
0.039394714
0.044824474
0.035328787
0.06706412
0.11768173
0.12402428
0.08676676
0.12583835
0.16987188
0.111445084
0.058222346
0.08932458
0.11016985
0.037579376
0.05627009
0.053835884
0.0059701013
0.047156792
0.06712797
0.09810466
0.12744841
0.13449237
0.0851203
0.01573535
0.0032542134
0.027834157
0.009884025
0.046960976
0.08485323
0.041803047
0.04275898
0.016791847
0.035032682
0.0931955
0.089003734
0.045199025
0.0340931
0.06679694
0.0819068
0.04091781
0.10095776
0.11884893
0.051206008
0.04631058
0.020137368
0.07695314
0.051894955
0.035649348
0.043724295
0.07280853
0.046362996
0.067371406
0.091234215
0.04393342
0.01406364
0.037341997
0.031797808
0.040212676
0.07948916
0.05861536
0.016409636
0.018618107
0.043872952
0.031953566
0.020521134
0.007925338
0.06367694
0.103931844
0.13594034
0.083466694
0.03385557
0.05086651
0.04625508
0.045789022
0.036779456
0.0823785
0.11720185
0.14728262
0.11303001
0.06571254
0.07605619
0.064822815
0.053190645
0.081408024
0.096309625
0.12584165
0.11739839
0.08250758
0.02355802
0.01284172
0.07208257
0.041498452
0.038741883
0.13107961
0.15480866
0.04555137
0.09174525
0.08285335
0.08930747
0.118240096
0.08777089
0.06028605
0.011213624
0.05057957
0.048894223
0.03810834
0.022520201
0.05001469
0.06840661
0.019239696
0.052126706
0.057272676
0.025037168
0.020937534
0.042641085
0.01963126
0.0057044365
0.10355249
0.10759657
0.06685754
0.04378075
0.062211428
0.13801159
0.0822239
0.0515923
0.05094501
0.02780613
0.028178643
0.074648514
0.070116036
0.101758815
0.08991846
0.03291398
0.032647435
0.09663386
0.08856354
0.09838004
0.08001445
0.061411824
0.039908778
0.05137242
0.06942138
0.035971053
0.06449088
0.075059
0.07621475
0.0910131
0.062376894
0.04978614
0.05710874
0.06470635
0.06675393
0.04240957
0.104519136
0.08359102
0.02114116
0.043867853
0.07161317
0.08417099
0.08514919
0.07326366
0.047370963
0.011298159
0.050161146
0.101550855
0.10032629
0.05865454
0.06448661
0.06581752
0.014684472
0.05872523
0.08186944
0.057324175
0.054842737
0.05211318
0.04170094
0.014705528
0.07145801
0.077327244
0.052480966
0.09179773
0.06360897
0.006929475
0.021795241
0.07413747
0.113548905
0.0696748
0.051594008
0.019578582
0.056380447
0.04194224
0.051157247
0.09451299
0.123651005
0.048461746
0.036070276
0.037150033
0.08241681
0.0691383
0.071965724
0.07892016
0.020158993
0.08308634
0.041002553
0.036298532
0.038192373
0.09953106
0.085891806
0.007179807
0.045376204
0.052967828
0.012717322
0.03371116
0.071399964
0.0857021
0.07526138
0.04982662
0.05359444
0.05768479
0.037902683
0.01319876
0.052644625
0.03887748
0.030046765
0.07817373
0.10772846
0.13347873
0.100319274
0.023354435
0.056962
0.02356499
0.048647586
0.055919632
0.032524284
0.013541733
0.026997725
0.04003556
0.028303582
0.039122555
0.029903403
0.030401813
0.007637948
0.049404725
0.047918737
0.023143541
0.0049849562
0.037936997
0.067275144
0.06286489
0.050258983
0.029970806
0.013178011
0.032263737
0.012533507
0.058941923
0.08767513
0.061072554
0.04003617
0.1042466
0.101902574
0.09504821
0.05545126
0.036514945
0.049628038
0.010694168
0.027372254
0.035309162
0.012834145
0.0709062
0.09515875
0.09992552
0.09763732
0.07564953
0.04823376
0.0665348
0.05650304
0.052361473
0.07247222
0.066296905
0.034225244
0.033747446
0.06355357
0.06362816
0.036497705
0.039518017
0.032409646
0.019380882
0.048217982
0.03423439
0.02749925
0.0245035
0.04658353
0.07054834
0.042123985
0.018127983
0.03946975
0.065035746
0.07882967
0.053499687
0.05996197
0.059039194
0.04235799
0.015260986
0.022381943
0.014563374
0.08650229
0.084307864
0.037909087
0.042000175
0.027354078
0.045153674
0.03168603
0.08818365
0.02368244
0.032543868
0.017281007
0.014136436
0.048625123
0.07023913
0.072046705
0.06988395
0.067762166
0.024835892
0.016623845
0.009367776
0.025286436
0.03137683
0.045741
0.08203313
0.08637809
0.06151935
0.03314727
0.044672243
0.060513463
0.046396695
0.04695571
0.0139134955
0.03978305
0.037883613
0.007908139
0.022925721
0.027194584
0.04043887
0.080023974
0.07299167
0.036279913
0.039575946
0.043406654
0.02254958
0.013805047
0.023063365
0.06503377
0.06770873
0.05072557
0.045298226
0.019962309
0.041861948
0.045588788
0.021307131
0.041333225
0.08354804
0.06123478
0.010841541
0.039425455
0.0377024
0.01404392
0.07215448
0.05908494
0.042177767
0.035134744
0.030714609
0.014294274
0.024442282
0.044223376
0.019593865
0.07633538
0.07958448
0.014758151
0.019612104
0.037355807
0.055632636
0.0391042
0.021763187
0.021041147
0.026657863
0.01011711
0.0108029265
0.015877776
0.03667495
0.06701639
-0.003051847
-0.0030518398
-0.003051829
-0.0030518146
-0.00915539
-0.00610355
-0.00305175
-0.0030517213
-0.006103378
-0.0061033056
-0.006103227
-0.006103141
-0.0030515236
-0.0061029466
-0.006102839
-0.003051362
-0.003051301
-0.0030512363
-0.003051168
-0.006102192
-0.0030510207
-0.0030509417
-0.003050859
-0.003050773
-0.003050683
-0.0030505897
-0.0030504928
-0.0030503923
0.0
0.0
-0.003050069
0.0
0.0030498356
0.0030497136
0.0
0.0
-0.0030493257
0.0
-0.0030490493
-0.0030489056
0.0
0.0
0.0
0.0030482954
0.0
0.0
0.0
-0.0030476279
0.0
-0.0030472726
0.0
-0.0030469028
-0.0030467126
0.0
0.0
0.0
-0.006091832
-0.003045708
-0.0060909926
-0.0030452812
-0.0030450623
-0.00608968
0.0
-0.0030443843
-0.0030441512
-0.0030439147
-0.006087349
-0.0030434304
-0.0030431831
-0.0030429321
-0.0030426774
-0.006084839
-0.009126473
-0.0060837846
-0.0060832473
-0.0030413512
-0.0030410753
-0.0060815914
-0.006081025
-0.003040226
-0.006079871
-0.0030396418
0.0
0.0
0.0
0.0
0.0
0.0030378043
0.0030374855
0.0
0.0030368373
0.0
0.0
-0.0030358385
0.0030354983
0.003035155
0.0
0.0030344569
0.0030341025
0.0030337449
0.0030333833
0.0030330184
0.0030326499
0.006064556
0.0030319025
0.0030315232
0.0030311407
0.0030307544
0.0030303646
0.0030299714
0.0030295746
0.0030291742
0.0030287702
0.0030283628
0.0060559036
0.0030275374
0.0030271192
0.006053395
0.0030262724
0.0060516875
0.0060508233
0.003024976
0.0030245367
0.003024094
0.0
0.0030231979
0.0
-0.0030222875
0.0030218272
0.0
0.0
0.0
0.0
0.0
-0.0030189909
-0.0030185059
-0.0030180172
-0.0030175252
-0.0030170297
-0.0030165305
-0.003016028
-0.003015522
-0.0060300245
-0.006028998
-0.009041947
-0.006026925
-0.003012939
-0.009037235
-0.0030118811
-0.003011347
-0.006021619
-0.0030102683
-0.0030097237
-0.0030091756
-0.009025872
-0.003008069
-0.0030075102
-0.0060138963
-0.0030063826
-0.009017441
-0.0030052413
-0.0090139955
-0.009012257
-0.0030035027
-0.0030029162
-0.0030023265
-0.003001733
-0.0030011362
-0.0030005358
-0.002999932
-0.0029993248
-0.002998714
0.0
0.0029974822
0.002996861
0.0029962363
0.0029956084
0.0029949767
0.0
0.0029937034
0.0029930614
0.002992416
0.008975302
0.00598223
0.0059809186
0.0089694
0.005978275
0.005976943
0.0
0.0059742583
0.0059729056
0.005971546
0.0059701796
0.0
0.0059674256
0.0
0.0059646447
0.005963244
0.0059618363
0.0059604216
0.0059590004
0.0
0.005956137
0.0059546954
0.0059532467
0.005951791
0.0059503284
0.0059488593
0.0
0.0059459005
0.0
0.0
0.0
0.005939901
0.005938384
0.0059368606
0.0
0.005933793
0.0
0.005930698
0.0
0.0
0.0
0.0
0.0
0.0
0.0029598265
0.005918048
0.0
0.0059148176
0.0059131924
0.0059115607
0.005909922
0.0
0.0029533124
0.005904966
0.0059033004
0.005901628
0.005899949
0.0058982633
0.005896571
0.005894872
0.005893166
0.008837181
0.008834602
0.011776018
0.011772553
0.008826806
0.0058827917
0.005881039
0.01175856
0.011755029
0.008813613
0.005873963
0.008808265
0.0058703846
0.0058685853
0.01173356
0.008797452
0.0058631487
0.0058613233
0.005859491
0.0058576525
0.0029279036
0.005853955
0.0029260484
0.0029251156
0.00292418
0.0029232407
0.0029222982
0.0
0.0
0.002919451
0.0
0.0029175368
0.0
0.0
-0.005829281
-0.005827337
0.0029126934
0.0
0.0
0.0
0.00290876
0.0
0.0
0.0
0.0
0.0029037697
0.002902762
0.002901751
0.0
0.0
0.0
0.0028976747
0.008689943
0.0028956172
0.0
0.0
0.0028925065
0.0028914632
0.002890417
0.008668101
0.0028883142
0.002887258
0.0028861987
0.0028851363
0.008652211
0.0028830015
0.008645788
0.002880854
0.0028797756
0.0028786939
0.002877609
0.0028765209
0.0028754298
0.0028743353
0.0
0.0
0.0
0.002869926
0.0028688156
0.0028677022
0.0028665855
0.0028654658
0.0028643429
0.002863217
0.0
0.0
0.0
0.0
0.0028575396
0.0
0.0
0.0028540955
0.0
0.0
0.0028506233
0.0
0.0
0.0
-0.00284595
-0.005689548
-0.0028435946
-0.0056848247
-0.011364908
-0.005680077
-0.0056776935
-0.008512956
-0.0028364544
-0.0028352535
0.0
-0.0028328425
0.0
0.0
0.0
0.0
-0.0028267615
0.0
0.0
-0.002823076
-0.0028218413
-0.0028206035
0.0
0.0028181192
-0.0028168724
-0.0028156226
0.0
-0.0028131139
-0.002811855
0.0
0.0
0.0028080598
0.0
0.0
-0.0028042379
-0.0028029578
-0.0028016747
0.0
0.0
0.0
0.0
0.0027952143
0.0
0.0027926092
0.0027913023
0.0
0.0027886792
0.0
0.0
0.0
-0.0027833977
0.0
0.0
0.0
0.0
0.0
-0.0027753867
0.0
0.0
0.0
-0.002769987
0.0
0.0
-0.005531813
-0.0027645405
0.0
0.0
-0.0055208504
-0.005518095
-0.0055153337
-0.005512567
-0.002754897
-0.0027535078
-0.0055042314
-0.0055014417
-0.002749323
-0.008243767
-0.005493037
-0.005490224
-0.008231107
-0.008226871
-0.008222626
-0.008218371
-0.008214109
-0.008209838
-0.010940745
-0.00820127
-0.008196973
-0.008192668
-0.005458903
-0.0054560215
-0.0054531344
-0.0027251206
-0.0081710145
-0.0054444387
-0.005441529
-0.010877227
-0.008153539
-0.00814915
-0.010859668
-0.008140344
-0.005423953
-0.005421004
-0.005418049
-0.008122634
-0.0054121236
-0.0054091522
-0.0054061757
-0.0027015966
-0.0027001027
-0.005397212
-0.0026971065
-0.0053912085
-0.008082299
-0.0026925916
-0.0026910813
-0.005379136
-0.0053761043
-0.0053730668
-0.005370024
-0.0053669754
-0.005363922
-0.0026804314
-0.005357798
-0.005354728
-0.008027479
-0.0026742858
0.0026727428
0.0
-0.0026696483
-0.0026680971
-0.0026665432
-0.005329973
-0.0026634273
0.0
-0.0026603006
-0.0026587334
-0.005314327
-0.0053111813
-0.0026540156
-0.0026524374
0.0
-0.0026492737
-0.0026476877
-0.007938297
-0.007933524
-0.0052858284
-0.0052826353
-0.0026397186
-0.005276234
-0.0052730255
-0.007904718
-0.0052665924
-0.005263368
-0.0026300694
0.0
-0.005253664
-0.005250419
-0.0052471687
-0.0026219566
-0.0026203264
-0.005237387
0.0
0.0
-0.0026137796
-0.0026121365
-0.0052209813
-0.005217685
0.0
-0.0026055383
-0.0026038825
0.0
-0.0026005632
-0.0025988996
-0.0051944675
-0.002595565
-0.002593894
-0.0025922204
-0.0025905445
-0.0025888658
-0.0051743696
-0.0025855012
-0.0025838153
-0.0025821265
0.0
0.0
0.0
0.0
0.0025736466
0.0
0.0
0.002568529
0.0025668181
0.002565105
0.0025633893
0.0
0.0
0.0
0.0
0.0025547743
0.002553044
0.0051026223
0.002549576
0.0025478385
0.0
0.0
0.0
0.0025408645
0.002539115
0.0
0.0025356088
0.0
0.0
0.0
0.0
0.0
0.0050500664
0.0025232625
0.0025214893
0.0
0.0
0.0
0.0
0.0
0.0025108012
0.0
0.0
0.0025054256
0.0050072586
0.005003661
0.0025000295
0.0024982262
0.0024964204
0.0024946127
0.0024928025
0.00249099
0.0049783504
0.0024873582
0.002485539
0.0024837174
0.0
0.0
-0.0024782394
-0.0024764088
0.0024745762
0.002472741
0.002470904
0.0024690644
0.002467223
0.0
0.0024635328
0.0024616846
0.002459834
0.0024579815
0.0024561265
0.0024542694
0.0024524103
0.0024505488
0.0024486852
0.0024468193
0.0024449513
0.0
0.002441209
0.0024393345
0.002437458
0.0
0.0024336984
0.0024318153
0.0024299303
0.002428043
0.0
0.002424262
0.0024223684
0.0024204727
0.0
0.0
0.0024147728
0.0024128687
0.0
-0.0024090542
0.0
-0.0024052311
0.0
-0.0024014001
-0.0023994814
0.0
-0.002395638
-0.0023937132
-0.0023917863
-0.007169572
-0.0023879264
-0.0023859935
-0.0023840584
-0.0023821215
-0.004760365
-0.0023782414
-0.0023762984
-0.0023743534
-0.0023724062
-0.0047409143
0.0
0.0
0.0
0.0
0.0
-0.0047174427
-0.0023567586
0.0
0.0
0.0023508584
0.0023488877
0.002346915
0.0023449406
0.002342964
0.0023409857
0.0023390055
0.0070110695
0.0070051174
0.006999159
0.0023310652
0.0023290752
0.0023270836
0.0069752703
0.006969284
0.0069632917
0.006957294
0.0023170968
0.002315094
0.002313089
0.006933247
0.006927222
0.006921191
0.0023050513
0.0046060747
0.0069030644
0.0068970113
0.006890953
0.006884889
0.00229294
0.002290915
0.0
0.0022868598
0.0045696585
0.0045655943
0.0045615267
0.0022787277
0.0045533804
0.004549302
0.00454522
0.0022705672
0.0022685227
0.0045329533
0.0
0.0022623788
0.0
0.0
0.0
0.0022541627
0.0
0.0022500444
0.0022479827
0.0
0.004487708
0.0022417873
0.0022397188
0.0022376485
0.0022355767
0.0
0.0
0.004458702
0.0044545447
0.0044503845
0.004446221
0.004442054
0.0
0.0
0.0044295336
0.004425354
0.0044211703
0.004416984
0.0
0.0
0.0
0.0
0.0
0.0043917983
0.0
0.0043833777
0.0
0.0
0.0043707234
0.004366499
0.0043622716
0.004358041
0.0
0.0
0.0
0.0
0.0
0.0
0.0
0.0
-0.0043198294
0.0
-0.0021556523
0.0
0.0
0.0
0.00214711
0.0
0.00214283
0.0042813756
0.004277088
0.0
0.0
0.0021321047
0.004259911
0.004255609
0.0042513045
0.0
0.0
0.0021191873
0.0
0.0
0.0021127097
0.0
0.0021083844
0.0
0.0
0.0
0.0
0.0
0.0
0.0
0.0
0.0
0.0020866764
0.0020844983
0.0020823188
0.002080138
0.002077956
0.0
0.0
0.0
0.0
0.0
0.0020648362
0.0
0.0
0.0
-0.0020560645
0.0
-0.002051671
0.0
0.0020472726
-0.0020450717
0.0020428693
0.0
0.0
0.0
0.0
0.0
0.0
0.0
-0.002025208
0.0
0.0
0.0
0.0020163488
0.0
0.0
0.0
0.0
0.0
0.0
0.0020008013
0.0
0.0
0.0
0.0
0.0019896622
0.001987431
0.0019851988
0.0
0.0
0.0
0.0
0.0
0.0
0.0
0.0
-0.0019650608
0.0
0.0
0.0
0.0
0.0
0.0019515889
0.0
-0.0019470901
0.0
0.0
0.0019403347
0.0019380808
0.001935826
0.0019335703
0.0
0.0019290559
0.0019267973
0.0019245378
0.0019222773
0.0019200159
0.0019177536
0.0019154903
0.0019132261
0.001910961
0.001908695
-0.0019064281
0.0
0.0019018917
0.001899622
0.0018973516
0.0018950802
-0.001892808
-0.001890535
-0.0018882611
0.0
0.0
-0.0018814342
-0.0018791569
-0.0018768788
-0.0037491997
-0.0037446402
-0.0018700395
-0.001867758
0.0
-0.0018631929
-0.001860909
-0.0037172488
-0.001856339
-0.0018540529
0.0
0.0
-0.0018471899
-0.0018449007
-0.0018426107
-0.00184032
-0.0018380285
-0.0018357363
-0.0018334434
-0.0018311498
-0.0036577107
-0.0036531207
-0.0054727937
-0.0036439362
-0.0036393418
-0.0054521193
-0.0054452233
-0.005438326
-0.0036209507
-0.005424524
-0.0054176208
-0.0036071432
-0.0036025383
-0.0035979317
-0.001796662
-0.0017943576
-0.0017920524
0.0017897467
-0.0017874404
0.0017851334
0.0017828258
0.0
0.0017782088
0.0
0.0
-0.0017712789
-0.0017689677
0.0
0.0017643437
0.0017620309
0.0017597175
0.0017574036
0.0
0.0017527741
0.0
0.0017481424
0.0017458257
0.0017435086
0.001741191
0.0
0.0017365542
0.0
-0.0017319154
0.0
0.0
0.0
-0.0017226321
-0.0017203101
0.0
0.0
0.0
0.0
-0.0017086933
0.0
0.0017040435
-0.001701718
0.0
0.0
0.0
0.0016924118
0.0016900843
0.0
0.0
0.0
0.0
0.001678441
0.0016761112
0.0016737811
0.0
-0.0016691198
0.0
0.0
-0.0016621253
0.0
0.0
0.0016551281
0.00330559
0.0016504617
0.001648128
0.0016457941
0.0016434599
0.0016411254
0.0016387906
0.0016364555
0.0
0.0016317847
0.0
-0.0016271129
0.0016247766
0.0
0.0
0.0016177665
0.0016154293
0.0016130919
0.0
0.0
0.003212157
0.0032074808
0.001601402
0.0031981268
0.0
0.0
0.0
-0.0015897077
0.0
0.0015850288
0.0
0.0
0.0
-0.0015756695
0.0015733294
0.0015709891
0.0
0.0
0.0
0.0015616273
0.003118573
0.0015569457
0.0015546049
0.0
0.001549923
0.0015475819
0.0015452408
0.0015428996
0.0
0.0030764344
0.001535876
0.0015335347
0.0030623868
0.0045865565
0.0015265108
0.0015241695
0.0015218282
0.0
0.0015171455
0.0030296086
0.0030249262
0.0
0.0
0.0
0.0
0.0015007575
0.0
0.0
0.0
0.0
-0.0014890534
0.0
0.0014843723
0.0
0.0014796916
0.0014773514
0.0
0.0014726714
0.0
0.0
0.0
0.0
0.0
-0.0014586346
0.0014562956
-0.0014539568
-0.0014516183
0.0
-0.0014469415
-0.0014446034
-0.0028845312
-0.0028798557
-0.0014375903
-0.0028705061
-0.002865832
-0.0028611582
-0.002856485
-0.0014259062
-0.00284714
-0.0014212341
-0.0014188983
-0.0028331259
-0.0014142278
-0.0014118929
-0.0014095583
-0.001407224
-0.0014048899
-0.0014025561
-0.0014002225
-0.0013978893
-0.0013955565
-0.0013932239
-0.0013908916
0.0013885596
0.0
-0.0013838967
0.0
0.0
0.0
0.0013745748
-0.0013722453
0.002739832
0.0013675871
0.0
0.002725861
0.0
0.0
0.0
0.0
0.0013512959
0.0013489701
0.0013466448
0.0013443199
0.0013419954
0.0026793429
0.0040120436
0.0013350247
0.001332702
0.0013303797
0.0013280581
0.0013257368
0.0
0.0
0.0013187756
0.0
0.0
-0.001311819
-0.001309501
-0.0013071836
-0.0013048667
0.0
0.0
0.0
-0.0012956045
0.0
0.0
-0.0012886636
-0.001286351
0.0
-0.0012817276
-0.0012794167
0.0012771065
0.0
0.0
0.0
0.0012678714
0.001265564
0.0012632573
0.0012609513
0.0012586459
0.0
0.0
0.0
0.0
0.0012471282
0.0
0.0
0.0
-0.001237926
0.0012356271
0.0024666577
0.0
0.0
0.0
0.0
0.0
0.0
0.0
0.0012149684
0.0
0.0012103856
0.0
0.0012058056
0.0024070337
0.0024024574
0.0023978828
0.0023933097
0.0023887383
0.0023841683
0.0023796
0.0
0.0011852339
0.0011829521
0.0023613423
0.0011783909
0.0
0.0
0.0
0.0
0.0011670024
0.0023294543
0.0
0.0023203585
0.0023158134
0.0
0.0
0.0
0.0022976499
0.0
0.0022885785
0.0
0.0
0.0
0.0
0.0
0.0
0.0
0.0
0.0
0.0
0.0
0.0
-0.0022297949
-0.002225286
-0.0022207797
-0.0022162749
-0.0022117721
0.0
-0.0022027728
-0.0021982759
-0.0021937813
-0.0021892886
-0.0021847978
-0.0032704638
-0.0021758226
-0.002171338
-0.0021668556
-0.0021623753
-0.002157897
-0.0021534208
-0.0032234201
0.0
0.0
-0.0021355373
-0.0021310719
-0.0021266085
-0.0021221475
-0.0021176885
-0.0021132317
-0.0021087772
-0.0021043248
-0.0020998747
-0.002095427
-0.0020909812
-0.0031298068
-0.0020820969
-0.002077658
-0.0020732216
-0.0020687873
-0.0020643554
-0.002059926
-0.0020554988
-0.0010255369
-0.0010233257
-0.0010211156
0.0
-0.001016699
0.0
-0.0010122872
-0.0010100831
0.0
0.0
0.0
-0.001001279
-9.990811E-4
-9.968844E-4
-9.94689E-4
-9.924946E-4
0.0
0.0
0.0
-9.837304E-4
-9.815425E-4
-9.793559E-4
-9.771707E-4
0.0
0.0
0.0
9.684423E-4
0.0
0.0
0.0
0.0
0.0
9.553893E-4
0.0
0.0019020981
9.4888086E-4
0.0
0.0
9.423847E-4
9.40222E-4
9.3806075E-4
9.3590084E-4
0.0
0.0
0.0
0.0
0.0
0.0
0.0
0.0
0.0
0.0
0.0
0.0
-9.0795045E-4
0.0
0.0
0.0
0.0
-8.9726516E-4
0.0
0.0
0.0
8.887435E-4
0.0
8.8449166E-4
0.0
-8.802459E-4
-8.7812525E-4
0.0
0.0
-8.717726E-4
-8.696581E-4
-0.0017350903
-8.654338E-4
-0.0017266478
-0.0017224313
-0.0017182179
-0.0017140076
0.0
-8.527982E-4
-8.506978E-4
-8.48599E-4
-0.0016930036
-8.4440614E-4
-8.423121E-4
-0.0016804395
-0.0016762579
-8.360398E-4
-8.339522E-4
-0.0016637326
-8.29782E-4
-8.276994E-4
-8.2561834E-4
-8.23539E-4
0.0
-0.0016387706
-8.173109E-4
-8.1523816E-4
-0.0016263343
-8.110978E-4
-0.0016180602
-8.069641E-4
0.0
0.0
0.0
0.0
0.0
0.0
0.0
0.0
0.0
-7.8639813E-4
0.0
7.8230567E-4
0.0
0.0
0.0
0.0
0.0
0.0
0.0
0.0
7.639768E-4
0.0
0.0
7.5789925E-4
7.5587706E-4
7.538566E-4
0.0
0.0
7.4780633E-4
7.457932E-4
0.0
7.4177247E-4
7.397649E-4
0.0
7.357553E-4
0.0
0.0
0.0
0.0
-7.2576385E-4
-7.237712E-4
0.0
0.0
0.0
0.0
0.0
7.1185513E-4
7.098758E-4
-7.078984E-4
0.0
0.0
0.0
7.0000807E-4
6.980403E-4
6.960745E-4
0.0
0.0
-6.901889E-4
0.0
0.0
-6.84321E-4
-6.82369E-4
-6.804189E-4
-6.784709E-4
-6.765249E-4
-6.745808E-4
-6.7263877E-4
-6.7069876E-4
0.0
-6.6682475E-4
-6.6489074E-4
0.0
0.0
6.59101E-4
6.5717514E-4
6.552514E-4
0.0
0.0
0.0
6.4757676E-4
0.0
6.437518E-4
6.4184243E-4
0.0
6.3803E-4
6.361269E-4
6.342259E-4
6.32327E-4
6.304302E-4
6.285355E-4
6.2664296E-4
6.247525E-4
6.228641E-4
6.2097795E-4
6.1909383E-4
6.172119E-4
6.153321E-4
6.1345444E-4
0.0012231579
6.097056E-4
6.078344E-4
6.059653E-4
6.0409843E-4
0.0
6.0037116E-4
0.0011970217
5.966527E-4
0.0
5.929429E-4
0.0
0.0
0.0011747894
5.8554974E-4
5.8370695E-4
0.0011637328
5.800281E-4
5.78192E-4
5.763581E-4
0.0
0.0011453942
0.0011417399
5.690451E-4
5.672224E-4
5.6540204E-4
5.635839E-4
5.617681E-4
5.5995444E-4
0.0
0.0
0.0
0.0
5.5092067E-4
0.0010982417
5.473232E-4
5.4552796E-4
5.43735E-4
5.419443E-4
5.40156E-4
0.0
0.0010731725
0.0010696098
0.0010660517
0.0015937474
0.0015884244
0.0010554056
0.0010518662
0.0010483316
0.0010448018
0.0015619149
0.0010377562
0.0010342405
0.0010307295
5.1361165E-4
5.1186094E-4
0.0010202252
0.0
0.0
0.0
5.031433E-4
0.0
4.996731E-4
9.958831E-4
0.0
4.9448584E-4
4.927616E-4
4.910398E-4
4.893205E-4
0.0
4.858891E-4
0.0
0.0
4.8076038E-4
9.581115E-4
9.547071E-4
4.7565385E-4
9.479132E-4
4.7226183E-4
0.0
4.6887973E-4
4.671924E-4
0.0
9.2765054E-4
4.6214546E-4
9.2093623E-4
9.175866E-4
4.57121E-4
9.1090245E-4
4.5378396E-4
4.5211922E-4
4.50457E-4
8.9759467E-4
4.471402E-4
4.4548558E-4
4.4383353E-4
4.42184E-4
4.4053706E-4
4.3889263E-4
4.372508E-4
4.356115E-4
8.6794957E-4
4.3234063E-4
4.3070907E-4
4.2908007E-4
4.2745366E-4
4.2582984E-4
4.242086E-4
4.2258998E-4
0.0
0.0
0.0
4.161414E-4
4.1453578E-4
0.0
0.0
0.0
-4.0813952E-4
-4.0654704E-4
0.0
0.0
0.0
-4.0020343E-4
-3.9862416E-4
-7.9409505E-4
-3.9547356E-4
-7.878045E-4
-0.0015693344
-7.8153523E-4
-7.7840866E-4
-7.752874E-4
-7.721715E-4
-3.845305E-4
-3.8297792E-4
-7.6285604E-4
-3.7988083E-4
-7.5667264E-4
-0.0011303836
-7.505109E-4
-3.737191E-4
-7.443708E-4
-7.413089E-4
-3.6912624E-4
-0.0011028022
-3.6607796E-4
-0.0010936738
-0.0010891218
-0.001084578
-0.0014400567
-7.170102E-4
-0.0010709963
-0.0010664854
-7.079886E-4
-7.049925E-4
-0.0014040037
-0.0010485252
-0.0010440558
-0.0010395948
-6.900948E-4
-0.0010306978
-0.0010262618
-3.4061138E-4
-3.391383E-4
-3.37668E-4
-3.3620052E-4
-3.347358E-4
-3.3327393E-4
-3.3181484E-4
-9.910758E-4
0.0
0.0
-3.2600667E-4
0.0
0.0
-3.2168019E-4
0.0
0.0
0.0
0.0
0.0
0.0
0.0
-3.1026787E-4
0.0
-3.0744335E-4
-3.060354E-4
-6.0926063E-4
0.0
0.0
-3.004323E-4
0.0
0.0
0.0
0.0
-2.934934E-4
0.0
0.0
0.0
0.0
0.0
0.0
-2.8390085E-4
0.0
0.0
0.0
0.0
0.0
0.0
0.0
-5.4622686E-4
-2.7177826E-4
0.0
0.0
0.0
-2.6646708E-4
-2.651467E-4
0.0
0.0
0.0
5.1978964E-4
-2.585893E-4
0.0
0.0
0.0
0.0
0.0
0.0
0.0
0.0
0.0
0.0
0.0
0.0
0.0
0.0
0.0
0.0
0.0
0.0
0.0
0.0
0.0
0.0
0.0
2.2815888E-4
0.0
-2.257019E-4
-2.2447799E-4
0.0
4.4407873E-4
0.0
0.0
0.0
0.0
0.0
4.2959454E-4
0.0
0.0
0.0
0.0
0.0
0.0
0.0
4.1062824E-4
0.0
0.0
4.036183E-4
0.0
1.9948809E-4
1.9833224E-4
0.0
0.0
0.0
0.0
0.0
0.0
0.0
3.7839642E-4
0.0
1.8694613E-4
1.858248E-4
0.0
0.0
0.0
0.0
0.0
0.0
0.0
0.0
0.0
-1.7478557E-4
0.0
0.0
0.0
0.0
0.0
-1.6831454E-4
-1.6724721E-4
-1.6618308E-4
0.0
0.0
0.0
0.0
-1.6091048E-4
0.0
-1.5882392E-4
0.0
0.0
0.0
0.0
0.0
0.0
-1.5162246E-4
0.0
0.0
0.0
0.0
0.0
-1.4557593E-4
-2.8915907E-4
-1.435864E-4
-2.85193E-4
-1.4160988E-4
-1.4062651E-4
0.0
-1.3866955E-4
-2.7539194E-4
-1.3672565E-4
-2.7151723E-4
-1.3479484E-4
-1.3383434E-4
-1.3287713E-4
-2.6384636E-4
-1.3097253E-4
-1.3002516E-4
-2.5816215E-4
-1.2814028E-4
-1.2720277E-4
-1.2626855E-4
0.0
-1.2441001E-4
-2.4697138E-4
-2.4512934E-4
-1.2164696E-4
0.0
0.0
0.0
0.0
0.0
-1.1621017E-4
-1.1531563E-4
0.0
1.13536546E-4
0.0
0.0
0.0
0.0
1.0914704E-4
1.08279135E-4
1.0741457E-4
1.0655334E-4
1.0569546E-4
1.0484092E-4
1.0398972E-4
1.0314187E-4
1.02297374E-4
1.0145623E-4
0.0
9.9783996E-5
1.9790583E-4
9.8125194E-5
9.7300835E-5
9.647984E-5
0.0
9.484794E-5
0.0
0.0
9.2425376E-5
9.16246E-5
9.08272E-5
9.003318E-5
-8.924254E-5
8.845529E-5
8.767141E-5
8.689092E-5
8.6113825E-5
-8.5340114E-5
-8.4569794E-5
-8.3802865E-5
0.0
1.6455841E-4
8.152247E-5
8.076914E-5
0.0
-7.927268E-5
-7.8529556E-5
-7.778984E-5
7.705353E-5
7.632064E-5
0.0
7.486509E-5
0.0
-7.342321E-5
7.270739E-5
7.1995004E-5
7.1286035E-5
7.0580485E-5
0.0
6.917968E-5
1.3696884E-4
1.3558517E-4
6.710419E-5
1.3283845E-4
1.314754E-4
6.505961E-5
6.438496E-5
0.0
6.304598E-5
6.238167E-5
1.2344157E-4
1.2212672E-4
6.0409377E-5
5.9758844E-5
0.0
5.846814E-5
5.782797E-5
1.1438251E-4
5.6557994E-5
5.5928198E-5
1.10603716E-4
0.0
5.4059572E-5
1.6033088E-4
1.5849344E-4
1.0444427E-4
1.03233186E-4
5.1014522E-5
5.041592E-5
9.964159E-5
9.8458295E-5
9.728195E-5
9.6112555E-5
9.495012E-5
4.6897323E-5
4.6323068E-5
4.57523E-5
4.5185014E-5
4.4621214E-5
8.81218E-5
4.350408E-5
0.0
0.0
-4.185455E-5
0.0
0.0
4.0236468E-5
3.97041E-5
0.0
0.0
0.0
0.0
3.7094775E-5
7.316684E-5
7.2151146E-5
3.5571233E-5
3.50704E-5
0.0
3.4079265E-5
3.3588964E-5
3.310218E-5
3.2618907E-5
3.2139153E-5
0.0
3.119019E-5
6.144198E-5
3.0255305E-5
5.958629E-5
0.0
2.887939E-5
2.84278E-5
2.7979733E-5
5.5070388E-5
5.4188364E-5
2.66567E-5
2.6222746E-5
2.5792324E-5
0.0
2.4942075E-5
2.452225E-5
4.821192E-5
2.3693206E-5
2.3283988E-5
0.0
0.0
0.0
0.0
0.0
0.0
2.051857E-5
0.0
-1.9760335E-5
1.9386534E-5
0.0
1.8649576E-5
1.8286419E-5
0.0
0.0
-1.7218248E-5
0.0
0.0
-1.6182044E-5
-1.584375E-5
-1.5509011E-5
-1.5177828E-5
-1.4850202E-5
0.0
2.8411245E-5
1.3888671E-5
2.7150558E-5
1.3265448E-5
1.2959177E-5
1.2656468E-5
0.0
3.618522E-5
1.1769722E-5
2.2962537E-5
1.119638E-5
0.0
2.1274604E-5
1.0363114E-5
2.0184985E-5
9.825441E-6
0.0
1.8604092E-5
0.0
2.63788E-5
1.7087468E-5
1.6596216E-5
8.056054E-6
7.817573E-6
2.2748E-5
7.3513343E-6
1.4247155E-5
1.3798793E-5
6.678791E-6
1.2923525E-5
6.2483114E-6
6.0384377E-6
1.1664285E-5
1.1258851E-5
0.0
5.2347305E-6
0.0
0.0
0.0
4.4883036E-6
4.3106506E-6
4.1365797E-6
3.9660918E-6
-3.7991865E-6
0.0
3.4761272E-6
3.3199735E-6
3.1674044E-6
3.0184206E-6
0.0
0.0
-2.5929814E-6
-4.916681E-6
-2.3272864E-6
-4.3996383E-6
-2.075939E-6
-1.9556464E-6
-1.8389417E-6
-5.177475E-6
-3.2325934E-6
-1.5103569E-6
-2.816012E-6
-1.3092442E-6
-2.4281435E-6
-2.2449776E-6
-2.0689913E-6
-9.5009244E-7
-8.6927935E-7
0.0
7.1842453E-7
-1.2967662E-6
-1.1638651E-6
-1.5572191E-6
-4.598047E-7
-4.041277E-7
-7.0408424E-7
3.0354812E-7
-2.5864583E-7
-2.1733533E-7
0.0
-1.4549008E-7
1.14955505E-7
-8.801307E-8
6.466283E-8
-8.9809674E-8
-2.8739146E-8
0.0
-7.1848034E-9
1.796202E-9
-0.0
