0.41347623
0.2416052
0.13874711
0.5516876
1.5648795
0.95776457
0.84327775
0.67151284
0.90050447
1.8904883
0.8366006
0.17777869
0.4677003
1.1297817
0.68921804
0.39232346
0.29803354
0.38629472
0.9259635
0.8892197
0.21387343
0.29745638
0.12018146
0.2564765
0.5646826
1.4725447
1.1771526
0.36613145
0.05844304
0.41407907
0.41474622
0.13154836
0.17940566
0.16684985
0.3472242
0.4172335
0.21720172
0.26597407
0.39289132
0.37652302
0.42705277
0.19919764
0.103764646
0.18118104
0.2054486
0.22824512
0.30219156
0.26088977
0.22642738
0.16230534
0.31119567
0.39526734
0.2465313
0.24009147
0.33126113
0.28342214
0.35746706
0.20928833
0.12047066
0.026869576
0.2275363
0.19799443
0.09566347
0.5677438
0.36664462
0.17618534
0.6996644
1.957648
1.8795543
0.75355744
0.40187013
0.17726932
0.260343
0.096181735
0.08530181
0.29218853
0.23541245
0.11726878
0.21595486
0.28975973
0.34179285
0.9913977
0.71232736
0.22072601
0.17704384
0.15878356
0.04465066
0.1664646
0.22019784
0.09056182
0.050295275
0.14110756
0.055350352
0.17539458
0.101130344
0.2029755
0.21818893
0.121584974
0.043979105
0.05753721
0.14684021
0.11578017
0.07792906
0.05603541
0.1253864
0.22648115
0.12601298
0.061788827
0.3008576
0.32743454
0.10591655
0.05631545
0.19555289
0.13647284
0.06204521
0.22485322
0.29155454
0.12377425
0.15906225
0.12270321
0.11514651
0.09674985
0.08362329
0.14593537
0.05420969
0.067142606
0.18553804
0.3278663
0.5135168
0.19176695
0.2134297
0.17762734
0.11353018
0.17192604
0.17946294
0.09852627
0.0048680217
0.076152556
0.119146384
0.12425465
0.0676825
0.119205005
0.08935757
0.097030744
0.122030675
0.068093374
0.05993561
0.07531186
0.017494617
0.027254323
0.14709888
0.16743627
0.11255562
0.050600626
0.093972005
0.10301015
0.025824202
0.15629351
0.30776373
0.30587897
0.084997736
0.08753786
0.067370184
0.10439952
0.1824582
0.17169961
0.053755473
0.118084595
0.1080942
0.12025502
0.1659022
0.089476325
0.14062436
0.07783594
0.059667308
0.04917297
0.07891598
0.09536931
0.088208064
0.091252044
0.19321558
0.13659261
0.111919515
0.1646957
0.1404955
0.050961684
0.037546802
0.05964603
0.06319387
0.058567833
0.13629633
0.10997205
0.13173014
0.16478525
0.09737841
0.039100487
0.12528324
0.1579308
0.1543607
0.18469693
0.122367404
0.0915553
0.10277453
0.119233385
0.13178821
0.22919214
0.14667895
0.049315885
0.10051073
0.15583386
0.13083313
0.10077228
0.06352237
0.07382498
0.10465785
0.0266977
0.064113386
0.14759211
0.07205999
0.044851985
0.15668882
0.13861476
0.05828577
0.11610646
0.18162857
0.15443362
0.12867773
0.030365339
0.10689944
0.0948241
0.076083034
0.08543035
0.06481804
0.07373206
0.0924798
0.069104224
0.08243328
0.11540721
0.102838315
0.05352737
0.03312533
0.08091005
0.16866176
0.15762582
0.14983134
0.040172093
0.11670781
0.12719646
0.045600045
0.0640265
0.06938982
0.11802944
0.10685202
0.057095002
0.060722996
0.046364203
0.074201666
0.15373416
0.08724465
0.09599825
0.107967846
0.050996516
0.015358129
0.06363151
0.08696767
0.09086538
0.062203337
0.11214765
0.10625127
0.04813633
0.10954469
0.17566508
0.08937169
0.01091621
0.07094345
0.095095925
0.17635062
0.2136909
0.20251322
0.18812023
0.08204642
0.069072016
0.07044638
0.12191869
0.049060058
0.09389439
0.11036023
0.108164005
0.11175996
0.051831078
0.12894529
0.0796521
0.0431732
0.060584694
0.02883297
0.003514173
0.0063729533
0.05320183
0.1259585
0.04187909
0.09374418
0.06679467
0.05036204
0.107924975
0.07067995
0.06737202
0.13232407
0.08278888
0.06508391
0.09761615
0.06471539
0.061201137
0.02549696
0.016458852
0.037717618
0.033352047
0.027306313
0.0287341
0.087551184
0.07104355
0.103718854
0.17378233
0.08818848
0.1266514
0.013388754
0.15395722
0.1056756
0.09166493
0.12296571
0.015393398
0.14541331
0.1557009
0.098861665
0.06418201
0.06391835
0.04793011
0.10646944
0.077041976
0.06818082
0.084399685
0.058485355
0.04300877
0.10761214
0.19725662
0.17701735
0.04011989
0.0966548
0.13928597
0.116434954
0.03464598
0.057664555
0.114140324
0.14022528
0.12791342
0.053311702
0.10495356
0.05023278
0.025365155
0.11405006
0.18328682
0.22051042
0.2135576
0.07603904
0.25758955
0.21304885
0.09679697
0.098338746
0.1682478
0.0961905
0.014941231
0.034455705
0.06545251
0.07661011
0.060222525
0.09707857
0.073907554
0.08641646
0.06599641
0.13699885
0.07691396
0.124562025
0.073254734
0.06881615
0.12589203
0.062944844
0.05802153
0.05860204
0.10072293
0.043168347
0.057909925
0.07700608
0.07515054
0.17357399
0.13751827
0.07631143
0.039913014
0.052835774
0.05900616
0.066699244
0.09433323
0.08248093
0.028587911
0.023770887
0.012392575
0.026335165
0.113218166
0.055186447
0.13383852
0.08859927
0.11307572
0.13746029
0.0909558
0.059404448
0.07550842
0.07301231
0.051767524
0.12600625
0.13753195
0.05942657
0.025621785
0.047765665
0.017500482
0.08620453
0.10271854
0.12816918
0.22818033
0.19075635
0.17404422
0.26879516
0.2805077
0.14557038
0.22475098
0.14409278
0.116367556
0.11124883
0.113911
0.18425716
0.10217569
0.09365762
0.090950415
0.1080152
0.20169877
0.12041714
0.09340143
0.006078208
0.05445371
0.07208477
0.059511937
0.106600285
0.15836059
0.11618485
0.21554743
0.22207117
0.18161018
0.16413945
0.14812154
0.10247774
0.120840274
0.30177686
0.33643818
0.09366384
0.044430587
0.08114598
0.14367181
0.057859182
0.08051674
0.06803944
0.104205616
0.12608542
0.12092765
0.06171916
0.033595666
0.038413808
0.15075338
0.13971928
0.008663276
0.10370191
0.072066
0.07611339
0.13154009
0.06914342
0.063273296
0.057342865
0.01768954
0.020048134
0.030180253
0.067568615
0.10520493
0.1622198
0.20145987
0.1429228
0.041644774
0.06964339
0.1299421
0.06826876
0.05576247
0.12697972
0.056031946
0.10839879
0.1265882
0.08384726
0.06258674
0.017660687
0.071089655
0.13584143
0.17176494
0.0996686
0.13584828
0.122946
0.103079714
0.05269438
0.0749784
0.0917855
0.077660255
0.04187212
0.17450301
0.09614564
0.019958168
0.011126353
0.038095396
0.08402582
0.046914577
0.07515421
0.11120775
0.16080396
0.15925153
0.034147967
0.027690036
0.09425301
0.107175894
0.12843253
0.13890153
0.16078717
0.12008315
0.099908926
0.2072613
0.029463287
0.2016407
0.23935816
0.13556235
0.08957975
0.106465735
0.10026152
0.14269134
0.046036117
0.1352181
0.07058245
0.02767424
0.07930027
0.09211055
0.20981434
0.15735887
0.18524146
0.2645718
0.21478531
0.12869667
0.092311054
0.104301825
0.119331196
0.23145497
0.33741748
0.3215086
0.18615076
0.2590061
0.25506914
0.05856814
0.2895483
0.23307909
0.07237235
0.0701573
0.02731515
0.020085309
0.09941775
0.08864855
0.07424148
0.16529648
0.10303084
0.05659847
0.0144872125
0.15962675
0.17738053
0.3921553
0.40920234
0.26352522
0.16600353
0.15938465
0.07339595
0.22949705
0.24367687
0.17156045
0.25939098
0.23311417
0.091568805
0.07785976
0.12293785
0.23231612
0.31830063
0.18224233
0.13195017
0.17848238
0.14281741
0.03682421
0.20119151
0.31625932
0.1822487
0.18529508
0.2291047
0.5040068
0.4898132
0.06626305
0.24058294
0.15880911
0.2247468
0.44039422
0.45989093
0.5729741
0.7249797
0.5410576
0.27208507
0.14696197
0.3152831
0.8065245
0.7002466
0.26831114
0.036688495
0.44597724
0.6368816
0.26349488
1.1473622
0.9584714
0.42993546
0.11958709
0.14298813
0.30565763
0.11828298
0.033194203
0.14474887
0.3729088
0.27849886
0.18622784
1.4912796
1.6580396
0.4387757
0.40366232
0.28764233
0.21803497
0.16524707
0.19693595
0.18770988
0.2268823
0.3182523
0.15481049
0.0715544
0.14388403
0.18241766
0.18064871
0.039732087
0.16528207
0.11108006
0.113792226
0.1727872
0.19972652
0.121792234
0.11122306
0.116754584
0.079733804
0.1486893
0.09897001
0.08024603
0.12234281
0.20845994
0.22105438
0.14775713
0.045952998
0.09946859
0.14241786
0.066357195
0.20546432
0.2262286
0.15887454
0.19956374
0.20552349
0.18044163
0.017683873
0.16262403
0.12231458
0.12457135
0.19049612
0.12301646
0.05889932
0.06391518
0.14671707
0.097175576
0.071037084
0.118819945
0.051265802
0.13694312
0.15009516
0.14898065
0.039686862
0.06893778
0.07778474
0.06904972
0.03256923
0.08443105
0.1346433
0.17974024
0.15667349
0.05527734
0.1079002
0.023618603
0.12926868
0.09351213
0.040013656
0.11029544
0.105898544
0.048772696
0.06853881
0.052620765
0.031380914
0.072119474
0.14832422
0.2209799
0.18537785
0.16287196
0.14507288
0.12647758
0.18407923
0.14627402
0.016227262
0.102633715
0.10138236
0.122679666
0.13397932
0.052447677
0.08906207
0.10937368
0.17907973
0.16022174
0.050806135
0.1288989
0.093607076
0.15502186
0.11501693
0.04480999
0.075784154
0.08339502
0.048156243
0.099630736
0.15083784
0.15276003
0.05662124
0.037532207
0.06764307
0.08466393
0.03768914
0.09294941
0.0848915
0.11496634
0.15036802
0.0952643
0.027689952
0.13445355
0.25965738
0.2271673
0.14570819
0.061932974
0.15599087
0.18025537
0.066248365
0.02942487
0.06997897
0.13963066
0.106145516
0.15230015
0.21227789
0.2056619
0.09598992
0.01496796
0.08600452
0.09859323
0.078244224
0.08130241
0.06833551
0.05359479
0.070780694
0.08425221
0.10383698
0.116522014
0.064605825
0.044805065
0.04343278
0.020580452
0.07868421
0.112643495
0.07229619
0.06481449
0.07182847
0.02131553
0.064350516
0.091616675
0.044685464
0.007902453
0.030637877
0.026432825
0.03878069
0.05948465
0.05994692
0.1160627
0.12912647
0.13167928
0.08221008
0.074836485
0.029976835
0.16906859
0.1863184
0.027469702
0.09862286
0.08533906
0.060737167
0.10484754
0.14425503
0.08703936
0.078874245
0.09312539
0.051377106
0.053377345
0.02594146
0.07481636
0.080688596
0.039982982
0.1643441
0.20758003
0.15393704
0.099113196
0.06492863
0.04550974
0.02742018
0.08656295
0.044373825
0.08217283
0.10514264
0.08553623
0.054353997
0.09571611
0.083038166
0.023768393
0.14154987
0.07180326
0.047314256
0.025036331
0.083187245
0.08385292
0.09669783
0.08751498
0.08220937
0.049607646
0.12330175
0.19729252
0.1541453
0.15561709
0.047961835
0.055729736
0.07515836
0.07958501
0.07004254
0.06499169
0.1044378
0.06829211
0.09305972
0.092137545
0.06765456
0.03860338
0.05087661
0.060242113
0.027450616
0.08278635
0.06013612
0.05401719
0.117882095
0.06940404
0.053118184
0.06620777
0.08100488
0.07626685
0.062871635
0.11872861
0.1022962
0.042068947
0.082667306
0.10390122
0.0662569
0.07805141
0.035086315
0.08010543
0.058969647
0.14194489
0.13654558
0.058484178
0.11170963
0.040054176
0.010122467
0.12955616
0.10370899
0.022769764
0.087648444
0.03939681
0.016059244
0.11434045
0.15750852
0.054585923
0.049586535
0.02484606
0.061237738
0.105232626
0.06870758
0.09951907
0.11521307
0.041644763
0.04181333
0.046076395
0.06263036
0.11486895
0.16937377
0.09785473
0.0348192
0.06454489
0.012949962
0.054269146
0.050434187
0.12902968
0.2503587
0.22497909
0.17676054
0.05708576
0.04853335
0.06566803
0.05184977
0.07890999
0.1269474
0.09659201
0.031168364
0.06477422
0.060852524
0.07104734
0.066500925
0.124235004
0.2216329
0.15796496
0.04165067
0.014566048
0.0638696
0.10027081
0.037374698
0.047238298
0.04542769
0.07763438
0.07265374
0.110269055
0.10590698
0.10696229
0.068000145
0.07664001
0.10703644
0.064053856
0.08121914
0.06698461
0.09575417
0.103349596
0.059549153
0.0035103909
0.062597275
0.048620015
0.10152301
0.020817008
0.02297696
0.03249162
0.06956293
0.042827383
0.026086194
0.032658685
0.13542925
0.18374795
0.10075085
0.122027695
0.11896314
0.08055593
0.051154453
0.04559897
0.04284133
0.045463677
0.09008781
0.080559164
0.020280942
0.050035242
0.03200645
0.05075544
0.04147412
0.058394305
0.07825299
0.07637509
0.058866695
0.11518817
0.050086845
0.041346245
0.10660661
0.08693568
0.031197775
0.08081725
0.08122453
0.07302938
0.07859798
0.0703377
0.10261136
0.09364567
0.018459601
0.08183342
0.12982962
0.11789133
0.034852885
0.053631157
0.022554513
0.065713726
0.066150025
0.02851707
0.088143274
0.119644195
0.07032222
0.0301189
0.03269076
0.064663485
0.031785887
0.048453968
0.07052809
0.01960906
0.076864436
0.077704474
0.073556
0.03669669
0.07576584
0.15637684
0.120186396
0.025398059
0.04640071
0.08254845
0.09893374
0.06695683
0.021326536
0.028532173
0.039041642
0.04482217
0.026738778
0.045456205
0.11065168
0.076055296
0.03792498
0.019689439
0.05410897
0.024712658
0.13321622
0.15349743
0.04401086
0.11251852
0.09139298
0.10282212
0.11946933
0.071587
0.049206335
0.06308815
0.116150685
0.13193622
0.065558515
0.03672122
0.045963377
0.059050053
0.043837573
0.019276246
0.07597777
0.13889562
0.09588939
0.052022845
0.07719026
0.10337927
0.10377854
0.14370339
0.116048045
0.077425756
0.0860385
0.07853688
0.07301011
0.027526803
0.0730903
0.12139517
0.073761255
0.039480526
0.083714165
0.06933496
0.027249467
0.05831669
0.068733715
0.13678889
0.097072884
0.052082904
0.07720318
0.06678538
0.06835443
0.08858898
0.031579513
0.04841371
0.011015312
0.0328053
0.034837898
0.014704694
0.07576631
0.061245207
0.04072789
0.05924056
0.10095297
0.08343528
0.073635414
0.087701425
0.06026274
0.07003554
0.040015593
0.03602384
0.00849248
0.0071744295
0.0696737
0.11496611
0.06949586
0.05281938
0.10101704
0.04151686
0.033975866
0.08102853
0.13943309
0.10871517
0.07520016
0.114014104
0.13651921
0.106930174
0.014958359
0.013935773
0.09659799
0.1433963
0.06609999
0.021945108
0.08865417
0.17186032
0.16113634
0.01593522
0.06612001
0.09686586
0.104995854
0.06539272
0.055213153
0.058594722
0.07895907
0.027322918
0.014894643
0.019610768
0.031726584
0.022386905
0.08265591
0.09373741
0.033760354
0.08142127
0.07241202
0.10130495
0.15937999
0.10573309
0.015809596
0.020290237
0.0179638
0.05074038
0.036330692
0.048332058
0.107863575
0.1288325
0.07813658
0.058993805
0.04247322
0.04631022
0.038083233
0.027660616
0.04610374
0.064949036
0.045022286
0.031473298
0.039989613
0.037997272
0.051534213
0.037642892
0.05521632
0.06333773
0.059309863
0.09379858
0.13364442
0.14088213
0.05719257
0.09148213
0.038766537
0.0369893
0.013912997
0.039219968
0.11496301
0.04713629
0.036578402
0.056117035
0.042882003
0.071874395
0.06842865
0.02877198
0.07783904
0.06445765
0.034432527
0.097384915
0.050163604
0.042151496
0.088513225
0.05689152
0.025910344
0.026949603
0.031484317
0.06103029
0.039686386
0.028144421
0.011000514
0.029015327
0.02825446
0.08382971
0.10836803
0.04848324
0.02880733
0.07666822
0.10079091
0.018364416
0.09869241
0.05530508
0.009210888
0.06957785
0.105736025
0.06846575
0.030494792
0.062919274
0.024705594
0.08865483
0.08130799
0.048839703
0.050183594
0.05904488
0.03964221
0.09252258
0.10245636
0.028125988
0.05344929
0.013332329
0.021747284
0.059267085
0.07164095
0.034795444
0.03905765
0.050049912
0.047476258
0.05973464
0.08520592
0.0825353
0.07911109
0.1076453
0.023560679
0.004841434
0.04927598
0.04772161
0.052120548
0.0028368905
0.064312905
0.039357673
0.039004933
0.064020015
0.058613878
0.09791936
0.09736464
0.08211853
0.14261773
0.09104704
0.103870854
0.109300494
0.15675057
0.06469372
0.086980715
0.08469766
0.111987315
0.083166644
0.04744228
0.070630334
0.075078234
0.05120136
0.08858943
0.055950403
0.08916154
0.09946932
0.079173565
0.058574047
0.05604946
0.100617595
0.12639278
0.10319484
0.06131635
0.01161854
0.022714118
0.06144791
0.079798095
0.0739146
0.1333062
0.05732691
0.06986859
0.07731537
0.05206722
0.06360581
0.07507878
0.06868966
0.057783496
0.029982707
0.025138488
0.03909556
0.03844149
0.050672445
0.031129833
0.022262767
0.038740586
0.124234855
0.119365714
0.08032601
0.043036036
0.06900321
0.14876305
0.10595124
0.030586796
0.040009208
0.036341354
0.0736908
0.114362106
0.09091213
0.090748176
0.10057143
0.10887748
0.108988486
0.07046962
0.108327836
0.057352614
0.021515932
0.028136512
0.04628971
0.106780164
0.07508686
0.039894804
0.078633666
0.09339313
0.05672684
0.026525548
0.02593923
0.023277588
0.04718697
0.08362057
0.0766112
0.19529305
0.10662311
0.07111464
0.06049876
0.050025243
0.07107734
0.064574555
0.11399208
0.045182005
0.0539746
0.03718829
0.05681727
0.06956305
0.069578946
0.12888077
0.09205208
0.035284955
0.111973144
0.04686699
0.042994324
0.08118807
0.06047689
0.04420138
0.09573846
0.041366264
0.016431222
0.06643211
0.11204061
0.12388243
0.06796545
0.029208135
0.094174795
0.047959797
0.116634816
0.087945685
0.04867806
0.08528326
0.087349325
0.046093695
0.05032347
0.10807622
0.015274589
0.19722062
0.18070956
0.038490795
0.046075933
0.027158938
0.065306604
0.13553819
0.078181945
0.055832706
0.034859177
0.028493067
0.07047612
0.048912052
0.021558886
0.029218556
0.0786903
0.13160983
0.1292358
0.09081405
0.108019084
0.12243674
0.14648235
0.15338638
0.015254524
0.0106410915
0.06080083
0.03797421
0.055332795
0.10744879
0.091383584
0.050354794
0.0937342
0.12168415
0.11893486
0.1208805
0.11902822
0.150923
0.192051
0.1026
0.12217096
0.10394787
0.03847598
0.043048263
0.044703748
0.036471292
0.0608126
0.050330203
0.046642117
0.07845828
0.11588704
0.12032858
0.11781967
0.084991395
0.13184749
0.10269396
0.067173615
0.10646074
0.030458674
0.081510104
0.10201025
0.052757956
0.13547255
0.05120152
0.112601005
0.063313015
0.031336054
0.05475274
0.09346486
0.07795158
0.04241532
0.06597477
0.053655665
0.056013104
0.16724162
0.16890255
0.12514533
0.12157358
0.042097725
0.107346125
0.10574746
0.1352122
0.11128158
0.14053825
0.18708904
0.107503235
0.049294583
0.018204268
0.054681186
0.0932824
0.09289912
0.038362946
0.035460018
0.073736325
0.07540897
0.04572162
0.055482764
0.028096816
0.07577435
0.062038224
0.057344817
0.041405264
0.10605632
0.14761789
0.0451646
0.1268384
0.06536231
0.13370614
0.15052444
0.10364049
0.05748019
0.09273179
0.05639539
0.15691474
0.18165383
0.17514312
0.0492617
0.13052315
0.053401064
0.09193922
0.014926052
0.054197166
0.09151544
0.08099874
0.069220364
0.19429356
0.12919739
0.059257638
0.06587659
0.0787471
0.08432336
0.026290473
0.03587597
0.046889234
0.016047144
0.032217667
0.06525392
0.13799235
0.10839032
0.08195099
0.16488466
0.14542246
0.037832018
0.1018717
0.12916133
0.045227535
0.0562376
0.01727902
0.09641948
0.11980097
0.17108263
0.114172846
0.106931224
0.12274158
0.08273914
0.051250897
0.10569158
0.0918381
0.036711026
0.071641915
0.058844525
0.07680305
0.079734795
0.12928867
0.11665377
0.062745
0.14706418
0.13813762
0.1775591
0.09958349
0.041695744
0.09844653
0.09605804
0.056043647
0.02046546
0.107568406
0.09104319
0.1414089
0.17448828
0.11092458
0.03400373
0.022805579
0.045481153
0.07066723
0.04051347
0.06431167
0.10428121
0.011793139
0.06421679
0.06307394
0.04526891
0.06193236
0.09187707
0.049683195
0.064408936
0.04021956
0.016237844
0.09204345
0.10849591
0.0060393587
0.044982236
0.02911416
0.08743667
0.11195137
0.06412961
0.055020195
0.036781117
0.05147615
0.095907815
0.06557513
0.023536269
0.008948613
0.041874573
0.113537095
0.05550637
0.038192634
0.08656963
0.06104431
0.08347487
0.10293642
0.07448165
0.043336183
0.112175494
0.09206816
0.028472414
0.06939792
0.028965583
0.11887952
0.05463585
0.014243927
0.10646155
0.064018205
0.036230095
0.08031765
0.1392079
0.09309586
0.25399902
0.18739198
0.08571407
0.075094916
0.0660793
0.024968786
0.025080454
0.07186502
0.086558774
0.07596462
0.045025345
0.04123544
0.02467853
0.13441825
0.17524701
0.18591005
0.66812205
0.7100966
0.9349214
1.4686332
4.246139
9.04321
4.992192
6.681623
5.169775
1.3236848
0.17406188
0.34915844
0.3348497
0.26174158
0.08145095
0.064759836
0.09417279
0.049667586
0.17996162
0.05599138
0.091079
0.092037804
0.113698155
0.06700378
0.07859926
0.057443496
0.15351844
0.08927441
0.04588144
0.01649197
0.08980918
0.05596172
0.0711136
0.10481137
0.123045266
0.06788684
0.046321064
0.11570566
0.12338125
0.07123695
0.08995423
0.08935928
0.08103101
0.088449284
0.04533625
0.07534189
0.09124158
0.010614939
0.067175776
0.09761083
0.046888415
0.050145235
0.03196594
0.020100147
0.027993366
0.07147699
0.06495423
0.04541233
0.04292312
0.1102933
0.10840218
0.08609857
0.093828805
0.023571184
0.0536416
0.008460114
0.109282054
0.10219393
0.10388768
0.04022094
0.061550066
0.09982583
0.07548036
0.06788955
0.024448574
0.0841
0.06267964
0.041765314
0.062849715
0.124307536
0.12122869
0.065380104
0.032364722
0.052010827
0.10657553
0.08099871
0.058606956
0.114477076
0.116441645
0.05746636
0.062097523
0.087103
0.079028785
0.09467492
0.033503693
0.025418509
0.064227484
0.080153346
0.13451625
0.14284216
0.036445923
0.14104463
0.03510257
0.10442817
0.076855876
0.048902817
0.08694218
0.0633676
0.06669962
0.053823326
0.13059597
0.06493421
0.025133254
0.042680543
0.041155744
0.07485313
0.09309432
0.062639534
0.07033487
0.096271574
0.051620055
0.039016083
0.09765096
0.12556024
0.10747665
0.11569249
0.11084193
0.09161326
0.045872193
0.041826278
0.02299217
0.031898495
0.04790071
0.04155485
0.06725609
0.034643896
0.05161686
0.07768423
0.050215025
0.052182768
0.069467746
0.057106193
0.03649086
0.067439795
0.031493828
0.048194706
0.030217122
0.11905251
0.14969346
0.106488965
0.035639748
0.02421353
0.042570103
0.111631416
0.075081326
0.11063467
0.015848942
0.08920945
0.003948301
0.06627608
0.04237347
0.10000795
0.10019421
0.08360249
0.080812186
0.031231375
0.060866952
0.08327821
0.016351504
0.1020684
0.099166356
0.04652868
0.037293706
0.072942704
0.050603617
0.06912753
0.13383186
0.12471263
0.0914381
0.091157824
0.05542749
0.11291207
0.2328726
0.168044
0.035249695
0.060091686
0.0418064
0.11980461
0.13642658
0.06930737
0.06399536
0.09967369
0.087619655
0.1629642
0.11137115
0.05854249
0.095752396
0.14074452
0.08993401
0.10495091
0.1518597
0.10768557
0.04037008
0.03281228
0.043654043
0.013907654
0.051471334
0.049098186
0.03739662
0.065806635
0.039394278
0.07823312
0.031295735
0.045312975
0.08368021
0.115559004
0.09992177
0.00999569
0.06213101
0.041355006
0.027277052
0.028352099
0.07813953
0.0815565
0.03756609
0.030497633
0.029134544
0.0455625
0.025769997
0.049856354
0.05149721
0.11392688
0.15950441
0.09331612
0.026779875
0.04660233
0.055462833
0.07186539
0.083123416
0.10668269
0.08726072
0.076274075
0.068581976
0.063300274
0.050773256
0.032049764
0.03196747
0.04765233
0.07155498
0.081650674
0.028890382
0.044167645
0.037319735
0.029551852
0.024553794
0.044815738
0.028112788
0.021321995
0.029394962
0.0067433203
0.049397852
0.047842126
0.022831732
0.070733026
0.06694833
0.016596138
0.06954163
0.014741493
0.039605368
0.023387237
0.027695257
0.018072108
0.018595727
0.07786408
0.11496217
0.0994986
0.04258582
0.030887848
0.04103864
0.056930747
0.078992315
0.034816112
0.04831527
0.04049392
0.02994777
0.011559015
0.009705104
0.0100981705
0.010046334
0.0070463256
0.027502604
0.05874126
0.02280237
0.027449269
0.018122224
0.012837391
0.04916763
0.0774881
0.048397027
0.021427523
0.06184663
0.05112111
0.024262343
0.012980002
0.0150009915
0.008458791
0.014458741
0.011702537
0.044834826
0.054828137
0.039527632
0.04033151
0.07802824
0.012382437
0.07223122
0.04797013
0.056193277
0.063240215
0.0484112
0.039331377
0.010976621
0.012993643
0.037719052
0.040921602
0.024171367
0.034108285
0.025115522
0.023643034
0.047677167
0.021017794
0.07038402
0.08041907
0.047497634
0.063589625
0.077303745
0.026666531
0.018943701
0.0640871
0.03802234
0.04802153
0.052480653
0.022445295
0.009613351
0.024113389
0.020795073
0.03962691
0.0348287
0.04721714
0.05011598
0.030017152
0.02825157
0.0136134345
0.023053557
0.016475704
0.022612657
0.025260227
0.066527255
0.07418309
0.03017459
0.021131981
0.024010386
0.03827111
0.026122008
0.0072916048
0.038506497
0.052118145
0.017117443
0.048192907
0.04138762
0.006544992
0.020511672
0.04540386
0.0205517
0.04162807
0.09580112
0.060664684
0.010994727
0.02857688
0.025421666
0.032151528
0.0332617
0.058471765
0.043770812
0.03293573
0.013314953
0.038066823
0.04169917
0.024236582
0.045320958
0.04276307
0.040015403
-0.006103694
-0.0061036795
-0.006103658
-0.0061036292
0.0
-0.003051775
0.0
0.0
-0.003051689
-0.0030516528
-0.0030516135
0.0
0.0
0.0
0.0030514195
-0.003051362
-0.003051301
0.0
0.0
0.0
-0.0030510207
-0.0030509417
0.003050859
0.0
0.003050683
0.0030505897
0.0030504928
0.0030503923
-0.0030502882
0.0
-0.003050069
0.003049954
0.0
-0.0030497136
-0.0030495878
-0.006098917
0.0
0.0
0.0
0.0030489056
0.0030487585
0.0030486076
0.0030484532
0.0030482954
0.0030481338
0.0030479687
0.0060956003
0.0030476279
0.0
0.006094545
0.0030470896
0.0030469028
0.0030467126
0.0
0.0030463214
-0.0030461205
0.003045916
0.006091416
0.009136489
0.0030452812
-0.0030450623
0.0
-0.0030446139
0.0030443843
0.0
-0.0030439147
-0.0030436744
-0.006086861
-0.0030431831
0.0030429321
-0.0030426774
0.0
-0.0060843155
-0.009125677
-0.0030416236
-0.0060827024
0.0
-0.0030407957
-0.0030405126
0.0
-0.0030399356
0.0
0.0
-0.0030390436
0.0
0.0
0.0
0.0
0.0
0.0030371633
0.0030368373
0.0060730157
0.0
0.0
0.0030354983
0.003035155
0.006069615
0.0030344569
0.009102308
0.0030337449
0.0
0.0030330184
0.0
0.003032278
0.0030319025
0.0030315232
0.0030311407
0.0030307544
0.0
-0.0030299714
0.0030295746
0.0030291742
0.0
0.0060567255
0.0
0.0
0.0030271192
-0.006053395
0.0030262724
0.0
-0.0030254116
-0.003024976
-0.00907361
-0.003024094
-0.0060472954
0.0
0.0
-0.009066863
-0.009065482
-0.0090640895
-0.0060417918
-0.0030204249
0.0
0.0030194724
-0.0060379817
-0.0060370117
-0.009054052
0.0
0.0030170297
0.0
0.003016028
-0.003015522
-0.0060300245
0.0
-0.0030139827
0.0030134625
0.0
0.0060248235
0.0060237623
-0.006022694
0.0030108094
0.0
0.0
0.0060183513
0.0
0.006016138
0.0060150204
0.0030069482
0.006012765
0.0030058138
0.009015723
0.0030046653
0.0030040857
0.0060070055
0.0030029162
0.012009306
0.003001733
0.0030011362
0.0
-0.005999864
0.008997974
0.005997428
0.008994299
0.0
-0.005993722
0.0029962363
0.0029956084
0.00898493
0.0029943418
0.0
-0.005986123
-0.008977248
0.0
0.0
0.0029904593
0.0029898002
-0.005978275
-0.005976943
-0.008963406
-0.0059742583
0.0029864528
-0.002985773
0.0029850898
-0.005968806
-0.0059674256
0.0
0.0
0.002981622
0.0
0.0029802108
-0.0059590004
-0.0059575723
0.0
0.0
0.00892987
0.0
-0.0059503284
0.0
-0.0029736916
0.008918851
0.0029722054
0.0
0.005941411
-0.005939901
0.002969192
0.0
0.002967665
0.005933793
-0.0029661243
0.005930698
-0.0059291404
0.0
0.005926005
0.0
0.0059228423
-0.005921251
0.0
0.0
-0.002958218
0.0059148176
0.0029565962
0.0029557804
-0.002954961
-0.005908277
0.0059066247
0.0
0.008854951
0.002950814
-0.005899949
0.0
-0.008844857
0.002947436
0.0
0.0
0.0058897347
-0.005888009
0.0
-0.0029422687
0.0
0.005881039
-0.00293964
0.0
-0.0058757416
-0.0029369814
0.0
-0.0029351923
0.011737171
0.0
0.0
0.0
-0.008791985
0.005859491
0.0
0.0029279036
0.0
-0.008778145
0.0058502313
-0.00292418
0.0058464813
0.0058445963
0.0
0.005840807
-0.005838902
0.008755486
0.0058350735
0.0
0.008746828
-0.0029146406
0.005827337
0.0
0.0
0.011642933
-0.0029097481
0.00581752
0.0
-0.0029067737
0.0
-0.0029047744
0.008711309
-0.002902762
0.0
0.0029007369
-0.0028997194
0.0057973973
-0.0028976747
0.008689943
0.0028956172
-0.0028945834
0.00868064
-0.0028925065
0.0057829265
0.005780834
0.0
0.008664942
-0.002887258
0.0028861987
0.0
-0.0028840704
0.008649005
-0.008645788
0.002880854
-0.008639326
-0.008636082
0.002877609
-0.0028765209
0.0028754298
-0.0028743353
0.0028732377
0.008616411
-0.002871033
0.002869926
-0.0028688156
0.0
0.005733171
-0.0028654658
0.008593029
0.002863217
0.0057241754
0.005721911
0.0
0.0114347255
0.0
0.011425579
0.011420987
0.0028540955
0.014264706
0.0028517838
0.014253116
0.011397839
0.0056965854
0.014235615
0.0056919
0.011379096
0.0028435946
0.0028424123
0.014206135
0.0
0.014194234
0.005675304
0.005672909
0.008505761
0.0028340495
0.016997056
0.005663265
0.0056608384
0.0056584063
0.0
0.014133807
0.002825536
0.005648615
0.005646152
0.0
0.008461811
0.0
0.0056362385
0.0028168724
0.0
0.008443109
-0.0028131139
0.00562371
0.0
-0.0028093278
0.00842418
-0.0028067888
0.0056110295
0.0
0.0
0.0028016747
-0.005600777
0.005598199
0.0
0.0027965123
0.0055904286
0.0
0.008377828
-0.0027913023
0.0027899921
0.0055773584
-0.0027873632
0.011144178
0.0027847225
0.0027833977
0.00834621
0.0
0.011117622
0.0
0.0055534584
0.00832616
-0.0027740411
0.008318078
-0.0027713412
0.005539974
0.00276863
0.0
0.00829772
-0.0027645405
0.0055263434
0.0
0.0027604252
0.005518095
-0.008273001
0.005512567
-0.002754897
-0.0027535078
0.0027521157
-0.0082521625
0.002749323
-0.0054958444
-0.0027465185
-0.002745112
-0.01097481
0.0027422903
-0.0109635005
0.0
0.0
-0.010946451
0.0027351861
-0.00820127
0.0
0.0
-0.005458903
0.0054560215
-0.008179701
0.0
-0.005447343
-0.008166659
0.005441529
-0.0054386137
0.0027178463
-0.0027163832
-0.002714917
0.0054268963
-0.005423953
0.005421004
-0.0027090246
-0.0027075447
0.0054121236
-0.008113729
0.008109263
0.0027015966
0.0054002055
0.008095818
-0.0026971065
0.010782417
-0.0026940994
0.0053851833
0.008073243
0.0
0.0107522085
-0.0053730668
0.008055036
0.0053669754
-0.002681961
0.0134021565
-0.002678899
0.010709456
0.008027479
0.0
0.010690971
-0.0026711968
0.008008945
0.0026680971
0.0026665432
0.00799496
-0.007990282
0.0053237304
-0.0026603006
-0.0026587334
0.005314327
-0.0026555907
0.007962046
-0.007957312
-0.005301714
0.0026492737
-0.0052953754
0.010584396
-0.002644508
-0.0026429142
-0.0052826353
-0.010558874
0.005276234
-0.0052730255
0.0026349057
0.0
-0.005263368
0.005260139
-0.007885356
0.005253664
0.0
-0.0052471687
0.0052439133
-0.007860979
0.005237387
0.0
-0.0026154201
0.007841338
-0.005224273
0.0052209813
-0.0026088424
0.0
0.0078166155
-0.005207765
0.0078066722
-0.0026005632
0.0051977993
0.010388935
-0.002595565
0.007781682
-0.0025922204
0.005181089
0.0051777316
-0.0025871848
0.010342005
-0.0025838153
0.0
0.0025804355
-0.002578742
0.005154092
-0.0051506953
0.005147293
0.0
-0.0025702373
0.005137058
-0.0025668181
0.007695315
-0.0076901675
-0.0051233424
0.0
-0.0102329105
0.0025565021
0.0
0.0
0.0051026223
-0.010198304
0.0
-0.010184394
-0.0050887126
0.0025426117
-0.0076225935
0.002539115
-0.010149452
-0.0025356088
0.0
-0.007596279
0.0025303317
-0.0050571356
-0.0025268018
-0.0050500664
-0.0075697876
0.0
-0.007559141
0.0050358716
-0.0025161556
-0.0075431196
0.0050251763
-0.010043205
0.0050180233
0.0
0.0
0.0075108875
-0.010007322
-0.0025000295
-0.0074946783
0.0
0.0024946127
-0.004985605
0.00249099
-0.009956701
-0.0024873582
-0.002485539
-0.004967435
0.007445681
-0.0024800678
0.0
-0.0024764088
-0.0074237287
0.004945482
-0.002470904
0.004938129
0.002467223
-0.002465379
0.0024635328
-0.0073850537
0.002459834
0.0024579815
-0.0024561265
0.0024542694
-0.012262051
-0.0024505488
-0.0048973705
-0.0048936387
0.0
-0.012215407
-0.002441209
-0.009757338
-0.004874916
-0.0024355792
-0.007301095
0.0024318153
-0.009719721
-0.004856086
-0.0024261535
-0.009697048
0.007267105
-0.009681891
-0.0024185749
-0.0024166747
-0.0144886365
0.0024128687
-0.0024109625
0.0024090542
-0.0024071436
-0.012026156
-0.0024033168
-0.012007001
0.0023994814
0.0
-0.004791276
0.0
-0.011958932
0.0
0.0
0.0
0.0071521755
-0.0023821215
0.004760365
-0.004756483
0.0
0.0047487067
-0.0023724062
0.009481829
-0.0023685063
0.0
0.0
-0.009450565
0.007082047
0.0
0.007070276
0.007064381
-0.004705654
0.007052575
-0.0046977755
0.00469383
0.0070348214
0.0
0.0070229573
-0.004678011
0.0046740463
-0.0023350392
-0.0023330532
0.0069931955
-0.0046581505
0.004654167
-0.0069752703
-0.0023230945
0.0046421946
-0.002319098
0.0046341936
-0.0069452818
-0.002313089
0.0
-0.006927222
0.006921191
-0.0023050513
-0.0023030373
0.0
-0.009196015
0.004593969
-0.006884889
0.0
0.00458183
-0.0068666646
0.0045737196
-0.006854488
0.0045655943
0.0045615267
0.0
0.009106761
-0.002274651
0.00909044
0.0045411345
0.0022685227
0.011332383
-0.0022644287
0.009049515
0.004520655
0.0045165485
0.013537317
0.0
0.009008418
0.0
0.0022479827
0.008983677
0.002243854
0.013450723
0.0022397188
0.004475297
0.0044711535
-0.0022335032
0.013388568
0.004458702
0.0089090895
0.006675577
-0.0022231105
0.006663081
-0.002218942
0.0066505657
0.0022147668
0.002212677
0.008842341
-0.004416984
0.0044127945
0.0
-0.0022022028
0.0044002063
-0.008792007
0.0021958991
-0.006581384
-0.0043833777
0.0021895813
-0.008749889
0.0021853617
-0.004366499
-0.0043622716
0.0
-0.0065307114
0.0043495707
-0.0043453313
-0.0043410882
0.0
-0.008665187
0.004328342
-0.0021620435
0.0021599147
0.0
-0.0043113045
0.0021535188
-0.006454152
0.006447743
0.00214711
0.0
0.00642849
-0.0064220633
0.0064156326
0.002136399
0.0021342526
0.012792628
0.0
0.008511218
0.0
-0.0021234988
0.006364031
0.0021191873
0.012702177
0.0042297407
0.0063381293
0.008442191
0.0
0.010531099
0.0
0.0063056587
0.008398869
0.0020975473
0.008381503
-0.004186406
0.0020910287
0.0020888532
0.0
0.008337993
-0.0041646375
0.006240414
0.0
-0.0062273177
0.0062207635
-0.0062142056
0.006207644
0.0
-0.0041296724
0.0020626453
-0.006181359
0.006174778
0.0
-0.0020538683
0.0
-0.00819789
0.0020472726
-0.0020450717
0.0020428693
0.0061219977
-0.0061153835
0.006108766
-0.0061021447
0.0
0.0020296304
0.0
0.006075624
-0.006068985
0.0020207807
0.0
0.0020163488
0.012084787
0.0
0.0060290773
-0.0020074714
-0.0060157473
0.008012103
0.0
0.009992878
0.0019963488
-0.0019941211
0.0059756762
-0.007958649
0.009937155
0.0039703976
0.0019829655
0.007922924
-0.0079139825
0.0
-0.0019740216
0.0019717831
0.0019695433
-0.0039346055
0.0019650608
-0.007851273
0.0
0.003916659
0.0
0.009769184
-0.0078063556
-0.00194934
-0.0019470901
-0.005834518
0.0038851749
-0.0038806694
0.0019380808
-0.003871652
-0.007734281
0.0
-0.0057871677
0.0019267973
0.0
-0.0019222773
-0.0019200159
-0.011506521
0.0
-0.0038264522
-0.001910961
0.001908695
-0.0057192845
-0.0019041602
-0.0076075667
-0.001899622
0.0037947032
-0.0037901604
0.003785616
-0.005671605
-0.0018882611
0.0
-0.0037674215
0.007525737
-0.0018791569
0.0
-0.0037491997
-0.00561696
0.007480158
0.001867758
0.007461903
0.0
-0.005582727
0.0018586244
-0.005569017
0.0055621588
0.0
-0.0018494782
0.0036943797
-0.0036898013
0.0036852213
-0.00184032
0.0018380285
0.005507209
-0.00550033
0.0018311498
-0.0036577107
0.0018265604
0.0054727937
-0.0018219681
0.0036393418
-0.0072694924
-0.003630149
0.0
-0.0036209507
0.007232699
0.0
0.0018035716
0.0
-0.0071958634
0.003593324
-0.0017943576
0.0017920524
0.0
-0.005362321
0.0
-0.008914129
0.0
-0.0017782088
0.0
0.0035471788
-0.008856394
-0.0017689677
-0.005299968
-0.0035286874
0.0035240618
-0.0052791527
0.0
-0.005265267
-0.0035055482
0.0017504585
-0.0052444274
0.0017458257
-0.0069740345
-0.005223573
0.0
-0.0034731084
0.005202705
-0.005195746
0.0
-0.0034545495
-0.005174861
0.0034452642
-0.0034406201
0.0017179876
-0.0017156648
-0.0068533653
0.0
-0.00512608
0.0034127373
0.0017040435
0.0
0.0033987842
-0.006788263
0.001694739
0.0
0.0016900843
0.008438782
-0.0033708562
0.0016830994
-0.0033615408
-0.001678441
0.0033522225
-0.0033475622
0.0066858027
-0.0033382396
-0.0016667887
0.0016644573
-0.0033242507
0.008298966
-0.0016574608
0.0016551281
-0.001652795
-0.004951385
0.003296256
-0.0016457941
0.0016434599
-0.0016411254
-0.004916372
0.0
-0.006536481
-0.0016317847
0.0
-0.0032542257
-0.0016247766
-0.008112201
-0.0032402067
-0.006471066
-0.006461717
0.0016130919
-0.0048322626
0.0
-0.006424314
-0.004811221
0.0
-0.0031981268
0.0031934495
-0.0015943858
-0.0015920468
0.0015897077
-0.0047621047
0.0047550863
-0.0015826892
0.0015803494
0.0031560191
-0.0015756695
0.0047199884
0.0
0.0047059464
0.0031326169
0.0
0.006246509
-0.006237146
0.0015569457
0.0
-0.001552264
0.006199692
-0.0030951637
0.0015452408
-0.0015428996
-0.0030811168
0.0
-0.003071752
0.0030670695
-0.0030623868
-0.0015288522
0.0
-0.0045725084
0.0030436565
-0.0030389738
0.0
-0.0015148043
-0.004537389
0.0030202437
-0.0030155615
-0.0015054396
0.0
-0.003001515
0.002996833
-0.0029921513
0.0014937348
-0.0014913941
-0.0029781067
0.0029734257
-0.004453117
0.0029640638
-0.0014796916
-0.0044320542
-0.0014750113
-0.008836029
0.0014703316
-0.001467992
-0.0014656524
0.0
-0.0073048687
0.0
-0.0029125912
-0.0014539568
0.0
-0.0043478394
0.0014469415
-0.0057784137
-0.0014422656
0.0
-0.0028751807
0.0028705061
-0.001432916
-0.0014305791
0.0
-0.0014259062
0.00427071
0.0
0.0028377967
0.0014165629
-0.0042426833
0.0028237859
-0.004228675
0.001407224
0.0014048899
-0.0014025561
0.002800445
-0.0055915574
0.0013955565
-0.0013932239
-0.0027817832
0.0027771192
-0.005544912
0.0013838967
-0.004144697
-0.004137705
0.0027538096
-0.0041237245
0.0
-0.0041097477
-0.0027351743
-0.0013652586
-0.005451722
0.0027212056
-0.0040748264
-0.002711897
-0.001353622
-0.0054051834
0.0
-0.0053865793
0.0013443199
-0.0013419954
-0.0053586857
0.0013373479
-0.005340099
0.001332702
-0.0013303797
-0.003984174
0.0013257368
-0.0052936636
0.0
0.0
-0.0026329125
0.0026282747
-0.002623638
0.001309501
0.0
0.0
0.0013025504
-0.0026004692
0.0025958386
-0.002591209
0.0012932903
0.0012909767
-0.0012886636
0.005145404
-0.002568078
0.0
0.0012794167
-0.0038313193
0.0012747968
-0.0025449754
0.0012701792
0.0012678714
-0.002531128
-0.0012632573
-0.005043805
-0.0012586459
0.0
-0.0025080738
0.0
-0.0037482914
-0.0012471282
-0.0024896534
-0.0024850515
-0.0012402255
-0.00618963
0.0
-0.0024666577
-0.0012310314
-0.0012287345
-0.006132192
0.0
-0.0024436966
-0.0024391084
-0.001217261
-0.0024299368
0.0012126766
-0.0048415423
-0.0024161905
-0.0024116111
-0.0036105504
0.0024024574
-0.0023978828
0.0011966549
-0.0023887383
-0.0047683367
0.0023796
-0.0035625496
0.0011852339
-0.0011829521
-0.0047226846
0.0011783909
-0.004704446
0.001173833
0.0023431105
0.0011692784
0.0011670024
-0.0034941814
0.0023249057
-0.0023203585
0.0011579067
0.0034669049
-0.0011533641
0.003453282
-0.0034464747
0.0011465566
0.0034328678
0.0
0.0056987866
-0.0011374926
-0.0011352289
0.0011329661
-0.0011307042
0.0033853299
0.0011261832
0.0011239242
0.001121666
-0.0033582265
0.0011171526
-0.0011148974
0.001112643
0.0011103898
-0.0033244123
-0.0011058861
-0.0033109072
0.0011013864
0.0010991379
0.0
0.0010946443
-0.0032771968
0.0010901546
-0.0021758226
0.001085669
0.0021668556
-0.0010811876
0.0010789485
-0.0032301312
-0.0010744734
0.0032167123
-0.0010700026
0.0021355373
-0.0010655359
-0.004253217
-0.0021221475
-0.004235377
0.0031698474
0.0010543886
0.0021043248
0.0010499373
-0.004190854
-0.0010454906
-0.0031298068
0.0041641938
0.002077658
-0.0010366108
0.0
-0.0030965332
0.001029963
0.0020554988
0.0020510738
0.0020466514
-0.0030633467
-0.0020378134
-0.002033398
0.0
0.0030368618
0.0
0.0020157606
-0.0020113573
0.0
0.003003837
0.0019981621
0.0049844217
0.001989378
0.0019849893
9.903017E-4
-9.8811E-4
0.0039436785
0.0019674608
0.001963085
0.0019587118
-9.771707E-4
0.0019499732
0.0
0.0029118673
0.0019368846
-9.6626347E-4
0.001928172
-0.0038476393
0.0
0.0
0.0019107786
0.0028596555
-9.5104903E-4
0.0
-0.0018934283
-9.445487E-4
9.423847E-4
-9.40222E-4
0.0
-0.0018718017
-9.337423E-4
0.0
0.0
0.003709101
-9.251223E-4
0.0
0.0018416415
-9.1867207E-4
0.0036660996
9.143791E-4
0.0018244695
0.0027302755
0.0
0.0027174314
0.0
0.0036061394
8.993992E-4
0.0
0.00358053
-8.930013E-4
0.0035634867
0.003554974
8.866168E-4
0.0035379666
0.0
0.0035209835
0.0026343758
0.0035040246
0.0052433317
0.0026153177
0.0052179485
8.6754514E-4
0.0025963013
0.0043166196
0.0017224313
0.0051546535
0.0034280152
0.003419601
0.0017055965
8.506978E-4
0.004242995
0.0016930036
0.0042220308
8.423121E-4
0.0
8.3812897E-4
0.0
0.004169761
0.002495599
8.29782E-4
0.0016553988
-8.2561834E-4
0.001647078
0.0016429226
8.193853E-4
0.0024519328
0.0
8.1316713E-4
0.0
8.090301E-4
0.0024208922
0.0
0.0016056744
-8.007763E-4
7.9871714E-4
0.0015933193
7.946039E-4
0.0023776495
0.0
7.88447E-4
0.0015727963
0.0
0.0023469168
0.0023407862
0.0031128807
0.0023285402
0.0
0.0023163157
7.700704E-4
0.003840187
0.0022980187
0.0015279535
0.0030477967
7.599233E-4
0.003031597
0.0022676312
0.0037692832
0.0037591902
0.0
0.002243419
0.0014915864
0.0014875638
0.0029670899
7.397649E-4
0.0014755183
0.0014715106
0.0014675065
0.0021952593
0.0
0.0021832753
0.0
-7.237712E-4
0.0
0.0
0.0028712184
7.1581954E-4
0.0014276728
7.1185513E-4
-0.0014197516
7.078984E-4
-7.059229E-4
0.0
7.0197775E-4
-7.0000807E-4
6.980403E-4
-0.0020882236
0.0013882214
6.921488E-4
0.0
6.8823097E-4
-0.0013725499
6.84321E-4
0.0
6.804189E-4
0.0020354127
0.0
0.0013491616
-0.0013452775
0.0
0.0013375215
6.6682475E-4
0.002659563
6.6295883E-4
6.610289E-4
0.001318202
0.0
0.0019657542
6.533296E-4
0.0013028198
0.0012989846
0.0
0.0019369897
0.0
0.0019255274
0.0019198055
6.3803E-4
0.0025445076
6.342259E-4
0.001264654
6.304302E-4
0.001257071
0.0018799287
-6.247525E-4
6.228641E-4
6.2097795E-4
6.1909383E-4
0.0012344238
6.153321E-4
0.0012269089
-0.0012231579
0.0
0.0024313375
0.0
0.0012081969
0.0
0.0
5.9851084E-4
-5.966527E-4
0.0023791867
5.929429E-4
5.910913E-4
0.0
-0.0011747894
5.8554974E-4
0.0
0.0023274657
0.0011600562
0.0
0.0011527162
-0.001149053
5.726971E-4
0.0011417399
5.690451E-4
0.0011344448
-5.6540204E-4
5.635839E-4
0.0011235361
0.0011199089
0.0022325725
5.563341E-4
5.5452733E-4
0.0
5.5092067E-4
0.0016473624
0.0010946464
0.0027276396
0.00108747
0.0010838886
0.001080312
0.0
0.002146345
0.0010696098
0.0010660517
5.3124916E-4
-0.0010589496
5.277028E-4
0.0
0.0010483316
5.224009E-4
0.0
5.188781E-4
-0.0010342405
0.0010307295
5.1361165E-4
0.0010237219
0.001530338
-0.0015251001
-5.066232E-4
-5.04882E-4
-5.031433E-4
0.0010028139
-4.996731E-4
9.958831E-4
-4.962125E-4
-9.889717E-4
0.0
-4.910398E-4
4.893205E-4
-4.8760357E-4
0.0
-9.683542E-4
-0.00192987
4.8076038E-4
0.0
4.7735355E-4
-4.7565385E-4
-0.0018958264
-9.4452366E-4
-0.0014117087
0.0
0.0
-9.310152E-4
0.0
-0.0018485818
-0.0013814043
-4.587933E-4
0.0
4.5545123E-4
-9.075679E-4
-4.5211922E-4
-0.0013513711
-8.9759467E-4
0.0
-4.4548558E-4
4.4383353E-4
-8.84368E-4
-8.810741E-4
-8.7778526E-4
-8.745016E-4
8.71223E-4
0.0
0.0
0.0
-8.5816014E-4
4.2745366E-4
-4.2582984E-4
4.242086E-4
4.2258998E-4
-8.4194785E-4
-4.1936047E-4
-8.3549926E-4
-4.161414E-4
0.0
-4.129328E-4
-4.113324E-4
-0.001229204
-8.1627903E-4
-4.0654704E-4
-4.0495716E-4
0.0
-0.0012053561
-8.0040685E-4
-0.0011958724
-7.9409505E-4
-3.9547356E-4
-0.0011817068
0.0
-0.0011723029
-0.0015568173
-0.0011629311
-0.001544343
0.0
-7.6595583E-4
-0.001144284
-0.0011396424
-0.0018916817
-7.535891E-4
-0.0011257663
-7.474382E-4
-7.443708E-4
-0.0011119634
-3.6912624E-4
-0.0011028022
-7.321559E-4
-7.291158E-4
-0.0010891218
-3.61526E-4
-0.0010800426
-3.585051E-4
-7.1399746E-4
-3.5549514E-4
0.0
-0.0010574887
0.0
-3.495084E-4
-3.480186E-4
3.465316E-4
-3.450474E-4
6.8713183E-4
-3.4208727E-4
0.0
6.782766E-4
-3.37668E-4
6.7240105E-4
3.347358E-4
6.6654786E-4
6.636297E-4
3.3035857E-4
0.0016445257
6.5490894E-4
0.0013040267
6.4912334E-4
3.2311952E-4
0.001608401
6.4048736E-4
0.0012752401
9.5213763E-4
6.319025E-4
6.290522E-4
3.1310384E-4
9.3505334E-4
9.3080365E-4
3.0885419E-4
6.148867E-4
-3.060354E-4
3.0463032E-4
3.032281E-4
0.0
0.0012017292
-5.980775E-4
0.0
-5.925205E-4
-5.8975077E-4
2.934934E-4
-5.842286E-4
5.814762E-4
-2.8936483E-4
-5.759889E-4
-5.73254E-4
-0.0011410498
2.8390085E-4
-2.8254214E-4
0.0
-2.7983356E-4
-0.0011139346
-2.7713669E-4
-5.5158534E-4
-2.7445157E-4
-2.7311343E-4
-5.435565E-4
-2.7044603E-4
-0.001076467
-2.6779043E-4
-2.6646708E-4
-2.651467E-4
5.276585E-4
-2.625148E-4
2.6120333E-4
0.0
-2.585893E-4
5.1457353E-4
2.5598722E-4
2.5469068E-4
-2.533971E-4
-2.5210652E-4
5.0163793E-4
0.0
7.4475846E-4
2.4697426E-4
2.4569873E-4
7.332785E-4
0.0
7.256705E-4
7.218801E-4
7.180988E-4
2.3810883E-4
-2.3685445E-4
2.3560309E-4
2.3435478E-4
6.9932855E-4
6.9560186E-4
0.0
2.2939197E-4
-2.2815888E-4
2.2692885E-4
2.257019E-4
2.2447799E-4
2.2325714E-4
-4.4407873E-4
-2.2082466E-4
-2.1961302E-4
-2.1840447E-4
2.1719899E-4
-2.159966E-4
-2.1479727E-4
-2.1360104E-4
-2.124079E-4
2.1121786E-4
-2.100309E-4
2.0884706E-4
-2.0766631E-4
-2.0648866E-4
-2.0531412E-4
-4.0828536E-4
-2.0297436E-4
-2.0180915E-4
0.0
-3.9897618E-4
-7.93329E-4
-3.9435906E-4
-3.9205985E-4
0.0
0.0
-3.851999E-4
-1.914629E-4
-7.613159E-4
-3.7839642E-4
1.880706E-4
-1.8694613E-4
1.858248E-4
0.0
-3.6718327E-4
0.0
0.0
5.407968E-4
3.5832648E-4
5.341922E-4
1.7696805E-4
-3.5175044E-4
1.7478557E-4
0.0
5.178474E-4
1.715357E-4
1.7045879E-4
1.6938508E-4
-1.6831454E-4
1.6724721E-4
1.6618308E-4
3.302443E-4
1.6406442E-4
0.0
0.0
-1.6091048E-4
1.598656E-4
1.5882392E-4
1.5778546E-4
3.1350047E-4
-1.5571823E-4
1.5468943E-4
0.0
-1.5264156E-4
3.0324492E-4
-3.012132E-4
0.0
0.0
-2.9515693E-4
0.0
-2.9115187E-4
1.4457954E-4
0.0
-1.425965E-4
0.0
-2.8125301E-4
1.3964639E-4
0.0
-1.3769597E-4
0.0
-1.3575862E-4
0.0
0.0
-1.3287713E-4
0.0
0.0
0.0
0.0
1.2814028E-4
0.0
0.0
3.760129E-4
0.0
1.2348569E-4
1.2256467E-4
0.0
0.0
0.0
0.0
0.0
0.0
0.0
0.0
0.0
-1.13536546E-4
-1.12651986E-4
0.0
0.0
3.300548E-4
1.0914704E-4
0.0
0.0
-1.0655334E-4
1.0569546E-4
1.0484092E-4
2.0797944E-4
1.0314187E-4
0.0
0.0
-1.0061843E-4
9.9783996E-5
9.8952914E-5
9.8125194E-5
9.7300835E-5
-9.647984E-5
-9.566221E-5
-9.484794E-5
-9.403705E-5
-9.322953E-5
-1.8485075E-4
-9.16246E-5
-9.08272E-5
-2.7009955E-4
-2.6772762E-4
-2.6536584E-4
-1.7534282E-4
-1.7378184E-4
-1.7222765E-4
-1.7068023E-4
-2.5370938E-4
-2.514086E-4
-2.4911802E-4
-1.6455841E-4
-1.6304494E-4
-1.6153828E-4
-8.001921E-5
-2.3781802E-4
-1.5705911E-4
-1.5557968E-4
-1.5410707E-4
-7.632064E-5
-1.5118232E-4
-7.486509E-5
-7.414244E-5
-7.342321E-5
-7.270739E-5
-1.4399001E-4
-1.4257207E-4
-1.4116097E-4
-6.987837E-5
0.0
-1.3696884E-4
-6.7792585E-5
-6.710419E-5
-6.641923E-5
-6.57377E-5
-6.505961E-5
0.0
0.0
-6.304598E-5
-6.238167E-5
0.0
0.0
-6.0409377E-5
0.0
-5.9111764E-5
-5.846814E-5
5.782797E-5
0.0
0.0
0.0
-1.6590559E-4
0.0
-5.4059572E-5
5.3443626E-5
1.0566229E-4
-1.0444427E-4
0.0
-1.02029044E-4
0.0
-4.9820796E-5
0.0
0.0
-1.4416884E-4
-9.495012E-5
-9.3794646E-5
-9.2646136E-5
-9.15046E-5
-9.037003E-5
-8.924243E-5
-1.321827E-4
-1.3051223E-4
-8.590148E-5
-8.48018E-5
-4.185455E-5
-1.2393508E-4
-1.22317E-4
-1.207094E-4
-1.588164E-4
-7.8350466E-5
-1.15949595E-4
-7.6256E-5
-7.521927E-5
-1.483791E-4
-1.0975026E-4
-1.0822672E-4
-7.1142465E-5
0.0
-1.0371923E-4
-3.4079265E-5
-1.3435585E-4
-6.620436E-5
-3.2618907E-5
-3.2139153E-5
3.1662912E-5
-3.119019E-5
6.144198E-5
3.0255305E-5
0.0
2.9334506E-5
-5.775878E-5
0.0
-2.7979733E-5
2.7535194E-5
5.4188364E-5
0.0
2.6222746E-5
-2.5792324E-5
2.5365433E-5
2.4942075E-5
2.452225E-5
4.821192E-5
-2.3693206E-5
0.0
-2.2878308E-5
-2.2476166E-5
2.2077566E-5
2.1682503E-5
2.1290984E-5
0.0
-2.051857E-5
0.0
-1.9760335E-5
1.9386534E-5
1.9016281E-5
0.0
-1.8286419E-5
-5.3780434E-5
-3.5141507E-5
-3.4436496E-5
-1.6869293E-5
1.6523893E-5
-1.6182044E-5
-1.584375E-5
-3.1018022E-5
-3.0355655E-5
0.0
0.0
1.4205622E-5
-1.3888671E-5
-4.0725838E-5
-1.3265448E-5
-1.2959177E-5
-1.2656468E-5
0.0
0.0
1.1769722E-5
-1.1481268E-5
-1.119638E-5
-1.0915057E-5
0.0
1.0363114E-5
-1.0092493E-5
0.0
-9.561959E-6
0.0
9.045704E-6
0.0
0.0
-8.298108E-6
0.0
0.0
-7.5826665E-6
7.3513343E-6
7.1235777E-6
6.8993963E-6
0.0
6.4617625E-6
1.2496623E-5
6.0384377E-6
1.1664285E-5
0.0
0.0
5.2347305E-6
-5.0427525E-6
4.854355E-6
4.6695386E-6
0.0
0.0
-8.273159E-6
-3.9660918E-6
-7.598373E-6
-3.635865E-6
3.4761272E-6
3.3199735E-6
0.0
-6.036841E-6
-5.7460434E-6
-2.7312085E-6
0.0
0.0
-2.3272864E-6
-4.3996383E-6
-6.227817E-6
-3.911293E-6
-1.8389417E-6
-3.45165E-6
-1.6162967E-6
-1.5103569E-6
-2.816012E-6
-1.3092442E-6
-2.4281435E-6
0.0
0.0
-9.5009244E-7
0.0
-1.5841134E-6
0.0
-6.483831E-7
0.0
5.19073E-7
-4.598047E-7
0.0
-3.5204212E-7
0.0
0.0
-2.1733533E-7
1.796167E-7
-1.4549008E-7
0.0
8.801307E-8
-6.466283E-8
0.0
-2.8739146E-8
-4.8497377E-8
0.0
0.0
0.0
