0.53405184
0.42102733
0.26646194
0.12699333
0.040366795
0.0626233
0.12322697
0.098014764
0.33552903
0.38273835
0.42226446
0.75308204
0.7414075
0.45258301
0.5122272
0.31018093
0.42776817
0.3607878
0.14506792
0.2890715
0.088716984
0.19097771
0.2672215
0.21616866
0.2904188
0.11348516
0.67203784
0.6537291
0.27913654
0.12618749
0.16922042
0.24677534
0.21091025
0.24219966
0.24497479
0.1648688
0.2012391
0.11093363
0.15663126
0.082413256
0.100444034
0.14694215
0.08147751
0.18503256
0.18452413
0.37071756
0.21432811
0.10272439
0.20823468
0.1863153
0.15007141
0.27147698
0.120382
0.11869373
0.04915864
0.036701936
0.15004496
0.14302172
0.14414817
0.11231582
0.13349877
0.25377715
0.22990818
0.18510143
0.013684745
0.115378104
0.10651602
0.015167113
0.1591102
0.16323313
0.0845588
0.09160119
0.15211599
0.13695794
0.02925837
0.05991728
0.050455377
0.03044515
0.09136759
0.034890834
0.07712677
0.094362296
0.13630481
0.08458043
0.07284124
0.019836616
0.023434777
0.10678833
0.11993846
0.10074311
0.09206627
0.079234086
0.0327322
0.15596743
0.20824914
0.20402668
0.147392
0.04040973
0.0970538
0.15207951
0.17197244
0.15216777
0.15144145
0.106297165
0.10261053
0.059632696
0.024346557
0.05115932
0.07705118
0.068649545
0.06544869
0.13674782
0.17613156
0.041481167
0.09303038
0.052238017
0.027311716
0.0395202
0.107400574
0.07976241
0.115846746
0.21811685
0.1991858
0.14023127
0.14643854
0.08317789
0.045058027
0.03424203
0.028126482
0.07224793
0.12462921
0.14855166
0.043590024
0.097676784
0.12570608
0.12757288
0.11252725
0.09865292
0.076318346
0.035442628
0.050384834
0.06265214
0.076749764
0.11063401
0.09573379
0.07385331
0.06306404
0.10588146
0.13353722
0.013365246
0.12979735
0.14837548
0.16403577
0.23343617
0.1480749
0.09068134
0.042284448
0.028168436
0.07229338
0.15491001
0.15120871
0.08092929
0.051924944
0.031543322
0.037981704
0.11017581
0.12040273
0.058608096
0.050221723
0.052711632
0.042453714
0.08002637
0.04176713
0.07723675
0.03321968
0.040054962
0.09706419
0.08866845
0.100610614
0.07882504
0.05078701
0.04217897
0.05358863
0.06511109
0.051471032
0.10480596
0.065273955
0.065681204
0.08380019
0.040993545
0.042080577
0.1328741
0.0924951
0.12035955
0.18526952
0.11981634
0.061625753
0.086934805
0.1310195
0.10398421
0.10285593
0.12042097
0.103243046
0.07562565
0.04169974
0.019728964
0.009263832
0.052585896
0.061797213
0.031619173
0.040727958
0.05715827
0.044558145
0.074599795
0.16300993
0.19383219
0.07521681
0.044922136
0.09906509
0.10019023
0.07986734
0.025417162
0.034738485
0.06361425
0.11024874
0.053261243
0.072511174
0.0706773
0.10179207
0.05767379
0.057175983
0.051085465
0.026912916
0.059889898
0.06992119
0.07405809
0.040186048
0.09238435
0.10089516
0.07106921
0.022748675
0.061602816
0.07217455
0.02501495
0.034154676
0.07365999
0.1340489
0.0988719
0.04108065
0.04273104
0.03567667
0.07200729
0.20854108
0.20503978
0.066280305
0.08588873
0.1044223
0.0652614
0.057332095
0.053422417
0.09878451
0.09573197
0.060352646
0.06954947
0.068484776
0.07279373
0.045775812
0.07592444
0.10027131
0.04859356
0.00533551
0.050322898
0.10073224
0.08953465
0.042457104
0.030738747
0.04154052
0.08731492
0.10415482
0.042313233
0.03722869
0.107537515
0.14425832
0.10522498
0.048446987
0.06804401
0.10632589
0.08579896
0.09047279
0.123166084
0.12582636
0.10075484
0.05106048
0.050522137
0.082694046
0.07273886
0.020770675
0.23264147
0.31009623
0.08479839
0.14045188
0.08463479
0.088075876
0.11094771
0.053964198
0.086975195
0.1252276
0.07901618
0.04419607
0.02991541
0.049387496
0.06510989
0.035170913
0.1317022
0.14952122
0.099041164
0.069638036
0.016633082
0.035207197
0.07652721
0.039208613
0.02857029
0.028646711
0.040493075
0.07142506
0.06557782
0.015413421
0.07014239
0.033029914
0.048682127
0.015088389
0.017227652
0.03758792
0.03886939
0.033926133
0.06184202
0.11181274
0.112627715
0.08209234
0.10194879
0.16467223
0.119393066
0.040591236
0.037096895
0.055004567
0.058868665
0.06240895
0.056137208
0.05351428
0.10576756
0.12694691
0.09058288
0.01263297
0.04814491
0.04819446
0.029470172
0.06329971
0.03221533
0.058457233
0.044553842
0.073018976
0.054321837
0.06394214
0.1300384
0.12044105
0.025630582
0.030522207
0.020449786
0.058372542
0.07439697
0.13441266
0.12275959
0.06729393
0.056207202
0.03299283
0.039605748
0.050685726
0.05226359
0.009045214
0.07721982
0.072767645
0.021785675
0.11492369
0.124489725
0.09412843
0.09973446
0.05679284
0.056172024
0.04762042
0.07529318
0.00795291
0.10715445
0.09676255
0.012156658
0.07469658
0.10267071
0.14551575
0.0843015
0.010521289
0.055385627
0.106690295
0.07604796
0.0601964
0.10648064
0.051043846
0.06415875
0.05243612
0.03569688
0.072329804
0.035175517
0.11853854
0.18146767
0.04873491
0.12762342
0.1537415
0.13003267
0.10667718
0.023358239
0.114772774
0.10387446
0.038765017
0.030808335
0.046086952
0.06173424
0.023660613
0.09158572
0.117928594
0.032246538
0.09758628
0.11279465
0.026389567
0.07868908
0.109453365
0.037142333
0.03244214
0.08216181
0.09398647
0.076531015
0.010709039
0.02876452
0.0478831
0.09248301
0.049788743
0.06481111
0.04824986
0.024976252
0.014513881
0.037177738
0.05375374
0.06577797
0.036243465
0.032736614
0.042527847
0.06767116
0.042680297
0.084577665
0.058866166
0.08169168
0.043271843
0.08677171
0.066870674
0.09245425
0.058348343
0.019997686
0.071899906
0.08960941
0.04783317
0.016084317
0.074567005
0.16388641
0.12876289
0.012923869
0.05505042
0.029287215
0.10167312
0.088178486
0.08143938
0.10737338
0.062919155
0.02722602
0.039923582
0.015367954
0.037788607
0.031235948
0.05792158
0.109464094
0.123125985
0.14017741
0.100143716
0.025168765
0.0320289
0.015002543
0.031247362
0.03730468
0.053717215
0.08592717
0.07722996
0.049513582
0.034993403
0.04042243
0.034275018
0.04662531
0.08022626
0.07594938
0.035700746
0.021815168
0.017592655
0.06113253
0.06479754
0.08788815
0.1605825
0.16548112
0.07566128
0.055458434
0.08027854
0.07378875
0.0808186
0.04516391
0.035962664
0.02533791
0.044186775
0.02375045
0.090389885
0.050643396
0.026068943
0.063917965
0.07164075
0.05840088
0.05946406
0.014172391
0.040569723
0.03597019
0.057975575
0.06816362
0.07819482
0.13556585
0.061361276
0.046750013
0.020990105
0.05846712
0.065600395
0.05447897
0.071026795
0.059737742
0.052828316
0.034662306
0.028465765
0.032673463
0.036596984
0.09046163
0.067892134
0.0809262
0.045292165
0.026984837
0.045467924
0.057172637
0.08262273
0.110030875
0.027815055
0.10951329
0.07794109
0.06472116
0.08575919
0.06454253
0.090832315
0.12567644
0.066831246
0.08868424
0.062525906
0.03798127
0.024376506
0.049918335
0.025542665
0.08241213
0.1354958
0.05633485
0.07824305
0.11536197
0.06483903
0.027951645
0.042645905
0.05936461
0.038453065
0.08811394
0.11830078
0.09653174
0.10764922
0.15937176
0.19553341
0.13972661
0.11781954
0.103348255
0.047448337
0.084796794
0.11959665
0.07549273
0.12433506
0.14205605
0.06883638
0.06376673
0.05185961
0.019574225
0.044054892
0.12133319
0.054528337
0.08168275
0.030742938
0.08066969
0.042797767
0.12181512
0.044544697
0.115040414
0.1487311
0.10788491
0.015075942
0.07039815
0.028240869
0.021400958
0.02162928
0.0364549
0.08611494
0.0639452
0.026435498
0.0413171
0.10044862
0.074196994
0.07026951
0.040887307
0.040094048
0.05933778
0.07991613
0.16799328
0.19143887
0.085308135
0.08762108
0.11008796
0.0143075045
0.04187349
0.04071834
0.03777806
0.05247632
0.08609016
0.04164804
0.052438278
0.06214685
0.10144786
0.057267714
0.029949298
0.052404158
0.0791868
0.06991487
0.1069498
0.101020955
0.07550359
0.03901484
0.03299535
0.023541084
0.0125817545
0.052727886
0.08262689
0.0683274
0.039138082
0.04894011
0.038678892
0.06338677
0.07005305
0.07228825
0.064856045
0.082446896
0.070408836
0.014608624
0.026893381
0.013928774
0.03918019
0.11700076
0.12671594
0.06375393
0.053085554
0.028439816
0.05189978
0.01890145
0.042308364
0.047923815
0.05963324
0.055702057
0.024787735
0.057604007
0.04376342
0.029812993
0.09154284
0.10285655
0.08043512
0.044091776
0.025179908
0.0578537
0.05119353
0.08834785
0.11256362
0.014777237
0.08058612
0.07343516
0.08301608
0.036121104
0.078674555
0.10639536
0.08908702
0.09539856
0.077341355
0.08411752
0.053903118
0.029775048
0.054108188
0.018144269
0.10034541
0.09090324
0.052194066
0.04469997
0.020498563
0.046702377
0.04805246
0.015810475
0.0040574097
0.026133826
0.034642167
0.06587197
0.04581456
0.033282932
0.04382367
0.047316916
0.04742333
0.014416479
0.03815794
0.057606358
0.07415047
0.05321941
0.056324724
0.09012547
0.083070576
0.021771183
0.04951668
0.080491364
0.089684196
0.07159908
0.046553377
0.050807454
0.06329981
0.06396231
0.09286518
0.1398478
0.1107623
0.07923979
0.066510566
0.028857673
0.04379836
0.05024914
0.018509949
0.061093133
0.06051774
0.053958192
0.07673179
0.044198543
0.020645788
0.048348032
0.02891192
0.051134087
0.09926417
0.06419559
0.039649375
0.053515278
0.05668367
0.0216379
0.018240228
0.020156961
0.05298581
0.051504392
0.026716867
0.032194294
0.022692135
0.030855238
0.031026622
0.04480804
0.05711224
0.06680387
0.018658746
0.060487665
0.028026372
0.02568924
0.022145575
0.041386966
0.016178744
0.047049314
0.064366244
0.1044774
0.10203767
0.043198902
0.013899286
0.027869524
0.051502004
0.076734036
0.042572826
0.03623627
0.037850864
0.0530863
0.06311212
0.017831251
0.11860812
0.100539684
0.01795311
0.030927816
0.030854782
0.066951424
0.029212233
0.055625822
0.026054244
0.060474344
0.034245353
0.062471252
0.122837774
0.120805554
0.081385605
0.0740343
0.057486895
0.010260925
0.038902104
0.07515035
0.10385396
0.06582236
0.05346817
0.017413478
0.08554704
0.124276504
0.05625306
0.07585957
0.076351084
0.06171111
0.055008035
0.04731431
0.03220686
0.013628022
0.06639907
0.07205162
0.105009764
0.108175695
0.035561427
0.042715993
0.052375752
0.0053759743
0.057293635
0.046351828
0.06559547
0.07535876
0.046227846
0.027205879
0.05178289
0.07868893
0.066817306
0.022558052
0.020738952
0.076920524
0.069709055
0.053028263
0.06538724
0.032884616
0.045699514
0.03303085
0.03422506
0.04064775
0.061426185
0.034831915
0.068126865
0.11702405
0.13323948
0.10992329
0.048196014
0.049315564
0.09098833
0.076024435
0.054549698
0.06355612
0.029631702
0.05034127
0.018478561
0.0065898895
0.07143385
0.10572304
0.089551575
0.09731182
0.112683535
0.05792268
0.0065465774
0.03736566
0.061821986
0.08066378
0.07456498
0.047839407
0.04163121
0.015816486
0.036168545
0.04009868
0.06908835
0.07490439
0.11449248
0.10177265
0.03493396
0.037869103
0.020693298
0.03977945
0.05134819
0.081297286
0.08114405
0.07362571
0.051903643
0.019501181
0.04200997
0.06154012
0.07394298
0.07968279
0.029444154
0.025147565
0.035416108
0.053008735
0.10094074
0.06596668
0.027751453
0.036999926
0.043112617
0.063900165
0.08288475
0.11425583
0.07715869
0.064668655
0.062306628
0.075372934
0.08613548
0.016015437
0.056040257
0.053794727
0.020507762
0.029934391
0.06424278
0.08544069
0.12155446
0.11897391
0.06509427
0.04498992
0.06331279
0.053403784
0.06899366
0.0680806
0.024842223
0.010813381
0.029214429
0.044241317
0.053977847
0.0657801
0.04480546
0.031364374
0.031532716
0.022069816
0.0254304
0.040327214
0.031693075
0.009345358
0.02027153
0.043092884
0.052956343
0.036752824
0.017939465
0.046767477
0.11020636
0.093970776
0.032174453
0.018506266
0.03882947
0.052885868
0.042487074
0.027625825
0.06865146
0.08436898
0.121424384
0.1080431
0.01587342
0.061959777
0.081007615
0.100525305
0.08231706
0.061322562
0.06651263
0.062192485
0.017804082
0.03440006
0.05795218
0.058743227
0.04841249
0.12937774
0.09446212
0.02744661
0.08231037
0.09714031
0.058750372
0.01628939
0.05153984
0.0366509
0.03634229
0.07959947
0.027799599
0.032972462
0.052873548
0.053401817
0.038551915
0.019649902
0.030678654
0.067955956
0.083189994
0.03952189
0.03633849
0.054532893
0.0454327
0.04424767
0.019256342
0.028646719
0.055784665
0.067923814
0.02038238
0.07299112
0.052233897
0.031178998
0.07406529
0.09297296
0.056709126
0.049321182
0.07170649
0.050369807
0.045360796
0.018896993
0.03506349
0.07442804
0.05761073
0.07883087
0.07982035
0.020343415
0.08231869
0.07822632
0.08220617
0.060378794
0.045489535
0.07514345
0.042038858
0.045201577
0.03239176
0.0697399
0.06262986
0.053636022
0.06486061
0.10602193
0.15150999
0.06385713
0.117787674
0.13802823
0.06964527
0.034607485
0.025094943
0.021711104
0.0276293
0.040692963
0.030878885
0.02123466
0.009423338
0.013809106
0.016831677
0.021530055
0.040319573
0.07102029
0.07107313
0.0084978845
0.03241208
0.042935032
0.02953445
0.03930117
0.014055459
0.03094578
0.0148259895
0.058290727
0.03560665
0.050496727
0.056595765
0.010499677
0.054010496
0.051162835
0.031193323
0.037004426
0.02363724
0.041175578
0.061277084
0.0989143
0.10600501
0.028738132
0.105678976
0.092384934
0.028591381
0.015156252
0.043114953
0.1042175
0.08824818
0.05006296
0.047317166
0.05371669
0.11627059
0.058386195
9.983595E-4
0.050561454
0.06842328
0.08620195
0.11879983
0.010450104
0.07220479
0.048213143
0.05373751
0.074204
0.10595852
0.061305266
0.07055451
0.07230988
0.032450195
0.055478618
0.10066297
0.09274859
0.061951194
0.0074682967
0.03511887
0.009576927
0.054772597
0.05827822
0.02600846
0.05764591
0.08197683
0.058835138
0.057374366
0.020527126
0.028851945
0.028169181
0.057701632
0.0789585
0.0477903
0.031392124
0.06419628
0.044305936
0.029574681
0.023005009
0.031913973
0.06376136
0.01006811
0.1479221
0.20347118
0.18579379
0.15543301
0.02228255
0.10530602
0.101328336
0.02011863
0.11184281
0.08928169
0.08853501
0.06385418
0.03120593
0.015662665
0.022699643
0.07617933
0.08926105
0.060601976
0.041062254
0.08066565
0.034117144
0.00679427
0.048140448
0.06977861
0.055846207
0.023676557
0.034294855
0.07522497
0.1108801
0.12113271
0.08541843
0.059633113
0.02178124
0.02448423
0.07800205
0.11995737
0.105829015
0.030193187
0.008254628
0.050074995
0.111357555
0.08893185
0.08174378
0.0978471
0.024299234
0.05425954
0.038289636
0.048264213
0.07112282
0.0891358
0.14031465
0.089058146
0.04364914
0.083576374
0.06607193
0.04445723
0.05202629
0.029945215
0.06197204
0.070298925
0.067921326
0.08339972
0.121431544
0.10975919
0.057345226
0.021935148
0.06660439
0.08114793
0.030072026
0.037570387
0.060040288
0.018575002
0.0881835
0.1306605
0.091058336
0.04365569
0.09912321
0.050882783
0.031585433
0.049396742
0.08755264
0.111993074
0.099614896
0.060415197
0.09108067
0.08844768
0.010094032
0.06071747
0.04634228
0.08491917
0.06428758
0.025464809
0.067076124
0.060050454
0.06115724
0.09124038
0.06119345
0.13846064
0.09667577
0.09934961
0.10587403
0.06984036
0.03952115
0.032591082
0.067208104
0.0379168
0.040599626
0.04253268
0.0336468
0.04850264
0.026417028
0.06910716
0.100519255
0.02339094
0.07798306
0.0649426
0.037292924
0.04619522
0.029582893
0.029316967
0.041920707
0.023393542
0.03733188
0.059068765
0.04953782
0.041339654
0.08225077
0.07562951
0.1092761
0.034190573
0.05019863
0.043241132
0.039621912
0.030873995
0.060840137
0.08518667
0.02694417
0.09725983
0.08424601
0.051771913
0.09765394
0.09555655
0.13305916
0.1280339
0.060368057
0.046807848
0.0718112
0.05195836
0.033403788
0.06844337
0.088436976
0.049735144
0.058075123
0.0625472
0.055752955
0.025220795
0.058064234
0.045289986
0.027847998
0.043897357
0.059722293
0.052221507
0.057230834
0.0596479
0.051607415
0.077351645
0.06316725
0.101258695
0.16823201
0.1648548
0.07045928
0.021697372
0.029337563
0.06738177
0.091252655
0.028977681
0.051717803
0.04586242
0.008370213
0.030045606
0.07882004
0.06168189
0.03947183
0.0856145
0.061871767
0.06409657
0.066235326
0.030582668
0.03631723
0.05047114
0.009940609
0.043399572
0.09020018
0.14716488
0.115312696
0.054313157
0.05295101
0.041652646
0.026342
0.058503024
0.031707823
0.048779048
0.044098306
0.031950224
0.053497776
0.0942187
0.044768315
0.034814965
0.07926791
0.05432071
0.047917526
0.05733517
0.07046717
0.04648438
0.050250094
0.061653607
0.08426139
0.027980769
0.046137594
0.06861339
0.03261244
0.090984434
0.11698829
0.07453156
0.054772437
0.019373732
0.056100022
0.0961286
0.084707566
0.0519804
0.08345228
0.060159598
0.03980547
0.087140515
0.047043383
0.07046687
0.042792495
0.043378245
0.05592797
0.05486727
0.060544908
0.018652136
0.058114216
0.028005112
0.05035494
0.06894936
0.058426194
0.06650634
0.04853246
0.027639266
0.05999494
0.016595807
0.09522217
0.1071946
0.092879236
0.037835065
0.030920165
0.050918493
0.08649324
0.067823745
0.02128577
0.057949714
0.03493503
0.039075784
0.030119436
0.024734939
0.063128725
0.12107509
0.12342212
0.06524201
0.03376078
0.09073284
0.12248822
0.10257675
0.03885462
0.04723133
0.026498908
0.039086986
0.044579793
0.082208484
0.051331803
0.051537424
0.10284014
0.1031456
0.041237317
0.009729087
0.030075502
0.026278453
0.024621345
0.08623611
0.12377681
0.11990184
0.06625551
0.046872012
0.1179547
0.111352466
0.036477376
0.042213894
0.08142086
0.11743821
0.15276514
0.12530175
0.06479018
0.0942963
0.08139781
0.037474908
0.070866585
0.10483391
0.060718648
0.09745048
0.09909637
0.10930504
0.10227682
0.06106411
0.12751982
0.09911396
0.061953798
0.053237237
0.038527165
0.005392459
0.018821169
0.009589294
0.06768477
0.057283256
0.029103534
0.062595986
0.080969036
0.10467231
0.09937129
0.11049072
0.12806551
0.080265984
0.044076044
0.07796962
0.025582768
0.026555132
0.090973206
0.135469
0.12055532
0.08247915
0.015915347
0.10504088
0.08455106
0.023507647
0.0778522
0.077724315
0.068591624
0.061575126
0.04606491
0.034687217
0.01999657
0.08020707
0.12317033
0.03246566
0.06594744
0.035609484
0.042482287
0.050017107
0.10568143
0.07588863
0.09431326
0.14930782
0.09810438
0.0145802405
0.02341869
0.04973206
0.055006567
0.045837283
0.05374977
0.029523185
0.020433232
0.07134251
0.09883535
0.09297994
0.08769012
0.04924497
0.046184056
0.05828831
0.11593193
0.0983796
0.07514206
0.11695312
0.06300859
0.042347945
0.09889766
0.0997289
0.044896506
0.003063079
0.0634007
0.07370151
0.06766572
0.053241327
0.12473968
0.11478126
0.0104419
0.08233586
0.081392884
0.03734347
0.031534847
0.050435193
0.08807449
0.09570317
0.031163868
0.04179384
0.03442351
0.051453583
0.052386675
0.098156326
0.092252485
0.060595527
0.09042457
0.04147487
0.08920917
0.17567308
0.13328494
0.015555168
0.042918045
0.040864445
0.054489978
0.10151527
0.06544961
0.043374393
0.0855834
0.13613984
0.06934109
0.020954618
0.038242254
0.040099125
0.09346929
0.06591717
0.05579742
0.05271791
0.0710875
0.06886035
0.07085585
0.09415973
0.08628179
0.055148553
0.07009712
0.09220281
0.06777443
0.061979864
0.0693379
0.047733344
0.053486448
0.06662651
0.04531242
0.021227628
0.05032571
0.016838918
0.010733738
0.07806128
0.06098496
0.0999735
0.08658928
0.03940302
0.0625598
0.040572967
0.026585888
0.06713523
0.10073453
0.10348536
0.065582484
0.052782714
0.020099593
0.033804797
0.020478293
0.046093404
0.06504222
0.03006542
0.09998798
0.134676
0.045227434
0.020534454
0.08283431
0.07503688
0.05365237
0.06011386
0.050241966
0.07774575
0.0186213
0.046719458
0.067675814
0.08807738
0.05635292
0.05864901
0.07661326
0.041518178
0.077865474
0.10756863
0.09167205
0.004349857
0.114170395
0.10267197
0.07865073
0.052224107
0.07200706
0.04695779
0.07544728
0.0994901
0.042977903
0.0530799
0.031594217
0.057831045
0.06618962
0.03977108
0.02949567
0.034637157
0.050799
0.026230667
0.04199566
0.06496124
0.049596705
0.027373845
0.06833507
0.0699141
0.04202011
0.036867775
0.01765031
0.010781042
0.033856016
0.042042572
0.04474419
0.08478108
0.07829622
0.041452598
0.03436302
0.022948356
0.11295932
0.08723315
0.10530473
0.09156053
0.056860283
0.10174058
0.11587065
0.06636849
0.06057484
0.0704623
0.10513185
0.11152216
0.049518373
0.014221962
0.039836306
0.078610145
0.072991684
0.061013296
0.072127104
0.06322441
0.12295711
0.14807165
0.09953788
0.046035267
0.03515611
0.030245768
0.043819238
0.061752364
0.09585299
0.08928887
0.044971168
0.023420438
0.041780993
0.0083909435
0.07156567
0.05625983
0.04451774
0.03346137
0.079813436
0.035764962
0.064730205
0.11082285
0.11717797
0.11576235
0.07618461
0.05225321
0.057423145
0.064500384
0.019866625
0.07949472
0.094633035
0.026943168
0.032348897
0.02380728
0.08478971
0.10601071
0.03545221
0.0291185
0.025623847
0.048953123
0.121788666
0.09895216
0.064670034
0.033729162
0.09126182
0.12675722
0.17343491
0.12524389
0.055380277
0.11728231
0.04791246
0.15320699
0.12430084
0.012859709
0.05577254
0.07967314
0.062141806
0.0050579994
0.052636053
0.13027257
0.17747015
0.11177804
0.08338986
0.058755785
0.07554235
0.0250931
0.07126816
0.060245674
0.09031082
0.11225543
0.05657728
0.039273873
0.06481436
0.08271044
0.101569
0.07627053
0.008793154
0.081139095
0.05898248
0.048544742
0.056800265
0.041957803
0.06713422
0.06901962
0.06736351
0.045839965
0.12255975
0.13153224
0.032649156
0.070297554
0.08464944
0.051676683
0.115341
0.082350515
0.05987214
0.15377425
0.12145974
0.018510241
0.037399653
0.08289152
0.116107866
0.09580322
0.029215826
0.0405315
0.030853048
0.06683048
0.10248145
0.059061565
0.013299422
0.04542506
0.055001274
0.06317373
0.09248616
0.048853848
0.053461917
0.014756614
0.08370834
0.109706394
0.03795885
0.029730245
0.06019693
0.027160957
0.075062275
0.085858546
0.09746782
0.10967365
0.12303976
0.13223979
0.07256498
0.055850923
0.050347365
0.036277376
0.06138197
0.053291455
0.04605148
0.06925173
0.04107182
0.085923515
0.11452375
0.08019693
0.017968668
0.04081931
0.105821855
0.06640368
0.057180308
0.07756182
0.062002387
0.020945737
0.04065414
0.016411718
0.029869359
0.043127697
0.061629873
0.1090483
0.12844516
0.08076214
0.06516709
0.04076021
0.052863516
0.03939132
0.066765375
0.032517318
0.039911676
0.06653154
0.08827003
0.09025672
0.041001286
0.10055206
0.07988613
0.026095495
0.058428768
0.10316341
0.07819269
0.045628894
0.04607576
0.06922969
0.08398943
0.054454245
0.031195907
0.0778746
0.105752796
0.03680531
0.025152424
0.044782147
0.049527302
0.060354095
0.091997616
0.078073375
0.040280472
0.039886482
0.046041325
0.10294648
0.11241545
0.07397408
0.034949493
0.07911554
0.091619894
0.074824974
0.023320407
0.03909989
0.05259607
0.031502068
0.046435364
0.0125375725
0.012323077
0.013857682
0.01753487
0.008191326
0.063644774
0.087568946
0.023889838
0.03142037
0.0643568
0.095817365
0.054569766
0.022534033
0.024116745
0.026413193
0.01850553
0.024845907
0.073952235
0.11414163
0.06174754
0.033464603
0.031951807
0.089852914
0.048278395
0.011912537
0.048709434
0.05942603
0.01658258
0.065190405
0.0644568
0.05501316
0.076405115
0.0636047
0.061506223
0.07422766
0.035229817
0.03703194
0.035972834
0.011541435
0.059710044
0.07214567
0.035051625
0.04535445
0.06404771
0.038805913
0.017587785
0.040463075
0.066213496
0.02316011
0.023847379
0.02092241
0.005532003
0.03149265
0.022275371
0.028819136
0.032501485
0.024042156
0.022644943
0.02366365
0.02416843
0.014898816
0.033558924
0.012795063
0.045931976
0.06346631
0.022410877
0.02165447
0.001738875
0.009660719
0.018654129
0.030457519
0.042913992
0.05297794
0.028909395
0.02428704
0.04764056
0.0552341
0.049710028
0.016379217
0.007572175
0.017333752
0.041647978
0.050578777
0.0299407
0.0064064
0.014293418
0.01853785
0.012375408
0.031100404
0.06088291
0.054181878
0.010903716
0.038224425
0.08709513
0.07092073
0.041935503
0.05588768
0.05221002
0.0117741255
0.070459746
0.06837146
0.03241791
0.018698586
0.023651458
0.0083348015
0.022053156
0.018124698
0.012843493
0.020339008
0.057899147
0.037110228
0.010254582
0.048337962
0.055879336
0.02759521
0.01516272
0.007454714
0.010917035
0.040660482
0.04825898
0.032001745
0.026441509
0.021756895
0.05473543
0.064200155
0.036563728
0.022524673
0.011155203
0.029815704
0.032418747
0.012989242
0.02600829
0.04495941
0.019483117
0.019653564
0.029273294
0.005620109
0.011112834
0.049823686
0.04385256
0.002148467
0.012060642
0.01801103
0.042661138
0.04582296
0.05508026
-0.003051847
-0.0030518398
0.0
0.0
0.0
-0.003051775
0.0
0.0
0.0
0.0
0.0
0.0
-0.0030515236
0.0
0.0
-0.003051362
0.0
0.0
0.0
0.0
-0.0030510207
0.0
-0.003050859
-0.006101546
0.0
-0.0030505897
0.0
0.0
-0.0061005764
0.0
0.0
0.0
0.0
0.0030497136
0.0
0.0
0.0
0.0
0.0
0.0
0.0030487585
0.0
0.0030484532
0.0
-0.0030481338
0.0
0.0
0.0
0.0
0.0
0.0
0.0
0.0
0.0
-0.0030463214
-0.0030461205
0.0
0.0
-0.0030454963
0.0
0.0
0.0
0.0
0.0
0.0
0.0
0.0
0.0
0.0
0.0
0.0
0.0
0.0
0.0030418923
0.0
0.0
0.0030410753
0.0
0.0
0.0
0.0
0.0
0.0
0.0
0.0
0.0
0.0
0.0
0.0
0.0030371633
0.0
-0.0030365079
0.0
-0.0030358385
0.0
0.0
-0.0030348075
-0.0030344569
0.0
-0.0030337449
0.0
0.0
-0.0030326499
-0.003032278
0.0
0.0
0.0
0.0030307544
0.0
-0.0030299714
0.0
0.0
-0.0030287702
0.0
0.0
0.0030275374
0.0030271192
0.0
0.0030262724
0.0030258438
0.0030254116
0.0
0.0030245367
0.0
0.0
-0.0030231979
-0.0030227446
-0.0030222875
-0.0030218272
0.0
0.0
0.0
-0.0030199504
0.0
0.0
0.0
-0.0030180172
-0.0030175252
0.0
-0.0030165305
0.0
-0.003015522
-0.0030150122
0.0
0.0
0.0
-0.003012939
0.0
0.0
0.0
0.0
0.0
0.0
-0.0030091756
0.0
0.0
-0.0030075102
0.0
0.0
0.0
0.0
0.0
0.0
0.0030035027
0.0
0.0
0.0
0.0
0.0
0.0
0.0
0.002998714
0.0
0.0029974822
0.0
0.0
0.0
0.0029949767
0.0
0.0
0.0
0.0
0.0029917674
0.002991115
0.0
0.0029898002
0.0
0.0
0.0
0.0
0.0
0.0
0.0
0.0
0.0029837128
0.0
0.0
0.002981622
0.0
0.0
0.0059590004
0.0059575723
0.0
0.0029773477
0.0059532467
0.0029758955
0.0
0.0
0.005947383
0.0
0.0
0.0029714573
0.0
0.0029699504
0.002969192
0.0029684303
0.00593533
0.005933793
0.0059322487
0.005930698
0.0059291404
0.002963788
0.005926005
0.0029622135
0.0
0.0
0.0029598265
0.0
0.005916436
0.0059148176
0.0
0.0059115607
0.0
0.005908277
0.0
0.005904966
0.0059033004
0.005901628
0.005899949
0.0
0.005896571
0.005894872
0.005893166
0.005891454
0.0058897347
0.005888009
0.0058862767
0.0029422687
0.0058827917
0.005881039
0.00587928
0.0029387572
0.0
0.0
0.0
0.0
0.0
0.0
0.0
0.0058631487
0.0
0.0
0.0058576525
0.0
0.005853955
0.0029260484
0.0029251156
0.0
0.0
0.0
0.0
0.0029204036
0.0
0.0
0.0029175368
0.0058331494
0.0058312183
0.0
0.0029136685
0.0029126934
0.0
0.0029107332
0.0058194962
0.00290876
0.0
0.0029067737
0.0029057756
0.0
0.0029037697
0.002902762
0.0
0.0
0.0
0.0
0.0
0.0
0.0
0.0
0.0
0.0028925065
0.0028914632
0.0
0.0
0.0
0.0
0.0
0.0
0.0
0.0
0.0
0.0
0.0
0.0
0.0
0.0
0.0
0.0
-0.0028732377
-0.002872137
0.0
0.0
0.0
-0.0028677022
-0.0028665855
-0.0028654658
0.0
0.0
0.0
0.0
-0.00285982
0.0
-0.0028575396
-0.0028563947
-0.0028552467
0.0
-0.0028529412
-0.0028517838
0.0
-0.0028494596
-0.0028482927
0.0
0.0
-0.002844774
0.0
-0.0028424123
-0.002841227
0.0
0.0
-0.002837652
-0.0028364544
-0.0028352535
0.0
-0.0028328425
-0.0028316325
0.0
-0.0028292031
-0.0028279838
-0.0028267615
0.0
-0.0028243074
0.0
0.0
-0.0028206035
0.0
-0.0028181192
0.0
0.0
0.0
0.0028131139
0.0
0.0
0.0
-0.0028080598
-0.0028067888
-0.0028055147
0.0
0.0028029578
0.0
0.0028003885
0.0
0.0
0.0027965123
0.0
-0.0027939132
-0.0027926092
0.0
0.0
0.0027886792
-0.0027873632
0.0
0.0
-0.0027833977
0.0
0.0
0.0
0.0
-0.0027767292
-0.0027753867
0.0027740411
0.0
-0.0055426825
-0.005539974
-0.00276863
-0.0027672697
-0.0027659065
-0.005529081
0.0027631717
0.0
0.0
0.0
0.0
0.0027562834
-0.002754897
0.0
-0.0027521157
0.0
-0.002749323
0.0
0.0
-0.002745112
0.0
0.0
-0.0054817502
-0.0054789144
0.0
0.0
0.0
0.0
0.0
0.0
0.0027294515
-0.0027280108
-0.0054531344
-0.0027251206
-0.0027236715
0.0
0.0
0.0
0.0027178463
0.0
-0.002714917
0.0
0.0
0.0
0.0
0.0027075447
0.0
-0.0027045761
0.0027030879
0.0027015966
0.0027001027
0.002698606
0.0
0.0
0.0
0.0026925916
0.0
0.0
0.0
0.0
0.0
0.0
0.0
0.0
0.002678899
0.0
0.0
0.0
0.0
0.0026711968
0.0
0.0026680971
0.0
-0.0026649865
0.0
0.0
0.0
0.0
0.0
-0.0026555907
0.0
-0.005304875
0.0
-0.0026492737
0.0
0.002646099
-0.002644508
0.0
0.0
0.0
0.002638117
0.0026365127
0.0
0.0
0.0
0.0
0.0
-0.002626832
0.0
0.0
0.0
0.0
0.0
0.0
0.0
0.0
0.0
0.0
0.0026088424
0.0
0.0
0.0026038825
0.0
0.0026005632
0.0025988996
0.0025972337
0.002595565
0.0
0.0025922204
0.0025905445
0.0025888658
0.0025871848
0.0025855012
0.0025838153
0.0025821265
0.0025804355
0.0
0.002577046
0.0
0.0
0.0
0.0
0.0
0.0025668181
0.002565105
0.0
0.0
0.0
0.0025582276
0.0
0.0
0.0
0.0
0.0
0.0025478385
0.0025460985
0.0
0.0025426117
0.0
0.002539115
0.0
0.0
0.0
0.0
0.0025303317
0.0025285678
0.0
0.0
0.0025232625
0.0
0.0025197137
0.0
0.0025161556
0.002514373
0.0
0.0
0.0
0.0
0.0025054256
-0.0025036293
0.0025018305
0.0025000295
0.0024982262
0.0024964204
0.0024946127
0.0024928025
0.00249099
0.0024891752
0.0024873582
0.002485539
0.0024837174
0.0024818936
0.0024800678
0.0024782394
0.0
0.0024745762
0.002472741
0.002470904
0.0024690644
0.002467223
0.002465379
0.0
0.0
0.0
0.0
0.0024561265
0.0024542694
0.0024524103
0.0024505488
0.0024486852
0.0
0.0
0.0024430812
0.0
0.0024393345
0.0
0.0
-0.0024336984
0.0
0.0
0.0
0.0
0.0
0.0
-0.0024204727
0.0
0.0
0.0
0.0
0.0
0.0
0.0
0.0
0.0024033168
0.0
0.0
0.0023975607
0.0
0.0
0.0023917863
0.0
0.0023879264
0.0
0.0
0.0023821215
-0.0023801825
0.0
0.0023762984
0.0023743534
0.0023724062
0.0
0.0
0.0023665533
0.0
0.0
0.0023606822
0.0
0.0
0.0
0.0
0.0023508584
0.0
0.0
0.0
0.0
0.0
0.0
0.0023370232
0.0
0.0
0.0
0.0
0.0
0.0
0.0
0.0
0.0
0.0
0.0
-0.002313089
0.0
0.0
0.0
0.0
0.0
0.0
0.0
0.0
0.002294963
0.0
0.0
0.0
0.0
0.0022848293
0.0
0.0022807634
0.0
0.0
-0.002274651
0.0
0.0
0.0
0.0
0.0
0.0
0.0
0.0
0.0022562195
0.0022541627
0.0022521045
0.0
0.0
0.0
0.002243854
0.0044835745
0.0022397188
0.004475297
0.0
0.0022335032
0.0
0.0
0.0
0.0
0.004446221
0.0
0.004437884
0.00443371
0.0
0.004425354
0.0
0.0
0.0
0.0
0.0
0.0
0.0
0.0
0.0
0.0021916889
0.0
0.0
0.0
0.0
0.0021811358
0.0
0.0
0.0021747854
0.0
0.0
0.0021684214
0.0
0.002164171
0.0021620435
0.0
0.0
0.0
0.0
0.0
0.0
0.0
0.0021449707
0.0
0.0
0.0
-0.002136399
0.0
0.0
0.0
0.0
0.0
0.0
0.0
0.0
0.0
0.0
0.0
0.0
0.0
0.0
0.0021040535
0.0
0.0
0.0
0.0
0.0
0.0
0.0
0.0
0.0
0.0
0.0
0.0
0.0
0.0
0.0
0.0
0.0
0.0
-0.0020626453
0.0
0.0
0.0
0.0
0.0
0.0
0.0
0.0
-0.0020428693
-0.0020406658
-0.0020384612
-0.0020362553
-0.0020340483
-0.00203184
-0.0020296304
-0.0020274199
0.0
0.0
-0.0020207807
-0.0020185653
-0.0020163488
-0.0020141313
0.0
0.0
0.0
-0.002005249
-0.0020030257
0.0
0.0
-0.0019963488
-0.0019941211
0.0
-0.0019896622
0.0
0.0
-0.0019829655
0.0
-0.0019784956
0.0
0.0
0.0
0.0
-0.0019673028
0.0
-0.0019628182
-0.0019605744
0.0
-0.0019560836
-0.0019538368
0.0
0.0
0.0
0.0
-0.0019425874
-0.0019403347
-0.0019380808
0.001935826
0.0
0.0
0.0019290559
0.0
0.0019245378
0.0
0.0
-0.0019177536
-0.0019154903
0.0
0.0
0.0
0.0019064281
0.0019041602
-0.0019018917
-0.001899622
0.0
0.0
0.001892808
0.001890535
0.0018882611
0.0
0.0
-0.0018814342
-0.0018791569
0.0
-0.0018745998
-0.0018723201
-0.0018700395
0.001867758
0.0
0.0018631929
0.0
0.0
-0.001856339
-0.0018540529
-0.001851766
-0.0018494782
0.0
-0.0018449007
-0.0018426107
-0.00184032
0.0
-0.0018357363
-0.0018334434
0.0018311498
-0.0018288554
-0.0018265604
-0.0018242645
-0.0018219681
0.0
0.0
0.0018150745
0.0
0.0
0.0
0.0
-0.0018035716
0.0018012691
0.0
0.0
0.0017943576
-0.0017920524
0.0
0.0
0.0017851334
-0.0017828258
-0.0017805176
0.0
0.0017758994
0.0017735894
0.0017712789
0.0017689677
0.0
0.0017643437
0.0
0.0017597175
0.0
0.0
0.0017527741
0.0017504585
0.0017481424
0.0
0.0017435086
0.001741191
0.0
0.0017365542
0.0017342351
0.0017319154
0.0
-0.0017272747
0.0017249536
0.0
0.0
0.0017179876
0.0017156648
0.0017133413
0.0
0.0017086933
0.0
0.0
0.001701718
0.0
0.0
0.0
0.0016924118
0.0016900843
0.0016877564
0.0
0.0016830994
0.0
0.001678441
0.0016761112
0.0016737811
0.0
0.0016691198
0.0016667887
0.0016644573
0.0016621253
-0.0016597933
0.0016574608
0.0016551281
0.0
0.0
-0.001648128
0.0
0.0016434599
0.0016411254
-0.0016387906
-0.0016364555
0.0
0.0016317847
0.0
0.0016271129
0.0
-0.0016224402
0.0
-0.0016177665
0.0016154293
0.0
0.0016107543
0.0016084164
0.0
0.0
-0.001601402
0.0
0.0
0.0015943858
0.0
-0.0015897077
0.0015873683
-0.0015850288
-0.0015826892
0.0015803494
-0.0015780096
0.0
-0.0015733294
0.0
0.0015686488
0.0015663084
0.0015639679
0.0015616273
0.0015592865
-0.0015569457
0.0015546049
0.001552264
0.001549923
0.0015475819
0.0015452408
0.0030857993
0.0015405584
0.0015382172
0.001535876
0.0015335347
0.0015311934
0.0015288522
0.0015265108
-0.0015241695
0.0015218282
0.0015194869
0.0015171455
0.0030296086
0.0015124631
0.0030202437
0.0015077807
0.0015054396
0.0015030985
0.0015007575
0.002996833
0.0014960757
0.0014937348
0.0014913941
0.0014890534
0.0014867128
0.0
0.0014820319
0.0
0.0014773514
0.0014750113
0.0
0.0
0.001467992
0.0
0.0
0.0014609736
0.0
-0.0014562956
0.0
0.0
-0.0014492797
0.0014469415
0.0
0.0014422656
0.0014399278
0.0
0.0
0.001432916
-0.0014305791
-0.0014282425
0.0014259062
0.00142357
0.0
0.0014188983
0.0014165629
-0.0014142278
0.0
0.0014095583
0.0
0.0014048899
0.0014025561
0.0014002225
-0.0013978893
0.0013955565
0.0013932239
0.0
0.0013885596
0.0
0.0013838967
0.0
0.0
0.0
0.0
0.0
0.0
0.0
0.0
0.0013629305
0.0
0.0013582754
0.0013559485
0.0
0.0
0.0
0.0
0.0
0.0
0.0
0.0
0.0
0.0
0.0
0.0
0.0013257368
0.0013234159
0.0013210955
0.0013187756
0.0013164562
0.0013141374
0.0
0.001309501
0.0
0.0
0.0
0.0
0.0
0.0
0.0012932903
0.0
0.0
0.0
0.0
0.0
0.0
0.0
0.0
0.0
0.0
0.0
0.0
0.0
0.0
0.0
0.0
0.0
0.0
0.0
0.0
-0.0012448267
-0.0012425258
0.0
-0.001237926
0.0
0.0
0.0
0.0
0.0
0.0
0.0
0.0
-0.001217261
0.0
-0.0012126766
0.0
0.0
0.0
0.0
0.0
0.0
0.0
0.0
-0.0011920842
0.0
0.0
-0.0011852339
0.0
0.0
-0.0011783909
0.0
0.0
0.0
0.0
0.0
0.0
0.0
0.0
0.0
0.0
0.0
0.0
0.0
0.0
0.0
0.0
0.0
0.0
0.0
0.0
0.0
0.0
0.0
-0.0011239242
0.0
-0.0011194089
-0.0022343053
0.0
0.0
-0.0011103898
0.0
0.0
0.0
0.0
0.0
0.0
0.0
-0.0010923989
0.0
0.0
0.0
0.0
0.0
0.0
-0.0021534208
0.0
0.0
0.0
0.0
0.0
0.0
0.0
0.0
0.0
0.0
0.0
0.0
0.0
-0.0010454906
0.0
0.0
0.0
0.0
0.0
-0.0010321777
0.0
-0.0010277494
0.0
0.0
0.0
0.0
0.0
0.0
-0.0010122872
0.0
0.0
0.0010056787
0.0
0.0
0.0
0.0
0.0
0.0
0.0
0.0
0.0
0.0
0.0
0.0
0.0
9.749866E-4
0.0
0.0
9.684423E-4
0.0
9.64086E-4
0.0
0.0
9.575615E-4
0.0
9.532185E-4
0.0
0.0
0.0
0.0
0.0
0.0
0.0
-9.3590084E-4
0.0
-9.315852E-4
0.0
9.272752E-4
9.251223E-4
0.0
9.2082075E-4
9.1867207E-4
0.0
9.143791E-4
0.0
9.1009185E-4
0.0
0.0
9.036719E-4
0.0
8.993992E-4
8.9726516E-4
0.0
0.0
0.0
8.887435E-4
0.0
0.0
8.82368E-4
0.0
0.0
0.0
8.738886E-4
8.717726E-4
8.696581E-4
0.0
0.0
8.633239E-4
0.0
8.591089E-4
8.570038E-4
8.549002E-4
0.0
8.506978E-4
8.48599E-4
8.465018E-4
8.4440614E-4
8.423121E-4
8.402197E-4
8.3812897E-4
8.360398E-4
8.339522E-4
0.0
0.0
0.0
0.0
0.0
0.0
0.0
0.0
0.0
0.0
0.0
0.0
0.0
0.0
0.0
0.0
0.0
0.0
-7.946039E-4
0.0
-7.904975E-4
7.88447E-4
-7.8639813E-4
-7.84351E-4
0.0
0.0
7.782202E-4
0.0
7.7414175E-4
7.7210524E-4
0.0
0.0
0.0
7.639768E-4
7.6194917E-4
0.0
7.5789925E-4
0.0
0.0
7.5183803E-4
-7.4982125E-4
0.0
7.457932E-4
0.0
0.0
-7.397649E-4
-7.3775917E-4
0.0
0.0
0.0
0.0
0.0
0.0
-7.237712E-4
0.0
0.0
0.0
0.0
0.0
0.0
-7.098758E-4
0.0
0.0
0.0
-7.0197775E-4
0.0
0.0
0.0
0.0
0.0
6.901889E-4
0.0
0.0
0.0
0.0
-6.804189E-4
-6.784709E-4
0.0
-6.745808E-4
-6.7263877E-4
-6.7069876E-4
0.0
0.0
0.0
0.0
0.0
0.0
0.0
0.0
0.0
0.0
0.0
0.0
0.0
0.0
6.4184243E-4
0.0
6.3803E-4
0.0
-6.342259E-4
0.0
0.0
6.285355E-4
0.0
6.247525E-4
0.0
0.0
0.0
0.0
0.0
0.0
0.0
-6.097056E-4
0.0
0.0
0.0
-6.0223375E-4
-6.0037116E-4
-5.9851084E-4
-5.966527E-4
-5.947967E-4
-5.929429E-4
0.0
0.0
0.0
0.0
0.0
-5.818664E-4
-5.800281E-4
-5.78192E-4
-5.763581E-4
0.0
-5.726971E-4
0.0
0.0
-5.672224E-4
0.0
-5.635839E-4
0.0
0.0
-5.5814313E-4
0.0
-5.5452733E-4
-0.0011054458
-5.5092067E-4
-5.491208E-4
-5.473232E-4
-5.4552796E-4
0.0
0.0
0.0
0.0
0.0
0.0
0.0
0.0
0.0
0.0
0.0
0.0
0.0
0.0
0.0
0.0
-5.1536475E-4
0.0
5.1186094E-4
-5.101126E-4
0.0
0.0
-5.04882E-4
0.0
5.0140696E-4
-4.996731E-4
0.0
0.0
0.0
0.0
0.0
4.893205E-4
0.0
0.0
0.0
0.0
0.0
0.0
0.0
0.0
0.0
-4.7226183E-4
0.0
0.0
4.671924E-4
0.0
0.0
0.0
4.6046812E-4
4.587933E-4
4.57121E-4
0.0
4.5378396E-4
0.0
0.0
0.0
0.0
4.4548558E-4
4.4383353E-4
4.42184E-4
4.4053706E-4
0.0
0.0
0.0
0.0
0.0
4.3070907E-4
0.0
0.0
4.2582984E-4
0.0
0.0
0.0
4.1936047E-4
0.0
0.0
4.1453578E-4
4.129328E-4
0.0
0.0
0.0
4.0654704E-4
0.0
0.0
4.0178536E-4
4.0020343E-4
3.9862416E-4
3.9704752E-4
3.9547356E-4
3.9390224E-4
3.923336E-4
3.9076761E-4
0.0
0.0
3.8608574E-4
0.0
0.0
3.8142802E-4
0.0
-3.7833632E-4
3.7679455E-4
-3.7525545E-4
0.0
0.0
-3.7065445E-4
0.0
-3.6760073E-4
-3.6607796E-4
0.0
0.0
3.61526E-4
3.6001418E-4
0.0
0.0
0.0
3.539943E-4
3.5249625E-4
3.5100093E-4
0.0
0.0
3.465316E-4
0.0
3.4356592E-4
3.4208727E-4
3.4061138E-4
0.0
3.37668E-4
0.0
0.0
0.0
3.3181484E-4
0.0
-3.2890512E-4
0.0
-3.2600667E-4
0.0
0.0
0.0
3.2024368E-4
0.0
-3.1737922E-4
0.0
0.0
0.0
0.0
0.0
3.0885419E-4
0.0
0.0
0.0
0.0
0.0
3.004323E-4
0.0
0.0
0.0
0.0
2.934934E-4
0.0
0.0
0.0
0.0
0.0
2.8526245E-4
0.0
2.8254214E-4
2.811864E-4
0.0
2.7848364E-4
2.7713669E-4
0.0
2.7445157E-4
2.7311343E-4
0.0
0.0
0.0
0.0
2.6646708E-4
0.0
0.0
2.625148E-4
5.2240666E-4
0.0
5.171786E-4
0.0
0.0
0.0
0.0
0.0
0.0
0.0
0.0
0.0
4.9139746E-4
4.888524E-4
0.0
0.0
0.0
0.0
4.7621765E-4
0.0
0.0
0.0
0.0
0.0
0.0
0.0
0.0
0.0
0.0
0.0
0.0
0.0
0.0
0.0
0.0
0.0
2.159966E-4
0.0
0.0
0.0
0.0
0.0
0.0
2.0766631E-4
2.0648866E-4
0.0
2.0414268E-4
0.0
0.0
0.0
0.0
0.0
0.0
0.0
0.0
-3.8748028E-4
-3.851999E-4
0.0
-3.8065796E-4
-3.7839642E-4
-3.761412E-4
-3.7389225E-4
0.0
0.0
0.0
0.0
0.0
0.0
0.0
0.0
0.0
0.0
0.0
1.736991E-4
0.0
0.0
0.0
0.0
0.0
1.6724721E-4
0.0
-1.6512215E-4
1.6406442E-4
0.0
0.0
0.0
0.0
-1.5882392E-4
0.0
0.0
0.0
0.0
0.0
0.0
-1.5162246E-4
0.0
1.4959398E-4
0.0
0.0
0.0
0.0
0.0
0.0
-1.425965E-4
-1.4160988E-4
-1.4062651E-4
-1.3964639E-4
-1.3866955E-4
-1.3769597E-4
-1.3672565E-4
-1.3575862E-4
-1.3479484E-4
0.0
0.0
0.0
0.0
0.0
0.0
1.2814028E-4
1.2720277E-4
0.0
-1.2533764E-4
0.0
-1.2348569E-4
0.0
1.2164696E-4
0.0
1.19821445E-4
-1.1891366E-4
1.1800918E-4
0.0
-1.1621017E-4
1.1531563E-4
0.0
0.0
1.12651986E-4
0.0
0.0
-1.1001828E-4
0.0
-1.08279135E-4
-1.0741457E-4
-1.0655334E-4
-1.0569546E-4
-1.0484092E-4
-1.0398972E-4
1.0314187E-4
-1.02297374E-4
0.0
0.0
0.0
0.0
0.0
0.0
0.0
0.0
0.0
0.0
9.322953E-5
-9.2425376E-5
0.0
0.0
0.0
0.0
0.0
0.0
0.0
-8.6113825E-5
-8.5340114E-5
0.0
0.0
0.0
8.2279206E-5
8.152247E-5
0.0
-8.001921E-5
0.0
7.8529556E-5
0.0
7.705353E-5
7.632064E-5
0.0
0.0
0.0
0.0
7.270739E-5
0.0
0.0
0.0
0.0
0.0
0.0
0.0
-6.710419E-5
0.0
0.0
0.0
0.0
0.0
0.0
-6.238167E-5
-6.1720784E-5
-6.106336E-5
-6.0409377E-5
0.0
0.0
-5.846814E-5
0.0
0.0
0.0
0.0
0.0
-5.4678985E-5
-5.4059572E-5
-5.3443626E-5
-5.2831147E-5
-5.2222134E-5
0.0
5.1014522E-5
0.0
0.0
0.0
0.0
0.0
0.0
-4.6897323E-5
0.0
0.0
-4.5185014E-5
4.4621214E-5
0.0
0.0
0.0
-4.24009E-5
0.0
0.0
4.0772335E-5
0.0
0.0
-3.9175233E-5
0.0
0.0
0.0
0.0
-7.316684E-5
-3.6075573E-5
0.0
-3.50704E-5
0.0
3.4079265E-5
-3.3588964E-5
-3.310218E-5
-3.2618907E-5
-3.2139153E-5
0.0
-3.119019E-5
-6.144198E-5
-3.0255305E-5
0.0
0.0
0.0
0.0
0.0
-2.7535194E-5
-2.7094182E-5
-2.66567E-5
0.0
0.0
0.0
-2.4942075E-5
0.0
0.0
0.0
0.0
0.0
0.0
2.2077566E-5
2.1682503E-5
0.0
2.0903006E-5
2.051857E-5
2.013768E-5
3.952067E-5
3.877307E-5
0.0
1.8649576E-5
3.6572837E-5
1.7926812E-5
1.7570754E-5
1.7218248E-5
1.6869293E-5
1.6523893E-5
1.6182044E-5
0.0
1.5509011E-5
0.0
1.4850202E-5
1.4526133E-5
0.0
1.3888671E-5
1.3575279E-5
1.3265448E-5
1.2959177E-5
1.2656468E-5
1.2357323E-5
1.2061741E-5
1.1769722E-5
0.0
-1.119638E-5
0.0
0.0
-1.0363114E-5
0.0
-9.825441E-6
0.0
0.0
0.0
8.792934E-6
8.543734E-6
0.0
-8.056054E-6
0.0
0.0
0.0
0.0
6.8993963E-6
0.0
6.4617625E-6
0.0
0.0
5.8321425E-6
0.0
5.430288E-6
-5.2347305E-6
0.0
4.854355E-6
-4.6695386E-6
-4.4883036E-6
0.0
-4.1365797E-6
-3.9660918E-6
0.0
-3.635865E-6
0.0
-6.639947E-6
-3.1674044E-6
0.0
0.0
-2.7312085E-6
0.0
-2.4583405E-6
0.0
2.1998192E-6
2.075939E-6
3.911293E-6
0.0
0.0
0.0
0.0
0.0
0.0
0.0
-1.1224888E-6
-1.0344957E-6
0.0
-8.6927935E-7
0.0
-1.4368491E-6
-1.2967662E-6
0.0
0.0
0.0
-4.041277E-7
-3.5204212E-7
-3.0354812E-7
-2.5864583E-7
-2.1733533E-7
-1.796167E-7
0.0
1.14955505E-7
0.0
-6.466283E-8
-4.4904837E-8
-2.8739146E-8
-1.6165792E-8
-7.1848034E-9
-1.796202E-9
-0.0
