0.16764052
0.14236769
0.07590382
0.21945956
0.6116822
0.57793427
0.18385811
0.18267801
0.35852212
0.28959072
0.124097
0.3326342
0.30839875
0.507822
0.10519687
0.2774918
0.9153938
1.0891249
0.76445717
0.18800388
0.43247995
0.2954686
0.30102438
0.79776776
0.8676216
0.43329543
0.7757528
0.817713
0.530243
0.5372621
0.54237485
0.19959052
0.43228114
0.6595052
0.29264233
0.69795823
0.22240902
0.5677046
0.46302125
0.41108024
0.24824212
0.3668345
0.31545866
0.5798253
0.4586409
0.6144643
0.8775968
0.8905076
0.48016703
0.3261273
0.32725045
0.58789355
0.44853035
0.77267677
1.004593
0.19771379
0.3220931
0.30700105
0.35162538
0.0982401
0.2973528
0.21066208
0.42360768
0.6832418
0.36828366
0.08771722
0.123443305
0.14777228
0.2116434
0.2425511
0.3360336
0.39454314
0.26522228
0.27275404
0.51449895
0.62280893
0.29860115
0.12211655
0.10357718
0.13989715
0.17067857
0.28993705
0.28294685
0.37730977
0.41867438
0.2607985
0.13196993
0.4109507
0.6462778
0.576129
0.28501615
0.3578109
0.5028178
0.5814551
0.49468005
0.25772947
0.35453972
0.4604408
0.21094279
0.26057094
0.15587151
0.08368936
0.18908985
0.33601698
0.15222672
0.17676759
0.27553952
0.23032185
0.32778522
0.21182756
0.3400173
0.45077276
0.36807632
0.18515061
0.18556051
0.06976142
0.10819375
0.22371535
0.25712898
0.15560322
0.064105295
0.025003482
0.041723553
0.06544308
0.053701192
0.18000355
0.14348322
0.12965225
0.32259616
0.31847885
0.2928452
0.15239295
0.07716891
0.18341953
0.018581288
0.24467658
0.13633585
0.117918134
0.19913211
0.13610491
0.13186964
0.2137177
0.22641274
0.17743213
0.13090128
0.17194107
0.2765514
0.359777
0.14552611
0.15337907
0.14763269
0.11774338
0.21418002
0.24351525
0.12762149
0.08109492
0.07426848
0.11411435
0.02848132
0.113946885
0.12050592
0.06933942
0.111016184
0.19382474
0.17182855
0.09123452
0.10871696
0.21943015
0.17090464
0.25229275
0.1958493
0.16009793
0.27491674
0.18095765
0.012033447
0.05092269
0.23506202
0.40283287
0.28487548
0.07679294
0.343709
0.32241094
0.037824586
0.024452467
0.24640204
0.25541726
0.094699465
0.024966648
0.19682011
0.11245901
0.051523183
0.065306105
0.17684196
0.09350455
0.1594687
0.13604856
0.1210749
0.109784625
0.16798732
0.14435682
0.07880056
0.16646332
0.14013335
0.03501901
0.23460484
0.33830798
0.2619642
0.09698797
0.2566405
0.28921843
0.26137218
0.30811018
0.1472787
0.10930144
0.043608785
0.11098008
0.112235725
0.13847348
0.095741875
0.13715935
0.05319189
0.10137772
0.1695957
0.21846361
0.06380841
0.05127548
0.07520578
0.1666843
0.26706722
0.17448613
0.13615121
0.017499562
0.07779177
0.046892777
0.121645875
0.043688357
0.037381515
0.12889151
0.17814389
0.030093329
0.18154845
0.107362315
0.18316117
0.087676495
0.10273058
0.042839967
0.05723283
0.087421894
0.04458221
0.20300226
0.1283102
0.12320426
0.0719651
0.10952299
0.1113096
0.10501998
0.0960596
0.0839449
0.014768617
0.14504494
0.08388218
0.068108685
0.12552303
0.20922029
0.27222687
0.2055046
0.09061578
0.09946103
0.19046399
0.06887121
0.15186432
0.10823652
0.10755627
0.1891808
0.1142389
0.081592575
0.16329019
0.13583213
0.0623297
0.07956264
0.020388795
0.07769699
0.028112398
0.059261072
0.045025807
0.07916436
0.12720865
0.15504509
0.030984135
0.0691584
0.031484604
0.167368
0.10734868
0.11779354
0.1073932
0.046924207
0.05377612
0.09554325
0.090837896
0.14831066
0.14805928
0.16352159
0.29373303
0.07874327
0.16430543
0.16919774
0.10023714
0.03826445
0.09722848
0.24098308
0.19909115
0.19976
0.17230065
0.027590174
0.099033
0.13432464
0.15673557
0.036694974
0.2503277
0.21268515
0.09407341
0.08129663
0.14639482
0.06438525
0.18319714
0.065422356
0.087633274
0.11124007
0.18852347
0.044290934
0.022428127
0.07788747
0.06375715
0.06627568
0.10451168
0.17867266
0.24721044
0.084410936
0.040556114
0.053681973
0.11998693
0.06371142
0.11069394
0.096345805
0.07440134
0.16595061
0.18414187
0.13688634
0.11876579
0.19418518
0.1921346
0.048893258
0.12427477
0.19483387
0.21173579
0.11984835
0.022178197
0.017652638
0.09600999
0.06880986
0.062104598
0.012122527
0.0834655
0.05774421
0.12149596
0.18188804
0.13884822
0.15023361
0.06639744
0.11559911
0.1249559
0.037106503
0.08539158
0.0896548
0.03481781
0.054606948
0.07464293
0.036350224
0.17556438
0.19651952
0.15442027
0.10809504
0.07473903
0.0379444
0.11578192
0.18846576
0.23185459
0.23342153
0.18416181
0.04935407
0.12546799
0.06822669
0.05388052
0.06649201
0.0669846
0.07961334
0.060902428
0.121227264
0.110033266
0.06282911
0.043233544
0.17791592
0.09056103
0.14047782
0.13086435
0.0788096
0.103399396
0.22758792
0.13245487
0.112268254
0.08219374
0.04206551
0.11558433
0.23611747
0.10645984
0.13587949
0.20385171
0.21252267
0.2294992
0.36762246
0.17090683
0.10814939
0.04003087
0.11806664
0.12528063
0.07532954
0.10036119
0.19577454
0.21194875
0.17649391
0.09229585
0.1658035
0.2967768
0.053694196
0.16611908
0.28512853
0.24719186
0.17125767
0.18257369
0.11487564
0.075873405
0.16519889
0.15027332
0.08936716
0.18319331
0.24338719
0.20211679
0.1411326
0.09915929
0.07540646
0.054339703
0.11019482
0.14947242
0.16596928
0.19100443
0.19642495
0.12730686
0.15375933
0.28716078
0.2415998
0.1951489
0.22561522
0.2595045
0.2180694
0.18220934
0.100572824
0.188056
0.085003816
0.13457271
0.2306888
0.18113025
0.17138354
0.2294839
0.17008525
0.27782714
0.22578886
0.22113894
0.23941594
0.1489599
0.18790008
0.14591773
0.17382722
0.25377652
0.080792665
0.050929137
0.117445536
0.24271792
0.1706636
0.041262336
0.11495
0.10424792
0.10611649
0.054282177
0.020503003
0.08828321
0.110201694
0.23387651
0.07860705
0.18813883
0.18189432
0.072249904
0.08853886
0.040294107
0.10658225
0.062292192
0.15073963
0.06290249
0.016736554
0.103623725
0.105276376
0.06460962
0.21203448
0.28534916
0.16995272
0.27570543
0.20403148
0.30030423
0.14861402
0.124011025
0.0889828
0.21111332
0.22802533
0.06832834
0.16871452
0.21145737
0.23003134
0.26366723
0.16449125
0.12256411
0.14168237
0.2203248
0.30532783
0.26725927
0.23503159
0.056436542
0.038199004
0.13040756
0.11493513
0.27499554
0.34917313
0.01957788
0.17976972
0.18434976
0.14568785
0.1911282
0.41878843
0.33719352
0.21952595
0.054587588
0.20254412
0.35139653
0.3090793
0.17567359
0.27680567
0.24665752
0.50310725
0.36481822
0.20378138
0.3949601
0.34467527
0.23757799
0.086524665
0.1894974
0.16575243
0.34229597
0.28104338
0.25748608
0.11233813
0.1838118
0.51772434
0.38514736
0.3389582
0.41020417
0.26281413
0.0911803
0.21066007
0.030058265
0.1590043
0.38844198
0.6680754
0.35364386
0.25167802
0.1151611
0.060321633
0.012183597
0.23506545
0.093737334
0.32657173
0.37084818
0.1991811
0.38610244
0.3774318
0.28075457
0.32823968
0.24157481
0.1638897
0.13889205
0.20020005
0.15350044
0.45086464
0.8224665
0.4051885
0.4700816
0.30229157
0.33294287
0.69803494
0.28630066
0.4815186
0.48146102
0.73303086
0.4987784
0.22519554
0.2255034
0.6475736
0.9233415
1.044654
0.34269258
0.38424936
0.6467444
0.16259964
0.5477255
0.749905
0.5618194
0.19729063
0.13952915
0.18525098
0.64433813
0.7635466
0.35229746
0.3808321
0.3524745
0.6874283
0.37820515
0.78074723
0.44423136
0.19557372
0.27959782
0.2991858
0.14403959
0.15343527
0.4343171
0.53179693
0.26968408
0.19814481
0.35695657
0.9506585
0.4011879
0.5585267
0.5610099
0.3377746
0.25791565
0.3209647
0.21610406
0.412185
0.16066048
0.45802796
0.23625854
0.30924526
0.7058528
0.4904061
0.38649336
0.9034493
0.74681765
0.1606566
0.3071817
0.19810128
0.40004247
0.09415945
0.1880392
0.41614303
0.4044805
0.078035496
0.33890054
0.4462164
0.26662177
0.6356162
0.4116076
0.22176929
0.20105676
0.13460937
0.25170934
0.05237578
0.39945453
0.41554207
0.20557679
0.14336212
0.04373923
0.46363145
0.33075646
0.10846394
0.12447319
0.05635045
0.26604214
0.37522665
0.18591182
0.08025464
0.2420622
0.110909514
0.3053376
0.42999876
0.36723554
0.39459234
0.2680168
0.08440933
0.30198386
0.42483702
0.48528147
0.3432553
0.112064466
0.023566218
0.08833852
0.21159562
0.20839825
0.08188501
0.0396918
0.1774964
0.27131248
0.36566213
0.346236
0.1715452
0.23748016
0.13888633
0.117348
0.038478114
0.07129512
0.16167939
0.32569343
0.31245643
0.048852287
0.102345526
0.11033635
0.24758074
0.10748889
0.113642216
0.06542551
0.06481069
0.0888159
0.031190254
0.07989611
0.23788847
0.2836658
0.11111602
0.0037170865
0.029665276
0.105423704
0.07368635
0.11582955
0.095759705
0.10642928
0.12398032
0.04214766
0.09996412
0.06108269
0.025400942
0.18467103
0.25501862
0.064276695
0.09883811
0.040913
0.10368463
0.08760134
0.06334538
0.09754139
0.07996822
0.07338379
0.08503655
0.056054365
0.12187783
0.18713106
0.087116845
0.1898004
0.24836709
0.14307812
0.09697465
0.15490848
0.14543223
0.04532143
0.16181526
0.17364146
0.06265905
0.15409
0.14697345
0.11315025
0.07396565
0.060420044
0.12700546
0.13093463
0.07450709
0.06533955
0.041092396
0.04899719
0.033482056
0.07161962
0.09251216
0.118855454
0.115080304
0.050012395
0.031908058
0.054416645
0.035798967
0.036664695
0.08283361
0.14281678
0.12753467
0.0127507085
0.050071593
0.12208037
0.08572188
0.08486312
0.1425384
0.06481171
0.18794797
0.16960222
0.08614521
0.12875742
0.064313225
0.05620925
0.06579668
0.14054434
0.0436491
0.06375136
0.03615349
0.07561864
0.08102578
0.06666459
0.08270065
0.14181487
0.10146091
0.033445492
0.09397946
0.023352869
0.105752304
0.05596362
0.12860443
0.0744084
0.107130624
0.13137211
0.048760545
0.101471394
0.04752755
0.019905461
0.08987607
0.10655795
0.048363212
0.08441863
0.09304454
0.098714866
0.15192682
0.14162718
0.07969055
0.058179528
0.06421151
0.049330596
0.041617956
0.0418622
0.10263207
0.07737437
0.035639666
0.0513867
0.09036143
0.070713274
0.043427914
0.06128706
0.0544412
0.046431664
0.025029115
0.05751264
0.078798376
0.047944423
0.041508015
0.058332942
0.06064281
0.021169227
0.07480751
0.007899373
0.023949848
0.06538223
0.006280244
0.10252156
0.18662524
0.1806379
0.0068023866
0.09312433
0.024575485
0.07543227
0.048291072
0.10771901
0.07827372
0.060152844
0.077607535
0.09142862
0.13213378
0.057801813
0.03708544
0.042709682
0.040033236
0.030504921
0.10258549
0.09825188
0.035343893
0.022299567
0.04564778
0.055326987
0.052365724
0.03367069
0.102476925
0.10417936
0.052801635
0.059242696
0.14410819
0.12515052
0.05842163
0.05802922
0.13533534
0.1114435
0.06833249
0.1370478
0.074876316
0.033209197
0.055409886
0.038969666
0.052914377
0.08834963
0.10100027
0.033543892
0.12887137
0.14295618
0.074334085
0.045135897
0.13194841
0.088672124
0.08075799
0.13607313
0.027279364
0.0709797
0.030380571
0.032148574
0.09344017
0.14242885
0.16146806
0.14116567
0.11147056
0.061144136
0.04075046
0.13049486
0.11423586
0.13362525
0.13183367
0.069715716
0.09459404
0.09695291
0.05207059
0.028020283
0.04099719
0.048513763
0.09578504
0.041455977
0.030878535
0.023414856
0.10343562
0.10120394
0.01886029
0.046549115
0.069478035
0.023482159
0.02314659
0.042704653
0.0301102
0.040406343
0.021465357
0.057168968
0.040256847
0.03254099
0.032451704
0.051309407
0.032890722
0.05880034
0.13487352
0.16394214
0.06067718
0.11212234
0.113725595
0.04124182
0.020027846
0.046135023
0.05037391
0.13912055
0.0488814
0.0408507
0.055849854
0.06443543
0.040447168
0.04224988
0.08867895
0.085498005
0.056379467
0.038128622
0.05549634
0.085943334
0.06290845
0.090351
0.06656932
0.10891604
0.08726501
0.0933757
0.18711285
0.11415509
0.045599923
0.019573843
0.012254669
0.049539514
0.05072029
0.046688914
0.025244866
0.03737686
0.078222305
0.09896939
0.045876514
0.020462861
0.0465404
0.092744775
0.112194665
0.03481003
0.08426753
0.06484776
0.09028102
0.13669741
0.10626794
0.03773388
0.074522495
0.07460973
0.06932455
0.07547648
0.0112792
0.020715237
0.03328188
0.02883508
0.06864286
0.0970657
0.07457734
0.062787324
0.013889486
0.026444174
0.034224436
0.059197184
0.110898286
0.09461545
0.05775021
0.071761936
0.079024136
0.087522544
0.12087853
0.036211867
0.049821403
0.011071949
0.0030393882
0.087105036
0.10766266
0.13061565
0.076365255
0.05312449
0.020864343
0.05391849
0.10543394
0.12879089
0.08313436
0.10336284
0.036095805
0.11738445
0.10460628
0.07419089
0.050391316
0.07106106
0.03366783
0.078048475
0.09644333
0.022345312
0.021130117
0.06492714
0.108726
0.055729266
0.01447529
0.12443959
0.20470874
0.1239194
0.08384237
0.21791835
0.16824389
0.034384403
0.030761471
0.033659544
0.047326002
0.044724043
0.05542053
0.021596262
0.103370264
0.12586328
0.07724555
0.021120925
0.13736191
0.06516856
0.17544356
0.11307252
0.03716212
0.023439124
0.09654492
0.05184068
0.059071068
0.0195869
0.12856798
0.16539453
0.107268505
0.07222218
0.0895339
0.0531134
0.06964153
0.035096668
0.09111266
0.16283712
0.11294989
0.05146601
0.041329477
0.039841257
0.04460629
0.0037598158
0.0722714
0.13364208
0.1135713
0.14692944
0.14611363
0.0798072
0.0758221
0.15894538
0.06006935
0.13080028
0.20815085
0.17132883
0.07800085
0.1349177
0.18100898
0.10650283
0.08367702
0.06923167
0.13483903
0.10492116
0.052575182
0.095513865
0.026538324
0.03362479
0.09760563
0.096736
0.02890393
0.085998364
0.08692168
0.05995827
0.12466717
0.14117013
0.14517172
0.13319084
0.09494093
0.030713243
0.06907339
0.05804614
0.0787384
0.09121571
0.12423831
0.07448718
0.12840292
0.11937853
0.06512449
0.086580515
0.15522642
0.105045095
0.06015337
0.07881189
0.055872656
0.04849145
0.03621209
0.098180905
0.08592562
0.09353367
0.10842355
0.09116713
0.071597636
0.12385155
0.108647294
0.07481699
0.022992304
0.11583068
0.10706512
0.025292184
0.04012794
0.0013880925
0.10886328
0.10635295
0.033836745
0.08057577
0.08571637
0.017431736
0.07683915
0.10655776
0.08121574
0.10679783
0.07041596
0.051484525
0.15114458
0.10744724
0.058655668
0.14058563
0.09766584
0.09839252
0.12673278
0.04611444
0.16254607
0.070442125
0.057122756
0.09339199
0.08031068
0.022281881
0.09493997
0.09421943
0.0393025
0.069924794
0.057017095
0.12604778
0.12455866
0.091973476
0.035691414
0.0856079
0.095080346
0.049940567
0.08341503
0.0856679
0.04819799
0.15339564
0.086305
0.09497839
0.04353055
0.049871076
0.08758861
0.01765065
0.1022046
0.05365204
0.01828951
0.06578631
0.11110573
0.10750145
0.06382934
0.07565932
0.042860378
0.045851216
0.07360366
0.1380429
0.096990556
0.07746839
0.04736789
0.12665504
0.19524868
0.22143693
0.18695618
0.08168279
0.1358815
0.0948991
0.07837983
0.08387417
0.14426118
0.07172609
0.05648145
0.06073614
0.13419075
0.06357915
0.101243824
0.1278457
0.05864898
0.039281294
0.023346104
0.049660586
0.11335113
0.10739862
0.021773547
0.05519206
0.1174552
0.16213584
0.059835184
0.028479818
0.09157453
0.08532382
0.05634347
0.14174551
0.10377797
0.08227625
0.20256814
0.12251168
0.06705901
0.059262615
0.094150096
0.10137839
0.1161936
0.033519723
0.12688203
0.12910208
0.0876982
0.1005543
0.16512431
0.17554921
0.05684806
0.10253583
0.07480211
0.049966328
0.120344795
0.025042122
0.03780966
0.04935172
0.09324715
0.06321429
0.080888815
0.031224873
0.02746936
0.16888732
0.15403518
0.0824762
0.119007334
0.16042422
0.2646977
0.27060544
0.20920569
0.2188892
0.049028564
0.1215883
0.12254346
0.09472961
0.13693863
0.076776914
0.013367534
0.18153414
0.28045934
0.113139614
0.06199202
0.13198192
0.03234878
0.09771313
0.06498597
0.09170667
0.1440085
0.1889398
0.097298056
0.1703493
0.26046565
0.26723647
0.13695364
0.06593234
0.14765327
0.15472105
0.08436642
0.09966463
0.15829104
0.064387
0.116778
0.16794522
0.028830722
0.11473601
0.14206432
0.16464649
0.05988554
0.22967239
0.088090174
0.12665829
0.1603961
0.05438953
0.038248196
0.12618028
0.24282086
0.238816
0.23927133
0.23337594
0.20338027
0.12163927
0.038416505
0.13426134
0.06820604
0.040209778
0.20272225
0.15374874
0.041904934
0.07423005
0.14372998
0.15768759
0.13752982
0.22679274
0.24610268
0.12197077
0.19582407
0.28038305
0.3378025
0.17857356
0.08869441
0.069266945
0.13809784
0.07004444
0.15459691
0.16452354
0.16907758
0.11390063
0.022658722
0.1601493
0.18665895
0.17370324
0.124065876
0.044087805
0.12682849
0.11945037
0.073198736
0.13933843
0.25674692
0.13222611
0.14131063
0.14809753
0.39641708
0.3060273
0.30637977
0.24301596
0.30485347
0.1423863
0.11722113
0.14652008
0.07395124
0.06558124
0.15365054
0.18335074
0.043632757
0.1542538
0.10168681
0.14157808
0.16587998
0.057125337
0.18733709
0.19045232
0.16816786
0.082687244
0.100480944
0.17529556
0.065162726
0.0572084
0.071033984
0.045947
0.09031646
0.23923257
0.11018816
0.25424427
0.23011595
0.1653615
0.18349889
0.34657648
0.27461204
0.27896824
0.21645762
0.254379
0.21595694
0.27200034
0.20569251
0.19965132
0.052528795
0.10693575
0.09593087
0.10080058
0.091747336
0.18523072
0.110061556
0.2490286
0.14998733
0.34580183
0.3393302
0.112359375
0.21013351
0.17693146
0.20406277
0.06778632
0.18572225
0.25440446
0.25115958
0.263308
0.31230053
0.054193344
0.30523473
0.31107613
0.3348367
0.14142436
0.083824605
0.1723603
0.19877096
0.29748368
0.34650218
0.23410967
0.18952556
0.16230091
0.09711748
0.03592565
0.13709193
0.07244226
0.22915058
0.32220474
0.16524416
0.2359819
0.15664136
0.07469568
0.09228129
0.17315672
0.23253104
0.1833902
0.15719792
0.037337106
0.19321221
0.08415783
0.08012064
0.20025192
0.15234402
0.138755
0.27744827
0.24832597
0.2893927
0.24287592
0.15780891
0.07844879
0.058026854
0.08697813
0.092233784
0.0880869
0.13206618
0.24778347
0.28327084
0.10533633
0.20474747
0.102582075
0.20740516
0.08396523
0.13864404
0.05390914
0.11811249
0.14930674
0.10689111
0.010554112
0.046303667
0.14502418
0.20436968
0.1536012
0.07519195
0.040026274
0.041062094
0.08971743
0.199418
0.07664906
0.062288087
0.2754798
0.28025118
0.188843
0.2736181
0.21140382
0.19243626
0.13121215
0.058799118
0.14374907
0.24000256
0.08622094
0.18772805
0.09378173
0.09000827
0.16538812
0.11224716
0.21499105
0.21613859
0.13643517
0.05397346
0.08220473
0.071888074
0.07087679
0.049007528
0.15571894
0.120670885
0.04066765
0.046126444
0.1039124
0.06205562
0.08831584
0.060888898
0.16638125
0.11393372
0.04792745
0.069589525
0.073746115
0.19709767
0.33304718
0.21332364
0.06537351
0.12682395
0.098215684
0.031857453
0.08297389
0.06770236
0.032473672
0.10350779
0.22240151
0.14675155
0.095031604
0.10647505
0.07548729
0.111096986
0.09114867
0.06724801
0.033618268
0.025141612
0.07460966
0.0589659
0.08714789
0.058078334
0.058066357
0.104015216
0.10790871
0.1347433
0.18507026
0.20810828
0.105857864
0.06847576
0.016997792
0.10979691
0.116822004
0.049148273
0.10939545
0.1212426
0.03708114
0.12336563
0.24458565
0.17575774
0.073171645
0.035467684
0.07445972
0.0434157
0.113676734
0.12770727
0.077593856
0.13700642
0.034893412
0.014703526
0.093764365
0.049976237
0.076677114
0.053937778
0.012763209
0.040388346
0.041291397
0.019982984
0.07796309
0.10018886
0.0633623
0.097103864
0.07906106
0.061174188
0.05975392
0.037847977
0.069732495
0.08137304
0.0468617
0.023289723
0.035905432
0.06752518
0.12196636
0.14938411
0.089041285
0.074350074
0.041134786
0.13969623
0.1495299
0.103230864
0.05335161
0.053910706
0.02772997
0.06651821
0.121215686
0.14239246
0.1263334
0.10843724
0.039900932
0.07706695
0.10552686
0.03219067
0.09205755
0.078775555
0.02640986
0.10726225
0.16798213
0.22396731
0.19079734
0.14130749
0.11303618
0.084551565
0.106710434
0.0467136
0.15713552
0.1141051
0.11356378
0.08386006
0.085276805
0.0987934
0.12023745
0.08862482
0.08513185
0.02825023
0.025186552
0.07954408
0.063980766
0.1693474
0.13839965
0.03977619
0.14314845
0.09725901
0.038981628
0.13265112
0.057211787
0.027531246
0.09361466
0.10716282
0.033060193
0.018683383
0.06920603
0.012894773
0.043206643
0.02280898
0.056654695
0.026110651
0.08587567
0.079832375
0.03830123
0.037374277
0.059623174
0.06507295
0.050534442
0.11657925
0.103796035
0.05796535
0.08950992
0.12984076
0.07959272
0.06671842
0.05436576
0.058347225
0.07018231
0.0837307
0.10510156
0.10260549
0.07320075
0.059585486
0.01834206
0.08670152
0.05087509
0.072851725
0.117709875
0.12220648
0.09271155
0.094458744
0.06261976
0.0627458
0.09709418
0.11226992
0.13351494
0.110535026
0.053360965
0.026867304
0.07233605
0.04089442
0.020779455
0.033559147
0.054287303
0.035984196
0.04610434
0.071537994
0.044111673
0.09884419
0.10104191
0.04466253
0.069634415
0.08579468
0.06642681
0.07343708
0.09362483
0.07655012
0.047021665
0.107353404
0.09482003
0.10042392
0.044041768
0.03385926
0.058435727
0.109513335
0.083701685
0.030401379
0.059142843
0.08290743
0.048786245
0.057659864
0.10256066
0.108775236
0.11576998
0.09420655
0.046346188
0.11338967
0.14305733
0.102604575
0.051447038
0.034672838
0.10703821
0.16221383
0.08600406
0.020414783
0.02175781
0.07757048
0.08619378
0.08307229
0.08973917
0.05709924
0.071583785
0.085938305
0.09015821
0.04729904
0.042435512
0.082546756
0.11653675
0.10156433
0.04658801
0.07901959
0.039960302
0.029436797
0.061595526
0.03886067
0.01927183
0.04479389
0.05495573
0.05343464
0.10538629
0.03169174
0.030444864
0.021952935
0.05298395
0.14499246
0.074420445
0.07450191
0.08292648
0.031009363
0.05181119
0.08567071
0.08048709
0.09202599
0.07425552
0.048431687
0.051098093
0.115835756
0.1242301
0.07070861
0.0919025
0.07592365
0.071034245
0.09798654
0.033900555
0.028379118
0.032403037
0.06785238
0.084707044
0.061048526
0.016155127
0.017768404
0.03649148
0.019658076
0.039649904
0.07222912
0.04845317
0.053276606
0.066093236
0.031384397
0.08910036
0.10152122
0.03953169
0.060132433
0.08645433
0.132151
0.069260865
0.02933509
0.09914948
0.08384712
0.06020958
0.044612225
0.07851918
0.10351182
0.03780623
0.031476136
0.021582691
0.014070065
0.021245306
0.04269922
0.024449546
0.051697336
0.056607652
0.070940934
0.022806484
0.026447797
0.012499424
0.054347645
0.047868617
0.05315045
0.0652738
0.055952284
0.036737785
0.04888365
0.024774242
0.07342603
0.08479112
0.029401992
0.031212479
0.020944042
0.024956208
0.023327108
0.033929855
0.04380744
0.02865638
0.03216137
0.040702198
0.038058277
0.07196147
0.08576414
0.08226223
0.059256315
0.048744343
0.036564395
0.017160924
0.033213068
0.020014288
0.017169673
0.05715176
0.07368822
0.04260829
0.03083766
0.0062350403
0.019449055
0.028838512
0.031599436
0.044026773
0.066376664
0.04168439
0.013070246
0.059295762
0.072242215
0.022668531
0.018942364
0.03593647
0.0591241
0.06535178
0.08037797
0.0768071
0.059365466
0.064691715
0.07222083
0.056634173
0.08917424
0.08559998
0.08724505
0.07133929
0.029829515
0.042366244
0.05174298
0.048228577
0.056045327
0.056138165
0.02600825
0.038661633
0.050531067
0.025309792
0.016274305
0.018447472
0.028104741
0.041447073
0.07754922
0.06327597
0.057332482
0.06648161
0.03694407
0.020925324
0.010903833
0.024945678
0.043067444
0.01736045
0.0067023644
0.044845283
0.08684545
0.03373105
0.017648363
0.023156693
0.024502615
0.014644583
0.03335776
0.024737135
0.005685578
0.027789019
0.05218781
0.048448786
0.059171915
0.051802587
0.011053221
0.037720844
0.042794686
0.03926748
0.06361942
0.035379726
0.02217025
0.023269504
0.025145322
0.034658164
0.023962948
0.040429283
0.008875911
0.0302369
0.025870552
0.03201609
0.053584777
0.049020004
0.044461966
0.0319567
0.070538595
0.09361393
0.043553565
0.01886795
0.035801668
0.06031187
0.06417086
0.012919518
0.047329187
0.041945834
0.048504274
0.021516262
0.020326672
0.024654837
0.008400202
0.032617733
0.06358174
0.07001332
0.058004607
0.011140514
0.015956078
0.022042304
0.037092734
0.018019702
0.003989235
0.002450546
0.003051847
0.0030518398
0.009155487
0.009155444
0.0
-0.003051775
-0.0061035
-0.009155164
0.003051689
0.0061033056
0.006103227
0.0030515704
-0.0030515236
-0.0061029466
0.0
0.0
0.003051301
0.0030512363
-0.003051168
-0.003051096
0.0
0.0
0.006101718
0.003050773
0.0
0.0030505897
0.0
0.0
0.0030502882
0.0030501804
0.0
0.006099908
0.006099671
0.0030497136
0.0030495878
0.0
0.0030493257
0.009147568
0.012196197
0.009146717
0.0030487585
0.0030486076
-0.0030484532
0.0030482954
0.0060962676
0.0
0.0030478002
0.0030476279
0.0
0.0030472726
0.0030470896
0.0
0.0
0.006093038
0.006092643
0.0030461205
0.003045916
-0.003045708
0.0030454963
0.0030452812
0.009135187
0.00304484
0.0
-0.0030443843
-0.0060883025
-0.0030439147
-0.006087349
-0.0030434304
-0.0030431831
-0.0030429321
-0.006085355
-0.009127258
-0.012168631
-0.0060837846
-0.0060832473
-0.0030413512
0.0
0.0
-0.0030405126
-0.006080452
-0.006079871
0.0030396418
0.0030393444
0.0060780873
0.003038739
-0.003038431
-0.0030381195
0.0
0.0
0.0060743266
0.0060736747
-0.0030365079
0.0
-0.0030358385
-0.0060709966
0.0
0.0030348075
0.0030344569
-0.006068205
-0.0030337449
-0.0030333833
0.0
0.00909795
0.003032278
0.0030319025
-0.0060630464
-0.0060622813
0.0
0.0
0.0030299714
0.0030295746
0.0030291742
-0.0030287702
0.0
-0.0030279518
0.0
0.0
-0.0030266976
0.0030262724
0.0
-0.0030254116
-0.003024976
-0.0030245367
-0.003024094
-0.0030236477
0.0030231979
0.0030227446
0.0030222875
0.0030218272
-0.0030213632
-0.0030208959
-0.0030204249
-0.0030199504
0.0
0.0
0.0
0.0030180172
-0.0030175252
-0.0060340595
-0.0030165305
-0.003016028
-0.003015522
0.0
-0.003014499
-0.0030139827
-0.0030134625
-0.006025878
0.0030124118
0.0
-0.003011347
-0.0030108094
-0.0060205366
-0.0060194475
0.0
0.0
0.0
-0.0030075102
-0.0060138963
-0.006012765
-0.009017441
-0.0030052413
-0.0030046653
0.0
-0.0030035027
-0.0060058325
-0.0030023265
-0.009005199
-0.0030011362
-0.0030005358
-0.002999932
0.0
0.0
0.008994299
0.0029974822
0.0
0.0
-0.008986825
0.0
0.0029943418
0.0
0.005986123
-0.002992416
-0.0059835347
0.0
-0.0059809186
-0.0029898002
0.008967413
0.0029884714
0.0
0.0
-0.0059729056
-0.002985773
0.0
0.0
0.0059674256
0.0
0.0
0.005963244
0.0
0.0059604216
0.0059590004
0.0
0.0029780685
0.0
0.0
0.005951791
0.0029751642
0.0059488593
0.005947383
-0.0029729502
0.0
0.0
0.0
0.005939901
0.0
-0.0029684303
-0.002967665
0.0
0.0
0.0
0.0
-0.005927576
-0.005926005
-0.005924427
0.0
0.0
0.0
-0.005918048
-0.005916436
-0.011829635
-0.0059131924
-0.0059115607
-0.005909922
0.0
0.0
-0.005904966
-0.0059033004
-0.005901628
-0.005899949
-0.0058982633
-0.005896571
-0.005894872
-0.005893166
-0.005891454
-0.0058897347
0.0
0.0
0.0
0.0
0.0
0.0
0.0
-0.0058757416
0.0
0.0
0.0
0.0
-0.00586678
-0.008797452
-0.008794723
-0.0058613233
0.0
0.0
-0.0029279036
-0.0029269776
0.0
-0.0029251156
0.0
0.0058464813
0.0058445963
0.0
0.0
-0.005838902
-0.0029184956
0.0058350735
0.0029165747
-0.0029156092
-0.0029146406
-0.0029136685
-0.005825387
-0.0029117148
0.0058214664
0.0058194962
0.00581752
0.0
-0.0058135474
0.0
-0.005809549
-0.0029037697
0.002902762
0.005803502
-0.0058014737
0.0
0.0
0.0
0.005793295
0.0
0.0
-0.011574186
-0.0028925065
-0.0028914632
-0.002890417
0.008668101
0.0057766284
0.0
-0.0028861987
0.0
0.0028840704
0.011532006
0.0028819295
0.002880854
0.0028797756
0.0
0.008632827
0.008629563
0.008626289
0.0057486705
0.0
0.002872137
0.0
0.008609777
0.011475262
0.0
0.0028665855
0.0028654658
0.0
0.0085896505
0.0028620877
0.0028609554
0.00285982
0.0
-0.0028575396
0.0
0.0
0.0028540955
0.0028529412
-0.0028517838
-0.0028506233
-0.0028494596
0.0
0.002847123
0.0056919
0.002844774
0.0
0.0
0.002841227
0.0
0.0056776935
0.002837652
0.0028364544
0.005670507
-0.0028340495
-0.0028328425
-0.0028316325
0.0
0.0056584063
0.011311935
0.0028267615
-0.002825536
-0.0028243074
0.0
0.0
0.0028206035
0.005638726
0.0
-0.0028168724
-0.0028156226
0.0
0.0056262277
0.00562371
0.005621186
0.0
-0.0028080598
-0.0028067888
0.0028055147
0.0028042379
0.0028029578
-0.0028016747
-0.0028003885
-0.005598199
-0.0027978073
0.0055930247
-0.0027952143
-0.0027939132
-0.0027926092
-0.0055826046
0.0027899921
0.0055773584
0.0
0.0
-0.0027847225
-0.0055667954
0.0
-0.0027807392
0.0
-0.0027780689
-0.008330188
0.0
0.0
0.0
0.0055426825
-0.002769987
-0.00830589
-0.0055345395
-0.00829772
0.0
0.0027631717
0.0027617998
0.0055208504
-0.0027590476
-0.0055153337
-0.011025134
-0.005509794
0.0
0.0
-0.0055014417
-0.008247969
-0.008243767
-0.005493037
0.0
0.0
-0.0027422903
-0.008222626
-0.008218371
0.0
0.0027366127
0.0054703723
-0.0027337568
-0.0027323244
0.0
-0.0027294515
0.0
-0.0027265672
-0.0027251206
0.0
-0.0027222193
-0.0027207646
0.0
-0.0054356926
0.0
-0.002714917
0.0027134481
0.0027119764
0.0
0.0
0.0
-0.0027060618
0.0027045761
0.0027030879
0.0027015966
0.0027001027
0.002698606
0.0
0.0
0.0026940994
0.0053851833
0.0026910813
0.0
0.0
-0.0026865334
0.0
0.0026834877
0.008045883
0.0053608627
0.0
0.005354728
0.0
0.0026742858
0.0026727428
0.0026711968
0.0026696483
0.0
0.0
0.0
0.0
0.0
0.0
-0.0026587334
-0.0026571634
-0.0026555907
0.0
0.005304875
0.002650857
0.0
0.0
-0.002646099
0.002644508
0.0052858284
0.0
0.0026397186
0.0
0.0
0.007904718
0.0026332962
0.002631684
0.005260139
0.0
0.005253664
0.007875629
0.007870753
0.00786587
0.0052406527
0.005237387
0.002617058
0.0052308403
0.0026137796
0.0026121365
0.0052209813
0.0
0.0026071917
0.0
0.0
0.0
-0.0026005632
-0.0051977993
0.0
0.0
0.0
-0.0025922204
-0.0025905445
0.0
-0.0025871848
0.0
-0.0025838153
0.0
-0.0025804355
-0.002578742
0.0
0.0025753477
0.005147293
0.0025719432
0.0
-0.002568529
-0.0051336363
0.0
0.0025633893
0.0025616712
0.005119901
0.0025582276
0.0051130042
0.0051095486
0.0076591317
0.0051026223
0.005099152
0.0025478385
0.0025460985
0.0050887126
0.0050852234
0.0076225935
0.00507823
0.002537363
0.0
0.0025338521
0.0
0.0
0.0025285678
0.0
-0.0025250332
-0.0025232625
0.0
0.0025197137
0.0
-0.0025161556
-0.002514373
-0.0050251763
-0.0025108012
0.0
0.0
0.0
-0.0050072586
-0.0075054914
-0.0075000883
-0.0049964525
-0.004992841
-0.0024946127
-0.0024928025
-0.00498198
-0.0049783504
-0.0024873582
0.0
0.0
-0.0024818936
-0.0049601356
-0.0024782394
0.0
0.0024745762
0.002472741
0.002470904
0.0
0.002467223
0.004930758
0.0024635328
0.0049233693
0.002459834
-0.0024579815
-0.0024561265
0.0
0.0
-0.0024505488
-0.0073460555
-0.007340458
-0.0048899027
-0.0048861625
-0.002441209
0.0
-0.002437458
-0.0024355792
-0.004867397
-0.009727261
-0.0048598605
-0.004856086
-0.009704614
-0.007272786
-0.009689474
-0.012102363
-0.0096742995
-0.009666699
-0.0024147728
-0.0024128687
-0.0024109625
-0.0024090542
-0.007221431
-0.0096209245
-0.0024033168
0.0
0.0
-0.0023975607
-0.002395638
-0.0023937132
0.0
0.0023898573
0.004775853
0.004771987
0.004768117
0.0
0.0
0.0071347244
0.0071288953
0.00712306
0.007117219
0.0023704572
0.0023685063
0.0070996596
0.009458393
0.0070879236
0.007082047
0.0070761642
0.007070276
0.009419175
0.009411308
0.009403434
0.0070466627
0.0
0.0
0.0
0.0023409857
0.0070170164
0.009348093
0.0070051174
-0.0023330532
-0.0023310652
0.0
0.0023270836
0.00930036
0.006969284
0.0023210973
0.0
0.0
0.002315094
0.0
0.0023110826
0.002309074
0.0
0.0046101026
0.0
-0.0023010215
0.0
0.0
0.0
0.00687882
0.0
-0.0022888882
0.0
-0.0022848293
0.0068483916
0.00684229
0.0
0.0
-0.0068239532
-0.0068178303
-0.0045411345
-0.0045370455
-0.0045329533
-0.0045288573
-0.009049515
-0.00904131
0.0
0.004512439
0.0045083254
0.0
-0.0045000887
-0.011239913
-0.0067377575
0.0
0.0022417873
0.0044794376
-0.0022376485
-0.008942307
-0.008934013
-0.011157139
-0.002229351
0.0044545447
-0.0022251923
0.0
-0.004442054
-0.004437884
0.0
0.0
0.004425354
0.0044211703
0.0
0.0044127945
0.0044086017
0.0044044056
0.0088004125
0.008792007
0.008783597
0.008775179
0.008766755
0.0043791626
0.0043749446
0.0021853617
0.0065497486
0.0043622716
0.0
0.0043538073
0.0
0.0
0.0043410882
0.0
0.0
0.0
-0.004324087
0.0021599147
0.0021577843
0.0021556523
0.0021535188
0.0
0.0
0.00214711
0.0021449707
0.00428566
0.0042813756
0.0
0.002136399
0.004268505
0.0042642094
0.004259911
0.004255609
0.0042513045
0.0021234988
0.0
0.0
0.0
0.0
0.0042254194
0.0021105479
0.0
0.0021062198
0.0021040535
-0.002101886
-0.0041994345
0.0
0.0
0.0
0.0
0.0
-0.004173353
-0.006253495
-0.006246956
-0.002080138
0.0
-0.0020757725
-0.0020735878
-0.0062142056
-0.004138429
0.0
0.0
-0.0020626453
-0.006181359
-0.006174778
-0.006168193
-0.0020538683
0.002051671
0.0020494724
0.006141818
0.0
0.0
0.0
0.0020384612
0.0040725106
0.0020340483
0.00203184
-0.0020296304
0.0
0.002025208
0.00404599
0.0040415614
0.0020185653
0.0020163488
0.0
-0.0020119124
0.0020096924
0.004014943
0.0060157473
0.0020030257
-0.0020008013
0.0
0.0019963488
0.0039882422
0.007967569
0.007958649
0.0
0.0
0.0019829655
0.003961462
0.009892479
0.0039525186
0.0019740216
-0.0019717831
0.0
0.0019673028
0.0058951825
0.007851273
0.003921149
0.0019583295
-0.0019560836
-0.0019538368
0.0019515889
0.00389868
0.0058412706
0.0019448393
-0.0019425874
0.0019403347
0.0019380808
0.001935826
0.0038671405
0.0019313137
-0.0019290559
-0.0038535947
-0.0038490756
-0.0019222773
0.0019200159
-0.0019177536
-0.0019154903
0.0
-0.003821922
-0.00381739
0.0
0.0
-0.0019018917
0.0
-0.0018973516
-0.0018950802
-0.003785616
-0.00378107
-0.0018882611
-0.0018859863
-0.0018837107
0.0
0.0
0.0
0.0
0.0
0.0018700395
-0.003735516
-0.0018654758
0.0
-0.001860909
0.0018586244
0.0
0.0
-0.001851766
-0.0036989565
-0.0018471899
0.0018449007
0.0
0.00368064
0.003676057
-0.0018357363
-0.0036668868
-0.0054934495
-0.0018288554
0.005479681
0.0054727937
0.0018219681
0.0
-0.0018173731
-0.0018150745
0.0018127753
0.0018104754
0.005424524
0.0036117472
0.0
0.0
0.0
0.0
0.0017943576
0.0071682096
0.0035794934
0.005362321
0.0
-0.0017828258
0.0
-0.0035564175
0.0017758994
0.0017735894
-0.0035425578
0.0017689677
-0.0017666561
-0.008821718
0.0
-0.0017597175
-0.0017574036
0.001755089
-0.0035055482
-0.003500917
-0.0017481424
-0.0034916515
-0.0034870172
0.0
-0.0052166185
-0.0052096625
-0.005202705
-0.0069276616
-0.0017295954
-0.0034545495
-0.0034499073
-0.0034452642
-0.00516093
-0.0034359752
-0.0017156648
-0.0017133413
-0.0017110176
-0.0017086933
-0.0017063686
-0.0051121307
-0.005105154
-0.0016993921
0.0
0.0
0.0033848237
-0.0033801687
-0.0050632693
-0.0033708562
-0.0050492985
-0.0033615408
-0.001678441
-0.0050283335
-0.0033475622
-0.005014352
-0.0050073597
-0.0016667887
0.0
-0.0016621253
-0.0033195866
-0.0016574608
-0.0016551281
0.0
0.0016504617
0.003296256
0.0032915883
0.0016434599
0.0032822508
-0.0016387906
0.0
0.0032682405
0.004895354
0.003258898
0.0016271129
0.0016247766
0.0016224402
0.0032402067
0.003235533
0.004846288
0.0048392755
0.0016107543
0.0016084164
0.003212157
0.004811221
0.003202804
0.0
-0.0015967247
-0.0015943858
0.0
-0.0015897077
0.0
0.0
-0.0015826892
-0.0031606988
-0.0015780096
-0.003151339
-0.003146659
0.0
-0.0015686488
0.0
0.0
-0.0015616273
-0.0015592865
-0.0031138915
0.0015546049
0.003104528
0.003099846
0.0046427455
-0.0015452408
-0.0015428996
0.0030811168
0.0015382172
0.003071752
0.0030670695
0.0
-0.0015288522
0.0
0.0015241695
0.0030436565
0.0015194869
0.003034291
0.0015148043
0.0
0.0030202437
0.0030155615
0.0015054396
0.0015030985
0.0
0.0
0.0014960757
-0.0014937348
0.0014913941
0.0029781067
0.0014867128
0.004453117
0.004446096
0.0014796916
-0.0014773514
0.0
-0.0014726714
0.0
0.001467992
0.0
-0.001463313
-0.0014609736
-0.0029172692
-0.0014562956
0.0
-0.0014516183
0.0
-0.002893883
-0.0028892069
0.0
-0.0014399278
0.0028751807
0.0
-0.001432916
-0.0028611582
-0.002856485
-0.0028518124
-0.00142357
-0.0028424682
-0.0014188983
-0.0014165629
-0.0028284555
-0.0028237859
-0.0028191167
-0.002814448
-0.0014048899
-0.0014025561
-0.0042006676
-0.0013978893
-0.002791113
-0.0027864478
0.0013908916
-0.0027771192
-0.002772456
-0.0013838967
-0.0027631314
-0.0013792351
-0.0013769048
-0.0054982994
-0.0013722453
-0.001369916
-0.0013675871
-0.0013652586
-0.002725861
-0.0013606028
-0.0013582754
-0.0013559485
0.002707244
0.0027025917
0.0
0.0013466448
0.0
0.0
0.0
0.0
0.0
-0.001332702
0.0
0.0026561162
0.0013257368
0.0
0.0013210955
0.0
0.0026329125
0.003942412
0.001311819
0.001309501
0.0013071836
0.0013048667
0.0
0.0039007037
0.0025958386
0.002591209
0.0025865806
0.00387293
0.0038659906
0.005145404
0.005136156
0.0025634551
0.0038382502
0.0012771065
0.0038243902
0.003817463
0.0012701792
0.0012678714
0.0
0.0
0.0
0.0012586459
0.0012563411
0.0012540369
0.0
-0.0012494305
0.0
0.0
0.0024850515
0.002480451
0.0
0.0012356271
0.0012333288
0.0
0.0036862036
0.0
-0.001224143
0.0
-0.0036586628
-0.001217261
-0.0012149684
0.0
0.0012103856
0.0012080952
0.0
-0.0012035168
-0.0012012287
-0.0023978828
0.0
-0.0011943692
-0.0023841683
0.0
-0.002375033
-0.0023704679
-0.0023659042
-0.0023613423
-0.0035351727
-0.002352223
-0.002347666
0.0
0.0011692784
-0.0023340047
0.0
-0.0023249057
-0.0023203585
0.0023158134
0.0
0.0
0.0
-0.0022976499
0.0
-0.0022885785
0.0
0.0022795144
0.0
0.0
0.0
-0.0022614084
0.0011284433
0.0011261832
0.0
0.002243332
-0.0022388177
0.0
0.0022297949
0.0
0.0
0.0
-0.0022117721
-0.004414543
-0.0022027728
-0.0021982759
0.0
0.0
0.0
-0.0021803093
-0.0021758226
0.0
0.0
-0.0010811876
-0.0010789485
-0.0021534208
-0.0032234201
-0.0021444748
-0.0010700026
0.0
-0.0010655359
-0.0021266085
-0.0031832212
0.0
0.0
0.0010543886
0.0021043248
-0.0020998747
-0.0031431403
-0.0010454906
0.0
0.0031231453
0.003116487
0.0
0.0010343937
0.0
0.0
0.0020554988
0.0020510738
0.0020466514
0.0020422311
0.0
0.0
0.002028985
0.0
0.0020201663
0.0020157606
0.0010056787
0.0020069564
0.002002558
0.0
9.968844E-4
0.001989378
0.0
0.0
0.0
-9.859196E-4
-9.837304E-4
-9.815425E-4
-9.793559E-4
9.771707E-4
0.0
9.7280386E-4
0.0
-0.0038737692
-0.0028987904
-9.64086E-4
0.0
0.00191947
9.575615E-4
-9.553893E-4
-9.532185E-4
-0.002853147
0.0
9.4671414E-4
0.0
0.0
-9.40222E-4
-9.3806075E-4
0.0
9.337423E-4
9.315852E-4
9.294295E-4
-9.272752E-4
-9.251223E-4
-9.229708E-4
-9.2082075E-4
9.1867207E-4
9.165249E-4
0.0
-9.1223477E-4
9.1009185E-4
0.0
0.0
-9.036719E-4
-9.0153486E-4
0.0
8.9726516E-4
8.951325E-4
0.0
-8.908717E-4
-8.887435E-4
-8.866168E-4
0.0
8.82368E-4
-8.802459E-4
-0.0017562505
-0.0017520123
-8.738886E-4
-8.717726E-4
0.0
-8.6754514E-4
-0.0017308675
-0.0017266478
-0.0017224313
-8.591089E-4
0.0
8.549002E-4
-8.527982E-4
-8.506978E-4
-0.001697198
-0.0016930036
0.0016888123
8.423121E-4
0.0016804395
0.0
-0.0016720796
-0.0016679044
0.0
-0.001659564
8.276994E-4
0.0024768552
0.0
0.0
0.0
-8.173109E-4
8.1523816E-4
0.0024395015
0.0024332933
0.0024270902
0.0
0.0
8.028372E-4
8.007763E-4
0.0023961514
0.0023899789
7.946039E-4
0.0
-0.001580995
-0.002365341
0.0
0.0
0.0
0.0
-0.0015564404
-0.0015523601
0.0
7.7210524E-4
0.0015401408
0.0015360749
0.0
-0.0015279535
-0.0022858474
7.599233E-4
7.5789925E-4
0.0015117541
0.0
-0.0015036761
-7.4982125E-4
-0.0014956127
7.457932E-4
0.0037189096
0.0022253175
0.0014795298
0.0022132776
0.0
0.0014675065
0.0029270125
0.0014595096
0.0014555168
0.0021772915
7.237712E-4
7.2178047E-4
7.1979157E-4
7.178046E-4
0.0014316391
7.138364E-4
7.1185513E-4
7.098758E-4
7.078984E-4
0.0014118458
0.0014078987
0.0
0.0014000161
6.980403E-4
6.960745E-4
6.941107E-4
-6.921488E-4
-6.901889E-4
6.8823097E-4
0.0
-6.84321E-4
0.0
-6.804189E-4
0.0
0.0
0.0
0.0
0.0
0.0
0.0
0.0
6.6295883E-4
0.0019830866
6.59101E-4
0.0
6.552514E-4
0.0
6.514099E-4
0.0012989846
0.0
-6.4566324E-4
-6.437518E-4
-0.0012836849
6.399352E-4
0.00127606
0.0012722538
0.0019026777
6.32327E-4
-6.304302E-4
6.285355E-4
-6.2664296E-4
0.0
0.0
-0.0012419559
-6.1909383E-4
-0.0012344238
-0.0012306642
-6.1345444E-4
0.0
0.0
-6.078344E-4
-0.0018178959
-0.0018122953
-6.0223375E-4
0.0
0.0
0.0
-5.947967E-4
-0.0011858857
-5.910913E-4
-5.892419E-4
5.873947E-4
5.8554974E-4
0.0
0.0
0.0
0.001156384
5.763581E-4
0.001149053
5.726971E-4
-0.0011417399
0.0
0.0
5.6540204E-4
0.0
5.617681E-4
5.5995444E-4
0.0
0.0011126682
0.0
0.0
0.0
-5.491208E-4
-0.0010946464
-5.4552796E-4
-0.00108747
-5.419443E-4
5.40156E-4
-5.3836993E-4
-0.0010731725
-0.0016044147
-0.0015990776
-5.3124916E-4
-5.294748E-4
0.0
-5.259331E-4
-5.241658E-4
-5.224009E-4
-0.0010412766
-5.188781E-4
-0.0010342405
-0.0010307295
0.0
-0.0010237219
-0.0020404505
-0.0010167335
-0.0015198695
-5.04882E-4
0.0010062866
5.0140696E-4
4.996731E-4
0.0
-4.962125E-4
0.0
4.927616E-4
9.820797E-4
0.0014679615
9.7520713E-4
4.858891E-4
4.841771E-4
4.824675E-4
4.8076038E-4
0.0014371673
4.7735355E-4
4.7565385E-4
0.0
-4.7226183E-4
4.7056953E-4
9.3775947E-4
9.343848E-4
9.310152E-4
0.0
0.0
4.6046812E-4
4.587933E-4
9.14242E-4
0.0018218049
0.0013613519
0.0
4.50457E-4
-4.4879733E-4
0.0
0.0013364567
8.8766706E-4
4.42184E-4
0.0
-8.7778526E-4
-8.745016E-4
4.356115E-4
8.6794957E-4
4.3234063E-4
8.6141814E-4
8.5816014E-4
-8.549073E-4
-0.002554979
-4.242086E-4
0.0
4.2097393E-4
4.1936047E-4
-4.1774963E-4
-8.322828E-4
0.0
4.129328E-4
8.226648E-4
4.0973467E-4
4.0813952E-4
0.0
-4.0495716E-4
0.0
4.0178536E-4
4.0020343E-4
3.9862416E-4
0.0
-3.9547356E-4
-7.878045E-4
-0.0011770008
-0.0011723029
-3.8920433E-4
-3.876437E-4
0.0
-3.845305E-4
-3.8297792E-4
-0.0015257121
-0.0022792849
-0.0015133453
-0.0011303836
-0.0011257663
-3.737191E-4
-3.721854E-4
-3.7065445E-4
-3.6912624E-4
-3.6760073E-4
-3.6607796E-4
-3.645579E-4
3.630406E-4
0.0
-3.6001418E-4
0.0
-3.5699873E-4
-3.5549514E-4
3.539943E-4
0.0
0.0
0.0
-0.0010440558
-3.465316E-4
-3.450474E-4
0.0
6.8417453E-4
3.4061138E-4
0.0
0.0
0.0
0.0
9.998218E-4
9.954446E-4
0.0
3.2890512E-4
0.0
-3.2600667E-4
3.2456167E-4
3.2311952E-4
0.0
3.2024368E-4
-9.564301E-4
-6.3475844E-4
0.0
3.145261E-4
9.393116E-4
0.0
-6.2053575E-4
-6.1770837E-4
0.0
3.060354E-4
9.1389095E-4
9.096843E-4
0.0
0.0
0.0
2.9764805E-4
5.925205E-4
0.0
0.0
-2.921143E-4
5.814762E-4
0.0
5.759889E-4
0.0
-2.8526245E-4
5.678017E-4
5.650843E-4
5.623728E-4
8.3950063E-4
5.569673E-4
0.0
0.0
2.7445157E-4
0.0
0.0
8.113381E-4
5.382335E-4
0.0
0.0
0.0
0.0
5.250296E-4
0.0
0.0
0.0
-5.1457353E-4
-5.1197445E-4
0.0
2.533971E-4
2.5210652E-4
0.0
-4.9906876E-4
-4.9650564E-4
0.0
2.4569873E-4
4.888524E-4
2.4315667E-4
0.0
0.0
-4.7873252E-4
4.7621765E-4
9.474178E-4
4.7120618E-4
4.6870956E-4
0.0
0.0
0.0
4.5878394E-4
4.5631776E-4
4.538577E-4
4.514038E-4
0.0
0.0
0.0
0.0
4.3922605E-4
0.0
-2.1719899E-4
0.0
0.0
-2.1360104E-4
0.0
0.0
-2.100309E-4
0.0
0.0
-4.1297733E-4
-2.0531412E-4
0.0
0.0
0.0
0.0
-3.9897618E-4
-1.9833224E-4
-3.9435906E-4
0.0
3.8976694E-4
3.8748028E-4
3.851999E-4
0.0
0.0
0.0
0.0
3.7389225E-4
0.0
-1.8470665E-4
-1.8359163E-4
-3.6495956E-4
0.0
3.6053118E-4
3.5832648E-4
1.7806406E-4
0.0
-3.5175044E-4
0.0
1.736991E-4
5.178474E-4
3.430714E-4
0.0
-1.6938508E-4
0.0
5.0174166E-4
1.6618308E-4
1.6512215E-4
-1.6406442E-4
-6.520396E-4
-1.6195858E-4
0.0
0.0
0.0
-4.733564E-4
-6.2700093E-4
-4.6715466E-4
-1.5468943E-4
-1.5366387E-4
0.0
3.0324492E-4
1.506066E-4
1.4959398E-4
0.0
0.0
0.0
-1.4557593E-4
-1.4457954E-4
0.0
0.0
0.0
-2.8125301E-4
-4.189392E-4
-1.3866955E-4
0.0
0.0
0.0
-2.6958968E-4
-4.0150303E-4
-2.6575426E-4
0.0
0.0
0.0
-1.2908108E-4
-1.2814028E-4
-1.2720277E-4
0.0
0.0
0.0
1.2348569E-4
0.0
0.0
0.0
0.0
0.0
0.0
-1.17108015E-4
-1.1621017E-4
-1.1531563E-4
0.0
1.13536546E-4
1.12651986E-4
1.1177075E-4
1.1089285E-4
1.1001828E-4
-1.0914704E-4
1.08279135E-4
1.0741457E-4
1.0655334E-4
2.1139091E-4
1.0484092E-4
1.0398972E-4
1.0314187E-4
1.02297374E-4
1.0145623E-4
1.0061843E-4
9.9783996E-5
1.9790583E-4
2.9437558E-4
1.9460167E-4
9.647984E-5
0.0
-9.484794E-5
9.403705E-5
0.0
0.0
0.0
-9.08272E-5
9.003318E-5
8.924254E-5
8.845529E-5
0.0
0.0
8.6113825E-5
8.5340114E-5
-1.6913959E-4
-8.3802865E-5
-8.303934E-5
8.2279206E-5
1.6304494E-4
0.0
-8.001921E-5
-7.927268E-5
-2.3558867E-4
-2.3336952E-4
-1.5410707E-4
0.0
1.5118232E-4
-7.486509E-5
-1.4828487E-4
-1.4684642E-4
-1.4541479E-4
7.1995004E-5
1.4257207E-4
7.0580485E-5
6.987837E-5
6.917968E-5
0.0
-6.7792585E-5
-6.710419E-5
1.9925769E-4
1.314754E-4
0.0
6.438496E-5
-6.371376E-5
6.304598E-5
6.238167E-5
0.0
1.2212672E-4
1.8122813E-4
-5.9758844E-5
-5.9111764E-5
-5.846814E-5
-1.1565594E-4
5.7191253E-5
5.6557994E-5
1.6778459E-4
2.2120743E-4
0.0
-5.4059572E-5
5.3443626E-5
0.0
1.0444427E-4
2.0646637E-4
5.1014522E-5
5.041592E-5
0.0
0.0
4.8640974E-5
4.8056278E-5
9.495012E-5
9.3794646E-5
4.6323068E-5
0.0
-4.5185014E-5
-4.4621214E-5
4.40609E-5
-8.700816E-5
-4.295074E-5
4.24009E-5
0.0
1.2393508E-4
4.0772335E-5
-8.0472935E-5
-3.97041E-5
-3.9175233E-5
3.8649865E-5
3.8128E-5
-3.7609636E-5
0.0
-3.658342E-5
-7.2151146E-5
0.0
3.50704E-5
6.9146154E-5
6.815853E-5
-6.717793E-5
-3.310218E-5
-9.785672E-5
-3.2139153E-5
3.1662912E-5
3.119019E-5
3.072099E-5
-6.051061E-5
-5.958629E-5
-2.9334506E-5
0.0
2.84278E-5
2.7979733E-5
-2.7535194E-5
-2.7094182E-5
0.0
0.0
2.5792324E-5
2.5365433E-5
2.4942075E-5
2.452225E-5
-2.410596E-5
2.3693206E-5
-2.3283988E-5
2.2878308E-5
4.4952332E-5
6.623269E-5
8.673001E-5
8.5163934E-5
4.180601E-5
-2.051857E-5
0.0
1.9760335E-5
5.8159603E-5
5.7048845E-5
3.7299153E-5
3.6572837E-5
1.7926812E-5
1.7570754E-5
5.1654744E-5
3.3738586E-5
1.6523893E-5
1.6182044E-5
0.0
1.5509011E-5
1.5177828E-5
0.0
-1.4526133E-5
0.0
0.0
-2.7150558E-5
0.0
-1.2959177E-5
-2.5312936E-5
-1.2357323E-5
-1.2061741E-5
0.0
-2.2962537E-5
-3.358914E-5
-2.1830114E-5
-1.0637302E-5
3.108934E-5
2.0184985E-5
0.0
-1.9123918E-5
-3.7208185E-5
-1.8091408E-5
1.7585868E-5
2.5631203E-5
0.0
-1.6112108E-5
-1.5635145E-5
-7.5826665E-6
0.0
2.1370732E-5
2.069819E-5
6.678791E-6
0.0
-1.2496623E-5
-6.0384377E-6
1.1664285E-5
1.6888278E-5
1.0860576E-5
1.570419E-5
5.0427525E-6
-9.70871E-6
-9.339077E-6
0.0
4.3106506E-6
4.1365797E-6
3.9660918E-6
0.0
0.0
-6.9522544E-6
-3.3199735E-6
0.0
0.0
0.0
-2.7312085E-6
-5.185963E-6
-2.4583405E-6
0.0
2.1998192E-6
2.075939E-6
0.0
-1.8389417E-6
-1.725825E-6
0.0
0.0
0.0
-1.3092442E-6
-2.4281435E-6
-1.1224888E-6
-1.0344957E-6
0.0
0.0
7.920567E-7
7.1842453E-7
-6.483831E-7
-5.8193257E-7
-1.038146E-6
0.0
8.082554E-7
7.0408424E-7
6.0709624E-7
5.1729165E-7
2.1733533E-7
1.796167E-7
2.9098015E-7
4.5982202E-7
3.5205227E-7
1.2932566E-7
4.4904837E-8
0.0
0.0
7.1848034E-9
7.184808E-9
0.0
