0.0015845571
0.0015830551
0.0015785584
0.0015710936
0.0015607058
0.0015474574
0.001531428
0.0015127141
0.0014914286
0.0014677
0.001441672
0.0014135021
0.0013833619
0.0013514349
0.0013179162
0.0012830114
0.001246935
0.0012099098
0.0011721646
0.0011339334
0.0010954536
0.0010569639
0.0010187024
9.809042E-4
9.437989E-4
9.0760767E-4
8.7253965E-4
8.387889E-4
8.065301E-4
7.759144E-4
7.4706547E-4
7.2007545E-4
6.950015E-4
6.718633E-4
6.506418E-4
6.3127896E-4
6.136804E-4
5.977184E-4
5.832376E-4
5.7006156E-4
5.5799953E-4
5.468549E-4
5.3643173E-4
5.265419E-4
5.1701046E-4
5.0768047E-4
4.9841614E-4
4.891051E-4
4.7966006E-4
4.7001857E-4
4.601434E-4
4.500214E-4
4.3966234E-4
4.2909736E-4
4.1837705E-4
4.075694E-4
3.9675727E-4
3.8603577E-4
3.7550915E-4
3.6528733E-4
3.5548216E-4
3.4620307E-4
3.3755248E-4
3.2962105E-4
3.2248304E-4
3.1619193E-4
3.1077696E-4
3.06241E-4
3.025597E-4
2.9968238E-4
2.9753477E-4
2.960228E-4
2.9503743E-4
2.9445998E-4
2.9416737E-4
2.9403705E-4
2.93951E-4
2.937993E-4
2.934826E-4
2.9291402E-4
2.9202024E-4
2.9074223E-4
2.8903535E-4
2.8686927E-4
2.842276E-4
2.811075E-4
2.775188E-4
2.7348349E-4
2.6903482E-4
2.6421648E-4
2.5908166E-4
2.53692E-4
2.4811653E-4
2.4243038E-4
2.3671337E-4
2.3104828E-4
2.25519E-4
2.202083E-4
2.1519534E-4
2.1055301E-4
2.0634517E-4
2.0262385E-4
1.9942688E-4
1.9677595E-4
1.9467552E-4
1.9311268E-4
1.9205792E-4
1.9146706E-4
1.9128365E-4
1.9144216E-4
1.9187112E-4
1.9249633E-4
1.9324364E-4
1.940415E-4
1.9482273E-4
1.955261E-4
1.9609727E-4
1.9648943E-4
1.9666356E-4
1.9658853E-4
1.9624105E-4
1.956053E-4
1.9467273E-4
1.9344164E-4
1.919167E-4
1.901086E-4
1.8803355E-4
1.8571281E-4
1.8317222E-4
1.8044174E-4
1.775549E-4
1.745483E-4
1.71461E-4
1.6833394E-4
1.6520915E-4
1.6212913E-4
1.5913586E-4
1.5626995E-4
1.5356964E-4
1.5106975E-4
1.4880061E-4
1.4678719E-4
1.4504809E-4
1.43595E-4
1.4243215E-4
1.4155635E-4
1.4095701E-4
1.4061679E-4
1.4051232E-4
1.4061523E-4
1.4089321E-4
1.4131126E-4
1.4183283E-4
1.4242082E-4
1.4303863E-4
1.4365098E-4
1.4422447E-4
1.4472826E-4
1.4513437E-4
1.4541809E-4
1.4555808E-4
1.4553661E-4
1.4533961E-4
1.449567E-4
1.4438127E-4
1.4361036E-4
1.4264479E-4
1.4148897E-4
1.4015092E-4
1.3864216E-4
1.3697766E-4
1.3517561E-4
1.3325733E-4
1.3124704E-4
1.2917159E-4
1.2706005E-4
1.2494336E-4
1.2285367E-4
1.2082378E-4
1.1888629E-4
1.17072705E-4
1.1541249E-4
1.1393197E-4
1.12653324E-4
1.11593574E-4
1.1076384E-4
1.101687E-4
1.0980595E-4
1.0966664E-4
1.0973546E-4
1.0999144E-4
1.1040886E-4
1.1095833E-4
1.11607944E-4
1.1232439E-4
1.1307403E-4
1.1382382E-4
1.1454216E-4
1.15199524E-4
1.15769E-4
1.162267E-4
1.1655205E-4
1.16728006E-4
1.1674117E-4
1.16581876E-4
1.1624421E-4
1.1572601E-4
1.150288E-4
1.1415774E-4
1.13121496E-4
1.1193215E-4
1.1060503E-4
1.091585E-4
1.0761375E-4
1.0599448E-4
1.0432659E-4
1.0263769E-4
1.0095667E-4
9.931299E-5
9.773605E-5
9.625432E-5
9.489451E-5
9.368062E-5
9.263299E-5
9.176751E-5
9.109489E-5
9.062014E-5
9.034238E-5
9.025488E-5
9.0345435E-5
9.059697E-5
9.098838E-5
9.149543E-5
9.2091796E-5
9.275E-5
9.344232E-5
9.414158E-5
9.482179E-5
9.545873E-5
9.603028E-5
9.651679E-5
9.69013E-5
9.716959E-5
9.7310374E-5
9.731523E-5
9.717865E-5
9.6897995E-5
9.647344E-5
9.590791E-5
9.5206975E-5
9.4378775E-5
9.343388E-5
9.238521E-5
9.124779E-5
9.003865E-5
8.877655E-5
8.748172E-5
8.617559E-5
8.4880325E-5
8.361845E-5
8.24123E-5
8.128343E-5
8.025201E-5
7.933615E-5
7.8551224E-5
7.790931E-5
7.7418656E-5
7.7083314E-5
7.6902936E-5
7.687285E-5
7.698419E-5
7.722441E-5
7.75777E-5
7.8025754E-5
7.854841E-5
7.9124344E-5
7.9731784E-5
8.034905E-5
8.095513E-5
8.153009E-5
8.205545E-5
8.251444E-5
8.2892235E-5
8.317613E-5
8.335559E-5
8.342242E-5
8.3370716E-5
8.319697E-5
8.290001E-5
8.2481056E-5
8.194363E-5
8.129356E-5
8.053889E-5
7.968985E-5
7.875871E-5
7.775968E-5
7.6708726E-5
7.562337E-5
7.452243E-5
7.3425676E-5
7.235343E-5
7.132611E-5
7.036367E-5
6.948499E-5
6.870723E-5
6.804521E-5
6.751072E-5
6.711207E-5
6.6853645E-5
6.6735665E-5
6.6754226E-5
6.690143E-5
6.716579E-5
6.753274E-5
6.798527E-5
6.8504596E-5
6.9070884E-5
6.9663845E-5
7.026337E-5
7.085E-5
7.140538E-5
7.191256E-5
7.235629E-5
7.272321E-5
7.300197E-5
7.3183364E-5
7.326036E-5
7.322814E-5
7.308413E-5
7.2827934E-5
7.246137E-5
7.1988405E-5
7.141508E-5
7.074945E-5
7.00015E-5
6.9183036E-5
6.830751E-5
6.7389876E-5
6.644636E-5
6.549417E-5
6.4551205E-5
6.363566E-5
6.276556E-5
6.195828E-5
6.122997E-5
6.0595034E-5
6.0065544E-5
5.965074E-5
5.9356647E-5
5.9185757E-5
5.9136968E-5
5.9205606E-5
5.938368E-5
5.9660255E-5
6.0021954E-5
6.045352E-5
6.0938393E-5
6.1459315E-5
6.199883E-5
6.253978E-5
6.30657E-5
6.356114E-5
6.401194E-5
6.440541E-5
6.4730484E-5
6.497785E-5
6.513997E-5
6.521114E-5
6.518755E-5
6.506721E-5
6.485001E-5
6.453766E-5
6.4133645E-5
6.364324E-5
6.307338E-5
6.243263E-5
6.1731094E-5
6.0980303E-5
6.019304E-5
5.9383205E-5
5.8565573E-5
5.7755533E-5
5.696877E-5
5.622088E-5
5.5526976E-5
5.4901182E-5
5.4356184E-5
5.3902735E-5
5.3549214E-5
5.330126E-5
5.31615E-5
5.3129435E-5
5.3201453E-5
5.337099E-5
5.3628846E-5
5.3963573E-5
5.4361964E-5
5.4809545E-5
5.5291082E-5
5.579105E-5
5.6294066E-5
5.6785248E-5
5.725054E-5
5.7676938E-5
5.805271E-5
5.836752E-5
5.8612575E-5
5.8780668E-5
5.8866262E-5
5.8865506E-5
5.877625E-5
5.8598074E-5
5.833225E-5
5.798174E-5
5.755116E-5
5.704673E-5
5.6476245E-5
5.5848945E-5
5.517546E-5
5.4467655E-5
5.373847E-5
5.3001713E-5
5.2271804E-5
5.1563457E-5
5.089134E-5
5.0269635E-5
4.9711616E-5
4.922916E-5
4.8832277E-5
4.8528716E-5
4.8323574E-5
4.8219077E-5
4.821447E-5
4.8306043E-5
4.848732E-5
4.8749356E-5
4.908116E-5
4.947014E-5
4.9902595E-5
5.03642E-5
5.0840445E-5
5.1317045E-5
5.1780262E-5
5.2217194E-5
5.2616007E-5
5.296609E-5
5.3258198E-5
5.3484528E-5
5.3638803E-5
5.37163E-5
5.3713866E-5
5.3629945E-5
5.3464548E-5
5.3219243E-5
5.2897136E-5
5.250283E-5
5.2042375E-5
5.15232E-5
5.095403E-5
5.0344803E-5
4.970652E-5
4.9051094E-5
4.8391146E-5
4.7739777E-5
4.7110272E-5
4.6515772E-5
4.5968907E-5
4.5481378E-5
4.5063574E-5
4.4724136E-5
4.4469612E-5
4.430417E-5
4.4229393E-5
4.4244214E-5
4.434497E-5
4.4525583E-5
4.4777822E-5
4.5091703E-5
4.5455865E-5
4.585801E-5
4.6285328E-5
4.6724865E-5
4.716389E-5
4.759016E-5
4.7992187E-5
4.8359412E-5
4.8682366E-5
4.8952774E-5
4.9163642E-5
4.9309325E-5
4.9385533E-5
4.9389397E-5
4.931944E-5
4.917559E-5
4.895918E-5
4.8672922E-5
4.8320875E-5
4.790841E-5
4.7442158E-5
4.6929956E-5
4.6380737E-5
4.580445E-5
4.521189E-5
4.4614557E-5
4.4024404E-5
4.3453616E-5
4.291429E-5
4.2418094E-5
4.1975913E-5
4.1597443E-5
4.129083E-5
4.1062318E-5
4.0915955E-5
4.085343E-5
4.0873954E-5
4.0974322E-5
4.1149062E-5
4.1390667E-5
4.168995E-5
4.2036398E-5
4.2418593E-5
4.282459E-5
4.324228E-5
4.365972E-5
4.4065404E-5
4.4448516E-5
4.47991E-5
4.5108198E-5
4.536799E-5
4.5571847E-5
4.571441E-5
4.5791618E-5
4.5800734E-5
4.574037E-5
4.561046E-5
4.5412286E-5
4.5148437E-5
4.4822795E-5
4.4440487E-5
4.400786E-5
4.353238E-5
4.3022577E-5
4.2487933E-5
4.1938725E-5
4.1385876E-5
4.084074E-5
4.0314833E-5
3.9819573E-5
3.9365925E-5
3.896405E-5
3.8622948E-5
3.8350096E-5
3.8151113E-5
3.802953E-5
3.7986607E-5
3.8021273E-5
3.8130183E-5
3.8307884E-5
3.8547063E-5
3.883888E-5
3.9173312E-5
3.9539562E-5
3.9926403E-5
4.032251E-5
4.0716786E-5
4.109859E-5
4.1457955E-5
4.1785763E-5
4.207385E-5
4.2315132E-5
4.250365E-5
4.2634627E-5
4.2704498E-5
4.2710937E-5
4.265285E-5
4.253037E-5
4.2344866E-5
4.2098898E-5
4.1796222E-5
4.144171E-5
4.1041352E-5
4.0602154E-5
4.0132072E-5
3.9639915E-5
3.9135215E-5
3.8628055E-5
3.8128892E-5
3.7648322E-5
3.7196805E-5
3.6784364E-5
3.6420282E-5
3.6112735E-5
3.5868496E-5
3.5692647E-5
3.5588324E-5
3.555661E-5
3.559645E-5
3.5704714E-5
3.5876357E-5
3.6104626E-5
3.638138E-5
3.66974E-5
3.7042744E-5
3.7407062E-5
3.7779926E-5
3.8151076E-5
3.8510672E-5
3.8849485E-5
3.9159037E-5
3.9431732E-5
3.9660943E-5
3.9841078E-5
3.996764E-5
4.0037234E-5
4.0047624E-5
3.99977E-5
3.9887516E-5
3.9718263E-5
3.9492268E-5
3.921296E-5
3.8884853E-5
3.8513495E-5
3.8105423E-5
3.7668076E-5
3.7209717E-5
3.6739304E-5
3.6266352E-5
3.5800735E-5
3.535248E-5
3.4931516E-5
3.454737E-5
3.4208868E-5
3.392381E-5
3.369867E-5
3.35383E-5
3.3445718E-5
3.3421955E-5
3.3466025E-5
3.357495E-5
3.37439E-5
3.396644E-5
3.4234785E-5
3.4540135E-5
3.4872988E-5
3.522348E-5
3.5581652E-5
3.5937737E-5
3.628237E-5
3.6606765E-5
3.6902882E-5
3.7163518E-5
3.7382408E-5
3.7554295E-5
3.7674952E-5
3.7741236E-5
3.775109E-5
3.7703565E-5
3.7598802E-5
3.7438047E-5
3.7223614E-5
3.695888E-5
3.6648245E-5
3.6297097E-5
3.5911737E-5
3.549934E-5
3.5067827E-5
3.4625773E-5
3.418225E-5
3.3746648E-5
3.332847E-5
3.2937078E-5
3.2581425E-5
3.2269756E-5
3.2009302E-5
3.1806E-5
3.1664233E-5
3.158662E-5
3.157391E-5
3.1624935E-5
3.1736676E-5
3.190439E-5
3.212186E-5
3.2381635E-5
3.267535E-5
3.2994023E-5
3.3328357E-5
3.366902E-5
3.400687E-5
3.4333167E-5
3.4639743E-5
3.491912E-5
3.516464E-5
3.5370515E-5
3.5531895E-5
3.564491E-5
3.5706693E-5
3.5715395E-5
3.5670197E-5
3.55713E-5
3.5419926E-5
3.52183E-5
3.496963E-5
3.4678083E-5
3.4348734E-5
3.3987522E-5
3.3601187E-5
3.3197175E-5
3.2783537E-5
3.2368785E-5
3.196173E-5
3.1571282E-5
3.120623E-5
3.0874966E-5
3.058523E-5
3.0343808E-5
3.0156276E-5
3.0026751E-5
2.9957706E-5
2.9949852E-5
3.00021E-5
3.0111622E-5
3.0273977E-5
3.0483316E-5
3.073263E-5
3.1014042E-5
3.1319076E-5
3.163896E-5
3.196486E-5
3.228812E-5
3.2600456E-5
3.2894102E-5
3.3161956E-5
3.3397664E-5
3.3595697E-5
3.375142E-5
3.386112E-5
3.3922035E-5
3.3932378E-5
3.389133E-5
3.3799064E-5
3.3656725E-5
3.3466415E-5
3.3231187E-5
3.2955017E-5
3.2642754E-5
3.230009E-5
3.1933487E-5
3.1550084E-5
3.1157615E-5
3.076425E-5
3.037847E-5
3.0008827E-5
2.9663763E-5
2.9351333E-5
2.9078954E-5
2.8853117E-5
2.8679135E-5
2.85609E-5
2.8500715E-5
2.8499178E-5
2.855515E-5
2.8665818E-5
2.8826822E-5
2.9032459E-5
2.9275927E-5
2.9549605E-5
2.9845321E-5
3.0154633E-5
3.0469067E-5
3.0780335E-5
3.108052E-5
3.1362226E-5
3.1618707E-5
3.1843938E-5
3.2032705E-5
3.218066E-5
3.2284326E-5
3.2341162E-5
3.2349555E-5
3.2308824E-5
3.221923E-5
3.2081967E-5
3.189914E-5
3.167376E-5
3.1409705E-5
3.111169E-5
3.0785217E-5
3.0436508E-5
3.0072428E-5
2.970038E-5
2.9328176E-5
2.8963883E-5
2.8615636E-5
2.8291422E-5
2.7998853E-5
2.7744893E-5
2.7535614E-5
2.7375945E-5
2.7269461E-5
2.7218213E-5
2.7222639E-5
2.7281538E-5
2.7392127E-5
2.7550182E-5
2.7750224E-5
2.798575E-5
2.8249502E-5
2.8533723E-5
2.8830405E-5
2.913153E-5
2.9429262E-5
2.9716124E-5
2.9985136E-5
3.0229925E-5
3.0444815E-5
3.0624888E-5
3.0766034E-5
3.0864994E-5
3.0919367E-5
3.092764E-5
3.0889176E-5
3.0804233E-5
3.0673953E-5
3.0500345E-5
3.0286272E-5
3.0035424E-5
2.9752293E-5
2.9442112E-5
2.911081E-5
2.8764929E-5
2.8411527E-5
2.8058057E-5
2.7712218E-5
2.7381784E-5
2.7074386E-5
2.6797301E-5
2.6557194E-5
2.6359878E-5
2.6210077E-5
2.6111215E-5
2.6065263E-5
2.6072643E-5
2.6132207E-5
2.6241292E-5
2.6395846E-5
2.6590607E-5
2.6819338E-5
2.7075064E-5
2.7350334E-5
2.763745E-5
2.7928705E-5
2.8216562E-5
2.8493827E-5
2.8753782E-5
2.8990296E-5
2.9197907E-5
2.9371882E-5
2.9508272E-5
2.9603942E-5
2.9656592E-5
2.9664776E-5
2.9627903E-5
2.9546241E-5
2.9420919E-5
2.9253899E-5
2.9047978E-5
2.8806753E-5
2.8534592E-5
2.8236587E-5
2.7918495E-5
2.7586666E-5
2.7247945E-5
2.690955E-5
2.6578935E-5
2.6263604E-5
2.5970918E-5
2.5707875E-5
2.5480866E-5
2.5295441E-5
2.5156076E-5
2.5065981E-5
2.502695E-5
2.5039275E-5
2.5101732E-5
2.5211639E-5
2.5364989E-5
2.5556626E-5
2.5780468E-5
2.602975E-5
2.629726E-5
2.6575586E-5
2.6857311E-5
2.7135207E-5
2.7402391E-5
2.7652452E-5
2.7879545E-5
2.8078486E-5
2.8244793E-5
2.8374743E-5
2.8465396E-5
2.8514616E-5
2.8521086E-5
2.848431E-5
2.8404615E-5
2.8283144E-5
2.8121849E-5
2.7923466E-5
2.76915E-5
2.7430182E-5
2.7144435E-5
2.683981E-5
2.6522423E-5
2.6198844E-5
2.5876001E-5
2.5561027E-5
2.5261095E-5
2.4983234E-5
2.4734105E-5
2.4519784E-5
2.434553E-5
2.4215571E-5
2.4132913E-5
2.409921E-5
2.4114684E-5
2.4178109E-5
2.428687E-5
2.4437097E-5
2.4623823E-5
2.4841213E-5
2.5082774E-5
2.5341606E-5
2.5610601E-5
2.5882668E-5
2.6150883E-5
2.640866E-5
2.664986E-5
2.6868884E-5
2.7060765E-5
2.722121E-5
2.7346641E-5
2.7434242E-5
2.7481958E-5
2.7488522E-5
2.7453456E-5
2.7377075E-5
2.7260478E-5
2.7105538E-5
2.6914891E-5
2.6691918E-5
2.6440697E-5
2.6165979E-5
2.5873127E-5
2.5568044E-5
2.5257086E-5
2.494695E-5
2.4644534E-5
2.4356781E-5
2.4090488E-5
2.3852104E-5
2.3647503E-5
2.3481765E-5
2.3358967E-5
2.3282006E-5
2.3252454E-5
2.3270499E-5
2.333492E-5
2.344315E-5
2.3591403E-5
2.3774837E-5
2.3987766E-5
2.4223878E-5
2.4476463E-5
2.4738625E-5
2.5003477E-5
2.5264317E-5
2.551476E-5
2.574887E-5
2.5961239E-5
2.614707E-5
2.6302228E-5
2.6423279E-5
2.6507521E-5
2.6553007E-5
2.6558546E-5
2.652372E-5
2.6448879E-5
2.6335134E-5
2.6184356E-5
2.5999147E-5
2.5782829E-5
2.5539408E-5
2.527353E-5
2.4990435E-5
2.4695877E-5
2.4396044E-5
2.4097442E-5
2.3806762E-5
2.3530723E-5
2.327589E-5
2.3048467E-5
2.2854092E-5
2.2697612E-5
2.2582894E-5
2.2512644E-5
2.248829E-5
2.2509905E-5
2.2576214E-5
2.2684646E-5
2.2831458E-5
2.3011915E-5
2.3220467E-5
2.3450992E-5
2.3696986E-5
2.3951794E-5
2.4208779E-5
2.4461488E-5
2.4703791E-5
2.4929992E-5
2.5134914E-5
2.531397E-5
2.5463214E-5
2.5579378E-5
2.5659901E-5
2.5702944E-5
2.5707403E-5
2.5672913E-5
2.5599848E-5
2.5489317E-5
2.5343152E-5
2.5163898E-5
2.4954783E-5
2.4719691E-5
2.4463132E-5
2.419017E-5
2.3906377E-5
2.3617726E-5
2.3330502E-5
2.3051161E-5
2.2786184E-5
2.2541893E-5
2.2324268E-5
2.2138725E-5
2.1989923E-5
2.1881568E-5
2.1816246E-5
2.1795302E-5
2.1818783E-5
2.188543E-5
2.1992731E-5
2.2137057E-5
2.2313809E-5
2.2517617E-5
2.2742546E-5
2.298231E-5
2.3230463E-5
2.3480583E-5
2.3726425E-5
2.3962059E-5
2.4181967E-5
2.438114E-5
2.4555133E-5
2.4700126E-5
2.4812956E-5
2.489114E-5
2.4932899E-5
2.493717E-5
2.4903602E-5
2.483257E-5
2.472516E-5
2.4583162E-5
2.4409062E-5
2.4206014E-5
2.3977813E-5
2.3728855E-5
2.3464092E-5
2.3188955E-5
2.2909282E-5
2.2631199E-5
2.2361006E-5
2.2105018E-5
2.1869395E-5
2.1659946E-5
2.1481936E-5
2.1339876E-5
2.1237338E-5
2.1176797E-5
2.1159514E-5
2.1185473E-5
2.1253389E-5
2.136076E-5
2.150399E-5
2.1678556E-5
2.1879183E-5
2.2100061E-5
2.2335047E-5
2.2577855E-5
2.2822227E-5
2.3062095E-5
2.3291697E-5
2.3505687E-5
2.3699216E-5
2.3867993E-5
2.4008335E-5
2.4117207E-5
2.4192237E-5
2.423174E-5
2.4234725E-5
2.4200906E-5
2.4130692E-5
2.4025185E-5
2.388618E-5
2.3716135E-5
2.3518163E-5
2.3295994E-5
2.3053939E-5
2.2796843E-5
2.253001E-5
2.2259133E-5
2.1990176E-5
2.1729258E-5
2.1482507E-5
2.1255879E-5
2.105499E-5
2.0884901E-5
2.074994E-5
2.0653506E-5
2.0597936E-5
2.0584375E-5
2.061274E-5
2.0681713E-5
2.0788808E-5
2.0930485E-5
2.1102316E-5
2.1299156E-5
2.1515358E-5
2.1744952E-5
2.1981845E-5
2.221998E-5
2.2453483E-5
2.2676788E-5
2.288473E-5
2.3072627E-5
2.3236344E-5
2.3372333E-5
2.3477667E-5
2.3550074E-5
2.3587938E-5
2.3590319E-5
2.3556957E-5
2.3488266E-5
2.338534E-5
2.324993E-5
2.3084443E-5
2.2891914E-5
2.267598E-5
2.2440847E-5
2.2191227E-5
2.1932292E-5
2.1669579E-5
2.1408898E-5
2.1156202E-5
2.0917452E-5
2.0698444E-5
2.050463E-5
2.0340933E-5
2.0211543E-5
2.0119754E-5
2.006782E-5
2.0056834E-5
2.0086685E-5
2.0156065E-5
2.0262527E-5
2.04026E-5
2.0571946E-5
2.0765538E-5
2.097785E-5
2.1203059E-5
2.1435213E-5
2.1668404E-5
2.1896902E-5
2.2115279E-5
2.2318502E-5
2.250201E-5
2.2661774E-5
2.2794344E-5
2.2896878E-5
2.296717E-5
2.3003657E-5
2.3005445E-5
2.2972297E-5
2.2904644E-5
2.2803571E-5
2.2670823E-5
2.2508775E-5
2.2320422E-5
2.2109347E-5
2.1879685E-5
2.1636073E-5
2.138359E-5
2.112767E-5
2.0874008E-5
2.0628437E-5
2.0396785E-5
2.018471E-5
1.9997531E-5
1.9840027E-5
1.9716257E-5
1.9629397E-5
1.9581581E-5
1.9573818E-5
1.9605932E-5
1.9676578E-5
1.9783296E-5
1.992264E-5
2.0090321E-5
2.0281394E-5
2.049043E-5
2.0711726E-5
2.0939466E-5
2.1167882E-5
2.1391395E-5
2.1604723E-5
2.1802976E-5
2.1981736E-5
2.2137103E-5
2.2265744E-5
2.2364924E-5
2.2432529E-5
2.2467078E-5
2.2467735E-5
2.243431E-5
2.2367258E-5
2.2267684E-5
2.2137321E-5
2.197852E-5
2.1794236E-5
2.1587992E-5
2.1363847E-5
2.1126347E-5
2.0880458E-5
2.0631496E-5
2.0385018E-5
2.014671E-5
1.9922247E-5
1.9717132E-5
1.9536521E-5
1.9385043E-5
1.926662E-5
1.91843E-5
1.9140118E-5
1.9135008E-5
1.9168754E-5
1.9239997E-5
1.9346302E-5
1.948428E-5
1.9649722E-5
1.9837787E-5
2.004318E-5
2.026033E-5
2.0483567E-5
2.0707274E-5
2.0926012E-5
2.1134645E-5
2.1328413E-5
2.1503016E-5
2.1654661E-5
2.1780113E-5
2.187671E-5
2.1942407E-5
2.1975766E-5
2.1975984E-5
2.1942888E-5
2.187694E-5
2.1779226E-5
2.1651456E-5
2.1495942E-5
2.1315585E-5
2.1113847E-5
2.089471E-5
2.0662632E-5
2.042249E-5
2.0179494E-5
1.9939092E-5
1.9706862E-5
1.948836E-5
1.9288975E-5
1.911375E-5
1.8967206E-5
1.885317E-5
1.87746E-5
1.8733468E-5
1.873065E-5
1.8765899E-5
1.8837845E-5
1.894407E-5
1.9081215E-5
1.9245128E-5
1.9431036E-5
1.963373E-5
1.9847734E-5
2.0067484E-5
2.0287469E-5
2.0502363E-5
2.0707132E-5
2.0897123E-5
2.1068136E-5
2.1216465E-5
2.1338961E-5
2.1433038E-5
2.1496711E-5
2.1528602E-5
2.1527949E-5
2.1494614E-5
2.142908E-5
2.1332446E-5
2.1206419E-5
2.1053302E-5
2.087597E-5
2.067785E-5
2.0462876E-5
2.0235448E-5
2.000037E-5
1.9762772E-5
1.9528008E-5
1.9301551E-5
1.9088848E-5
1.8895167E-5
1.8725432E-5
1.858404E-5
1.8474697E-5
1.8400255E-5
1.8362582E-5
1.836248E-5
1.8399638E-5
1.8472658E-5
1.857911E-5
1.8715658E-5
1.8878194E-5
1.9062016E-5
1.9262E-5
1.9472775E-5
1.9688892E-5
1.990496E-5
2.0115776E-5
2.0316433E-5
2.0502393E-5
2.0669571E-5
2.0814368E-5
2.0933723E-5
2.102514E-5
2.1086702E-5
2.1117088E-5
2.1115582E-5
2.1082078E-5
2.1017075E-5
2.0921674E-5
2.0797574E-5
2.064705E-5
2.0472944E-5
2.0278627E-5
2.0067973E-5
1.9845307E-5
1.9615343E-5
1.9383117E-5
1.9153878E-5
1.8932986E-5
1.8725772E-5
1.8537388E-5
1.8372642E-5
1.823582E-5
1.8130528E-5
1.8059527E-5
1.8024617E-5
1.8026549E-5
1.8064984E-5
1.8138517E-5
1.8244742E-5
1.8380357E-5
1.8541321E-5
1.8723005E-5
1.8920377E-5
1.9128167E-5
1.9341027E-5
1.9553672E-5
1.9761004E-5
1.9958212E-5
2.0140858E-5
2.0304937E-5
2.0446932E-5
2.056385E-5
2.065325E-5
2.0713262E-5
2.0742607E-5
2.0740594E-5
2.0707133E-5
2.0642734E-5
2.0548492E-5
2.0426094E-5
2.0277797E-5
2.010641E-5
1.9915267E-5
1.9708194E-5
1.9489462E-5
1.9263725E-5
1.9035946E-5
1.8811304E-5
1.8595076E-5
1.839251E-5
1.820867E-5
1.8048275E-5
1.7915525E-5
1.781394E-5
1.7746204E-5
1.7714052E-5
1.7718172E-5
1.775819E-5
1.7832675E-5
1.7939215E-5
1.8074521E-5
1.8234583E-5
1.8414818E-5
1.8610253E-5
1.8815694E-5
1.902587E-5
1.9235587E-5
1.9439833E-5
1.9633888E-5
1.98134E-5
1.9974452E-5
2.0113606E-5
2.0227944E-5
2.0315092E-5
2.0373243E-5
2.0401163E-5
2.0398209E-5
2.0364321E-5
2.0300033E-5
2.0206457E-5
2.0085281E-5
1.9938756E-5
1.9769674E-5
1.9581345E-5
1.9377552E-5
1.9162522E-5
1.8940847E-5
1.8717423E-5
1.8497349E-5
1.8285813E-5
1.8087972E-5
1.7908787E-5
1.7752875E-5
1.7624334E-5
1.7526583E-5
1.7462216E-5
1.7432885E-5
1.743922E-5
1.7480796E-5
1.7556162E-5
1.7662898E-5
1.7797744E-5
1.7956723E-5
1.8135315E-5
1.8328623E-5
1.8531531E-5
1.8738869E-5
1.8945533E-5
1.9146613E-5
1.9337484E-5
1.9513887E-5
1.9671992E-5
1.9808436E-5
1.9920375E-5
2.0005496E-5
2.0062042E-5
2.008882E-5
2.0085221E-5
2.0051206E-5
1.9987314E-5
1.9894664E-5
1.977493E-5
1.9630346E-5
1.9463674E-5
1.9278186E-5
1.907762E-5
1.8866147E-5
1.8648298E-5
1.8428898E-5
1.8212972E-5
1.8005634E-5
1.7811952E-5
1.7636807E-5
1.748473E-5
1.7359744E-5
1.726519E-5
1.72036E-5
1.7176566E-5
1.7184679E-5
1.7227487E-5
1.7303528E-5
1.7410393E-5
1.7544837E-5
1.7702925E-5
1.7880184E-5
1.8071776E-5
1.8272656E-5
1.8477722E-5
1.8681943E-5
1.8880486E-5
1.9068799E-5
1.9242694E-5
1.9398401E-5
1.9532627E-5
1.9642572E-5
1.9725978E-5
1.9781128E-5
1.9806866E-5
1.9802608E-5
1.9768338E-5
1.970461E-5
1.9612547E-5
1.9493827E-5
1.9350677E-5
1.9185843E-5
1.9002577E-5
1.8804592E-5
1.8596023E-5
1.8381359E-5
1.816538E-5
1.7953054E-5
1.7749433E-5
1.7559518E-5
1.7388122E-5
1.7239698E-5
1.711819E-5
1.7026867E-5
1.6968183E-5
1.694367E-5
1.6953856E-5
1.699825E-5
1.7075356E-5
1.7182752E-5
1.73172E-5
1.7474777E-5
1.7651051E-5
1.7841228E-5
1.8040324E-5
1.8243298E-5
1.8445198E-5
1.8641262E-5
1.8827015E-5
1.8998344E-5
1.9151554E-5
1.9283414E-5
1.9391195E-5
1.947269E-5
1.9526238E-5
1.9550725E-5
1.9545601E-5
1.951088E-5
1.944714E-5
1.935551E-5
1.9237676E-5
1.9095858E-5
1.8932791E-5
1.8751702E-5
1.8556277E-5
1.8350607E-5
1.8139139E-5
1.7926595E-5
1.7717879E-5
1.7517976E-5
1.7331811E-5
1.7164117E-5
1.7019269E-5
1.6901127E-5
1.6812884E-5
1.6756927E-5
1.6734719E-5
1.6746744E-5
1.6792475E-5
1.68704E-5
1.6978092E-5
1.7112332E-5
1.7269229E-5
1.744439E-5
1.7633085E-5
1.7830385E-5
1.8031324E-5
1.8231018E-5
1.842478E-5
1.8608205E-5
1.8777246E-5
1.892827E-5
1.9058107E-5
1.9164077E-5
1.924402E-5
1.9296309E-5
1.9319865E-5
1.931416E-5
1.9279227E-5
1.921565E-5
1.9124565E-5
1.9007655E-5
1.8867126E-5
1.87057E-5
1.8526582E-5
1.8333427E-5
1.8130295E-5
1.7921593E-5
1.7711996E-5
1.7506365E-5
1.7309627E-5
1.7126651E-5
1.696211E-5
1.682032E-5
1.670508E-5
1.6619524E-5
1.6565979E-5
1.6545864E-5
1.655962E-5
1.6606686E-5
1.6685533E-5
1.6793729E-5
1.6928052E-5
1.7084636E-5
1.7259115E-5
1.744679E-5
1.7642782E-5
1.7842172E-5
1.8040137E-5
1.8232036E-5
1.8413528E-5
1.8580617E-5
1.8729726E-5
1.8857734E-5
1.8962011E-5
1.9040437E-5
1.9091427E-5
1.9113933E-5
1.910746E-5
1.907206E-5
1.900834E-5
1.8917448E-5
1.8801073E-5
1.8661427E-5
1.8501227E-5
1.8323666E-5
1.8132387E-5
1.7931427E-5
1.7725162E-5
1.7518236E-5
1.7315462E-5
1.7121722E-5
1.6941833E-5
1.6780403E-5
1.6641685E-5
1.6529413E-5
1.6446653E-5
1.6395665E-5
1.637781E-5
1.6393475E-5
1.644206E-5
1.6522003E-5
1.6630856E-5
1.6765402E-5
1.6921782E-5
1.709566E-5
1.7282371E-5
1.7477087E-5
1.7674942E-5
1.7871163E-5
1.8061182E-5
1.8240708E-5
1.8405812E-5
1.8552972E-5
1.8679124E-5
1.8781684E-5
1.8858582E-5
1.890827E-5
1.8929735E-5
1.8922512E-5
1.8886676E-5
1.882285E-5
1.8732191E-5
1.8616394E-5
1.8477667E-5
1.831872E-5
1.8142731E-5
1.7953322E-5
1.77545E-5
1.7550612E-5
1.734626E-5
1.7146216E-5
1.695531E-5
1.6778306E-5
1.6619755E-5
1.648385E-5
1.6374264E-5
1.6294007E-5
1.6245283E-5
1.6229407E-5
1.6246724E-5
1.6296603E-5
1.6377464E-5
1.6486856E-5
1.6621563E-5
1.6777745E-5
1.6951093E-5
1.713698E-5
1.7330613E-5
1.752718E-5
1.7721954E-5
1.7910415E-5
1.8088325E-5
1.8251802E-5
1.839737E-5
1.8522007E-5
1.8623168E-5
1.8698818E-5
1.874744E-5
1.8768047E-5
1.8760196E-5
1.8723982E-5
1.8660037E-5
1.8569532E-5
1.8454164E-5
1.8316141E-5
1.815817E-5
1.7983424E-5
1.7795508E-5
1.7598419E-5
1.7396475E-5
1.7194257E-5
1.6996506E-5
1.6808017E-5
1.663351E-5
1.64775E-5
1.6344127E-5
1.6237016E-5
1.6159122E-5
1.6112603E-5
1.6098722E-5
1.6117783E-5
1.6169119E-5
1.6251122E-5
1.6361322E-5
1.6496497E-5
1.6652812E-5
1.6825968E-5
1.7011365E-5
1.720424E-5
1.7399812E-5
1.7593402E-5
1.7780529E-5
1.7956998E-5
1.8118975E-5
1.826303E-5
1.838618E-5
1.8485922E-5
1.8560258E-5
1.8607709E-5
1.862732E-5
1.8618672E-5
1.8581884E-5
1.8517612E-5
1.842704E-5
1.8311877E-5
1.817434E-5
1.8017134E-5
1.7843431E-5
1.765683E-5
1.7461312E-5
1.726118E-5
1.7060987E-5
1.6865446E-5
1.6679312E-5
1.6507269E-5
1.6353779E-5
1.6222933E-5
1.6118302E-5
1.6042784E-5
1.5998485E-5
1.5986612E-5
1.6007429E-5
1.6060227E-5
1.6143373E-5
1.6254382E-5
1.6390024E-5
1.6546472E-5
1.6719447E-5
1.6904367E-5
1.7096507E-5
1.7291126E-5
1.748358E-5
1.766944E-5
1.7844552E-5
1.8005125E-5
1.8147772E-5
1.8269553E-5
1.8368002E-5
1.8441156E-5
1.8487563E-5
1.8506298E-5
1.8496965E-5
1.8459701E-5
1.839518E-5
1.8304592E-5
1.818966E-5
1.8052599E-5
1.7896116E-5
1.7723378E-5
1.7537976E-5
1.7343873E-5
1.7145361E-5
1.694697E-5
1.6753384E-5
1.6569331E-5
1.639946E-5
1.6248192E-5
1.6119579E-5
1.6017146E-5
1.5943748E-5
1.5901443E-5
1.5891403E-5
1.5913845E-5
1.5968035E-5
1.6052314E-5
1.616418E-5
1.6300399E-5
1.6457145E-5
1.6630145E-5
1.6814844E-5
1.7006534E-5
1.7200502E-5
1.739214E-5
1.7577046E-5
1.7751106E-5
1.7910563E-5
1.8052062E-5
1.8172697E-5
1.8270033E-5
1.8342138E-5
1.8387584E-5
1.8405473E-5
1.839543E-5
1.8357618E-5
1.829272E-5
1.8201947E-5
1.8087028E-5
1.7950195E-5
1.7794157E-5
1.7622084E-5
1.7437565E-5
1.7244565E-5
1.7047363E-5
1.685048E-5
1.6658578E-5
1.6476368E-5
1.6308466E-5
1.6159265E-5
1.6032775E-5
1.593248E-5
1.5861193E-5
1.5820922E-5
1.5812791E-5
1.583698E-5
1.5892712E-5
1.59783E-5
1.6091215E-5
1.622821E-5
1.6385455E-5
1.6558683E-5
1.6743345E-5
1.6934759E-5
1.712823E-5
1.7319182E-5
1.7503247E-5
1.7676342E-5
1.7834745E-5
1.7975137E-5
1.8094644E-5
1.8190867E-5
1.82619E-5
1.8306351E-5
1.8323342E-5
1.831253E-5
1.8274091E-5
1.8208735E-5
1.8117687E-5
1.8002691E-5
1.7865987E-5
1.7710292E-5
1.7538783E-5
1.7355047E-5
1.7163045E-5
1.6967051E-5
1.6771568E-5
1.6581249E-5
1.6400776E-5
1.623474E-5
1.6087502E-5
1.5963036E-5
1.5864784E-5
1.5795513E-5
1.575719E-5
1.5750897E-5
1.577677E-5
1.5833999E-5
1.5920868E-5
1.603483E-5
1.6172624E-5
1.6330414E-5
1.650394E-5
1.6688666E-5
1.6879922E-5
1.7073038E-5
1.7263466E-5
1.7446862E-5
1.7619173E-5
1.7776709E-5
1.7916178E-5
1.8034734E-5
1.8130007E-5
1.8200119E-5
1.8243698E-5
1.8259894E-5
1.824838E-5
1.8209355E-5
1.8143544E-5
1.805219E-5
1.7937044E-5
1.7800361E-5
1.764487E-5
1.747375E-5
1.7290595E-5
1.7099364E-5
1.690433E-5
1.6709993E-5
1.6520991E-5
1.6341994E-5
1.6177575E-5
1.6032067E-5
1.5909418E-5
1.5813033E-5
1.5745643E-5
1.570918E-5
1.570468E-5
1.5732243E-5
1.5791024E-5
1.5879272E-5
1.599442E-5
1.6133186E-5
1.6291726E-5
1.6465778E-5
1.6650805E-5
1.684215E-5
1.703516E-5
1.72253E-5
1.7408249E-5
1.757998E-5
1.7736822E-5
1.7875514E-5
1.7993236E-5
1.808764E-5
1.8156872E-5
1.819959E-5
1.8214963E-5
1.8202689E-5
1.8162986E-5
1.80966E-5
1.800479E-5
1.7889332E-5
1.7752489E-5
1.7597005E-5
1.7426073E-5
1.7243292E-5
1.7052631E-5
1.6858363E-5
1.6664988E-5
1.6477137E-5
1.629947E-5
1.6136542E-5
1.5992668E-5
1.5871761E-5
1.57772E-5
1.5711674E-5
1.5677075E-5
1.5674399E-5
1.5703705E-5
1.5764108E-5
1.5853828E-5
1.5970265E-5
1.611012E-5
1.6269538E-5
1.6444244E-5
1.662971E-5
1.6821283E-5
1.7014321E-5
1.7204306E-5
1.7386936E-5
1.7558204E-5
1.7714468E-5
1.7852482E-5
1.7969456E-5
1.8063063E-5
1.8131477E-5
1.8173372E-5
1.8187946E-5
1.8174915E-5
1.8134517E-5
1.806752E-5
1.7975202E-5
1.7859355E-5
1.772226E-5
1.7566672E-5
1.7395798E-5
1.7213251E-5
1.7023007E-5
1.6829343E-5
1.6636759E-5
1.6449887E-5
1.6273381E-5
1.611178E-5
1.5969383E-5
1.585008E-5
1.575722E-5
1.569346E-5
1.5660653E-5
1.5659756E-5
1.5690792E-5
1.575284E-5
1.584408E-5
1.596189E-5
1.6102947E-5
1.6263377E-5
1.64389E-5
1.6624983E-5
1.6816972E-5
1.7010236E-5
1.7200264E-5
1.738277E-5
1.7553766E-5
1.7709623E-5
1.7847118E-5
1.7963477E-5
1.80564E-5
1.8124076E-5
1.8165203E-5
1.8179E-5
0.0
0.0
0.0
0.0
0.0
0.0
0.0
0.0
0.0
0.0
0.0
0.0
0.0
0.0
0.0
0.0
0.0
0.0
0.0
0.0
0.0
0.0
0.0
0.0
0.0
0.0
0.0
0.0
0.0
0.0
0.0
0.0
0.0
0.0
0.0
0.0
0.0
0.0
0.0
0.0
0.0
0.0
0.0
0.0
0.0
0.0
0.0
0.0
0.0
0.0
0.0
0.0
0.0
0.0
0.0
0.0
0.0
0.0
0.0
0.0
0.0
0.0
0.0
0.0
0.0
0.0
0.0
0.0
0.0
0.0
0.0
0.0
0.0
0.0
0.0
0.0
0.0
0.0
0.0
0.0
0.0
0.0
0.0
0.0
0.0
0.0
0.0
0.0
0.0
0.0
0.0
0.0
0.0
0.0
0.0
0.0
0.0
0.0
0.0
0.0
0.0
0.0
0.0
0.0
0.0
0.0
0.0
0.0
0.0
0.0
0.0
0.0
0.0
0.0
0.0
0.0
0.0
0.0
0.0
0.0
0.0
0.0
0.0
0.0
0.0
0.0
0.0
0.0
0.0
0.0
0.0
0.0
0.0
0.0
0.0
0.0
0.0
0.0
0.0
0.0
0.0
0.0
0.0
0.0
0.0
0.0
0.0
0.0
0.0
0.0
0.0
0.0
0.0
0.0
0.0
0.0
0.0
0.0
0.0
0.0
0.0
0.0
0.0
0.0
0.0
0.0
0.0
0.0
0.0
0.0
0.0
0.0
0.0
0.0
0.0
0.0
0.0
0.0
0.0
0.0
0.0
0.0
0.0
0.0
0.0
0.0
0.0
0.0
0.0
0.0
0.0
0.0
0.0
0.0
0.0
0.0
0.0
0.0
0.0
0.0
0.0
0.0
0.0
0.0
0.0
0.0
0.0
0.0
0.0
0.0
0.0
0.0
0.0
0.0
0.0
0.0
0.0
0.0
0.0
0.0
0.0
0.0
0.0
0.0
0.0
0.0
0.0
0.0
0.0
0.0
0.0
0.0
0.0
0.0
0.0
0.0
0.0
0.0
0.0
0.0
0.0
0.0
0.0
0.0
0.0
0.0
0.0
0.0
0.0
0.0
0.0
0.0
0.0
0.0
0.0
0.0
0.0
0.0
0.0
0.0
0.0
0.0
0.0
0.0
0.0
0.0
0.0
0.0
0.0
0.0
0.0
0.0
0.0
0.0
0.0
0.0
0.0
0.0
0.0
0.0
0.0
0.0
0.0
0.0
0.0
0.0
0.0
0.0
0.0
0.0
0.0
0.0
0.0
0.0
0.0
0.0
0.0
0.0
0.0
0.0
0.0
0.0
0.0
0.0
0.0
0.0
0.0
0.0
0.0
0.0
0.0
0.0
0.0
0.0
0.0
0.0
0.0
0.0
0.0
0.0
0.0
0.0
0.0
0.0
0.0
0.0
0.0
0.0
0.0
0.0
0.0
0.0
0.0
0.0
0.0
0.0
0.0
0.0
0.0
0.0
0.0
0.0
0.0
0.0
0.0
0.0
0.0
0.0
0.0
0.0
0.0
0.0
0.0
0.0
0.0
0.0
0.0
0.0
0.0
0.0
0.0
0.0
0.0
0.0
0.0
0.0
0.0
0.0
0.0
0.0
0.0
0.0
0.0
0.0
0.0
0.0
0.0
0.0
0.0
0.0
0.0
0.0
0.0
0.0
0.0
0.0
0.0
0.0
0.0
0.0
0.0
0.0
0.0
0.0
0.0
0.0
0.0
0.0
0.0
0.0
0.0
0.0
0.0
0.0
0.0
0.0
0.0
0.0
0.0
0.0
0.0
0.0
0.0
0.0
0.0
0.0
0.0
0.0
0.0
0.0
0.0
0.0
0.0
0.0
0.0
0.0
0.0
0.0
0.0
0.0
0.0
0.0
0.0
0.0
0.0
0.0
0.0
0.0
0.0
0.0
0.0
0.0
0.0
0.0
0.0
0.0
0.0
0.0
0.0
0.0
0.0
0.0
0.0
0.0
0.0
0.0
0.0
0.0
0.0
0.0
0.0
0.0
0.0
0.0
0.0
0.0
0.0
0.0
0.0
0.0
0.0
0.0
0.0
0.0
0.0
0.0
0.0
0.0
0.0
0.0
0.0
0.0
0.0
0.0
0.0
0.0
0.0
0.0
0.0
0.0
0.0
0.0
0.0
0.0
0.0
0.0
0.0
0.0
0.0
0.0
0.0
0.0
0.0
0.0
0.0
0.0
0.0
0.0
0.0
0.0
0.0
0.0
0.0
0.0
0.0
0.0
0.0
0.0
0.0
0.0
0.0
0.0
0.0
0.0
0.0
0.0
0.0
0.0
0.0
0.0
0.0
0.0
0.0
0.0
0.0
0.0
0.0
0.0
0.0
0.0
0.0
0.0
0.0
0.0
0.0
0.0
0.0
0.0
0.0
0.0
0.0
0.0
0.0
0.0
0.0
0.0
0.0
0.0
0.0
0.0
0.0
0.0
0.0
0.0
0.0
0.0
0.0
0.0
0.0
0.0
0.0
0.0
0.0
0.0
0.0
0.0
0.0
0.0
0.0
0.0
0.0
0.0
0.0
0.0
0.0
0.0
0.0
0.0
0.0
0.0
0.0
0.0
0.0
0.0
0.0
0.0
0.0
0.0
0.0
0.0
0.0
0.0
0.0
0.0
0.0
0.0
0.0
0.0
0.0
0.0
0.0
0.0
0.0
0.0
0.0
0.0
0.0
0.0
0.0
0.0
0.0
0.0
0.0
0.0
0.0
0.0
0.0
0.0
0.0
0.0
0.0
0.0
0.0
0.0
0.0
0.0
0.0
0.0
0.0
0.0
0.0
0.0
0.0
0.0
0.0
0.0
0.0
0.0
0.0
0.0
0.0
0.0
0.0
0.0
0.0
0.0
0.0
0.0
0.0
0.0
0.0
0.0
0.0
0.0
0.0
0.0
0.0
0.0
0.0
0.0
0.0
0.0
0.0
0.0
0.0
0.0
0.0
0.0
0.0
0.0
0.0
0.0
0.0
0.0
0.0
0.0
0.0
0.0
0.0
0.0
0.0
0.0
0.0
0.0
0.0
0.0
0.0
0.0
0.0
0.0
0.0
0.0
0.0
0.0
0.0
0.0
0.0
0.0
0.0
0.0
0.0
0.0
0.0
0.0
0.0
0.0
0.0
0.0
0.0
0.0
0.0
0.0
0.0
0.0
0.0
0.0
0.0
0.0
0.0
0.0
0.0
0.0
0.0
0.0
0.0
0.0
0.0
0.0
0.0
0.0
0.0
0.0
0.0
0.0
0.0
0.0
0.0
0.0
0.0
0.0
0.0
0.0
0.0
0.0
0.0
0.0
0.0
0.0
0.0
0.0
0.0
0.0
0.0
0.0
0.0
0.0
0.0
0.0
0.0
0.0
0.0
0.0
0.0
0.0
0.0
0.0
0.0
0.0
0.0
0.0
0.0
0.0
0.0
0.0
0.0
0.0
0.0
0.0
0.0
0.0
0.0
0.0
0.0
0.0
0.0
0.0
0.0
0.0
0.0
0.0
0.0
0.0
0.0
0.0
0.0
0.0
0.0
0.0
0.0
0.0
0.0
0.0
0.0
0.0
0.0
0.0
0.0
0.0
0.0
0.0
0.0
0.0
0.0
0.0
0.0
0.0
0.0
0.0
0.0
0.0
0.0
0.0
0.0
0.0
0.0
0.0
0.0
0.0
0.0
0.0
0.0
0.0
0.0
0.0
0.0
0.0
0.0
0.0
0.0
0.0
0.0
0.0
0.0
0.0
0.0
0.0
0.0
0.0
0.0
0.0
0.0
0.0
0.0
0.0
0.0
0.0
0.0
0.0
0.0
0.0
0.0
0.0
0.0
0.0
0.0
0.0
0.0
0.0
0.0
0.0
0.0
0.0
0.0
0.0
0.0
0.0
0.0
0.0
0.0
0.0
0.0
0.0
0.0
0.0
0.0
0.0
0.0
0.0
0.0
0.0
0.0
0.0
0.0
0.0
0.0
0.0
0.0
0.0
0.0
0.0
0.0
0.0
0.0
0.0
0.0
0.0
0.0
0.0
0.0
0.0
0.0
0.0
0.0
0.0
0.0
0.0
0.0
0.0
0.0
0.0
0.0
0.0
0.0
0.0
0.0
0.0
0.0
0.0
0.0
0.0
0.0
0.0
0.0
0.0
0.0
0.0
0.0
0.0
0.0
0.0
0.0
0.0
0.0
0.0
0.0
0.0
0.0
0.0
0.0
0.0
0.0
0.0
0.0
0.0
0.0
0.0
0.0
0.0
0.0
0.0
0.0
0.0
0.0
0.0
0.0
0.0
0.0
0.0
0.0
0.0
0.0
0.0
0.0
0.0
0.0
0.0
0.0
0.0
0.0
0.0
0.0
0.0
0.0
0.0
0.0
0.0
0.0
0.0
0.0
0.0
0.0
0.0
0.0
0.0
0.0
0.0
0.0
0.0
0.0
0.0
0.0
0.0
0.0
0.0
0.0
0.0
0.0
0.0
0.0
0.0
0.0
0.0
0.0
0.0
0.0
0.0
0.0
0.0
0.0
0.0
0.0
0.0
0.0
0.0
0.0
0.0
0.0
0.0
0.0
0.0
0.0
0.0
0.0
0.0
0.0
0.0
0.0
0.0
0.0
0.0
0.0
0.0
0.0
0.0
0.0
0.0
0.0
0.0
0.0
0.0
0.0
0.0
0.0
0.0
0.0
0.0
0.0
0.0
0.0
0.0
0.0
0.0
0.0
0.0
0.0
0.0
0.0
0.0
0.0
0.0
0.0
0.0
0.0
0.0
0.0
0.0
0.0
0.0
0.0
0.0
0.0
0.0
0.0
0.0
0.0
0.0
0.0
0.0
0.0
0.0
0.0
0.0
0.0
0.0
0.0
0.0
0.0
0.0
0.0
0.0
0.0
0.0
0.0
0.0
0.0
0.0
0.0
0.0
0.0
0.0
0.0
0.0
0.0
0.0
0.0
0.0
0.0
0.0
0.0
0.0
0.0
0.0
0.0
0.0
0.0
0.0
0.0
0.0
0.0
0.0
0.0
0.0
0.0
0.0
0.0
0.0
0.0
0.0
0.0
0.0
0.0
0.0
0.0
0.0
0.0
0.0
0.0
0.0
0.0
0.0
0.0
0.0
0.0
0.0
0.0
0.0
0.0
0.0
0.0
0.0
0.0
0.0
0.0
0.0
0.0
0.0
0.0
0.0
0.0
0.0
0.0
0.0
0.0
0.0
0.0
0.0
0.0
0.0
0.0
0.0
0.0
0.0
0.0
0.0
0.0
0.0
0.0
0.0
0.0
0.0
0.0
0.0
0.0
0.0
0.0
0.0
0.0
0.0
0.0
0.0
0.0
0.0
0.0
0.0
0.0
0.0
0.0
0.0
0.0
0.0
0.0
0.0
0.0
0.0
0.0
0.0
0.0
0.0
0.0
0.0
0.0
0.0
0.0
0.0
0.0
0.0
0.0
0.0
0.0
0.0
0.0
0.0
0.0
0.0
0.0
0.0
0.0
0.0
0.0
0.0
0.0
0.0
0.0
0.0
0.0
0.0
0.0
0.0
0.0
0.0
0.0
0.0
0.0
0.0
0.0
0.0
0.0
0.0
0.0
0.0
0.0
0.0
0.0
0.0
0.0
0.0
0.0
0.0
0.0
0.0
0.0
0.0
0.0
0.0
0.0
0.0
0.0
0.0
0.0
0.0
0.0
0.0
0.0
0.0
0.0
0.0
0.0
0.0
0.0
0.0
0.0
0.0
0.0
0.0
0.0
0.0
0.0
0.0
0.0
0.0
0.0
0.0
0.0
0.0
0.0
0.0
0.0
0.0
0.0
0.0
0.0
0.0
0.0
0.0
0.0
0.0
0.0
0.0
0.0
0.0
0.0
0.0
0.0
0.0
0.0
0.0
0.0
0.0
0.0
0.0
0.0
0.0
0.0
0.0
0.0
0.0
0.0
0.0
0.0
0.0
0.0
0.0
0.0
0.0
0.0
0.0
0.0
0.0
0.0
0.0
0.0
0.0
0.0
0.0
0.0
0.0
0.0
0.0
0.0
0.0
0.0
0.0
0.0
0.0
0.0
0.0
0.0
0.0
0.0
0.0
0.0
0.0
0.0
0.0
0.0
0.0
0.0
0.0
0.0
0.0
0.0
0.0
0.0
0.0
0.0
0.0
0.0
0.0
0.0
0.0
0.0
0.0
0.0
0.0
0.0
0.0
0.0
0.0
0.0
0.0
0.0
0.0
0.0
0.0
0.0
0.0
0.0
0.0
0.0
0.0
0.0
0.0
0.0
0.0
0.0
0.0
0.0
0.0
0.0
0.0
0.0
0.0
0.0
0.0
0.0
0.0
0.0
0.0
0.0
0.0
0.0
0.0
0.0
0.0
0.0
0.0
0.0
0.0
0.0
0.0
0.0
0.0
0.0
0.0
0.0
0.0
0.0
0.0
0.0
0.0
0.0
0.0
0.0
0.0
0.0
0.0
0.0
0.0
0.0
0.0
0.0
0.0
0.0
0.0
0.0
0.0
0.0
0.0
0.0
0.0
0.0
0.0
0.0
0.0
0.0
0.0
0.0
0.0
0.0
0.0
0.0
0.0
0.0
0.0
0.0
0.0
0.0
0.0
0.0
0.0
0.0
0.0
0.0
0.0
0.0
0.0
0.0
0.0
0.0
0.0
0.0
0.0
0.0
0.0
0.0
0.0
0.0
0.0
0.0
0.0
0.0
0.0
0.0
0.0
0.0
0.0
0.0
0.0
0.0
0.0
0.0
0.0
0.0
0.0
0.0
0.0
0.0
0.0
0.0
0.0
0.0
0.0
0.0
0.0
0.0
0.0
0.0
0.0
0.0
0.0
0.0
0.0
0.0
0.0
0.0
0.0
0.0
0.0
0.0
0.0
0.0
0.0
0.0
0.0
0.0
0.0
0.0
0.0
0.0
0.0
0.0
0.0
0.0
0.0
0.0
0.0
0.0
0.0
0.0
0.0
0.0
0.0
0.0
0.0
0.0
0.0
0.0
0.0
0.0
0.0
0.0
0.0
0.0
0.0
0.0
0.0
0.0
0.0
0.0
0.0
0.0
0.0
0.0
0.0
0.0
0.0
0.0
0.0
0.0
0.0
0.0
0.0
0.0
0.0
0.0
0.0
0.0
0.0
0.0
0.0
0.0
0.0
0.0
0.0
0.0
0.0
0.0
0.0
0.0
0.0
0.0
0.0
0.0
0.0
0.0
0.0
0.0
0.0
0.0
0.0
0.0
0.0
0.0
0.0
0.0
0.0
0.0
0.0
0.0
0.0
0.0
0.0
0.0
0.0
0.0
0.0
0.0
0.0
0.0
0.0
0.0
0.0
0.0
0.0
0.0
0.0
0.0
0.0
0.0
0.0
0.0
0.0
0.0
0.0
0.0
0.0
0.0
0.0
0.0
0.0
0.0
0.0
0.0
0.0
0.0
0.0
0.0
0.0
0.0
0.0
0.0
0.0
0.0
0.0
0.0
0.0
0.0
0.0
0.0
0.0
0.0
0.0
0.0
0.0
0.0
0.0
0.0
0.0
0.0
0.0
0.0
0.0
0.0
0.0
0.0
0.0
0.0
0.0
0.0
0.0
0.0
0.0
0.0
0.0
0.0
0.0
0.0
0.0
0.0
0.0
0.0
0.0
0.0
0.0
0.0
0.0
0.0
0.0
0.0
0.0
0.0
0.0
0.0
0.0
0.0
0.0
0.0
0.0
0.0
0.0
0.0
0.0
0.0
0.0
0.0
0.0
0.0
0.0
0.0
0.0
0.0
0.0
0.0
0.0
0.0
0.0
0.0
0.0
0.0
0.0
0.0
0.0
0.0
0.0
0.0
0.0
0.0
0.0
0.0
0.0
0.0
0.0
0.0
0.0
0.0
0.0
0.0
0.0
0.0
0.0
0.0
0.0
0.0
0.0
0.0
0.0
0.0
0.0
0.0
0.0
0.0
0.0
0.0
0.0
0.0
0.0
0.0
0.0
0.0
0.0
0.0
0.0
0.0
0.0
0.0
0.0
0.0
0.0
0.0
0.0
0.0
0.0
0.0
0.0
0.0
0.0
0.0
0.0
0.0
0.0
0.0
0.0
0.0
0.0
0.0
0.0
0.0
0.0
0.0
0.0
0.0
0.0
0.0
0.0
0.0
0.0
0.0
0.0
0.0
0.0
0.0
0.0
0.0
0.0
0.0
0.0
0.0
0.0
0.0
0.0
0.0
0.0
0.0
0.0
0.0
0.0
0.0
0.0
0.0
0.0
0.0
0.0
0.0
0.0
0.0
0.0
0.0
0.0
0.0
0.0
0.0
0.0
0.0
0.0
0.0
0.0
0.0
0.0
0.0
0.0
0.0
0.0
0.0
0.0
0.0
0.0
0.0
0.0
0.0
0.0
0.0
0.0
0.0
0.0
0.0
0.0
0.0
0.0
0.0
3.3588964E-5
3.310218E-5
3.2618907E-5
3.2139153E-5
3.1662912E-5
3.119019E-5
3.072099E-5
3.0255305E-5
2.9793146E-5
2.9334506E-5
2.887939E-5
2.84278E-5
2.7979733E-5
2.7535194E-5
2.7094182E-5
2.66567E-5
2.6222746E-5
2.5792324E-5
2.5365433E-5
2.4942075E-5
2.452225E-5
2.410596E-5
2.3693206E-5
2.3283988E-5
2.2878308E-5
2.2476166E-5
2.2077566E-5
2.1682503E-5
2.1290984E-5
2.0903006E-5
2.051857E-5
2.013768E-5
1.9760335E-5
1.9386534E-5
1.9016281E-5
1.8649576E-5
1.8286419E-5
1.7926812E-5
1.7570754E-5
1.7218248E-5
1.6869293E-5
1.6523893E-5
1.6182044E-5
1.584375E-5
1.5509011E-5
1.5177828E-5
1.4850202E-5
1.4526133E-5
1.4205622E-5
1.3888671E-5
1.3575279E-5
1.3265448E-5
1.2959177E-5
1.2656468E-5
1.2357323E-5
1.2061741E-5
1.1769722E-5
1.1481268E-5
1.119638E-5
1.0915057E-5
1.0637302E-5
1.0363114E-5
1.0092493E-5
9.825441E-6
9.561959E-6
9.302046E-6
9.045704E-6
8.792934E-6
8.543734E-6
8.298108E-6
8.056054E-6
7.817573E-6
7.5826665E-6
7.3513343E-6
7.1235777E-6
6.8993963E-6
6.678791E-6
6.4617625E-6
6.2483114E-6
6.0384377E-6
5.8321425E-6
5.6294257E-6
5.430288E-6
5.2347305E-6
5.0427525E-6
4.854355E-6
4.6695386E-6
4.4883036E-6
4.3106506E-6
4.1365797E-6
3.9660918E-6
3.7991865E-6
3.635865E-6
3.4761272E-6
3.3199735E-6
3.1674044E-6
3.0184206E-6
2.8730217E-6
2.7312085E-6
2.5929814E-6
4.916681E-6
4.654573E-6
4.3996383E-6
4.151878E-6
3.911293E-6
3.6778833E-6
3.45165E-6
3.2325934E-6
3.0207138E-6
2.816012E-6
2.6184885E-6
2.4281435E-6
2.2449776E-6
2.0689913E-6
1.9001849E-6
1.7385587E-6
1.5841134E-6
1.4368491E-6
1.2967662E-6
1.1638651E-6
1.038146E-6
9.196094E-7
8.082554E-7
7.0408424E-7
6.0709624E-7
5.1729165E-7
4.3467065E-7
3.592334E-7
2.9098015E-7
2.2991101E-7
1.7602613E-7
1.2932566E-7
8.9809674E-8
5.7478292E-8
3.2331585E-8
1.4369607E-8
3.592404E-9
0.0
