0.003962882
0.0039667063
0.003977298
0.0039921193
0.004007294
0.004018047
0.004019194
0.0040056105
0.003972625
0.0039163185
0.0038337382
0.0037230172
0.0035834354
0.0034154232
0.0032205277
0.0030013581
0.0027615232
0.0025055849
0.0022390573
0.0019685044
0.001701814
0.0014487776
0.0012220636
0.0010382175
9.164822E-4
8.7085384E-4
8.9755986E-4
9.7476493E-4
0.0010767345
0.0011839083
0.0012839723
0.001369803
0.0014375793
0.0014855795
0.0015134655
0.0015218502
0.001512019
0.0014857423
0.0014451433
0.001392604
0.0013307016
0.0012621697
0.0011898795
0.0011168319
0.0010461436
9.809985E-4
9.2452194E-4
8.7953114E-4
8.481587E-4
8.3142857E-4
8.2896615E-4
8.390182E-4
8.5879734E-4
8.8498817E-4
9.1420923E-4
9.4331976E-4
9.6957095E-4
9.90652E-4
0.0010046837
0.0010101943
0.0010060949
9.91661E-4
9.665235E-4
9.30665E-4
8.844252E-4
8.285126E-4
7.640288E-4
6.925141E-4
6.1603537E-4
5.373558E-4
4.6025708E-4
3.900851E-4
3.3434603E-4
3.020489E-4
2.9919628E-4
3.2290674E-4
3.633071E-4
4.1042553E-4
4.5726725E-4
4.9952837E-4
5.347288E-4
5.616181E-4
5.79846E-4
5.8978284E-4
5.924064E-4
5.892057E-4
5.82068E-4
5.7311903E-4
5.644996E-4
5.580802E-4
5.5515877E-4
5.5622676E-4
5.608953E-4
5.6801585E-4
5.7594664E-4
5.828664E-4
5.870507E-4
5.870695E-4
5.819059E-4
5.7101215E-4
5.543218E-4
5.322322E-4
5.055653E-4
4.755087E-4
4.4353466E-4
4.1128797E-4
3.804306E-4
3.5243525E-4
3.2834118E-4
3.0853364E-4
2.9265002E-4
2.797017E-4
2.684045E-4
2.576126E-4
2.467411E-4
2.3611975E-4
2.2724965E-4
2.2283591E-4
2.2628186E-4
2.4044178E-4
2.662873E-4
3.026651E-4
3.4715864E-4
3.970342E-4
4.4973224E-4
5.030098E-4
5.549445E-4
6.039082E-4
6.485448E-4
6.8775594E-4
7.2069204E-4
7.4674434E-4
7.655359E-4
7.7690976E-4
7.809139E-4
7.777838E-4
7.679216E-4
7.518748E-4
7.3031266E-4
7.0400356E-4
6.7379116E-4
6.405719E-4
6.052713E-4
5.688209E-4
5.321326E-4
4.9607083E-4
4.6142182E-4
4.2885856E-4
3.9890458E-4
3.7190033E-4
3.4798047E-4
3.2707042E-4
3.0890983E-4
2.9310302E-4
2.79188E-4
2.6670945E-4
2.5528012E-4
2.4461982E-4
2.3456756E-4
2.2506759E-4
2.1613456E-4
2.0780481E-4
2.0008348E-4
1.9289841E-4
1.8607182E-4
1.7931657E-4
1.7225766E-4
1.6447222E-4
1.5553809E-4
1.4508127E-4
1.3281671E-4
1.1858225E-4
1.0237223E-4
8.439211E-5
6.5206084E-5
4.6280973E-5
3.2252083E-5
3.372686E-5
5.039172E-5
7.242136E-5
9.558213E-5
1.18226315E-4
1.393889E-4
1.5833252E-4
1.7442885E-4
1.8712558E-4
1.9594016E-4
2.0046315E-4
2.0036653E-4
1.9541595E-4
1.8548865E-4
1.7060309E-4
1.5097694E-4
1.2716505E-4
1.0046111E-4
7.430241E-5
5.88E-5
6.9733396E-5
1.02809994E-4
1.455946E-4
1.9254122E-4
2.411693E-4
2.8990398E-4
3.3747483E-4
3.8274363E-4
4.2465815E-4
4.6224875E-4
4.946411E-4
5.210749E-4
5.40925E-4
5.5372063E-4
5.5916357E-4
5.5714307E-4
5.4774765E-4
5.312745E-4
5.0823705E-4
4.7937283E-4
4.456554E-4
4.0831527E-4
3.6887743E-4
3.2922332E-4
2.9167166E-4
2.5902395E-4
2.3438792E-4
2.2045475E-4
2.1822235E-4
2.2618522E-4
2.4104325E-4
2.5919272E-4
2.776804E-4
2.9442075E-4
3.0807944E-4
3.179038E-4
3.2358724E-4
3.251757E-4
3.230034E-4
3.176471E-4
3.098894E-4
3.0068352E-4
2.911111E-4
2.823227E-4
2.754515E-4
2.7149817E-4
2.712053E-4
2.7496103E-4
2.827759E-4
2.9434465E-4
3.0916237E-4
3.2664367E-4
3.4620723E-4
3.673167E-4
3.894865E-4
4.122676E-4
4.3522683E-4
4.57928E-4
4.7991963E-4
5.007312E-4
5.198768E-4
5.3686555E-4
5.5121636E-4
5.624745E-4
5.702289E-4
5.741281E-4
5.73894E-4
5.693319E-4
5.603382E-4
5.4690323E-4
5.2911177E-4
5.071401E-4
4.8125122E-4
4.5178816E-4
4.1916777E-4
3.8387554E-4
3.4646408E-4
3.0755956E-4
2.6788298E-4
2.283016E-4
1.8994331E-4
1.5444195E-4
1.2441468E-4
1.0400588E-4
9.7790486E-5
1.0616154E-4
1.240032E-4
1.45719E-4
1.6775256E-4
1.8809646E-4
2.0556444E-4
2.1939719E-4
2.2907922E-4
2.3425545E-4
2.3469326E-4
2.3026604E-4
2.2094764E-4
2.0681291E-4
1.8804318E-4
1.649396E-4
1.3795626E-4
1.0779941E-4
7.580944E-5
4.6046323E-5
3.635494E-5
6.122985E-5
9.783496E-5
1.3674973E-4
1.7543697E-4
2.1257972E-4
2.4718157E-4
2.7838422E-4
3.0542692E-4
3.2764385E-4
3.444732E-4
3.5546973E-4
3.6031756E-4
3.5884106E-4
3.510132E-4
3.369607E-4
3.1696516E-4
2.9146086E-4
2.6102897E-4
2.2639033E-4
1.8840101E-4
1.4806527E-4
1.0662389E-4
6.604984E-5
3.313401E-5
3.7727088E-5
6.981248E-5
1.0359101E-4
1.345716E-4
1.6141596E-4
1.8343396E-4
2.0023958E-4
2.1167927E-4
2.1781433E-4
2.1891562E-4
2.1546062E-4
2.0812963E-4
1.9779979E-4
1.8553357E-4
1.7255248E-4
1.601746E-4
1.4968148E-4
1.4208796E-4
1.3786013E-4
1.3673949E-4
1.3783033E-4
1.3991185E-4
1.4177409E-4
1.4243291E-4
1.4121486E-4
1.3776451E-4
1.3202001E-4
1.2418082E-4
1.1467601E-4
1.0413405E-4
9.334787E-5
8.321783E-5
7.463682E-5
6.827993E-5
6.434004E-5
6.241025E-5
6.1703904E-5
6.150532E-5
6.158792E-5
6.247572E-5
6.547105E-5
7.2244286E-5
8.401108E-5
1.0098735E-4
1.2257753E-4
1.4783273E-4
1.757322E-4
2.0528231E-4
2.3554261E-4
2.656376E-4
2.9477142E-4
3.2224768E-4
3.4749162E-4
3.700729E-4
3.8972616E-4
4.063672E-4
4.2010262E-4
4.3122986E-4
4.4022454E-4
4.477116E-4
4.5441708E-4
4.6110083E-4
4.684733E-4
4.7710765E-4
4.8736253E-4
4.993326E-4
5.128373E-4
5.2744953E-4
5.4255425E-4
5.574224E-4
5.712865E-4
5.834076E-4
5.9312966E-4
5.999204E-4
6.033995E-4
6.0335675E-4
5.9976237E-4
5.927695E-4
5.8271125E-4
5.700924E-4
5.5557373E-4
5.399496E-4
5.241155E-4
5.0902326E-4
4.956223E-4
4.8478847E-4
4.772475E-4
4.7350596E-4
4.7380818E-4
4.781318E-4
4.862241E-4
4.9766677E-4
5.1194883E-4
5.285292E-4
5.468777E-4
5.6649314E-4
5.869034E-4
6.076538E-4
6.2829163E-4
6.4835296E-4
6.673546E-4
6.847944E-4
7.0015877E-4
7.1293855E-4
7.2264904E-4
7.2885444E-4
7.311931E-4
7.294025E-4
7.23342E-4
7.1301154E-4
6.985667E-4
6.803273E-4
6.5877935E-4
6.3456956E-4
6.0849026E-4
5.8145204E-4
5.544418E-4
5.284634E-4
5.044594E-4
4.8322053E-4
4.652936E-4
4.5091263E-4
4.399769E-4
4.320919E-4
4.2666873E-4
4.2305782E-4
4.206847E-4
4.1916117E-4
4.1835563E-4
4.1841654E-4
4.1974676E-4
4.2292883E-4
4.2860737E-4
4.3734477E-4
4.494802E-4
4.6502805E-4
4.8364216E-4
5.0464954E-4
5.271341E-4
5.500425E-4
5.722867E-4
5.92832E-4
6.107645E-4
6.253417E-4
6.360292E-4
6.425262E-4
6.447844E-4
6.4301945E-4
6.377165E-4
6.2962977E-4
6.197703E-4
6.093794E-4
5.998755E-4
5.927681E-4
5.8952987E-4
5.9143896E-4
5.994158E-4
6.1390206E-4
6.3481845E-4
6.6161173E-4
6.933655E-4
7.2893105E-4
7.670432E-4
8.064044E-4
8.457368E-4
8.8381185E-4
9.194669E-4
9.516174E-4
9.792689E-4
0.0010015321
0.0010176399
0.0010269664
0.0010290463
0.0010235906
0.0010105002
9.898721E-4
9.619992E-4
9.273625E-4
8.8661705E-4
8.4057194E-4
7.901681E-4
7.3645875E-4
6.805983E-4
6.238495E-4
5.6761876E-4
5.1353156E-4
4.6354995E-4
4.2010468E-4
3.861326E-4
3.6478718E-4
3.5860197E-4
3.6837818E-4
3.9271443E-4
4.2867413E-4
4.7291035E-4
5.224259E-4
5.7483924E-4
6.283928E-4
6.818995E-4
7.3470006E-4
7.866409E-4
8.380523E-4
8.897046E-4
9.427194E-4
9.984234E-4
0.0010581493
0.0011230066
0.0011936624
0.001270178
0.0013519303
0.0014376302
0.0015254207
0.0016130336
0.0016979722
0.0017777039
0.0018498466
0.0019123431
0.0019636191
0.0020027233
0.0020294436
0.0020443979
0.0020490857
0.0020458864
0.0020379843
0.0020291915
0.0020236492
0.0020254045
0.0020379056
0.0020635047
0.002103098
0.0021560106
0.00222015
0.0022923728
0.0023689426
0.0024459795
0.002519822
0.002587286
0.0026458232
0.002693596
0.0027294895
0.0027530717
0.00276452
0.0027645137
0.0027541104
0.0027346027
0.0027073731
0.0026737514
0.0026348855
0.002591636
0.002544506
0.0024936046
0.0024386533
0.0023790253
0.0023138127
0.0022419125
0.002162122
0.0020732356
0.0019741417
0.001863919
0.0017419404
0.0016080005
0.0014624964
0.0013067251
0.0011434358
9.77943E-4
8.204599E-4
6.90509E-4
6.208025E-4
6.441148E-4
7.601856E-4
9.394447E-4
0.0011539976
0.0013864264
0.0016262245
0.0018664605
0.002102088
0.0023291805
0.002544597
0.0027458367
0.002930978
0.003098645
0.0032479789
0.0033785976
0.0034905418
0.0035842042
0.0036602449
0.0037195033
0.0037629125
0.0037914277
0.003805979
0.0038074574
0.0037967383
0.0037747454
0.0037425456
0.00370147
0.003653242
0.00360009
0.0035448219
0.0034908275
0.0034419792
0.0034024029
0.003376115
0.0033665532
0.0033760709
0.0034055095
0.003453959
0.0035187667
0.0035957934
0.0036798357
0.0037651146
0.003845744
0.003916122
0.003971231
0.0040068435
0.004019656
0.0040073567
0.0039686435
0.0039032064
0.0038116733
0.0036955317
0.0035570282
0.0033990485
0.003224985
0.003038597
0.0028438629
0.0026448339
0.0024454922
0.0022496178
0.0020606695
0.0018816808
0.0017151837
0.0015631544
0.0014269921
0.0013075299
0.001205073
0.0011194602
0.0010501307
9.961829E-4
9.564128E-4
9.2933484E-4
9.131999E-4
9.0602855E-4
9.0567407E-4
9.09913E-4
9.165507E-4
9.235247E-4
9.2899404E-4
9.3140575E-4
9.2953915E-4
9.2252705E-4
9.0985856E-4
8.9136435E-4
8.6718943E-4
8.377543E-4
8.0370804E-4
7.658762E-4
7.2520535E-4
6.827079E-4
6.394089E-4
5.962985E-4
5.542915E-4
5.1419676E-4
4.766981E-4
4.423477E-4
4.1157127E-4
3.8468323E-4
3.6190724E-4
3.433966E-4
3.2924817E-4
3.1950613E-4
3.1415556E-4
3.1311167E-4
3.162121E-4
3.2321937E-4
3.3383362E-4
3.477119E-4
3.6448654E-4
3.8377775E-4
4.05199E-4
4.283556E-4
4.5283986E-4
4.7822617E-4
5.0406763E-4
5.298956E-4
5.552234E-4
5.79552E-4
6.0237903E-4
6.2320736E-4
6.4155477E-4
6.5696216E-4
6.690006E-4
6.7727675E-4
6.8143697E-4
6.811701E-4
6.762103E-4
6.663393E-4
6.5139023E-4
6.312516E-4
6.058733E-4
5.752739E-4
5.3954916E-4
4.988821E-4
4.5355395E-4
4.039592E-4
3.5062674E-4
2.9426187E-4
2.3584871E-4
1.7696107E-4
1.209502E-4
7.843604E-5
7.76975E-5
1.1821461E-4
1.7089111E-4
2.2483229E-4
2.7658208E-4
3.244906E-4
3.6751258E-4
4.0490506E-4
4.3613845E-4
4.6086975E-4
4.789356E-4
4.90352E-4
4.953147E-4
4.941998E-4
4.8756285E-4
4.7613733E-4
4.6083253E-4
4.4272954E-4
4.23073E-4
4.0325132E-4
3.847532E-4
3.6908264E-4
3.5761858E-4
3.5142785E-4
3.5108338E-4
3.5657053E-4
3.6733857E-4
3.8247497E-4
4.009192E-4
4.2163586E-4
4.4371595E-4
4.664142E-4
4.891452E-4
5.114603E-4
5.330184E-4
5.5355974E-4
5.72886E-4
5.908475E-4
6.073391E-4
6.223013E-4
6.3572684E-4
6.4766814E-4
6.5824407E-4
6.6764216E-4
6.7611405E-4
6.8396115E-4
6.915106E-4
6.990813E-4
7.069431E-4
7.152747E-4
7.241253E-4
7.333879E-4
7.427882E-4
7.518922E-4
7.6013076E-4
7.6683756E-4
7.712962E-4
7.7278976E-4
7.70649E-4
7.642964E-4
7.5328344E-4
7.373208E-4
7.163019E-4
6.9032004E-4
6.59681E-4
6.249127E-4
5.867747E-4
5.462696E-4
5.046582E-4
4.6347783E-4
4.245518E-4
3.8995926E-4
3.6190078E-4
3.423802E-4
3.3270035E-4
3.3298688E-4
3.4209684E-4
3.5803107E-4
3.7855734E-4
4.0168478E-4
4.2587583E-4
4.5006973E-4
4.7361935E-4
4.962021E-4
5.1773124E-4
5.382741E-4
5.5797945E-4
5.7701376E-4
5.9550867E-4
6.135216E-4
6.310107E-4
6.4782565E-4
6.6371355E-4
6.7833654E-4
6.912985E-4
7.021767E-4
7.105545E-4
7.160523E-4
7.18355E-4
7.1723294E-4
7.1255735E-4
7.0430886E-4
6.925785E-4
6.775627E-4
6.5955194E-4
6.3891325E-4
6.160698E-4
5.9147686E-4
5.6559773E-4
5.388819E-4
5.1174837E-4
4.8457613E-4
4.5770546E-4
4.314494E-4
4.0611572E-4
3.8203533E-4
3.595909E-4
3.3923582E-4
3.2149052E-4
3.0690225E-4
2.9596084E-4
2.889793E-4
2.859747E-4
2.8659982E-4
2.901623E-4
2.957252E-4
3.0224776E-4
3.087203E-4
3.142681E-4
3.1821997E-4
3.2014912E-4
3.198946E-4
3.175678E-4
3.135443E-4
3.084363E-4
3.030383E-4
2.9823623E-4
2.948789E-4
2.9362494E-4
2.9480294E-4
2.9833277E-4
3.0374023E-4
3.1025815E-4
3.1697293E-4
3.2296995E-4
3.2744955E-4
3.2980504E-4
3.2966785E-4
3.269269E-4
3.2172925E-4
3.1446436E-4
3.057329E-4
2.9629772E-4
2.8701438E-4
2.787414E-4
2.722386E-4
2.6807364E-4
2.6656783E-4
2.678063E-4
2.7171467E-4
2.7817444E-4
2.871314E-4
2.9865844E-4
3.1295244E-4
3.3026864E-4
3.5081556E-4
3.7464465E-4
4.015677E-4
4.3112205E-4
4.6258376E-4
4.95017E-4
5.2734197E-4
5.58408E-4
5.87063E-4
6.122164E-4
6.328922E-4
6.482743E-4
6.5774337E-4
6.6090416E-4
6.5760594E-4
6.479536E-4
6.3231133E-4
6.112973E-4
5.85771E-4
5.5681006E-4
5.256769E-4
4.937684E-4
4.6254403E-4
4.334229E-4
4.076467E-4
3.8611924E-4
3.6925887E-4
3.5692303E-4
3.4845457E-4
3.4285043E-4
3.3899487E-4
3.3588076E-4
3.3276645E-4
3.2925588E-4
3.2531246E-4
3.2122133E-4
3.1751033E-4
3.148355E-4
3.1383923E-4
3.1500246E-4
3.185237E-4
3.2425992E-4
3.3174513E-4
3.402731E-4
3.4901057E-4
3.5710688E-4
3.6378021E-4
3.6837452E-4
3.703907E-4
3.694985E-4
3.655347E-4
3.584929E-4
3.485075E-4
3.358347E-4
3.208319E-4
3.0393768E-4
2.8565296E-4
2.6652482E-4
2.4713314E-4
2.2807963E-4
2.0997637E-4
1.9342832E-4
1.7900116E-4
1.6716514E-4
1.5821449E-4
1.5218163E-4
1.4878702E-4
1.474607E-4
1.4743334E-4
1.4785505E-4
1.478971E-4
1.4681718E-4
1.4399312E-4
1.3893895E-4
1.3131648E-4
1.2095252E-4
1.0787523E-4
9.2400274E-5
7.53606E-5
5.8781676E-5
4.7614056E-5
4.977335E-5
6.605985E-5
8.98738E-5
1.166581E-4
1.4413445E-4
1.7092329E-4
1.9599959E-4
2.1851767E-4
2.3775788E-4
2.5311505E-4
2.6410137E-4
2.7035282E-4
2.7163528E-4
2.6784756E-4
2.590208E-4
2.453138E-4
2.2700432E-4
2.044773E-4
1.7821035E-4
1.4875858E-4
1.16741685E-4
8.284405E-5
4.7895745E-5
1.4455139E-5
2.6593547E-5
6.08128E-5
9.440282E-5
1.2617037E-4
1.5542954E-4
1.815793E-4
2.0405682E-4
2.2232925E-4
2.3589507E-4
2.442913E-4
2.471058E-4
2.4399454E-4
2.3470493E-4
2.1910753E-4
1.9724363E-4
1.6941412E-4
1.3640041E-4
1.0021766E-4
6.75354E-5
6.074689E-5
9.3827286E-5
1.4477228E-4
2.0188093E-4
2.6118837E-4
3.205133E-4
3.78158E-4
4.3261182E-4
4.8248537E-4
5.265109E-4
5.6356424E-4
5.9269316E-4
6.13145E-4
6.243911E-4
6.26146E-4
6.183803E-4
6.0132827E-4
5.754892E-4
5.416267E-4
5.007693E-4
4.542195E-4
4.0358744E-4
3.5087555E-4
2.9866534E-4
2.504775E-4
2.1126887E-4
1.8731398E-4
1.8338107E-4
1.9805701E-4
2.2453512E-4
2.5585905E-4
2.8729203E-4
3.160075E-4
3.4038277E-4
3.5953798E-4
3.7308913E-4
3.8102202E-4
3.8363048E-4
3.8149103E-4
3.7545912E-4
3.6667628E-4
3.5657384E-4
3.46848E-4
3.3936728E-4
3.3597188E-4
3.381634E-4
3.467741E-4
3.6177735E-4
3.8234788E-4
4.0712117E-4
4.34503E-4
4.6291307E-4
4.909323E-4
5.173763E-4
5.4132496E-4
5.621315E-4
5.794204E-4
5.930779E-4
6.032349E-4
6.1023986E-4
6.1461935E-4
6.170248E-4
6.181657E-4
6.187335E-4
6.1932293E-4
6.2036194E-4
6.2206294E-4
6.2440435E-4
6.2714604E-4
6.2987517E-4
6.320712E-4
6.3317845E-4
6.326727E-4
6.301167E-4
6.2519766E-4
6.177485E-4
6.0775375E-4
5.9534336E-4
5.807784E-4
5.6443294E-4
5.4677646E-4
5.283615E-4
5.098197E-4
4.9187E-4
4.7533697E-4
4.6117662E-4
4.504944E-4
4.4453726E-4
4.4463537E-4
4.520817E-4
4.6796797E-4
4.9303175E-4
5.27576E-4
5.714862E-4
6.24317E-4
6.853969E-4
7.539116E-4
8.289513E-4
9.095286E-4
9.94577E-4
0.0010829424
0.0011733748
0.0012645256
0.0013549543
0.0014431457
0.0015275382
0.001606564
0.0016786995
0.0017425248
0.001796791
0.0018404932
0.001872946
0.0018938602
0.0019034147
0.0019023223
0.0018918781
0.0018739844
0.0018511348
0.0018263385
0.0018029617
0.0017844705
0.001774075
0.0017743177
0.0017866858
0.0018113536
0.0018471349
0.001891654
0.0019416758
0.0019934976
0.0020433161
0.0020875232
0.0021229202
0.0021468562
0.0021573124
0.0021529447
0.002133101
0.0020978171
0.0020478005
0.0019844049
0.0019095935
0.0018258936
0.0017363364
0.0016443711
0.0015537394
0.0014682831
0.0013916625
0.0013269769
0.0012763301
0.0012404477
0.001218497
0.0012082153
0.0012063214
0.0012090644
0.0012127359
0.0012140422
0.0012103133
0.0011995841
0.001180593
0.0011527358
0.0011159992
0.0010708901
0.0010183656
9.5976767E-4
8.9676655E-4
8.3131064E-4
7.6558476E-4
7.019694E-4
6.429881E-4
5.912128E-4
5.4908457E-4
5.1861466E-4
5.010094E-4
4.963857E-4
5.03791E-4
5.215689E-4
5.4786506E-4
5.810155E-4
6.1970926E-4
6.629688E-4
7.100394E-4
7.6026225E-4
8.1297144E-4
8.6743024E-4
9.2280615E-4
9.781776E-4
0.001032561
0.0010849488
0.0011343515
0.0011798356
0.0012205568
0.0012557838
0.0012849154
0.0013074876
0.0013231752
0.0013317865
0.0013332558
0.0013276326
0.0013150718
0.001295826
0.001270241
0.0012387552
0.001201905
0.001160334
0.0011148076
0.0010662279
0.0010156502
9.6429436E-4
9.135437E-4
8.649244E-4
8.2004914E-4
7.805122E-4
7.477286E-4
7.227299E-4
7.05961E-4
6.9714873E-4
6.953026E-4
6.988594E-4
7.059206E-4
7.145052E-4
7.227579E-4
7.290901E-4
7.3226047E-4
7.314122E-4
7.2608737E-4
7.1622926E-4
7.0218224E-4
6.8469025E-4
6.6489226E-4
6.4430444E-4
6.247718E-4
6.08361E-4
5.9716724E-4
5.930311E-4
5.9721514E-4
6.1015075E-4
6.313681E-4
6.596371E-4
6.9324306E-4
7.3027733E-4
7.688639E-4
8.0730015E-4
8.4412773E-4
8.781589E-4
9.08478E-4
9.34431E-4
9.556099E-4
9.71834E-4
9.831293E-4
9.897061E-4
9.919355E-4
9.903229E-4
9.854815E-4
9.781041E-4
9.689342E-4
9.587396E-4
9.4828405E-4
9.3830295E-4
9.294791E-4
9.224201E-4
9.176375E-4
9.155262E-4
9.163452E-4
9.2020136E-4
9.2703593E-4
9.366178E-4
9.485436E-4
9.622466E-4
9.770142E-4
9.92013E-4
0.0010063197
0.001018956
0.0010289254
0.0010352501
0.001037006
0.0010333555
0.0010235767
0.0010070888
9.834729E-4
9.52488E-4
9.1408275E-4
8.684033E-4
8.157969E-4
7.568135E-4
6.9220684E-4
6.229394E-4
5.5019755E-4
4.754337E-4
4.0046725E-4
3.277235E-4
2.6078481E-4
2.0552773E-4
1.7125932E-4
1.6659834E-4
1.88104E-4
2.2279733E-4
2.6021508E-4
2.9458632E-4
3.2285118E-4
3.4331158E-4
3.5502235E-4
3.5752964E-4
3.5075902E-4
3.3497473E-4
3.1078668E-4
2.7921677E-4
2.4188518E-4
2.014955E-4
1.630769E-4
1.3646815E-4
1.3571358E-4
1.6479254E-4
2.1300142E-4
2.699973E-4
3.300159E-4
3.898298E-4
4.4737017E-4
5.0115667E-4
5.500698E-4
5.9325545E-4
6.300824E-4
6.6012033E-4
6.831257E-4
6.9902994E-4
7.07927E-4
7.1005884E-4
7.0580014E-4
6.956402E-4
6.801643E-4
6.600335E-4
6.359643E-4
6.087078E-4
5.790299E-4
5.476914E-4
5.1542954E-4
4.8294076E-4
4.5086507E-4
4.1977206E-4
3.9014895E-4
3.623909E-4
3.3679328E-4
3.1354662E-4
2.927339E-4
2.7432974E-4
2.582025E-4
2.4411817E-4
2.3174725E-4
2.2067451E-4
2.1041228E-4
2.0041755E-4
1.9011286E-4
1.7891114E-4
1.6624478E-4
1.5160089E-4
1.3456953E-4
1.149259E-4
9.282122E-5
6.939346E-5
4.9245802E-5
4.6561712E-5
6.9447764E-5
1.0563518E-4
1.4783331E-4
1.9343167E-4
2.4102115E-4
2.894902E-4
3.3779794E-4
3.849184E-4
4.2983852E-4
4.715752E-4
5.092005E-4
5.4186926E-4
5.688469E-4
5.895348E-4
6.034929E-4
6.1045756E-4
6.103546E-4
6.0330634E-4
5.8963307E-4
5.6984794E-4
5.4464646E-4
5.1489024E-4
4.8158524E-4
4.4585514E-4
4.0890975E-4
3.7200662E-4
3.3640367E-4
3.0329783E-4
2.7374463E-4
2.4855894E-4
2.2821371E-4
2.1278026E-4
2.0196642E-4
1.9527653E-4
1.9224243E-4
1.9262097E-4
1.9646557E-4
2.0404287E-4
2.1563804E-4
2.3134453E-4
2.509334E-4
2.7384065E-4
2.992427E-4
3.261644E-4
3.5357894E-4
3.8048535E-4
4.0596377E-4
4.29215E-4
4.4958838E-4
4.6660143E-4
4.7995246E-4
4.895266E-4
4.953948E-4
4.9780536E-4
4.971673E-4
4.940252E-4
4.890246E-4
4.8287006E-4
4.762754E-4
4.699133E-4
4.6436882E-4
4.601063E-4
4.574568E-4
4.5663104E-4
4.5775555E-4
4.6092397E-4
4.6625003E-4
4.7390815E-4
4.8414903E-4
4.972842E-4
5.1364006E-4
5.3349003E-4
5.569812E-4
5.8407156E-4
6.14493E-4
6.4774463E-4
6.831147E-4
7.197224E-4
7.565697E-4
7.9259544E-4
8.267271E-4
8.5792586E-4
8.8522665E-4
9.077704E-4
9.248308E-4
9.3583483E-4
9.4037765E-4
9.382322E-4
9.29353E-4
9.138756E-4
8.921104E-4
8.645322E-4
8.317651E-4
7.945636E-4
7.537894E-4
7.1038405E-4
6.6533836E-4
6.196562E-4
5.7431404E-4
5.302148E-4
4.8813666E-4
4.4867932E-4
4.1221312E-4
3.788404E-4
3.483813E-4
3.2039394E-4
2.9423292E-4
2.691376E-4
2.4433498E-4
2.1913889E-4
1.9303734E-4
1.6577326E-4
1.3745518E-4
1.0880688E-4
8.1918326E-5
6.246081E-5
6.11758E-5
8.033417E-5
1.1001991E-4
1.4349972E-4
1.7786559E-4
2.116332E-4
2.4384586E-4
2.7379012E-4
3.0089964E-4
3.247209E-4
3.4490068E-4
3.6118194E-4
3.7340238E-4
3.8149394E-4
3.8548274E-4
3.8548946E-4
3.8173082E-4
3.7452267E-4
3.6428563E-4
3.515537E-4
3.369857E-4
3.2137803E-4
3.056733E-4
2.9095382E-4
2.7840008E-4
2.6919087E-4
2.6433356E-4
2.6445804E-4
2.6966166E-4
2.7949494E-4
2.9309836E-4
3.0941123E-4
3.2735852E-4
3.459715E-4
3.6444527E-4
3.8215498E-4
3.9865062E-4
4.1364148E-4
4.2697645E-4
4.386214E-4
4.4863464E-4
4.5714044E-4
4.6430196E-4
4.7029436E-4
4.7528028E-4
4.7939006E-4
4.82708E-4
4.8526647E-4
4.8704766E-4
4.8799222E-4
4.8801285E-4
4.8701031E-4
4.8488975E-4
4.8157465E-4
4.770179E-4
4.7120848E-4
4.641748E-4
4.5598496E-4
4.4674551E-4
4.3660018E-4
4.2572973E-4
4.1435365E-4
4.027342E-4
3.9118063E-4
3.80052E-4
3.6975383E-4
3.6072388E-4
3.534026E-4
3.481864E-4
3.4536765E-4
3.4507294E-4
3.47216E-4
3.5147963E-4
3.57333E-4
3.6407865E-4
3.709153E-4
3.7700293E-4
3.8152002E-4
3.837093E-4
3.829117E-4
3.7858973E-4
3.7034278E-4
3.5791562E-4
3.4120132E-4
3.2023925E-4
2.9520906E-4
2.664205E-4
2.3430055E-4
1.9937781E-4
1.6226684E-4
1.2365654E-4
8.432381E-5
4.532818E-5
1.2782833E-5
3.5478024E-5
7.049946E-5
1.0380871E-4
1.3436988E-4
1.6168291E-4
1.854164E-4
2.0536005E-4
2.2141216E-4
2.3357246E-4
2.4193486E-4
2.466806E-4
2.4807284E-4
2.4645653E-4
2.422669E-4
2.3605228E-4
2.2851565E-4
2.2057605E-4
2.1343865E-4
2.086339E-4
2.0794633E-4
2.1314772E-4
2.2556583E-4
2.4572402E-4
2.7329993E-4
3.0737513E-4
3.467424E-4
3.9011135E-4
4.362014E-4
4.83771E-4
5.31625E-4
5.786215E-4
6.236842E-4
6.658218E-4
7.0415146E-4
7.379242E-4
7.6654827E-4
7.896096E-4
8.068858E-4
8.1835204E-4
8.241786E-4
8.2471763E-4
8.204802E-4
8.121043E-4
8.0031506E-4
7.858804E-4
7.6956744E-4
7.5210346E-4
7.341482E-4
7.1628275E-4
6.990174E-4
6.828183E-4
6.6814845E-4
6.555127E-4
6.454951E-4
6.3877326E-4
6.3609733E-4
6.382281E-4
6.458396E-4
6.594072E-4
6.791118E-4
7.047879E-4
7.3592836E-4
7.717384E-4
8.1121654E-4
8.5324026E-4
8.9664E-4
9.402549E-4
9.829703E-4
0.0010237421
0.0010616115
0.0010957147
0.0011252932
0.0011497034
0.0011684296
0.0011810983
0.0011874939
0.0011875733
0.0011814762
0.0011695301
0.0011522457
0.0011302994
0.0011045043
0.0010757657
0.0010450245
0.0010131939
9.81094E-4
9.4939535E-4
9.1858284E-4
8.889468E-4
8.606093E-4
8.33581E-4
8.07844E-4
7.834433E-4
7.605767E-4
7.3966576E-4
7.213996E-4
7.067441E-4
6.969112E-4
6.932896E-4
6.973411E-4
7.1047473E-4
7.33922E-4
7.6863315E-4
8.1521017E-4
8.738731E-4
9.4444695E-4
0.0010263555
0.0011186181
0.0012198518
0.0013282896
0.0014418219
0.0015580651
0.0016744578
0.0017883828
0.0018973064
0.0019989307
0.0020913498
0.002173202
0.0022438131
0.0023033214
0.0023527853
0.0023942706
0.0024309224
0.002467023
0.0025080421
0.0025606647
0.0026327728
0.0027333267
0.0028720873
0.0030591425
0.0033042785
0.003616306
0.0040024854
0.0044681374
0.0050164405
0.0056483513
0.0063625798
0.007155583
0.008021571
0.008952537
0.009938326
0.0109667685
0.012023869
0.0130940685
0.014160566
0.015205698
0.01621136
0.017159462
0.018032392
0.018813495
0.01948752
0.020041056
0.020462893
0.020744361
0.02087957
0.020865588
0.020702524
0.020393535
0.019944735
0.019365024
0.018665837
0.017860828
0.016965475
0.015996672
0.014972252
0.013910522
0.012829776
0.01174784
0.010681627
0.009646752
0.008657181
0.007724961
0.006859998
0.006069919
0.0053599877
0.004733093
0.004189792
0.003728409
0.0033452048
0.0030346161
0.0027895952
0.0026020338
0.0024632423
0.0023644117
0.0022970014
0.002253014
0.0022251739
0.0022070424
0.0021930966
0.0021787905
0.0021605964
0.002136017
0.002103565
0.0020627028
0.0020137464
0.0019577364
0.0018962815
0.0018313894
0.0017652888
0.0017002594
0.0016384808
0.0015819113
0.0015322076
0.0014906866
0.0014583301
0.0014358148
0.0014235552
0.0014217402
0.0014303523
0.0014491722
0.0014777718
0.0015155146
0.001561567
0.0016149277
0.0016744692
0.0017389845
0.0018072287
0.0018779496
0.0019499058
0.0020218706
0.0020926292
0.0021609713
0.002225687
0.0022855694
0.0023394274
0.0023861085
0.0024245335
0.0024537367
0.0024729085
0.0024814392
0.0024789546
0.0024653436
0.002440772
0.0024056823
0.002360778
0.0023069922
0.0022454448
0.0021773872
0.0021041434
0.0020270464
0.0019473806
0.0018663326
0.0017849543
0.0017041441
0.0016246454
0.0015470639
0.0014718978
0.0013995775
0.0013305077
0.0012651044
0.0012038207
0.0011471562
0.0010956479
0.0010498415
0.0010102477
9.772883E-4
9.512442E-4
9.3221373E-4
9.200928E-4
9.1457955E-4
9.1520144E-4
9.21356E-4
9.3235396E-4
9.4745494E-4
9.658924E-4
9.868866E-4
0.0010096496
0.0010333888
0.0010573104
0.0010806288
0.0011025803
0.001122441
0.0011395488
0.0011533247
0.0011632933
0.0011690992
0.0011705209
0.0011674757
0.0011600225
0.0011483562
0.001132799
0.0011137857
0.0010918454
0.0010675823
0.0010416512
0.0010147359
9.875239E-4
9.606841E-4
9.3484356E-4
9.1056724E-4
8.8833884E-4
8.685442E-4
8.5145846E-4
8.372368E-4
8.2591054E-4
8.173886E-4
8.1146497E-4
8.07833E-4
8.0610387E-4
8.058307E-4
8.0653466E-4
8.077335E-4
8.089693E-4
8.098354E-4
8.1E-4
8.092259E-4
8.073843E-4
8.0446125E-4
8.005552E-4
7.958655E-4
7.906689E-4
7.852872E-4
7.800461E-4
7.7523E-4
7.7103806E-4
7.675483E-4
7.6469686E-4
7.622758E-4
7.5995165E-4
7.57302E-4
7.5386534E-4
7.491968E-4
7.4292393E-4
7.347961E-4
7.247243E-4
7.128071E-4
6.9934136E-4
6.848144E-4
6.6987635E-4
6.5528945E-4
6.418556E-4
6.303245E-4
6.2129466E-4
6.151229E-4
6.1186415E-4
6.1125745E-4
6.12764E-4
6.156469E-4
6.1907433E-4
6.2222494E-4
6.2437955E-4
6.2499207E-4
6.2373705E-4
6.2053563E-4
6.155622E-4
6.092316E-4
6.0216757E-4
5.951491E-4
5.890342E-4
5.846628E-4
5.8274704E-4
5.837668E-4
5.8789115E-4
5.949461E-4
6.0443574E-4
6.156092E-4
6.275535E-4
6.392915E-4
6.498682E-4
6.5841875E-4
6.64215E-4
6.666945E-4
6.654754E-4
6.6035986E-4
6.5132935E-4
6.385334E-4
6.2227284E-4
6.029788E-4
5.8118725E-4
5.575105E-4
5.326048E-4
5.071369E-4
4.8174828E-4
4.570212E-4
4.334483E-4
4.1140974E-4
3.9116212E-4
3.7284227E-4
3.5648723E-4
3.4206844E-4
3.2953417E-4
3.1885257E-4
3.1004607E-4
3.0320985E-4
2.985085E-4
2.9615036E-4
2.9634262E-4
2.992374E-4
3.0488233E-4
3.131891E-4
3.239276E-4
3.367435E-4
3.5119124E-4
3.667712E-4
3.8296363E-4
3.9925528E-4
4.1515805E-4
4.3022193E-4
4.4404328E-4
4.5627117E-4
4.6661234E-4
4.74836E-4
4.8077852E-4
4.8434793E-4
4.8552835E-4
4.843834E-4
4.810585E-4
4.7578156E-4
4.688611E-4
4.6068133E-4
4.5169328E-4
4.4240072E-4
4.3333977E-4
4.2505178E-4
4.1804902E-4
4.127759E-4
4.095696E-4
4.0862695E-4
4.0998426E-4
4.1351494E-4
4.1894513E-4
4.258835E-4
4.338586E-4
4.4235637E-4
4.508539E-4
4.5884657E-4
4.6586906E-4
4.7151037E-4
4.7542507E-4
4.7734083E-4
4.7706344E-4
4.7447917E-4
4.6955445E-4
4.6233262E-4
4.5292766E-4
4.4151436E-4
4.283156E-4
4.1358665E-4
3.97598E-4
3.806174E-4
3.628934E-4
3.4464215E-4
3.260398E-4
3.0722193E-4
2.882919E-4
2.693379E-4
2.5045872E-4
2.317972E-4
2.135796E-4
1.9615948E-4
1.8006051E-4
1.6600468E-4
1.5489425E-4
1.4769558E-4
1.4519335E-4
0.0
0.0
0.0
0.0
0.0
0.0
0.0
0.0
0.0
0.0
0.0
0.0
0.0
0.0
0.0
0.0
0.0
0.0
0.0
0.0
0.0
0.0
0.0
0.0
0.0
0.0
0.0
0.0
0.0
0.0
0.0
0.0
0.0
0.0
0.0
0.0
0.0
0.0
0.0
0.0
0.0
0.0
0.0
0.0
0.0
0.0
0.0
0.0
0.0
0.0
0.0
0.0
0.0
0.0
0.0
0.0
0.0
0.0
0.0
0.0
0.0
0.0
0.0
0.0
0.0
0.0
0.0
0.0
0.0
0.0
0.0
0.0
0.0
0.0
0.0
0.0
0.0
0.0
0.0
0.0
0.0
0.0
0.0
0.0
0.0
0.0
0.0
0.0
0.0
0.0
0.0
0.0
0.0
0.0
0.0
0.0
0.0
0.0
0.0
0.0
0.0
0.0
0.0
0.0
0.0
0.0
0.0
0.0
0.0
0.0
0.0
0.0
0.0
0.0
0.0
0.0
0.0
0.0
0.0
0.0
0.0
0.0
0.0
0.0
0.0
0.0
0.0
0.0
0.0
0.0
0.0
0.0
0.0
0.0
0.0
0.0
0.0
0.0
0.0
0.0
0.0
0.0
0.0
0.0
0.0
0.0
0.0
0.0
0.0
0.0
0.0
0.0
0.0
0.0
0.0
0.0
0.0
0.0
0.0
0.0
0.0
0.0
0.0
0.0
0.0
0.0
0.0
0.0
0.0
0.0
0.0
0.0
0.0
0.0
0.0
0.0
0.0
0.0
0.0
0.0
0.0
0.0
0.0
0.0
0.0
0.0
0.0
0.0
0.0
0.0
0.0
0.0
0.0
0.0
0.0
0.0
0.0
0.0
0.0
0.0
0.0
0.0
0.0
0.0
0.0
0.0
0.0
0.0
0.0
0.0
0.0
0.0
0.0
0.0
0.0
0.0
0.0
0.0
0.0
0.0
0.0
0.0
0.0
0.0
0.0
0.0
0.0
0.0
0.0
0.0
0.0
0.0
0.0
0.0
0.0
0.0
0.0
0.0
0.0
0.0
0.0
0.0
0.0
0.0
0.0
0.0
0.0
0.0
0.0
0.0
0.0
0.0
0.0
0.0
0.0
0.0
0.0
0.0
0.0
0.0
0.0
0.0
0.0
0.0
0.0
0.0
0.0
0.0
0.0
0.0
0.0
0.0
0.0
0.0
0.0
0.0
0.0
0.0
0.0
0.0
0.0
0.0
0.0
0.0
0.0
0.0
0.0
0.0
0.0
0.0
0.0
0.0
0.0
0.0
0.0
0.0
0.0
0.0
0.0
0.0
0.0
0.0
0.0
0.0
0.0
0.0
0.0
0.0
0.0
0.0
0.0
0.0
0.0
0.0
0.0
0.0
0.0
0.0
0.0
0.0
0.0
0.0
0.0
0.0
0.0
0.0
0.0
0.0
0.0
0.0
0.0
0.0
0.0
0.0
0.0
0.0
0.0
0.0
0.0
0.0
0.0
0.0
0.0
0.0
0.0
0.0
0.0
0.0
0.0
0.0
0.0
0.0
0.0
0.0
0.0
0.0
0.0
0.0
0.0
0.0
0.0
0.0
0.0
0.0
0.0
0.0
0.0
0.0
0.0
0.0
0.0
0.0
0.0
0.0
0.0
0.0
0.0
0.0
0.0
0.0
0.0
0.0
0.0
0.0
0.0
0.0
0.0
0.0
0.0
0.0
0.0
0.0
0.0
0.0
0.0
0.0
0.0
0.0
0.0
0.0
0.0
0.0
0.0
0.0
0.0
0.0
0.0
0.0
0.0
0.0
0.0
0.0
0.0
0.0
0.0
0.0
0.0
0.0
0.0
0.0
0.0
0.0
0.0
0.0
0.0
0.0
0.0
0.0
0.0
0.0
0.0
0.0
0.0
0.0
0.0
0.0
0.0
0.0
0.0
0.0
0.0
0.0
0.0
0.0
0.0
0.0
0.0
0.0
0.0
0.0
0.0
0.0
0.0
0.0
0.0
0.0
0.0
0.0
0.0
0.0
0.0
0.0
0.0
0.0
0.0
0.0
0.0
0.0
0.0
0.0
0.0
0.0
0.0
0.0
0.0
0.0
0.0
0.0
0.0
0.0
0.0
0.0
0.0
0.0
0.0
0.0
0.0
0.0
0.0
0.0
0.0
0.0
0.0
0.0
0.0
0.0
0.0
0.0
0.0
0.0
0.0
0.0
0.0
0.0
0.0
0.0
0.0
0.0
0.0
0.0
0.0
0.0
0.0
0.0
0.0
0.0
0.0
0.0
0.0
0.0
0.0
0.0
0.0
0.0
0.0
0.0
0.0
0.0
0.0
0.0
0.0
0.0
0.0
0.0
0.0
0.0
0.0
0.0
0.0
0.0
0.0
0.0
0.0
0.0
0.0
0.0
0.0
0.0
0.0
0.0
0.0
0.0
0.0
0.0
0.0
0.0
0.0
0.0
0.0
0.0
0.0
0.0
0.0
0.0
0.0
0.0
0.0
0.0
0.0
0.0
0.0
0.0
0.0
0.0
0.0
0.0
0.0
0.0
0.0
0.0
0.0
0.0
0.0
0.0
0.0
0.0
0.0
0.0
0.0
0.0
0.0
0.0
0.0
0.0
0.0
0.0
0.0
0.0
0.0
0.0
0.0
0.0
0.0
0.0
0.0
0.0
0.0
0.0
0.0
0.0
0.0
0.0
0.0
0.0
0.0
0.0
0.0
0.0
0.0
0.0
0.0
0.0
0.0
0.0
0.0
0.0
0.0
0.0
0.0
0.0
0.0
0.0
0.0
0.0
0.0
0.0
0.0
0.0
0.0
0.0
0.0
0.0
0.0
0.0
0.0
0.0
0.0
0.0
0.0
0.0
0.0
0.0
0.0
0.0
0.0
0.0
0.0
0.0
0.0
0.0
0.0
0.0
0.0
0.0
0.0
0.0
0.0
0.0
0.0
0.0
0.0
0.0
0.0
0.0
0.0
0.0
0.0
0.0
0.0
0.0
0.0
0.0
0.0
0.0
0.0
0.0
0.0
0.0
0.0
0.0
0.0
0.0
0.0
0.0
0.0
0.0
0.0
0.0
0.0
0.0
0.0
0.0
0.0
0.0
0.0
0.0
0.0
0.0
0.0
0.0
0.0
0.0
0.0
0.0
0.0
0.0
0.0
0.0
0.0
0.0
0.0
0.0
0.0
0.0
0.0
0.0
0.0
0.0
0.0
0.0
0.0
0.0
0.0
0.0
0.0
0.0
0.0
0.0
0.0
0.0
0.0
0.0
0.0
0.0
0.0
0.0
0.0
0.0
0.0
0.0
0.0
0.0
0.0
0.0
0.0
0.0
0.0
0.0
0.0
0.0
0.0
0.0
0.0
0.0
0.0
0.0
0.0
0.0
0.0
0.0
0.0
0.0
0.0
0.0
0.0
0.0
0.0
0.0
0.0
0.0
0.0
0.0
0.0
0.0
0.0
0.0
0.0
0.0
0.0
0.0
0.0
0.0
0.0
0.0
0.0
0.0
0.0
0.0
0.0
0.0
0.0
0.0
0.0
0.0
0.0
0.0
0.0
0.0
0.0
0.0
0.0
0.0
0.0
0.0
0.0
0.0
0.0
0.0
0.0
0.0
0.0
0.0
0.0
0.0
0.0
0.0
0.0
0.0
0.0
0.0
0.0
0.0
0.0
0.0
0.0
0.0
0.0
0.0
0.0
0.0
0.0
0.0
0.0
0.0
0.0
0.0
0.0
0.0
0.0
0.0
0.0
0.0
0.0
0.0
0.0
0.0
0.0
0.0
0.0
0.0
0.0
0.0
0.0
0.0
0.0
0.0
0.0
0.0
0.0
0.0
0.0
0.0
0.0
0.0
0.0
0.0
0.0
0.0
0.0
0.0
0.0
0.0
0.0
0.0
0.0
0.0
0.0
0.0
0.0
0.0
0.0
0.0
0.0
0.0
0.0
0.0
0.0
0.0
0.0
0.0
0.0
0.0
0.0
0.0
0.0
0.0
0.0
0.0
0.0
0.0
0.0
0.0
0.0
0.0
0.0
0.0
0.0
0.0
0.0
0.0
0.0
0.0
0.0
0.0
0.0
0.0
0.0
0.0
0.0
0.0
0.0
0.0
0.0
0.0
0.0
0.0
0.0
0.0
0.0
0.0
0.0
0.0
0.0
0.0
0.0
0.0
0.0
0.0
0.0
0.0
0.0
0.0
0.0
0.0
0.0
0.0
0.0
0.0
0.0
0.0
0.0
0.0
0.0
0.0
0.0
0.0
0.0
0.0
0.0
0.0
0.0
0.0
0.0
0.0
0.0
0.0
0.0
0.0
0.0
0.0
0.0
0.0
0.0
0.0
0.0
0.0
0.0
0.0
0.0
0.0
0.0
0.0
0.0
0.0
0.0
0.0
0.0
0.0
0.0
0.0
0.0
0.0
0.0
0.0
0.0
0.0
0.0
0.0
0.0
0.0
0.0
0.0
0.0
0.0
0.0
0.0
0.0
0.0
0.0
0.0
0.0
0.0
0.0
0.0
0.0
0.0
0.0
0.0
0.0
0.0
0.0
0.0
0.0
0.0
0.0
0.0
0.0
0.0
0.0
0.0
0.0
0.0
0.0
0.0
0.0
0.0
0.0
0.0
0.0
0.0
0.0
0.0
0.0
0.0
0.0
0.0
0.0
0.0
0.0
0.0
0.0
0.0
0.0
0.0
0.0
0.0
0.0
0.0
0.0
0.0
0.0
0.0
0.0
0.0
0.0
0.0
0.0
0.0
0.0
0.0
0.0
0.0
0.0
0.0
0.0
0.0
0.0
0.0
0.0
0.0
0.0
0.0
0.0
0.0
0.0
0.0
0.0
0.0
0.0
0.0
0.0
0.0
0.0
0.0
0.0
0.0
0.0
0.0
0.0
0.0
0.0
0.0
0.0
0.0
0.0
0.0
0.0
0.0
0.0
0.0
0.0
0.0
0.0
0.0
0.0
0.0
0.0
0.0
0.0
0.0
0.0
0.0
0.0
0.0
0.0
0.0
0.0
0.0
0.0
0.0
0.0
0.0
0.0
0.0
0.0
0.0
0.0
0.0
0.0
0.0
0.0
0.0
0.0
0.0
0.0
0.0
0.0
0.0
0.0
0.0
0.0
0.0
0.0
0.0
0.0
0.0
0.0
0.0
0.0
0.0
0.0
0.0
0.0
0.0
0.0
0.0
0.0
0.0
0.0
0.0
0.0
0.0
0.0
0.0
0.0
0.0
0.0
0.0
0.0
0.0
0.0
0.0
0.0
0.0
0.0
0.0
0.0
0.0
0.0
0.0
0.0
0.0
0.0
0.0
0.0
0.0
0.0
0.0
0.0
0.0
0.0
0.0
0.0
0.0
0.0
0.0
0.0
0.0
0.0
0.0
0.0
0.0
0.0
0.0
0.0
0.0
0.0
0.0
0.0
0.0
0.0
0.0
0.0
0.0
0.0
0.0
0.0
0.0
0.0
0.0
0.0
0.0
0.0
0.0
0.0
0.0
0.0
0.0
0.0
0.0
0.0
0.0
0.0
0.0
0.0
0.0
0.0
0.0
0.0
0.0
0.0
0.0
0.0
0.0
0.0
0.0
0.0
0.0
0.0
0.0
0.0
0.0
0.0
0.0
0.0
0.0
0.0
0.0
0.0
0.0
0.0
0.0
0.0
0.0
0.0
0.0
0.0
0.0
0.0
0.0
0.0
0.0
0.0
0.0
0.0
0.0
0.0
0.0
0.0
0.0
0.0
0.0
0.0
0.0
0.0
0.0
0.0
0.0
0.0
0.0
0.0
0.0
0.0
0.0
0.0
0.0
0.0
0.0
0.0
0.0
0.0
0.0
0.0
0.0
0.0
0.0
0.0
0.0
0.0
0.0
0.0
0.0
0.0
0.0
0.0
0.0
0.0
0.0
0.0
0.0
0.0
0.0
0.0
0.0
0.0
0.0
0.0
0.0
0.0
0.0
0.0
0.0
0.0
0.0
0.0
0.0
0.0
0.0
0.0
0.0
0.0
0.0
0.0
0.0
0.0
0.0
0.0
0.0
0.0
0.0
0.0
0.0
0.0
0.0
0.0
0.0
0.0
0.0
0.0
0.0
0.0
0.0
0.0
0.0
0.0
0.0
0.0
0.0
0.0
0.0
0.0
0.0
0.0
0.0
0.0
0.0
0.0
0.0
0.0
0.0
0.0
0.0
0.0
0.0
0.0
0.0
0.0
0.0
0.0
0.0
0.0
0.0
0.0
0.0
0.0
0.0
0.0
0.0
0.0
0.0
0.0
0.0
0.0
0.0
0.0
0.0
0.0
0.0
0.0
0.0
0.0
0.0
0.0
0.0
0.0
0.0
0.0
0.0
0.0
0.0
0.0
0.0
0.0
0.0
0.0
0.0
0.0
0.0
0.0
0.0
0.0
0.0
0.0
0.0
0.0
0.0
0.0
0.0
0.0
0.0
0.0
0.0
0.0
0.0
0.0
0.0
0.0
0.0
0.0
0.0
0.0
0.0
0.0
0.0
0.0
0.0
0.0
0.0
0.0
0.0
0.0
0.0
0.0
0.0
0.0
0.0
0.0
0.0
0.0
0.0
0.0
0.0
0.0
0.0
0.0
0.0
0.0
0.0
0.0
0.0
0.0
0.0
0.0
0.0
0.0
0.0
0.0
0.0
0.0
0.0
0.0
0.0
0.0
0.0
0.0
0.0
0.0
0.0
0.0
0.0
0.0
0.0
0.0
0.0
0.0
0.0
0.0
0.0
0.0
0.0
0.0
0.0
0.0
0.0
0.0
0.0
0.0
0.0
0.0
0.0
0.0
0.0
0.0
0.0
0.0
0.0
0.0
0.0
0.0
0.0
0.0
0.0
0.0
0.0
0.0
0.0
0.0
0.0
0.0
0.0
0.0
0.0
0.0
0.0
0.0
0.0
0.0
0.0
0.0
0.0
0.0
0.0
0.0
0.0
0.0
0.0
0.0
0.0
0.0
0.0
0.0
0.0
0.0
0.0
0.0
0.0
0.0
0.0
0.0
0.0
0.0
0.0
0.0
0.0
0.0
0.0
0.0
0.0
0.0
0.0
0.0
0.0
0.0
0.0
0.0
0.0
0.0
0.0
0.0
0.0
0.0
0.0
0.0
0.0
0.0
0.0
0.0
0.0
0.0
0.0
0.0
0.0
0.0
0.0
0.0
0.0
0.0
0.0
0.0
0.0
0.0
0.0
0.0
0.0
0.0
0.0
0.0
0.0
0.0
0.0
0.0
0.0
0.0
0.0
0.0
0.0
0.0
0.0
0.0
0.0
0.0
0.0
0.0
0.0
0.0
0.0
0.0
0.0
0.0
0.0
0.0
0.0
0.0
0.0
0.0
0.0
0.0
0.0
0.0
0.0
0.0
0.0
0.0
0.0
0.0
0.0
0.0
0.0
0.0
0.0
0.0
0.0
0.0
0.0
0.0
0.0
0.0
0.0
0.0
0.0
0.0
0.0
0.0
0.0
0.0
0.0
0.0
0.0
0.0
0.0
0.0
0.0
0.0
0.0
0.0
0.0
0.0
0.0
0.0
0.0
0.0
0.0
0.0
0.0
0.0
0.0
0.0
0.0
0.0
0.0
0.0
0.0
0.0
0.0
0.0
0.0
0.0
0.0
0.0
0.0
0.0
0.0
0.0
0.0
0.0
0.0
0.0
0.0
0.0
0.0
-1.6512215E-4
0.0
0.0
0.0
0.0
0.0
0.0
-1.5778546E-4
0.0
0.0
0.0
0.0
0.0
0.0
-1.506066E-4
0.0
0.0
0.0
0.0
0.0
0.0
-1.435864E-4
0.0
0.0
0.0
0.0
0.0
0.0
-1.3672565E-4
0.0
0.0
0.0
0.0
0.0
0.0
-1.3002516E-4
0.0
0.0
0.0
0.0
-1.2533764E-4
0.0
-1.2348569E-4
0.0
0.0
0.0
0.0
-1.1891366E-4
1.1800918E-4
-1.17108015E-4
0.0
0.0
0.0
0.0
-1.12651986E-4
1.1177075E-4
-2.217857E-4
0.0
0.0
0.0
0.0
-2.1310669E-4
1.0569546E-4
-2.0968184E-4
0.0
0.0
0.0
0.0
-2.0123686E-4
1.9956799E-4
-1.9790583E-4
0.0
0.0
0.0
0.0
-1.8969589E-4
1.880741E-4
-1.8645906E-4
0.0
0.0
0.0
9.003318E-5
-1.7848508E-4
1.7691057E-4
-1.7534282E-4
0.0
0.0
0.0
8.4569794E-5
-1.6760573E-4
8.303934E-5
-1.6455841E-4
0.0
0.0
-1.6003841E-4
7.927268E-5
-1.5705911E-4
7.778984E-5
-1.5410707E-4
0.0
7.559116E-5
-2.2459528E-4
3.707122E-4
-4.4053924E-4
2.1812218E-4
-2.1598501E-4
7.1286035E-5
7.0580485E-5
-3.4939183E-4
3.4589838E-4
-3.4242208E-4
4.067555E-4
-1.3420839E-4
0.0
-6.57377E-5
-3.9035766E-4
3.219248E-4
-3.1856875E-4
5.0436787E-4
-1.2476333E-4
-6.1720784E-5
0.0
-4.83275E-4
2.3903538E-4
-2.3644706E-4
3.5080884E-4
-1.1565594E-4
-5.7191253E-5
0.0
-4.4742558E-4
2.765093E-4
-2.1871594E-4
3.2435745E-4
-1.0688725E-4
-1.5849344E-4
-5.2222134E-5
-3.6131614E-4
3.0608714E-4
-2.0166369E-4
1.9928318E-4
-1.4768743E-4
-1.4592292E-4
0.0
-3.323254E-4
3.2828125E-4
-2.3161536E-4
1.830092E-4
-9.037003E-5
-2.2310606E-4
8.81218E-5
-2.6102446E-4
3.006552E-4
-2.120045E-4
8.37091E-5
-1.2393508E-4
-2.0386167E-4
1.6094587E-4
-1.985205E-4
2.350514E-4
-1.9324933E-4
7.6256E-5
-7.521927E-5
-1.483791E-4
2.5608393E-4
-1.8037786E-4
2.1342738E-4
-1.7535199E-4
3.4573077E-5
0.0
-6.717793E-5
1.9861307E-4
-1.6309453E-4
1.9283491E-4
-2.2164038E-4
3.119019E-5
6.144198E-5
-6.051061E-5
2.3834516E-4
-1.4667252E-4
1.7327635E-4
-1.705668E-4
0.0
5.5070388E-5
-2.7094182E-5
1.865969E-4
-1.3111373E-4
1.2896162E-4
-1.2682716E-4
2.4942075E-5
4.90445E-5
-2.410596E-5
1.8954565E-4
-1.3970393E-4
1.1439154E-4
-8.9904664E-5
2.2077566E-5
8.673001E-5
-8.5163934E-5
1.2541802E-4
-1.2311143E-4
1.2082608E-4
-7.904134E-5
3.877307E-5
9.508141E-5
-7.4598305E-5
1.09718516E-4
-1.0756087E-4
1.2299528E-4
-3.4436496E-5
1.6869293E-5
6.609557E-5
-1.13274305E-4
9.5062496E-5
-9.305406E-5
9.106697E-5
-1.4850202E-5
-1.4526133E-5
4.2616866E-5
-9.72207E-5
9.502695E-5
-9.285813E-5
1.0367342E-4
0.0
-2.4714645E-5
4.8246962E-5
-9.4157775E-5
8.0368874E-5
-4.478552E-5
8.7320455E-5
1.0637302E-5
-1.0363114E-5
4.036997E-5
-7.860353E-5
7.649567E-5
-3.7208185E-5
6.331993E-5
0.0
-3.4174936E-5
4.9788647E-5
-4.8336322E-5
7.817573E-5
-3.0330666E-5
4.410801E-5
0.0
-2.069819E-5
4.0072748E-5
-5.16941E-5
5.6234803E-5
-3.0192188E-5
2.332857E-5
0.0
-2.715144E-5
3.6643112E-5
-3.0256515E-5
3.883484E-5
-2.8017232E-5
4.4883036E-6
4.3106506E-6
-1.6546319E-5
3.1728734E-5
-2.6594305E-5
2.5451054E-5
-1.7380635E-5
0.0
3.1674044E-6
-1.2073682E-5
2.8730217E-5
-1.6387252E-5
1.555789E-5
-1.7208384E-5
0.0
6.5994573E-6
-8.303756E-6
1.9556464E-5
-1.10336505E-5
1.2080775E-5
-8.081483E-6
0.0
5.632024E-6
-5.236977E-6
1.2140717E-5
-6.734933E-6
7.2414696E-6
-4.7504623E-6
-8.6927935E-7
3.9602833E-6
-2.8736981E-6
5.1870647E-6
-4.073528E-6
3.6335114E-6
-1.3794141E-6
-8.082554E-7
1.4081685E-6
-2.428385E-6
2.0691666E-6
-1.7386826E-6
1.0777003E-6
-4.3647023E-7
-3.4486652E-7
1.7602613E-7
-5.819654E-7
3.1433387E-7
-2.2991317E-7
8.082896E-8
-2.1554412E-8
-1.0777212E-8
0.0
