0.48961022
0.2791354
0.13334073
0.13080372
0.4446324
0.33544415
0.2481329
0.25318497
0.2660906
0.28487185
0.47441787
0.39713663
0.16619483
0.30986702
0.1820485
0.15251692
0.28897616
0.29424882
0.58893096
0.12591368
0.3356389
0.30844325
0.35322893
0.32706657
0.20322803
0.1390309
0.102661796
0.04893739
0.18549305
0.17199695
0.09329285
0.07569822
0.07286726
0.24038906
0.2302221
0.105207965
0.24698265
0.16235337
0.15898192
0.1862323
0.079482354
0.20306128
0.2595055
0.16049582
0.20023386
0.20670967
0.21209556
0.16478124
0.09001637
0.14146502
0.118327454
0.21692362
0.23573644
0.19936107
0.16118228
0.10873516
0.112574905
0.014155947
0.13138469
0.11635113
0.12233052
0.26677135
0.24804904
0.1794098
0.14578299
0.12541673
0.24604735
0.119306184
0.07090872
0.13876605
0.15375516
0.07725898
0.15348387
0.13373804
0.072134785
0.037724245
0.060398437
0.07982418
0.11000241
0.13102943
0.068382055
0.050480247
0.122573905
0.1634563
0.08334525
0.12960272
0.11230314
0.017301269
0.055217247
0.013416382
0.16704123
0.15473182
0.024676349
0.042621125
0.099872656
0.06538118
0.07070405
0.0259626
0.12952809
0.12381461
0.05428061
0.06555481
0.1062764
0.02555784
0.042575102
0.03894892
0.08276756
0.08898444
0.062375735
0.042700145
0.08528268
0.08455177
0.07124816
0.046961583
0.03954589
0.053780656
0.089493364
0.06384898
0.005911815
0.10264488
0.07297751
0.102624945
0.10030366
0.037475068
0.09801519
0.088646546
0.09739495
0.040121444
0.066386856
0.055358723
0.095050655
0.08565613
0.026611306
0.024532078
0.024333943
0.05011285
0.028788032
0.019587465
0.07706578
0.1414456
0.11504615
0.09248062
0.12600261
0.08336333
0.048401114
0.101965204
0.1428451
0.08339934
0.03442046
0.009709745
0.039840557
0.09881438
0.13285224
0.13796146
0.16436952
0.11545585
0.06301119
0.04035119
0.10568564
0.07909477
0.10805705
0.14820525
0.14101955
0.13301057
0.11312676
0.05984523
0.03966168
0.03247515
0.03666659
0.038399313
0.10224738
0.10340013
0.092584774
0.044992864
0.09302268
0.09873731
0.07149727
0.117896564
0.09514642
0.018712847
0.021043811
0.06084836
0.08915789
0.049987603
0.014721414
0.053635273
0.11458614
0.06286539
0.01813678
0.018422512
0.06320354
0.053273935
0.019456139
0.046118878
0.08508386
0.111139275
0.117718115
0.06378403
0.038797673
0.04975425
0.043683317
0.11175397
0.11856188
0.16952407
0.0989519
0.03766552
0.09175266
0.083150074
0.06469126
0.062435206
0.084800236
0.086421005
0.03491468
0.04016183
0.058772214
0.061892077
0.03358164
0.086904034
0.064526446
0.04439983
0.04257927
0.027809791
0.02847897
0.08379046
0.10307955
0.036970377
0.048650593
0.056994088
0.03994137
0.023622459
0.051744636
0.039960634
0.022323176
0.06596416
0.05974717
0.008489025
0.044401377
0.11009919
0.12727539
0.09987959
0.09377611
0.10792974
0.09415238
0.0164825
0.08173508
0.07606306
0.05830507
0.0032614854
0.026656684
0.07734943
0.054667044
0.02848871
0.060191154
0.07499695
0.047539577
0.09388235
0.08327989
0.08564819
0.0992568
0.06047883
0.06365577
0.08344342
0.033925448
0.028964784
0.053291425
0.05227848
0.039002392
0.045461293
0.040353812
0.034640364
0.08047242
0.045977063
0.023397878
0.06135663
0.0949735
0.057149276
0.07362442
0.022561911
0.0053990823
0.022773996
0.026991013
0.053639535
0.04878411
0.049772374
0.06125495
0.012339768
0.08621137
0.058344867
0.10045394
0.15631017
0.08796986
0.07132855
0.07619319
0.059095327
0.09358052
0.10870147
0.07369148
0.08687571
0.12128877
0.10272644
0.04481801
0.015653335
0.063394085
0.057759583
0.12497034
0.14468165
0.06820387
0.057875145
0.067211635
0.093023255
0.04103714
0.06446228
0.07432369
0.039370555
0.050296374
0.034300163
0.07267381
0.16413555
0.13112538
0.07512289
0.060970236
0.05512314
0.04985473
0.051063355
0.050833825
0.03951429
0.03524056
0.08599407
0.047692217
0.03285254
0.05221073
0.022007968
0.04142808
0.084189
0.10403941
0.11815011
0.074937984
0.079141065
0.09833617
0.08461536
0.053404044
0.06346794
0.039573822
0.021288494
0.070248395
0.081770584
0.05517922
0.0542258
0.08242333
0.09360172
0.016269764
0.10187073
0.1399857
0.07833015
0.03894187
0.056719795
0.117202245
0.118276805
0.07578613
0.01763526
0.068317704
0.08092468
0.06032963
0.044328723
0.050327793
0.011727105
0.07064034
0.1023078
0.0836424
0.0113588795
0.06549379
0.06985955
0.064427815
0.06784423
0.054711033
0.058756884
0.08753594
0.14730291
0.13933748
0.053347565
0.058132757
0.06783053
0.009529004
0.018949673
0.084981665
0.057674002
0.042046055
0.049216926
0.057190508
0.077786945
0.049540695
0.048293833
0.09763578
0.074451506
0.047084864
0.018996317
0.06385499
0.030203832
0.028261494
0.017485749
0.013402574
0.019511336
0.056834575
0.059913073
0.075437434
0.079527535
0.04116348
0.038450666
0.07218438
0.047814418
0.043185882
0.033910193
0.0682935
0.07339192
0.060086466
0.018984325
0.034559395
0.040813304
0.056023497
0.040403318
0.036955733
0.046901133
0.06817189
0.084112175
0.04298467
0.009142224
0.033327986
0.024995526
0.05715887
0.066669755
0.009560922
0.05903902
0.027967006
0.04706358
0.050082292
0.0281613
0.0342905
0.06641757
0.07304071
0.058678847
0.12435563
0.13580312
0.08690714
0.010712336
0.036181845
0.046264593
0.0062801074
0.04294202
0.0048731742
0.025417823
0.053559046
0.072077975
0.03890464
0.12229015
0.10754641
0.036592275
0.0069272127
0.02239948
0.015233261
0.021807307
0.046326116
0.046585403
0.049230568
0.088658996
0.070231825
0.049012545
0.044098202
0.017320985
0.07392491
0.08435021
0.022942198
0.07252052
0.11093279
0.069683835
0.020532714
0.08382684
0.09270478
0.065570965
0.07009563
0.13155338
0.09635274
0.019572321
0.010613146
0.022472205
0.0592945
0.06205159
0.04938061
0.03857463
0.05044611
0.031683452
0.057362918
0.0340765
0.04029886
0.07475554
0.045930807
0.08631647
0.04754291
0.030646302
0.013597871
0.03536111
0.00631874
0.022009918
0.083170466
0.11057826
0.065474644
0.022430979
0.050100733
0.080750786
0.08415672
0.057284158
0.11046606
0.015208302
0.010120464
0.08343517
0.12067865
0.047797143
0.11209944
0.03611207
0.03008807
0.065844215
0.017491302
0.067375444
0.052410003
0.05718932
0.078743696
0.020829275
0.06829323
0.10417369
0.13153225
0.12479332
0.050910164
0.041069433
0.046894282
0.060806848
0.06641313
0.045282744
0.008055998
0.006810901
0.057537347
0.08626698
0.046558704
0.054037467
0.0277897
0.017125538
0.08995734
0.048085403
0.027584596
0.013652001
0.04077762
0.036710184
0.028177144
0.024817102
0.065662935
0.07465985
0.077018134
0.08170979
0.07151853
0.020210078
0.090495355
0.041718774
0.097526565
0.09427661
0.07447194
0.058837082
0.01650727
0.017019825
0.043348104
0.08172647
0.058073632
0.020094048
0.024864007
0.06925028
0.045957338
0.07744207
0.008368655
0.05640575
0.0399698
0.043198653
0.04188669
0.026532069
0.069526725
0.057199415
0.055385333
0.05574213
0.04318025
0.061018903
0.041613784
0.15717398
0.08750312
0.014738216
0.023072504
0.01964711
0.044847928
0.06827946
0.10987027
0.10175705
0.07772022
0.12038326
0.073131174
0.06956553
0.12542573
0.13984123
0.14700508
0.123250544
0.04939087
0.089779936
0.15547934
0.10538225
0.025240825
0.022387039
0.049715348
0.102204
0.089325525
0.034365486
0.035874277
0.028890092
0.017579544
0.01701147
0.05359227
0.07791609
0.07480929
0.08516544
0.13628528
0.19017377
0.12191821
0.10379353
0.103458546
0.12738463
0.06001267
0.10429215
0.11734943
0.18036844
0.12997371
0.034510907
0.05848927
0.0676993
0.09450883
0.04363816
0.093205474
0.09373841
0.022372145
0.014415159
0.043827385
0.022125367
0.03565822
0.060790684
0.093736015
0.07403804
0.08335379
0.057541355
0.080977626
0.11898203
0.06164297
0.12657812
0.09620856
0.06459867
0.082294084
0.11496481
0.10240303
0.09125755
0.067733444
0.059493423
0.05123754
0.029299324
0.03862134
0.024012484
0.021860834
0.05424723
0.04133468
0.046083856
0.05990818
0.0746568
0.05400918
0.016312152
0.08990646
0.0995151
0.10498285
0.07665925
0.046317767
0.07393126
0.044792157
0.048816666
0.022939203
0.072161466
0.06905892
0.035527766
0.04918561
0.025123728
0.039069116
0.027743988
0.010327533
0.045719728
0.08651993
0.1389155
0.043389864
0.12306887
0.04138135
0.053004056
0.01803002
0.064319804
0.11187688
0.08804218
0.04573481
0.04089424
0.09957396
0.065014414
0.0128572
0.032237727
0.051091645
0.036191873
0.053801797
0.03322641
0.048566774
0.050730046
0.036228757
0.09482415
0.072251946
0.0642937
0.122377686
0.06592835
0.042318657
0.06648335
0.03535778
0.05655657
0.040795665
0.042819347
0.053678736
0.065474495
0.05739398
0.0093470225
0.013609418
0.063029446
0.045954775
0.029246733
0.031233896
0.046135668
0.05211779
0.061596233
0.03979779
0.04684135
0.008068951
0.045514468
0.039416667
0.054135457
0.02847521
0.015060651
0.06674906
0.095410384
0.07571841
0.07474507
0.09078811
0.053500853
0.052789524
0.021063164
0.08100835
0.06763283
0.019202486
0.08132138
0.1456841
0.13452978
0.054780222
0.055344306
0.012960304
0.050375488
0.011525398
0.030559978
0.04021568
0.025193745
0.04473448
0.0775187
0.09345885
0.08557404
0.027612064
0.07815903
0.058576293
0.05233256
0.081834935
0.064532354
0.043806866
0.024931928
0.035728198
0.05551066
0.031467836
0.023230815
0.0797083
0.082188584
0.045928825
0.021155516
0.03890133
0.0698115
0.08906307
0.06024299
0.030286953
0.041575138
0.028741976
0.043342873
0.026067423
0.03030123
0.037185267
0.056668725
0.060590193
0.050223045
0.049548473
0.05782011
0.035999864
0.033944074
0.054390945
0.123865955
0.08423564
0.109435685
0.0667146
0.037363637
0.07227322
0.070979945
0.048863914
0.023857675
0.037629172
0.042881254
0.0103841955
0.03697885
0.052949917
0.10134531
0.07575396
0.018176496
0.056861963
0.030275369
0.04044406
0.032175276
0.080412865
0.10981926
0.093482174
0.07442564
0.07031211
0.01028291
0.061023746
0.03143172
0.033017118
0.023214158
0.032523982
0.10411262
0.087697886
0.031743526
0.044486333
0.03992885
0.06421241
0.047067016
0.06263372
0.035280988
0.062301982
0.07391398
0.02297746
0.047299635
0.015539914
0.027136607
0.016931407
0.027093157
0.02830905
0.028787829
0.05470112
0.07719121
0.058513977
0.021525508
0.040603787
0.070212625
0.051434457
0.014006371
0.025879055
0.015610586
0.10109817
0.111230195
0.054365486
0.08040506
0.07817167
0.015409634
0.04493349
0.05722303
0.046147637
0.051948506
0.098928474
0.13459744
0.09601243
0.054845475
0.04085671
0.027999973
0.02532211
0.028567933
0.014646467
0.012272751
0.052591622
0.05718138
0.009277977
0.039095886
0.039358813
0.0047180858
0.033238277
0.06386459
0.0857979
0.039926786
0.07749127
0.11534275
0.08613713
0.04495374
0.046608023
0.07007901
0.08210286
0.0727369
0.08932209
0.057376318
0.062110405
0.11984877
0.12843178
0.052577883
0.015280514
0.029528007
0.025647944
0.032379344
0.022996848
0.036375582
0.029589672
0.042235505
0.036014516
0.022140643
0.014426725
0.0125866225
0.013953747
0.03312542
0.05084791
0.038213693
0.10224275
0.07992657
0.09235262
0.10876022
0.066769764
0.01046652
0.0683044
0.07770989
0.036088005
0.020344298
0.047591787
0.07229818
0.07489576
0.05747567
0.017907355
0.038345437
0.05787991
0.08313476
0.07101717
0.046153843
0.05289378
0.010475192
0.011492502
0.032524988
0.012408273
0.027488304
0.034057166
0.0123047335
0.035110015
0.07355579
0.058258433
0.015937285
0.039808385
0.014228435
0.022379432
0.010845446
0.010092741
0.027492125
0.030669803
0.053903457
0.04626309
0.0059903315
0.026114205
0.02856779
0.027749987
0.053184498
0.06701744
0.055840895
0.06790547
6.3656765E-4
0.027733363
0.011117109
0.0034665319
0.037569504
0.068637036
0.06444383
0.035684586
0.012820367
0.06427587
0.026987286
0.08631617
0.08567848
0.025790406
0.01640696
0.020987464
0.029284189
0.035166796
0.06628759
0.012028249
0.069850355
0.028935274
0.035462055
0.012979435
0.027706815
0.0350317
0.047461715
0.024295513
0.006761124
0.079003096
0.1389003
0.092675306
0.110822454
0.102745056
0.076109774
0.07029801
0.07201091
0.04745706
0.02931754
0.01117514
0.032178205
0.04394356
0.047156997
0.03735013
0.03468717
0.0243502
0.061725445
0.091551065
0.09727029
0.026521238
0.074244164
0.042887367
0.016262772
0.046627115
0.117406145
0.10522841
0.06359451
0.059408452
0.05056063
0.07478418
0.11340134
0.10327264
0.07815333
0.09324941
0.0991282
0.051637843
0.022116123
0.022809135
0.021317622
0.03227178
0.047110353
0.01968913
0.06644937
0.048486378
0.026594672
0.042875238
0.031758234
0.04126929
0.056744695
0.051111113
0.032879673
0.017604802
0.05526943
0.09601621
0.06009916
0.022878673
0.021933772
0.019856928
0.027463615
0.02521116
0.034656405
0.032573752
0.023556855
0.037959285
0.030927233
0.0014559885
0.037316605
0.048249915
0.04842981
0.042501546
0.029843615
0.024871843
0.058427766
0.03448103
0.049774155
0.02501798
0.10007635
0.09234496
0.01340328
0.089029096
0.12121934
0.05778833
0.027527062
0.033400457
0.04715599
0.04692025
0.027308723
0.048278794
0.08733486
0.06962106
0.029840479
0.055647694
0.07561225
0.015245726
0.033291563
0.009974181
0.05941589
0.043107007
0.046230473
0.041111562
0.028880233
0.05400334
0.080925666
0.026797166
0.032225456
0.0750021
0.06925843
0.038246196
0.10178945
0.08050699
0.033824477
0.037195526
0.05437279
0.06255832
0.027830599
0.11943206
0.13767728
0.10748284
0.06928361
0.021446804
0.07957302
0.07312985
0.018188313
0.034739077
0.029810414
0.12052783
0.11791937
0.075895175
0.06641694
0.04244338
0.035294488
0.024035065
0.054987155
0.03354765
0.06286898
0.09623979
0.10253328
0.06322542
0.058261644
0.06819124
0.013915665
0.043605886
0.06436987
0.07564095
0.09852696
0.1040333
0.057830438
0.07096784
0.038744062
0.027440632
0.060425196
0.064208105
0.012148313
0.05848637
0.04145511
0.03694223
0.040728707
0.07653863
0.11811036
0.03207968
0.035243496
0.030427322
0.021160012
0.045606084
0.06589365
0.039434202
0.004419746
0.024579795
0.03150073
0.048422508
0.05568622
0.07877823
0.04027595
0.033738345
0.012963822
0.033872962
0.10412949
0.09637867
0.047282543
0.010485995
0.05428221
0.088791735
0.05013016
0.06312842
0.021650562
0.033881217
0.050025936
0.042149108
0.10063333
0.046292465
0.06977884
0.04468855
0.05749823
0.071332924
0.0655607
0.07115426
0.03256724
0.049281374
0.08272179
0.08502945
0.0068819295
0.049309608
0.02583378
0.049984343
0.08412155
0.047309414
0.013451014
0.029680572
0.042815875
0.04314437
0.04870301
0.046086762
0.053019736
0.012049706
0.047812182
0.0314539
0.044729285
0.054932065
0.017651595
0.031886403
0.04328031
0.0070716343
0.07295882
0.029290581
0.02588873
0.031920027
0.018683515
0.063337974
0.031605005
0.055832703
0.05442307
0.011672793
0.1034546
0.14170654
0.08579799
0.04375169
0.049513016
0.05124137
0.068136856
0.034844417
0.033501808
0.033318546
0.002138281
0.07235979
0.08468207
0.07080527
0.053319592
0.07632097
0.03546881
0.064712286
0.040806998
0.011829815
0.02259921
0.068303086
0.10596687
0.07862909
0.059971835
0.05403573
0.022466304
0.042527467
0.0926373
0.057514083
0.06580704
0.038194336
0.04836405
0.04826127
0.01539008
0.057910733
0.056075726
0.06603762
0.048587766
0.028417872
0.05059596
0.07262966
0.06710879
0.07604378
0.09902047
0.046815112
0.052460104
0.0874384
0.050810806
0.0261632
0.018474279
0.031610593
0.056821935
0.028485004
0.031435195
0.06450916
0.03804066
0.055715952
0.053178497
0.049733836
0.09411951
0.07012331
0.008704592
0.008672867
0.0538821
0.04799865
0.013048867
0.035639595
0.040672306
0.04058796
0.11107283
0.08362994
0.05510253
0.020277673
0.020866834
0.0641011
0.09621122
0.084228344
0.08204576
0.07312564
0.054936003
0.01703533
0.0373727
0.035257507
0.051431835
0.10152467
0.028769685
0.093166605
0.06722838
0.08993876
0.13131507
0.091308
0.058873292
0.04515896
0.03939483
0.014600259
0.029357057
0.044971187
0.116620496
0.16241132
0.13544676
0.08005709
0.031084271
0.028904302
0.08963676
0.070944466
0.061581958
0.07970146
0.04088674
0.0299816
0.025427435
0.05603529
0.04053501
0.04752526
0.095956035
0.030335238
0.092166856
0.12589115
0.12631421
0.13766341
0.07527401
0.047038987
0.043984357
0.032316282
0.05701436
0.05071772
0.069683746
0.092141025
0.104266986
0.086833715
0.054286
0.023894573
0.056667343
0.13536148
0.1284731
0.059794225
0.063836224
0.038478382
0.045753483
0.046576846
0.005442363
0.058311235
0.07922615
0.03942012
0.037597444
0.048091087
0.069638334
0.07632805
0.05781287
0.033941455
0.08061543
0.040681295
0.052328292
0.017911332
0.035830736
0.045011543
0.0561792
0.043520708
0.079760544
0.05150039
0.046348386
0.02251885
0.042140707
0.04511593
0.09073937
0.040589444
0.07302275
0.048296187
0.038388055
0.083021976
0.110039204
0.10049485
0.07464056
0.08248004
0.054661583
0.06314863
0.08274937
0.017192334
0.08015108
0.070559174
0.05376855
0.08154868
0.136426
0.14127867
0.041423973
0.06932557
0.0338243
0.10337202
0.06712607
0.096223794
0.07239938
0.059339367
0.05008329
0.026163133
0.04442176
0.05879971
0.07519399
0.06518465
0.06733
0.07749798
0.03396691
0.051641308
0.031843465
0.028970333
0.047996737
0.034319308
0.005404678
0.04417261
0.11109645
0.0950682
0.05330887
0.029340265
0.05623373
0.011550857
0.028647834
0.05035929
0.09254034
0.10911937
0.07554736
0.024760248
0.036667455
0.09843013
0.065471716
0.027183726
0.04898296
0.04978398
0.080161944
0.12269779
0.07131979
0.01818227
0.051619012
0.057994895
0.019729735
0.06589924
0.09286023
0.079782605
0.06814352
0.004683983
0.06682559
0.08590429
0.06279784
0.014078607
0.011708292
0.07185009
0.09327131
0.09313659
0.05947606
0.04321871
0.014161869
0.041633204
0.046284005
0.03419937
0.036324706
0.015241018
0.08491748
0.10061598
0.098169066
0.09610197
0.012035754
0.102479644
0.10555312
0.010544528
0.10365433
0.06967977
0.048794646
0.063534886
0.074564815
0.048305046
0.05742753
0.08132272
0.11586513
0.095258236
0.054842643
0.04445358
0.10491638
0.15488055
0.0799622
0.010235797
0.060795292
0.08928001
0.053139023
0.049021352
0.05372287
0.09982583
0.0681306
0.06818128
0.07966352
0.019798175
0.07103549
0.08885492
0.101220846
0.073967285
0.09375249
0.098533496
0.08207536
0.052550457
0.03250733
0.08845477
0.06707461
0.02740788
0.032071166
0.016609335
0.026926856
0.035787366
0.044945642
0.029267482
0.014486918
0.081429325
0.08085531
0.08392828
0.043331288
0.029814862
0.06565521
0.07351378
0.032827906
0.029560309
0.010315801
0.08666803
0.13696924
0.11314233
0.10069027
0.08685385
0.036530826
0.039118946
0.07485107
0.029655872
0.07224273
0.095564835
0.05926683
0.027844246
0.0069000465
0.034789056
0.03077494
0.09330398
0.08779292
0.022629894
0.019533087
0.04038136
0.062796615
0.041312262
0.08344099
0.119478025
0.060704686
0.008186546
0.016958814
0.06795988
0.089358345
0.062012438
0.06369874
0.06551711
0.060587663
0.033357058
0.02453292
0.037381243
0.05538831
0.07716083
0.04198634
0.013916414
0.028362537
0.025701042
0.034549873
0.055640195
0.0628329
0.04379946
0.017450245
0.06812965
0.058329407
0.0619186
0.03548391
0.014790967
0.07182025
0.093597606
0.07491658
0.013229994
0.04043456
0.075781114
0.114014015
0.030699529
0.066210724
0.0733033
0.09720561
0.10629343
0.08265675
0.023665208
0.08014304
0.045581393
0.04403841
0.08369633
0.074498594
0.041802924
0.040760398
0.05007755
0.04085894
0.04387034
0.079308674
0.0885478
0.058754567
0.053153448
0.077262044
0.05119855
0.036583822
0.09248907
0.07352176
0.1417665
0.083076395
0.017248414
0.043766253
0.06511014
0.055615347
0.048355374
0.01964865
0.039829154
0.019913426
0.047764536
0.009233563
0.08046091
0.057078954
0.0076044006
0.023653748
0.07866785
0.031083547
0.056047022
0.048456535
0.043513704
0.07064226
0.03977722
0.041539464
0.02423686
0.02810345
0.044956937
0.065990716
0.08226369
0.058019243
0.06188346
0.048346926
0.054044522
0.006792951
0.06610784
0.094238095
0.10277946
0.051119614
0.09446112
0.039592378
0.05318984
0.037715044
0.057322297
0.06212711
0.031284835
0.04851546
0.0669849
0.060326096
0.10240626
0.105702035
0.04591044
0.034242216
0.016456677
0.044660512
0.12210321
0.07396788
0.04300083
0.11308404
0.10373298
0.0044844844
0.06123444
0.010810257
0.076583035
0.06334828
0.06475375
0.0045435023
0.026145166
0.056987133
0.077148624
0.085940205
0.10698823
0.09929416
0.08981607
0.0819171
0.048831962
0.052360162
0.033769302
0.095081836
0.048481785
0.066967666
0.041260924
0.010488713
0.033351358
0.01511273
0.06150198
0.046683624
0.03756379
0.029064817
0.027227035
0.020672563
0.043593172
0.040492103
0.031102072
0.08209021
0.10637782
0.040795617
0.056057297
0.06902716
0.062006526
0.12452539
0.12244324
0.07314087
0.028387465
0.037991945
0.029192962
0.033182025
0.04391909
0.05150124
0.062112607
0.029719286
0.038083244
0.022114823
0.039323587
0.062486984
0.07539704
0.015659444
0.03241786
0.09222284
0.11917401
0.081569225
0.020158846
0.08428849
0.13836204
0.14569676
0.09907998
0.11187018
0.07654479
0.04265713
0.044497404
0.0134505555
0.06216847
0.034776893
0.013943706
0.03830288
0.043976642
0.08372416
0.14085776
0.11265394
0.0717651
0.032949753
0.03238593
0.068101585
0.050100867
0.07463208
0.1223574
0.057578012
0.02828718
0.040949214
0.012188632
0.033127658
0.036535833
0.0064772246
0.069313996
0.044147052
0.03717315
0.051918488
0.026599336
0.04188935
0.065946296
0.036696028
0.062980205
0.056748558
0.053692263
0.08835305
0.072277606
0.06053079
0.07907408
0.08969863
0.12261662
0.07839165
0.050457716
0.09025164
0.08354978
0.06092567
0.056181565
0.08148338
0.07487117
0.026481327
0.018319538
0.06304764
0.061838683
0.05498195
0.047659714
0.023222847
0.041547723
0.050469972
0.10634874
0.14359462
0.11797823
0.060008083
0.027015941
0.03829061
0.05510677
0.05744714
0.029231945
0.08595814
0.041829083
0.01028708
0.016978748
0.050972972
0.04578278
0.03409112
0.07665216
0.09570551
0.08649321
0.05928994
0.03677949
0.058605377
0.05144052
0.04275758
0.073836155
0.07378635
0.04065324
0.03279
0.019729292
0.026977994
0.0837114
0.0900276
0.09475333
0.11235648
0.064125575
0.01248663
0.08262879
0.108180195
0.084007375
0.047838848
0.032210384
0.009389369
0.037856393
0.025881713
0.03674686
0.023476006
0.0072227037
0.031841267
0.089035586
0.08602494
0.043506473
0.015053026
0.045259766
0.021023221
0.036250174
0.046137996
0.026487052
0.042415436
0.021792887
0.025796533
0.09314462
0.077507794
0.0586824
0.063834675
0.010976632
0.07755272
0.09045017
0.058718726
0.03911442
0.0574458
0.049864482
0.008954423
0.0398847
0.04126419
0.03776342
0.043203637
0.055875182
0.033910207
0.024582388
0.053426545
0.09158973
0.101446964
0.06735862
0.05704944
0.035595063
0.038654134
0.070217244
0.059725534
0.054467887
0.03603176
0.009442674
0.046223335
0.12185545
0.11703821
0.058883965
0.037065867
0.021778794
0.057166323
0.06638889
0.07270847
0.04295655
0.036182903
0.068570964
0.043936547
0.027065642
0.026623236
0.022127427
0.056393486
0.03015016
0.04848949
0.029338142
0.01700801
0.035252612
0.039529413
0.04816686
0.05603155
0.040771328
0.035546858
0.02228312
0.043689393
0.048893847
0.05617618
0.032438774
0.020425756
0.018157473
0.021048652
0.016410537
0.02445374
0.029645195
0.031647753
0.02933608
0.04426996
0.04798933
0.028584786
0.048427522
0.05336089
0.04305361
0.043049563
0.046092205
0.020691799
0.028618308
0.040931568
0.037067328
0.04232073
0.029928748
0.035556905
0.009846341
0.020880288
0.036802426
0.022948146
0.017473144
0.040599883
0.025986755
0.010689904
0.023874378
0.036042884
0.02654455
0.04962162
0.05634981
0.053792804
0.05367303
0.02067525
0.031452917
0.015554419
0.03263122
0.006037619
0.06324251
0.040632628
0.047265403
0.04598875
0.015367482
0.018449914
0.0365412
0.034974743
0.010143072
0.04419846
0.05172922
0.013397611
0.027148498
0.03196111
0.058159553
0.040016875
0.029861588
0.031513326
0.04710571
0.06449488
0.034103155
0.020911826
0.03274862
0.031580064
0.03225886
0.039846227
0.054095253
0.032558963
0.0133577455
0.011975443
0.013533418
0.009298893
0.0077331383
0.024453653
0.032006007
0.04699739
0.07132924
0.05667538
0.05545291
0.0419381
0.018907255
0.021189718
0.021468353
0.014957668
0.021372974
0.041853018
0.04280305
0.016522255
0.024075614
0.03172253
0.04102696
0.051499594
0.07923496
0.05046353
0.0069946996
-0.003051847
0.0
0.003051829
0.0
0.0
-0.003051775
-0.00305175
0.0
0.0
-0.0030516528
-0.0030516135
-0.0030515704
-0.0030515236
-0.0030514733
0.0030514195
0.0
0.003051301
0.0
-0.003051168
0.003051096
-0.0030510207
0.0
0.003050859
0.003050773
0.0
0.0030505897
0.0030504928
0.0
0.0030502882
0.0030501804
0.0
-0.003049954
0.0
0.0030497136
0.0030495878
0.0030494586
0.0030493257
0.0030491892
0.0030490493
0.0
0.0
0.0
0.0030484532
0.0030482954
0.0
-0.0030479687
0.0
0.0030476279
0.0030474518
0.0
0.0030470896
0.0030469028
0.0030467126
0.0
0.0030463214
0.0030461205
0.003045916
0.003045708
0.0
0.0030452812
0.0
0.0
0.0
0.0
0.0
0.0
0.0
0.0
0.0
0.0
0.0
0.0
0.0
0.0
0.0
0.0
0.0
0.0030407957
0.0
0.0
0.0
0.0
0.0030393444
0.0030390436
0.003038739
-0.003038431
0.0
0.0
0.0030374855
-0.0030371633
0.0
0.0
-0.003036175
0.0030358385
-0.0030354983
0.0
-0.0030348075
0.0
0.0
0.0
0.0030333833
0.0
0.0030326499
0.003032278
0.0030319025
0.0030315232
0.0030311407
0.0
0.0
0.0030299714
-0.0030295746
0.0030291742
0.0
0.0
0.0030279518
0.0
0.0
-0.0030266976
-0.0030262724
0.0
0.0
-0.003024976
0.0
-0.003024094
0.0
0.0
0.0
0.0
-0.0030218272
0.0
-0.0030208959
-0.0030204249
0.0
0.0
0.0
0.0
0.0
0.0
0.0
0.0
0.0
0.0
0.0
0.0
0.0
0.0
0.003012939
0.0
0.0
0.0
-0.0030108094
0.0
0.0
0.0
0.0
0.0
-0.0030075102
0.0
0.0
0.0
0.0030052413
0.0
-0.0030040857
0.0
0.0
0.0
0.0
0.0
0.0
0.0
-0.0029993248
0.0
0.0
0.0
0.0
0.0
0.0
-0.0029949767
0.0
0.0
-0.0029930614
-0.002992416
-0.0029917674
-0.002991115
0.0
0.0
0.0
0.0
0.0
0.0
-0.0029864528
-0.002985773
0.0
0.0
-0.0029837128
0.0
0.0
0.0
0.0
0.0
0.0
0.0
0.0
-0.0029773477
0.0
0.0
0.0
0.0
0.0
0.0
0.0
0.0
0.0
0.005939901
0.0
0.0
0.0
0.0
0.0
0.0
0.0
0.0
0.0
0.0
0.0
0.0
0.0
0.0
0.0
0.0
0.0
0.0
0.0
0.0
0.0
0.0
0.0
0.0
0.0
0.0
0.0
0.005894872
0.0
0.0
0.0
0.0
0.0
0.0
0.0
0.0
0.0
0.0
0.0
0.0
0.0
0.0
0.0
0.0
0.0029324838
0.0
0.0
0.0
0.0
0.0
0.0
0.0
0.0
0.0
0.0029232407
0.0
0.0
0.0
0.0
0.0
0.0029175368
0.0
0.0029156092
0.0
0.0029136685
0.0029126934
0.0
0.0
0.0
0.0
0.0
0.0029067737
0.0
0.0029047744
0.0029037697
0.002902762
0.002901751
0.0
0.0028997194
0.0
0.0028976747
0.0
0.0
0.0
0.0
0.0
0.0
0.0
-0.002889367
0.0
0.0
0.0
0.0028851363
0.0
-0.0028830015
0.0
0.0
0.0
-0.0028786939
0.0
0.0
0.0
0.0
-0.0028732377
-0.002872137
-0.002871033
0.0
-0.0028688156
0.0
-0.0028665855
-0.0028654658
0.0
0.0
0.0
0.0
0.0
0.0
0.0
0.0
0.0
0.0028540955
0.0
0.0
0.0
-0.0028494596
0.0
0.0
0.0
0.0
0.0
0.0028424123
0.0
0.0
0.0
0.0
0.0
-0.0028352535
-0.0028340495
-0.0028328425
0.0
0.0
0.0
0.0
-0.0028267615
0.0
0.0
0.0
-0.0028218413
-0.0028206035
0.0
-0.0028181192
-0.0028168724
-0.0028156226
-0.0028143697
0.0
0.0
-0.002810593
0.0
0.0
-0.0028067888
-0.0028055147
-0.0028042379
-0.0028029578
-0.0028016747
-0.0028003885
-0.005598199
-0.0027978073
-0.0027965123
0.0
0.0
0.0
0.0
-0.0027899921
-0.0027886792
0.0
-0.0027860445
-0.0027847225
0.0
0.0
-0.0027807392
0.0
0.0027780689
0.0
0.0027753867
0.0
0.0027726928
0.0
0.0
0.00276863
0.0
0.0027659065
0.0
0.0
0.0
0.0
0.0027590476
0.0
0.0
0.0
0.0
-0.0027521157
0.0
0.0
0.0
0.0
0.0
0.0
-0.0027422903
-0.0027408751
0.0
0.0
-0.0027366127
-0.0027351861
0.0
0.0
0.0
0.0
0.0
-0.0027265672
-0.0027251206
0.0
-0.0027222193
0.0
0.0
-0.0027178463
0.0
0.0
-0.0027134481
0.0
0.0
0.0
0.0
-0.0027060618
-0.0027045761
-0.0027030879
0.0
-0.0027001027
0.0
0.0
-0.0026956042
-0.005388199
-0.0026925916
0.0
0.0
0.0
-0.0026865334
0.0
-0.0026834877
0.0
0.0
0.0
-0.002677364
0.0
-0.0026742858
-0.0026727428
0.0
0.0
0.0
-0.0026665432
0.0
0.0
0.0
0.0
0.0
0.0
-0.0026555907
0.0
0.0
0.0
0.0
-0.0026476877
0.0
-0.002644508
0.0
0.0
-0.0026397186
0.0
-0.0026365127
0.0
0.0
0.0
0.0
0.0
0.0
0.0
-0.0026235844
0.0
0.0
-0.0026186935
0.002617058
0.0
-0.0026137796
0.0
-0.0026104907
0.0
0.0
0.0
0.0
0.0
0.0
0.0
0.0025972337
0.0
-0.002593894
0.0
-0.0025905445
0.0
0.0025871848
0.0025855012
0.0
0.0
0.0
0.0
0.0
0.0
0.0
0.0025719432
0.0025702373
0.0
0.0
0.0
-0.0025633893
0.0
0.0
0.0025582276
0.0025565021
0.0
0.002553044
0.0
0.0
0.0025478385
0.0
0.0
0.0025426117
0.0
0.002539115
0.0
0.0
0.0
0.0
0.0
0.0025285678
0.0025268018
0.0
0.0025232625
0.0
0.0
0.0
0.0
0.0
0.0025125882
0.0
0.0025090117
0.0
0.0
0.0
0.0
0.0025000295
0.0
0.0
0.0024946127
0.0
-0.00249099
0.0
0.0
0.002485539
0.0
0.0
0.0
0.0
0.0
0.0
0.002472741
0.0
0.0024690644
-0.002467223
0.0
0.0
0.0024616846
0.0
-0.0024579815
0.0
0.0
0.0
0.0
0.0
-0.0024468193
0.0
0.0024430812
0.002441209
0.0
0.0
0.0
0.0024336984
0.0
0.0
0.0
0.0
0.002424262
0.0
0.0
0.0
0.0
0.0
0.0
0.0
0.0
0.0
0.0
0.0
0.0
0.0
0.0023975607
0.0
0.0023937132
0.0
0.0
0.0
0.0023859935
0.0
0.0023821215
0.0023801825
-0.0023782414
0.0
0.0
0.0023724062
0.0023704572
0.0023685063
0.0023665533
0.0023645982
0.0
0.0023606822
0.0
0.0
0.0023547937
0.0
0.0023508584
0.0023488877
0.002346915
0.0023449406
0.0
0.0
0.0023390055
0.0023370232
0.0023350392
0.0023330532
0.0
0.0
0.0
-0.00232509
0.0
0.0
0.0
0.0
0.002315094
0.0
0.0
0.0
0.0
0.0
0.0
0.0
0.0
0.0022969844
0.0
0.0
0.0
0.0
0.0
0.0
0.0022827971
0.0
0.0
0.0022766902
0.0
0.0
0.0
0.0
0.0
0.0022644287
0.0
0.0
0.0
0.0022562195
0.0022541627
0.0
0.0
0.0
0.0
0.0
0.0
0.0022397188
0.0
0.0
0.0
0.0
0.0
0.0
0.0
0.0
-0.002221027
-0.002218942
0.0
-0.0022147668
0.0
0.0
0.0
0.0
0.0
0.0
0.0
0.0
0.0043917983
0.0021937948
0.0
0.0
0.0021874723
0.0021853617
0.0
0.0
0.0
0.0
0.0021747854
0.0
0.0
0.0
0.0
0.0
0.0021620435
0.0
0.0021577843
0.0
0.0
0.0
0.0042984956
0.00214711
0.0
0.00214283
0.0
0.0
0.0
0.0
0.0
0.0
-0.0021278046
0.0
0.0
0.0
0.0
0.0
0.0
0.0
0.0
0.0
0.0
0.0
0.0
0.0
0.0
0.0
0.0
0.0
0.0
0.0
-0.0020844983
0.0
0.0
0.0
0.0
0.0
0.0
0.0
0.0
0.0
-0.0020626453
0.0
0.0
0.0
0.0
0.0
0.0
0.0
0.0
0.0
0.0
0.0
0.0
0.0
0.0
0.0
0.0
0.0
0.0
0.0
0.0
0.0020163488
0.0
0.0
0.0
0.0
0.0
0.0
0.0
0.0
0.0
0.0
0.0
0.0
0.0
0.0
0.0
0.0
0.0
0.0
0.0
0.0
0.0019695433
0.0
0.0
0.0
-0.0019605744
0.0019583295
0.0019560836
0.0
0.0
0.00194934
0.0
0.0
0.0
0.0019403347
0.0
-0.001935826
0.0
0.0
0.0
0.0
-0.0019245378
0.0
0.0
-0.0019177536
0.0
0.0
-0.001910961
0.0
0.0
0.0
0.0
0.0
-0.0018973516
0.0018950802
0.0
0.0
0.0018882611
0.0
0.0
0.0
0.0
0.0
0.0018745998
0.0
0.0
0.0
0.0018654758
0.0
-0.001860909
0.0
0.0
0.0
0.0
0.0
0.0
0.0018449007
0.0018426107
0.0
0.0018380285
0.0
-0.0018334434
0.0
0.0018288554
0.0
0.0018242645
0.0018219681
0.0
0.0018173731
0.0018150745
0.0018127753
0.0018104754
0.0
0.0
0.0
0.0
0.0
0.001796662
0.0
0.0
0.0017897467
0.0
0.0017851334
0.0017828258
-0.0035610353
-0.0017782088
0.0017758994
0.0017735894
0.0
0.0017689677
0.0017666561
0.0017643437
0.0
0.0017597175
0.0
0.0
0.0
0.0017504585
0.0017481424
0.0
0.0034870172
0.001741191
0.0
0.0017365542
0.0017342351
0.0017319154
0.0017295954
0.0017272747
0.0017249536
0.0
0.0017203101
0.0
0.0017156648
0.0
0.0
0.0017086933
0.0
0.0
0.0
0.0016993921
0.0016970658
0.0
0.0
0.0016900843
0.0
0.0
0.0
0.0016807704
0.0
0.0
0.0016737811
0.0
0.0
0.0016667887
0.0016644573
0.0033242507
0.0016597933
0.0016574608
0.0016551281
0.001652795
0.0016504617
0.001648128
0.0016457941
0.0
0.0
0.0
0.0016364555
0.0016341202
0.0016317847
0.003258898
0.0
0.0
0.0016224402
0.0016201034
0.0016177665
0.0016154293
0.0016130919
0.0
0.0016084164
0.0016060785
0.0
0.0
0.0
-0.0015967247
0.0
0.0
0.0
-0.0015873683
-0.0015850288
-0.0015826892
0.0
0.0
0.0015756695
0.0015733294
-0.0015709891
0.0
0.0
0.0
0.0
0.0
0.0
-0.0015546049
0.0
0.0
0.0
0.0
0.0
0.0
0.0
0.0
0.0
-0.0015311934
0.0
0.0
0.0
0.0
0.0015194869
0.0
0.0
0.0015124631
0.0
0.0015077807
0.0015054396
0.0015030985
0.0
0.0
0.0
0.0014937348
0.0
-0.0014890534
0.0
0.0
-0.0014820319
0.0
0.0
0.0
-0.0014726714
-0.0014703316
0.0
-0.0014656524
-0.001463313
-0.0014609736
0.0
-0.0014562956
-0.0014539568
0.0
-0.0014492797
-0.0014469415
0.0
0.0
0.0
0.0
0.0
-0.002865832
-0.0014305791
0.0
-0.0014259062
0.0
0.0
-0.0014188983
-0.0014165629
0.0014142278
0.0
0.0
0.0
-0.0014048899
-0.0014025561
-0.0014002225
-0.0013978893
-0.0013955565
-0.0013932239
0.0
0.0
-0.001386228
0.0
-0.0013815657
0.0
0.0
-0.0013745748
0.0
-0.001369916
-0.0013675871
-0.0013652586
-0.0013629305
-0.0013606028
-0.0013582754
0.0
0.0
-0.0013512959
0.0
0.0
0.0
0.0
-0.0013396714
-0.0013373479
0.0
0.0
0.0
0.0
0.0
0.0
-0.0013210955
-0.0013187756
0.0
-0.0013141374
0.0
-0.001309501
-0.0013071836
-0.0013048667
0.0
0.0013002346
0.0
0.0
0.0
-0.0012909767
-0.0012886636
0.0
0.0
-0.0012817276
-0.0012794167
0.0
-0.0012747968
-0.0012724877
0.0012701792
-0.0012678714
0.0
0.0
-0.0012609513
0.0
0.0
0.0
0.0
0.0012494305
0.0012471282
0.0
0.0012425258
0.0012402255
0.0
0.0
0.0
0.0
0.0012287345
0.0012264384
0.0
0.0
0.0012195542
0.0
0.0
0.0
0.0012103856
0.0012080952
0.0
0.0012035168
0.0
0.0
0.0011966549
0.0011943692
0.0023841683
0.0011898
0.0
0.0
0.0
0.0
0.0011783909
0.0011761115
0.001173833
0.0011715553
0.0011692784
0.0011670024
0.0
0.0011624529
0.0
0.0
0.0
0.0
0.0
0.0
0.0
0.0
0.0
0.0
0.0
0.0
0.0
0.0
0.0
0.0
0.0
0.0
0.0
0.0
0.0
0.0
0.0
-0.0022162749
0.0
0.0
0.0022027728
0.0021982759
0.0
0.0
0.0
0.0
0.0
0.0
0.0
-0.0021623753
0.0
0.0
0.0010744734
0.0
0.0
0.0010677687
0.0
0.0010633043
0.0
0.0010588443
0.0010566158
0.0
0.0010521624
0.0
0.0
0.0
0.0
0.0
0.0
0.0
0.0
0.0
0.0
0.0
0.0
0.0
0.0
0.0
0.0
0.0
0.0
0.0010100831
0.0
0.0
0.0010034782
0.0
0.0
0.0
0.0
0.0
0.0
0.0
0.0
-9.837304E-4
-9.815425E-4
0.0
0.0
0.0
0.0
0.0
-9.684423E-4
-9.6626347E-4
-9.64086E-4
-9.619098E-4
-9.59735E-4
9.575615E-4
-9.553893E-4
0.0
0.0
-9.4888086E-4
0.0
0.0
0.0
0.0
-9.3806075E-4
0.0
0.0
0.0
0.0
0.0
9.251223E-4
0.0
0.0
-9.1867207E-4
0.0
-9.143791E-4
-9.1223477E-4
0.0
-9.0795045E-4
-9.0581045E-4
9.036719E-4
0.0
-8.993992E-4
0.0
-8.951325E-4
-8.930013E-4
0.0
-8.887435E-4
-8.866168E-4
-8.8449166E-4
-8.82368E-4
0.0
-8.7812525E-4
0.0
0.0
-8.717726E-4
-8.696581E-4
-8.6754514E-4
-8.654338E-4
0.0
0.0
0.0
0.0
0.0
-8.527982E-4
0.0
0.0
-8.465018E-4
-8.4440614E-4
-8.423121E-4
8.402197E-4
0.0
0.0
8.339522E-4
0.0
0.0
0.0
-8.2561834E-4
0.0
0.0
0.0
-8.173109E-4
0.0
0.0
-8.110978E-4
0.0
0.0
0.0
0.0
-8.007763E-4
0.0
-7.966597E-4
7.946039E-4
7.9254986E-4
-7.904975E-4
0.0
-7.8639813E-4
7.84351E-4
0.0
0.0
0.0
-0.0015523601
0.0
-7.7210524E-4
0.0
0.0
-7.660062E-4
-7.639768E-4
-7.6194917E-4
-7.599233E-4
0.0
0.0
0.0
-7.5183803E-4
0.0
-7.4780633E-4
-7.457932E-4
0.0
0.0
-7.397649E-4
0.0
-7.357553E-4
-0.0014675065
-7.317531E-4
-7.297548E-4
0.0
0.0
0.0
0.0
-7.1979157E-4
-7.178046E-4
0.0
7.138364E-4
0.0
0.0
-7.078984E-4
0.0
0.0
-7.0197775E-4
0.0
-6.980403E-4
-6.960745E-4
0.0
0.0
0.0
6.8823097E-4
6.8627496E-4
0.0
0.0
6.804189E-4
0.0
6.765249E-4
6.745808E-4
0.0
6.7069876E-4
0.0
0.0
6.6489074E-4
6.6295883E-4
6.610289E-4
6.59101E-4
6.5717514E-4
0.0
6.533296E-4
6.514099E-4
6.494923E-4
6.4757676E-4
6.4566324E-4
6.437518E-4
0.0
0.0
0.0
0.0
6.342259E-4
6.32327E-4
6.304302E-4
0.0
6.2664296E-4
6.247525E-4
-6.228641E-4
0.0
0.0
0.0
-6.153321E-4
0.0
0.0
0.0
0.0
0.0
6.0409843E-4
0.0
6.0037116E-4
5.9851084E-4
0.0
0.0
0.0
-5.910913E-4
0.0
5.873947E-4
5.8554974E-4
0.0
0.0
0.0
-5.78192E-4
0.0
0.0
0.0
0.0
0.0
5.672224E-4
5.6540204E-4
5.635839E-4
5.617681E-4
5.5995444E-4
5.5814313E-4
0.0
-5.5452733E-4
0.0
-5.5092067E-4
0.0
0.0
0.0
0.00108747
0.0
0.0
0.0
0.0
0.0
5.330258E-4
0.0
0.0
0.0
0.0
0.0
0.0
0.0
0.0
-5.1712024E-4
0.0
5.1361165E-4
0.0
0.0
0.0
-5.066232E-4
-5.04882E-4
-5.031433E-4
0.0
0.0
-4.9794157E-4
0.0
-4.9448584E-4
0.0
0.0
0.0
0.0
0.0
0.0
0.0
4.8076038E-4
0.0
4.7735355E-4
4.7565385E-4
0.0
4.7226183E-4
0.0
4.6887973E-4
0.0
0.0
0.0
0.0
4.6046812E-4
4.587933E-4
4.57121E-4
4.5545123E-4
4.5378396E-4
0.0
4.50457E-4
0.0
4.471402E-4
4.4548558E-4
4.4383353E-4
4.42184E-4
0.0
0.0
0.0
0.0
0.0
0.0
0.0
0.0
4.2745366E-4
4.2582984E-4
0.0
0.0
0.0
4.1936047E-4
0.0
0.0
0.0
-4.129328E-4
0.0
0.0
0.0
4.0654704E-4
4.0495716E-4
0.0
0.0
0.0
0.0
0.0
0.0
0.0
0.0
0.0
0.0
0.0
0.0
0.0
-3.8297792E-4
0.0
-3.7988083E-4
0.0
0.0
-3.7525545E-4
0.0
-3.721854E-4
-3.7065445E-4
-3.6912624E-4
0.0
-3.6607796E-4
0.0
-7.260812E-4
0.0
-3.6001418E-4
-3.585051E-4
0.0
-3.5549514E-4
0.0
-7.049925E-4
0.0
-3.495084E-4
-3.480186E-4
0.0
0.0
0.0
0.0
0.0
0.0
-3.37668E-4
0.0
0.0
0.0
0.0
0.0
0.0
0.0
0.0
0.0
0.0
0.0
0.0
0.0
-3.1737922E-4
0.0
0.0
0.0
0.0
3.1026787E-4
3.0885419E-4
3.0744335E-4
0.0
3.0463032E-4
3.032281E-4
3.0182875E-4
3.004323E-4
2.9903874E-4
5.952961E-4
0.0
5.8975077E-4
0.0
5.842286E-4
0.0
2.8936483E-4
5.759889E-4
2.86627E-4
5.705249E-4
0.0
0.0
0.0
2.7983356E-4
2.7848364E-4
0.0
5.5158534E-4
5.4890313E-4
2.7311343E-4
2.7177826E-4
5.4089207E-4
2.6911675E-4
0.0
0.0
0.0
0.0
0.0
0.0
0.0
0.0
2.5728677E-4
0.0
0.0
0.0
0.0
0.0
0.0
2.4825282E-4
0.0
0.0
0.0
0.0
0.0
0.0
0.0
0.0
0.0
0.0
2.3435478E-4
0.0
0.0
0.0
-4.5878394E-4
0.0
0.0
0.0
0.0
0.0
4.4407873E-4
0.0
0.0
0.0
0.0
0.0
0.0
0.0
-2.124079E-4
0.0
0.0
0.0
0.0
0.0
0.0
0.0
0.0
0.0
0.0
0.0
0.0
0.0
0.0
0.0
0.0
-1.9259995E-4
0.0
0.0
0.0
0.0
0.0
0.0
-1.8470665E-4
0.0
0.0
0.0
0.0
0.0
0.0
0.0
-3.5175044E-4
0.0
0.0
-1.7261581E-4
0.0
0.0
0.0
0.0
0.0
0.0
0.0
1.6406442E-4
0.0
-1.6195858E-4
0.0
0.0
-1.5882392E-4
0.0
-1.5675023E-4
0.0
0.0
0.0
0.0
0.0
0.0
0.0
0.0
0.0
0.0
0.0
0.0
0.0
1.425965E-4
0.0
-1.4062651E-4
0.0
0.0
1.3769597E-4
-1.3672565E-4
0.0
0.0
1.3383434E-4
0.0
0.0
0.0
0.0
0.0
0.0
0.0
0.0
0.0
0.0
0.0
0.0
0.0
0.0
-1.19821445E-4
-1.1891366E-4
-1.1800918E-4
0.0
0.0
0.0
0.0
0.0
0.0
-1.1177075E-4
0.0
0.0
0.0
0.0
1.0741457E-4
0.0
0.0
0.0
0.0
0.0
0.0
0.0
1.0061843E-4
0.0
0.0
0.0
9.7300835E-5
9.647984E-5
9.566221E-5
9.484794E-5
0.0
0.0
0.0
9.16246E-5
0.0
9.003318E-5
8.924254E-5
8.845529E-5
0.0
8.689092E-5
8.6113825E-5
0.0
8.4569794E-5
8.3802865E-5
0.0
0.0
0.0
8.076914E-5
0.0
7.927268E-5
0.0
0.0
0.0
7.632064E-5
7.559116E-5
7.486509E-5
7.414244E-5
7.342321E-5
7.270739E-5
7.1995004E-5
7.1286035E-5
7.0580485E-5
6.987837E-5
6.917968E-5
6.848442E-5
6.7792585E-5
6.710419E-5
6.641923E-5
6.57377E-5
6.505961E-5
6.438496E-5
6.371376E-5
6.304598E-5
6.238167E-5
6.1720784E-5
0.0
6.0409377E-5
5.9758844E-5
5.9111764E-5
5.846814E-5
5.782797E-5
5.7191253E-5
5.6557994E-5
0.0
5.5301858E-5
5.4678985E-5
5.4059572E-5
5.3443626E-5
5.2831147E-5
5.2222134E-5
0.0
5.1014522E-5
5.041592E-5
4.9820796E-5
4.9229147E-5
4.8640974E-5
4.8056278E-5
4.747506E-5
4.6897323E-5
4.6323068E-5
4.57523E-5
4.5185014E-5
4.4621214E-5
4.40609E-5
4.350408E-5
0.0
0.0
-4.185455E-5
0.0
0.0
4.0236468E-5
0.0
-3.9175233E-5
-3.8649865E-5
-3.8128E-5
-3.7609636E-5
0.0
3.658342E-5
0.0
3.5571233E-5
-3.50704E-5
-3.4573077E-5
0.0
3.3588964E-5
3.310218E-5
3.2618907E-5
3.2139153E-5
3.1662912E-5
0.0
0.0
3.0255305E-5
-2.9793146E-5
2.9334506E-5
-2.887939E-5
-2.84278E-5
0.0
-2.7535194E-5
0.0
0.0
-2.6222746E-5
-2.5792324E-5
-2.5365433E-5
2.4942075E-5
0.0
0.0
-2.3693206E-5
-2.3283988E-5
-2.2878308E-5
-2.2476166E-5
2.2077566E-5
-2.1682503E-5
0.0
-2.0903006E-5
-2.051857E-5
0.0
-1.9760335E-5
1.9386534E-5
-1.9016281E-5
-3.7299153E-5
0.0
1.7926812E-5
0.0
0.0
1.6869293E-5
1.6523893E-5
0.0
1.584375E-5
0.0
0.0
0.0
1.4526133E-5
1.4205622E-5
0.0
0.0
1.3265448E-5
0.0
1.2656468E-5
0.0
1.2061741E-5
1.1769722E-5
0.0
-1.119638E-5
1.0915057E-5
1.0637302E-5
0.0
0.0
0.0
0.0
-9.302046E-6
0.0
0.0
-1.7087468E-5
-8.298108E-6
-1.6112108E-5
-7.817573E-6
-7.5826665E-6
0.0
0.0
0.0
0.0
0.0
-1.2496623E-5
0.0
0.0
0.0
0.0
0.0
0.0
0.0
0.0
0.0
0.0
0.0
0.0
0.0
0.0
-3.4761272E-6
0.0
0.0
3.0184206E-6
0.0
-2.7312085E-6
0.0
0.0
-2.3272864E-6
0.0
2.075939E-6
1.9556464E-6
0.0
1.725825E-6
0.0
0.0
1.408006E-6
-1.3092442E-6
0.0
1.1224888E-6
0.0
9.5009244E-7
8.6927935E-7
0.0
0.0
0.0
0.0
0.0
0.0
4.041277E-7
0.0
0.0
2.5864583E-7
0.0
0.0
0.0
0.0
0.0
0.0
0.0
0.0
1.6165792E-8
0.0
0.0
0.0
