0.49394998
0.36652064
0.25991938
0.08481746
0.4537454
1.957349
1.8423715
0.78888553
1.2484905
2.2582924
1.2136037
0.1396472
0.06873874
0.48215014
0.5710581
0.5821098
0.8848283
0.668383
0.653837
0.5748358
1.5871974
1.140515
0.7695258
0.85742134
0.7858654
0.24744652
0.5545568
0.44343495
0.12112288
0.80554736
1.9671191
2.7750535
2.246145
1.1484643
0.5186442
0.520774
0.1521351
0.5411462
0.24854739
0.17878966
0.24940568
0.6787514
0.39631572
0.3357594
0.43062437
0.2228343
0.18599072
0.11453164
0.2417987
0.27145797
0.18039675
0.41012624
0.36950094
0.32536802
0.4933939
0.4673206
0.6083355
0.5277551
0.11306975
0.3818611
0.23509803
0.11928803
0.20417847
0.19831294
0.16725977
0.4415064
0.5485216
0.5914066
0.3989742
0.15688354
0.4360383
0.25797135
0.119032875
0.21823125
0.29247215
0.3345133
0.120962195
0.057689432
0.13198876
0.22837318
0.1371336
0.2956918
0.4426364
0.57919055
0.4704954
0.17037213
0.16300805
0.041036475
0.36044952
0.5602953
0.5222969
0.45573092
0.22498344
0.103591934
0.18905507
0.26620317
0.18857943
0.06697192
0.09116723
0.08775246
0.063029
0.154602
0.27961373
0.25184065
0.06723562
0.08380292
0.18530588
0.13740924
0.3550527
0.12619886
0.21439403
0.16673137
0.13125265
0.21397611
0.1660762
0.054693535
0.12418557
0.08241915
0.11168953
0.20268314
0.4419779
0.46418652
0.21540421
0.18035695
0.19203228
0.14256218
0.2781862
0.155713
0.16043027
0.2550839
0.09763826
0.24924862
0.055466916
0.20862398
0.18519323
0.009071973
0.20568494
0.18298417
0.16318744
0.3437644
0.1539171
0.08765021
0.24279542
0.21313271
0.16920781
0.104829654
0.07370446
0.12428888
0.10336299
0.05192952
0.09567971
0.1423489
0.12816082
0.21237089
0.31248146
0.23827824
0.25482765
0.23925972
0.101448335
0.16249035
0.11308613
0.09209932
0.09103905
0.11932238
0.1054797
0.035886955
0.14217103
0.13670054
0.037817914
0.12693919
0.1447025
0.112781174
0.15169722
0.19608295
0.066459835
0.24204908
0.2609668
0.040909354
0.10537545
0.10617993
0.14372581
0.11751012
0.1653214
0.15839344
0.07322376
0.12738301
0.20588212
0.20466743
0.11751654
0.088103965
0.06960774
0.045369025
0.14997901
0.19377899
0.08305022
0.19154952
0.3255155
0.3714839
0.2555664
0.033822723
0.09140791
0.011763781
0.07968828
0.07112421
0.08782636
0.029418405
0.1272412
0.13455997
0.22037667
0.44626415
0.30043635
0.6456859
0.7318623
0.13828851
0.3270151
0.63578767
0.38231453
0.19878064
0.08788852
0.16092207
0.1582158
0.02667976
0.061697267
0.053779025
0.051927503
0.038941532
0.054819886
0.041851252
0.1433969
0.30639642
0.2386288
0.15454726
0.15799975
0.19466813
0.10193708
0.1376182
0.07665139
0.0771303
0.16590838
0.14879619
0.043114953
0.10654014
0.08428169
0.107520305
0.106812336
0.12395193
0.108119175
0.08372491
0.061713427
0.04351322
0.122765414
0.12151048
0.107977964
0.09166888
0.051122174
0.17982095
0.12412324
0.11301524
0.16534801
0.09202638
0.2239998
0.14834899
0.07508536
0.021616366
0.079211324
0.0885906
0.052740645
0.11608313
0.2169896
0.19829425
0.13587792
0.117085196
0.023959696
0.034865882
0.10963704
0.14569739
0.08405682
0.082982354
0.13713416
0.06381875
0.07914482
0.032630514
0.087176286
0.08671586
0.13705675
0.12955673
0.038025852
0.09848726
0.049471263
0.07688285
0.07576437
0.080015406
0.11549384
0.03654522
0.20085149
0.14706136
0.03415992
0.051267814
0.04900942
0.11536553
0.12818332
0.073699825
0.023729695
0.10851495
0.16141842
0.20948486
0.1636645
0.044798892
0.10139861
0.08130589
0.16189878
0.031818
0.0640658
0.10846943
0.08909205
0.04995175
0.05161132
0.075615175
0.10327262
0.15686938
0.1404377
0.07059864
0.018107295
0.053412654
0.07283436
0.039043166
0.02925401
0.0860119
0.01335112
0.046958067
0.082816064
0.10152729
0.037606385
0.115116544
0.03401672
0.18163131
0.16412942
0.16397004
0.17890166
0.08111977
0.0934291
0.15405694
0.13935892
0.21087082
0.12981138
0.054313287
0.12744445
0.14790013
0.056433607
0.21715988
0.34062555
0.257979
0.10281462
0.12934972
0.12373359
0.07316108
0.01614742
0.08809938
0.044476125
0.12873678
0.17352748
0.16323179
0.09895794
0.11325368
0.07717819
0.024346847
0.05865557
0.09487312
0.10733258
0.03387173
0.09542419
0.06274667
0.025688289
0.022731269
0.059592966
0.08143002
0.20108478
0.121771455
0.04635717
0.03452155
0.08959873
0.08552004
0.029758498
0.041635815
0.057466146
0.07453402
0.07351401
0.099229306
0.13144045
0.09815662
0.0153711885
0.13345732
0.20401984
0.17714222
0.10257155
0.030884711
0.013947276
0.032128897
0.12676205
0.15712301
0.083422795
0.022660235
0.12594384
0.20805821
0.14384477
0.03509759
0.08530447
0.07068059
0.09538299
0.118063636
0.05141274
0.040062144
0.08554383
0.13526098
0.11130675
0.08917992
0.045541275
0.0022970187
0.009963215
0.059878986
0.026095642
0.12705675
0.12497762
0.104719624
0.033699136
0.19711812
0.3315889
0.36715463
0.21643819
0.13610485
0.12754792
0.13377309
0.11645544
0.08830729
0.033128787
0.123402454
0.1805018
0.13874552
0.12785004
0.08439677
0.036358654
0.008793717
0.13642083
0.17466798
0.1027741
0.019424355
0.07188276
0.05348978
0.07465243
0.22308369
0.22497277
0.18845613
0.119002245
0.10006983
0.08496181
0.10017644
0.14648409
0.18018582
0.081715554
0.06605698
0.13587232
0.08410435
0.10367149
0.089413315
0.13849665
0.2401948
0.23098575
0.12884162
0.07956447
0.08594509
0.08174842
0.14978898
0.08970702
0.13002414
0.07458753
0.066687286
0.14768997
0.25310165
0.1634444
0.08593182
0.17742525
0.15962525
0.16345628
0.0975066
0.023877356
0.008966563
0.10330032
0.073067896
0.0058976114
0.049647454
0.03804508
0.09764912
0.19027576
0.16039829
0.038747787
0.12740661
0.18159339
0.11145653
0.079114944
0.073016234
0.12516513
0.022550885
0.14528403
0.0994727
0.08086216
0.18618377
0.12134432
0.025018558
0.090051405
0.11234058
0.10623967
0.068191744
0.116565034
0.12716857
0.055454034
0.081414536
0.12880081
0.06545659
0.06231066
0.63131994
1.0397533
1.3168374
0.6509431
0.25802705
0.18186569
0.36156085
0.374239
0.38519868
0.40229952
0.2525446
0.048874754
0.1875106
0.34114102
0.228186
0.058896832
0.05098614
0.06974368
0.051419366
0.17755026
0.2953392
0.25408077
0.16882695
0.04116433
0.106958516
0.07455893
0.07156408
0.13608201
0.21882097
0.1372724
0.11979897
0.099871635
0.02692768
0.14814563
0.25243574
0.20864892
0.16738644
0.22237031
0.16431798
0.01747857
0.21785785
0.23263925
0.07716066
0.11153801
0.1788351
0.11980822
0.1397736
0.066291
0.059230644
0.11389642
0.17338051
0.15494601
0.10154324
0.16771771
0.22350137
0.14618878
0.13583909
0.025965776
0.14874092
0.11684969
0.13876934
0.09230764
0.22987285
0.26274803
0.12557955
0.19767888
0.11219649
0.27272844
0.070488736
0.064613506
0.14871067
0.10552003
0.03751344
0.17967491
0.335087
0.24203306
0.2862711
0.37835118
0.2633647
0.15950665
0.17778645
0.14054431
0.24887177
0.20293772
0.09747983
0.26918814
0.16502695
0.1624046
0.12576784
0.14342976
0.060085397
0.13554233
0.21953672
0.21086821
0.07291673
0.25060543
0.1390875
0.10501972
0.32495812
0.18870522
0.23522903
0.31540295
0.051288817
0.083872564
0.25772107
0.38620403
0.15124513
0.05551099
0.08885753
0.09270912
0.17144899
0.058367115
0.15495123
0.2720597
0.28302133
0.16363639
0.17027333
0.20762937
0.1473573
0.17453118
0.3572252
0.22234827
0.25385162
0.18501979
0.0827516
0.14474688
0.27733815
0.32496098
0.26214653
0.14044435
0.28483266
0.43236512
0.1825085
0.1766239
0.22603466
0.19523987
0.21053381
0.26095366
0.22549
0.15021665
0.1461254
0.21728566
0.18549132
0.18539767
0.12063046
0.0249101
0.08573127
0.16055353
0.25743258
0.13451831
0.23743026
0.3279456
0.21055605
0.16018416
0.1458308
0.1744335
0.2025255
0.09801919
0.08777402
0.02436612
0.16016898
0.15061247
0.12492849
0.030767046
0.14024708
0.18683763
0.31310678
0.26284105
0.13338223
0.14753339
0.08322203
0.09167037
0.054218177
0.09852813
0.036618013
0.15285069
0.065081894
0.16816023
0.21149404
0.19461621
0.25870514
0.15498313
0.03340912
0.09176505
0.022711514
0.039803192
0.03979545
0.035989206
0.011214306
0.019051533
0.043752857
0.112677336
0.17402495
0.14268056
0.062428515
0.040387996
0.06393894
0.09726568
0.05077787
0.11097187
0.07906627
0.055232134
0.023739005
0.022113536
0.09155363
0.053593766
0.024775695
0.08731267
0.0914762
0.122129545
0.16101623
0.1553682
0.061007224
0.09581817
0.102671005
0.093785845
0.28574163
0.2519246
0.08109376
0.039054286
0.13918424
0.1735108
0.115324035
0.10105309
0.032587435
0.17686374
0.11957642
0.007154535
0.08353852
0.10043234
0.02840675
0.15966362
0.2201549
0.057032634
0.15519372
0.15841985
0.062364638
0.1509768
0.13708957
0.1486208
0.13578612
0.0077896663
0.14360765
0.09770639
0.09420348
0.05717003
0.08554471
0.04265014
0.07214159
0.13542244
0.13573065
0.10572033
0.055798013
0.06627816
0.08352149
0.034937415
0.01673659
0.046191633
0.09256405
0.084846064
0.09761568
0.023996523
0.070539385
0.058032047
0.13636881
0.07001899
0.060422912
0.06778605
0.08237847
0.18085861
0.14297771
0.09751337
0.049955085
0.04233161
0.12625113
0.12576833
0.058658823
0.119515836
0.17320788
0.08033372
0.04376739
0.07318715
0.0683942
0.15066971
0.17859066
0.106791474
0.04553882
0.11499242
0.05789422
0.07158393
0.09586157
0.07643814
0.038762584
0.015300523
0.011145978
0.021966258
0.054488584
0.06531215
0.09015838
0.16396412
0.0963443
0.038211215
0.07283196
0.08820974
0.17479841
0.12706792
0.07305393
0.07350441
0.035536345
0.073269896
0.14123154
0.11801214
0.008831985
0.08909068
0.069053456
0.028606309
0.06724311
0.14360033
0.19776678
0.09743433
0.047587834
0.10220666
0.024045879
0.13006756
0.12370517
0.07100143
0.066839196
0.07585186
0.14795324
0.1268284
0.07572784
0.059736393
0.084451206
0.039214276
0.061273184
0.10458357
0.075640984
0.0451892
0.04646003
0.12781152
0.115985036
0.081130825
0.02749839
0.08140091
0.053515077
0.042841904
0.034406867
0.018826999
0.09884388
0.109810695
0.06497122
0.046611935
0.09503947
0.091507286
0.06563734
0.118634254
0.09760483
0.077092186
0.05941843
0.09438855
0.1174877
0.05603883
0.021717196
0.050377395
0.020656947
0.054935843
0.09028561
0.019736333
0.03247273
0.026265485
0.10624501
0.19767608
0.14234304
0.028472165
0.07235148
0.03427061
0.0148263145
0.034951847
0.042176004
0.07565358
0.04483336
0.053771146
0.0648906
0.07970139
0.18488978
0.17931156
0.07565779
0.06047336
0.06806089
0.048497964
0.06799434
0.13965577
0.106201045
0.040943306
0.085018486
0.04819758
0.037972145
0.065556616
0.1166563
0.14921585
0.09938005
0.11014806
0.050680503
0.02990899
0.04202818
0.06920653
0.06316259
0.063245565
0.11377625
0.019814728
0.097653694
0.052678414
0.053130317
0.049624614
0.026481315
0.028774409
0.08823729
0.060756903
0.08240056
0.029067028
0.0178101
0.0023738223
0.05712201
0.066117994
0.10440022
0.082216434
0.11620306
0.14314584
0.06527487
0.09155067
0.10071594
0.19099455
0.13740818
0.093058355
0.12814981
0.12300525
0.055435773
0.123486236
0.10329176
0.0049560084
0.15742017
0.16850966
0.092711374
0.057374716
0.096284404
0.11136781
0.047438636
0.04457032
0.10439187
0.099489935
0.0891794
0.08605276
0.05546067
0.10235022
0.12379933
0.11159434
0.03680177
0.011890702
0.050051257
0.16870448
0.15725245
0.13046679
0.12907839
0.051883202
0.101904094
0.0930971
0.04528174
0.011497284
0.08079795
0.12941001
0.16298266
0.08224559
0.088012695
0.19132075
0.17939043
0.12125606
0.10392161
0.04416677
0.082460776
0.090353265
0.048178248
0.02576454
0.066368654
0.07267148
0.07966809
0.073514216
0.023441076
0.12951933
0.1541344
0.11535229
0.050922208
0.09802451
0.15530495
0.14729838
0.082724266
0.080164224
0.124415584
0.095216915
0.050342616
0.044505183
0.074082345
0.06269564
0.05736635
0.072997406
0.025816575
0.059794866
0.08370909
0.056254007
0.013211248
0.03213293
0.06406229
0.060167458
0.11220537
0.18319471
0.15393598
0.12055204
0.16998146
0.11817149
0.04541659
0.07395811
0.13097075
0.14172994
0.13498352
0.08992345
0.105469584
0.06160066
0.10695912
0.04806109
0.0661016
0.15651374
0.14645787
0.08575093
0.07132516
0.024689585
0.046773314
0.14148168
0.19796915
0.1255892
0.06691345
0.08224955
0.022173384
0.1138695
0.055666536
0.07792852
0.11762755
0.09819303
0.09832258
0.055951454
0.04734093
0.10947203
0.08967827
0.13499391
0.11140977
0.020437637
0.07853352
0.11334343
0.05888619
0.02669189
0.077665836
0.08410582
0.008210558
0.08279823
0.09213327
0.0896047
0.08457221
0.036946144
0.02628734
0.061326183
0.059029907
0.027541356
0.0359927
0.049262647
0.104125254
0.09005373
0.08177453
0.07394484
0.02182271
0.06234242
0.08752531
0.06212108
0.01193003
0.053679094
0.03969029
0.04498797
0.05474601
0.03433273
0.05169189
0.060716204
0.013680252
0.05120406
0.06115484
0.022539755
0.011892395
0.018669292
0.037144
0.054393694
0.0337265
0.06754569
0.14011359
0.11243708
0.02458803
0.10039914
0.11899368
0.065098464
0.08025707
0.09314532
0.062929094
0.0865977
0.056106385
0.11143079
0.10527071
0.11595265
0.09152263
0.05482695
0.038224496
0.1482826
0.14459176
0.05012058
0.040564813
0.034459308
0.042616263
0.017078636
0.057596803
0.03751253
0.020427499
0.026608864
0.037955098
0.08571508
0.075067356
0.027644582
0.037286565
0.03814028
0.039724655
0.14163277
0.1413173
0.103932135
0.1359659
0.13675228
0.052637797
0.087368
0.05125443
0.015271649
0.03833205
0.04079261
0.07765874
0.036168
0.025713833
0.14647171
0.14679831
0.05246924
0.038377747
0.062637925
0.022975704
0.027232356
0.10911215
0.14130007
0.14123301
0.114479266
0.08684338
0.09052982
0.12736179
0.10518697
0.102012105
0.13781062
0.0756675
0.03694653
0.050375868
0.03318435
0.019329745
0.052126843
0.07978857
0.043790206
0.06513874
0.19532779
0.20550123
0.10317031
0.093856856
0.111061156
0.07900542
0.040988643
0.07669325
0.10321682
0.057778034
0.033465866
0.062382963
0.053214416
0.06471758
0.051587626
0.11369548
0.16338861
0.15017518
0.05225141
0.09968127
0.12494414
0.0784163
0.01705466
0.017040811
0.037390545
0.05587762
0.10510353
0.05412125
0.070039414
0.06202724
0.09770661
0.09705051
0.025209047
0.0468653
0.003930439
0.077782586
0.08370052
0.057416134
0.062092617
0.12960899
0.11634149
0.12715338
0.09914068
0.09379296
0.088991
0.051053997
0.021012416
0.0900585
0.090556614
0.04008752
0.060657606
0.083622314
0.04357212
0.081338115
0.047058728
0.08009209
0.085861735
0.07545572
0.07204747
0.0675872
0.11061336
0.091831565
0.052883558
0.049560457
0.002178924
0.059353136
0.05641894
0.071960256
0.05277335
0.10396897
0.13431104
0.14126742
0.11805654
0.099845335
0.053133782
0.038611636
0.019553576
0.028038114
0.021314064
0.019442905
0.060975466
0.10024262
0.11869175
0.14775267
0.12549375
0.058310337
0.04319277
0.07216962
0.09638605
0.13495319
0.15007296
0.059991695
0.09155868
0.14797784
0.144241
0.06400165
0.028730663
0.06342341
0.11453419
0.090741344
0.103182904
0.115251675
0.071753
0.07699646
0.065859444
0.07759419
0.025408238
0.083067566
0.1413836
0.13416946
0.09609375
0.051318984
0.059524633
0.020470144
0.009026914
0.052106462
0.09318285
0.0684212
0.046582237
0.09780059
0.11986431
0.08441152
0.07609648
0.11829241
0.15780635
0.16382033
0.11678314
0.091833316
0.12143101
0.17064695
0.16703105
0.029619426
0.12575343
0.11652597
0.0128151355
0.1398188
0.20437773
0.14958279
0.091441356
0.038320664
0.084250994
0.22115166
0.14480333
0.036296003
0.019944081
0.009784431
0.046496816
0.066252045
0.07639595
0.03597172
0.015251103
0.010809551
0.036979124
0.05211081
0.13978536
0.17443338
0.11734247
0.05811792
0.07256069
0.09539359
0.11953794
0.04998767
0.04881408
0.1265072
0.18471752
0.17410983
0.13607097
0.15254073
0.1280511
0.080028504
0.095794655
0.102995366
0.05539413
0.04372907
0.05421093
0.035393715
0.021748694
0.03578785
0.06614062
0.119000964
0.093085244
0.0148431705
0.055365957
0.038249057
0.13674851
0.25146443
0.1965806
0.024345873
0.108045295
0.17592777
0.17477047
0.072464086
0.089089
0.016210543
0.109391846
0.13503431
0.16688372
0.13493262
0.088463575
0.14808004
0.04403106
0.03727258
0.07922888
0.13178071
0.1758263
0.17303126
0.13239048
0.042849574
0.058077015
0.08431
0.06860983
0.1258017
0.15687457
0.0454031
0.075237095
0.1315263
0.016399132
0.053170774
0.1748077
0.076367736
0.10316595
0.18974504
0.11064175
0.10529692
0.22541793
0.096525155
0.15323457
0.093109556
0.15321732
0.114275865
0.08975131
0.050826292
0.0117764715
0.12629476
0.08120036
0.15880924
0.14787668
0.11311131
0.072876245
0.06638668
0.10538805
0.07685973
0.15386963
0.092195176
0.20422783
0.1759258
0.13976981
0.2239039
0.15784605
0.05750669
0.064195774
0.19609755
0.22627954
0.10280178
0.07223167
0.040817693
0.039598595
0.10707575
0.13052051
0.093794756
0.020114368
0.096009664
0.23594
0.13868931
0.09584274
0.17418331
0.018312773
0.14301473
0.050236344
0.10436647
0.11048782
0.1394697
0.059173647
0.16085412
0.16919921
0.06161936
0.04648929
0.1437022
0.15723461
0.11482237
0.24154174
0.12776902
0.05270638
0.1285184
0.08322774
0.09297583
0.065581985
0.090068445
0.12903875
0.12480706
0.08070824
0.13867223
0.17830797
0.20262375
0.20923764
0.13131797
0.077737525
0.15474153
0.122474276
0.064584024
0.2162591
0.120131776
0.1728728
0.057685792
0.1623688
0.13943753
0.036466762
0.07776187
0.086769745
0.022098206
0.16105056
0.10610639
0.03612315
0.06842057
0.07236844
0.08729372
0.039329477
0.047331754
0.037633084
0.116583675
0.102396995
0.067229524
0.12362752
0.1238303
0.043416675
0.061338972
0.030716542
0.12900345
0.09830834
0.04088146
0.032915775
0.105077274
0.19698602
0.1802577
0.09866
0.07492949
0.1294528
0.17397751
0.1782408
0.12966089
0.0368905
0.027709056
0.08908626
0.10451923
0.12932372
0.023721086
0.045915928
0.048794385
0.12606259
0.09236107
0.04133826
0.12715441
0.17907178
0.07966399
0.042309403
0.09165922
0.09336498
0.09114031
0.03504304
0.07014311
0.10811396
0.096383944
0.050816223
0.044020843
0.056030616
0.030035386
0.11916281
0.11906027
0.035940677
0.08097509
0.11740141
0.082888834
0.062437296
0.076048724
0.03904063
0.075519264
0.048887804
0.028403176
0.11318521
0.10501214
0.07932565
0.08212605
0.039016172
0.085017316
0.087260135
0.07174957
0.045212172
0.051428534
0.0550729
0.07838666
0.07079808
0.06380174
0.107016414
0.12932391
0.12502359
0.063972995
0.031272862
0.08058155
0.099894404
0.087701574
0.06881176
0.058143817
0.119307324
0.06359045
0.052477997
0.03420298
0.0053234403
0.015141716
0.010439928
0.054131452
0.08626008
0.082754254
0.031405173
0.06985174
0.033828028
0.051601913
0.04604701
0.016807051
0.014360153
0.07108454
0.11570225
0.07816526
0.02994689
0.08105825
0.12677857
0.091101386
0.03264735
0.023342924
0.033034008
0.025129471
0.06327276
0.09668117
0.035350427
0.055416714
0.012996012
0.046061356
0.06613943
0.17360231
0.18800852
0.12735459
0.09771677
0.056589756
0.12118791
0.096627474
0.0677259
0.1519623
0.083845
0.040038027
0.08233969
0.12007416
0.13880265
0.09090732
0.04115128
0.04428751
0.09840332
0.069523826
0.06205186
0.04997208
0.09132633
0.026497811
0.03133761
0.07060386
0.0034572543
0.101607315
0.09579832
0.088142455
0.10662547
0.008525171
0.10453025
0.099758856
0.1454055
0.14208631
0.060509127
0.04185856
0.039546903
0.08033278
0.0769975
0.16126184
0.14195529
0.29331195
0.1837457
0.4724792
1.3960502
2.521198
3.1124482
2.3705814
2.452489
3.7524488
4.43425
3.3128533
3.8136132
4.232203
4.918662
4.333614
3.2707515
1.7239926
2.1464446
2.3436427
1.1871885
0.34653047
0.21124373
0.119919874
0.24080671
0.171973
0.042273123
0.040130638
0.13047735
0.08902882
0.12290525
0.17973676
0.1339032
0.13526769
0.052615274
0.034024365
0.021523422
0.058207832
0.042254046
0.05810816
0.08415472
0.0701128
0.06480644
0.051348355
0.060434323
0.07728912
0.12782905
0.02151363
0.06804026
0.106659405
0.1249399
0.08227724
0.06801614
0.06398119
0.08806954
0.03374477
0.13092443
0.15777038
0.0804056
0.10242534
0.073155895
0.014448952
0.032107927
0.016866615
0.0026490781
0.0278013
0.07349921
0.019346567
0.11665278
0.13261016
0.0485786
0.030635841
0.052908074
0.04073488
0.08320689
0.091911584
0.09630462
0.05086594
0.151215
0.113945775
0.05045325
0.06348745
0.040167153
0.02834632
0.08318914
0.13784751
0.08090933
0.11728382
0.07606138
0.059691597
0.07583907
0.04880151
0.12665208
0.086189464
0.040993482
0.06739905
0.07766496
0.06326561
0.04710596
0.04070858
0.04242115
0.03999415
0.08980233
0.094351284
0.11672458
0.12084732
0.09702642
0.10662232
0.06972444
0.0052501033
0.09828243
0.14931394
0.12622622
0.032649923
0.05162503
0.08136959
0.10783909
0.066290766
0.07080556
0.055815175
0.05658802
0.042675387
0.1044733
0.13738589
0.14856699
0.10015361
0.09177706
0.029610248
0.07983669
0.088285945
0.0652121
0.029741554
0.038561415
0.052201007
0.034721877
0.06839068
0.112932414
0.08630873
0.021137357
0.06616293
0.07907385
0.04627434
0.15900928
0.22280996
0.19111273
0.065158986
0.03972567
0.09143482
0.1437258
0.13800398
0.12664977
0.08987158
0.019751478
0.058457844
0.04600058
0.018231932
0.03690224
0.05402097
0.07097135
0.06869301
0.0579551
0.05437069
0.059523437
0.0046889037
0.08716717
0.082606465
0.035674453
0.0594909
0.09188938
0.03857179
0.029743105
0.08543245
0.08258092
0.079623945
0.054078907
0.031134645
0.065772675
0.1036461
0.092107676
0.0052883876
0.04400066
0.033865362
0.098515525
0.11133689
0.07920307
0.034986153
0.07268428
0.0817574
0.08741798
0.07772191
0.075126454
0.060316257
0.04247453
0.027881775
0.029943315
0.053133987
0.015117931
0.067955635
0.11012289
0.055199146
0.009726256
0.04070842
0.08034676
0.050888423
0.06561062
0.078276135
0.06174957
0.082983814
0.06047467
0.029184593
0.06975398
0.051908568
0.045067333
0.087395586
0.13891272
0.14646883
0.085286915
0.048064746
0.03938046
0.06702107
0.04319983
0.12025329
0.05124173
0.041893996
0.06623934
0.06353678
0.03953147
0.08531755
0.030919751
0.017361071
0.025887696
0.03165266
0.07139727
0.051059555
0.07040488
0.08250237
0.06915662
0.049432028
0.04642775
0.032297213
0.026266899
0.034709994
0.025931844
0.011938865
0.013470498
0.006188764
0.03094699
0.05621572
0.05799456
0.02933952
0.07638612
0.12612948
0.12148646
0.060192246
0.0118477605
0.046163976
0.060122542
0.05157211
0.043292414
0.04420649
0.09594337
0.025852323
0.02631901
0.0014470279
0.018080937
0.050706796
0.090157725
0.064932816
0.027007472
0.0145369135
0.033548925
0.045460172
0.043710478
0.055147346
0.022740979
0.014884039
0.011186706
0.050837215
0.07540452
0.116139054
0.08001104
0.04250935
0.043702703
0.0253568
0.032108437
0.024187732
0.010903679
0.029341387
0.04342078
0.023281299
0.03622654
0.023153862
0.03598509
0.06587164
0.07137518
0.055299513
0.015908038
0.06830091
0.07675531
0.07505676
0.047974683
0.0068444824
0.020826131
0.013596646
0.057244334
0.04281991
0.008524556
0.017370198
0.06390766
0.07983176
0.07175752
0.010665871
0.027619006
0.046056576
0.058406517
0.044140942
0.010233902
0.022489235
0.006561608
0.012006123
0.037418284
0.026806919
0.015787195
0.012957817
0.033356115
0.09828397
0.09649679
0.06780149
0.042368196
0.044606674
0.016199548
0.045834523
0.06826985
0.012504755
0.0320575
0.022864118
0.024297748
0.012763447
0.053171407
0.054926895
0.04240996
0.05430679
0.04286087
0.11630507
0.099331275
0.052409373
0.027387705
0.04891159
0.007274732
0.029137462
0.023022044
0.013599111
0.020046962
0.0040122117
0.05612902
0.11881493
0.11259251
0.025408568
0.04762281
0.05435875
0.043688156
0.09774552
0.107630506
0.08505193
0.03767165
0.024894213
0.025120456
0.063003406
0.065009356
0.053184725
0.039886743
0.09092231
0.063529074
0.009422627
0.04078513
0.041005865
0.033192858
0.03039521
0.011266349
0.0
-0.012207359
0.0
-0.009155444
-0.0030517967
0.003051775
-0.00915525
0.0061034425
-0.009155067
-0.0061033056
-0.0030516135
-0.006103141
0.006103047
-0.012205893
-0.0030514195
-0.009154086
-0.012205204
0.0061024725
-0.003051168
0.006102192
-0.0030510207
-0.0030509417
0.006101718
-0.009152318
0.006101366
-0.0030505897
0.0
0.0061007845
-0.0061005764
0.009150541
-0.006100138
-0.003049954
0.0
-0.009149141
0.0030495878
-0.006098917
0.0060986513
0.0
-0.009147148
0.0060978113
-0.009146275
0.006097215
-0.0030484532
0.0030482954
0.012192535
-0.0060959375
0.0091434
-0.0030476279
0.0
0.006094545
-0.012188358
0.0060938057
-0.006093425
0.003046519
0.0
-0.012184482
0.006091832
-0.009137124
0.0030454963
-0.0030452812
-0.0030450623
0.00304484
-0.009133842
0.009133154
-0.0030441512
0.0
0.0030436744
-0.015217152
0.0060863663
-0.0030429321
-0.0030426774
0.0
-0.012168631
0.0
-0.015208118
-0.0030413512
-0.0030410753
-0.012163183
0.0030405126
-0.01520113
0.0
-0.0030396418
-0.006078689
0.0121561745
-0.012154956
0.003038431
-0.006076239
-0.0060756085
0.0030374855
-0.0060743266
0.015184187
-0.0060730157
0.003036175
0.0030358385
-0.012141993
0.01214062
-0.006069615
0.0060689137
0.0
-0.009101234
0.015166917
-0.009099055
0.0121305995
0.0
0.0
0.00909457
-0.0090934215
0.012123018
-0.0030303646
-0.0030299714
0.0
-0.015145871
0.0060575404
-0.012113451
0.0030279518
0.0030275374
-0.009081358
0.01210679
-0.015131363
0.0030258438
-0.0030254116
-0.006049952
0.012098147
-0.009072281
0.0151182385
-0.0030231979
0.0
0.009066863
-0.012087309
0.012085453
-0.0060417918
0.0030204249
0.0030199504
-0.015097362
0.012075963
-0.0120740235
0.0030180172
0.0030175252
-0.0030170297
0.018099183
-0.006032056
0.012062088
0.0030150122
0.003014499
0.015069913
0.0
0.021090573
0.0
0.0030118811
0.009034041
-0.0030108094
0.024082147
0.0
0.012036703
0.009025872
-0.009024207
0.0150375515
-0.012027793
0.01202553
0.009017441
0.0
0.015023326
-0.0030040857
0.02102452
0.0
0.0030023265
0.012006932
-0.009003408
0.012002143
-0.002999932
0.008997974
0.008996142
-0.008994299
0.011989929
-0.011987444
0.008988709
0.0029956084
-0.0029949767
0.011977367
-0.011974813
0.011972246
-0.008977248
0.0
0.01196446
-0.008971378
0.011959201
-0.0029891375
0.0
0.002987802
-0.008961387
0.008959359
-0.008957319
-0.0059701796
0.0
-0.0059674256
0.008949058
-0.011929289
0.008944866
0.0
0.0
0.011918001
-0.01489393
0.008934205
-0.008932043
-0.00892987
0.0
-0.014875822
0.008923289
-0.014868459
-0.0029729502
-0.005944411
-0.014857286
0.008912116
-0.014849753
0.002969192
-0.0059368606
-0.014838325
0.008900689
-0.011864497
0.002965349
-0.0059291404
-0.005927576
0.0029630025
-0.011848854
0.0059228423
-0.011842502
0.0
0.0
-0.017749308
0.0029574088
-0.017739577
0.0029557804
0.0
-0.005908277
0.008859937
-0.008857449
0.0029516502
-0.005901628
-0.005899949
0.008847395
-0.005896571
0.008842308
-0.002946583
0.0
-0.0029448674
-0.011776018
0.0058862767
-0.0058845375
0.0029413959
0.0029405195
-0.00587928
0.0029387572
-0.011751483
0.005873963
0.0
0.0
0.008802879
-0.008800169
0.008797452
-0.0029315744
-0.0029306617
0.008789237
-0.008786478
0.0029279036
-0.014634888
-0.0029260484
-0.0029251156
-0.00292418
0.008769722
-0.014611491
0.0029213524
-0.0029204036
-0.008758354
0.008755486
-0.0029175368
0.008749723
-0.0029156092
-0.0029146406
0.0029136685
-0.005825387
0.011646859
-0.0029107332
0.0029097481
0.00290876
-0.008723306
0.008720321
-0.0029057756
0.0029047744
0.0029037697
0.0
0.011607004
-0.0029007369
0.0028997194
0.0
0.0
0.01158659
0.0
0.005789167
-0.0028935466
0.005785013
0.0028914632
-0.00867125
0.008668101
-0.0028883142
0.005774516
0.0057723974
0.0
0.005768141
-0.008649005
0.0028819295
-0.002880854
0.0
0.0057573877
-0.008632827
0.0057530417
-0.0057508596
0.0
0.0028732377
-0.005744274
0.005742066
0.0
0.005737631
-0.0028677022
-0.008599757
0.0028654658
-0.008593029
0.0
0.0
0.0028609554
0.00571964
0.0
-0.0028575396
-0.008569184
0.0028552467
0.005708191
0.0028529412
0.017110702
0.0
0.0
-0.0028482927
-0.002847123
0.0056919
-0.002844774
0.0
0.0
-0.002841227
-0.0028400384
-0.011355387
0.0
-0.005672909
0.0
0.0
-0.0028328425
0.0028316325
-0.0056608384
0.0
0.0
0.0
0.002825536
-0.01129723
0.0
-0.0056436826
-0.011282414
-0.002819363
-0.011272477
-0.005633745
-0.008446868
-0.0028143697
-0.0028131139
-0.00562371
-0.002810593
-0.008427984
-0.0028080598
0.0
0.0
0.0028042379
0.0
0.0
-0.005600777
-0.0027990995
-0.0027978073
-0.008389537
0.0027952143
-0.00838174
-0.0027926092
-0.0027913023
-0.008369977
0.0027886792
-0.0055747265
0.0027860445
-0.0027847225
-0.0055667954
0.0
-0.0055614784
0.0027794056
-0.0027780689
0.0
0.0027753867
0.0
0.008318078
-0.0027713412
-0.002769987
-0.01107452
-0.011069079
-0.0027659065
-0.0027645405
0.0027631717
-0.0027617998
-0.0055208504
-0.005518095
-0.0055153337
0.0
0.0
0.0055070156
0.0027521157
-0.0027507208
0.0
-0.0054958444
0.0027465185
0.0
0.0
0.0027422903
-0.0027408751
0.0027394572
-0.0054760724
-0.0054732254
0.0
-0.0054675136
0.0027323244
0.0
0.0
0.0
0.0
0.0027251206
-0.005447343
0.0
-0.005441529
0.0
0.0054356926
-0.0027163832
0.002714917
0.0
-0.0027119764
0.0
0.0027090246
0.0054150894
0.0027060618
0.0
-0.0027030879
-0.0027015966
0.0027001027
0.0
0.005394213
0.0053912085
0.0
0.0053851833
-0.0053821625
-0.002689568
-0.0026880521
0.0026865334
0.002685012
0.0053669754
0.008045883
0.0
0.002678899
0.0
0.0026758262
0.008022858
0.0026727428
0.010684787
0.0053392965
0.0026680971
0.0053330865
-0.005329973
0.0026634273
0.0026618652
0.005320601
0.0026587334
0.0
0.0053111813
-0.0026540156
0.0
0.002650857
-0.0026492737
0.0052953754
0.0
0.0
0.0
0.0
0.0026397186
-0.002638117
0.007909538
0.0
0.0052665924
0.0
-0.0026300694
0.002628452
-0.005253664
0.0026252095
0.0
0.0
0.0052406527
-0.0026186935
0.002617058
0.0
-0.0026137796
0.005224273
0.0052209813
0.007826528
0.0
0.0
0.0026038825
0.0
0.007801689
0.0
0.0051944675
0.0077866954
0.002593894
0.005184441
0.0
0.0
0.0
0.0025855012
0.0051676305
0.005164253
0.010321742
0.002578742
0.0
0.0
0.0025736466
0.010287773
0.0025702373
0.010274116
0.0077004544
0.002565105
0.0076901675
0.0051233424
0.0076798517
0.0076746824
0.0102260085
0.0051095486
0.002553044
0.0076539335
0.002549576
0.0076435157
0.005092197
0.0050887126
0.010170447
0.005081729
0.0076173446
0.005074726
0.0
0.0025338521
0.0
0.0025303317
0.0025285678
0.0025268018
0.0
-0.0025232625
0.0
-0.0025197137
0.0
0.0025161556
0.002514373
0.0050251763
-0.0025108012
-0.0025090117
0.0025072198
0.0025054256
0.0050072586
0.0075054914
0.005000059
0.0024982262
0.0024964204
0.0049892254
0.0024928025
0.00249099
0.0
0.0049747163
0.009942156
0.0074511524
0.0024818936
0.0
0.0024782394
0.007429227
0.0049491525
0.009890964
0.004941808
0.004938129
0.0
-0.002465379
0.0073905988
0.0049233693
0.0073795025
0.0073739444
0.0073683797
0.0024542694
0.0
0.0049010976
0.0048973705
0.007340458
0.007334854
0.0048861625
0.009764836
0.004878669
0.004874916
0.007306738
0.0024336984
0.007295446
0.0048598605
0.004856086
0.004852307
0.004848524
0.004844737
-0.0024204727
0.0048371498
0.0024166747
0.0024147728
0.0048257373
0.0024109625
0.0
-0.0024071436
-0.0024052311
-0.0048066336
-0.0024014001
0.0
-0.0023975607
0.004791276
0.0
0.0
-0.0047797146
-0.004775853
0.0
0.0
0.0071463645
0.004760365
0.0023782414
0.0
-0.0023743534
0.0
0.0023704572
0.0023685063
0.0
0.0023645982
0.0
-0.0023606822
0.0023587213
-0.0023567586
-0.0023547937
0.004705654
0.0023508584
0.0023488877
-0.002346915
-0.0023449406
-0.002342964
-0.0046819714
-0.0023390055
-0.0023370232
0.0023350392
-0.0023330532
-0.0023310652
0.0
-0.0023270836
0.00465018
0.0023230945
-0.0023210973
0.002319098
-0.0023170968
-0.002315094
0.0
0.0023110826
0.0
0.0
-0.0023050513
0.0023030373
0.0023010215
0.0022990038
-0.0022969844
0.002294963
0.0
0.002290915
0.0045777764
0.0022868598
0.0045696585
0.0022827971
0.0
0.0045574554
0.0022766902
0.004549302
0.00454522
0.0045411345
0.0022685227
0.0022664766
0.0045288573
0.0022623788
0.004520655
0.0022582742
0.0022562195
0.0
0.0
0.0022500444
0.0022479827
0.0022459193
0.0
0.0
0.0
0.0022376485
0.0022355767
0.0
-0.002231428
-0.002229351
-0.0022272724
-0.0022251923
0.0
0.0
-0.002218942
-0.002216855
-0.0066443
-0.004425354
0.0
0.0
0.0
0.0
-0.0044044056
-0.0044002063
-0.0043960037
0.0
0.0021937948
0.0021916889
0.0
0.0
-0.0021853617
-0.0021832495
0.0
0.0021790206
0.0
0.0021747854
0.0
-0.0043410882
0.0
-0.0043325936
0.0
0.0
0.0021599147
0.0043155686
0.0043113045
0.0021535188
0.0
0.0021492478
0.0
0.0021449707
0.00428566
0.0042813756
0.0064156326
0.0
0.0
0.0
-0.0021299555
0.0021278046
0.0
0.0021234988
0.0
-0.0021191873
-0.0042340592
-0.0021148704
0.0
-0.0042210957
-0.004216769
-0.0042124395
0.0
0.0
-0.0041994345
-0.0041950946
-0.0041907514
-0.0062796087
0.0
0.0
-0.004173353
-0.006253495
-0.008329275
-0.008320552
-0.0062338677
-0.004151545
0.0
0.0
-0.004138429
-0.008268105
-0.006194509
-0.006187936
-0.004120906
0.0
-0.004112129
-0.0020538683
-0.006155013
-0.00819789
-0.006141818
-0.006135215
-0.0020428693
-0.0020406658
0.0
-0.0020362553
-0.008136193
-0.0060955198
-0.0040592607
-0.0040548397
-0.002025208
-0.002022995
0.0
-0.0020185653
-0.0020163488
-0.0060423934
-0.006035737
-0.0020096924
-0.004014943
0.0
-0.0020030257
-0.006002404
-0.0059957267
-0.0039926977
-0.0019941211
-0.007967569
-0.0019896622
-0.003974862
-0.0019851988
0.0
-0.003961462
-0.0039569912
-0.007905037
-0.003948043
-0.0019717831
-0.0019695433
0.0
-0.0039301217
-0.005888454
-0.003921149
-0.009791647
-0.003912167
-0.0039076735
-0.0019515889
-0.00194934
-0.0038941803
-0.0019448393
-0.0019425874
-0.0019403347
-0.0038761615
-0.001935826
-0.0019335703
-0.0019313137
0.0
-0.0038535947
-0.005773613
-0.0019222773
-0.0057600476
-0.0038355072
-0.0019154903
-0.0038264522
-0.001910961
-0.009543475
-0.0057192845
-0.007616641
-0.0057056746
-0.003799244
-0.0037947032
0.0
-0.005678424
-0.001890535
-0.005664783
-0.005657959
0.0
-0.0018814342
-0.0018791569
-0.0037537576
-0.0037491997
-0.0037446402
-0.005610118
-0.003735516
-0.0055964277
-0.0018631929
-0.003721818
-0.0055758734
-0.003712678
-0.009270265
-0.0055552977
-0.0018494782
0.0
0.0
-0.0036852213
-0.00552096
-0.0055140853
-0.0018357363
-0.0036668868
-0.0036622996
-0.0036577107
-0.005479681
-0.003648529
-0.0036439362
-0.005459013
-0.0018173731
-0.007260298
-0.0036255505
-0.0018104754
0.0
0.0018058736
-0.0036071432
0.0
-0.0017989659
-0.001796662
-0.0017943576
-0.0035841048
0.0
-0.0035748808
-0.0017851334
-0.0035656516
-0.0035610353
-0.0017782088
-0.0071035977
-0.0017735894
0.0
-0.0017689677
0.0017666561
-0.005293031
-0.0035240618
-0.003519435
-0.0035148072
0.0
-0.005258322
0.0
-0.0034962848
-0.0034916515
-0.0034870172
-0.005223573
0.0017388728
0.0017365542
0.0034684702
0.0017319154
0.0
0.0017272747
-0.0034499073
0.0034452642
0.0017203101
0.0
0.0034313295
-0.0034266827
0.0034220351
0.0
0.0
0.0017040435
-0.003403436
0.0016993921
0.0016970658
0.0
0.0016924118
-0.0016900843
0.0016877564
-0.0016854281
0.0
0.0
0.0
0.0033522225
-0.0033475622
0.0016714507
-0.0016691198
-0.0033335774
0.0016644573
-0.0016621253
0.0016597933
0.0
0.0
-0.001652795
-0.0033009234
0.003296256
0.0016457941
0.0032869198
0.0016411254
-0.0016387906
0.003272911
-0.0016341202
0.0032635694
0.003258898
0.0016271129
0.0032495533
0.0016224402
0.0032402067
0.0016177665
0.0016154293
0.0016130919
-0.0016107543
0.0048252493
0.0
0.0032074808
0.001601402
-0.0031981268
0.0031934495
-0.0047831577
0.0
0.0031794154
0.0
0.0047550863
-0.0031653785
-0.0031606988
-0.0031560191
-0.003151339
0.0
0.0
0.0015686488
-0.0031326169
-0.0031279358
-0.0015616273
-0.003118573
0.0015569457
-0.0031092097
0.0
0.0
-0.0046427455
0.0015452408
-0.0015428996
0.0
0.0
-0.003071752
-0.0015335347
-0.0015311934
0.0030577043
0.0
-0.0015241695
-0.0015218282
-0.0030389738
0.0015171455
0.0
0.0015124631
0.0030202437
0.0
0.0015054396
-0.0015030985
0.0015007575
0.002996833
0.0014960757
0.0044812043
0.0
0.0
0.0
0.0
0.0014820319
0.0029593832
0.0044320542
0.0014750113
0.0029453428
0.0014703316
0.001467992
0.0043969573
0.002926626
0.0058438946
0.004375904
0.0014562956
0.0058158273
0.0014516183
0.0043478394
0.0043408247
0.0028892069
0.0057690623
0.0014399278
0.0057503614
0.0043057594
0.002865832
0.0014305791
0.0014282425
0.0042777183
0.0
0.0042637023
0.004256695
0.0014165629
0.0070711393
0.0
0.0028191167
0.002814448
0.0028097797
0.008415337
0.002800445
0.006989447
0.002791113
0.0027864478
0.0027817832
0.0027771192
0.008317368
0.0055355867
0.005526263
0.0027584701
0.0
0.0027491497
0.0
0.005479664
0.0054703485
0.0054610344
0.005451722
0.0
0.0054331017
0.002711897
0.001353622
0.0027025917
0.0013489701
0.0053865793
0.0013443199
0.0026839909
0.0013396714
-0.0013373479
0.005340099
0.001332702
0.0039911396
0.00664029
0.0013257368
0.0039702477
0.0
0.0026375512
0.0013164562
0.0013141374
0.005247276
0.001309501
0.0052287346
0.0
0.0
0.0013002346
-0.0012979193
0.005182418
0.0025865806
0.0012909767
0.0012886636
0.0
0.002568078
0.0
0.0038382502
0.005108426
0.0038243902
0.0050899507
0.0
0.0038036138
0.001265564
0.0025265147
0.005043805
0.0037759377
0.0050253645
0.0012540369
0.0037552002
0.0037482914
0.0012471282
0.004979307
0.0
0.0037206765
0.001237926
0.0024712542
0.007399973
0.0
0.0012287345
0.0
0.001224143
0.0036655448
0.0
0.0036517829
0.0
0.0012126766
0.0012103856
0.0
0.0036174168
0.0
0.003603686
0.0035968241
0.0023933097
0.0035831074
0.0
0.0023796
0.0035625496
0.0035557018
0.0059147603
0.0
0.0023567819
0.0
0.001173833
0.0035146659
0.0
0.003501007
0.0011647271
0.0011624529
0.0
0.0
0.0034669049
0.0
0.003453282
0.0022976499
0.0
0.004577157
0.0
0.0022795144
0.0022749852
0.0022704578
0.0033988983
0.0022614084
0.0033853299
0.0022523664
0.0022478483
0.0
0.0
0.0022343053
0.0
0.0033379293
0.0033311693
0.0
0.0033176583
0.0
0.0022027728
0.0010991379
0.0
0.0021892886
0.0
0.0010901546
-0.0021758226
0.0
0.0
-0.0021623753
0.002157897
-0.0010767104
0.0
0.0
0.0
0.0021355373
-0.0021310719
0.0
0.0021221475
0.0
0.0021132317
-0.0021087772
-0.0010521624
-0.0020998747
-0.002095427
0.0020909812
-0.002086538
0.0
-0.002077658
-0.0020732216
-0.0020687873
-0.0020643554
0.0
-0.0020554988
0.0
-0.0020466514
-0.0020422311
0.0
-0.003050097
0.0
-0.0010122872
-0.0020201663
0.0010078803
-0.0020113573
0.0
-0.002002558
0.0
0.0
-0.001989378
0.0
-0.0019806034
-9.8811E-4
0.0
-0.0019674608
0.0
-0.0019587118
-9.771707E-4
-0.0019499732
0.0
9.706224E-4
-0.0019368846
0.0
-9.64086E-4
-0.0019238197
0.0
-0.001915123
9.553893E-4
-0.0028596555
-0.002853147
-0.0018977617
-0.0018934283
0.0
-0.0018847694
0.0
-0.0018761215
-0.0028077026
0.0
-9.315852E-4
-9.294295E-4
-0.0018545504
0.0
0.0
-0.0018416415
0.0
-0.0018330498
-0.0018287582
-9.1223477E-4
-0.0027302755
9.0795045E-4
-9.0581045E-4
-9.036719E-4
-0.0018030697
-0.003597597
-0.0017945303
-0.00358053
-0.0017860027
0.0
0.0
0.0
-0.0035379666
-0.001764736
-0.0035209835
-0.003512501
-8.7600615E-4
-0.0026216658
-8.717726E-4
-0.0026089742
-0.0026026354
-0.0025963013
-0.0025899718
-0.002583647
-0.0025773267
-8.570038E-4
0.0
-0.0025583946
-8.506978E-4
-0.002545797
-0.0016930036
-0.0016888123
0.0
8.402197E-4
-0.0033525159
-8.360398E-4
-0.0033358089
-0.002495599
0.0
-0.002483098
-8.2561834E-4
-0.003294156
-0.0024643838
-8.193853E-4
-0.0024519328
0.0
-0.0024395015
-0.0016221956
-8.090301E-4
-8.069641E-4
0.0
0.0
8.007763E-4
0.0
-7.966597E-4
-7.946039E-4
-7.9254986E-4
0.001580995
0.0
0.0
0.0
-0.0023469168
7.8026205E-4
0.0
0.0
0.0015482835
0.0
7.700704E-4
0.0
7.660062E-4
0.0015279535
0.0
0.0015198466
0.0
0.0
0.0
-0.0015036761
-7.4982125E-4
-7.4780633E-4
0.0
-7.437819E-4
-7.4177247E-4
-7.397649E-4
-7.3775917E-4
0.0
-7.3375326E-4
0.0
0.0
-7.277584E-4
7.2576385E-4
-0.0014475425
-0.0014435609
-7.1979157E-4
-0.0014356092
-0.0014316391
-7.138364E-4
0.0
0.0
0.0
-7.059229E-4
-0.0014078987
-7.0197775E-4
-7.0000807E-4
0.0
6.960745E-4
-6.941107E-4
6.921488E-4
-6.901889E-4
0.0
6.8627496E-4
-6.84321E-4
6.82369E-4
6.804189E-4
6.784709E-4
0.0
-6.745808E-4
-6.7263877E-4
-6.7069876E-4
0.0
0.0
0.0
0.0
-6.610289E-4
6.59101E-4
6.5717514E-4
-6.552514E-4
6.533296E-4
0.0
0.0
0.0
6.4566324E-4
6.437518E-4
-6.4184243E-4
6.399352E-4
0.0
0.0012722538
0.0012684518
6.32327E-4
6.304302E-4
-6.285355E-4
0.0
-6.247525E-4
0.0
6.2097795E-4
0.0018572815
0.0012344238
0.0
0.0
6.1157893E-4
6.097056E-4
0.0012156687
6.059653E-4
6.0409843E-4
6.0223375E-4
-6.0037116E-4
5.9851084E-4
5.966527E-4
0.0011895933
0.0011858857
5.910913E-4
0.0011784838
5.873947E-4
5.8554974E-4
5.8370695E-4
0.0
5.800281E-4
0.0
5.763581E-4
0.0
0.0
0.0
-5.690451E-4
-5.672224E-4
-5.6540204E-4
0.0
5.617681E-4
5.5995444E-4
0.0
-5.563341E-4
-5.5452733E-4
-0.0011054458
0.0
5.491208E-4
0.0
5.4552796E-4
-0.00108747
-0.0010838886
-5.40156E-4
-0.0016151099
0.0
-5.348049E-4
0.0
0.0
0.0
-5.277028E-4
-5.259331E-4
-5.241658E-4
-0.0010448018
-5.206383E-4
5.188781E-4
0.0
0.0
-0.0010272233
-5.1186094E-4
0.0
-5.0836673E-4
5.066232E-4
0.0
0.0
-5.0140696E-4
-0.0014990192
-4.9794157E-4
0.0
0.0
9.855232E-4
0.0
0.0
-4.8760357E-4
0.0
-4.841771E-4
-9.64935E-4
4.8076038E-4
0.0
0.0
0.0
-4.739566E-4
4.7226183E-4
4.7056953E-4
4.6887973E-4
4.671924E-4
9.310152E-4
4.6382527E-4
4.6214546E-4
0.0
-4.587933E-4
4.57121E-4
4.5545123E-4
4.5378396E-4
9.0423843E-4
0.0
8.9759467E-4
4.471402E-4
0.0
4.4383353E-4
4.42184E-4
4.4053706E-4
4.3889263E-4
4.372508E-4
0.0
-4.3397478E-4
-4.3234063E-4
-4.3070907E-4
4.2908007E-4
8.549073E-4
4.2582984E-4
8.484172E-4
4.2258998E-4
4.2097393E-4
4.1936047E-4
-4.1774963E-4
0.0012484242
8.2907156E-4
0.0012387984
8.226648E-4
4.0973467E-4
4.0813952E-4
4.0654704E-4
8.099143E-4
4.0336995E-4
4.0178536E-4
4.0020343E-4
3.9862416E-4
7.9409505E-4
3.9547356E-4
7.878045E-4
3.923336E-4
3.9076761E-4
7.7840866E-4
7.752874E-4
0.0011582572
3.845305E-4
3.8297792E-4
3.8142802E-4
0.0
3.7833632E-4
0.0
3.7525545E-4
3.737191E-4
-3.721854E-4
0.0
0.0
3.6760073E-4
3.6607796E-4
3.645579E-4
3.630406E-4
3.61526E-4
0.0
-3.585051E-4
-3.5699873E-4
0.0010664854
0.0010619829
0.0010574887
0.0010530028
-3.495084E-4
0.0
-3.465316E-4
3.450474E-4
3.4356592E-4
3.4208727E-4
3.4061138E-4
0.0
3.37668E-4
0.0
3.347358E-4
3.3327393E-4
0.0
9.910758E-4
0.0
3.2745447E-4
3.2600667E-4
-3.2456167E-4
3.2311952E-4
0.0
0.0
3.1881002E-4
3.1737922E-4
0.0
0.0
0.0
0.0
-3.1026787E-4
0.0
0.0
0.0
0.0
0.0
6.036575E-4
0.0
2.9903874E-4
0.0
-5.925205E-4
-2.9487538E-4
-5.869868E-4
0.0
0.0
-2.8936483E-4
-5.759889E-4
0.0
0.0
5.678017E-4
2.8254214E-4
0.0
-5.596671E-4
-5.569673E-4
-5.5427337E-4
0.0
0.0
0.0
0.0
-5.4089207E-4
0.0
0.0
0.0
2.651467E-4
0.0
5.250296E-4
0.0
0.0
0.0
0.0
5.1197445E-4
5.0938135E-4
5.067942E-4
0.0
0.0
2.4953438E-4
-4.9650564E-4
4.939485E-4
0.0
0.0
2.4315667E-4
0.0
2.406267E-4
0.0
0.0
-4.737089E-4
0.0
0.0
0.0
0.0
-4.612562E-4
-4.5878394E-4
-4.5631776E-4
-4.538577E-4
2.257019E-4
0.0
0.0
4.4407873E-4
0.0
4.3922605E-4
0.0
-2.1719899E-4
0.0
4.2959454E-4
2.1360104E-4
0.0
0.0
0.0
0.0
0.0
-2.0648866E-4
2.0531412E-4
0.0
4.0594873E-4
4.036183E-4
0.0
0.0
-1.9833224E-4
-1.9717953E-4
-1.9602993E-4
-3.8976694E-4
-1.9374014E-4
-3.851999E-4
-5.7438866E-4
-5.7098694E-4
-3.7839642E-4
-1.880706E-4
0.0
0.0
-1.8470665E-4
0.0
0.0
-1.813711E-4
0.0
0.0
-3.5612812E-4
0.0
-1.7587522E-4
-1.7478557E-4
0.0
-1.7261581E-4
0.0
0.0
-1.6938508E-4
0.0
0.0
0.0
0.0
-1.6406442E-4
-4.890297E-4
0.0
0.0
1.598656E-4
1.5882392E-4
0.0
0.0
0.0
-1.5468943E-4
0.0
0.0
0.0
0.0
-4.4878194E-4
-1.485846E-4
-1.4757847E-4
0.0
1.4557593E-4
0.0
0.0
-4.2778952E-4
0.0
-1.4062651E-4
-1.3964639E-4
1.3866955E-4
-1.3769597E-4
-1.3672565E-4
-1.3575862E-4
0.0
-1.3383434E-4
0.0
1.3192318E-4
-1.3097253E-4
-1.3002516E-4
-1.2908108E-4
-1.2814028E-4
1.2720277E-4
-1.2626855E-4
-1.2533764E-4
-3.7323005E-4
-1.2348569E-4
-1.2256467E-4
-1.2164696E-4
0.0
-1.19821445E-4
-1.1891366E-4
-1.1800918E-4
-2.3421603E-4
0.0
-1.1531563E-4
0.0
0.0
-1.12651986E-4
-2.235415E-4
-2.217857E-4
-2.2003656E-4
-1.0914704E-4
0.0
0.0
-1.0655334E-4
-1.0569546E-4
-2.0968184E-4
-1.0398972E-4
0.0
0.0
0.0
-2.0123686E-4
-1.9956799E-4
-1.9790583E-4
-1.9625039E-4
0.0
0.0
0.0
0.0
-9.403705E-5
0.0
0.0
-9.16246E-5
0.0
0.0
8.924254E-5
0.0
8.767141E-5
0.0
-8.6113825E-5
0.0
0.0
0.0
0.0
0.0
0.0
-8.076914E-5
-8.001921E-5
7.927268E-5
0.0
-7.778984E-5
0.0
-1.5264128E-4
-7.559116E-5
7.486509E-5
-7.414244E-5
7.342321E-5
1.4541479E-4
-7.1995004E-5
0.0
7.0580485E-5
0.0
6.917968E-5
-6.848442E-5
6.7792585E-5
-6.710419E-5
0.0
6.57377E-5
6.505961E-5
6.438496E-5
0.0
6.304598E-5
0.0
6.1720784E-5
1.8319007E-4
6.0409377E-5
0.0
-5.9111764E-5
-1.1693628E-4
5.782797E-5
-5.7191253E-5
0.0
-5.5928198E-5
-1.6590559E-4
-1.0935797E-4
-1.08119144E-4
-5.3443626E-5
-5.2831147E-5
-5.2222134E-5
-1.5484978E-4
-1.02029044E-4
-5.041592E-5
0.0
4.9229147E-5
-9.728195E-5
-9.6112555E-5
-9.495012E-5
-1.4069198E-4
4.6323068E-5
0.0
-4.5185014E-5
0.0
-4.40609E-5
-4.350408E-5
0.0
0.0
4.185455E-5
-4.1311694E-5
0.0
0.0
-3.97041E-5
0.0
-3.8649865E-5
3.8128E-5
-3.7609636E-5
0.0
0.0
-3.6075573E-5
3.5571233E-5
-3.50704E-5
0.0
-3.4079265E-5
-6.717793E-5
0.0
-6.5237815E-5
-6.4278305E-5
-6.3325824E-5
-3.119019E-5
0.0
0.0
0.0
-5.866901E-5
0.0
-2.84278E-5
-2.7979733E-5
0.0
0.0
5.33134E-5
0.0
-2.5792324E-5
2.5365433E-5
2.4942075E-5
2.452225E-5
0.0
0.0
0.0
-2.2878308E-5
2.2476166E-5
0.0
2.1682503E-5
0.0
-2.0903006E-5
2.051857E-5
0.0
1.9760335E-5
1.9386534E-5
1.9016281E-5
3.7299153E-5
-3.6572837E-5
0.0
1.7570754E-5
-1.7218248E-5
1.6869293E-5
1.6523893E-5
1.6182044E-5
0.0
3.1018022E-5
1.5177828E-5
0.0
2.9052266E-5
1.4205622E-5
2.7777342E-5
1.3575279E-5
0.0
2.5918354E-5
1.2656468E-5
2.4714645E-5
2.4123481E-5
1.1769722E-5
0.0
-1.119638E-5
0.0
0.0
0.0
1.0092493E-5
9.825441E-6
1.9123918E-5
0.0
9.045704E-6
8.792934E-6
8.543734E-6
8.298108E-6
8.056054E-6
7.817573E-6
0.0
7.3513343E-6
7.1235777E-6
6.8993963E-6
6.678791E-6
6.4617625E-6
0.0
6.0384377E-6
5.8321425E-6
5.6294257E-6
0.0
0.0
1.0085505E-5
4.854355E-6
9.339077E-6
4.4883036E-6
4.3106506E-6
4.1365797E-6
0.0
3.7991865E-6
3.635865E-6
3.4761272E-6
3.3199735E-6
6.334809E-6
0.0
0.0
5.462417E-6
2.5929814E-6
2.4583405E-6
4.654573E-6
2.1998192E-6
0.0
1.9556464E-6
1.8389417E-6
1.725825E-6
1.6162967E-6
0.0
0.0
0.0
0.0
-1.1224888E-6
-1.0344957E-6
-9.5009244E-7
0.0
0.0
-7.1842453E-7
0.0
-5.8193257E-7
0.0
0.0
0.0
-3.5204212E-7
-3.0354812E-7
0.0
-2.1733533E-7
0.0
-1.4549008E-7
-1.14955505E-7
0.0
0.0
0.0
2.8739146E-8
0.0
7.1848034E-9
0.0
0.0
