0.43421578
0.27962083
0.13996336
0.062105417
0.10350713
0.053456143
0.18653663
0.13350368
0.2552206
0.32349238
0.20687526
0.39674574
0.47505158
0.1780977
0.11716944
0.2068641
0.051442184
0.16513096
0.16694684
0.17261888
0.051336374
0.23101157
0.21883827
0.3576422
0.15367879
0.60150015
0.3197925
0.1379079
0.33491316
0.3605625
0.2620869
0.10989311
0.17477798
0.07367309
0.15624501
0.024510646
0.1056654
0.07533853
0.19837186
0.25936088
0.12731564
0.19394423
0.035927147
0.3435875
0.3877193
0.2769752
0.2851387
0.17815152
0.085111104
0.18374252
0.22995497
0.11333678
0.03868693
0.18044406
0.10350236
0.077577956
0.1420942
0.29607007
0.2698244
0.15390337
0.07300259
0.061833672
0.08783403
0.15428041
0.18619265
0.054590717
0.08750146
0.045076236
0.14455953
0.11453358
0.087852545
0.16651775
0.17063351
0.058372643
0.06440685
0.14820118
0.09293806
0.03917002
0.16210401
0.1433985
0.10340599
0.18250933
0.12196725
0.038388394
0.12192614
0.23355855
0.19670714
0.02544886
0.07499583
0.21532461
0.21834575
0.09307619
0.06983823
0.1051919
0.15828148
0.11040012
0.03929684
0.10177987
0.046334278
0.09428743
0.07547824
0.051203236
0.05409619
0.12539804
0.12295823
0.15680763
0.18396856
0.1238453
0.10962579
0.17698577
0.16746266
0.088521376
0.12400422
0.11463904
0.043135464
0.059429362
0.06657999
0.058107335
0.06531351
0.023532985
0.03869228
0.055439368
0.06320052
0.10818008
0.1082265
0.0995114
0.07460835
0.02211975
0.060331825
0.052670125
0.08075664
0.15801036
0.22391775
0.117137656
0.05682524
0.11071256
0.057708077
0.061096318
0.057570327
0.03197883
0.11056418
0.012193719
0.17522483
0.102636695
0.09164843
0.15041625
0.0898023
0.07875358
0.04477299
0.007915781
0.0022171976
0.06720231
0.0949032
0.1256586
0.14037961
0.10784355
0.06384798
0.03443689
0.15620868
0.4155084
0.71039945
0.75805163
0.1336764
0.6061827
0.3386782
0.03132047
0.11775442
0.10919943
0.035083704
0.12451282
0.19486135
0.15578717
0.13823092
0.087814465
0.036424156
0.019710975
0.0723777
0.052239455
0.09843775
0.08259807
0.05869948
0.13609792
0.12775606
0.10639507
0.06217221
0.20619027
0.17986089
0.084344044
0.05248189
0.09940324
0.079533145
0.19029664
0.18209696
0.09588503
0.014314013
0.04322209
0.10896664
0.12050337
0.111989945
0.02127919
0.10247798
0.08779992
0.026411414
0.0529628
0.010924557
0.050308853
0.030809017
0.027464198
0.010495816
0.021527946
0.044338554
0.07204557
0.08329325
0.03773888
0.03774821
0.024520827
0.06799509
0.11293811
0.12915061
0.09671709
0.020417612
0.11437781
0.107790925
0.08782073
0.0874823
0.10162902
0.113884084
0.08527002
0.032896556
0.04702742
0.06431018
0.014410661
0.07869057
0.1202116
0.10266302
0.024661846
0.03926916
0.04995826
0.049230378
0.04203195
0.07972056
0.11137308
0.151581
0.0864949
0.07275598
0.11968905
0.030786326
0.04969071
0.066322505
0.13913889
0.080558024
0.029664991
0.027885152
0.08765876
0.06603192
0.062492106
0.11082079
0.07309618
0.06923482
0.092316784
0.116485916
0.07464633
0.021331165
0.096810944
0.12705906
0.067115955
0.08017242
0.14335635
0.05268493
0.18125892
0.12772681
0.026416613
0.0852896
0.18494888
0.1726828
0.0983905
0.1096642
0.07437675
0.025768148
0.07740055
0.11148838
0.06694824
0.04384328
0.07946761
0.04690199
0.017694594
0.07296609
0.09219583
0.08770042
0.06295224
0.05314162
0.060850188
0.014762551
0.13880184
0.20304017
0.13312066
0.06463545
0.13719422
0.14251617
0.10566959
0.12043285
0.16124037
0.056192573
0.08283361
0.07862078
0.1283309
0.10585471
0.11821083
0.17020707
0.10932146
0.079111144
0.07484265
0.075575784
0.111734025
0.10263602
0.041385047
0.09225367
0.14691193
0.1889074
0.1111205
0.03014265
0.09199941
0.05001839
0.033790853
0.045523215
0.09702065
0.1393835
0.23875028
0.17353517
0.09003239
0.047219645
0.05259482
0.09908173
0.08434843
0.027451633
0.06943144
0.0883017
0.10407289
0.06298685
0.034980427
0.06546617
0.077901736
0.07437619
0.031968597
0.11189825
0.08459086
0.11570627
0.22431265
0.16444397
0.08490013
0.07265211
0.10265063
0.091926716
0.09728852
0.18314254
0.14255331
0.123279296
0.13132022
0.06035038
0.0482393
0.09041059
0.103364445
0.13014327
0.0907324
0.04122757
0.039781395
0.01797881
0.020966826
0.063807495
0.093740135
0.010035653
0.030159889
0.09686643
0.0925798
0.034721654
0.013321813
0.04046393
0.025523087
0.022860618
0.05248284
0.02844265
0.03557964
0.06783943
0.09331472
0.0626247
0.032355536
0.06835565
0.07835185
0.038482863
0.03276929
0.01832613
0.033603743
0.06905232
0.12750597
0.14328083
0.06934921
0.011755427
0.076479286
0.13196775
0.09612263
0.021716263
0.017600067
0.07906252
0.12688522
0.038533457
0.091637544
0.11824884
0.122622564
0.12019857
0.12815459
0.053231884
0.043553438
0.031029485
0.046576317
0.03959292
0.045445964
0.07180036
0.12968625
0.07110315
0.06166458
0.061962068
0.12800454
0.1199302
0.08619408
0.10224329
0.10418307
0.072397836
0.061580867
0.045491084
0.008601407
0.035662536
0.014375976
0.030608214
0.027307669
0.04182939
0.06290111
0.02255722
0.061234526
0.1015216
0.08111519
0.063699886
0.07734171
0.06742202
0.04267781
0.121558525
0.18880303
0.13387074
0.095126264
0.13093352
0.084934615
0.08325115
0.061116636
0.035725825
0.1533996
0.2027782
0.045121722
0.11728413
0.04136776
0.073701985
0.08668358
0.102783605
0.046528596
0.17171098
0.22217517
0.1588731
0.044045694
0.042261902
0.087434165
0.046291646
0.32496634
0.7556931
0.46592888
0.1071691
0.13388458
0.018351585
0.04060073
0.12187516
0.09204253
0.1376074
0.1208641
0.1219025
0.057049017
0.0239908
0.059474286
0.13357031
0.13589936
0.10045954
0.11930791
0.12949109
0.14468856
0.07215317
0.033659462
0.10228079
0.08896888
0.077552766
0.08707462
0.062790684
0.08565242
0.13041942
0.12852344
0.07830006
0.036937274
0.06269254
0.14536926
0.14899996
0.08959463
0.12173902
0.11412252
0.049600303
0.10286974
0.10426219
0.054044764
0.015984878
0.0645416
0.06005255
0.067892514
0.087066434
0.06461561
0.097350374
0.09587036
0.05442624
0.0670784
0.115498334
0.10813231
0.06829557
0.15069416
0.12117238
0.053848043
0.06851088
0.053656932
0.090959676
0.09190603
0.0698975
0.08213649
0.021700067
0.106656276
0.098459564
0.023154192
0.039752543
0.080234595
0.072303176
0.05776083
0.11137792
0.104186386
0.028690154
0.09336461
0.11539665
0.04926752
0.048464105
0.10326562
0.09786469
0.06261391
0.10181317
0.09049669
0.06535807
0.08348519
0.09705714
0.040867977
0.011574271
0.14316726
0.22049639
0.056162164
0.101192996
0.13047296
0.046311732
0.0058496185
0.106483296
0.19503793
0.12683181
0.1604206
0.21229096
0.13274616
0.040193904
0.053180594
0.06777929
0.09734113
0.08969749
0.08376543
0.037258442
0.010972167
0.06037446
0.056479234
0.079229765
0.107340336
0.2155981
0.15656585
0.028348789
0.012550721
0.038759023
0.09089032
0.1406425
0.15671745
0.10856751
0.10354984
0.06653383
0.06727937
0.053660005
0.014279225
0.11086932
0.12898341
0.03371741
0.05321437
0.05437446
0.046083435
0.03430789
0.12069758
0.10450874
0.19241169
0.19792497
0.18169859
0.15902159
0.10022674
0.11503573
0.08079003
0.10152801
0.120908305
0.16597976
0.15417264
0.07008742
0.08407773
0.11283144
0.31149083
0.05565819
0.16969611
0.16490766
0.14005779
0.18138307
0.13236934
0.25447056
0.18068972
0.040562663
0.11498376
0.26885918
0.12572077
0.17149493
0.23528531
0.08215243
0.08930421
0.11682942
0.16246659
0.35871074
0.14311217
0.15617317
0.1493959
0.09367365
0.15344681
0.22174558
0.11639179
0.14782341
0.18767293
0.044159044
0.04827437
0.0862052
0.19515523
0.21214402
0.20201838
0.14569128
0.16149046
0.16481732
0.01570935
0.037406445
0.008640084
0.03918605
0.067903526
0.10836159
0.08054628
0.035163797
0.047246654
0.066921666
0.06096233
0.039797224
0.094774224
0.12029533
0.023162944
0.1594942
0.14500976
0.14778398
0.25425455
0.14019646
0.089340545
0.1753203
0.059667557
0.03302499
0.036338955
0.04136712
0.050472897
0.07798192
0.13838506
0.20264295
0.16051985
0.07788471
0.03156451
0.048396546
0.10931172
0.09262199
0.025601298
0.07877606
0.08700737
0.08001003
0.059244975
0.10369875
0.11635407
0.11633183
0.119909614
0.12270138
0.109295286
0.07758369
0.046813704
0.07060037
0.034944847
0.069199935
0.081672505
0.05698234
0.06215731
0.019032283
0.0654136
0.08474303
0.0197241
0.030743148
0.09747086
0.13421734
0.06277254
0.015771763
0.07351403
0.13541432
0.14869133
0.088891365
0.039572626
0.10166232
0.16171663
0.09280177
0.06330298
0.049649123
0.06699025
0.047846332
0.08811684
0.09245416
0.051550806
0.025466029
0.021952236
0.03411746
0.025295133
0.040802263
0.063881084
0.053356916
0.024285648
0.06478127
0.071240865
0.081178576
0.04856163
0.061150268
0.1335543
0.120747484
0.06403524
0.101664886
0.07425368
0.037531205
0.029545879
0.036067057
0.008433724
0.037674136
0.101883955
0.07667058
0.052428845
0.039910574
0.020399965
0.047212362
0.021893883
0.0444901
0.009645464
0.07377423
0.08670343
0.030391851
0.082495905
0.13470258
0.07077136
0.10182323
0.14118734
0.07240493
0.01799676
0.006649665
0.028746702
0.059923757
0.03264601
0.05876861
0.013030286
0.08125798
0.08212122
0.08510041
0.15961337
0.13636605
0.14447254
0.051652767
0.18864483
0.046536937
0.20912483
0.12803657
0.15202375
0.17046335
0.045481704
0.1154555
0.07622497
0.07571923
0.09029745
0.040995773
0.0040141577
0.036334556
0.07773157
0.039473835
0.052860267
0.031087797
0.049247716
0.058527544
0.08139884
0.029209642
0.010548541
0.037625868
0.11141421
0.1272485
0.09091624
0.080010034
0.02989168
0.059968818
0.031115564
0.08563008
0.1006436
0.11688147
0.0806875
0.0564367
0.051072694
0.0855113
0.10626004
0.072016284
0.07943048
0.07421479
0.08066512
0.051725525
0.050946414
0.05274358
0.031744745
0.008119006
0.03485103
0.05583887
0.055414684
0.0119468635
0.028616728
0.042448577
0.035324715
0.03868635
0.04757873
0.12869008
0.13231763
0.075565204
0.009734666
0.065503925
0.07553166
0.054086365
0.051908657
0.06690471
0.04001661
0.04275429
0.034348946
0.031225514
0.098905064
0.009368019
0.14975649
0.13578525
0.06850507
0.04070565
0.04166564
0.03589682
0.035663597
0.050083257
0.073634155
0.10245014
0.06529421
0.06507657
0.014693045
0.024895567
0.06763473
0.052591182
0.0662623
0.10960545
0.099796206
0.03293586
0.06798246
0.07888339
0.06417954
0.045002732
0.10425154
0.03221901
0.021543443
0.038870364
0.053658966
0.031567607
0.014417899
0.057608984
0.064409025
0.028973168
0.039131038
0.038654663
0.02587398
0.02018015
0.044228625
0.049240343
0.033740748
0.109453484
0.11304526
0.09278319
0.15579928
0.16074678
0.072347924
0.007076205
0.012397462
0.041772615
0.078366175
0.041341577
0.03669384
0.046794876
0.08589717
0.011665634
0.077547334
0.07859649
0.022207312
0.05726253
0.04227964
0.07716255
0.13302575
0.1337749
0.06282533
0.048843753
0.10194097
0.098018944
0.13651334
0.065040976
0.06734057
0.042459212
0.026730984
0.03106669
0.010814209
0.03467057
0.021387866
0.0404033
0.033599786
0.01872961
0.03224825
0.054323144
0.09592741
0.08176559
0.048189163
0.06454648
0.026584074
0.017111633
0.05359694
0.08099477
0.08504874
0.110017076
0.095107496
0.09637861
0.061987087
0.06773066
0.12067788
0.12431768
0.042468462
0.043354623
0.080485925
0.115133055
0.10047417
0.07957143
0.04881113
0.030748796
0.07937313
0.07163055
0.018020311
0.01577202
0.044820096
0.047879055
0.029247621
0.09973788
0.07656919
0.07086912
0.13422969
0.12317676
0.058781724
0.048528764
0.022462854
0.068286955
0.100055404
0.085739665
0.045494743
0.04540337
0.07558802
0.056134164
0.06254878
0.017576557
0.081198916
0.0828781
0.04190206
0.0798145
0.04770884
0.045898855
0.05034577
0.03753171
0.045044284
0.05851386
0.03032995
0.07365756
0.15053217
0.17940053
0.14039086
0.073607594
0.07831647
0.076188505
0.0564096
0.057743475
0.061836038
0.063746914
0.05234427
0.05053445
0.050374452
0.022098133
0.051038906
0.052883677
0.053750563
0.0716361
0.08528301
0.08807659
0.07325581
0.049424443
0.061899032
0.027488273
0.028042125
0.02361099
0.03144061
0.026807923
0.07093377
0.07458988
0.036334418
0.06570268
0.054492023
0.04620637
0.06163769
0.03951342
0.04176477
0.047046687
0.042679418
0.04632409
0.052295785
0.09907773
0.13137756
0.08188527
0.06305098
0.111114174
0.08899088
0.019108213
0.023627248
0.05314193
0.07829095
0.0090649305
0.05247129
0.072720446
0.036047466
0.040939298
0.06971534
0.079385705
0.07792112
0.046892434
0.020585442
0.04899371
0.053908788
0.018529791
0.052777123
0.077415116
0.040929973
0.0333632
0.03545925
0.107836895
0.12416706
0.06646284
0.055974882
0.075124756
0.09894673
0.040246494
0.079176486
0.089125894
0.084023096
0.060417157
0.0068133804
0.03499374
0.048039
0.06302251
0.021791324
0.15022814
0.138555
0.10653204
0.09146455
0.05808128
0.07747719
0.16763352
0.15125625
0.06856898
0.07816013
0.0407157
0.045755774
0.073592916
0.06477457
0.14578053
0.07203958
0.056343153
0.12198502
0.08220236
0.03953403
0.05359174
0.023379974
0.070894085
0.11659608
0.09928924
0.02729726
0.041795004
0.07442497
0.11839224
0.131808
0.11664329
0.087020054
0.051212426
0.06460526
0.09622002
0.013866762
0.09009865
0.11024199
0.07654361
0.034878876
0.023338791
0.05954941
0.09920739
0.09565184
0.08216948
0.07535187
0.06953499
0.05205507
0.01298355
0.040741555
0.08965022
0.09463042
0.07534952
0.026684908
0.0080063045
0.0488661
0.03001886
0.07422798
0.02223016
0.01982337
0.06393909
0.09444527
0.024171203
0.0391124
0.05862638
0.073261954
0.06539037
0.05956523
0.06249731
0.071911536
0.027459208
0.025172535
0.045085195
0.09011697
0.1108916
0.044308677
0.029040335
0.033261795
0.012736147
0.062159806
0.13033122
0.07212101
0.040691
0.0602894
0.1003769
0.11580995
0.0913986
0.0281549
0.050432637
0.06752389
0.07762702
0.025473515
0.026725745
0.02627747
0.028051833
0.07116295
0.049890634
0.017318146
0.039851297
0.043191608
0.039486162
0.029886112
0.0360608
0.05338137
0.035695653
0.03893903
0.02720438
0.04690258
0.05559235
0.037476785
0.09224535
0.15007915
0.09348583
0.07467182
0.06859414
0.022894504
0.066109665
0.057251412
0.017583039
0.03937096
0.019617328
0.04809229
0.092354596
0.040280215
0.087875955
0.081285425
0.019946918
0.040382184
0.020161673
0.032280046
0.013147593
0.03413319
0.070499904
0.085851915
0.05733567
0.061979562
0.028780641
0.095439054
0.16913141
0.10647015
0.057084046
0.08825535
0.057600576
0.015293209
0.047627747
0.029986488
0.07900394
0.02239037
0.023084221
0.054834887
0.038673066
0.016318291
0.07505349
0.031388003
0.0709419
0.114692606
0.1026328
0.06511504
0.06443061
0.042853955
0.016708607
0.015425746
0.021348359
0.06080788
0.045239102
0.025713466
0.023333872
0.064660616
0.12017234
0.07247208
0.08839189
0.07775986
0.08373457
0.11449718
0.064981826
0.04055331
0.019996775
0.015668832
0.030166844
0.06662441
0.12299337
0.11829138
0.12955722
0.11804771
0.052716233
0.017671613
0.07124567
0.04834454
0.027035972
0.04686324
0.038206726
0.027131066
0.03680215
0.04323179
0.032133497
0.05478287
0.052791063
0.099294156
0.041052144
0.13189465
0.13197836
0.0865486
0.06419093
0.0075289216
0.043920953
0.08494551
0.032731816
0.04802059
0.08669591
0.059575416
0.022941532
0.08080574
0.060250416
0.07057608
0.05982668
0.08450295
0.09950173
0.05074294
0.063765116
0.07637434
0.031853165
0.04743702
0.09287517
0.0463091
0.026851648
0.045478042
0.051719926
0.09159593
0.109819435
0.12078574
0.09126661
0.049745377
0.09789522
0.13156629
0.15087768
0.13095777
0.100527056
0.06529532
0.07203239
0.0838992
0.07703633
0.06359331
0.06724007
0.0532902
0.10149523
0.1392106
0.13911422
0.15332682
0.20338279
0.20053826
0.1321441
0.17429726
0.09276211
0.04441206
0.11182196
0.15006492
0.15313697
0.11383259
0.022945818
0.10925867
0.112659425
0.14136939
0.104919516
0.11478943
0.059561703
0.06651287
0.06424703
0.058182992
0.08808093
0.048998754
0.046683345
0.0512502
0.05792913
0.017541338
0.042994346
0.044333234
0.05876354
0.06045989
0.03398901
0.07343078
0.055986956
0.042977393
0.06468071
0.009376545
0.06129711
0.038128845
0.05149969
0.12569568
0.17056987
0.07787868
0.038551737
0.085754246
0.06936242
0.068012096
0.06913351
0.12199692
0.134931
0.1425319
0.11555442
0.10322799
0.068626806
0.055535246
0.08366756
0.08657894
0.11783536
0.121178135
0.09371801
0.12829094
0.10344946
0.047389843
0.113322586
0.08197631
0.05651522
0.08198139
0.038957164
0.05849457
0.04150216
0.05065409
0.098607056
0.08970616
0.043212954
0.072104834
0.05751338
0.094128914
0.14818573
0.124124356
0.12458421
0.08876123
0.11744565
0.16285732
0.031031126
0.0745816
0.044716842
0.056598887
0.06391927
0.094950154
0.027943602
0.025548797
0.087281406
0.16451228
0.13612756
0.052341558
0.10617885
0.12690641
0.045520503
0.060575563
0.1038617
0.1135436
0.048028305
0.074805625
0.06840834
0.13918509
0.20030518
0.106037125
0.01645587
0.029047878
0.04265384
0.03223284
0.04319521
0.051518142
0.14599094
0.15169418
0.06568985
0.09898575
0.09369828
0.092112206
0.08410497
0.06708337
0.099234164
0.09165178
0.041930567
0.03883294
0.032216094
0.10480648
0.11265372
0.10626398
0.17360312
0.18684106
0.12750301
0.10587924
0.16942549
0.09220776
0.09804703
0.13055013
0.16461277
0.1080872
0.055503864
0.10375085
0.10524398
0.08610212
0.047630507
0.050672192
0.15892696
0.21141352
0.16857813
0.11685088
0.04078059
0.048183657
0.016480422
0.063903034
0.09709205
0.09046318
0.13088724
0.12117216
0.08975504
0.06952435
0.0829006
0.08710091
0.08716429
0.04060458
0.06864839
0.07776457
0.098598175
0.1444187
0.1322892
0.062195577
0.08343875
0.111218184
0.059460245
0.016596045
0.06390524
0.09291205
0.039805632
0.13339362
0.18233334
0.16551082
0.078084365
0.029499887
0.012229748
0.035613883
0.07340566
0.09618072
0.084747076
0.10860572
0.08967531
0.055588175
0.028868783
0.10365738
0.15338342
0.09376441
0.009090867
0.03346093
0.15091021
0.13203552
0.12453318
0.11015826
0.093871154
0.093026385
0.06006469
0.028260324
0.055272624
0.0751751
0.14019223
0.05984778
0.09970587
0.08486815
0.030995293
0.020591497
0.066539794
0.115623586
0.09683558
0.10022601
0.12629886
0.10098075
0.061219174
0.10105919
0.13806356
0.1069281
0.12714255
0.13364395
0.06398543
0.0125410855
0.019063678
0.04117506
0.04756245
0.021475304
0.044760197
0.023660881
0.041554842
0.030290172
0.06162095
0.08896148
0.029369624
0.030177867
0.009345626
0.03519272
0.022420567
0.03744764
0.033853143
0.061493084
0.1062397
0.14383876
0.114991575
0.038652252
0.0703439
0.123740464
0.040115207
0.06354113
0.06254526
0.12771729
0.09484252
0.057954345
0.028837264
0.065224476
0.038557306
0.08438515
0.025034808
0.10057139
0.10782362
0.09758395
0.038832188
0.029832123
0.06808045
0.09871097
0.085422285
0.058214586
0.0028493989
0.05055846
0.0657524
0.038402494
0.02135724
0.07614566
0.039261937
0.108094975
0.11738299
0.04996229
0.05081351
0.05831214
0.04557776
0.13845009
0.08878136
0.019974615
0.04468624
0.052130118
0.015727922
0.083969675
0.049632404
0.052351404
0.05042197
0.043640763
0.03984217
0.061187554
0.10766949
0.13194521
0.082354784
0.029167129
0.05039526
0.036758706
0.062034912
0.032431092
0.06714383
0.060749214
0.06050202
0.124493
0.11561384
0.092640035
0.039402395
0.06868766
0.12947397
0.16681056
0.1179157
0.05636109
0.010010448
0.08527895
0.099626414
0.08843197
0.06241686
0.08530444
0.09394888
0.006468366
0.05613418
0.07241739
0.08329807
0.103282556
0.08780688
0.04316471
0.061556492
0.03816191
0.042914476
0.037688807
0.03803445
0.095912084
0.07630591
0.05323074
0.07490678
0.10113504
0.0390939
0.06328981
0.039295368
0.064949535
0.12394986
0.191735
0.096391715
0.09245685
0.06061922
0.031052688
0.08091205
0.09135719
0.06391584
0.07607326
0.06507937
0.048923377
0.05024843
0.03724728
0.051945917
0.07392769
0.032758094
0.06651732
0.04875554
0.008207232
0.10979069
0.13620055
0.06940817
0.0690871
0.066123724
0.12246453
0.112419985
0.09291437
0.06942825
0.086108975
0.07212108
0.11709456
0.17625162
0.051796153
0.030316615
0.10239307
0.11730373
0.056069806
0.057255052
0.08443906
0.1416984
0.14395659
0.19873658
0.14102861
0.15560813
0.3796509
0.7937732
1.3971924
2.123699
2.2484534
1.5213774
0.9669179
0.9827821
0.7759354
0.29132488
0.2652907
0.52543104
0.31008312
0.103457995
0.25123248
0.43628696
0.13921839
0.17292932
0.15576851
0.10841888
0.15272716
0.19586067
0.06311821
0.05160724
0.074588336
0.08733158
0.023464294
0.06293432
0.101760894
0.1083323
0.060260996
0.042445313
0.039323896
0.03269349
0.044960093
0.05052841
0.09033731
0.074153654
0.08711917
0.10875179
0.0924548
0.060604353
0.03901506
0.05046012
0.02339655
0.019147873
0.0049837707
0.030229552
0.030185807
0.03140753
0.08910955
0.06869242
0.03293931
0.016340708
0.01647296
0.08106017
0.1388458
0.07083706
0.06308493
0.074623324
0.047742996
0.03850914
0.057498336
0.020131454
0.044748828
0.12764263
0.1578633
0.09538923
0.11664928
0.10034967
0.11690786
0.08880905
0.07569795
0.056107007
0.04904276
0.117091
0.1176595
0.0803973
0.01767877
0.040993262
0.039096445
0.029348135
0.09365971
0.092598274
0.07590125
0.080532596
0.07099901
0.016632585
0.056247693
0.08839142
0.047732055
0.0025688305
0.024444116
0.08367127
0.070719145
0.055704355
0.10952076
0.08083555
0.055629004
0.11373661
0.09924218
0.15669098
0.10762526
0.045902714
0.03649023
0.13905254
0.13877702
0.08349503
0.032763027
0.06299598
0.081895486
0.09932991
0.087926485
0.0253328
0.024470076
0.047862854
0.08504556
0.104848996
0.0130324615
0.0699859
0.04518319
0.04271068
0.048844643
0.052668028
0.07080748
0.056741
0.06025599
0.120184645
0.05869408
0.07568144
0.09537339
0.06397672
0.009436451
0.05753566
0.06318799
0.010810889
0.073866814
0.10721159
0.06616026
0.021843014
0.05909481
0.06139343
0.035860732
0.010194423
0.053901047
0.07596779
0.05029014
0.05027109
0.028062237
0.015383373
0.091640666
0.06949868
0.03846944
0.041243304
0.017088523
0.056584194
0.030858066
0.018718006
0.014483662
0.042743992
0.080269374
0.07648561
0.06825368
0.052431636
0.03199923
0.023436626
0.026578661
0.049875937
0.07368491
0.08933616
0.03376204
0.00623452
0.025240865
0.009946511
0.036482383
0.029925864
0.046172153
0.05043624
0.07878173
0.044407375
0.027396236
0.0443989
0.041575987
0.09853841
0.06240829
0.067127794
0.037213627
0.02815519
0.043229368
0.056832023
0.03954251
0.049925297
0.08864094
0.08742843
0.10584646
0.08928239
0.056367036
0.031143822
0.057783324
0.085095115
0.05208041
0.025767423
0.020559011
0.023142431
0.031998843
0.040130567
0.028662428
0.018040037
0.02724455
0.055816136
0.051891945
0.027905455
0.025079666
0.0097802915
0.008963961
0.035036672
0.007563655
0.01644246
0.013929859
0.053102262
0.07172849
0.074860975
0.0778127
0.051109727
0.033045217
0.022642344
0.031452913
0.04163691
0.036271866
0.039760564
0.034992985
0.017831907
0.010071957
0.048944302
0.048126847
0.03797735
0.040900107
0.026489185
0.018852994
0.015866728
0.04289301
0.053423353
0.0033049323
0.040990636
0.024240745
0.016591692
0.050725736
0.04041897
0.035790525
0.014900573
0.040688768
0.029510932
0.019831356
0.017939657
0.016907694
0.037974056
0.053546794
0.048901826
0.045347005
0.028343828
0.037291106
0.047441658
0.041502494
0.07221903
0.06843757
0.059999794
0.056827553
0.048386432
0.028271306
0.012181201
0.020188738
0.028452981
0.021110535
0.042828757
0.048872385
0.059371866
0.054376718
0.03695846
0.03739693
0.0350411
0.034784097
0.038171176
0.024995487
0.057214048
0.055408563
0.052181214
0.03293573
0.053566694
0.04894744
0.0255946
0.07405679
0.06664192
0.062476587
0.0747532
0.06032045
0.05067005
0.022121508
0.035566222
0.03616009
0.06583696
0.080934264
0.057453945
0.06296605
0.057250664
0.04140012
0.0523578
0.034892175
0.04098133
0.06299446
0.046350252
0.04194781
0.038057577
0.021506116
0.016294928
0.02538073
0.012235231
0.029596865
0.0423495
0.069375955
0.046976276
0.019034212
0.023405293
-0.003051847
0.0061036795
-0.006103658
0.0030518146
-0.0030517967
0.0
0.00305175
-0.0030517213
0.003051689
-0.0061033056
0.0030516135
-0.0030515704
0.0
0.0
-0.0030514195
0.009154086
-0.006102602
0.0
0.0
0.0
0.0061020413
-0.0061018835
0.003050859
0.0
-0.003050683
0.0030505897
0.0
0.0030503923
0.0
0.0
-0.006100138
0.0
0.0
-0.0030497136
0.0060991757
-0.0030494586
0.0030493257
-0.0030491892
0.0
0.0030489056
-0.0030487585
0.0030486076
-0.0030484532
0.006096591
0.0030481338
0.0030479687
0.0030478002
-0.0060952557
0.0030474518
-0.0030472726
0.0030470896
0.0
0.0
0.003046519
-0.0030463214
0.006092241
-0.003045916
0.003045708
0.0030454963
-0.0060905623
0.0060901246
-0.00304484
0.0060892277
0.0
0.0
0.0030439147
-0.0030436744
0.006086861
0.0
0.0060858643
0.006085355
0.0030424194
0.0030421577
-0.0030418923
0.0030416236
-0.0060827024
0.0
-0.0030407957
-0.0030405126
0.003040226
-0.006079871
0.0030396418
-0.0030393444
0.0
0.0
-0.003038431
0.0030381195
-0.0030378043
0.0030374855
-0.0030371633
-0.0030368373
0.0030365079
-0.003036175
0.0030358385
-0.0030354983
0.003035155
0.0
0.0
0.0030341025
-0.0060674897
0.0060667666
-0.0030330184
0.0030326499
0.003032278
-0.0030319025
0.0
-0.0030311407
0.0030307544
0.0
0.0
0.0
-0.0030291742
0.0030287702
-0.0030283628
0.0030279518
0.0
0.0
0.006053395
-0.0030262724
0.0030258438
0.0
0.006049952
0.0030245367
0.0
0.0030236477
0.0
0.0
0.0
0.0030218272
-0.0030213632
-0.0030208959
0.0030204249
0.0
0.0060389447
0.0
-0.0030185059
-0.0030180172
-0.0030175252
0.0
-0.0030165305
0.0
-0.003015522
-0.0030150122
0.0
-0.0030139827
0.0
-0.003012939
0.0030124118
0.0
0.0
0.0030108094
-0.0030102683
0.0
-0.0030091756
0.0
0.0
0.0
0.0030069482
0.0
0.0030058138
0.0
0.0
0.0
-0.0030035027
0.0030029162
0.0
0.0
0.0
0.0030005358
0.0
0.0
0.002998714
0.0
0.0059949644
0.002996861
0.0
0.0029956084
0.0
0.0029943418
-0.0029937034
0.0
0.0
0.0
0.002991115
0.0
0.0
0.0
0.0
0.0
0.0
0.0029864528
0.0
0.0059701796
0.0
0.0059674256
0.0059660384
0.0059646447
0.005963244
0.0
0.0029802108
0.0
0.0059575723
0.005956137
0.0
0.0029766234
0.0
0.008925493
0.0059488593
0.0
0.0029729502
0.0
0.0
0.0
0.0
0.0
0.0
0.0
0.0
0.0059322487
0.0
0.0
0.0
0.0
0.0
0.0
0.0
0.0
0.0
0.0
-0.0059148176
0.0
-0.0059115607
0.0
0.0
0.0
0.0
0.0
0.0
-0.005899949
-0.0058982633
-0.0029482855
0.0
0.0
-0.005891454
0.0
0.0
0.0
0.0
-0.0058827917
0.0
-0.00587928
0.0
0.0
0.0
0.0
-0.0058703846
0.0
0.0
0.0
0.0
0.0
0.0
-0.0058576525
0.0
0.0
0.0
0.0
0.0
0.0
0.0
0.0
0.0
0.0
0.0
-0.0058350735
0.0
0.0
0.0029146406
0.0029136685
0.0
0.0
0.0
0.0
0.00290876
0.0
0.0058135474
0.008717326
0.0
0.0
0.0
0.0
0.0029007369
0.0
-0.0057973973
0.0
0.0028966474
0.0
0.0028945834
0.0
-0.0028925065
0.0
0.002890417
0.0
0.0028883142
0.002887258
0.0
0.0
0.0028840704
0.0028830015
0.0
0.002880854
0.0
0.0
0.0
0.0
0.0
-0.0028743353
-0.0028732377
0.0
0.0
-0.002869926
0.0
0.0
0.0
0.0028654658
0.0
0.0
-0.0028620877
0.0
0.0
0.0
0.0028575396
0.0
0.0
-0.0028540955
0.0
0.0
0.0
0.0
0.0
-0.002847123
-0.00284595
0.0
0.0
0.0028424123
-0.002841227
0.0
0.0028388468
-0.002837652
0.0028364544
0.0028352535
0.0
0.0028328425
0.0
0.0028304192
0.0028292031
0.0028279838
0.0028267615
0.002825536
0.0028243074
0.002823076
0.0028218413
0.0028206035
0.0
-0.0028181192
0.0
0.0
0.0
0.0
-0.002811855
0.0
-0.0028093278
-0.0028080598
0.0
0.0
0.0028042379
0.0028029578
0.0028016747
0.0
0.0
0.0027978073
0.0
0.0027952143
0.0
0.0
0.0
0.0
0.0027886792
0.0
0.0
0.0027847225
0.0
0.0027820698
0.0
0.0
-0.0055561378
-0.0027767292
-0.0055507733
0.0027740411
0.0027726928
0.0027713412
0.005539974
-0.00276863
0.0027672697
-0.0027659065
-0.0027645405
0.0
0.0
0.0
0.0027590476
0.0
-0.005512567
0.0
0.0
-0.0027521157
0.0
-0.002749323
-0.0027479222
-0.0027465185
-0.005490224
0.0
-0.0027422903
0.0
-0.0027394572
0.0
0.0
-0.0027351861
0.0027337568
0.0027323244
0.0027308895
0.0
0.0027280108
-0.0027265672
0.0
0.005447343
0.0
0.005441529
0.0027193069
0.0
0.0
-0.002714917
0.0027134481
-0.0027119764
0.002710502
0.0027090246
-0.0027075447
0.0
-0.0027045761
0.0
0.0027015966
0.0027001027
0.0
-0.0026971065
0.0026956042
0.0
0.0
0.0026910813
0.0
0.0026880521
0.0
0.0
0.0026834877
0.002681961
0.0
0.0
0.002677364
-0.0026758262
0.0026742858
0.0026727428
0.0026711968
0.0026696483
0.0026680971
0.0026665432
-0.0026649865
0.0026634273
0.0026618652
0.005320601
0.0026587334
0.0026571634
0.0026555907
0.0026540156
0.005304875
0.002650857
0.0052985474
0.0
-0.002646099
0.002644508
0.0
0.0052826353
0.0026397186
0.0
0.0
-0.0026349057
0.0
0.002631684
0.0026300694
0.002628452
0.002626832
0.0
-0.0026235844
0.0
-0.0026203264
0.0026186935
0.005234116
0.0
0.0
0.0026121365
0.0052209813
0.0026088424
0.0026071917
-0.0026055383
-0.0026038825
0.002602224
-0.0026005632
0.0051977993
0.0
-0.002595565
-0.002593894
-0.0025922204
0.0025905445
0.0
0.0
0.0
-0.0051676305
-0.0025821265
-0.005160871
0.0
0.0
0.0
0.0
-0.0025719432
0.0025702373
0.002568529
0.0077004544
0.002565105
-0.0025633893
0.0
-0.0025599506
0.0
0.0025565021
0.0
0.0
-0.0051026223
-0.005099152
-0.0025478385
-0.0025460985
0.0
0.0025426117
0.0025408645
0.0
0.0
0.0
0.0025338521
0.0
0.0025303317
0.0
-0.0025268018
0.0025250332
0.0
0.0050429786
0.0025197137
0.0
0.0
-0.002514373
0.0
-0.0025108012
0.0025090117
0.0
-0.0025054256
-0.0025036293
-0.005003661
-0.0025000295
-0.0049964525
0.0
0.0024946127
0.0
0.0
-0.0024891752
-0.0024873582
-0.002485539
0.0
0.0
-0.0049601356
0.0
0.0
0.0
0.0
-0.002470904
0.0
-0.004934446
0.0
-0.0024635328
0.0
0.002459834
-0.0024579815
-0.0024561265
-0.004908539
0.0
0.0
0.0
0.0
0.0
0.0
0.0
0.0
-0.002437458
-0.0024355792
-0.0024336984
-0.0024318153
0.0
0.0
0.0
0.0
-0.0024223684
-0.0024204727
-0.0024185749
0.0024166747
0.0
0.0
0.0
-0.0024090542
0.0
0.0
0.0
0.0
0.0
0.0
-0.002395638
0.0023937132
0.0
0.0
-0.0023879264
-0.0023859935
0.0023840584
0.0
0.0023801825
0.0
0.0
0.0
-0.0023724062
0.0
0.0
0.0
0.0
0.0
0.0
0.0
0.0023567586
-0.0023547937
-0.002352827
-0.0023508584
0.0
0.002346915
0.0
0.0
0.0
0.0
0.0
0.0
0.0023330532
0.0023310652
0.0023290752
-0.0023270836
0.0
-0.0023230945
-0.0023210973
0.002319098
-0.0023170968
0.0
0.002313089
0.0
-0.002309074
0.0
0.0
-0.0046060747
-0.0023010215
-0.0022990038
-0.0022969844
0.002294963
0.0
0.002290915
0.0
0.0
0.0045696585
0.0045655943
0.0045615267
0.0
0.0022766902
0.0
0.0
0.0
-0.0045370455
0.0
0.0
0.0022623788
0.0022603276
0.0
0.0022562195
0.0
0.0022521045
0.0
0.0022479827
0.0
0.0
0.0022417873
-0.0044794376
0.0022376485
0.0022355767
0.0
0.004462856
0.0
0.0
0.0
0.004446221
0.004442054
0.0
0.0
0.0
0.0
-0.0044211703
0.0
0.0
0.0
0.0
-0.0044002063
0.0
0.0
0.0
0.0
0.0021895813
0.0043749446
0.0
0.004366499
0.0021811358
0.0
0.0
0.0
0.0021726657
0.0
0.0021684214
0.0021662968
0.002164171
0.0021620435
0.0021599147
0.0021577843
0.0
0.0043070377
0.0
0.0
0.0
0.0
0.00214283
0.0
0.002138544
0.0
-0.0021342526
0.0
0.0
0.0021278046
0.0021256523
0.0021234988
0.0
0.0
0.0
-0.0021148704
0.0
0.0
0.0
0.0
-0.0021040535
0.0
-0.0020997173
0.0
0.0
0.0
0.0
-0.0020888532
0.0
-0.0020844983
0.0
0.0
-0.002077956
0.0
0.0
0.0020714018
0.0
0.0
0.006194509
0.0
0.0
-0.0020582592
0.0
0.0
0.0
0.0
-0.0020472726
0.0
-0.0020428693
0.0
-0.0020384612
-0.0020362553
0.0
0.0
0.0
0.0
0.002025208
-0.002022995
0.0
0.0
0.0
0.0020141313
0.0
0.0
0.0
0.0
0.0020030257
0.0
0.0
0.0019963488
0.0
0.0
0.0
0.0
0.0
0.0
0.0
-0.0019784956
-0.0019762593
0.0
0.0
0.0
0.0
0.0
0.0
0.0019605744
0.0
0.0
-0.0019538368
0.0
0.00194934
0.0019470901
0.0038896785
0.0
0.0
0.0019380808
0.001935826
0.0019335703
0.0019313137
0.0019290559
0.0019267973
0.0019245378
0.0
0.0019200159
0.0019177536
0.0019154903
0.0
0.001910961
0.001908695
0.0019064281
0.0038083205
0.0038037833
0.001899622
0.0018973516
0.0018950802
0.001892808
0.001890535
0.0
0.0037719726
0.0018837107
0.0018814342
0.0
0.0
0.0018745998
-0.0037446402
-0.0018700395
-0.001867758
0.0
0.0
-0.001860909
0.0
0.0
0.0
0.001851766
0.0018494782
0.0018471899
0.0018449007
0.0036852213
0.00184032
0.0018380285
0.0018357363
0.0
0.0018311498
0.0018288554
0.0
0.0
0.0018219681
0.0
0.0018173731
0.0018150745
0.0
-0.0018104754
-0.0018081748
0.0
0.0
0.0
0.0017989659
0.0
0.0
0.0
0.0
0.0017874404
0.0017851334
0.0017828258
0.0017805176
0.0
0.0
0.0
0.0
0.0
0.0
0.0
0.0017620309
0.0
0.0
0.0
-0.0017527741
0.0017504585
0.0
0.0017458257
0.0
-0.001741191
0.0
0.0
0.0034684702
0.0017319154
0.0017295954
0.0034545495
0.0
0.0017226321
0.0017203101
0.0
0.0
0.0017133413
0.0
-0.0017086933
-0.0017063686
-0.0017040435
0.001701718
0.0
0.0
-0.001694739
-0.0033848237
-0.0016900843
0.0
0.0
0.0
0.0
0.001678441
0.0
0.0
0.0
0.0
0.0016667887
0.0
0.0016621253
0.0016597933
0.0016574608
0.0016551281
0.001652795
0.0016504617
-0.003296256
0.0
0.0
0.0
0.0
-0.0016364555
0.0
-0.0016317847
0.0
-0.0016271129
-0.0016247766
0.0
0.0
0.0016177665
0.0016154293
0.0
0.0
0.0
0.0016060785
0.0016037404
0.001601402
0.0
0.0
0.0015943858
0.0
0.0
-0.0015873683
-0.0015850288
0.0
0.0015803494
-0.0015780096
-0.003151339
0.0015733294
0.0
0.0
0.0
-0.0015639679
0.0
0.0
0.0
0.0015546049
0.0
-0.001549923
0.0
0.0
0.0
0.0015405584
0.0
0.0
0.0015335347
0.0015311934
0.0030577043
-0.0015265108
-0.003048339
0.0
0.0
0.0015171455
0.0015148043
0.0015124631
0.0015101219
0.0015077807
0.0
0.0
0.0
0.0
0.0029921513
0.0014937348
0.0
0.0
-0.0014867128
0.0
-0.0014820319
-0.0014796916
0.0
0.0
0.0029453428
0.0014703316
0.001467992
-0.0014656524
-0.001463313
0.0
0.0
0.0
0.0
0.0
0.0
0.0
0.0
0.0
0.0
0.0
0.0014352531
0.0
0.0
0.0014282425
0.0
0.00142357
0.0
-0.0014188983
0.0
0.0014142278
0.0014118929
0.0014095583
0.001407224
-0.0014048899
0.0
0.0
0.0013978893
0.0013955565
0.0
-0.0013908916
0.0
0.0
0.0
0.0
0.0
0.0
0.0
0.0013722453
0.0
0.0013675871
-0.0013652586
0.0
-0.0013606028
-0.0013582754
-0.0013559485
-0.001353622
0.0
-0.0013489701
0.0
-0.0013443199
-0.0013419954
-0.0013396714
-0.0013373479
-0.0013350247
-0.001332702
-0.0013303797
-0.0013280581
0.0013257368
0.0
0.0
0.0
0.0
0.0
0.0
0.001309501
0.0
0.0013048667
0.0013025504
-0.0013002346
0.0012979193
0.0
0.0012932903
0.0
-0.0012886636
-0.001286351
-0.003852117
0.0
0.0
0.0
0.0
-0.0012724877
0.0
0.0
0.001265564
0.0
0.0012609513
-0.0012586459
0.0
0.0012540369
0.0
0.0012494305
0.0
0.0
0.0
-0.0012402255
0.001237926
0.0
0.0012333288
0.0
-0.002457469
-0.002452877
-0.003672429
0.0
0.0012195542
0.0
0.0
0.0
0.0
0.0
0.0012058056
0.0
-0.0024024574
0.0
-0.0023933097
0.0
0.0011920842
0.0
0.0011875165
0.0
-0.0023659042
0.0
0.0011783909
0.0
0.001173833
0.0
-0.0023385568
0.0
-0.0023294543
0.0
0.0
0.0
0.0
0.0
0.0
0.0
0.0
0.0
0.0
0.0
0.0
0.0022704578
0.0
0.0
0.0
0.0
0.0
-0.002243332
0.0
0.0
0.0022297949
0.0
0.0
0.0
-0.0022117721
0.0
0.0
0.0021982759
0.0
0.0
0.0021847978
0.0
0.0021758226
0.002171338
0.0021668556
0.0021623753
0.0
0.0021534208
0.0010744734
0.0021444748
0.0
0.0
0.0010655359
0.0
0.0
0.0
0.0
0.0010543886
0.0
0.0
-0.002095427
0.0
0.0
0.0010410484
0.001038829
0.0
0.0010343937
0.0
0.001029963
0.0
0.0
0.0
0.0
0.0
-0.002033398
0.0
0.0
0.0
0.0
0.0
0.0
-0.002002558
0.0
0.0
0.0
-9.924946E-4
-9.903017E-4
0.0
0.0
0.0
-9.815425E-4
-9.793559E-4
9.771707E-4
0.0
0.0
-9.706224E-4
0.0
0.0
0.0
0.0019238197
-9.59735E-4
0.0
-9.553893E-4
-9.532185E-4
0.0
-9.4888086E-4
0.0
-0.0028336463
-9.423847E-4
-9.40222E-4
-9.3806075E-4
0.0
-9.337423E-4
0.0
-9.294295E-4
-9.272752E-4
-9.251223E-4
0.0
9.2082075E-4
0.0
-9.165249E-4
-9.143791E-4
0.0
0.0
-9.0795045E-4
0.0
-9.036719E-4
-9.0153486E-4
-8.993992E-4
-8.9726516E-4
0.0
-8.930013E-4
0.0
-8.887435E-4
0.0
8.8449166E-4
0.0
8.802459E-4
-8.7812525E-4
0.0
0.0
0.0
0.0
8.6754514E-4
8.654338E-4
8.633239E-4
-8.6121564E-4
-8.591089E-4
0.0
0.0
0.0
0.0
0.0
0.0
-8.4440614E-4
0.0
8.402197E-4
-0.0016762579
-8.360398E-4
-8.339522E-4
-8.318663E-4
-8.29782E-4
0.0
8.2561834E-4
8.23539E-4
8.214613E-4
0.0
0.0
8.1523816E-4
8.1316713E-4
8.110978E-4
8.090301E-4
8.069641E-4
0.0
0.0
8.007763E-4
7.9871714E-4
7.966597E-4
0.0
7.9254986E-4
7.904975E-4
7.88447E-4
7.8639813E-4
-7.84351E-4
7.8230567E-4
0.0
7.782202E-4
0.0
0.0
7.7210524E-4
0.0
7.6803745E-4
0.0
0.0
7.6194917E-4
7.599233E-4
0.0022736979
7.5587706E-4
7.538566E-4
0.0
0.0
0.0014956127
7.457932E-4
0.0014875638
0.0
0.0
-7.3775917E-4
-7.357553E-4
-7.3375326E-4
-7.317531E-4
0.0
-7.277584E-4
0.0
-7.237712E-4
0.0
7.1979157E-4
-7.178046E-4
7.1581954E-4
0.0
7.1185513E-4
7.098758E-4
0.0
7.059229E-4
0.0
7.0197775E-4
7.0000807E-4
0.0
0.0
0.0
0.0
0.0
0.0
0.0
0.0
0.0
-0.0013608378
-0.0013569418
-6.765249E-4
0.0
0.0
-6.7069876E-4
0.0
-6.6682475E-4
0.0
0.0
0.0
0.0
0.0
0.0
6.533296E-4
6.514099E-4
0.0
6.4757676E-4
0.0
0.0
6.4184243E-4
-6.399352E-4
0.0
0.0
0.0
-6.32327E-4
-6.304302E-4
0.0
-6.2664296E-4
0.0
6.228641E-4
-6.2097795E-4
6.1909383E-4
0.0
0.0
0.0
0.0
6.097056E-4
0.0
6.059653E-4
6.0409843E-4
6.0223375E-4
6.0037116E-4
0.0
0.0
0.0
5.929429E-4
0.0
5.892419E-4
5.873947E-4
-5.8554974E-4
0.0
5.818664E-4
5.800281E-4
5.78192E-4
5.763581E-4
5.745265E-4
0.0
5.7086995E-4
0.0011380902
5.672224E-4
5.6540204E-4
5.635839E-4
0.0
0.0011199089
5.5814313E-4
5.563341E-4
0.0011090547
-5.527229E-4
0.0
5.491208E-4
0.0
-5.4552796E-4
0.0
-5.419443E-4
0.0
5.3836993E-4
0.0
0.0
0.0
5.3124916E-4
0.0
0.0
5.259331E-4
5.241658E-4
5.224009E-4
5.206383E-4
-5.188781E-4
-5.1712024E-4
0.0
0.0
5.1186094E-4
5.101126E-4
-5.0836673E-4
-5.066232E-4
0.0
-5.031433E-4
-5.0140696E-4
-4.996731E-4
-4.9794157E-4
0.0
0.0
4.927616E-4
0.0
0.0
4.8760357E-4
4.858891E-4
0.0
0.0
4.8076038E-4
4.7905574E-4
9.547071E-4
0.0
-4.739566E-4
-4.7226183E-4
0.0
-4.6887973E-4
4.671924E-4
4.655076E-4
0.0
4.6214546E-4
0.0
0.0
-4.57121E-4
0.0
0.0
0.0
0.0
0.0
0.0
0.0
0.0
0.0
4.4053706E-4
4.3889263E-4
4.372508E-4
4.356115E-4
4.3397478E-4
4.3234063E-4
4.3070907E-4
4.2908007E-4
0.0
4.2582984E-4
4.242086E-4
4.2258998E-4
0.0
0.0
0.0
-4.161414E-4
-4.1453578E-4
0.0
0.0
-4.0973467E-4
0.0
-4.0654704E-4
-4.0495716E-4
0.0
-4.0178536E-4
0.0
0.0
3.9704752E-4
0.0
0.0
-3.923336E-4
0.0
3.8920433E-4
-3.876437E-4
3.8608574E-4
3.845305E-4
0.0
0.0
0.0
0.0
0.0
3.7525545E-4
-3.737191E-4
-3.721854E-4
-3.7065445E-4
-3.6912624E-4
3.6760073E-4
0.0
3.645579E-4
0.0
0.0
0.0
0.0
0.0
0.0
3.539943E-4
3.5249625E-4
0.0
3.495084E-4
0.0
0.0
-3.450474E-4
-3.4356592E-4
0.0
0.0
3.391383E-4
-3.37668E-4
-3.3620052E-4
-3.347358E-4
-3.3327393E-4
0.0
0.0
0.0
0.0
-3.2600667E-4
-3.2456167E-4
0.0
0.0
0.0
3.1881002E-4
-3.1737922E-4
-3.1595124E-4
0.0
0.0
-3.1168445E-4
3.1026787E-4
0.0
0.0
-3.060354E-4
-9.1389095E-4
0.0
0.0
0.0
0.0
-5.952961E-4
-5.925205E-4
0.0
0.0
2.921143E-4
2.907381E-4
2.8936483E-4
0.0
2.86627E-4
2.8526245E-4
0.0
0.0
0.0
0.0
0.0
2.7713669E-4
0.0
0.0
0.0
0.0
2.7044603E-4
0.0
0.0
2.6646708E-4
0.0
0.0
0.0
2.6120333E-4
0.0
0.0
2.5728677E-4
0.0
5.0938135E-4
0.0
5.0421304E-4
5.0163793E-4
0.0
0.0
0.0
0.0
0.0
0.0
4.8378034E-4
4.812534E-4
4.7873252E-4
0.0
0.0
0.0
0.0
0.0
0.0
0.0
0.0
-4.5631776E-4
0.0
0.0
0.0
0.0
0.0
0.0
0.0
2.1840447E-4
0.0
0.0
0.0
2.1360104E-4
0.0
2.1121786E-4
0.0
0.0
0.0
-4.1297733E-4
0.0
-4.0828536E-4
0.0
0.0
-4.0129412E-4
-3.9897618E-4
-5.9499673E-4
0.0
0.0
0.0
0.0
-3.851999E-4
0.0
0.0
0.0
0.0
0.0
0.0
0.0
0.0
0.0
1.813711E-4
1.8026559E-4
0.0
0.0
-3.539361E-4
-1.7587522E-4
0.0
0.0
3.4523162E-4
1.715357E-4
0.0
0.0
0.0
0.0
0.0
-1.6512215E-4
-1.6406442E-4
1.630099E-4
-1.6195858E-4
0.0
0.0
-1.5882392E-4
1.5778546E-4
-1.5675023E-4
1.5571823E-4
1.5468943E-4
0.0
0.0
1.5162246E-4
1.506066E-4
1.4959398E-4
1.485846E-4
-1.4757847E-4
1.4657558E-4
0.0
0.0
1.435864E-4
0.0
1.4160988E-4
1.4062651E-4
1.3964639E-4
0.0
0.0
1.3672565E-4
1.3575862E-4
0.0
1.3383434E-4
0.0
-1.3192318E-4
1.3097253E-4
1.3002516E-4
0.0
0.0
-1.2720277E-4
0.0
1.2533764E-4
-1.2441001E-4
1.2348569E-4
1.2256467E-4
1.2164696E-4
0.0
0.0
1.1891366E-4
-1.1800918E-4
1.17108015E-4
1.1621017E-4
0.0
1.1442443E-4
0.0
1.12651986E-4
1.1177075E-4
1.1089285E-4
-1.1001828E-4
0.0
0.0
0.0
1.0655334E-4
0.0
1.0484092E-4
1.0398972E-4
1.0314187E-4
-1.02297374E-4
0.0
-1.0061843E-4
0.0
9.8952914E-5
0.0
-9.7300835E-5
9.647984E-5
0.0
9.484794E-5
9.403705E-5
0.0
0.0
-9.16246E-5
1.816544E-4
9.003318E-5
8.924254E-5
8.845529E-5
0.0
1.7378184E-4
8.6113825E-5
8.5340114E-5
8.4569794E-5
8.3802865E-5
0.0
0.0
0.0
8.076914E-5
0.0
0.0
7.8529556E-5
7.778984E-5
7.705353E-5
7.632064E-5
7.559116E-5
1.4973019E-4
1.4828487E-4
7.342321E-5
0.0
0.0
0.0
0.0
6.987837E-5
0.0
6.848442E-5
6.7792585E-5
-6.710419E-5
0.0
-6.57377E-5
0.0
0.0
0.0
0.0
-6.238167E-5
0.0
0.0
6.0409377E-5
1.1951769E-4
0.0
0.0
0.0
0.0
0.0
5.5928198E-5
5.5301858E-5
5.4678985E-5
5.4059572E-5
0.0
0.0
-5.2222134E-5
5.1616593E-5
5.1014522E-5
5.041592E-5
0.0
0.0
-4.8640974E-5
-4.8056278E-5
4.747506E-5
0.0
-9.2646136E-5
0.0
-4.5185014E-5
-4.4621214E-5
-4.40609E-5
-8.700816E-5
0.0
0.0
0.0
-8.262339E-5
-4.0772335E-5
0.0
3.97041E-5
7.8350466E-5
0.0
0.0
-3.7609636E-5
-3.7094775E-5
0.0
-3.6075573E-5
-3.5571233E-5
0.0
0.0
-3.4079265E-5
0.0
-3.310218E-5
-6.5237815E-5
-3.2139153E-5
-6.3325824E-5
0.0
-3.072099E-5
-3.0255305E-5
0.0
-2.9334506E-5
0.0
0.0
0.0
2.7535194E-5
0.0
0.0
0.0
-2.5792324E-5
0.0
0.0
0.0
0.0
-4.7386413E-5
-2.3283988E-5
-2.2878308E-5
-2.2476166E-5
-2.2077566E-5
-2.1682503E-5
-2.1290984E-5
-2.0903006E-5
-2.051857E-5
0.0
-1.9760335E-5
-1.9386534E-5
0.0
-1.8649576E-5
-1.8286419E-5
-1.7926812E-5
0.0
0.0
0.0
-1.6523893E-5
0.0
0.0
-1.5509011E-5
0.0
-1.4850202E-5
0.0
0.0
0.0
1.3575279E-5
-1.3265448E-5
0.0
-1.2656468E-5
-1.2357323E-5
0.0
-1.1769722E-5
-1.1481268E-5
0.0
0.0
0.0
0.0
-1.0092493E-5
0.0
-9.561959E-6
-9.302046E-6
0.0
0.0
-8.543734E-6
-8.298108E-6
0.0
-7.817573E-6
-7.5826665E-6
-7.3513343E-6
-7.1235777E-6
0.0
0.0
0.0
0.0
-1.20768755E-5
-1.1664285E-5
-5.6294257E-6
0.0
5.2347305E-6
-5.0427525E-6
-4.854355E-6
4.6695386E-6
0.0
0.0
-4.1365797E-6
-3.9660918E-6
0.0
-3.635865E-6
0.0
0.0
-3.1674044E-6
-3.0184206E-6
0.0
-2.7312085E-6
-2.5929814E-6
-2.4583405E-6
-2.3272864E-6
2.1998192E-6
0.0
-1.9556464E-6
-1.8389417E-6
-1.725825E-6
1.6162967E-6
0.0
0.0
-1.3092442E-6
-1.2140717E-6
0.0
-1.0344957E-6
0.0
-8.6927935E-7
0.0
0.0
0.0
0.0
0.0
-4.598047E-7
0.0
3.5204212E-7
-3.0354812E-7
0.0
-2.1733533E-7
-1.796167E-7
1.4549008E-7
-1.14955505E-7
0.0
6.466283E-8
-4.4904837E-8
0.0
-1.6165792E-8
0.0
0.0
0.0
