0.31549832
0.17394379
0.24730986
0.2605315
0.14928798
0.20944992
0.14818391
0.34134245
0.06614776
0.4235569
0.37220305
0.39369923
0.35053116
0.21047
0.17305511
0.24123676
0.45056883
0.58817464
0.25841168
0.18012573
0.26223424
0.12050061
0.2806363
0.19540541
0.2748487
0.54182446
0.534438
0.30526543
0.21140756
0.21298742
0.19814834
0.32060316
0.13196085
0.4064989
0.572866
0.29889774
0.12311837
0.15038578
0.16530512
0.26722148
0.1091351
0.33333194
0.32952657
0.3000271
0.16162877
0.40072647
0.3491303
0.051109314
0.1253485
0.11086456
0.21280746
0.13311742
0.055623233
0.18973653
0.32404804
0.2047776
0.033544034
0.13547528
0.07232522
0.12659436
0.25082362
0.35088247
0.38732523
0.26455024
0.089875534
0.017513275
0.0748902
0.12749614
0.08781803
0.2803243
0.20877607
0.0988649
0.24490811
0.106598414
0.09018525
0.11013894
0.17651318
0.13271546
0.12794755
0.16802026
0.2116309
0.15563019
0.09565697
0.10790812
0.16977131
0.11009116
0.14314729
0.17408451
0.16974305
0.07198291
0.05047063
0.10358793
0.052412823
0.11549212
0.14337814
0.018061321
0.15495399
0.1658952
0.07066795
0.1450891
0.0764278
0.12576373
0.25345194
0.16420187
0.14719692
0.2673718
0.22613874
0.22868882
0.2204496
0.13876338
0.12748349
0.072235845
0.15095459
0.2287251
0.2702731
0.24637415
0.18657202
0.21205698
0.17157972
0.09552448
0.062192287
0.020062536
0.039607093
0.05025199
0.07218037
0.10613491
0.13058713
0.11759011
0.10447609
0.13218115
0.12490756
0.15441689
0.118280426
0.09026975
0.039496295
0.07760392
0.051193587
0.052445628
0.098466136
0.013822442
0.17801054
0.22106603
0.13230771
0.088132344
0.17105974
0.1217209
0.14214966
0.06085337
0.116016924
0.2502791
0.22670788
0.042433005
0.040340077
0.09553404
0.11063048
0.07905211
0.08463695
0.11618395
0.1067428
0.1378662
0.08255499
0.11078949
0.20189726
0.11421219
0.086573005
0.020236278
0.14180359
0.12736166
0.1293459
0.0984279
0.05394834
0.09723126
0.09259107
0.10394936
0.16211373
0.21382366
0.22502916
0.23481296
0.15545018
0.04021616
0.042312577
0.042475678
0.11874964
0.06673019
0.048704207
0.19542055
0.22329192
0.104551844
0.08900124
0.14249612
0.100280784
0.1819839
0.19529974
0.0999426
0.056247663
0.065344214
0.03594831
0.016288636
0.07267706
0.18074691
0.098802805
0.018257884
0.08258671
0.16833751
0.1691282
0.05862723
0.10577396
0.164555
0.13307546
0.036072187
0.07118922
0.065549925
0.05527991
0.07807548
0.07414047
0.1261033
0.12165046
0.087537654
0.050062224
0.09928333
0.10701194
0.09348633
0.097353056
0.09280699
0.010878626
0.10202253
0.09972385
0.059246115
0.11316478
0.20966111
0.21409965
0.17504327
0.07987671
0.042015146
0.15174909
0.048250023
0.026451524
0.09863183
0.098806255
0.19389091
0.1365592
0.09310776
0.10420189
0.13939436
0.089068085
0.0714314
0.11175621
0.022503097
0.11303005
0.05679268
0.09288923
0.075218655
0.04770803
0.07470333
0.20022984
0.16220665
0.08120662
0.12901753
0.012878501
0.06377276
0.09752325
0.1397694
0.085471064
0.056154497
0.04045653
0.013405669
0.045284722
0.060922056
0.018121649
0.10323155
0.1077405
0.11590521
0.10390532
0.047875773
0.08177311
0.028468711
0.09770589
0.10791514
0.06299923
0.016825585
0.0286422
0.07202914
0.044318873
0.028794449
0.03885942
0.09227646
0.088220544
0.08840307
0.06550058
0.09747789
0.09471634
0.04281975
0.14705884
0.12675662
0.037754767
0.03862704
0.09274409
0.1028147
0.09344326
0.058690246
0.1103438
0.08733033
0.10046953
0.068068616
0.0652621
0.038116258
0.014111962
0.011142496
0.05624091
0.20144376
0.2389622
0.14556654
0.08560301
0.07127909
0.050795574
0.018056586
0.08647204
0.10333059
0.020632565
0.10303032
0.018226054
0.08657704
0.068167746
0.10952549
0.17332795
0.0705808
0.10093722
0.11014702
0.12165107
0.05497425
0.035066888
0.019632049
0.078467056
0.069255196
0.02527787
0.053102653
0.05742581
0.05135634
0.058328602
0.121974036
0.15271647
0.15555826
0.18584372
0.12916182
0.036330245
0.1005132
0.08982206
0.04692025
0.050928045
0.0797748
0.116327085
0.012537522
0.08944112
0.07462975
0.10406216
0.051015064
0.09907619
0.08446455
0.07038139
0.11807217
0.16626197
0.17121835
0.0737606
0.074043624
0.13469857
0.076346196
0.066121474
0.13406667
0.095663406
0.19423601
0.163964
0.066533364
0.01627177
0.07681522
0.12053135
0.12772384
0.12255099
0.11885908
0.058343403
0.10136908
0.055586655
0.047149923
0.023502069
0.0885572
0.060817778
0.035940576
0.097586446
0.047293626
0.111931525
0.057925716
0.076112285
0.11695268
0.13668795
0.16373987
0.12619458
0.028527934
0.119242474
0.06957387
0.065490074
0.068535626
0.055040453
0.07702664
0.023191405
0.045915548
0.095002815
0.16754027
0.10798005
0.11214266
0.113025226
0.108948454
0.07642666
0.020228745
0.04138233
0.11486933
0.036695678
0.055058703
0.022451127
0.087302685
0.11281254
0.094878934
0.03521554
0.0107769575
0.077641375
0.09329073
0.071965076
0.077247374
0.09696488
0.039112214
0.112960964
0.14757799
0.093393214
0.02001693
0.08176622
0.1145487
0.120541684
0.079715855
0.0644509
0.029255552
0.028782912
0.09473259
0.15636693
0.09126989
0.13737033
0.15777759
0.14953151
0.15650462
0.058775455
0.010754116
0.090018496
0.124813
0.111964084
0.07900457
0.079717875
0.063274
0.055854622
0.18464655
0.12577674
0.044915114
0.027643476
0.096251
0.036007103
0.041248243
0.0906843
0.103504546
0.06667648
0.086697824
0.012346453
0.13454874
0.16916329
0.105644956
0.10626635
0.07422741
0.061757173
0.037630614
0.04486576
0.08286489
0.09238793
0.03649177
0.080925964
0.07958876
0.13330145
0.066605404
0.021924013
0.066375874
0.070712216
0.053375844
0.08003599
0.010236569
0.1513522
0.13495995
0.073897004
0.062126275
0.12237288
0.11612823
0.097560994
0.07295353
0.057109877
0.14182514
0.13732442
0.14406152
0.16586499
0.08203521
0.047364816
0.055153053
0.09396942
0.06878964
0.09439783
0.104492046
0.131144
0.043489806
0.06432558
0.03786221
0.080911785
0.09280452
0.11074388
0.024602486
0.04814074
0.06567953
0.13467866
0.10773254
0.11058226
0.076682284
0.052244943
0.12813951
0.14693478
0.14932506
0.115827546
0.075260915
0.20016514
0.05840353
0.04712021
0.056414276
0.04782052
0.07415912
0.07705044
0.075514846
0.06971473
0.11265312
0.06564764
0.054491468
0.08724311
0.010818417
0.13764586
0.07566785
0.046241935
0.04438006
0.11331067
0.19994152
0.26558968
0.21693452
0.09109867
0.14367756
0.10026718
0.07034108
0.10176025
0.13214752
0.12799709
0.04139398
0.10299434
0.13853905
0.100379005
0.033575036
0.06917782
0.07236259
0.096183404
0.06818107
0.10933083
0.14935727
0.27861613
0.16303481
0.11795261
0.043749128
0.117591344
0.1253188
0.11778146
0.013462132
0.1763177
0.24388881
0.2860655
0.1941891
0.17080696
0.22863145
0.19065757
0.087882295
0.10487658
0.17529288
0.19593129
0.06743958
0.023195961
0.008928017
0.05262069
0.07467532
0.17304541
0.14721967
0.053595953
0.062342018
0.0708139
0.18925272
0.4095629
0.39661002
0.099201985
0.11785738
0.13376614
0.18774723
0.14936551
0.19351292
0.38548094
0.24751872
0.116706625
0.088774554
0.06083308
0.17521818
0.1198545
0.079834074
0.39069468
0.4258126
0.18220966
0.11269149
0.16071378
0.28910115
0.13202442
0.16360249
0.20103101
0.08080681
0.23737773
0.2371827
0.17410815
0.15417731
0.14751431
0.28527644
0.37670285
0.19130358
0.107027575
0.046007376
0.20827444
0.13615224
0.08194224
0.07038796
0.032611456
0.23339187
0.36620533
0.2856722
0.1524054
0.19467184
0.08217381
0.03534035
0.16009316
0.20662837
0.07010297
0.2138675
0.19704916
0.07210447
0.117061466
0.04539846
0.15591264
0.10579354
0.069327906
0.17938194
0.2731073
0.27665302
0.09302759
0.18550088
0.17449708
0.16161978
0.14765023
0.122249044
0.20158231
0.10763622
0.24670796
0.2951144
0.07841759
0.19496273
0.26092044
0.20804296
0.25464925
0.20030129
0.1671323
0.20089594
0.2036355
0.2665399
0.289423
0.19036187
0.04260576
0.12911537
0.07660948
0.034744285
0.06271936
0.102279425
0.12839085
0.17832851
0.2265433
0.3067899
0.30301568
0.1983754
0.16132268
0.11364322
0.0790784
0.039866727
0.10210239
0.013441847
0.08475373
0.031146413
0.104720615
0.12053561
0.07961206
0.028937789
0.058848202
0.099639006
0.15732367
0.12200873
0.026237447
0.060493138
0.08033595
0.03852333
0.13539602
0.2308521
0.14834617
0.01862354
0.086066455
0.045455825
0.01586402
0.0977455
0.22258806
0.1623056
0.03922426
0.033823337
0.08033423
0.0058497116
0.09775832
0.040851798
0.114947066
0.061882146
0.076841354
0.116310984
0.059416298
0.08707373
0.10955558
0.03417602
0.10293658
0.1453695
0.13457805
0.09028386
0.12507766
0.044742
0.09870128
0.069983035
0.047834653
0.08742826
0.12519464
0.10508343
0.06636667
0.17419606
0.15478855
0.057594556
0.0975535
0.0893517
0.07250991
0.061693594
0.08416769
0.051170077
0.0832722
0.051107366
0.13661774
0.16945322
0.108123355
0.013500318
0.102939405
0.1104413
0.15161453
0.19160469
0.060031503
0.11287834
0.10169426
0.0931647
0.03235285
0.046542246
0.06132407
0.03638549
0.07658428
0.043013293
0.05602809
0.023529263
0.06472996
0.055272214
0.08232761
0.098121546
0.034887496
0.08928486
0.036728803
0.026519144
0.014500227
0.025045054
0.059562713
0.12093474
0.11724968
0.051470783
0.035198662
0.017483639
0.052253295
0.03671398
0.009102326
0.05110766
0.036968414
0.06201196
0.114175566
0.14972973
0.18416214
0.15957892
0.07167309
0.038432386
0.026736697
0.044078548
0.012793618
0.038313493
0.066775486
0.03067887
0.010472465
0.029017644
0.13405423
0.18057327
0.092903286
0.01409607
0.03432974
0.0887449
0.13719368
0.09009654
0.058972217
0.08011404
0.09614349
0.09376871
0.067286946
0.05637506
0.14800581
0.07621605
0.041142657
0.026222903
0.037215926
0.03722686
0.04316153
0.09274116
0.13479237
0.12655784
0.10157992
0.08023508
0.102504805
0.08109783
0.039299645
0.15205461
0.13912025
0.011319232
0.06732178
0.0609661
0.038074512
0.054283615
0.10096155
0.13957103
0.09477893
0.11208389
0.11335452
0.061275613
0.13425413
0.089029334
0.07093561
0.10373385
0.13336489
0.07647485
0.0616592
0.048470166
0.04014069
0.035807874
0.051837184
0.046308078
0.095593944
0.14436789
0.12205998
0.07700843
0.036058307
0.04283983
0.039977737
0.034221947
0.074502155
0.0761899
0.026645115
0.081881784
0.078963116
0.04356223
0.03455938
0.067525074
0.08728401
0.11087592
0.11851057
0.051371504
0.043169048
0.051967267
0.029662471
0.020441428
0.051145315
0.03720872
0.013105372
0.042170227
0.087282464
0.07174553
0.013941265
0.046756454
0.026010634
0.029058238
0.06378119
0.06341245
0.019816529
0.007080848
0.04945185
0.07123248
0.015893085
0.030669443
0.035283733
0.032769915
0.06091415
0.098939195
0.0953561
0.06111441
0.016540322
0.04039446
0.033897072
0.044271775
0.055258732
0.13159038
0.11358902
0.10829153
0.08852057
0.0654097
0.092114456
0.09073201
0.08534037
0.06419482
0.026308471
0.060538266
0.032975525
0.025530925
0.027994974
0.01987624
0.06137909
0.050369836
0.038268507
0.088583976
0.08370071
0.007807061
0.025192734
0.04128816
0.04237977
0.069350764
0.085288525
0.028523711
0.036005292
0.08335675
0.1146741
0.04652837
0.036757242
0.05169556
0.04150278
0.07616445
0.14197029
0.14951654
0.094534524
0.042919572
0.07485374
0.094855934
0.089674465
0.062284194
0.062395923
0.038088102
0.02433926
0.049561244
0.04627008
0.052497767
0.0725496
0.035888746
0.025263049
0.0036749903
0.06565682
0.068932295
0.028387565
0.02576985
0.01600753
0.049334604
0.071057335
0.0452219
0.04130237
0.013662396
0.032508366
0.046835136
0.09987665
0.11348551
0.03463519
0.02917996
0.07838095
0.044333756
0.053059135
0.058038086
0.035608217
0.06508794
0.042032074
0.076704614
0.07648366
0.09240288
0.11202442
0.114038356
0.06316361
0.03958839
0.13509624
0.103880234
0.049972124
0.04257194
0.11159497
0.08948306
0.011386163
0.06546471
0.14504321
0.123529136
0.005241803
0.08065551
0.044502284
0.06554652
0.1067217
0.117976926
0.13653077
0.12999529
0.093336426
0.07953951
0.060373835
0.032436606
0.012464971
0.061735455
0.05939614
0.05409803
0.03570883
0.043140475
0.069704674
0.062785655
0.10492668
0.084670335
0.079350315
0.08085287
0.09408153
0.06584303
0.08540707
0.13516992
0.09496491
0.03683648
0.045843646
0.08069982
0.058570027
0.019490326
0.026982708
0.032749888
0.018075686
0.054078173
0.05814529
0.069204725
0.02256723
0.055888917
0.012778466
0.006733577
0.026195595
0.057780474
0.08863877
0.053689335
0.08895162
0.017715868
0.03983679
0.04949495
0.117171004
0.12878132
0.09227089
0.075446084
0.0482111
0.070691526
0.0735628
0.009755634
0.043005362
0.058424693
0.022668751
0.05581783
0.051974084
0.14770424
0.10159162
0.05279336
0.021856498
0.050167497
0.026940241
0.075758584
0.06617589
0.060493123
0.09074028
0.06646655
0.037357025
0.075206704
0.11794458
0.033586733
0.05825337
0.02135584
0.061750587
0.09522132
0.043683186
0.040771645
0.0890483
0.052352667
0.048563324
0.088884704
0.06707114
0.07707739
0.06298062
0.05626589
0.052908868
0.04677663
0.055932697
0.032033693
0.065528065
0.038189545
0.044713087
0.09792257
0.10576892
0.1222457
0.06886256
0.06230764
0.076164655
0.027924823
0.06514557
0.048559584
0.030627416
0.09372654
0.07348304
0.01828691
0.010869294
0.06376941
0.07599266
0.051672615
0.07123605
0.030460518
0.0665402
0.07899508
0.03545508
0.03013197
0.101389095
0.062516786
0.0375384
0.08488427
0.08827056
0.033033077
0.07018783
0.09881614
0.07291573
0.025741441
0.06914101
0.09344203
0.038585074
0.028952947
0.019924998
0.055574466
0.08401759
0.04437403
0.10362531
0.06159256
0.014268642
0.036908213
0.036945112
0.06913227
0.054971136
0.0076906523
0.02954903
0.026429154
0.02213309
0.07353719
0.0789573
0.03726819
0.0141116595
0.017471218
0.060842585
0.096386805
0.0979215
0.13373165
0.12043329
0.021747895
0.07619751
0.09963107
0.08219286
0.05935353
0.027966555
0.078357875
0.09370141
0.033460747
0.014739288
0.044362303
0.062626824
0.05828327
0.10934766
0.11861818
0.08811059
0.093549445
0.14680803
0.086898096
0.08909345
0.0787352
0.10158211
0.09071116
0.09715357
0.08021637
0.039758094
0.04908307
0.048181195
0.04017253
0.038144883
0.0287958
0.041416366
0.052969657
0.026231214
0.029482672
0.047931474
0.028504482
0.047981538
0.040800944
0.028245756
0.023469256
0.0511806
0.06964352
0.06730572
0.076636635
0.10361005
0.072682485
0.10022616
0.0258889
0.103736795
0.08982674
0.08018626
0.13638344
0.054338478
0.044307493
0.08003003
0.07845138
0.069873594
0.06344443
0.06771941
0.0772009
0.0696222
0.04452931
0.123878404
0.086075984
0.07228655
0.06424883
0.0516192
0.06910504
0.06386493
0.054930054
0.14786823
0.18058594
0.109352335
0.0408003
0.04187658
0.05998235
0.06754586
0.023090754
0.07370224
0.081675425
0.02188235
0.06329476
0.10072671
0.064937904
0.048817206
0.033365864
0.069524586
0.0897963
0.07652464
0.055483676
0.034527317
0.089230165
0.103153326
0.029413724
0.091453366
0.056998745
0.034574565
0.04435137
0.08532009
0.06376025
0.10755711
0.11692666
0.06407204
0.04734419
0.04788012
0.086690664
0.057464205
0.07082542
0.03412062
0.077146515
0.06154797
0.08026749
0.10639356
0.026103543
0.064397246
0.08553204
0.06329363
0.036351632
0.031533454
0.012260238
0.0103272265
0.021760106
0.07135316
0.06894841
0.04351954
0.041614644
0.037597004
0.060523633
0.13216275
0.123729944
0.090662204
0.13086088
0.11889332
0.036217142
0.025306335
0.016876584
0.06109321
0.06847381
0.11239655
0.111780465
0.08169952
0.10342021
0.07340083
0.044566017
0.117996246
0.07995789
0.060217418
0.053675774
0.042519055
0.109646134
0.13859358
0.12757103
0.0689196
0.040579904
0.017814286
0.03756671
0.04490833
0.025369128
0.09671508
0.06808591
0.046440613
0.07734659
0.05132163
0.056293715
0.07819262
0.08548257
0.04035813
0.040078104
0.061530076
0.044865485
0.073964044
0.07937385
0.030177014
0.03346116
0.086059846
0.13661604
0.06193074
0.09790006
0.07717531
0.09183512
0.19222723
0.10872882
0.027612993
0.04817949
0.06847897
0.077273756
0.092131406
0.06567067
0.02041103
0.03038127
0.07544502
0.12293838
0.14547215
0.1304154
0.12822612
0.09327358
0.028722696
0.090605974
0.07829432
0.08390075
0.050184242
0.04905572
0.018286418
0.051695526
0.19714756
0.27434367
0.17953117
0.13503864
0.10866363
0.10692171
0.031362332
0.012710562
0.06744102
0.06455391
0.046286963
0.18908584
0.2421091
0.11820094
0.10939122
0.07909546
0.11602747
0.2691568
0.22324526
0.13474089
0.027774548
0.043463517
0.13352945
0.1326867
0.13516086
0.09234036
0.07042906
0.049692795
0.10866611
0.13577944
0.075117335
0.13430318
0.074111305
0.033605102
0.0371724
0.1195445
0.21576187
0.21938762
0.115887746
0.009521548
0.1570895
0.15075774
0.02327659
0.0921888
0.09639502
0.09239237
0.1077196
0.015521328
0.033590104
0.09896196
0.09873521
0.08362871
0.1350466
0.08295047
0.017984226
0.050751485
0.121046424
0.08034314
0.04296109
0.059269797
0.03808798
0.055372905
0.08913973
0.10393573
0.13291027
0.10972275
0.06615157
0.049567405
0.051726796
0.050267395
0.101815686
0.14747411
0.009801056
0.058351383
0.045999642
0.01874444
0.0759006
0.14778861
0.051123433
0.085727766
0.122521125
0.14727932
0.08006901
0.14372766
0.07955949
0.013268267
0.0669909
0.11326264
0.051376678
0.058656137
0.0905934
0.08486822
0.09810286
0.14406079
0.112875
0.043334696
0.022192826
0.032887463
0.010974555
0.09618156
0.21090616
0.14135413
0.07216788
0.13683099
0.1152951
0.093701415
0.13732482
0.09049212
0.0942942
0.12750572
0.079341784
0.009556528
0.10341308
0.11710917
0.11663979
0.13764541
0.11856538
0.065177135
0.2288255
0.22186936
0.1143844
0.014842364
0.05576505
0.022531034
0.04342151
0.067811914
0.035772078
0.013558907
0.08763966
0.15002503
0.16651748
0.16663131
0.10623243
0.10154702
0.067851424
0.0363309
0.10704051
0.14205442
0.064373106
0.11568997
0.17863949
0.116524756
0.023670496
0.14980394
0.14182113
0.036907613
0.14600237
0.110063
0.03365472
0.023620386
0.0680126
0.08604713
0.050623845
0.05214599
0.1282418
0.07486945
0.053718954
0.04121695
0.050015766
0.0461606
0.06453655
0.07015606
0.10193082
0.09604385
0.094592616
0.06827044
0.021649333
0.07906955
0.0276419
0.06449232
0.011742005
0.03194396
0.019643275
0.068569005
0.14288738
0.13154042
0.09805391
0.09139202
0.07330074
0.06586551
0.1573163
0.13625118
0.054067105
0.020610575
0.02215792
0.05752418
0.12057349
0.1288365
0.13785648
0.1411342
0.113210134
0.076902196
0.10078528
0.1671112
0.1608247
0.090954244
0.069705345
0.03862236
0.047540113
0.046096355
0.064835176
0.0705471
0.15640551
0.11534378
0.046063468
0.05940186
0.017172473
0.04436731
0.10976486
0.09408856
0.112326086
0.04085613
0.069133975
0.101068296
0.10175563
0.062171217
0.050484844
0.07412138
0.061197203
0.056081362
0.018114896
0.11824527
0.15027592
0.10020551
0.11852063
0.21282037
0.15915179
0.10556806
0.063357584
0.05091306
0.06498622
0.052125584
0.100697555
0.06767559
0.045610953
0.06645773
0.043837655
0.09635904
0.087896094
0.027880406
0.022212958
0.06670659
0.09717823
0.062020943
0.095096566
0.06869175
0.0073858458
0.07848898
0.08272282
0.055040617
0.036399297
0.05892544
0.028605014
0.036940526
0.00987628
0.036637116
0.051392976
0.0609545
0.06621886
0.019631047
0.046177145
0.11030147
0.062425893
0.075123444
0.09637889
0.056477774
0.07255297
0.08524627
0.08168789
0.0487113
0.04542331
0.08353004
0.10520675
0.07595027
0.043597225
0.05644502
0.05083643
0.030353796
0.023215435
0.08074549
0.073966555
0.057650927
0.055624563
0.028116588
0.04067996
0.083334774
0.0937058
0.111633144
0.1227391
0.1033878
0.06842759
0.013042353
0.062823355
0.0812685
0.03674796
0.023668082
0.013092171
0.063969284
0.08573976
0.046121217
0.017834248
0.04610192
0.08454322
0.088501096
0.08026577
0.010211636
0.0966795
0.087163955
0.040538263
0.054388918
0.058604456
0.01847351
0.031637814
0.029433448
0.065618694
0.06674925
0.006289335
0.042317882
0.02071784
0.06685135
0.07332075
0.11050511
0.1062426
0.048762836
0.03258189
0.0458517
0.09536619
0.046158496
0.012224536
0.025498193
0.02766606
0.05847744
0.038518928
0.10746494
0.11834599
0.038306866
0.111396424
0.106501274
0.07607526
0.083725184
0.04304534
0.02750675
0.049188964
0.04026006
0.02482235
0.065430924
0.11263659
0.06973683
0.011024216
0.0045453873
0.06579348
0.06610512
0.039322626
0.05844262
0.039250936
0.020153228
0.01211417
0.042823073
0.049860314
0.059237104
0.06263009
0.0104861725
0.023600021
0.068799995
0.09907233
0.041006066
0.061552078
0.06584664
0.061985232
0.07389051
0.02124896
0.020271614
0.038271237
0.063357316
0.0728871
0.01359842
0.052559957
0.08245243
0.04852354
0.047750246
0.04526326
0.08744385
0.08939434
0.005318766
0.08847526
0.06448717
0.04120693
0.08403619
0.069744594
0.018327009
0.012081575
0.046476834
0.094150044
0.061230775
0.09518281
0.076742865
0.04943858
0.035865393
0.035825763
0.042578027
0.08467407
0.060136415
0.041324813
0.07210684
0.07497359
0.06980258
0.07050221
0.029074695
0.053066157
0.0454726
0.03594883
0.09420826
0.09111164
0.0670529
0.044417024
0.010459099
0.038662836
0.08011776
0.05405583
0.032234196
0.09042131
0.08354638
0.10093066
0.13062465
0.053219166
0.030989703
0.035948515
0.052843556
0.13079391
0.13782541
0.021807982
0.06672104
0.09507283
0.048769046
0.11039444
0.14438727
0.11509851
0.07800755
0.07944623
0.064182766
0.04217467
0.049573455
0.021469442
0.08087341
0.07487262
0.03225948
0.054818027
0.06506511
0.074079946
0.059495833
0.08818814
0.1241895
0.093896516
0.06721256
0.09066593
0.03894632
0.03921392
0.09572904
0.08168426
0.025163276
0.10679367
0.16345355
0.13353735
0.10859184
0.03034645
0.07966412
0.07247616
0.10331937
0.13078612
0.068151064
0.10881403
0.053125575
0.016701015
0.03714208
0.036052216
0.011880391
0.036979035
0.026053045
0.039004542
0.09185796
0.07035273
0.08825662
0.074330226
0.03515455
0.046316322
0.06749933
0.05728705
0.09707262
0.084090814
0.055110417
0.020444758
0.01610104
0.042268503
0.08958978
0.101925515
0.049566735
0.032968804
0.035320103
0.02225393
0.05390125
0.072259404
0.03989243
0.09582593
0.053703506
0.07011813
0.06946973
0.06297532
0.09518172
0.05261776
0.061876945
0.09447279
0.026497394
0.062595375
0.009945224
0.053615753
0.018215979
0.07675308
0.067850195
0.018120738
0.036254253
0.057514295
0.043054253
0.042056132
0.008702376
0.012628214
0.010158817
0.06452201
0.04991155
0.011247164
0.031871114
0.03933455
0.03033466
0.031331208
0.033751782
0.0864534
0.085677244
0.04706754
0.042354777
0.05940515
0.04741015
0.026427431
0.0503739
0.062363844
0.06392295
0.020247087
0.04519644
0.037127644
0.058589038
0.07118952
0.032740857
0.05152872
0.057954874
0.033895537
0.037934653
0.03599304
0.031598642
0.014345254
0.044611428
0.03635419
0.023914685
0.030014096
0.009975825
0.057085663
0.037867248
0.013259569
0.030811938
0.034257032
0.03264655
0.027690843
0.037626795
0.019449027
0.0665248
0.070068054
0.030104043
0.035085462
0.040819563
0.044971887
0.016521314
0.02999523
0.03568532
0.03382758
0.035136025
0.035599984
0.03564918
0.017383948
0.04134074
0.02878875
0.015107308
0.02221486
0.033740897
0.070676826
0.0542633
0.021938588
0.039729916
0.06543978
0.051729713
0.028850924
0.034266632
0.021370495
0.023060171
0.013857869
0.046139933
0.014632008
0.034015417
0.017884064
0.0025782923
0.019694647
0.060127378
0.06727724
0.03782291
0.01956331
0.0071274415
0.007982516
0.038646147
0.034543786
0.026005458
0.005637027
0.03465426
0.024889112
0.030595293
0.03527493
0.03516683
0.03196872
0.054257028
0.030653207
0.06462004
0.07410946
0.04407898
0.03416526
0.034099888
0.024036339
0.03570448
0.06456355
0.0738381
0.04848665
0.038183805
0.05201441
0.06931117
0.040469956
0.03572949
0.037591673
0.023442639
0.029620862
0.0556573
0.03888781
0.014325957
0.043119144
0.062474303
0.047787774
0.04716975
0.052014485
0.08809917
0.11936358
0.05595525
0.056304615
0.06549159
0.061513446
0.035927728
0.032854427
0.069551185
0.050276224
0.025610039
2.8924507E-4
0.003051847
0.0
0.0
0.0
0.0030517967
-0.003051775
0.0
0.0030517213
0.0
0.0
0.0030516135
-0.0030515704
-0.0030515236
0.0030514733
-0.0030514195
0.0
0.006102602
0.0030512363
0.0
0.0
0.0
0.0
0.0
0.0
0.003050683
-0.0030505897
-0.0030504928
0.0
0.0
0.0
0.0
-0.003049954
0.0
0.0030497136
0.0
0.0
-0.0030493257
-0.0030491892
0.0
0.0
0.0
0.0
0.0
-0.0030482954
0.0030481338
0.0
0.0
0.0
-0.0030474518
-0.0030472726
0.0
0.0
0.0
0.003046519
0.0030463214
0.0
-0.003045916
0.003045708
0.0030454963
0.0060905623
0.0030450623
0.0
0.0030446139
0.0030443843
0.0030441512
0.0
0.0
0.0
0.0030431831
0.0060858643
0.0030426774
0.0
0.0
0.0030418923
0.0
0.0060827024
0.0030410753
-0.0060815914
0.0030405126
0.0
0.0030399356
0.0060792835
0.0030393444
0.0060780873
0.003038739
0.0
0.0030381195
0.0
0.0030374855
0.0030371633
-0.0030368373
0.0
0.0
0.0030358385
0.0030354983
0.0
0.0
0.0
0.0030341025
0.0030337449
0.0
0.0
0.0
-0.003032278
0.0
0.0030315232
0.0
0.0
0.0
-0.0030299714
-0.0030295746
-0.0030291742
-0.0030287702
0.0
0.0
0.0
0.0
0.0
0.0
0.0
0.0
0.0
0.0
0.0
-0.0030236477
0.0030231979
0.0
0.0
0.0
-0.0030213632
0.0
0.0
0.0030199504
0.0030194724
-0.0030189909
0.0
0.0
0.0
0.0
0.0
0.0
-0.003015522
0.0
0.003014499
0.0030139827
0.0030134625
-0.003012939
0.0
0.0030118811
0.003011347
0.009032428
0.0030102683
0.0
0.0
0.0
0.003008069
0.0030075102
0.0030069482
0.0
0.0
0.0
0.0030046653
0.0030040857
0.0030035027
0.0030029162
0.0
0.003001733
0.0030011362
0.0
-0.002999932
-0.0029993248
-0.002998714
0.0
0.0
0.002996861
0.0029962363
0.0
0.0
0.0
-0.0029937034
-0.0029930614
0.0
-0.0029917674
-0.002991115
-0.0059809186
-0.0089694
-0.005978275
0.0
-0.002987802
-0.0059742583
-0.008959359
-0.005971546
0.0
0.0
-0.0029837128
-0.0029830192
-0.0059646447
0.0
0.0
0.0
0.0029795002
0.0029787861
0.0
-0.0059546954
-0.0029766234
-0.0029758955
-0.0029751642
0.0
-0.0029736916
-0.0059459005
-0.005944411
-0.0059429146
-0.005941411
0.0
0.0
0.0
0.0
-0.005933793
-0.0059322487
0.0
0.0
0.0
0.0
-0.005924427
-0.0059228423
0.0
0.0
0.0
0.0
-0.0059148176
-0.0059131924
-0.0059115607
-0.005909922
0.0
0.0
-0.002952483
0.0
-0.002950814
-0.005899949
0.0
0.0
0.0
0.0
0.0
-0.0058897347
-0.0029440045
0.0
0.0
0.0
0.0
-0.00587928
-0.0029387572
0.0
-0.0029369814
0.0
0.0
0.0
0.0
0.0029324838
0.0
0.0
0.0
0.0
0.0
0.0
0.0
0.0
0.0
0.0
0.0029222982
0.0029213524
0.0
0.002919451
0.0029184956
0.0
0.0
0.0
-0.0029146406
0.005827337
0.0029126934
0.0
0.0058214664
0.0
0.0
0.0029077684
0.0058135474
0.005811551
0.0029047744
0.0
0.0
0.0
0.0058014737
0.005799439
0.0028986987
0.0028976747
0.0
0.0
0.0
0.0
0.0028925065
0.0
0.0
0.002889367
0.0
0.005774516
0.0057723974
0.0
0.0028840704
0.0
0.0
0.0
0.0028797756
0.0028786939
0.0
0.0
-0.0028754298
0.0
0.0
0.0
0.0
0.0
0.0
0.0028677022
0.0028665855
0.0028654658
0.0
-0.002863217
0.0
0.0
0.0
0.0028586814
0.0
0.0
0.0
0.0
0.0028529412
0.0
0.0
0.0
0.0
0.0
0.00284595
0.0
0.0028435946
0.0
0.0
0.0028400384
0.0028388468
0.005675304
0.0
0.0
0.0028340495
0.0
0.0
0.0028304192
0.0028292031
0.0028279838
0.005653523
0.002825536
0.0028243074
0.002823076
0.0028218413
-0.0028206035
0.002819363
0.0028181192
0.0
0.0028156226
-0.0028143697
-0.0056262277
0.0
0.0
0.0028093278
0.0028080598
-0.0028067888
-0.0028055147
-0.0028042379
0.0
0.0028016747
0.0028003885
0.0027990995
0.0027978073
0.0
0.0
0.0027939132
0.0027926092
0.0027913023
0.0
-0.0027886792
0.0
0.0
0.005569445
0.0055667954
0.0027820698
0.0027807392
0.0027794056
0.0
0.0027767292
0.0027753867
0.0027740411
0.0027726928
0.0
0.0
0.0
0.0
0.005531813
0.0027645405
0.0027631717
0.0
0.0
0.0
0.0
0.0027562834
0.005509794
0.0055070156
0.0027521157
0.0
0.0
0.0
0.0027465185
0.005490224
0.0
0.0
-0.0054817502
-0.0054789144
0.0
-0.0027366127
0.0
0.0027337568
0.0027323244
0.0
0.0
-0.0027280108
0.0
0.0027251206
0.0027236715
0.0027222193
0.0
0.0
0.0027178463
0.0054327664
0.002714917
0.0
0.0
-0.005421004
-0.0027090246
0.0027075447
0.0
0.0
0.0027030879
0.0
0.0027001027
0.0
0.0
0.0026956042
0.0
0.0
0.0026910813
0.0
0.0
0.0026865334
0.0
0.0026834877
0.0
0.0
0.0
0.002677364
0.0026758262
0.0
0.0
0.0
-0.0026696483
0.0
0.0
0.0
0.0
0.0
-0.0026603006
-0.0026587334
0.0026571634
0.0026555907
0.0026540156
0.0026524374
0.0
-0.0026492737
-0.0052953754
0.0
0.002644508
0.0
0.0
-0.005279437
-0.002638117
-0.0052730255
0.0
0.0
0.0
0.0
0.0
0.002626832
0.0
0.0026235844
0.0026219566
0.0026203264
0.0
0.005234116
0.0026154201
0.0026137796
0.0026121365
0.0
0.0
-0.0026071917
0.0026055383
0.0
0.0
0.0
0.0025988996
0.0025972337
0.002595565
0.002593894
0.0025922204
0.005181089
0.0
0.0025871848
0.0025855012
0.0
0.0025821265
0.0
0.0
0.0
0.0025753477
0.005147293
0.0
0.0
0.002568529
0.0
0.002565105
0.0025633893
-0.0025616712
-0.0025599506
0.0
-0.0025565021
0.0
0.002553044
0.0
0.0
0.0
0.0
0.0
0.0025426117
0.0025408645
0.002539115
0.0
0.0025356088
0.0025338521
0.005064186
0.0050606634
-0.0025285678
0.0
-0.0025250332
0.0
0.0050429786
0.0050394274
0.0050358716
0.0025161556
0.0
-0.0025125882
0.0
-0.0025090117
0.0
0.0025054256
-0.0050072586
-0.0025018305
0.0
0.0
0.0024964204
0.0
0.0
0.0
-0.0024891752
-0.0024873582
0.0
0.0
0.0
-0.0024800678
0.0
0.0
0.0
0.0
0.0
-0.0024690644
-0.002467223
-0.002465379
0.0
0.0
0.0
0.0
0.0
0.0
0.0
-0.0024505488
-0.0024486852
0.0
-0.0024449513
0.0
0.002441209
-0.0024393345
0.002437458
0.0024355792
0.0
0.0024318153
0.0024299303
-0.002428043
-0.0024261535
0.0
0.0024223684
0.0048409454
0.0
0.0
0.0
0.0
-0.0024109625
0.0
0.0
-0.0024052311
-0.0024033168
-0.0024014001
0.0
-0.0023975607
-0.002395638
0.0
0.0023917863
0.0
0.0023879264
0.0023859935
-0.0023840584
0.0023821215
0.0023801825
0.0023782414
0.0023762984
0.0
-0.0023724062
0.0
0.0
0.0023665533
0.0
0.0
0.0
0.0023587213
0.004713517
0.0
0.002352827
-0.0023508584
-0.0023488877
-0.002346915
0.0023449406
0.0
0.0
0.0
-0.0023370232
0.0
-0.0023330532
-0.0023310652
-0.0023290752
-0.0023270836
-0.00232509
0.0
0.0
0.0
0.0
-0.002315094
-0.002313089
0.0
0.002309074
-0.0023070637
0.0
0.0046060747
0.0
0.0
0.0022969844
0.004589926
0.0
0.00458183
0.0
0.0045737196
0.0022848293
-0.0022827971
0.0
0.0
-0.0022766902
0.0
0.00227261
0.0
0.0
0.0
0.0
0.0045247576
0.0
0.0
0.0
0.0022541627
0.0
-0.0022500444
0.0
0.0
0.0
0.0
0.0
-0.004475297
0.0
0.0
0.0
0.0
-0.0044545447
0.0
-0.004446221
0.004442054
0.002218942
0.0
-0.0044295336
0.0
0.0
0.004416984
0.0
-0.0044086017
0.0
-0.0044002063
0.0
0.0021958991
0.0
0.0
0.0
-0.0043749446
-0.0043707234
0.0
0.0
0.0
-0.0043538073
-0.0043495707
-0.0043453313
0.0
0.0
0.0
-0.004328342
0.0
0.0
0.0
0.0
0.0
0.0
-0.0042984956
-0.00429422
0.0
0.0
0.0042813756
0.002138544
0.0
0.0
0.0
0.0021299555
0.0021278046
0.0
0.0
-0.0042426875
0.0
0.0
0.0
-0.0042254194
0.0
-0.004216769
-0.0042124395
0.0
0.0
0.0020997173
0.0020975473
0.0
0.0
0.0
-0.0020888532
-0.0020866764
0.0
0.0
0.0
0.002077956
0.0020757725
0.0020735878
0.0
0.0
0.0
0.0
0.0
0.0
0.0
0.0
0.0
0.0
0.0
0.0020472726
0.0020450717
0.0
0.0020406658
0.0020384612
0.0020362553
0.0020340483
0.00406368
0.0020296304
0.0040548397
0.002025208
0.0
0.0020207807
0.0020185653
0.0020163488
0.0020141313
0.0020119124
0.0020096924
0.0
0.0
0.0020030257
0.0020008013
0.0
0.0019963488
0.0
0.0
0.0019896622
0.003974862
0.0019851988
0.0019829655
0.001980731
-0.0019784956
-0.0019762593
0.0
0.0
0.0
0.0
0.0
-0.0019628182
-0.003921149
-0.0019583295
0.0
-0.0019538368
0.0
0.00194934
-0.0019470901
-0.0019448393
-0.0019425874
0.0
0.0
-0.001935826
-0.0019335703
0.0
0.0
0.0
-0.0019245378
-0.0038445545
0.0
0.0
0.0019154903
0.0019132261
0.0
0.0
-0.0019064281
0.0
0.0
0.0
0.0
0.0018950802
0.001892808
-0.001890535
0.0
0.0
0.0
0.0018814342
0.0018791569
0.0
0.0
0.0
0.0
0.001867758
0.0018654758
0.0018631929
0.001860909
0.0
-0.001856339
0.0018540529
0.001851766
0.0018494782
0.0
0.0
-0.0018426107
0.0
0.0
0.0018357363
0.0018334434
0.0018311498
0.0018288554
0.0
-0.0018242645
0.0
0.0018196709
0.0018173731
0.0
-0.0018127753
0.0
0.0018081748
0.0018058736
0.0018035716
0.0018012691
0.0017989659
0.0
0.0
0.0017920524
0.0
-0.0017874404
0.0
0.0
0.0017805176
0.0017782088
0.0017758994
0.0
0.0
-0.0017689677
0.0
0.0017643437
0.0
-0.0017597175
0.0
0.0
0.0017527741
0.0
0.0
0.0
-0.0017435086
-0.001741191
0.0
0.0017365542
0.0
0.0
-0.0034591907
-0.0034545495
0.0
0.0
0.0017203101
0.0
-0.0034313295
0.0
0.0
-0.0017086933
0.0017063686
0.0
0.0
-0.0016993921
-0.0016970658
0.0
-0.0016924118
0.0016900843
0.0016877564
-0.0016854281
0.0016830994
0.0
-0.001678441
0.0
-0.0016737811
0.0016714507
0.0016691198
0.0
0.0
0.0016621253
0.0033195866
0.0
0.0016551281
0.001652795
0.0
0.0
0.0
0.0
0.0016411254
0.0
0.0016364555
0.0016341202
-0.0016317847
0.0
0.0016271129
0.0
0.0
0.0016201034
0.0
0.0
0.0016130919
0.0016107543
0.0016084164
0.0
0.0
0.0
0.0
0.0
0.0015943858
0.0
0.0015897077
0.0015873683
-0.0015850288
0.0
-0.0015803494
-0.0015780096
-0.0015756695
-0.0015733294
0.0
-0.0015686488
-0.0015663084
0.0
0.0
0.0
0.0
-0.0015546049
-0.003104528
-0.001549923
0.0
0.0015452408
0.0
0.0
-0.0015382172
-0.001535876
0.0
-0.0015311934
0.0
0.0
0.0
-0.0015218282
0.0
0.0
0.0
0.0
0.0
0.0
-0.0015054396
-0.0015030985
0.0
0.0
0.0
-0.0014937348
-0.0014913941
0.0
0.0
0.0014843723
0.0
0.0
0.0
0.0
0.0
-0.0014703316
0.001467992
0.0
0.0
0.0
-0.0014586346
0.0014562956
-0.0014539568
0.0014516183
0.0
-0.0014469415
-0.0014446034
0.0014422656
0.0014399278
0.0
0.0014352531
-0.001432916
-0.0014305791
0.0
-0.0014259062
0.0
0.0
0.0
0.0
0.0
0.0
0.0014095583
0.0
0.0
0.0014025561
0.0014002225
0.0013978893
0.0
0.0013932239
0.0013908916
0.0
0.001386228
0.0
0.0
0.0
0.0013769048
0.0
0.0
0.0
-0.0027351743
0.0
0.0
0.0
0.0013582754
0.0
0.0
0.0013512959
0.0
0.0013466448
0.0013443199
0.0013419954
0.0013396714
0.0
0.0
0.001332702
0.0013303797
0.0013280581
0.0026514735
0.0013234159
0.0
0.0013187756
0.0013164562
0.0
0.0
0.001309501
0.0
0.0013048667
0.0
0.0
0.0012979193
-0.0012956045
0.0
0.0
0.0012886636
0.001286351
0.001284039
-0.0012817276
0.0
0.0012771065
0.0
0.0012724877
0.0012701792
0.0
0.0
0.0
0.0
0.0
0.0
0.0
0.0
0.0
0.0
0.0
0.0
-0.0012402255
0.0
0.0
0.0
0.0
-0.0012287345
-0.0012264384
-0.001224143
-0.0024436966
0.0
0.0
0.0
0.0
0.0
0.0
-0.0024116111
-0.0012035168
0.0
0.0
0.0
0.0
0.0011920842
0.0
0.0011875165
0.0
-0.0023659042
0.0
0.0
0.0
0.0
-0.0023431105
-0.0023385568
-0.0023340047
0.0
0.0
0.0
0.0023158134
0.0011556349
0.0
0.0
0.0
0.0
0.0011442893
0.0
0.0011397572
0.0
-0.0022704578
0.0
0.0
0.0
0.0
0.0
0.0
0.0
0.0
0.0
0.0
-0.0022207797
0.0
0.0
0.0
0.0022027728
0.0010991379
0.0
0.0010946443
0.0
0.0
0.0021758226
0.0
0.0
0.0021623753
0.0
0.0
0.0
0.0010722374
0.0021400051
0.0021355373
0.0010655359
0.0
0.0
0.0
0.0021132317
0.0010543886
0.0
0.0
0.0
0.0
0.002086538
0.0020820969
0.0
0.0010366108
0.0
0.0
0.0
0.0
0.0
0.0
0.0
0.0
-0.001016699
0.0
0.0
0.0
0.0
0.0
0.0
0.0
0.0
0.0
0.0
-9.924946E-4
0.0
0.0
0.0
0.0
0.0
0.0
-9.771707E-4
-9.749866E-4
0.0
0.0
9.684423E-4
9.6626347E-4
0.0
9.619098E-4
0.0
9.575615E-4
9.553893E-4
9.532185E-4
0.0
-9.4888086E-4
-9.4671414E-4
0.0
9.423847E-4
0.0
-9.3806075E-4
-9.3590084E-4
-9.337423E-4
-9.315852E-4
-9.294295E-4
-9.272752E-4
-9.251223E-4
-9.229708E-4
-0.0027624622
0.0
0.0
-9.143791E-4
9.1223477E-4
-9.1009185E-4
0.0
0.0
-9.036719E-4
-9.0153486E-4
8.993992E-4
0.0
0.0
8.930013E-4
-8.908717E-4
0.0
0.0
0.0
8.82368E-4
0.0
-8.7812525E-4
8.7600615E-4
-8.738886E-4
0.0
8.696581E-4
-8.6754514E-4
0.0
-8.633239E-4
-8.6121564E-4
0.0
0.0
0.0
8.527982E-4
0.0
8.48599E-4
8.465018E-4
0.0
8.423121E-4
0.0
8.3812897E-4
8.360398E-4
0.0
-0.0016637326
-8.29782E-4
0.0
0.0
0.0
-8.214613E-4
-8.193853E-4
-0.0016346218
0.0
8.1316713E-4
0.0
8.090301E-4
0.0
-8.048998E-4
-8.028372E-4
-8.007763E-4
0.0
7.966597E-4
7.946039E-4
-7.9254986E-4
-7.904975E-4
0.0
0.0
0.001568702
7.8230567E-4
0.0
-7.782202E-4
-7.7618007E-4
0.0
0.0015442105
0.0023102113
0.0
0.0
-7.639768E-4
-7.6194917E-4
7.599233E-4
7.5789925E-4
-7.5587706E-4
0.0
-0.0015036761
-0.0014996425
0.0014956127
7.457932E-4
7.437819E-4
0.0014835449
0.0
-7.3775917E-4
7.357553E-4
0.0
0.0
7.297548E-4
-7.277584E-4
7.2576385E-4
7.237712E-4
0.0
7.1979157E-4
0.0
0.0
0.0
7.1185513E-4
7.098758E-4
0.0
-7.059229E-4
-7.0394936E-4
0.0
7.0000807E-4
0.0
0.0
6.941107E-4
0.0
-0.0013803778
-6.8823097E-4
-6.8627496E-4
-6.84321E-4
0.0
6.804189E-4
-6.784709E-4
0.0
6.745808E-4
0.0
0.0013413975
6.6876074E-4
6.6682475E-4
6.6489074E-4
0.0
0.0
0.0
6.5717514E-4
0.0
0.0
0.0
-6.494923E-4
-6.4757676E-4
-6.4566324E-4
0.0
-6.4184243E-4
0.0
0.0
-6.361269E-4
0.0
0.0
-6.304302E-4
0.0
-0.0012532859
-6.247525E-4
-6.228641E-4
-6.2097795E-4
0.0
6.172119E-4
0.0
-6.1345444E-4
6.1157893E-4
-6.097056E-4
0.0
0.0
0.0
0.0
-6.0037116E-4
-5.9851084E-4
0.0
-0.0011895933
-5.929429E-4
-5.910913E-4
0.0
0.0
0.0
-5.8370695E-4
0.0
0.0
5.78192E-4
5.763581E-4
0.0
0.0
-5.7086995E-4
-5.690451E-4
5.672224E-4
5.6540204E-4
0.0
5.617681E-4
0.0
0.0
5.563341E-4
0.0
0.0
0.0
0.0
0.0
-5.4552796E-4
-0.00108747
5.419443E-4
-5.40156E-4
-5.3836993E-4
0.0
-5.348049E-4
-5.330258E-4
0.0
-5.294748E-4
-5.277028E-4
-5.259331E-4
-5.241658E-4
0.0
-5.206383E-4
-5.188781E-4
-5.1712024E-4
-5.1536475E-4
0.0
0.0
-5.101126E-4
-5.0836673E-4
-0.0010132464
-5.04882E-4
-5.031433E-4
-5.0140696E-4
-9.993461E-4
-9.958831E-4
-4.962125E-4
-9.889717E-4
-9.855232E-4
-4.910398E-4
-4.893205E-4
0.0
0.0
-4.841771E-4
0.0
0.0
4.7905574E-4
4.7735355E-4
0.0
0.0
0.0
4.7056953E-4
0.0
4.671924E-4
0.0
0.0
4.6214546E-4
-4.6046812E-4
4.587933E-4
4.57121E-4
0.0
4.5378396E-4
-4.5211922E-4
0.0
4.4879733E-4
-4.471402E-4
4.4548558E-4
0.0
0.0
0.0
0.0
4.372508E-4
8.71223E-4
0.0
0.0
4.3070907E-4
4.2908007E-4
8.549073E-4
4.2582984E-4
0.0
4.2258998E-4
0.0
0.0
4.1774963E-4
4.161414E-4
4.1453578E-4
4.129328E-4
0.0
4.0973467E-4
4.0813952E-4
0.0
8.099143E-4
4.0336995E-4
0.0
8.0040685E-4
3.9862416E-4
3.9704752E-4
0.0015818942
7.878045E-4
0.0
-3.9076761E-4
0.0
0.0
3.8608574E-4
7.69061E-4
0.0
3.8142802E-4
0.0
-3.7833632E-4
0.0
0.0
3.737191E-4
3.721854E-4
3.7065445E-4
3.6912624E-4
3.6760073E-4
0.0
0.0
3.630406E-4
3.61526E-4
3.6001418E-4
0.0
0.0
3.5549514E-4
-3.539943E-4
-3.5249625E-4
0.0
-3.495084E-4
0.0
-3.465316E-4
0.0
6.8713183E-4
0.0
-3.4061138E-4
-3.391383E-4
0.0
3.3620052E-4
0.0
0.0
0.0
-3.3035857E-4
-3.2890512E-4
0.0
-3.2600667E-4
-3.2456167E-4
0.0
0.0
-3.2024368E-4
0.0
-3.1737922E-4
-3.1595124E-4
0.0
0.0
0.0
3.1026787E-4
0.0
0.0
0.0
-6.0926063E-4
0.0
0.0
0.0
0.0
-2.9764805E-4
0.0
0.0
0.0
2.921143E-4
2.907381E-4
2.8936483E-4
0.0
-2.86627E-4
0.0
0.0
2.8254214E-4
2.811864E-4
0.0
-2.7848364E-4
0.0
0.0
0.0
2.7311343E-4
0.0
0.0
0.0
0.0
0.0
0.0
0.0
0.0
2.6120333E-4
0.0
0.0
0.0
-5.1197445E-4
0.0
0.0
0.0
0.0
0.0
0.0
0.0
0.0
0.0
0.0
0.0
0.0
-4.7873252E-4
-4.7621765E-4
0.0
0.0
0.0
0.0
0.0
0.0
2.2939197E-4
4.5631776E-4
2.2692885E-4
0.0
-4.4895598E-4
-4.4651428E-4
0.0
0.0
2.1961302E-4
0.0
4.3439798E-4
0.0
-4.2959454E-4
-4.272021E-4
-4.248158E-4
0.0
-4.200618E-4
-4.1769413E-4
-4.1533262E-4
-2.0648866E-4
0.0
0.0
0.0
0.0
0.0
-1.9948809E-4
-1.9833224E-4
0.0
0.0
0.0
0.0
0.0
0.0
0.0
1.8919821E-4
0.0
0.0
1.858248E-4
0.0
0.0
0.0
0.0
-3.6053118E-4
-3.5832648E-4
-1.7806406E-4
-1.7696805E-4
0.0
-1.7478557E-4
0.0
0.0
0.0
0.0
0.0
-1.6831454E-4
0.0
-1.6618308E-4
0.0
1.6406442E-4
-1.630099E-4
0.0
0.0
0.0
0.0
0.0
0.0
0.0
-1.5468943E-4
-1.5366387E-4
0.0
-1.5162246E-4
0.0
0.0
0.0
0.0
0.0
-1.4557593E-4
0.0
0.0
0.0
0.0
-1.4062651E-4
-1.3964639E-4
0.0
0.0
0.0
0.0
-1.3479484E-4
-1.3383434E-4
0.0
-1.3192318E-4
0.0
0.0
-1.2908108E-4
-1.2814028E-4
0.0
0.0
-1.2533764E-4
0.0
0.0
-1.2256467E-4
-1.2164696E-4
-1.2073255E-4
-1.19821445E-4
-2.3782732E-4
-1.1800918E-4
0.0
-1.1621017E-4
0.0
0.0
-1.13536546E-4
-1.12651986E-4
0.0
-1.1089285E-4
0.0
-1.0914704E-4
-1.08279135E-4
-1.0741457E-4
0.0
-1.0569546E-4
0.0
0.0
-1.0314187E-4
0.0
0.0
-1.0061843E-4
-9.9783996E-5
-9.8952914E-5
-9.8125194E-5
-9.7300835E-5
-9.647984E-5
0.0
0.0
0.0
0.0
0.0
0.0
0.0
0.0
0.0
0.0
0.0
0.0
0.0
0.0
0.0
0.0
8.303934E-5
0.0
-8.152247E-5
0.0
0.0
-7.927268E-5
0.0
0.0
0.0
7.632064E-5
-7.559116E-5
-7.486509E-5
0.0
-7.342321E-5
0.0
7.1995004E-5
7.1286035E-5
0.0
6.987837E-5
0.0
0.0
-6.7792585E-5
-6.710419E-5
6.641923E-5
0.0
0.0
0.0
-6.371376E-5
-6.304598E-5
-6.238167E-5
-6.1720784E-5
-1.2212672E-4
6.0409377E-5
0.0
0.0
-5.846814E-5
-5.782797E-5
0.0
5.6557994E-5
5.5928198E-5
0.0
0.0
0.0
-5.3443626E-5
-5.2831147E-5
0.0
0.0
5.1014522E-5
-5.041592E-5
-9.964159E-5
0.0
-4.8640974E-5
0.0
4.747506E-5
0.0
0.0
-4.57523E-5
4.5185014E-5
4.4621214E-5
4.40609E-5
0.0
0.0
0.0
-4.185455E-5
-4.1311694E-5
0.0
0.0
0.0
3.9175233E-5
3.8649865E-5
-3.8128E-5
0.0
0.0
-3.658342E-5
3.6075573E-5
0.0
0.0
0.0
0.0
-3.3588964E-5
0.0
0.0
-3.2139153E-5
-3.1662912E-5
-3.119019E-5
0.0
0.0
0.0
0.0
0.0
-2.84278E-5
2.7979733E-5
2.7535194E-5
2.7094182E-5
2.66567E-5
0.0
0.0
2.5365433E-5
4.988415E-5
0.0
0.0
2.3693206E-5
-2.3283988E-5
0.0
0.0
0.0
2.1682503E-5
2.1290984E-5
2.0903006E-5
0.0
0.0
0.0
0.0
1.9016281E-5
0.0
1.8286419E-5
0.0
0.0
1.7218248E-5
0.0
1.6523893E-5
1.6182044E-5
0.0
-3.1018022E-5
-3.0355655E-5
0.0
-1.4526133E-5
1.4205622E-5
1.3888671E-5
0.0
-1.3265448E-5
-2.5918354E-5
-1.2656468E-5
1.2357323E-5
2.4123481E-5
1.1769722E-5
1.1481268E-5
-1.119638E-5
-1.0915057E-5
0.0
1.0363114E-5
0.0
9.825441E-6
0.0
-9.302046E-6
0.0
8.792934E-6
8.543734E-6
8.298108E-6
0.0
0.0
7.5826665E-6
0.0
0.0
0.0
0.0
-6.4617625E-6
-6.2483114E-6
-6.0384377E-6
-5.8321425E-6
-5.6294257E-6
0.0
-5.2347305E-6
-5.0427525E-6
-4.854355E-6
-4.6695386E-6
-4.4883036E-6
0.0
0.0
0.0
0.0
0.0
6.9522544E-6
3.3199735E-6
0.0
0.0
0.0
0.0
0.0
0.0
0.0
0.0
-2.075939E-6
0.0
-1.8389417E-6
0.0
0.0
1.5103569E-6
0.0
1.3092442E-6
1.2140717E-6
1.1224888E-6
1.0344957E-6
-9.5009244E-7
0.0
0.0
7.1842453E-7
6.483831E-7
1.1638651E-6
-5.19073E-7
9.196094E-7
4.041277E-7
0.0
3.0354812E-7
0.0
4.3467065E-7
-1.796167E-7
1.4549008E-7
-1.14955505E-7
0.0
6.466283E-8
-4.4904837E-8
0.0
-1.6165792E-8
7.1848034E-9
1.796202E-9
0.0
