0.09391889
0.117027074
0.13788375
0.2550955
0.19686456
0.22469133
0.1348622
0.8003371
1.2986673
0.63344073
1.26063
1.6772941
0.86271846
1.1921092
2.0027604
1.4141265
0.3277395
1.3041177
0.79429775
1.3682617
2.5741284
1.8441339
1.1042761
0.9218105
0.14827846
0.6841471
0.40877464
0.4163481
0.3920199
1.3133748
0.7616062
0.43913743
0.511992
0.4429914
1.1355772
0.39296824
0.41591224
0.8925801
1.0764424
0.7726718
0.2983522
0.10006059
0.23984148
0.31408846
0.501956
0.575364
0.43680984
0.29063064
0.34368542
0.33714783
0.85257405
0.30844006
0.16338347
0.07930554
0.3915859
0.82880545
0.4802985
0.15922998
0.41465265
0.7625946
0.5200779
0.23371278
0.15435681
0.06961075
0.049704384
0.06932633
0.36701304
0.47440267
0.39522526
0.08679986
0.27941617
0.4339625
0.43397567
0.11786467
0.07950598
0.14331773
0.038875878
0.17975135
0.25937808
0.19399393
0.120827086
0.20599853
0.06579749
0.29051873
0.25193447
0.159888
0.3207314
0.20335203
0.30135345
0.27448395
0.20725162
0.0427238
0.3157979
0.3000592
0.2896099
0.15122029
0.17083965
0.0702491
0.21928543
0.124998994
0.095401965
0.0674124
0.22596186
0.15389185
0.30360496
0.35611823
0.038605623
0.09551861
0.048623066
0.057383597
0.21748093
0.3282346
0.38270918
0.25707585
0.31543443
0.17018975
0.16321233
0.13947687
0.17453744
0.080575116
0.114947364
0.14096187
0.16636966
0.09258779
0.16815181
0.25550812
0.18829541
0.105543345
0.05727631
0.167418
0.23560731
0.0616199
0.052326936
0.109528445
0.09569095
0.13340671
0.08587407
0.08808723
0.050908137
0.16301408
0.1723226
0.14966254
0.22974338
0.13859747
0.15874548
0.030066056
0.19000073
0.23029466
0.2791256
0.22915609
0.04919398
0.057593297
0.08897644
0.027827319
0.11942867
0.14387791
0.2247414
0.25932044
0.1878935
0.15388644
0.14610359
0.11644866
0.03640253
0.11180065
0.035367515
0.13020375
0.031917203
0.10051631
0.13604896
0.1638158
0.15783751
0.15619478
0.06218406
0.027048828
0.094291255
0.036147002
0.14546812
0.15894887
0.17650151
0.13156348
0.030635605
0.013198167
0.10929245
0.08779549
0.047721054
0.046388917
0.14683606
0.16994438
0.15695457
0.19064212
0.10702459
0.0912631
0.110234156
0.07916156
0.043651488
0.15553766
0.122391194
0.068333596
0.15499888
0.10154218
0.08768454
0.015365991
0.1652046
0.24900626
0.118352875
0.17513888
0.30139145
0.20518768
0.08538963
0.09579214
0.041121546
0.123921454
0.22574165
0.17995976
0.12976089
0.09459616
0.046494976
0.07654291
0.060771603
0.1460686
0.12048633
0.0502091
0.05489668
0.18807766
0.18472873
0.15349619
0.07197909
0.14903875
0.18500334
0.049451143
0.010707023
0.1059077
0.07065664
0.06502085
0.14917776
0.14671196
0.11110237
0.14630462
0.072785474
0.077208266
0.23390096
0.281837
0.12548731
0.18276568
0.20826861
0.08553256
0.05755699
0.10030117
0.01567887
0.06122251
0.15465194
0.25746965
0.20435949
0.03507473
0.1767032
0.036677424
0.12030018
0.057524357
0.17133589
0.13089482
0.04125966
0.030247018
0.07900001
0.13048398
0.26275364
0.13753167
0.026822882
0.10442402
0.14125411
0.19031413
0.12075196
0.16554545
0.13745931
0.026212739
0.10682107
0.106452376
0.059051033
0.099365234
0.20142543
0.20883478
0.043934047
0.10287473
0.19878528
0.060938023
0.103715934
0.071860306
0.10220849
0.032534093
0.04824165
0.07415438
0.14417963
0.043202378
0.20678656
0.07981028
0.14042279
0.27376667
0.31783366
0.25316924
0.19598539
0.23613209
0.24904743
0.10300246
0.22132835
0.1551928
0.15327172
0.18783963
0.13813207
0.09041
0.07666684
0.066769965
0.108701386
0.17634857
0.19203833
0.23268643
0.15297428
0.17388341
0.11511203
0.14729644
0.19951074
0.2094126
0.22719885
0.19970116
0.13903594
0.1261151
0.14552832
0.1876871
0.18665762
0.059851907
0.16978404
0.10602365
0.072333515
0.07103275
0.12869361
0.14422582
0.052197665
0.19430666
0.17834727
0.13533403
0.07640966
0.22819819
0.23854871
0.1953781
0.2003532
0.116890855
0.124239594
0.11869873
0.19297646
0.08188996
0.16377263
0.11790685
0.15320739
0.16876477
0.080018334
0.051730264
0.24494977
0.39366093
0.38579172
0.25033394
0.33670864
0.30448726
0.29847643
0.37110442
0.3155013
0.27032912
0.2746754
0.38488638
0.34190345
0.21661358
0.19131637
0.11734965
0.26504892
0.35067326
0.22888917
0.11475765
0.069674656
0.067315176
0.14340892
0.1580549
0.120759465
0.11717385
0.206168
0.113960005
0.10500192
0.085430555
0.029988082
0.01715388
0.14837658
0.14431031
0.15431815
0.11357838
0.07590731
0.15535368
0.12800418
0.15997037
0.11592126
0.05107833
0.23451117
0.30545405
0.18009277
0.3586242
0.20865902
0.12267355
0.3309182
0.40884
0.21606006
0.29607487
0.3043447
0.20026724
0.2589144
0.2692416
0.16340792
0.23124264
0.45635322
0.374064
0.2121315
0.16130604
0.28884512
0.27946195
0.1674553
0.15741284
0.23152806
0.19505152
0.23947552
0.27945992
0.26676476
0.086796686
0.08943592
0.23944527
0.19045997
0.36712724
0.38349125
0.14942192
0.13588928
0.2365934
0.19927411
0.1511032
0.2739864
0.16886711
0.10344568
0.29429734
0.37873197
0.19960089
0.29575112
0.3038468
0.1582947
0.12192167
0.1947328
0.13921632
0.16212258
0.23672083
0.20158435
0.13657886
0.0271109
0.16414759
0.1513562
0.06590058
0.090691246
0.23525581
0.24968602
0.18879741
0.28084484
0.15590043
0.13525702
0.24308597
0.12862371
0.09666589
0.26223361
0.26500228
0.103322946
0.089312024
0.16829398
0.101749904
0.11805121
0.10893083
0.22733356
0.16658266
0.12558667
0.20071617
0.09906908
0.12585644
0.19957928
0.057929672
0.17484102
0.25958714
0.13533959
0.052379683
0.19199029
0.23502314
0.15155248
0.08621793
0.16894911
0.14752297
0.24026093
0.19742139
0.085334055
0.25212213
0.18395847
0.11514667
0.14201845
0.098544195
0.17729527
0.3069872
0.23363198
0.027236301
0.14607635
0.0071820444
0.22411065
0.2527481
0.08121758
0.16037697
0.27225038
0.2581755
0.13028589
0.032482166
0.008532885
0.024645828
0.1578003
0.15719785
0.105721764
0.21595937
0.40509763
0.27070355
0.09234587
0.0735399
0.21764895
0.05930235
0.23325166
0.16449517
0.04519893
0.1327867
0.2964397
0.20240256
0.0455693
0.028924828
0.17830098
0.24257228
0.07868325
0.036724955
0.031213425
0.14090334
0.21997637
0.08081378
0.1486568
0.21066228
0.22530337
0.11983406
0.12297965
0.25967064
0.13250469
0.27236912
0.38808224
0.20016629
0.06989077
0.1630572
0.21995907
0.2390105
0.011473548
0.12535386
0.15652584
0.2227048
0.31598902
0.06326333
0.24157302
0.15298754
0.16660759
0.31203482
0.2684163
0.29434568
0.1840238
0.41962543
0.42339036
0.3021308
0.1953211
0.10760648
0.10365614
0.19615255
0.37099078
0.14332318
0.3993313
0.18789579
0.12187168
0.32478538
0.42929822
0.22244608
0.15509863
0.2896883
0.24736685
0.55137384
0.2865955
0.3545469
0.5999832
0.3307589
0.030335717
0.25370833
0.56157213
0.46184245
0.20460148
0.7298333
0.5969616
0.3808258
0.30395627
0.46594438
0.28809747
0.27869633
0.46775454
0.38940048
0.12575999
0.30183288
0.3516409
0.25915498
0.56296194
0.50602776
0.15635678
0.40541565
0.7320664
0.5604522
0.18968977
0.13286407
0.18918252
0.15739271
0.19585082
0.2460415
0.25184906
0.022397269
0.3669497
0.42174757
0.14195985
0.34374762
0.5153822
0.46821466
0.2506111
0.15577123
0.33793026
0.3829337
0.18065105
0.21139902
0.23317643
0.54428214
0.42820504
0.12212238
0.397327
0.35523447
0.16017273
0.05902409
0.20394441
0.16021481
0.09199888
0.0868416
0.28346
0.44577926
0.2547518
0.3016761
0.24010418
0.22710879
0.16610308
0.1932024
0.26353273
0.21470828
0.2827265
0.07317159
0.07907608
0.20680526
0.15077123
0.29828364
0.3825091
0.050108805
0.06936267
0.15931182
0.21084976
0.111272745
0.16973838
0.17840447
0.11552553
0.27203706
0.10582983
0.00606466
0.109012306
0.090050414
0.124120474
0.040903635
0.12984824
0.20600311
0.10437363
0.041897755
0.17355834
0.24929698
0.23432064
0.14423004
0.12652786
0.053349536
0.24045302
0.21394134
0.06079274
0.087559074
0.057878897
0.061452914
0.19163692
0.2517143
0.06904729
0.17015442
0.0654665
0.06592995
0.12524793
0.060789537
0.034421902
0.07778871
0.14077778
0.14566883
0.06446144
0.08042318
0.19316308
0.12779808
0.08898416
0.09342958
0.07024808
0.15136829
0.14784825
0.082909495
0.16800171
0.20293199
0.17720346
0.14011396
0.07085093
0.10073217
0.10087836
0.08535409
0.15784024
0.19843887
0.07874591
0.20726448
0.33430767
0.22805151
0.1448776
0.17375985
0.1220684
0.06969087
0.050309494
0.085910745
0.1907874
0.20578358
0.08593647
0.044304237
0.054976434
0.029781519
0.06911863
0.20046018
0.15331496
0.029165624
0.07808994
0.10722615
0.12443019
0.21464583
0.18986154
0.14013673
0.16965798
0.07304586
0.012654893
0.0793543
0.117067516
0.0432236
0.15727164
0.14545481
0.07958682
0.060682673
0.0397069
0.025669193
0.044898294
0.01132322
0.083181106
0.025266835
0.063519575
0.08297548
0.103674196
0.127548
0.080331594
0.020323997
0.046655033
0.04261526
0.077600166
0.10576874
0.14902486
0.15192185
0.0634941
0.041970503
0.041616693
0.108655386
0.051473685
0.05447395
0.0988925
0.12620823
0.14445078
0.026030228
0.10878754
0.10745934
0.1310962
0.10942047
0.08596965
0.047239255
0.06440355
0.16131215
0.13832097
0.10513246
0.15848002
0.06271488
0.09157609
0.057852227
0.04398919
0.036666434
0.08632367
0.09280917
0.10688423
0.061831128
0.05464575
0.16165285
0.15438946
0.081743315
0.15445845
0.22454153
0.10377758
0.09284675
0.10793911
0.030161072
0.057500057
0.14649262
0.050016217
0.06908866
0.08762586
0.08594728
0.033062216
0.08640776
0.031009322
0.11273366
0.06495803
0.13739048
0.063180864
0.060885962
0.018828517
0.04017811
0.105277814
0.138116
0.09228499
0.081308
0.03184909
0.1017261
0.05954234
0.0695136
0.05653166
0.12317496
0.13275741
0.06177351
0.11516573
0.078919455
0.09773107
0.08812936
0.11583276
0.19173416
0.041597508
0.13448268
0.05634869
0.10192919
0.07940508
0.08172062
0.06375366
0.044521753
0.03054129
0.120946966
0.15533267
0.10538691
0.09102021
0.124652416
0.058372643
0.08741043
0.04269392
0.04412209
0.039144
0.07578855
0.051639758
0.08727673
0.10284059
0.16526717
0.13515174
0.116485745
0.12479927
0.09127653
0.09742002
0.07374359
0.054032728
0.09467889
0.072708525
0.005227359
0.023948308
0.07278309
0.06385783
0.10225832
0.1294193
0.08880802
0.0324159
0.042301696
0.081135325
0.07531326
0.07744476
0.17278786
0.09864256
0.025087936
0.038473796
0.057231158
0.06914552
0.18428226
0.11503254
0.08950659
0.11597185
0.025863562
0.03278283
0.085558906
0.13589229
0.059331253
0.086449556
0.13092914
0.10467413
0.0457171
0.07128711
0.07092105
0.01489698
0.059479207
0.010600941
0.05786852
0.05437719
0.0424225
0.056294873
0.05606513
0.06753999
0.08684888
0.13630807
0.05587625
0.041423332
0.05687889
0.08082405
0.025294563
0.07646419
0.011660071
0.05953601
0.029420283
0.07774812
0.085945316
0.07294214
0.111538954
0.025537435
0.045156974
0.04797907
0.04726991
0.05110474
0.035628434
0.023838315
0.08581578
0.10008503
0.05742206
0.021572573
0.03598895
0.028532233
0.06342938
0.10457704
0.041227676
0.02551039
0.019027535
0.03282094
0.031115735
0.046053432
0.02538155
0.039851435
0.018433154
0.054182567
0.015721057
0.11273514
0.06405928
0.06089888
0.06923578
0.089907095
0.10735236
0.123253174
0.089638025
0.028481822
0.11709316
0.1028809
0.040890083
0.107092045
0.09925723
0.048132367
0.11709664
0.11516626
0.14861405
0.042294227
0.07982485
0.08090591
0.030743066
0.026440192
0.043455202
0.058438282
0.046471626
0.04890339
0.08083324
0.13074386
0.103840634
0.06777183
0.0345999
0.048851304
0.04911425
0.03907181
0.04968716
0.042755187
0.10161266
0.07889021
0.026176644
0.063837186
0.045993384
0.08289478
0.14984852
0.0844672
0.018973121
0.031101393
0.078459546
0.13085215
0.07902312
0.037950944
0.07476596
0.033107452
0.043786243
0.041517586
0.057697807
0.11288607
0.1466489
0.18151754
0.1537648
0.1171463
0.056330048
0.089128554
0.07454863
0.07649818
0.16055414
0.11035387
0.027845467
0.11559071
0.14737612
0.12177595
0.011642942
0.06799218
0.03520475
0.047275297
0.118189536
0.11470184
0.045895454
0.063865766
0.100869894
0.047280118
0.025360744
0.060199175
0.08947546
0.10084554
0.03663995
0.1674684
0.10199915
0.12856854
0.12115449
0.087750755
0.042838037
0.027158001
0.027358422
0.025704175
0.035102095
0.028495433
0.06539441
0.096731596
0.07621118
0.009712754
0.037660472
0.0882346
0.10534303
0.082588084
0.06436869
0.056139827
0.037235636
0.064851075
0.09951131
0.11344664
0.06642875
0.03804581
0.036533978
0.09802864
0.102539815
0.16208273
0.10676742
0.05891949
0.08501124
0.070613086
0.075631596
0.1057701
0.08870026
0.026898606
0.09095934
0.08456641
0.07005572
0.0573015
0.061726894
0.025324496
0.13112092
0.08774284
0.064213865
0.13512228
0.047406778
0.072965816
0.087737836
0.040480018
0.06612535
0.029337855
0.11925916
0.12781768
0.07769733
0.11750544
0.17788081
0.1341272
0.1358764
0.050333716
0.10614608
0.042535234
0.046892554
0.100189954
0.14336205
0.10397556
0.02730349
0.102315985
0.03820282
0.10560495
0.12459885
0.052923154
0.032838043
0.016898638
0.051576708
0.09538
0.058900006
0.01918734
0.063941546
0.092734955
0.09056796
0.111226335
0.03359139
0.123402
0.09093233
0.037029162
0.060618557
0.08909779
0.06414409
0.052799046
0.052735765
0.053172335
0.07025837
0.16032948
0.10989908
0.05443568
0.056558773
0.11163977
0.09212047
0.0075951717
0.027026491
0.011307956
0.02670459
0.04520463
0.038358454
0.042331833
0.103188954
0.08304717
0.06727153
0.09730349
0.029584534
0.09705107
0.15839979
0.09560738
0.15952395
0.14918257
0.057389695
0.030748576
0.066260554
0.033143673
0.112653464
0.14690346
0.041354705
0.086688586
0.058364637
0.05737956
0.046189435
0.02198326
0.040784735
0.07708353
0.12013038
0.16947173
0.12561867
0.07084514
0.037516523
0.09050532
0.026550466
0.07000486
0.073714115
0.062682115
0.026972778
0.060321875
0.09488149
0.114241764
0.04906126
0.070649594
0.0799502
0.11782908
0.101072
0.040181104
0.13586923
0.23057574
0.12292761
0.022559369
0.038542077
0.04312994
0.08853583
0.088227935
0.042466532
0.026752163
0.100025594
0.09142272
0.039400227
0.075972594
0.094633386
0.103163585
0.10393584
0.034930527
0.0642284
0.07969581
0.04241057
0.008266752
0.040465344
0.12368264
0.09006735
0.09534756
0.050012372
0.07453466
0.03736486
0.06843434
0.020959396
0.06481421
0.019891106
0.047885593
0.083165504
0.06850218
0.11299789
0.099002026
0.13292195
0.14263092
0.07251305
0.14137514
0.08473583
0.027525935
0.0029664536
0.07899248
0.06642549
0.06403331
0.1269651
0.114266545
0.06454199
0.0322387
0.021220954
0.04902713
0.09842723
0.10204309
0.017211301
0.06426401
0.113874145
0.07450543
0.10288607
0.11742219
0.046620924
0.043007262
0.11637689
0.15957947
0.10369586
0.06424282
0.05417357
0.060968406
0.064078875
0.05750407
0.080799304
0.059294418
0.062000886
0.058627885
0.055954576
0.09461922
0.076971464
0.070503645
0.06081576
0.057788033
0.15479039
0.16829894
0.12703542
0.02598452
0.07006471
0.12701961
0.22844787
0.19071698
0.053943902
0.0777577
0.14053038
0.24712509
0.241849
0.152379
0.12541555
0.091929846
0.046246905
0.077792816
0.092487626
0.104575045
0.094333954
0.0426927
0.04877959
0.07547118
0.048354108
0.12656045
0.039006155
0.06037269
0.105198435
0.17103387
0.12999293
0.10589244
0.12894988
0.069132484
0.07214128
0.050741706
0.115336105
0.09454813
0.09068598
0.20387998
0.24696943
0.09032386
0.022495368
0.17979527
0.19806606
0.16589303
0.19679873
0.08068475
0.17029054
0.11809841
0.09951817
0.10041176
0.023723975
0.04882835
0.16898783
0.1572475
0.08178201
0.08440019
0.18060681
0.19339152
0.06557921
0.058226388
0.07457668
0.058559503
0.08113129
0.13816915
0.108953305
0.2408181
0.15164652
0.05274069
0.14442572
0.22753233
0.15964338
0.07286515
0.09256916
0.10280688
0.08670684
0.16335751
0.06643561
0.08697739
0.083667435
0.07610905
0.19672476
0.23039901
0.16856155
0.14250657
0.15781577
0.07258296
0.09799612
0.09026902
0.125858
0.15767567
0.09835642
0.06433344
0.13878171
0.036966596
0.16041857
0.13679875
0.0986813
0.06648118
0.07770301
0.19396417
0.20009533
0.20939276
0.12946545
0.10841227
0.18963039
0.22352827
0.124850154
0.26823342
0.15939896
0.10189475
0.31735003
0.27825314
0.28532386
0.2105025
0.2035513
0.32187912
0.2118661
0.11983719
0.18126206
0.25968555
0.13210784
0.15759379
0.18604557
0.026322553
0.06451054
0.1619931
0.22298528
0.13385136
0.11378037
0.11878817
0.1085596
0.020742567
0.15764503
0.12682033
0.17286992
0.066126116
0.07813315
0.19758137
0.33471796
0.1332141
0.15762189
0.3554712
0.1784516
0.32720232
0.28207278
0.20176703
0.21645212
0.13899975
0.046455678
0.1707183
0.13645206
0.1880733
0.06961045
0.22048947
0.17831352
0.17593569
0.108228534
0.19430608
0.27038512
0.21786739
0.28696877
0.110799976
0.35764036
0.4119155
0.36494148
0.24500576
0.3655741
0.44964284
0.14847071
0.22602616
0.1755614
0.1859012
0.15557607
0.023546236
0.12508132
0.15231033
0.10528693
0.13273875
0.06143301
0.0185616
0.17395684
0.29016212
0.15463544
0.043074254
0.14387715
0.19794497
0.31771222
0.30175912
0.2765871
0.2924261
0.24063496
0.3124739
0.27522093
0.14123608
0.064730264
0.22859178
0.25020984
0.16102056
0.16447747
0.05499041
0.17168301
0.11886609
0.05959202
0.055896778
0.059979673
0.09487473
0.18244377
0.12517801
0.16573901
0.16819611
0.09444259
0.12756397
0.050424974
0.007712007
0.066515364
0.07817926
0.051106036
0.11922011
0.061961476
0.085455045
0.14138958
0.16961533
0.1516372
0.02814482
0.16158184
0.17869528
0.28283593
0.14284979
0.1660139
0.027966168
0.15646394
0.16574037
0.15523802
0.19660988
0.12171076
0.0680468
0.09715602
0.093154564
0.046270356
0.09573284
0.13413003
0.16432673
0.044455998
0.09489512
0.0624088
0.04316388
0.12918295
0.104582354
0.1466269
0.10194726
0.047937587
0.03661871
0.09477177
0.14118865
0.028818307
0.18100868
0.15944585
0.0889002
0.030148089
0.042844392
0.02951789
0.10534614
0.09498119
0.056392193
0.1297842
0.12364403
0.19769426
0.11113658
0.11593184
0.1472546
0.2071561
0.10834625
0.06389027
0.14044721
0.039256085
0.07598035
0.10521914
0.102399305
0.121444926
0.10488097
0.054497603
0.12165168
0.08287732
0.080699675
0.044681437
0.028346635
0.12227769
0.12443218
0.17433986
0.16117837
0.032595355
0.15751234
0.1805546
0.047308136
0.08230415
0.04204834
0.014759962
0.0065134964
0.006642608
0.118820615
0.16456896
0.058668472
0.06178281
0.07618174
0.10642064
0.118673205
0.08740589
0.16505362
0.17276008
0.10484339
0.11656767
0.105149
0.10088847
0.07850267
0.056453213
0.12153892
0.22063914
0.23560956
0.12237999
0.07629244
0.08117556
0.12792432
0.04125094
0.20457388
0.18467616
0.06650766
0.07965905
0.11032259
0.19294016
0.09399163
0.018158386
0.048363212
0.015280772
0.0906014
0.14190999
0.10892409
0.08505601
0.043200783
0.080759466
0.08216137
0.041964058
0.09276085
0.011654694
0.057200722
0.05224326
0.05636162
0.1179279
0.067032166
0.022789516
0.019941458
0.024266785
0.04444694
0.043011416
0.122288436
0.06362947
0.08682852
0.04632869
0.051850494
0.09428752
0.089145645
0.022154344
0.085513115
0.099635385
0.010436913
0.06538375
0.0418497
0.07205869
0.08140213
0.028864736
0.036029994
0.0072217435
0.012012793
0.026205335
0.009220496
0.01141025
0.031550847
0.07320613
0.15500501
0.16069932
0.13423537
0.04952309
0.054054383
0.09986886
0.06766735
0.075184084
0.01478602
0.017578237
0.044440486
0.07462637
0.068357915
0.039839923
0.023963897
0.058711603
0.04142208
0.090656206
0.025798013
0.06599058
0.036662284
0.02030962
0.03130375
0.043607473
0.09120783
0.10876715
0.1250487
0.09602147
0.072125845
0.06524598
0.015541485
0.06013409
0.092373095
0.069239795
0.10858762
0.12469429
0.13468435
0.093164474
0.036434777
0.045313265
0.02344549
0.10086383
0.0747943
0.06527888
0.10292294
0.091852665
0.023460908
0.080175385
0.050380822
0.048235774
0.06874779
0.110263996
0.06232353
0.035757862
0.059325524
0.10615006
0.041320298
0.12017878
0.13808876
0.11132406
0.01141798
0.06822513
0.08209207
0.040646728
0.07255337
0.11157387
0.06395852
0.0711464
0.11821258
0.058315653
0.049072847
0.075813666
0.07864846
0.045117922
0.023387294
0.012113507
0.09630549
0.17615883
0.09939937
0.07447325
0.05363279
0.06554454
0.065041795
0.10023146
0.09304673
0.017893182
0.031456623
0.03991017
0.05699888
0.086060226
0.12725717
0.09289356
0.04959891
0.082748905
0.050873604
0.065055154
0.028845184
0.11531124
0.07803039
0.032749563
0.07911819
0.09420759
0.09802264
0.03808523
0.02494001
0.019636456
0.03416315
0.080240205
0.027389992
0.042749662
0.07506801
0.103126876
0.06772909
0.05872747
0.08147488
0.06549286
0.04040893
0.045825016
0.092085004
0.042037785
0.054005686
0.062173426
0.039773263
0.039530765
0.07551172
0.09523071
0.15498276
0.124242306
0.07466036
0.14489484
0.08034885
0.024288792
0.043857407
0.07910812
0.048882112
0.03977621
0.08048902
0.053174492
0.044940665
0.013789609
0.033850584
0.028575687
0.13323544
0.07961199
0.054666974
0.06975537
0.07208539
0.15147007
0.06765139
0.03451003
0.028404385
0.041282937
0.07554197
0.08466211
0.12046534
0.04834444
0.08857374
0.037852384
0.06583565
0.044508114
0.048846003
0.14373392
0.12316612
0.07925324
0.016802952
0.09251706
0.09051025
0.015018464
0.07634409
0.116704226
0.07416031
0.025416782
0.045603935
0.08028436
0.12360608
0.0684788
0.06935188
0.039321996
0.13067539
0.111603
0.059214182
0.08939518
0.07205948
0.06719353
0.07101581
0.063031755
0.044168957
0.040847603
0.028241716
0.07682011
0.08186789
0.08569856
0.11405339
0.038067877
0.08583013
0.066528924
0.11387739
0.087789334
0.022431292
0.021697152
0.058078077
0.07226402
0.062707685
0.01926241
0.031386998
0.07595347
0.046668198
0.048826575
0.052748743
0.014388333
0.022965746
0.05237337
0.09673319
0.064356685
0.029625677
0.03973455
0.050005876
0.0151374815
0.06160727
0.084215105
0.0414053
0.06578001
0.0191841
0.03809625
0.03995542
0.056284465
0.021780124
0.07488201
0.043415386
0.066096246
0.021542205
0.06744055
0.075217575
0.02455081
0.04869849
0.100343816
0.06986838
0.08580277
0.09129105
0.06689347
0.055757113
0.06174676
0.0565016
0.04184718
0.055879258
0.07245686
0.06260175
0.029422354
0.043840326
0.01740183
0.023315702
0.021792332
0.03897368
0.028419508
0.02461166
0.035286147
0.0632898
0.10712607
0.09352265
0.09828122
0.08059059
0.050194405
0.013207393
0.04805941
0.0616643
0.08457833
0.09396385
0.051233165
0.052796893
0.07885471
0.08805345
0.046460986
0.049001295
0.06352111
0.048781887
0.06327601
0.041484773
0.013934813
0.046669792
0.08011081
0.02530917
0.038082168
0.062289312
0.05377908
0.06834432
0.074098475
0.028845143
0.041052576
0.046185013
0.0209086
0.027312573
0.049981028
0.014079083
0.043535803
0.04407216
0.048087157
0.07953881
0.06397051
0.01759077
0.042565055
0.06423406
0.050298482
0.019704366
0.056018908
0.04455267
0.041011933
0.05566831
0.083906054
0.0628334
0.030825756
0.052193876
0.05987065
0.04627768
0.04627076
0.08554572
0.08385218
0.07812336
0.062039427
0.02206886
0.07154437
0.08998377
0.022515813
0.04483843
0.059380174
0.05503882
0.05300447
0.052415233
0.05302776
0.054251857
0.047043093
0.04066748
0.025851756
0.04054019
0.032730766
0.04439709
0.048561797
0.016697006
0.018788256
0.019533046
0.024239521
0.008442627
0.038836114
0.007916164
0.039248493
0.021156648
0.028467169
0.051965024
0.034910534
0.040384464
0.04168193
0.013683236
0.030067459
0.04507076
0.038304962
0.03567164
0.051400635
0.049270697
0.041896358
0.04803444
0.05905001
0.044779412
0.024091018
0.049845334
0.054999936
0.03147073
0.023865407
0.0048640445
0.017944466
0.0330498
0.03691947
0.04044651
0.04378837
0.04898607
0.033174485
0.06536063
0.10318478
0.09989945
0.003051847
-0.0030518398
-0.003051829
0.0030518146
0.0
-0.003051775
0.00305175
0.0
-0.003051689
-0.0030516528
-0.0030516135
-0.0030515704
0.0030515236
0.0
-0.0030514195
-0.003051362
-0.003051301
-0.0030512363
-0.003051168
0.003051096
0.0030510207
-0.0030509417
-0.003050859
-0.003050773
0.0
0.0
-0.0030504928
-0.0030503923
0.0
0.0
-0.003050069
0.0
0.0030498356
-0.0030497136
0.0030495878
0.0030494586
-0.0030493257
-0.0030491892
0.0030490493
0.0
0.0030487585
-0.0030486076
-0.0030484532
-0.0030482954
-0.0030481338
-0.0030479687
0.0030478002
0.0
-0.0030474518
-0.0030472726
-0.0030470896
0.0
-0.0030467126
0.0
0.0030463214
0.0030461205
0.003045916
0.0
-0.0030454963
-0.0060905623
-0.0030450623
-0.00304484
0.0030446139
0.0030443843
0.0030441512
-0.0030439147
-0.006087349
-0.0030434304
-0.0030431831
0.0030429321
0.0030426774
0.0030424194
-0.0030421577
-0.0030418923
-0.0030416236
-0.0030413512
0.0030410753
0.0
0.0
0.0
-0.0030399356
-0.0030396418
0.0
0.0
0.003038739
-0.003038431
-0.0030381195
-0.0030378043
0.0
-0.0030371633
0.0
0.0
-0.003036175
0.0
0.0030354983
0.003035155
0.0030348075
0.0
0.0
0.0
0.0
0.0
0.0
0.0
0.0030319025
0.0
0.0030311407
0.006061509
0.0030303646
0.0030299714
0.0030295746
0.0
-0.0030287702
0.0
0.0030279518
0.0030275374
0.0
0.006053395
0.0030262724
0.0
0.0030254116
0.0
0.0030245367
0.0
-0.0030236477
-0.0030231979
-0.0030227446
0.0030222875
0.0060436544
0.0
0.0030208959
-0.0030204249
-0.0030199504
0.0030194724
0.0
0.0
0.0030180172
0.0
-0.0030170297
0.0
0.0
0.0
0.0030150122
-0.003014499
-0.0030139827
0.0030134625
0.0
-0.0030124118
0.0
0.0
0.0
0.009030805
0.0
-0.0030091756
0.0
-0.003008069
0.0
0.0030069482
-0.0030063826
-0.0030058138
0.0
-0.0030046653
-0.0030040857
0.0
0.0
-0.0030023265
-0.003001733
-0.0030011362
0.0
0.002999932
0.0059986496
0.002998714
-0.0029981
-0.0029974822
-0.002996861
-0.0029962363
0.0
0.0
0.0
0.0
0.0
0.0
0.0
0.0
0.0
0.0
0.0029891375
0.0029884714
0.005975604
0.008961387
0.0
0.0
0.0029850898
-0.002984403
0.0
0.0059660384
0.0
0.0
0.0
-0.0029802108
0.0
0.0
0.0
0.0
0.0
0.005951791
0.0029751642
0.0029744296
0.0
0.0
0.0029722054
0.0029714573
0.005941411
0.0
0.005938384
0.0059368606
0.0
0.005933793
0.0
0.0
0.0
0.0
0.0
0.0
0.0
0.0
0.0
0.0
0.0
0.0
0.0059131924
0.0
-0.005909922
0.0
0.0
0.005904966
0.0
0.0
0.0
0.0
0.0
0.0
0.0
0.0
0.0
0.0
-0.0058862767
-0.0058845375
-0.0058827917
-0.005881039
-0.00293964
-0.0058775144
-0.0058757416
-0.005873963
-0.005872177
-0.0058703846
-0.0058685853
-0.008800169
-0.0058649676
-0.0058631487
-0.0058613233
-0.0029297455
-0.0029288263
-0.0029279036
-0.005853955
0.0
-0.0029251156
-0.00292418
-0.0058464813
-0.014611491
-0.008764057
-0.005840807
-0.008758354
-0.005836991
-0.0058350735
-0.0058331494
-0.0058312183
-0.0029146406
-0.005827337
-0.00873808
-0.0087351445
-0.0087322
-0.008729245
-0.008726279
-0.0058155367
-0.0058135474
-0.0029057756
-0.008714323
-0.0058075394
-0.002902762
0.0
-0.0029007369
-0.0028997194
0.0
0.0
-0.005793295
-0.0028956172
-0.0028945834
-0.00868064
-0.0028925065
-0.0028914632
-0.002890417
0.0
0.0028883142
-0.002887258
0.0
0.0
-0.0028840704
0.0028830015
0.0
-0.002880854
0.0028797756
0.0
0.002877609
0.008629563
0.0
0.0
0.0
0.0
0.0
0.002869926
0.0028688156
0.0028677022
0.0028665855
0.0057309316
0.0028643429
0.002863217
0.0028620877
0.0028609554
0.00285982
0.0028586814
0.0028575396
0.0
0.0
0.005708191
0.0028529412
0.0028517838
0.0028506233
-0.0028494596
-0.0028482927
0.002847123
0.00284595
0.002844774
0.0028435946
0.0
0.002841227
0.0028400384
0.0028388468
0.002837652
0.0028364544
0.0
0.0
0.0028328425
0.0
0.0028304192
0.0028292031
0.0028279838
0.0028267615
0.002825536
0.0028243074
0.002823076
0.0028218413
0.0028206035
0.0
0.0028181192
0.0
0.0
0.0028143697
0.0028131139
0.002811855
0.005621186
0.0
0.0028080598
0.0
0.0
0.0028042379
0.0
0.0
0.0
-0.0027990995
0.0027978073
0.0055930247
0.0
0.0027939132
0.0027926092
0.0
0.0027899921
0.0
0.0
0.0027860445
0.005569445
0.0027833977
0.0027820698
0.0027807392
0.0027794056
0.0027780689
0.0027767292
0.0
0.0
0.0027726928
0.0027713412
0.002769987
0.00276863
0.0
-0.0027659065
-0.0027645405
0.0
0.0027617998
0.0
0.0
-0.0027576669
-0.005512567
-0.005509794
0.0
0.0
0.0
0.0
-0.0027479222
-0.005493037
0.0
-0.0027437026
0.0027422903
0.0027408751
0.0
0.0027380362
0.0
0.0
0.0027337568
0.0027323244
0.005461779
0.005458903
0.0027280108
-0.0027265672
0.0
0.0027236715
0.0
0.008162294
0.0027193069
0.0027178463
0.0054327664
0.002714917
0.0027134481
0.0
-0.002710502
0.0
-0.0027075447
0.0
0.0
0.0
-0.0027015966
-0.0054002055
-0.008095818
-0.008091319
-0.0026956042
-0.0026940994
-0.0026925916
-0.0026910813
-0.005379136
-0.0107522085
-0.0107461335
-0.010740048
-0.0053669754
-0.005363922
-0.008041294
-0.008036697
-0.01338682
-0.013379131
-0.008022858
-0.0026727428
-0.0053423936
-0.008008945
-0.010672389
-0.010666173
-0.010659946
-0.007990282
-0.0026618652
-0.005320601
-0.0079762
-0.010628654
-0.010622363
-0.010616062
-0.005304875
-0.002650857
-0.007947821
-0.0052953754
-0.005292198
-0.010578032
-0.007928742
-0.007923953
-0.007919156
-0.002638117
-0.0052730255
-0.007904718
-0.0026332962
-0.002631684
0.0
0.0
-0.002626832
-0.005250419
-0.0052471687
-0.0052439133
-0.0026203264
-0.0026186935
-0.002617058
-0.0026154201
0.0026137796
0.0
-0.0052209813
0.0
0.0
0.0
0.0
0.002602224
0.0
0.0
0.0051944675
0.002595565
0.0
0.0
0.0
0.0
0.0
0.0025855012
0.0
0.005164253
0.0025804355
0.005157484
0.005154092
0.0
0.0025736466
0.0
0.0
0.005137058
0.0051336363
0.002565105
0.0
0.0025616712
0.0
0.0025582276
0.0025565021
0.0025547743
0.005106088
0.0051026223
0.002549576
0.0076435157
0.007638296
0.0050887126
0.0050852234
0.0025408645
0.002539115
0.005074726
0.0050712177
0.0050677042
0.007596279
0.0050606634
0.007585704
0.007580405
0.0050500664
0.0025232625
0.0025214893
0.0025197137
0.0050358716
0.005032311
0.002514373
0.0
0.0025108012
0.0050180233
0.0050144396
0.005010851
0.0050072586
0.010007322
0.0075000883
0.0049964525
0.0074892617
0.0049892254
0.0024928025
0.00249099
0.0
0.0049747163
0.007456617
0.012418588
0.014891362
0.014880406
0.0074347183
0.007429227
0.0049491525
0.004945482
0.004941808
0.0024690644
0.004934446
0.004930758
0.0073905988
0.012308423
0.012299171
0.004915963
-0.0024561265
0.0
0.0024524103
0.0049010976
0.0073460555
0.009787277
0.0024449513
0.0024430812
0.009764836
0.004878669
0.009749832
0.009742317
0.004867397
0.0048636305
0.0024299303
0.002428043
0.0024261535
0.002424262
0.0024223684
0.0048409454
0.007255724
0.009666699
0.0072443183
0.0024128687
0.0
-0.0024090542
0.0024071436
0.0072156936
0.009613267
0.0072042
0.0023994814
0.0023975607
0.0
0.0023937132
0.007175359
0.0047797146
0.0023879264
0.0023859935
-0.0071521755
0.0
0.004760365
0.009512966
0.011881492
0.0
-0.007117219
-0.009481829
-0.009474025
-0.0023665533
0.0047291964
0.0023626413
-0.0023606822
-0.0070761642
-0.0023567586
0.007064381
0.011764135
0.01410515
0.0070466627
-0.002346915
-0.0023449406
-0.002342964
0.0
0.0023390055
0.0
0.0023350392
0.0
0.0
0.009316301
0.004654167
0.00232509
0.0023230945
-0.0069632917
-0.009276392
-0.009268387
-0.002315094
0.002313089
0.006933247
0.004618148
0.0046141273
-0.0023050513
0.0
0.004602043
0.0
-0.004593969
-0.006884889
-0.00687882
-0.00458183
0.0
0.0
0.0
-0.0022827971
-0.009123053
-0.011393638
-0.0113834515
-0.0068239532
-0.00227261
-0.0022705672
-0.009074091
-0.0090659065
-0.0113221435
-0.009049515
-0.00904131
-0.011291372
-0.011281097
-0.011270814
-0.0112605225
-0.011250222
-0.011239913
-0.008983677
-0.0112192705
-0.011208937
-0.011198593
-0.008950594
-0.008942307
-0.011167515
-0.008925712
-0.008917404
-0.0066818176
0.0
-0.008892442
-0.011105135
-0.004437884
-0.002216855
-0.0044295336
-0.002212677
-0.008842341
-0.008833968
-0.0044127945
-0.008817203
-0.0044044056
-0.0088004125
-0.008792007
-0.0065876977
-0.0021937948
0.0
-0.0043791626
-0.0021874723
-0.0043707234
-0.004366499
-0.0021811358
-0.004358041
-0.0021769037
-0.0043495707
-0.0021726657
0.0021705441
0.004336843
0.0
0.0
0.0
-0.0043198294
0.0
-0.0043113045
0.0
0.002151384
0.0
0.00429422
0.006434912
0.00642849
0.0042813756
0.0
0.0
0.0
0.0021321047
0.0021299555
0.0021278046
0.0021256523
0.0042469976
0.0042426875
0.0063575623
0.0042340592
-0.0042297407
-0.0042254194
0.0
0.0
0.0
0.0
0.002101886
0.006299152
0.0020975473
0.008381503
0.0062796087
0.0
0.0
-0.004173353
-0.0041689966
0.0020823188
-0.002080138
0.0
0.0062273177
0.0020735878
0.0020714018
0.0020692146
0.0020670262
0.008259345
0.008250581
0.006181359
0.008233037
0.0020560645
-0.0020538683
0.0
0.0020494724
0.0
0.0
-0.0020428693
0.0020406658
0.0061153835
0.008145021
0.014238338
0.00812736
0.0020296304
-0.0060822596
-0.010126039
-0.002022995
-0.0020207807
0.008074261
0.010081745
0.008056525
-0.0020119124
-0.0040193847
-0.010037356
-0.008020996
0.0020030257
0.0020008013
0.0019985756
0.0
-0.0019941211
0.0
-0.0019896622
-0.009937155
-0.0039703976
-0.0099148275
-0.013865118
-0.0039569912
-0.0059287776
-0.0019740216
0.0019717831
0.0
-0.0039346055
-0.0058951825
-0.011776908
-0.009802871
-0.0058749886
-0.007824334
-0.0019538368
0.0
0.0
0.0
0.0
-0.0038851749
-0.0038806694
-0.0019380808
-0.005807478
-0.0038671405
-0.0038626273
-0.0019290559
0.0077071893
0.0
-0.0019222773
0.0
-0.0038355072
-0.0019154903
0.0038264522
-0.001910961
0.0
0.0
-0.007616641
-0.0038037833
-0.003799244
-0.0018973516
0.0037901604
0.001892808
-0.001890535
-0.0037765221
-0.0018859863
-0.0037674215
0.0
0.0037583138
-0.0037537576
-0.0056237993
-0.0074892803
-0.009350197
-0.001867758
-0.0018654758
0.0
0.003721818
-0.0037172488
-0.003712678
-0.0037081058
-0.003703532
0.0018494782
0.0
-0.0036898013
0.0018426107
-0.00552096
-0.0018380285
0.0018357363
-0.0036668868
0.0036622996
0.0
-0.005479681
0.0018242645
0.0
0.0
0.0018173731
0.0
-0.0018127753
0.0018104754
-0.0036163495
-0.0018058736
0.0036071432
0.0018012691
0.0071958634
0.001796662
-0.00717743
0.0035841048
0.0017897467
-0.0017874404
0.016066201
0.008914129
-0.0017805176
0.008891044
-0.0071035977
-0.0070943576
0.0070851156
-0.007075871
0.0035333121
0.010586062
0.0
0.008798587
0.0070296144
-0.001755089
0.0035055482
-0.0017504585
-0.0069925697
0.0034916515
0.0
0.001741191
0.010433237
0.0017365542
0.0034684702
0.0069276616
0.0034591907
0.0034545495
0.0034499073
-0.0017226321
0.0034406201
0.005153963
0.0034313295
0.0051400242
0.005133053
0.00512608
0.0068254746
0.003408087
-0.001701718
0.0016993921
0.0033941315
0.001694739
0.010154471
0.011830591
0.0033755128
0.0
-0.0033661989
0.0016807704
0.003356882
0.0
0.0050213435
-0.0016714507
0.0016691198
0.008333944
0.0033289145
0.008310627
-0.0033195866
-0.0066298433
0.0
-0.001652795
0.0033009234
0.011536896
0.0049373824
0.0032869198
-0.0016411254
-0.0065551624
0.0016364555
0.006536481
0.0016317847
0.003258898
0.0016271129
0.0
0.0032448804
0.0016201034
0.003235533
0.0032308586
-0.0016130919
0.0
-0.0016084164
-0.003212157
0.0016037404
0.001601402
0.0047971904
0.0015967247
-0.0047831577
0.0015920468
0.0015897077
0.0015873683
0.0063401153
-0.0047480674
-0.0063213976
-0.0015780096
-0.0047270088
0.003146659
0.0062839566
0.0015686488
0.0031326169
0.0
-0.0031232545
-0.003118573
-0.0015569457
0.0015546049
0.003104528
0.003099846
0.0030951637
0.0030904815
0.0
-0.0015405584
0.0
0.001535876
0.0015335347
-0.0030623868
-0.0045865565
0.0
-0.0015241695
0.0015218282
0.0060779476
0.0
0.0015148043
-0.0015124631
-0.0030202437
-0.0015077807
-0.004516319
0.0
0.0
-0.0014984165
0.0014960757
-0.0044812043
-0.0014913941
0.0029781067
-0.0029734257
0.005937489
0.0
-0.004439075
0.0029547028
-0.0044250344
-0.0014726714
0.0058813263
-0.002935984
-0.0014656524
0.002926626
-0.0073048687
-0.0014586346
0.0029125912
0.0
0.0014516183
0.0
-0.0043408247
-0.0014446034
-0.0014422656
-0.0028798557
0.0057503614
-0.0043057594
-0.001432916
0.0014305791
-0.0071412125
0.0
0.00284714
-0.0028424682
0.0
-0.0014165629
-0.0070711393
0.0014118929
-0.0014095583
-0.002814448
0.0028097797
-0.0014025561
-0.002800445
0.0
-0.002791113
-0.0055728955
0.0
-0.0027771192
0.0
0.0027677934
-0.0027631314
0.0
0.0
-0.0013745748
0.0013722453
-0.001369916
-0.0013675871
0.0027305172
-0.002725861
-0.0013606028
0.0
-0.0013559485
0.001353622
0.0
-0.0053958804
-0.0040399344
-0.0013443199
-0.0040259864
-0.0040190145
-0.0013373479
0.0
-0.001332702
-0.0039911396
0.0
-0.0039772103
-0.0052936636
0.005284382
0.0
-0.005265825
-0.0026282747
-0.005247276
-0.003928503
0.0
0.0
0.0026051009
-0.0039007037
-0.0064895963
0.0
-0.0012932903
-0.0012909767
0.0012886636
0.0
-0.001284039
0.0025634551
-0.0025588335
-0.0012771065
0.0012747968
0.0
0.0
-0.0012678714
-0.005062256
0.0
0.0025219026
0.0012586459
0.003769023
0.0
-0.0012517334
0.0
0.0037413847
0.0
0.004970103
0.0037206765
-0.001237926
0.0012356271
0.0
0.003693094
0.0036862036
0.0
0.002448286
0.0024436966
0.0024391084
0.0036517829
0.0036449053
0.006063383
0.0036311566
0.0024161905
0.0048232223
0.0036105504
0.004804915
0.005994707
0.0023933097
0.0035831074
0.0071525048
0.0047592
0.0035625496
0.0023704679
0.0011829521
0.0023613423
0.0047135637
0.004704446
0.004695332
0.004686221
0.0046771136
0.0058350116
0.0046589086
0.0046498114
0.005800897
0.004631627
0.0023112698
0.0046134563
0.002302188
0.0022976499
0.0045862263
0.004577157
0.004568091
0.0022795144
0.0022749852
0.0045409156
0.0045318645
0.0045228167
0.004513773
0.0011261832
0.0011239242
0.002243332
0.0
0.0022343053
0.0
-0.002225286
0.0022207797
0.0
-0.0044235443
0.0
-0.0011013864
0.0
0.0
-0.0021892886
-0.0021847978
0.0
0.0021758226
0.0
-0.0021668556
-0.0032435628
-0.0032368454
-0.0043068416
-0.0042978935
-0.0021444748
0.0
-0.0010677687
-0.0010655359
-0.0031899128
-0.007427516
-0.005294221
0.0
0.0
-0.0021043248
0.0
-0.0031431403
-0.005227453
-0.002086538
-0.0031231453
-0.002077658
0.0020732216
-0.0020687873
-0.0030965332
-0.0051498148
-0.005138747
0.0
0.0
0.0010211156
0.0
-0.0050834953
-0.0030434777
-0.0030368618
-0.0060604988
-0.0020157606
-0.0020113573
-0.0030104348
-0.002002558
-0.0029972433
-0.0019937688
0.0
-0.0019849893
-9.903017E-4
0.0
-0.0029577587
-0.0029511913
-0.00392617
-0.0029380678
0.0
-0.0029249596
-0.0038912154
-0.0038824896
-0.0038737692
-0.0028987904
0.0
-0.0028857295
-0.002879205
-9.575615E-4
-9.553893E-4
0.0
0.0
0.0
0.0
9.445487E-4
0.0
0.0
0.0
0.0
0.0
-0.0018631704
-9.294295E-4
-9.272752E-4
0.0
9.229708E-4
0.0018416415
9.1867207E-4
-0.0018330498
-9.143791E-4
0.0
0.0
-0.0027238512
-9.0581045E-4
-0.0027110158
-0.0036061394
-8.993992E-4
-0.0026917954
-8.951325E-4
-8.930013E-4
-8.908717E-4
0.0
0.0
-0.002653475
-8.82368E-4
-0.0035209835
-8.7812525E-4
8.7600615E-4
0.0
0.0
-0.0034786323
-0.0043377257
-0.003461735
-8.633239E-4
0.0017224313
0.0025773267
-0.0034280152
-0.0025647006
0.0
-8.506978E-4
0.0
0.0
-8.4440614E-4
-8.423121E-4
-8.402197E-4
-8.3812897E-4
0.0
-8.339522E-4
8.318663E-4
0.001659564
-0.0016553988
-8.2561834E-4
0.002470617
0.0016429226
0.0016387706
0.005721176
0.0016304763
8.1316713E-4
0.0016221956
8.090301E-4
0.0016139282
0.0016097996
0.0016056744
0.0016015526
-7.9871714E-4
-7.966597E-4
0.0015892078
0.0015850997
0.0023714926
0.001576894
0.0
-7.84351E-4
0.0
0.0015605241
0.0023346606
-7.7618007E-4
0.0
0.0015442105
0.0015401408
0.0030721498
0.0015320124
-7.639768E-4
7.6194917E-4
0.0022797699
0.0022736979
0.0022676312
7.538566E-4
7.5183803E-4
0.0
-0.002243419
-0.0014915864
-7.437819E-4
0.0
0.0022192947
7.3775917E-4
0.0
0.0014675065
0.0014635063
0.0021892644
0.0029110336
0.0014515277
7.237712E-4
0.0
7.1979157E-4
0.0035890231
0.0028632781
0.0028553456
0.0035592758
0.0021296274
0.0
0.0021177686
0.002111848
0.0014039555
0.0021000241
0.002094121
0.0020882236
0.0
6.921488E-4
0.0013803778
6.8823097E-4
0.0027450998
0.0034216049
0.0034118448
0.0020412568
6.784709E-4
6.765249E-4
0.0033729041
0.0047084712
0.0013413975
0.002675043
0.0020004741
-6.6489074E-4
0.0026518353
0.0033051444
0.001977303
0.0013143503
0.0019657542
0.0013066592
0.0013028198
0.0012989846
0.002590307
0.0012913265
0.0
0.0012836849
0.0
0.00191409
0.0019083807
-0.0025369036
0.0
6.304302E-4
-6.285355E-4
0.0037598575
6.247525E-4
-0.0018685925
0.0012419559
-0.0018572815
-0.0012344238
0.0018459962
0.0
-6.1157893E-4
-0.0012194111
-0.0018235031
-0.0012119306
0.0
-0.0012044675
-0.0012007423
-5.9851084E-4
-0.001789958
-0.0017843901
5.929429E-4
-5.910913E-4
-0.0023569677
-0.0023495788
-0.0017566492
-0.0023348278
-0.0017455992
-5.800281E-4
-0.002312768
-0.004610865
-0.004596212
-0.0034361826
-0.0022834798
-0.0017071352
-5.672224E-4
-0.0011308041
-0.0028179195
-0.0011235361
0.0022398178
0.0
-0.0011126682
-0.0011090547
-0.0027636143
5.5092067E-4
5.491208E-4
-0.0010946464
0.0010910559
-0.00108747
-0.003251666
-5.40156E-4
0.0
5.365863E-4
0.0016044147
-5.330258E-4
0.0010624983
5.294748E-4
0.0010554056
0.0057852645
0.0047174925
0.0
-0.0046857446
-0.006745415
-0.005171202
-5.1536475E-4
0.0020544466
0.0015355828
5.101126E-4
-5.0836673E-4
0.0
-5.04882E-4
0.0020125732
0.0035098488
0.0014990192
-0.0019917663
-0.0039697
-0.0024724293
-9.855232E-4
4.910398E-4
9.78641E-4
-4.8760357E-4
-0.0024294455
-4.841771E-4
0.0
9.6152077E-4
0.0014371673
-9.547071E-4
-4.7565385E-4
-0.0014218697
-0.0018890473
-4.7056953E-4
-0.0023443988
-0.0014015773
0.0
-9.2765054E-4
0.0013864363
4.6046812E-4
-0.0022939665
-0.0013713631
-9.1090245E-4
-4.5378396E-4
4.5211922E-4
4.50457E-4
-4.4879733E-4
-8.942804E-4
-0.0013364567
0.0
0.001326552
0.0
-8.7778526E-4
-8.745016E-4
-0.0021780576
-8.6794957E-4
0.0017293625
4.3070907E-4
-4.2908007E-4
-0.0021372684
-0.002980809
-4.242086E-4
0.0012677698
4.2097393E-4
0.0
-0.0016709985
-0.0037452728
-0.0020726789
0.0
-8.226648E-4
8.1946934E-4
4.0813952E-4
-0.0016261882
-4.0495716E-4
-0.0020168498
-4.0178536E-4
8.0040685E-4
-3.9862416E-4
-3.9704752E-4
-3.9547356E-4
-0.0019695112
-0.0011770008
0.0011723029
-3.8920433E-4
-3.876437E-4
-3.8608574E-4
-0.001538122
-7.6595583E-4
-0.001144284
-3.7988083E-4
3.7833632E-4
-0.0015071782
-0.0015010218
0.0
0.0014887416
0.0014826178
7.382525E-4
0.0
-3.6607796E-4
-7.291158E-4
3.630406E-4
0.001446104
0.0010800426
0.0
-7.1399746E-4
0.0
0.0014159773
0.0021149775
0.0014040037
0.0
-3.480186E-4
0.0
0.0010351421
0.0024049615
0.0010262618
0.0010218342
0.001017415
0.001013004
0.002017203
0.0010042074
3.3327393E-4
-3.3181484E-4
-3.3035857E-4
3.2890512E-4
9.823635E-4
0.00195604
0.0016228084
9.6935855E-4
6.4336037E-4
6.4048736E-4
9.564301E-4
0.0012695169
6.319025E-4
6.290522E-4
9.393116E-4
9.3505334E-4
3.1026787E-4
0.0012354167
6.148867E-4
0.0
0.0015231515
0.0015161404
9.054863E-4
0.0015021615
0.0
-2.9764805E-4
0.0
5.8975077E-4
0.0020544536
0.0017526858
0.0014536905
8.6809444E-4
0.0
-5.73254E-4
2.8526245E-4
8.517025E-4
8.476265E-4
0.0014059319
0.0016790013
8.3545095E-4
0.0
2.7579267E-4
2.7445157E-4
8.1934035E-4
2.7177826E-4
-5.4089207E-4
-0.0016147005
-0.0010711617
-7.994012E-4
-2.651467E-4
2.6382925E-4
-0.0010500592
-2.6120333E-4
-0.0015593689
-0.0023273039
-0.0018010074
-0.0015359233
-0.0012734534
-0.0012669854
-0.0017647457
-0.0027590084
-0.0024953438
-0.002730781
-0.0027167168
-0.001719891
-0.0017109832
-0.0019452533
-0.0019351214
-0.0016843869
-9.5746503E-4
-0.001428653
-0.0016579811
-0.0016492216
-0.0028122575
-0.003263533
-0.0027824074
-0.0016143967
-0.0013763518
-0.0013689533
-0.0022692885
-0.0027084227
-0.0026937358
-0.0022325714
-0.0011101968
-0.0017665973
-0.0024157434
-0.0019656403
-0.001954791
-0.0017279728
-0.0012887836
-0.0014952073
-0.0012744474
-0.0012673072
-0.0012601855
-0.0012530824
-0.0014536642
-8.2595466E-4
-2.0531412E-4
4.0828536E-4
2.0297436E-4
-2.0180915E-4
-2.0064706E-4
-9.974404E-4
-0.0019833224
-0.0015774362
-0.0011761796
0.0
0.0011624409
3.851999E-4
-7.658516E-4
-9.516449E-4
-0.0011351893
-5.642118E-4
0.0
3.716496E-4
7.388266E-4
7.3436653E-4
1.8247978E-4
7.254844E-4
0.0012618591
0.0016124691
0.0017806406
0.0017696805
0.0012311265
0.0010487135
6.947964E-4
0.0012083107
0.0017153571
0.0010227527
0.0011856955
0.0013465163
0.0013379777
0.0011632815
8.256107E-4
8.203221E-4
8.1504945E-4
0.001943503
0.0014481943
1.598656E-4
9.529435E-4
0.0011044983
0.0018810028
0.0026472097
0.0013922049
0.0013829749
0.001373774
6.0648983E-4
0.0018072792
0.0023935037
0.001485846
0.0017709417
8.7945344E-4
8.734556E-4
0.001590375
0.0011486912
0.0019963512
0.0015577086
1.4062651E-4
6.98232E-4
8.320173E-4
4.130879E-4
0.0013672565
0.0012218275
6.7397417E-4
0.0013383435
6.643856E-4
9.234623E-4
0.0013097253
3.9007547E-4
6.454054E-4
6.407014E-4
5.088111E-4
5.050742E-4
2.5067528E-4
1.2441001E-4
7.409142E-4
6.128234E-4
2.4329392E-4
6.0366275E-4
5.9910724E-4
2.3782732E-4
2.3601836E-4
3.5132404E-4
2.3242034E-4
1.1531563E-4
0.0
3.4060964E-4
5.6325994E-4
3.3531224E-4
5.5446423E-4
5.500914E-4
2.1829408E-4
3.248374E-4
3.222437E-4
3.1966003E-4
3.1708638E-4
-4.1936367E-4
-3.1196917E-4
1.0314187E-4
-2.0459475E-4
-2.0291246E-4
2.0123686E-4
9.9783996E-5
-7.916233E-4
-3.9250078E-4
-1.9460167E-4
0.0
2.8698661E-4
2.8454384E-4
0.0
9.322953E-5
0.0
-9.16246E-5
2.7248161E-4
-2.7009955E-4
-2.6772762E-4
8.845529E-5
-3.5068564E-4
-1.7378184E-4
0.0
-8.5340114E-5
0.0
-5.8662007E-4
-4.151967E-4
0.0
-1.6304494E-4
-8.076914E-5
1.6003841E-4
-3.1709071E-4
-6.2823645E-4
-1.5557968E-4
7.705353E-5
-7.632064E-5
7.559116E-5
-7.486509E-5
-2.2242732E-4
0.0
1.4541479E-4
-7.1995004E-5
0.0
-2.1174147E-4
-5.5902696E-4
-2.7671873E-4
-6.848442E-5
-2.7117034E-4
-2.6841677E-4
6.641923E-5
-1.314754E-4
0.0
0.0
-3.822825E-4
-3.7827593E-4
-2.4952667E-4
-3.0860392E-4
-1.2212672E-4
1.2081875E-4
-1.1951769E-4
5.9111764E-5
5.846814E-5
-2.8913983E-4
-5.7191253E-5
-1.1311599E-4
-2.7964098E-4
-2.2120743E-4
-5.4678985E-5
-5.4059572E-5
-3.7410538E-4
-3.1698687E-4
3.133328E-4
-5.1616593E-5
-3.0608714E-4
1.0083184E-4
-1.9928318E-4
-1.4768743E-4
4.8640974E-5
-2.4028138E-4
-4.747506E-5
4.6897323E-5
-2.779384E-4
-1.372569E-4
-9.037003E-5
-4.9083336E-4
-3.524872E-4
-4.350408E-5
-1.7180297E-4
0.0
1.2556365E-4
-3.7180525E-4
-2.44634E-4
-1.6094587E-4
-2.7792872E-4
0.0
-2.3189919E-4
-4.19408E-4
-2.6326746E-4
-3.3385298E-4
-7.316684E-5
0.0
-2.1342738E-4
-1.402816E-4
-2.7658461E-4
-3.7487192E-4
-2.015338E-4
-1.655109E-4
-1.9571344E-4
-1.9283491E-4
-1.8997747E-4
-1.2476076E-4
-1.5360494E-4
-1.2102122E-4
-1.1917258E-4
2.9334506E-5
0.0
-1.705668E-4
-1.3989866E-4
-2.2028155E-4
-2.98036E-4
-3.198804E-4
-2.0978197E-4
-1.03169295E-4
-1.0146173E-4
-1.7459452E-4
-7.356675E-5
-2.410596E-5
-1.8954565E-4
-6.9851965E-5
-4.5756617E-5
-2.022855E-4
-1.5454295E-4
-8.673001E-5
1.4903689E-4
1.8812704E-4
-1.6414856E-4
-2.2151448E-4
-1.5808268E-4
-1.1631921E-4
9.508141E-5
1.6784618E-4
5.4859258E-5
-3.5853624E-5
-1.0542452E-4
-8.609124E-5
5.060788E-5
3.3047785E-5
-3.236409E-5
6.3375E-5
-6.2036044E-5
-1.062448E-4
8.910121E-5
1.1620906E-4
7.102811E-5
0.0
-4.0725838E-5
1.3265448E-5
1.2959177E-5
1.2656468E-5
7.4143936E-5
8.4432184E-5
5.884861E-5
3.4443805E-5
1.119638E-5
2.1830114E-5
4.2549207E-5
8.290491E-5
2.0184985E-5
0.0
1.9123918E-5
0.0
6.331993E-5
7.91364E-5
2.5631203E-5
1.6596216E-5
2.4168161E-5
1.5635145E-5
5.3078664E-5
4.410801E-5
2.849431E-5
5.519517E-5
6.678791E-6
6.4617625E-6
4.373818E-5
2.4153751E-5
4.0824998E-5
3.940598E-5
1.6290864E-5
3.140838E-5
2.017101E-5
1.941742E-5
4.2025848E-5
3.1418127E-5
3.4485205E-5
2.0682899E-5
1.1898275E-5
1.5196746E-5
1.454346E-5
1.3904509E-5
1.6599868E-5
2.5339235E-5
1.2073682E-5
2.8730217E-6
1.0924834E-5
1.2964907E-5
7.3750216E-6
1.8618292E-5
6.5994573E-6
-2.075939E-6
7.822586E-6
1.8389417E-6
5.177475E-6
1.29303735E-5
1.5103569E-6
4.224018E-6
3.9277325E-6
0.0
7.857421E-6
-1.0344957E-6
0.0
5.215676E-6
-7.920567E-7
0.0
1.2967662E-6
-5.8193257E-7
1.038146E-6
9.196094E-7
0.0
3.5204212E-7
-1.5177407E-6
-2.5864583E-7
4.3467065E-7
-3.592334E-7
2.9098015E-7
1.14955505E-7
-8.801307E-8
-1.2932566E-7
-4.4904837E-8
5.7478292E-8
0.0
0.0
-1.796202E-9
-0.0
