0.77676725
0.57839465
0.1682537
0.7610105
0.5836493
1.7903444
1.3242201
4.4225926
5.7314787
3.5691948
4.2319283
3.5820673
3.7498925
3.31604
3.0518174
4.417671
2.3452613
1.7488455
0.7062453
1.7490801
1.0632418
4.507831
5.0697727
3.6355946
2.2601411
1.9487482
3.034011
6.4365473
7.8149424
5.545165
4.1603723
3.7298033
1.3010253
3.03741
2.6615818
1.5728782
1.3674737
1.0436836
0.29947004
0.55224246
0.6408518
0.8362199
0.24567968
0.7948863
0.19333114
0.87074286
1.3100133
1.5812949
1.4253672
0.93204147
0.47404844
0.27610087
0.73434967
1.360726
0.6857236
0.8604123
0.82543635
0.74252367
0.74458814
0.2646636
0.17016627
0.45827144
0.5342941
0.401971
0.8072345
0.88989925
0.985139
0.6981206
0.57820135
0.6139021
0.73751277
0.70926154
0.6304866
0.09143573
0.21140471
0.33078468
0.3748564
0.36462855
0.3572992
0.5651987
0.6261103
0.58961177
0.4847342
0.3297817
0.23268506
0.2201975
0.29712528
0.4520587
0.43153876
0.29868105
0.2705543
0.4781508
0.3597466
0.17235927
0.15924713
0.089356355
0.6551525
1.0706064
0.8898021
1.1024474
1.0781242
0.46771514
0.32889533
0.36207512
0.5018179
0.84312904
0.70213354
0.77074337
0.86620414
0.66655624
0.75556344
0.36579263
0.13809104
0.17368957
0.5274916
0.29170832
0.05349975
0.1474647
0.24431178
0.3015538
0.28709018
0.18104093
0.06560603
0.22312312
0.13703148
0.30159888
0.48080376
0.242234
0.46469262
0.21751048
0.26449206
0.7020457
0.2666366
0.2947783
0.25348625
0.4169524
0.24161771
0.1561203
0.12937629
0.06451134
0.15034299
0.1500263
0.17035867
0.4485821
0.3153196
0.11338836
0.2404129
0.4992555
0.3048118
0.3193126
0.3017025
0.21370625
0.4500957
1.0370876
1.0295361
0.63196516
0.8742681
0.37357962
0.40045786
0.2618409
0.59447
0.7325378
0.7894034
0.76036227
0.43995818
0.5952551
0.39657885
0.5473422
0.6084905
0.28192756
0.35287762
0.5069987
0.5168034
0.37041512
0.12317617
0.15044607
0.47118363
0.5066868
0.08827191
0.1666798
0.2853461
0.4871137
0.04397967
0.37241098
0.24013153
0.28897265
0.07782964
0.3437098
0.32345095
0.2550803
0.05945572
0.15117797
0.43030563
0.5452208
0.115776286
0.41119757
0.34826732
0.6598166
0.09278528
0.30566663
0.32146892
0.14761491
0.20917791
0.09757095
0.1855507
0.28522655
0.12358726
0.29781002
0.2021754
0.23580486
0.11375748
0.4167003
0.21500924
0.1640835
0.07964982
0.13932173
0.041329794
0.0995279
0.13288164
0.3409618
0.18725787
0.17099623
0.42425847
0.3069952
0.066736706
0.23161636
0.16099788
0.31819165
0.3747147
0.2949999
0.09907035
0.21257967
0.21434666
0.07097138
0.08987528
0.05876834
0.048384592
0.07246587
0.114147045
0.13670623
0.38631168
0.21681875
0.21791957
0.3170886
0.15982413
0.25514418
0.34431437
0.47386202
0.58651245
0.42408144
0.21055211
0.1453103
0.26736096
0.15388955
0.19573662
0.10287953
0.1602979
0.3650335
0.3027006
0.048694953
0.21516277
0.023461884
0.21629173
0.22287387
0.17477639
0.10999686
0.021870594
0.15260199
0.30284163
0.36993068
0.22286993
0.13961928
0.32370523
0.37767228
0.2764847
0.3387864
0.4133401
0.21924654
0.4569021
0.48663443
0.118330695
0.19607922
0.1105481
0.026671747
0.23955147
0.27996317
0.074702464
0.07468568
0.17303735
0.23999329
0.16129018
0.26310945
0.13989791
0.30684102
0.25380054
0.150079
0.34472632
0.24693376
0.054607403
0.17321575
0.1268639
0.057005864
0.1278677
0.27060363
0.18163887
0.33319902
0.4136112
0.21290709
0.1990927
0.44452298
0.34051463
0.5634582
0.2746976
0.19857131
0.42194602
0.24843813
0.040953137
0.06749237
0.102940045
0.15398489
0.3215445
0.17655016
0.34957016
0.32701835
0.17226581
0.37758002
0.24771635
0.2675486
0.46474245
0.33144552
0.3600462
0.41886848
0.15964928
0.5952908
0.41448525
0.33395922
0.34865427
0.22512037
0.014246114
0.24855298
0.15043284
0.28623194
0.23034136
0.1190631
0.13470395
0.25809145
0.27732602
0.19659409
0.34780428
0.14626807
0.09726478
0.2377378
0.467216
0.20353714
0.24356434
0.37998256
0.2143482
0.24285975
0.4674078
0.18986829
0.27935383
0.11243429
0.25424144
0.26954976
0.19015622
0.18176123
0.051156573
0.14281067
0.2073485
0.20461681
0.36352363
0.30428424
0.13548473
0.24575968
0.4520599
0.30453458
0.21604955
0.09899721
0.33637086
0.28703767
0.3673027
0.4519965
0.30851167
0.31111094
0.1532988
0.21154985
0.6689827
0.6186802
0.31709477
0.5543979
0.27378228
0.5459735
0.47261167
0.12864712
0.37029833
0.2398957
0.29365006
0.43973878
0.2433457
0.22331427
0.28595906
0.10718963
0.21094185
0.37473595
0.15413849
0.23087147
0.22828466
0.33027074
0.47336534
0.254425
0.023372058
0.2665954
0.23875892
0.19124137
0.12568466
0.304321
0.38005513
0.25943366
0.32733592
0.5247324
0.23104954
0.42442974
0.47226864
0.24358477
0.09591164
0.36987036
0.29427394
0.22055395
0.12430985
0.30311766
0.07945939
0.13968648
0.12887283
0.27946967
0.30569175
0.3038414
0.22658713
0.48976773
0.24330541
0.31138578
0.4006349
0.31034726
0.40902612
0.32708707
0.19954617
0.10213229
0.29664308
0.41942197
0.3132375
0.22416583
0.34320763
0.501747
0.28323233
0.7383646
0.55412465
0.42524618
0.41438177
0.51625454
0.47976705
6.6998706E-4
0.26085144
0.06810907
0.3172752
0.20302118
0.6533045
0.5208543
0.106503345
0.28200874
0.15719424
0.15645078
0.09384014
0.1480565
0.257543
0.19383739
0.18737124
0.04671743
0.19197677
0.20385346
0.3392611
0.053675383
0.45328137
0.53449494
0.2858551
0.19276924
0.27027503
0.29685768
0.35197118
0.033058062
0.26850316
0.4770064
0.44108024
0.10137017
0.17975505
0.03951106
0.08632262
0.20539789
0.4095381
0.45401382
0.17535745
0.32026303
0.3391519
0.061651926
0.3523623
0.56782514
0.468769
0.47713122
0.55716926
0.20483024
0.40252712
0.46185988
0.6166528
0.6007112
0.22557104
0.19460434
0.3105637
0.43360823
0.26256403
0.43215632
0.32780302
0.27759153
0.7495935
0.7977566
0.20913544
0.42223126
0.63555354
0.3784959
0.12469329
0.045693472
0.32040814
0.37355953
0.34795076
0.32433364
0.3338728
0.40913996
0.3876575
0.3422893
0.21923709
0.20695274
0.13849738
0.116515845
0.28242162
0.38154003
0.5357143
0.06528873
0.5040493
0.52299964
1.3478017
0.94808394
1.2487335
1.1311303
0.6710947
0.3127519
0.4007642
0.40667653
0.06014859
0.52287894
0.56160843
0.23143862
0.14174132
0.06126888
0.3073534
0.6678288
0.67057574
0.4353874
0.495487
0.82393503
0.6532519
0.30253547
0.51208156
0.6371705
0.6501448
0.47480738
0.2808916
0.22748782
0.057091936
0.036934003
0.28615877
0.67708117
0.8407241
0.17444696
0.66479677
0.13037817
0.9624925
0.9052532
0.7597867
1.4028912
1.3109374
0.040520474
0.80774516
0.29520595
0.75897175
0.27829763
0.50339854
0.56525016
0.6266409
1.0698692
1.5523732
0.29809064
0.56885767
0.81078434
2.0819967
0.70153123
1.8388884
1.8270513
0.36289957
0.37220946
0.2941916
0.64216655
0.98979056
0.75391394
1.157624
1.5911852
1.2610948
1.0757737
0.72799957
0.2310629
1.4568973
3.8594713
4.5163116
4.201453
1.2339184
2.7247744
2.7227018
0.8942398
2.7597897
1.4662201
1.3168428
2.3548863
1.4941111
0.8545044
1.0914636
1.0111096
1.2606685
2.3435147
2.015071
1.9373599
0.9344166
1.8002039
1.5054256
0.29022813
0.07147202
0.2357272
0.90269744
2.046795
2.127026
1.2979767
0.20461677
0.97040904
1.8332865
1.8510079
0.15302604
1.5081123
1.2035623
0.8376556
1.0721227
0.07715336
0.8667706
0.60766727
0.040174726
0.3709603
0.5894397
0.0905492
0.8091182
0.542616
0.61233556
0.58832175
0.42007175
0.56619465
0.6960457
0.62785393
0.3519
1.0705895
0.55375236
0.094802074
0.33002365
0.115343384
0.30157563
0.27817488
0.38955152
0.6088616
0.44341677
0.158155
0.3405624
0.5786453
0.35539755
0.36891052
0.34989506
0.31763023
0.34524432
0.36385924
0.3314492
0.082818344
0.3942167
0.5682197
0.3715038
0.1696283
0.3300275
0.42837834
0.32079908
0.0654387
0.5103031
0.52983654
0.16170733
0.07300346
0.25437936
0.14892243
0.4897703
0.32473764
0.17529853
0.123072475
0.40607446
0.46547884
0.13346638
0.079732135
0.04624035
0.18744113
0.42301628
0.42232466
0.2799815
0.10485602
0.095158845
0.19749287
0.36215904
0.38049218
0.06300062
0.22070381
0.07025888
0.38660392
0.52862024
0.3854822
0.1683095
0.19433965
0.15522215
0.25733665
0.44223157
0.5090061
0.3943211
0.095457055
0.11763028
0.20599006
0.17339335
0.2557612
0.28999734
0.33318543
0.37531462
0.18454055
0.21345119
0.25813666
0.33642992
0.32940662
0.10865742
0.16407494
0.30370188
0.18467134
0.13416788
0.2970592
0.3268195
0.29392782
0.1720384
0.123848125
0.22054279
0.381255
0.28467575
0.10683374
0.28235042
0.4488586
0.28323537
0.09463358
0.2423336
0.39467528
0.40125337
0.39469343
0.32318786
0.046570394
0.40372428
0.27160838
0.1318604
0.17330407
0.02588824
0.26316845
0.28824577
0.04760561
0.2750823
0.22577709
0.23963125
0.1749749
0.06730162
0.13179803
0.21060386
0.19218466
0.1908091
0.22402903
0.13654253
0.07314636
0.19952038
0.083608516
0.22394668
0.22142656
0.13339116
0.2068716
0.22220857
0.26242444
0.2528712
0.095186286
0.12001799
0.110244274
0.25759128
0.18785007
0.1172716
0.078734085
0.2139558
0.30566704
0.3112796
0.16028266
0.019934261
0.092071585
0.008488062
0.07037852
0.16723837
0.048008967
0.08093152
0.11951574
0.11927389
0.055023164
0.099407576
0.19810681
0.12750499
0.14072108
0.19614027
0.16569747
0.05117416
0.114892565
0.09155301
0.1198673
0.10960357
0.10926012
0.044401698
0.12174468
0.08587942
0.037568152
0.045306295
0.16600478
0.21456409
0.12249383
0.13734071
0.18674181
0.17527778
0.16832817
0.120362036
0.11375538
0.3107234
0.24939714
0.18088968
0.2393027
0.22821411
0.24075936
0.25568613
0.06484939
0.3883843
0.27965635
0.07874943
0.1586077
0.16295753
0.35705006
0.44884467
0.19129333
0.035302702
0.06431416
0.069059364
0.14456269
0.2157356
0.13008638
0.11282507
0.15109903
0.13269547
0.113036916
0.23452137
0.13980812
0.07281885
0.17306624
0.07158576
0.16555458
0.1201026
0.13911605
0.12225087
0.097940706
0.21085267
0.25045654
0.2697137
0.24398147
0.06285951
0.07940411
0.08170912
0.16987847
0.110330135
0.10055972
0.20283619
0.16427432
0.11188489
0.07636205
0.21106365
0.17284174
0.13176852
0.13227156
0.020740507
0.15695296
0.04997714
0.13773876
0.10611627
0.07650413
0.10980394
0.10699095
0.057627685
0.028616179
0.12404874
0.10817958
0.063755155
0.06827148
0.15074207
0.17640881
0.17494924
0.09995451
0.028681802
0.039771046
0.03343207
0.047708146
0.09647887
0.0949163
0.047043458
0.09853252
0.0705466
0.051900715
0.11032767
0.12669647
0.18645482
0.12150042
0.05498947
0.059351094
0.06129398
0.12614061
0.1457493
0.031725124
0.038477287
0.18712895
0.18202898
0.12758605
0.029312987
0.050081555
0.049987216
0.033068344
0.04879224
0.065346114
0.009163012
0.06344645
0.07919854
0.13125865
0.16265136
0.1722353
0.09243174
0.019871848
0.03815751
0.032901116
0.09349806
0.11175196
0.1468741
0.1075918
0.043189872
0.16108923
0.087474965
0.09532779
0.036644105
0.12868974
0.049066197
0.031387087
0.053905867
0.05317535
0.1295903
0.09856688
0.023748579
0.11422457
0.12124661
0.04930908
0.101038836
0.15968764
0.13697185
0.09769591
0.13064367
0.15016702
0.05663424
0.17099933
0.15510334
0.09502632
0.06691227
0.17057507
0.2251569
0.08773096
0.12620535
0.08001063
0.16421583
0.16360168
0.026830446
0.14576359
0.15231787
0.08036774
0.13623425
0.13779283
0.09246046
0.10347683
0.04545556
0.091028154
0.092761025
0.04838305
0.07990042
0.013773282
0.17044389
0.18293083
0.0614749
0.022161916
0.19333106
0.23601668
0.06972735
0.030049695
0.13958102
0.1152849
0.044748418
0.05898752
0.13463487
0.13547952
0.07565266
0.14640008
0.11432851
0.1756708
0.07297331
0.26721227
0.20867525
0.19054787
0.017281942
0.11336902
0.06569506
0.09021952
0.102935776
0.02729119
0.060257304
0.076567404
0.12722689
0.17569417
0.14930262
0.10545716
0.15984157
0.1485601
0.11144963
0.11465632
0.07158354
0.04563188
0.10521002
0.07515202
0.10065951
0.0224444
0.13028899
0.1466595
0.22898939
0.16983588
0.0718174
0.048012994
0.07570095
0.08198174
0.10366497
0.12609023
0.13716005
0.04342092
0.114784755
0.10071109
0.059332244
0.13016902
0.1340714
0.19602937
0.19520852
0.11663487
0.10248675
0.078120746
0.13326338
0.15939395
0.16420183
0.014158932
0.08666137
0.114469975
0.10560778
0.3040976
0.19754733
0.1950336
0.12382098
0.13857995
0.12798475
0.07997847
0.19102459
0.1354749
0.07743606
0.1577381
0.12440732
0.054751344
0.034532584
0.15211384
0.21273181
0.11608004
0.117064744
0.11130228
0.10000253
0.22518675
0.2514686
0.22817802
0.1503447
0.057925433
0.04824526
0.0683547
0.027736781
0.10663126
0.089211375
0.05232454
0.08501735
0.14575198
0.15094438
0.038214255
0.13983688
0.13807373
0.046076417
0.13017206
0.13815618
0.16349848
0.08900623
0.07553914
0.20984353
0.23966779
0.16634873
0.10478368
0.049478654
0.041664362
0.13898733
0.104265615
0.096369706
0.071654685
0.022977825
0.117131956
0.14252132
0.105400264
0.01974705
0.22840424
0.09996642
0.084625
0.21229558
0.22674969
0.36038038
0.2744045
0.115321435
0.017045902
0.16941734
0.17761031
0.043965854
0.1199268
0.030086212
0.086997524
0.12270105
0.05184549
0.08275467
0.20124914
0.1311302
0.08788265
0.19512603
0.15840548
0.01465549
0.03190851
0.06711997
0.061820704
0.119997516
0.085768
0.12227938
0.23680058
0.28057897
0.21445225
0.09673862
0.14059338
0.11533171
0.08385445
0.072968245
0.12399871
0.11948045
0.13277537
0.2217966
0.1806592
0.12460333
0.06454677
0.08318042
0.044742677
0.07098299
0.015823167
0.0134475725
0.12867261
0.12877537
0.06856426
0.2324389
0.29209623
0.19393371
0.11868247
0.19653182
0.2111024
0.109430216
0.076609515
0.22995873
0.23622216
0.06036295
0.14557557
0.09323674
0.016526539
0.09195305
0.081585355
0.061169967
0.10659685
0.09684542
0.056867816
0.25629437
0.45466602
0.22510302
0.17110701
0.05172438
0.3807605
0.5315937
0.36473253
0.037228238
0.26879954
0.25135553
0.24743102
0.3207305
0.12546948
0.2696925
0.3472337
0.3127431
0.07430264
0.15052341
0.15060258
0.15329632
0.09247767
0.21081266
0.20233507
0.09563484
0.034724377
0.0487107
0.16264778
0.32411662
0.2842229
0.16353954
0.1588499
0.2282563
0.11053472
0.14896186
0.03533234
0.17837745
0.1963729
0.17074823
0.18990588
0.14915502
0.3103989
0.36272717
0.061767932
0.27797893
0.022465479
0.26601467
0.24259031
0.15069032
0.15459394
0.44339484
0.4667445
0.35182786
0.23818377
0.017632836
0.27158993
0.3770162
0.42002508
0.26105925
0.19157524
0.19440423
0.060934585
0.10487887
0.16104953
0.07251077
0.17024119
0.13795577
0.29619116
0.06051652
0.16164413
0.25765
0.23949663
0.23511133
0.18496934
0.36506227
0.1480304
0.033977743
0.30788574
0.27450392
0.0776618
0.39654377
0.34543678
0.15053801
0.09524095
0.037695903
0.025980663
0.058991283
0.10339726
0.10072878
0.11507031
0.06922318
0.1423807
0.07408797
0.16165234
0.1758913
0.2318684
0.45092052
0.40260544
0.1264755
0.1913881
0.25607502
0.07238382
0.059310522
0.320663
0.42625475
0.1502555
0.295623
0.48503587
0.34968668
0.08373044
0.10041473
0.13798353
0.18421286
0.33054486
0.16813703
0.18677136
0.26145542
0.2384791
0.065675445
0.14263788
0.21931618
0.14710811
0.17158261
0.2638403
0.32690194
0.27815634
0.33238056
0.3387206
0.15558027
0.38604087
0.22010812
0.10931705
0.34022558
0.5184375
0.29167008
0.21554002
0.22932816
0.0715988
0.18434368
0.24844085
0.22835118
0.26246256
0.114506215
0.22536561
0.21534976
0.03487969
0.22558653
0.61165476
0.6997733
0.08523056
0.46240076
0.0888192
0.5102532
0.33584043
0.13482076
0.2830834
0.32663992
0.6548104
0.13109955
0.49458182
0.29158214
0.15360022
0.16356471
0.58318484
0.45899513
0.3749358
0.15040526
0.21668199
0.17723
0.25544694
0.300149
0.469585
0.16192515
0.57181424
0.44889355
0.06536004
0.43954247
0.33159235
0.4630269
0.98764056
1.1190717
0.6532724
0.1227237
0.5781922
0.87695783
0.69378597
0.1907692
0.6984835
0.4322306
0.2693234
0.2947785
0.4930907
1.0178539
0.48275393
0.5080604
0.9504623
0.79451793
0.3243631
0.073690064
0.3570322
0.438957
0.2728849
0.27542216
0.32009244
0.142331
0.22251853
0.41517293
0.5705947
0.40203267
0.16798903
0.22128431
0.08895664
0.29935342
0.29065377
0.0459618
0.1344418
0.3291234
0.29340258
0.48283717
0.5080234
0.55107087
0.19220608
0.65934426
0.67241514
0.2032445
0.4542199
0.46980387
0.5955019
0.5694407
0.23062144
0.032330908
0.18162443
0.13286962
0.50594485
0.42662802
0.19356336
0.34234503
0.28667626
0.24533574
0.47655252
0.08968228
0.9493861
1.2378622
0.59858817
0.71631604
0.97123414
0.44182202
0.46607384
0.7517554
0.46144333
0.4883464
0.44530833
0.51115984
0.33889243
0.3518299
0.5386548
0.8054611
0.8994752
0.6985615
0.62020266
0.78890544
0.4858877
0.5135986
0.4354849
0.6028841
0.49290538
0.5757645
0.60243607
0.58476204
0.38834843
0.07113048
0.26796585
0.39819175
0.5470665
0.38884103
0.20547685
0.25101975
0.24636702
0.102818444
0.12096056
0.49385262
0.6938034
0.07658091
0.74736893
0.44028348
0.24164335
0.25588715
0.3693033
0.14364724
0.41672283
0.3811304
0.17531337
0.32051495
0.40321392
0.045284785
0.20172249
0.27229324
0.48008245
0.33091444
0.22737433
0.42044595
0.3755623
0.09160838
0.24625176
0.29848823
0.16106062
0.15792045
0.2873677
0.2337478
0.083402544
0.29014763
0.24165642
0.033581857
0.24619983
0.089416556
0.2579324
0.2603828
0.38476896
0.20718026
0.40811488
0.025144003
0.4202762
0.38162228
0.21835494
0.13876003
0.15176308
0.22538751
0.18650214
0.15051293
0.42044547
0.6448959
0.3692299
0.24354647
0.3515485
0.12502782
0.23624171
0.05304403
0.045961678
0.086726986
0.08058004
0.046243433
0.21837977
0.111093044
0.13601372
0.096617125
0.21117918
0.19422369
0.24023117
0.09058086
0.082034
0.1677785
0.35069826
0.11726628
0.13876973
0.088528775
0.2841869
0.18844447
0.06027892
0.09156157
0.11271272
0.0724568
0.09309905
0.10090646
0.09023804
0.15000583
0.16619813
0.10714696
0.36083975
0.3214508
0.19548002
0.20813021
0.0945151
0.1776349
0.17519197
0.080663584
0.12018759
0.26038626
0.11692256
0.13540922
0.18214661
0.22166134
0.13724948
0.06974411
0.06764429
0.22698063
0.21570972
0.15143563
0.17253298
0.115228854
0.27877367
0.22107412
0.17366739
0.27155155
0.2874358
0.17329027
0.08586513
0.06493472
0.17655212
0.14442246
0.16486534
0.14944857
0.019316351
0.055989336
0.054608166
0.08023412
0.1449145
0.12534577
0.20322381
0.31544328
0.27958524
0.13690986
0.06536355
0.110599205
0.11955866
0.10838315
0.09136247
0.07268992
0.06841574
0.19204418
0.119326666
0.07582681
0.030243158
0.11448717
0.2917962
0.12495356
0.17424206
0.13755752
0.07723276
0.080339
0.041972164
0.06837994
0.05337422
0.100455545
0.13054463
0.102117926
0.1334735
0.1526671
0.17516658
0.12301208
0.10959146
0.074637085
0.09024904
0.07615002
0.10559321
0.097222
0.1608693
0.25099933
0.113808624
0.1415176
0.14801045
0.12364109
0.051557664
0.14753182
0.13835527
0.08982679
0.08151799
0.17265205
0.26712748
0.2043244
0.110382915
0.18806463
0.20329845
0.09407219
0.06877207
0.15053113
0.12901871
0.09991184
0.0480886
0.17154802
0.14115396
0.13730414
0.17568581
0.11398058
0.14873855
0.1347152
0.116310894
0.15224387
0.09649622
0.07267441
0.06486793
0.096791655
0.016039634
0.124067195
0.11707306
0.12859428
0.10090088
0.07530378
0.14490612
0.15369593
0.027597692
0.079656355
0.07287284
0.04703829
0.051919535
0.117009036
0.0678272
0.09660572
0.117047146
0.037269183
0.054511342
0.15095122
0.17747252
0.14989491
0.10606031
0.123287834
0.04981742
0.10452932
0.16343975
0.15940097
0.06441067
0.1317622
0.1636597
0.075623855
0.047953095
0.017664388
0.051410493
0.04414357
0.04413144
0.01861098
0.040677477
0.1252327
0.18618315
0.13582383
0.10373787
0.13411346
0.08889148
0.07882496
0.1226331
0.027508428
0.07890895
0.03455754
0.0607675
0.091273256
0.048825525
0.113573804
0.19370803
0.09357377
0.05482018
0.061263036
0.054020587
0.04718877
0.04716067
0.027441943
0.038402475
0.09934535
0.17952174
0.09867485
0.027206479
0.035455078
0.02612834
0.049361665
0.107598454
0.056023583
0.09537317
0.098759465
0.09878885
0.12083008
0.047738686
0.039915945
0.010997467
0.060736176
0.06472871
0.14677264
0.14862736
0.07757262
0.084265225
0.06403686
0.11600302
0.10849138
0.04559729
0.19221961
0.13887669
0.012616406
0.033578195
0.013120811
0.08665874
0.13772097
0.14444597
0.12805134
0.07735432
0.12384791
0.09994473
0.07601653
0.08895674
0.037342235
0.05833382
0.13409382
0.13755679
0.07385647
0.10920079
0.030195978
0.14127827
0.11221056
0.045697786
0.12050105
0.10941958
0.11203653
0.10698555
0.107978866
0.103000656
0.10804778
0.09176095
0.04041068
0.14522786
0.114187285
0.025408717
0.032801073
0.058360882
0.09638561
0.08596453
0.024893522
0.09890018
0.15538867
0.11915353
0.096779324
0.053095635
0.032419577
0.12051855
0.07761034
0.040853642
0.11345202
0.05455143
0.12984058
0.073396355
0.07833991
0.08713742
0.079099394
0.08682818
0.07629696
0.057843763
0.11394457
0.10149271
0.04381873
0.15539269
0.09917537
0.09552813
0.119178995
0.12960921
0.07777106
0.0015807814
0.12193113
0.11202914
0.05776375
0.11003538
0.063207015
0.109021716
0.08427771
0.10263241
0.10425521
0.05645197
0.05356615
0.046707824
0.06715376
0.103529505
0.02180175
0.100422114
0.108800195
0.030603442
0.036032632
0.026595311
0.012073035
0.13177787
0.1556544
0.04457994
0.12313427
0.05561735
0.11001602
0.047252566
0.120568804
0.12100974
0.0418508
0.030642563
0.040727973
0.05926613
0.04222071
0.11376336
0.11339751
0.08043107
0.040201187
0.041216202
0.07650942
0.07444196
0.06332169
0.041774835
0.053597555
0.12612005
0.13855618
0.10966834
0.076596886
0.031987943
0.0634276
0.04068968
0.04150507
0.01463562
0.028578341
0.036554955
0.05368666
0.096710086
0.07779676
0.022062575
0.094723575
0.1593188
0.113123894
0.027049059
0.08656724
0.07661211
0.03800604
0.055186372
0.047810614
0.070107274
0.07002092
0.031999778
0.023007138
0.035481337
0.024665283
0.09631005
0.13271224
0.10105795
0.06795429
0.055417825
0.040568154
0.029345442
0.02620124
0.025950331
0.06288822
0.061601337
0.05094363
0.065139286
0.07538391
0.036954507
0.014123447
0.03606514
0.06324106
0.06814095
0.018802797
0.036936276
0.04389565
0.036522757
0.020543776
0.019028803
0.051271006
0.016375462
0.012654003
0.014977467
0.0016865737
0.017877273
0.051396646
0.050009143
0.03330659
0.02602512
0.042055063
0.08737093
0.042949926
5.5731024E-4
0.051878653
0.049904693
0.053614385
0.050827198
0.033143938
0.026070818
0.0153926145
0.02823661
0.04621331
0.004038355
0.025147328
0.036787655
0.02028246
0.03447286
0.06859798
0.06755806
0.058984097
0.028949134
0.021598203
0.059739612
0.04653823
0.008245266
0.021440735
0.034030534
0.03819424
0.045596905
0.034576323
0.052989665
0.06910547
0.030709252
0.061075483
0.019863326
0.025843123
0.06288016
0.08484567
0.011041033
0.030130431
0.04210285
0.04684651
0.023654323
0.093969434
0.09007234
0.029700333
0.0527286
0.06011237
0.045846894
0.056684535
0.055933993
0.033468623
0.0429151
0.018906016
0.04467526
0.069433674
0.048923437
0.020027565
0.042125966
0.08617296
0.08494624
0.05351556
0.025503006
0.02728326
0.032371435
0.042020477
0.020467628
0.062237643
0.09323048
0.09417992
0.017329395
0.10227601
0.09232264
0.036574893
0.048654545
0.057324164
0.05820781
0.047392342
0.05013565
0.06144996
0.018311081
0.027466558
0.03357012
0.030518146
0.021362577
0.021362426
0.01525875
0.018310327
0.0274652
0.024413222
0.024412908
0.018309422
0.018309142
0.012205893
0.012205678
0.024410896
0.021359107
0.012204945
0.018307008
0.009153289
0.0091530625
0.021356592
0.015254295
0.015253864
0.012202732
0.0
0.0061009857
0.018302353
0.01830173
0.027451623
0.021350482
-0.003049954
0.0
0.0030497136
0.0030495878
0.02134621
0.02134528
0.0060983784
0.0030490493
0.0060978113
0.0030487585
0.01219443
0.0152422665
0.0030482954
0.0030481338
-0.0030479687
-0.0060956003
0.0
0.0060949037
-0.0030472726
-0.006094179
-0.015234514
-0.018280275
-0.012186076
-0.012185286
-0.009138362
-0.009137749
-0.01522854
-0.015227482
-0.015226406
-0.021315437
-0.0152242
-0.0121784555
-0.024355074
-0.02130906
-0.024351317
-0.02739307
-0.015217152
-0.018259099
-0.027386388
-0.027384097
-0.033466615
-0.033463735
-0.030418925
-0.027374612
-0.02433081
-0.027369676
-0.033448752
-0.033445638
-0.03040226
-0.030399356
-0.036475703
-0.030393446
-0.03342948
-0.03646487
-0.033422742
-0.030381193
-0.030378042
-0.03341234
-0.030371632
-0.030368375
-0.036438096
-0.039470274
-0.030358385
-0.03339048
-0.030351548
-0.02427846
-0.027310112
-0.027306924
-0.036404938
-0.0364006
-0.033363204
-0.0303265
-0.030322779
-0.02425522
-0.024252186
-0.027280265
-0.02121528
-0.018182188
-0.024239771
-0.021207022
-0.018175045
-0.027258933
-0.018170176
-0.015139759
-0.021192761
-0.0060542384
-0.015133488
-0.021183908
-0.012103375
-0.015127058
-0.01512488
-0.012098147
-0.006048188
-0.0030236477
-0.009069594
-0.012090978
-0.009066863
-0.0030218272
0.0
0.0030208959
-0.0060408497
-0.009059851
-0.0060389447
-0.009056972
0.0030185059
0.012072069
0.0060350504
0.0030170297
0.0030165305
0.003016028
0.012062088
0.0150750615
0.012057996
0.0060279653
0.0
0.0
0.012049647
0.02409505
0.024090776
0.012043238
0.0030102683
0.0
0.012036703
0.024068993
0.024064552
0.024060082
0.015034742
0.009019149
0.012023255
0.009015723
0.024037322
0.03304494
0.024028022
0.021020414
0.012009306
0.009005199
0.02400909
0.033005893
0.03299925
0.020995272
0.008996142
0.0029981
0.011989929
0.02996861
0.029962363
0.026960475
0.01796986
0.0029943418
0.0059874067
0.011972246
0.023939328
0.03290944
0.020937806
0.0029904593
0.0029898002
0.0
0.011953886
0.017926812
0.017922774
0.011945811
-0.005971546
-0.008955269
-0.005968806
0.0029837128
0.008949058
0.008946967
0.0
-0.008942754
-0.011920843
-0.0059590004
0.008936359
0.0029780685
-0.0059546954
-0.0059532467
-0.008927686
-0.0059503284
0.0029744296
0.008921075
0.0029729502
0.0
-0.011885829
-0.008912116
-0.0029699504
0.0
0.0
-0.00593533
-0.008900689
-0.014830622
-0.014826745
-0.0029645702
0.002963788
-0.005926005
-0.005924427
-0.017768526
-0.023685005
-0.011839306
-0.008877072
-0.005916436
0.0
-0.011826385
-0.017734682
-0.011819844
-0.014770692
-0.008859937
-0.002952483
-0.011806601
-0.017704884
-0.0147498725
-0.020643922
-0.014741428
-0.002947436
-0.00883975
-0.011782908
-0.011779469
-0.014720023
-0.0029431384
-0.0029422687
-0.0029413959
0.005881039
-0.01175856
-0.020571299
-0.008813613
-0.008810944
0.0
0.008805577
-0.0029342927
-0.00293339
-0.008797452
-0.011726297
0.0
-0.0029297455
-0.0029288263
-0.0029279036
-0.01170791
-0.008778145
-0.011700463
-0.01169672
-0.0058464813
-0.0029222982
-0.0029213524
-0.005840807
-0.005838902
-0.008755486
-0.0058350735
0.0058331494
0.0
-0.0029146406
0.0029136685
0.0
0.0
0.0058214664
0.0029097481
-0.00290876
-0.0029077684
-0.0029067737
0.0
0.011619098
0.011615079
0.0
0.005803502
0.0029007369
0.0
0.017392192
0.020283723
0.017379886
0.017373703
0.0028945834
0.0028935466
0.014462533
0.014457316
0.0173425
0.023114936
0.0057766284
0.005774516
0.014430993
0.008655408
0.017304422
0.025947014
0.011527718
0.005761708
0.011519102
0.014393469
0.02589848
0.03164173
0.017252577
0.008623006
0.008619713
0.008616411
0.020097231
0.031569187
0.02581934
0.014338511
0.011466342
0.008596398
0.0200504
0.022905735
0.02575879
0.034331463
0.01715892
0.0114347255
0.011430158
0.014281973
0.031407714
0.03139505
0.02567647
0.014258918
0.00855187
0.0028494596
0.014241464
0.01992986
0.02561355
0.017068643
0.011374379
0.014212062
0.011364908
0.01704023
0.025549622
0.011350608
0.008509363
0.0028352535
-0.0028340495
0.0028328425
0.01132653
0.011321677
0.0028292031
0.0
0.0
0.0
0.0
0.002823076
0.0028218413
0.0
-0.002819363
-0.0028181192
0.0028168724
0.0028156226
0.0028143697
0.0
-0.008435564
-0.008431778
-0.0056186556
-0.00842418
0.0
0.0
-0.0028042379
-0.0028029578
-0.008405024
-0.016802331
-0.0139954975
-0.0055956147
-0.011186049
-0.013976072
-0.011175653
-0.022340873
-0.022330418
-0.013949961
-0.0139433965
-0.013936817
-0.005572089
-0.01113889
-0.019483784
-0.00834621
-0.013903696
-0.016676433
-0.013890344
-0.022213833
-0.022203093
-0.02219233
-0.016636156
-0.02217073
-0.019389909
-0.024917668
-0.027672697
-0.01659544
-0.013822703
-0.008289515
-0.0082853995
-0.011041701
-0.016554285
-0.022061335
-0.022050267
-0.02754897
-0.011014031
0.0
0.0
-0.005498646
-0.016487533
-0.019225629
-0.008235335
0.005487405
0.016453741
0.013704375
-0.0054789144
-0.019166254
-0.027366126
-0.016411116
0.00820127
0.010929298
0.005461779
-0.0027294515
-0.016368065
-0.021812538
-0.0054502413
0.0027236715
0.008166659
0.0027207646
-0.013596535
-0.016307078
-0.0054327664
0.010859668
0.021707585
0.0135598825
0.002710502
-0.0027090246
-0.013537724
-0.0054121236
0.008113729
0.013515439
0.00810479
0.0
-0.008095818
-0.005394213
0.008086813
0.010776398
0.018848142
0.013455406
-0.008068704
-0.0053761043
0.0
0.016110072
0.032201853
0.021455688
0.010721725
-0.002678899
-0.005354728
0.018730784
0.024068573
0.013363713
0.00801359
0.0
-0.0053361943
0.0026665432
0.005329973
0.007990282
0.010647461
0.005320601
0.005317467
0.00797149
0.010622363
0.005308031
0.0026524374
0.007952571
0.0
0.010590751
0.010584396
0.005289016
0.018500399
0.018489225
0.010558874
0.02638117
0.02900164
0.01844434
0.02896626
0.021053473
0.015780415
0.01314226
0.007880496
0.026252095
0.020988675
0.0
0.018342284
0.005237387
-0.005234116
0.03138504
0.007841338
-0.0026121365
0.023494417
0.0
0.0052143834
0.031266462
0.01041553
0.018215569
0.028606195
0.0025988996
0.007791701
0.0077866954
0.007781682
0.025922205
0.015543267
0.0025888658
0.0077615543
-0.0025855012
-0.0025838153
0.01549276
0.0025804355
-0.002578742
0.002577046
-0.018027432
-0.020589173
-0.0051438864
0.007710712
0.007705587
-0.020534545
-0.02052084
-0.020507114
-0.010246685
0.010239802
0.0
0.0025565021
0.0
0.0076591317
0.0076539335
0.005099152
0.0
-0.005092197
-0.007633069
-0.0076278346
-0.005081729
-0.00507823
0.0
-0.0025356088
-0.0050677042
-0.010128372
-0.0050606634
-0.010114271
0.0050536036
0.0025250332
-0.005046525
-0.0050429786
-0.010078855
-0.0075538075
-0.015096934
0.0
-0.0025125882
-0.0050216024
0.010036047
0.0025072198
0.012527129
0.017525405
-0.0025018305
0.005000059
0.0074946783
-0.0024964204
0.012473064
0.00997121
-0.00249099
0.012445876
0.009949433
0.0
0.014902305
0.0024818936
0.0024800678
0.0074347183
0.0024764088
0.014847457
0.017309189
0.009883616
0.019752515
0.014803337
0.004930758
0.012317665
0.014770107
0.012299171
0.014747889
0.012280633
0.0024542694
0.0
0.0049010976
0.0024486852
0.012234096
0.01711466
0.0
-0.004882418
-0.004878669
-0.004874916
0.0
0.004867397
0.0024318153
-0.0072897905
-0.0072841286
-0.004852307
0.0
0.0
0.0
-0.0024185749
-0.012083374
-0.0024147728
0.014477212
0.007232887
0.0048181084
0.004814287
-0.0096209245
-0.0024033168
0.0144084
0.0047989627
0.0
0.014373828
-0.007181139
-0.009567145
0.007169572
-0.004775853
0.0
0.0
-0.021439092
-0.01904146
-0.004756483
-0.0071288953
0.0047487067
-0.0023724062
-0.018963657
-0.014211037
-0.016565872
-0.011822991
0.0023626413
-0.011803412
-0.01886977
-0.009427034
-0.025902731
-0.021175442
-0.0023508584
-0.0070466627
-0.011734575
-0.011724703
-0.025772605
-0.023409856
-0.009356022
-0.009348093
-0.009340157
-0.0023330532
-0.016317457
-0.016303528
-0.004654167
-0.0069752703
-0.004646189
-0.0023210973
-0.004638196
-0.01621968
-0.009260376
-0.009252356
-0.011555413
-0.004618148
-0.0023070637
-0.009220205
0.0023030373
0.004602043
0.0022990038
0.0022969844
-0.011474815
-0.01375764
-0.00916366
-0.0045777764
-0.009147439
-0.011424147
-0.0091311885
-0.0045615267
-0.0022787277
-0.0068300706
0.002274651
-0.00227261
-0.009082269
-0.0045370455
-0.0067994297
-0.0113221435
0.0
0.0067809825
-0.0022582742
-0.004512439
-0.009016651
-0.006756313
-0.0067501334
0.0
0.011229596
0.0067315623
0.0067253616
0.0044794376
0.0
-0.0044711535
0.0022335032
0.006694284
0.004458702
0.0089090895
0.0044503845
-0.004446221
0.004442054
0.002218942
0.002216855
0.011073834
-0.002212677
-0.0044211703
0.004416984
-0.0044127945
0.0022043008
0.006606608
-0.0066003096
0.0043960037
0.0065876977
-0.0021937948
0.008766755
0.0043791626
-0.0021874723
0.0043707234
-0.0021832495
0.0021811358
0.010895103
0.008707615
0.010873927
0.0065179965
0.0065116324
0.006505264
0.008665187
0.017313369
0.012972261
0.010799573
0.0064733527
0.0021556523
0.0021535188
0.006454152
0.012895486
0.01717688
0.010724854
0.00642849
0.0042813756
0.002138544
0.0064091976
0.012805516
0.006396314
0.006389866
0.006383414
0.0
0.0063704965
0.010606719
0.0042383745
0.0063510886
0.0
0.0021127097
0.0042210957
-0.006325153
-0.0042124395
0.0
-0.0063056587
0.0
0.0
-0.006286127
-0.002093203
-0.0020910287
0.0020888532
0.0020866764
-0.006253495
-0.0041646375
-0.01040069
-0.01038978
-0.0062273177
0.0
-0.0041428036
-0.004138429
-0.010335131
-0.010324181
-0.0020626453
-0.004120906
0.0020582592
0.004112129
-0.006161605
-0.012310026
-0.00819789
-0.006141818
-0.0040901434
-0.0040857387
-0.012243995
-0.012230767
-0.012217532
-0.012204289
-0.00812736
-0.008118521
-0.008109679
-0.014176455
-0.01213797
-0.008083123
-0.006055696
0.0
-0.0040282626
-0.012071474
-0.014067846
-0.004014943
0.0
0.0040060515
0.0040016025
-0.007994303
-0.005989047
-0.0039882422
-0.0019918922
0.0039793244
0.001987431
-0.0039703976
-0.007931862
-0.001980731
-0.0019784956
0.0039525186
0.0019740216
-0.0019717831
-0.0039390866
-0.0039346055
-0.0019650608
0.0019628182
0.0
-0.0019583295
0.0019560836
0.0
0.0019515889
0.0058480203
0.0019470901
0.0019448393
0.0
0.0
0.0038761615
0.007743304
0.0019335703
0.0019313137
0.0057871677
0.005780392
0.0076981513
0.011533664
-0.0019200159
-0.0076710144
-0.0057464708
-0.0019132261
0.007643844
0.01145217
0.0
-0.0019041602
-0.0057056746
-0.00949811
0.0018973516
0.011370482
0.011356848
0.009452675
0.0018882611
-0.005657959
-0.0037674215
0.007525737
0.011274941
0.009384394
0.0037491997
0.0
-0.0018700395
-0.003735516
0.0037309516
0.0055895783
0.0
-0.009293122
-0.014850712
-0.009270265
0.0
0.005548435
0.0036943797
0.0
-0.0073704426
-0.0092016
0.0018380285
0.011014418
0.020167878
0.018311497
0.0036577107
-0.0036531207
-0.0054727937
-0.0054659043
0.009098355
0.012721611
0.007260298
-0.0018127753
-0.009052377
-0.010849048
-0.0072234944
0.0036071432
0.0018012691
0.0
-0.001796662
-0.012560503
-0.0017920524
0.0035794934
0.0035748808
0.008925667
0.0053484775
-0.0035610353
-0.0017782088
0.0071035977
0.008867947
0.017712789
0.017689677
0.00883328
0.0
-0.008810154
-0.003519435
0.0070296144
0.007020356
-0.0017527741
-0.007001834
-0.013985139
-0.0034916515
0.005230526
0.012188337
0.010433237
0.0
0.0017342351
-0.005195746
-0.0069183814
0.0051818243
0.008624768
0.012058425
0.00860155
-0.0034359752
-0.0051469943
-0.0017133413
-0.0017110176
0.011960853
0.010238212
0.003408087
0.001701718
-0.0033987842
0.0
0.001694739
0.0016924118
0.005070253
0.0
-0.0033708562
0.0016830994
-0.0050423113
-0.003356882
-0.0016761112
-0.0033475622
-0.0016714507
-0.0050073597
-0.008333944
-0.0049933717
0.0
0.0
0.0033149216
-0.0033102562
-0.00330559
-0.006601847
-0.003296256
0.0016457941
0.0016434599
0.0
-0.0016387906
0.0
-0.006536481
-0.006527139
-0.006517796
-0.0065084514
-0.0032495533
-0.0032448804
-0.009720621
-0.011324365
-0.014538864
-0.019357102
-0.009664525
-0.0048252493
-0.008030392
-0.011226182
-0.012811216
-0.012792507
-0.007983624
-0.0047831577
0.0015920468
0.0047691227
-0.0047621047
-0.0095101725
-0.009496135
-0.007901747
0.0
0.0015756695
-0.0047199884
-0.0062839566
-0.017255137
-0.021928318
-0.017203646
-0.012493018
-0.009355719
-0.009341674
-0.012436839
-0.018627167
-0.01549923
-0.0077379094
-0.0030904815
0.0030857993
-0.0046216752
-0.01076752
-0.012287008
-0.013801812
-0.00459358
0.0045865565
0.0045795324
-0.003048339
-0.0030436565
-0.010636408
-0.01365431
-0.004544413
-0.0030249262
-0.0015101219
-0.004523342
-0.013548956
-0.018037183
-0.015007575
-0.0044952496
-0.0014960757
-0.0014937348
-0.0059655765
-0.014890534
-0.011893703
-0.0014843723
0.004446096
0.00887815
0.0044320542
-0.0059000454
-0.0103087
-0.0058813263
-0.001467992
0.0029313047
0.002926626
-0.0029219473
-0.007293173
-0.01019407
-0.0014539568
0.0043548546
0.007246399
0.0014469415
-0.007223017
-0.0043267966
-0.0086395675
-0.007187952
0.0014352531
0.0
-0.008583475
-0.0042847274
-0.005703625
0.00142357
0.014212341
0.00851339
0.004249689
-0.0014142278
-0.008471358
-0.004228675
0.002814448
0.0028097797
0.0042076684
0.0
-0.0013978893
0.002791113
0.0027864478
0.006954458
0.009719918
0.011089824
-0.00830338
-0.016578788
-0.0027584701
0.005507619
0.012371173
0.013722452
-0.002739832
-0.010940697
-0.012287328
-0.005451722
0.00952422
0.016299305
0.010847588
0.0
-0.0054051834
-0.0040469104
0.0040399344
0.016131839
0.018787937
0.0066983574
0.0
-0.004005074
0.001332702
0.011973418
0.017264754
0.013257368
0.0052936636
-0.0013210955
-0.0039563267
0.003949369
0.010513099
0.010494552
0.007857006
-0.0052287346
-0.0078292005
0.0013025504
0.006501173
0.007787516
0.011660441
0.003879871
-0.0012909767
0.0
0.0
0.005136156
0.010253821
0.006397084
0.006385532
0.005099187
0.0012724877
0.006350896
0.0063393563
0.005062256
0.006316287
0.0025219026
-0.0012586459
0.0025126822
0.0037621106
0.0050069336
0.0062471526
0.0012471282
-0.0037344801
-0.0037275774
0.0
0.003713778
0.0037068813
0.0024666577
0.0
-0.0012287345
-0.0012264384
-0.001224143
0.004887393
0.006097771
0.0
0.0
-0.0036380298
-0.0012103856
0.0036242856
0.0072348337
0.0024070337
-0.003603686
-0.0071936483
-0.0047866195
-0.0023887383
0.0035762524
0.0035693997
-0.0035625496
-0.0059261695
-0.0059147603
0.0
0.0047135637
0.004704446
0.001173833
-0.0058577764
-0.012862062
-0.008169017
-0.0023294543
0.0
0.0023203585
0.0023158134
0.0034669049
0.003460092
0.008057658
0.011488249
0.019491462
0.0034328678
-0.02398248
-0.01709636
-0.0079624485
-0.0022704578
0.023792287
0.0090456335
-0.016926648
-0.013514199
-0.028098105
-0.015703324
0.014552316
0.014522985
0.0044595897
-0.0077885017
-0.018876627
-0.009973237
0.0077412026
0.024279986
0.019824954
0.0010991379
-0.010968906
-0.016419664
-0.0032771968
0.017442474
0.017406581
0.0075996835
-0.004333711
-0.021623753
-0.017263176
0.0032301312
0.00967026
0.010722374
-0.0010700026
-0.017084299
-0.013851968
-0.0021266085
0.009549663
0.015882663
0.006339695
-0.005271943
-0.009469462
-0.003149812
0.008381708
0.019864323
0.014605765
0.0041641938
-0.001038829
-0.0072562755
-0.0020687873
0.010321777
0.011329593
0.0061664963
0.0
-0.008186606
-0.008168925
-0.0010189067
0.006100194
0.00811594
0.0030368618
-0.0050504156
-0.006047282
-0.003017036
0.0040139128
0.008010232
0.0069935676
0.002990653
9.94689E-4
-9.924946E-4
-0.0019806034
0.0059286603
0.007887357
9.837304E-4
0.0029446275
-0.0019587118
-0.0029315117
0.0058499193
0.0038912154
0.0029118673
0.0038737692
0.0
-9.64086E-4
0.0028857295
0.002879205
0.0028726845
0.0019107786
-0.0047660926
-0.0019020981
-9.4888086E-4
-0.0018934283
0.0037781948
0.0018847694
-0.003760888
-0.0028141823
-0.0018718017
0.0
0.0018631704
0.0
9.272752E-4
-0.0037004892
-0.0027689124
-0.0027624622
-0.0036746883
0.0036660996
0.0018287582
-0.003648939
-0.006370643
-0.006355653
-0.0045290524
0.0
0.0018030697
-8.993992E-4
-0.0026917954
-0.0062659276
-0.006251009
-8.908717E-4
0.0044437177
0.0044330843
8.8449166E-4
-0.005294208
-0.008802459
-0.0052687516
8.7600615E-4
0.004369443
0.0017435452
-0.0026089742
-0.006940361
-0.0060580363
-0.0034532957
0.002583647
0.0068728714
0.0017140076
-0.004274501
-0.004263991
-0.005104187
-8.48599E-4
0.0050790105
0.0016888123
0.0
-8.402197E-4
-0.0041906447
8.360398E-4
0.00750557
0.008318663
0.005808474
0.0
-8.2561834E-4
0.0
0.0041073067
0.0106520085
0.007355798
0.005706667
0.0032526685
0.0016221956
0.0048541804
0.010490533
0.010463698
0.010436884
0.004804658
7.9871714E-4
0.0039832983
0.006356831
0.012680798
0.014228956
0.009461364
0.007077583
0.003137404
0.0062584453
0.014044717
0.014786184
0.013971242
0.0092897015
0.003088421
0.005390493
0.007680374
0.012256099
0.013751582
0.011429237
0.0060793865
0.003031597
0.0045352625
0.0067847096
0.009773894
0.009747677
0.0052346443
0.0
-7.437819E-4
0.0022253175
0.006657884
0.0088531105
0.0058860425
0.0022012598
0.0
-0.0014595096
0.003638792
0.005806111
0.00579017
0.005052463
-7.1979157E-4
-0.0021534138
0.0
0.0028553456
0.004271131
0.004259255
0.0014157968
-0.0021177686
-0.0014078987
0.0
0.0028000323
0.004188242
0.0020882236
0.0
-0.0027685952
-0.0013803778
0.0
6.8627496E-4
0.002052963
-6.82369E-4
-0.0027216757
-0.0020354127
-0.0013530498
-6.745808E-4
-6.7263877E-4
-0.0013413975
-0.002675043
-0.0040009483
-0.004654235
-0.003314794
-0.0019830866
-0.002636404
-0.0013143503
-0.0032762568
-0.0032666482
-0.0019542298
-0.0038969538
-0.002590307
-0.003228316
-0.003862511
-0.0032092123
-0.004479546
-0.00446621
-0.0038167613
-0.0031711294
-0.003793962
-0.0044130115
-0.0043997485
-0.0050131436
-0.00499802
-0.0024914565
-0.0024839118
-0.0030954692
-0.0037032715
-0.004922657
-0.00552109
-0.00550421
-0.0036582332
-0.0042548403
-0.0048477226
-0.0054368856
-0.0072268047
-0.006003712
-0.003591065
-0.0023866107
-0.0041635768
-0.005929429
-0.0065020043
-0.005303177
5.873947E-4
0.0011710995
-0.0011674139
-0.0011637328
-0.00928045
-0.013298416
-0.004610865
-0.0028726326
-0.0028634856
0.0
-0.005690451
-0.010210004
-0.0073502264
-0.0039450875
5.617681E-4
0.0016798633
-0.003907002
-0.0077886772
-0.008872437
-0.0060799518
0.0
0.0032947247
0.0010946464
-0.0032731676
-0.00652482
-0.0054194434
-0.001080312
0.0021534797
0.00429269
5.348049E-4
-0.004797233
-0.0053124917
-0.0042357985
5.277028E-4
0.0036815319
0.0010483316
-0.0020896036
-0.0041651065
-0.005707659
0.0
0.0030921886
0.001540835
0.0
-0.006121352
-0.0076255007
-5.066232E-4
0.0025244101
0.0040251464
0.0035098488
-0.0014990192
-0.0044814744
-0.00198485
-4.9448584E-4
0.0034493313
0.005401438
0.001957282
0.0
-0.0019435564
-0.0019367083
0.00192987
0.004807604
0.005748669
0.0033414748
-4.7565385E-4
-9.479132E-4
4.7226183E-4
0.0023528477
0.005157677
0.0046719243
9.310152E-4
0.0
4.6214546E-4
0.0013814043
0.0018351732
9.14242E-4
0.0022772562
0.0027227039
0.002260596
0.003153199
8.9759467E-4
-0.0013414206
-0.0013364567
0.0
0.001768736
0.0039648334
0.0026333558
4.372508E-4
0.0
-4.3397478E-4
0.001297022
0.0034456726
0.0030035605
0.0017098146
0.0
-0.0025452515
0.0
8.4194785E-4
0.0020968025
0.0041774963
8.322828E-4
-0.0016581431
-4.129328E-4
-0.002056662
0.0
0.0012244186
4.0654704E-4
4.0495716E-4
-0.0020168498
-0.0016071415
4.0020343E-4
0.0015944967
0.0015881901
0.0019773678
7.878045E-4
0.0
0.0
3.8920433E-4
7.752874E-4
0.0011582572
7.69061E-4
0.0011489337
3.8142802E-4
-3.7988083E-4
-0.001135009
-3.7679455E-4
3.7525545E-4
3.737191E-4
7.443708E-4
0.0014826178
7.382525E-4
0.0
0.0014643118
0.0018227895
0.0010891218
0.002169156
3.6001418E-4
-7.170102E-4
-0.0014279949
-7.109903E-4
0.0021239659
0.001409985
0.0
-3.495084E-4
-0.004176223
-0.004158379
-0.0020702842
-6.8713183E-4
0.0020525237
0.0013624455
-3.391383E-4
-0.001350672
-0.0016810026
3.347358E-4
6.6654786E-4
0.0013272593
0.0
-0.0019734309
-0.0032745448
-0.0013040267
3.2456167E-4
0.0012924781
0.0022517613
6.4048736E-4
-3.1881002E-4
0.0
3.1595124E-4
0.002201683
0.002191727
9.3505334E-4
-3.1026787E-4
-0.0012354167
-9.223301E-4
6.120708E-4
0.002132412
0.0015161404
0.001207315
-3.004323E-4
-8.971162E-4
8.9294417E-4
0.0017775616
0.0017692522
0.002347947
0.0017526858
5.814762E-4
8.6809444E-4
0.0
0.001146508
0.0019968373
5.678017E-4
0.0011301686
0.0
-0.0011193343
-5.569673E-4
-5.5427337E-4
-2.7579267E-4
0.001372258
0.0010924537
-8.153348E-4
-8.113381E-4
-0.0024220508
-0.0013389521
5.3293415E-4
-5.302934E-4
-2.6382925E-4
-5.250296E-4
-0.0020896266
-0.0010395793
-5.171786E-4
-7.718603E-4
2.5598722E-4
-5.0938135E-4
-0.0015203826
-0.0010084261
-0.0015049137
-7.4860314E-4
4.9650564E-4
4.939485E-4
-2.4569873E-4
-2.444262E-4
-4.8631334E-4
-2.4189017E-4
7.218801E-4
4.7873252E-4
0.0
-2.3685445E-4
-2.3560309E-4
0.0
2.3310952E-4
4.6373456E-4
-4.612562E-4
-4.5878394E-4
-2.2815888E-4
-6.8078656E-4
0.0
-2.2447799E-4
-4.4651428E-4
0.0
-4.4164932E-4
-8.784521E-4
-2.1840447E-4
0.0
-6.479898E-4
-2.1479727E-4
-6.4080313E-4
-6.372237E-4
-6.336536E-4
-6.3009275E-4
0.0
-6.229989E-4
-8.2595466E-4
-8.212565E-4
-0.0014289988
-6.089231E-4
0.0
-4.0129412E-4
-5.984643E-4
-9.916612E-4
-9.858976E-4
-5.880898E-4
-1.9488347E-4
0.0
-5.7779986E-4
-9.5731445E-4
-5.7098694E-4
-5.6759466E-4
3.761412E-4
3.7389225E-4
-1.858248E-4
-1.8470665E-4
-3.6718327E-4
-5.474394E-4
3.627422E-4
5.407968E-4
5.374897E-4
1.7806406E-4
-7.078722E-4
-8.793761E-4
-8.7392784E-4
0.0
5.178474E-4
-5.146071E-4
-3.4091758E-4
-8.4692537E-4
-0.0010098873
0.0
-1.6618308E-4
1.6512215E-4
0.0
-4.890297E-4
-4.8587576E-4
-9.654629E-4
-1.598656E-4
3.1764785E-4
4.733564E-4
0.0
-4.6715466E-4
-4.6406832E-4
-3.0732775E-4
-1.5264156E-4
-1.5162246E-4
1.506066E-4
0.0
-4.457538E-4
-2.9515693E-4
-2.9315116E-4
-1.4557593E-4
4.337386E-4
5.743456E-4
0.0
-4.2482963E-4
0.0
-2.7929278E-4
0.0
2.7539194E-4
1.3672565E-4
2.7151723E-4
-2.6958968E-4
-1.3383434E-4
0.0
3.9576957E-4
6.5486267E-4
2.6005032E-4
2.5816215E-4
1.2814028E-4
1.2720277E-4
5.050742E-4
7.520258E-4
8.7087014E-4
8.643999E-4
7.353881E-4
1.2164696E-4
7.2439533E-4
8.3875016E-4
7.134819E-4
0.0010620826
7.026481E-4
5.810508E-4
8.0720946E-4
6.8654655E-4
0.0011353655
0.0013518238
0.0011177075
0.0013307142
8.801462E-4
6.548822E-4
9.745122E-4
8.5931655E-4
0.0011720868
0.001374041
0.0010484091
9.359075E-4
9.2827686E-4
9.2067634E-4
0.001318931
0.0013080396
0.001097624
9.895292E-4
9.81252E-4
9.7300834E-4
0.0010612783
0.0011479465
0.0010433274
0.0010344075
0.0010255248
0.0010166791
9.16246E-4
9.08272E-4
9.903649E-4
8.924254E-4
8.8455284E-4
9.643855E-4
9.558001E-4
7.750244E-4
8.5340114E-4
7.6112815E-4
4.1901434E-4
5.812754E-4
7.4051286E-4
7.337022E-4
8.0769137E-4
6.4015365E-4
1.5854536E-4
3.9264778E-4
3.1115935E-4
3.8526766E-4
6.868858E-4
7.559116E-5
0.0
0.0
0.0
2.9082957E-4
4.3197002E-4
3.5643016E-4
2.1174147E-4
1.3975674E-4
0.0
1.3696884E-4
3.3896294E-4
2.6841677E-4
4.649346E-4
1.314754E-4
0.0
0.0
-1.9114125E-4
1.2609197E-4
1.87145E-4
1.2344157E-4
6.106336E-5
-1.8122813E-4
0.0
-5.9111764E-5
5.846814E-5
2.3131187E-4
1.1438251E-4
1.1311599E-4
-1.11856396E-4
-1.6590559E-4
-1.0935797E-4
0.0
5.3443626E-5
-1.0566229E-4
-1.0444427E-4
-3.6131614E-4
-2.550726E-4
-2.520796E-4
-1.9928318E-4
0.0
-1.4592292E-4
-9.6112555E-5
-2.373753E-4
-2.3448662E-4
-1.8529227E-4
-2.2876149E-4
-4.5185014E-5
-1.7848486E-4
-1.321827E-4
-1.7401631E-4
-3.006552E-4
-1.272027E-4
-1.674182E-4
-1.2393508E-4
-8.154467E-5
-1.6094587E-4
-2.382246E-4
-2.7422662E-4
-3.4784878E-4
-2.28768E-4
-1.5043854E-4
-1.11284324E-4
-1.0975026E-4
-2.1645344E-4
-2.8456986E-4
-3.1563357E-4
-1.3829231E-4
-1.3631706E-4
-6.717793E-5
-9.930653E-5
-2.9357016E-4
-3.213915E-4
-3.1662913E-4
-1.5595095E-4
-1.2288395E-4
-6.051061E-5
-1.4896573E-4
-2.3467604E-4
-2.0215573E-4
-2.558502E-4
-5.5959466E-5
-5.5070388E-5
-8.1282546E-5
-1.599402E-4
-2.6222746E-4
-1.8054627E-4
-1.7755803E-4
-7.4826225E-5
-1.2261125E-4
-1.6874172E-4
-1.6585244E-4
-2.5612387E-4
-2.0590477E-4
-1.5733317E-4
-8.831026E-5
-8.673001E-5
-1.4903689E-4
-1.8812704E-4
-1.8466714E-4
-1.006884E-4
-5.9281003E-5
-5.8159603E-5
-9.508141E-5
-1.3054704E-4
-1.6457777E-4
-1.613413E-4
-8.785377E-5
-8.609124E-5
-3.3738586E-5
-4.9571674E-5
-1.2945636E-4
-1.1090625E-4
-1.2407209E-4
-1.062448E-4
-4.4550605E-5
-5.810453E-5
-7.102811E-5
-8.333202E-5
-9.502695E-5
-1.0612358E-4
-7.775506E-5
-5.0625873E-5
-7.4143936E-5
-1.2061741E-5
-2.3539444E-5
-1.1481268E-5
-2.239276E-5
-5.457529E-5
-4.2549207E-5
-5.181557E-5
-3.0277479E-5
0.0
-9.561959E-6
0.0
-3.6182817E-5
-3.5171735E-5
-3.4174936E-5
-8.298108E-6
2.4168161E-5
-7.817573E-6
0.0
-5.145934E-5
-4.9865044E-5
-2.069819E-5
-6.678791E-6
3.8770577E-5
6.2483114E-6
-1.8115314E-5
-4.0824998E-5
-2.814713E-5
0.0
1.570419E-5
3.529927E-5
0.0
-1.4008616E-5
-3.1418127E-5
-2.5863905E-5
8.273159E-6
1.9830459E-5
2.6594305E-5
1.454346E-5
-3.4761272E-6
-2.3239814E-5
-1.9004427E-5
3.0184206E-6
2.8730217E-5
2.1849668E-5
1.555789E-5
-9.833362E-6
-1.6291006E-5
-4.3996383E-6
4.151878E-6
2.3467757E-5
1.4711533E-5
0.0
-1.1314077E-5
-1.5103569E-5
-4.224018E-6
6.546221E-6
1.0926646E-5
5.612444E-6
1.0344957E-6
-1.1401109E-5
-9.5620735E-6
-7.920567E-7
1.4368491E-6
7.1322143E-6
2.9096627E-6
-5.19073E-7
-3.6784377E-6
-4.849532E-6
-3.5204212E-7
1.8212887E-6
3.3623958E-6
8.693413E-7
-7.184668E-7
-2.9098015E-7
-1.3794661E-6
2.6403922E-7
0.0
0.0
3.4486976E-7
-3.0715006E-7
9.340245E-8
-1.9758222E-8
-0.0
