0.29235524
0.24855457
0.114316344
1.162984
3.2016497
1.8747256
1.5236735
1.2674298
1.0874528
1.5259974
0.76817024
0.92546517
1.2637165
1.5170901
1.4328663
0.71128535
0.2048706
0.0995468
0.34052658
0.11537899
0.26767448
0.10207276
0.3078536
0.21252988
0.107810564
0.18408066
0.14691055
0.4319537
0.3666317
0.28929883
0.42871955
0.44950318
0.53729945
0.49485895
0.29067886
0.20262901
0.13619468
0.18632036
0.12510331
0.19961737
0.2308048
0.20788825
0.3139334
0.23953143
0.1169859
0.15309674
0.20542897
0.17760038
0.25294045
0.20223385
0.1335582
0.32743144
0.09395875
0.1831041
0.20925768
0.31851292
0.4448181
0.27633408
0.224282
0.16946669
0.13891427
0.11434363
0.2856202
0.5474818
0.5328372
0.34908938
0.1958402
0.6647451
0.7144687
0.33387002
0.3793967
0.3303173
0.14331546
0.18063965
0.24200632
0.09075428
0.10538638
0.095558286
0.09613892
0.04063564
0.084168054
0.028945848
0.053191233
0.13279969
0.099367514
0.06293861
0.046137124
0.09042914
0.030481873
0.12775464
0.023539305
0.013342653
0.0935462
0.07222041
0.18593484
0.22376305
0.19525482
0.12999317
0.058776073
0.22147568
0.2922055
0.19917214
0.058645085
0.13291399
0.18242005
0.118437886
0.07453349
0.20607199
0.24554163
0.071806654
0.047835317
0.1229682
0.120529905
0.124809444
0.21737505
0.21765423
0.12301181
0.11229237
0.12679207
0.06366193
0.124884084
0.1309607
0.16594185
0.03684353
0.1308828
0.083206885
0.09730661
0.12872477
0.16009322
0.17925629
0.07672642
0.10769601
0.11184833
0.064366
0.07341252
0.08906645
0.11809923
0.2925656
0.23657288
0.0650793
0.081561156
0.056113046
0.1535076
0.11708057
0.120186634
0.13151252
0.035567824
0.026337165
0.059415523
0.14024393
0.13187174
0.09378139
0.059479445
0.042606395
0.113831036
0.048512798
0.017472869
0.0135515
0.082083054
0.064662635
0.12856081
0.13057522
0.10089802
0.096249476
0.15041995
0.19370519
0.28165293
0.23532148
0.06310457
0.041691076
0.17585002
0.16187972
0.088855974
0.03265897
0.014695399
0.053628054
0.07739469
0.102388404
0.12621336
0.06611229
0.10580538
0.13490887
0.09479085
0.04422004
0.08884757
0.04707306
0.15179707
0.10255313
0.046027508
0.061755043
0.06824663
0.069219284
0.032788984
0.0857578
0.07030955
0.0393704
0.053315308
0.033313073
0.07673043
0.0412879
0.032132175
0.09304611
0.14671263
0.0783472
0.03103684
0.11737693
0.10373045
0.01075031
0.06904876
0.061076306
0.08809902
0.16117272
0.08868587
0.096678
0.0705923
0.14583482
0.14817913
0.034180712
0.0653197
0.036690153
0.034817155
0.06937568
0.028756818
0.078770265
0.04701298
0.031449083
0.06664743
0.080727205
0.066786505
0.055734146
0.1115044
0.068856545
0.123491585
0.20507437
0.16594803
0.13884085
0.11643796
0.047901317
0.030427003
0.07194118
0.06850956
0.038432136
0.045773365
0.026266487
0.04684158
0.10398726
0.057781022
0.0347049
0.06351848
0.07255181
0.12799415
0.14593807
0.1291525
0.060637675
0.06495956
0.060725912
0.06343494
0.13878262
0.15671642
0.09093173
0.021454953
0.030506011
0.04561552
0.041520905
0.03673279
0.09295902
0.0122479955
0.070912905
0.12187776
0.14181864
0.112871975
0.08806769
0.07279706
0.029801777
0.06035758
0.10359694
0.07510202
0.016271533
0.036333907
0.069595896
0.059155174
0.014307593
0.06929865
0.088945664
0.15478316
0.16121252
0.11031437
0.08581106
0.12423527
0.07482242
0.037144877
0.040415935
0.0539116
0.045097705
0.03403857
0.1131824
0.13310044
0.07555237
0.07227887
0.08465422
0.06962092
0.031949952
0.021932837
0.02116136
0.042463288
0.028048664
0.083327025
0.0464661
0.10040522
0.06990779
0.053205397
0.053923063
0.07336518
0.06741797
0.034542397
0.090981394
0.05679963
0.026777105
0.046369255
0.014089119
0.09772536
0.0699511
0.054432314
0.09850008
0.124759056
0.1715652
0.10708381
0.043383144
0.04410857
0.0920932
0.106496595
0.04801297
0.046750136
0.029714897
0.07550148
0.09722158
0.040934876
0.061488684
0.05290383
0.020069418
0.0129122725
0.07907708
0.1586718
0.09561364
0.038056854
0.13759567
0.11954788
0.019985734
0.02712458
0.09266695
0.15759307
0.07339516
0.09224747
0.09227129
0.041488063
0.067649886
0.029242596
0.06927268
0.05169051
0.072483756
0.097720966
0.062453035
0.05868619
0.0253953
0.07718425
0.09380457
0.068331145
0.057979062
0.09436463
0.035524923
0.05248181
0.101069614
0.120589465
0.087819666
0.06700348
0.06632371
0.019929562
0.05850403
0.05705677
0.039044812
0.06696052
0.048409134
0.06091524
0.045789834
0.025349952
0.059129827
0.06737093
0.06785604
0.08133305
0.07265877
0.024430977
0.04353183
0.05060548
0.06516178
0.08510471
0.08773669
0.08445081
0.015310157
0.026485473
0.08702501
0.10829415
0.08181899
0.08282967
0.06975448
0.041302193
0.04259106
0.06676174
0.04650468
0.05770222
0.061289288
0.049992766
0.06965
0.03726412
0.05825944
0.023609495
0.004770455
0.044312987
0.07889967
0.08504365
0.060700335
0.03737629
0.10232589
0.061631136
0.014453781
0.052636847
0.10377511
0.053111468
0.036834236
0.06535524
0.059543714
0.102641076
0.12129808
0.05334069
0.0892879
0.047051102
0.04124054
0.048074424
0.08279951
0.07822763
0.093545765
0.11115634
0.12484622
0.082986884
0.06982289
0.08649155
0.12732966
0.16851558
0.14506462
0.109159976
0.13226491
0.08575827
0.078710824
0.10440203
0.06443752
0.026131729
0.07111753
0.05535187
0.058786202
0.043346
0.047666006
0.086147144
0.04508647
0.016669951
0.09206929
0.08794726
0.031099532
0.0192739
0.029952483
0.053731713
0.073903434
0.07691076
0.062080253
0.10028526
0.022114413
0.070521414
0.069036946
0.08212388
0.096509464
0.08230343
0.13242821
0.11035896
0.027525675
0.059953596
0.043004412
0.02381584
0.016044058
0.039306704
0.08440954
0.050509047
0.025175229
0.06295202
0.09334977
0.0817753
0.05692089
0.021356426
0.054410532
0.07748914
0.04735807
0.088190354
0.07498204
0.040211502
0.06235971
0.092761815
0.10707301
0.10053395
0.11623769
0.12140884
0.013059438
0.15119411
0.11860442
0.041624162
0.05202037
0.08455238
0.07189816
0.07234938
0.026130114
0.14324526
0.10342159
0.030651491
0.13585836
0.10650274
0.02075195
0.024071993
0.03825949
0.0394285
0.005491266
0.073202044
0.12299734
0.08204161
0.06532442
0.11794327
0.107057
0.107444726
0.07585427
0.029762702
0.017020026
0.03521516
0.051632926
0.083892226
0.09376292
0.05686208
0.0453298
0.002686692
0.048141673
0.049991287
0.035957355
0.122899935
0.056962468
0.09652318
0.10685859
0.09053755
0.023718417
0.010788568
0.048896994
0.13623142
0.13716295
0.02142716
0.08697182
0.10579779
0.108440086
0.12036139
0.08782821
0.072031856
0.109187596
0.09285172
0.05948296
0.07277174
0.13635877
0.19859989
0.1698653
0.102625124
0.08312862
0.027319495
0.0074458667
0.058118485
0.03139421
0.06923855
0.07844895
0.021175321
0.033963315
0.06579495
0.120146535
0.11537352
0.058100402
0.10234878
0.024147766
0.06147905
0.06314298
0.04900312
0.025474917
0.031557955
0.06460461
0.0120138405
0.12286345
0.17416902
0.13368872
0.13144243
0.13696721
0.11014133
0.16531865
0.18240705
0.112094164
0.08314611
0.14647724
0.16747293
0.11908637
0.05081451
0.059611876
0.014643134
0.0741308
0.085748516
0.17035119
0.18828528
0.15932894
0.13277113
0.02085583
0.08992833
0.06460709
0.0715045
0.04168837
0.13141593
0.08993389
0.057946526
0.0667968
0.103105694
0.12079985
0.086048745
0.010773638
0.06997601
0.06532463
0.037913606
0.060206328
0.0925165
0.06962447
0.04746366
0.06535622
0.10901404
0.10902918
0.05970751
0.023835864
0.04904916
0.09497538
0.11493489
0.082648
0.061941653
0.027331352
0.0460842
0.047125336
0.037309263
0.016771352
0.06296
0.0528812
0.07167696
0.094410084
0.07329607
0.02923875
0.04798168
0.06720642
0.06953374
0.061391857
0.11193122
0.061088208
0.01677559
0.020948488
0.049867
0.08784518
0.021115018
0.096929505
0.07695411
0.057793032
0.08511555
0.08924093
0.124208406
0.12481774
0.106241494
0.115001924
0.08976245
0.04315885
0.10362219
0.1116398
0.0959981
0.12628026
0.18279915
0.1498456
0.04317618
0.19574378
0.20236634
0.11641368
0.09745166
0.103301875
0.074639
0.060387984
0.060167763
0.017226256
0.051675696
0.05889836
0.06479497
0.07998136
0.04883656
0.03011039
0.032543395
0.09385229
0.053851105
0.06995529
0.051206306
0.04421556
0.05213879
0.017727159
0.07899648
0.11568978
0.09387133
0.05556396
0.03383379
0.062495798
0.0690726
0.090086184
0.06160229
0.012931067
0.05046844
0.06165646
0.029538782
0.06093322
0.0348831
0.09048838
0.10042675
0.060714412
0.042587794
0.057380382
0.05387039
0.04766936
0.035847493
0.015813772
0.035058316
0.03365035
0.067006156
0.046768602
0.06715796
0.07800351
0.059393436
0.006008133
0.051539518
0.03880018
0.036811784
0.07182942
0.04386514
0.04617306
0.012637303
0.027434252
0.028849296
0.034926087
0.033664107
0.0100102825
0.033631444
0.04105572
0.021299774
0.02348951
0.031824082
0.07147453
0.035676308
0.03358625
0.019074002
0.041209817
0.053984884
0.020656552
0.0043710205
0.08481213
0.13739157
0.0046722195
0.06824917
0.016060423
0.04800075
0.114086665
0.1193352
0.060572743
0.006285966
0.034303915
0.032701842
0.025362568
0.08040975
0.04686849
0.056304146
0.03973356
0.10884554
0.1293788
0.029315112
0.049813554
0.032910556
0.020993933
0.056210812
0.055843323
0.02628849
0.07255438
0.031580973
0.03288665
0.051856294
0.05452939
0.04086076
0.04013172
0.051712766
0.06270532
0.0675749
0.026807625
0.09636437
0.1413744
0.15132828
0.063716464
0.04050915
0.052451268
0.04143975
0.08034025
0.10855244
0.079394646
0.0077727726
0.05002781
0.0925613
0.08900405
0.047383863
0.0075488673
0.0580722
0.043957323
0.025409438
0.03824882
0.038447954
0.03511946
0.035293344
0.059533644
0.057122085
0.020345086
0.035826806
0.03942856
0.006455799
0.04267392
0.019984081
0.03805957
0.02420485
0.04781414
0.0482374
0.07558036
0.06697632
0.057477646
0.07988216
0.06255822
0.05666757
0.06085613
0.043298643
0.01264662
0.060896724
0.07217828
0.09302081
0.09694265
0.057642054
0.09812149
0.09202571
0.058034223
0.028578172
0.052319877
0.05131257
0.023774715
0.05727597
0.115362026
0.09568896
0.04686984
0.07063143
0.07285644
0.06865589
0.048622303
0.05299963
0.06506271
0.088498674
0.07417624
0.0981907
0.08363105
0.02236334
0.04057791
0.0374852
0.029082714
0.0496392
0.10197384
0.0981239
0.049376678
0.028238539
0.0674347
0.09914294
0.031990364
0.07568044
0.0985993
0.07118541
0.14301197
0.0869496
0.051252663
0.08511536
0.10456504
0.078979276
0.061343078
0.074493036
0.053816196
0.03937737
0.063282035
0.07026937
0.056348283
0.059496514
0.048598383
0.013692106
0.039178602
0.07375793
0.13595048
0.14483178
0.090188645
0.044982046
0.04112056
0.087134965
0.06705277
0.036688313
0.044280216
0.08945664
0.06335762
0.03065831
0.020801518
0.020932574
0.054431025
0.0404471
0.052557223
0.034291554
0.02014581
0.045961116
0.07762127
0.05399592
0.08277969
0.0993249
0.06587602
0.044506464
0.010128796
0.030988405
0.0654133
0.056628555
0.05988981
0.020806795
0.05432559
0.044011056
0.0041855588
0.016198296
0.05920598
0.07538443
0.018940886
0.061249994
0.05922689
0.03456724
0.05226888
0.015535993
0.037317194
0.036920056
0.016727213
0.05026796
0.089718156
0.08836312
0.058418933
0.070673235
0.10635309
0.0860815
0.042105403
0.028976928
0.017666686
0.053358715
0.027052283
0.008648793
0.077149555
0.068772465
0.045389365
0.08908664
0.1180384
0.092966735
0.067315884
0.061574355
0.030608287
0.018081216
0.030060543
0.04351496
0.07487018
0.034673087
0.062163536
0.08868155
0.107355505
0.111916035
0.07718197
0.09890348
0.023894763
0.046197668
0.05396895
0.044593427
0.0020117338
0.04543984
0.026529253
0.051184796
0.06569905
0.066208005
0.10266884
0.032693814
0.056387965
0.030963387
0.09864214
0.07835753
0.05012309
0.07968189
0.0712659
0.042046573
0.010165627
0.046103634
0.05048244
0.082462996
0.05500603
0.042224612
0.011968985
0.101485625
0.11785617
0.06260103
0.0711111
0.031828985
0.037548065
0.05862867
0.11288572
0.11375282
0.0853207
0.050946165
0.03532426
0.017883739
0.09355034
0.08791611
0.02819026
0.079311125
0.10982949
0.16093291
0.1463575
0.061076183
0.056668025
0.077308826
0.06614429
0.060459152
0.031591654
0.03522054
0.05621851
0.04998016
0.020598486
0.03643278
0.057281043
0.031095292
0.047807746
0.070496105
0.05806085
0.022847358
0.065366045
0.056211006
0.010541716
0.029395722
0.03910168
0.06137844
0.020839993
0.01579123
0.08257154
0.06520328
0.064202845
0.057130884
0.03241039
0.030779526
0.0677887
0.07292212
0.09080098
0.07847711
0.046604857
0.052320495
0.09055953
0.083488725
0.02356109
0.026635334
0.05614998
0.041485023
0.033645857
0.025613138
0.051716976
0.038362492
0.059626028
0.045022584
0.021930216
0.037212573
0.059478607
0.102249034
0.04320266
0.08170909
0.055283524
0.06780024
0.071165085
0.03827542
0.03300121
0.04445957
0.059135642
0.07928436
0.073977455
0.030408856
0.050671324
0.06110846
0.06718748
0.02373223
0.04895707
0.003675359
0.0463211
0.0385928
0.0424413
0.0445443
0.036574334
0.038640115
0.045594588
0.10813428
0.071293
0.013101854
0.021020854
0.087362565
0.10963845
0.06855784
0.056709047
0.0463154
0.07455064
0.06352105
0.05395398
0.009943347
0.06374266
0.06546197
0.027576247
0.04906273
0.05374215
0.042655967
0.06350858
0.059198495
0.06570522
0.09322914
0.12069121
0.10245014
0.06054533
0.035694625
0.09995268
0.11293153
0.07330039
0.032223847
0.030913526
0.06955355
0.06201403
0.008949069
0.08328523
0.098860204
0.06624685
0.028533231
0.022213604
0.005836108
0.03005515
0.06676486
0.06416323
0.045590397
0.040613282
0.096057065
0.102413684
0.037720256
0.008663887
0.010772852
0.015795404
0.025428994
0.039767552
0.053717475
0.035658803
0.019085234
0.05101139
0.048141494
0.029231498
0.051935766
0.0382609
0.049706478
0.088577464
0.06949167
0.036509074
0.05103288
0.034033667
0.052589558
0.08804544
0.005224139
0.004668652
0.075452045
0.072549105
0.049117316
0.03713714
0.037486702
0.07702073
0.06305042
0.0304855
0.023127403
0.017709428
0.06911424
0.0661213
0.036762424
0.05301232
0.057610568
0.10448235
0.10826109
0.030432047
0.08594366
0.05039533
0.09398629
0.13086663
0.08337145
0.033445954
0.052967966
0.059641816
0.042724602
0.036013346
0.044437934
0.050725915
0.057097714
0.08364591
0.059826456
0.034546234
0.06762673
0.08196348
0.117234305
0.05815614
0.033990264
0.074923426
0.08633429
0.026072541
0.06568158
0.064993426
0.037554286
0.010378781
0.067919105
0.044418287
0.01936936
0.059983388
0.03172913
0.038217
0.066341504
0.08765397
0.052417614
0.033738136
0.019983836
0.06402575
0.07992774
0.07247225
0.10112118
0.08080342
0.059038077
0.013414255
0.0859619
0.085108206
0.042058308
0.037404876
0.044823907
0.04131321
0.031999066
0.024601277
0.08048351
0.043870263
0.074314095
0.05330637
0.06617621
0.099489115
0.10623538
0.046740703
0.02613196
0.05369253
0.0463411
0.031742346
0.04075877
0.035515446
0.040195603
0.07475519
0.037159767
0.038476575
0.028235396
0.02829604
0.074931756
0.066416845
0.038199015
0.04103817
0.030583264
0.05627448
0.07426542
0.097455174
0.08566738
0.07155788
0.09190472
0.03703258
0.010695707
0.0073780892
0.06934124
0.06483552
0.08588492
0.09806837
0.039120693
0.066472776
0.08390222
0.08161975
0.09663934
0.03891305
0.09117646
0.107395165
0.1274613
0.07403921
0.047649708
0.059549067
0.048715644
0.03247174
0.0727228
0.11773105
0.12676248
0.068774655
0.010651389
0.032935183
0.051877663
0.06298276
0.05053242
0.08723844
0.10053446
0.048890337
0.012924856
0.07477435
0.06255719
0.090892226
0.09934705
0.025368862
0.061600804
0.0516166
0.0634991
0.11518791
0.02026367
0.092312366
0.12405563
0.10002626
0.03125782
0.063357756
0.048307527
0.0549817
0.060959667
0.02726289
0.019247299
0.014751223
0.076492034
0.08704613
0.058407255
0.05190388
0.044899903
0.07259234
0.07085253
0.041598246
0.016399087
0.052196138
0.11827943
0.10452291
0.024418712
0.030285073
0.037961386
0.0927505
0.118983865
0.0923669
0.04819703
0.070936315
0.06484664
0.070353426
0.0917542
0.101642914
0.09582952
0.036708936
0.06732971
0.094819404
0.037644
0.11621831
0.13045624
0.0694828
0.090839446
0.11140604
0.057407726
0.071993485
0.03828059
0.032703605
0.023332331
0.029709298
0.06606531
0.10486781
0.057071324
0.075285494
0.07588323
0.03420059
0.045742713
0.08350229
0.038197856
0.0150838075
0.078672335
0.06659542
0.014986686
0.09353736
0.08862008
0.034668725
0.06556588
0.04960192
0.04231378
0.12560384
0.07719526
0.023785682
0.073425874
0.08245833
0.044475015
0.009441973
0.015258861
0.025435481
0.04810805
0.065476894
0.027610173
0.05018161
0.054579325
0.113025226
0.07667725
0.028135216
0.08859776
0.07063608
0.03101553
0.03915587
0.038975716
0.015924323
0.014600548
0.037760142
0.04513518
0.08566045
0.13478023
0.10111867
0.06900591
0.0321118
0.037069455
0.025696078
0.02369036
0.028607069
0.017731039
0.025132202
0.03466966
0.07654404
0.077993944
0.038458344
0.14561696
0.16890761
0.08977869
0.025893921
0.019486258
0.022989076
0.046621293
0.09079398
0.10764576
0.043680012
0.032732483
0.010035057
0.023438118
0.04017308
0.086095005
0.062418565
0.02994924
0.084411345
0.14609377
0.1495841
0.089318104
0.042426895
0.015601538
0.035172228
0.095311224
0.10850825
0.048218716
0.041029558
0.02850127
0.061164685
0.086677164
0.05572649
0.10371172
0.08211784
0.036044627
0.009181386
0.0355312
0.09889801
0.095981315
0.05197401
0.029230949
0.059641838
0.030887881
0.079645686
0.07454414
0.016258782
0.026289916
0.016459445
0.055816114
0.023761999
0.078607105
0.1262733
0.067437634
0.030422052
0.0789446
0.13702185
0.11586684
0.10137571
0.08673227
0.012414257
0.07049996
0.103584595
0.051027186
0.08069024
0.1132102
0.0748884
0.037084788
0.0442948
0.046286084
0.066049874
0.07221051
0.07357788
0.04952085
0.08192558
0.06734902
0.019286027
0.0067508966
0.09430286
0.09663028
0.09426772
0.09050489
0.023462353
0.060526874
0.0677829
0.05597059
0.03590014
0.07966985
0.04979788
0.014458064
0.049185593
0.07807733
0.08852245
0.039717004
0.021122953
0.0062228264
0.043235928
0.036170255
0.08048377
0.11194536
0.14839542
0.13958348
0.066583596
0.059424274
0.081896454
0.115308
0.09031056
0.06467693
0.05623786
0.07136124
0.067356445
0.08744513
0.057316966
0.0479649
0.07817577
0.037430245
0.014998353
0.0921491
0.08070495
0.041125674
0.07900135
0.07175314
0.06688026
0.02750737
0.05598253
0.04022465
0.07641081
0.06910221
0.048634026
0.027884355
0.083686665
0.048033457
0.0144284535
0.0392617
0.041040223
0.05059182
0.10439704
0.07501747
0.026565755
0.03636913
0.025283018
0.03596583
0.042993408
0.05835726
0.034919493
0.1071964
0.10332743
0.039531544
0.014671598
0.02932123
0.024907261
0.057420038
0.051666707
0.05026711
0.057271753
0.063475505
0.03251816
0.05526628
0.028345259
0.039164428
0.03901564
0.022337606
0.058623295
0.13107729
0.14073811
0.062376373
0.06064747
0.13160607
0.09950522
0.08014085
0.07181089
0.10079071
0.05663083
0.014873323
0.020628264
0.052207112
0.081907175
0.05325027
0.06385018
0.064391844
0.032553248
0.029899076
0.07883593
0.01619614
0.084374875
0.09011012
0.04717226
0.032651205
0.07132843
0.0612665
0.04083108
0.0592864
0.09753867
0.029857252
0.054265358
0.028776173
0.09879105
0.12787412
0.07712406
0.011902371
0.04466027
0.05173137
0.031565733
0.04462612
0.095292844
0.07675805
0.045829702
0.060712658
0.11565124
0.123215355
0.09874345
0.08220464
0.0318325
0.038126837
0.056918796
0.04753664
0.0434148
0.023080546
0.013130157
0.032669026
0.034473646
0.07504853
0.07710927
0.09005258
0.02053841
0.028491372
0.061587434
0.04829734
0.046197426
0.059666798
0.02127279
0.06107555
0.044381764
0.053373408
0.051358625
0.028568186
0.025409563
0.03180313
0.020402398
0.05571724
0.022210551
0.024717232
0.043548837
0.004946504
0.078093916
0.04699765
0.037113745
0.044019595
0.088544846
0.10083345
0.05100878
0.065694995
0.08148811
0.08164023
0.045039818
0.04027122
0.047547895
0.010699253
0.061259765
0.05454906
0.08166493
0.08850034
0.043709297
0.010131892
0.012241697
0.044780213
0.1169672
0.086645596
0.054517522
0.07326474
0.07340796
0.063648924
0.04384342
0.05626112
0.06915348
0.098065205
0.09870507
0.026785534
0.073941074
0.067834005
0.09751854
0.0611749
0.022340452
0.019842014
0.04179429
0.06729186
0.07471309
0.038105704
0.038000636
0.019171035
0.04637743
0.101651445
0.09313118
0.060300052
0.045915198
0.12539957
0.14385921
0.06295552
0.037262637
0.038075306
0.047386672
0.07168053
0.056482878
0.046849627
0.030032737
0.01665361
0.059896737
0.08760255
0.063217245
0.070795946
0.085510604
0.03206323
0.06043377
0.05218572
0.06667209
0.035006672
0.06503023
0.021076722
0.05189112
0.0825709
0.13976558
0.1019313
0.0060867136
0.03961584
0.04419905
0.1125176
0.09130736
0.033956587
0.0801817
0.09129997
0.055210456
0.059629552
0.08032206
0.06557873
0.08692244
0.118269995
0.031785596
0.056729894
0.023421861
0.06620757
0.021592494
0.09821966
0.10613789
0.08624591
0.08093036
0.029402727
0.0302128
0.027456969
0.025603978
0.038529232
0.028188115
0.026273418
0.09103849
0.086969376
0.02310599
0.037781496
0.065504216
0.03817994
0.06077008
0.07229673
0.04177004
0.04219069
0.029263271
0.03286628
0.05989293
0.08849328
0.060998667
0.124516144
0.054142777
0.08176396
0.07429452
0.003078383
0.07692439
0.09317278
0.07871871
0.05883747
0.04845914
0.060724184
0.015854588
0.016453616
0.104140334
0.1277292
0.112543926
0.027651532
0.0137826055
0.035676997
0.025831107
0.028251855
0.04504765
0.041904777
0.093840525
0.124621555
0.039419707
0.11314983
0.13827379
0.07957646
0.053726617
0.031014377
0.028710088
0.053568978
0.05238761
0.059770856
0.018815696
0.016080074
0.08498907
0.1282152
0.13401435
0.12536798
0.11853557
0.086979724
0.12726638
0.07031535
0.0751779
0.036435284
0.04803756
0.046853516
0.043348394
0.1060968
0.07391435
0.023122702
0.075192794
0.07088123
0.07652582
0.07057603
0.008367552
0.036686473
0.04186197
0.056315895
0.056050703
0.06977352
0.10152079
0.1008484
0.08853732
0.03043876
0.06570912
0.060558222
0.05893063
0.043336328
0.029745799
0.0033736224
0.026173417
0.02824514
0.04333193
0.04921919
0.016146608
0.08039446
0.023621136
0.051132638
0.023177357
0.031951457
0.028675947
0.046056982
0.035717476
0.056983147
0.04362298
0.015230233
0.013260334
0.036422186
0.06319111
0.062086828
0.060885336
0.042905904
0.002343917
0.03139814
0.04059055
0.04442826
0.042495936
0.018032456
0.045133334
0.05308452
0.015392393
0.03430246
0.034386903
0.058602203
0.06490964
0.016757626
0.04773357
0.07718341
0.07271086
0.0839856
0.09601781
0.075453244
0.02625789
0.008720102
0.07951143
0.10621395
0.070713654
0.063200936
0.055925395
0.02390616
0.01388841
0.009307593
0.041688822
0.038960617
0.03515278
0.04249365
0.045489803
0.028280748
0.061565924
0.061995286
0.051435117
0.07147103
0.021839013
0.04978686
0.03339676
0.038441107
0.06546735
0.033798248
0.026363913
0.04640933
0.08665955
0.06520393
0.04977226
0.06881509
0.06209958
0.044992592
0.036933374
0.015959457
0.045337766
0.008075716
0.028808068
0.041002814
0.07925437
0.056322027
0.04518119
0.048583936
0.010036542
0.0397409
0.032514393
0.044116814
0.038933612
0.042550676
0.059402492
0.044078905
0.0144418115
0.02578393
0.023493435
0.041506603
0.039976027
0.026870292
0.026769282
0.02381656
0.0135277305
0.039530933
0.021295028
0.016125571
0.019905536
0.016995486
0.06562645
0.059827287
0.011850964
0.02024747
0.045096807
0.065969884
0.06519784
0.025789905
0.048865184
0.06318637
0.040326
0.022268714
0.003530304
0.0070649227
0.017903173
0.043165352
0.06645589
0.051539823
0.0043412307
0.020817276
0.07500787
0.06937592
0.03798986
0.057208642
0.028815301
0.04389408
0.08195468
0.06576473
0.015631873
0.03369055
0.023803081
0.02406883
0.009037888
0.05162319
0.047963716
0.034810334
0.059347473
0.0952599
0.09228641
0.04055429
0.006139348
0.030701922
0.023204826
0.024577623
0.017177349
0.013227492
0.027835818
0.022608474
0.033218764
0.039549876
0.010570706
0.010452576
0.02557195
0.029468605
0.045239672
0.06667692
0.07288965
0.05402042
0.03228588
0.026499433
0.0106247775
0.009667101
0.006103694
0.0061036795
0.006103658
0.0061036292
0.0061035934
0.00610355
0.00305175
0.0061034425
0.006103378
0.0061033056
0.006103227
0.006103141
0.006103047
0.00915442
0.006102839
0.003051362
0.006102602
0.0061024725
0.006102336
0.006102192
0.0061020413
0.0061018835
0.006101718
0.003050773
0.003050683
0.0061011794
0.0061009857
0.0030503923
0.0061005764
0.0030501804
0.003050069
0.0
0.006099671
0.006099427
0.0030495878
0.006098917
0.0030493257
0.0060983784
0.0
0.0030489056
0.006097517
0.009145823
0.0030484532
0.006096591
0.0060962676
0.0030479687
0.0060956003
0.0030476279
0.0030474518
0.0030472726
0.0030470896
0.0030469028
0.0030467126
0.0
0.0
0.0030461205
0.0
0.0
0.0
-0.0030452812
0.0030450623
0.00304484
0.0
-0.0060887686
0.0
-0.0030439147
-0.0030436744
0.0030434304
0.0
0.0030429321
0.0030426774
0.0030424194
0.0
0.0
0.0
0.0030413512
-0.0030410753
0.0
0.0
0.0
0.0
0.0
0.0
0.0
0.003038739
0.0
0.0
0.0030378043
0.0030374855
0.0060743266
0.0030368373
0.0030365079
0.0
0.0
0.0030354983
0.003035155
0.0030348075
0.0030344569
0.0030341025
0.0
0.0
0.0
0.0
0.003032278
0.0030319025
0.0
-0.0030311407
0.0
0.0
0.0
-0.0030295746
-0.0030291742
-0.0030287702
0.0
0.0
-0.0030275374
-0.0030271192
0.0
-0.0030262724
-0.0030258438
-0.0030254116
-0.006049952
0.0
-0.003024094
-0.0030236477
0.0
-0.0030227446
-0.0030222875
-0.0030218272
0.0
0.0
0.0
0.0
0.0
-0.0030189909
-0.0030185059
0.0
0.0
-0.0030170297
0.0
0.0
0.0
0.0
0.006028998
0.0
0.0
0.0
-0.0030124118
0.0
0.0
0.0
0.0
0.0
0.0030091756
0.0
0.003008069
0.0030075102
0.0
0.0030063826
0.0
0.0030052413
0.0030046653
0.0030040857
0.0030035027
0.0030029162
-0.0030023265
-0.003001733
0.0030011362
0.0030005358
-0.002999932
-0.0029993248
-0.002998714
-0.0029981
-0.0029974822
-0.005993722
-0.0059924726
-0.0029956084
-0.0059899534
-0.0059886836
-0.0059874067
-0.0029930614
-0.005984832
-0.0059835347
-0.00598223
-0.0059809186
-0.0059796004
-0.005978275
-0.005976943
-0.002987802
-0.0029871291
0.0
-0.002985773
-0.0059701796
-0.005968806
-0.0029837128
0.0
0.0
0.0
0.0
-0.0029802108
-0.0059590004
-0.0029787861
-0.005956137
-0.0029773477
-0.0029766234
-0.0029758955
-0.0029751642
-0.0059488593
0.0
0.0
0.0
0.0
0.0
0.0029699504
0.002969192
0.0059368606
0.002967665
0.0
0.0029661243
0.0
0.0
0.002963788
0.0029630025
0.0029622135
0.0029614212
0.0029606256
0.0
0.002959024
0.002958218
0.0
0.0
0.0
0.0
0.0029541384
0.0
0.0
0.0
-0.002950814
-0.0029499745
0.0
0.0
0.0
0.0
0.0
0.0
0.0
0.0029431384
-0.0029422687
-0.0029413959
0.0
-0.00293964
-0.0029387572
0.0
-0.0029369814
0.0
0.0
0.0
0.0
0.0
0.0029315744
0.0029306617
0.0029297455
0.0029288263
0.0029279036
0.0029269776
0.0029260484
-0.0029251156
-0.00292418
0.0029232407
0.0029222982
0.0029213524
0.005840807
0.002919451
0.0029184956
0.0029175368
0.0029165747
0.0058312183
0.0029146406
0.0
0.0029126934
0.0058234297
0.0029107332
0.0058194962
0.00581752
0.0029077684
0.0058135474
0.005811551
0.0029047744
0.0029037697
0.002902762
0.002901751
0.0029007369
0.0028997194
0.0028986987
0.0028976747
0.0028966474
0.0028956172
0.0028945834
-0.0028935466
0.0028925065
0.0028914632
-0.002890417
-0.002889367
-0.0057766284
-0.002887258
0.0
-0.0028851363
-0.0028840704
-0.0028830015
-0.0028819295
-0.002880854
-0.0028797756
-0.0028786939
0.0
-0.0028765209
-0.0028754298
0.0
0.0028732377
0.002872137
0.0
0.002869926
0.0
0.0
0.0
0.0
0.0
0.002863217
0.0028620877
0.0028609554
0.0
0.0028586814
0.0028575396
0.0
0.0
0.0
0.0028529412
0.0028517838
0.0028506233
0.0028494596
0.0
0.002847123
0.0
0.0
0.0028435946
0.0028424123
0.002841227
0.0
0.0
0.0
0.0
0.0028352535
0.0028340495
0.0028328425
0.0028316325
0.0028304192
0.0
0.0028279838
0.0028267615
0.0
0.0028243074
0.0
0.0028218413
0.0
0.0
0.0
0.0
0.0
0.0
-0.0028131139
0.0
0.002810593
-0.0028093278
0.0028080598
0.0
0.0
0.0
-0.0028029578
0.0
0.0
-0.0027990995
-0.0027978073
-0.0027965123
-0.0055904286
0.0
-0.0027926092
-0.0027913023
0.0
-0.0027886792
0.0
0.0
0.0027847225
0.0027833977
0.0
0.0
0.0
0.0
0.0027767292
0.0027753867
0.0
-0.0027726928
0.0
0.002769987
0.00553726
0.0027672697
0.0
0.0027645405
0.0
0.0027617998
0.0055208504
0.0
0.0
0.0
0.0
-0.0027535078
-0.0027521157
-0.0027507208
-0.005498646
-0.0027479222
-0.005493037
-0.002745112
-0.0027437026
-0.0054845805
-0.0027408751
-0.0054789144
-0.0054760724
-0.0027366127
-0.0027351861
-0.0027337568
-0.0027323244
-0.0027308895
-0.0027294515
-0.0054560215
-0.0027265672
-0.0027251206
-0.0027236715
-0.0027222193
-0.0027207646
0.0
-0.0027178463
-0.0027163832
-0.002714917
-0.0027134481
-0.0027119764
-0.002710502
-0.0027090246
-0.0027075447
-0.0054121236
-0.0027045761
-0.0027030879
-0.0027015966
-0.0027001027
-0.002698606
-0.0026971065
-0.0053912085
-0.0026940994
-0.0026925916
-0.0026910813
-0.002689568
-0.0026880521
-0.0026865334
-0.005370024
-0.0053669754
-0.005363922
-0.0053608627
-0.005357798
-0.005354728
-0.0053516524
-0.0053485716
-0.0053454856
-0.0053423936
-0.0026696483
-0.0026680971
-0.0053330865
-0.0026649865
-0.0053268545
-0.0053237304
-0.005320601
-0.005317467
-0.005314327
-0.007966773
-0.005308031
-0.007957312
-0.007952571
-0.007947821
-0.0052953754
-0.002646099
-0.007933524
-0.007928742
-0.0052826353
-0.005279437
-0.005276234
-0.0052730255
-0.0052698115
-0.007899889
-0.005263368
-0.005260139
-0.002628452
-0.005253664
-0.0026252095
-0.0026235844
-0.00786587
-0.007860979
-0.005237387
-0.007851174
-0.0052308403
-0.0052275592
-0.005224273
-0.0026104907
-0.005217685
-0.0052143834
-0.0026055383
-0.005207765
-0.005204448
-0.0052011264
-0.0025988996
-0.0025972337
-0.002595565
-0.002593894
-0.005184441
-0.0025905445
-0.0025888658
-0.0025871848
-0.0025855012
-0.0051676305
-0.0025821265
-0.0025804355
-0.002578742
-0.002577046
-0.0025753477
-0.0025736466
-0.0025719432
-0.0025702373
-0.002568529
-0.0025668181
-0.002565105
-0.0025633893
-0.0051233424
-0.005119901
-0.0051164553
-0.0051130042
-0.0051095486
-0.005106088
-0.0051026223
-0.005099152
-0.0025478385
-0.005092197
-0.0025443563
-0.0025426117
-0.005081729
-0.00507823
-0.002537363
-0.0025356088
-0.0050677042
-0.005064186
-0.007590995
-0.007585704
-0.0050536036
-0.0050500664
-0.0025232625
-0.0050429786
-0.0050394274
-0.0050358716
-0.005032311
-0.002514373
-0.0050251763
-0.0050216024
-0.0050180233
-0.0050144396
-0.007516277
-0.0050072586
-0.005003661
-0.005000059
-0.0049964525
-0.004992841
-0.0049892254
-0.0024928025
-0.00498198
-0.0049783504
-0.0049747163
-0.004971078
-0.004967435
-0.0024818936
-0.0024800678
-0.0074347183
-0.0024764088
-0.0049491525
-0.002472741
-0.004941808
-0.004938129
-0.004934446
-0.004930758
-0.0073905988
-0.009846739
-0.004919668
-0.0073739444
-0.004912253
-0.0073628086
-0.0073572304
-0.0049010976
-0.0048973705
-0.0048936387
-0.0048899027
-0.0048861625
-0.004882418
-0.004878669
-0.0073123737
-0.0048711584
-0.004867397
-0.0048636305
-0.0024299303
-0.004856086
-0.0024261535
-0.004848524
-0.004844737
-0.0048409454
-0.0048371498
-0.0048333495
-0.0048295455
-0.0024128687
-0.0024109625
-0.0048181084
-0.0024071436
-0.0048104622
-0.0048066336
-0.0024014001
-0.0047989627
-0.0047951215
-0.004791276
-0.0047874264
-0.0047835726
-0.0023898573
-0.0023879264
-0.0023859935
-0.0023840584
-0.0023821215
-0.0023801825
-0.0023782414
-0.0023762984
-0.0023743534
-0.0023724062
-0.0023704572
-0.0023685063
-0.0023665533
-0.0023645982
-0.0023626413
-0.0023606822
-0.0023587213
-0.0023567586
-0.0023547937
-0.002352827
0.0
0.0
0.0
0.0
-0.002342964
0.0
-0.0023390055
0.0
0.0
0.0
0.0
0.0
0.0
0.0
0.0
0.0
0.0
0.0
-0.002315094
0.0
-0.0023110826
0.0
0.0
0.0
0.0
0.0
0.0
0.0
0.0
0.0
0.0
0.0
0.0
0.0045696585
0.0
-0.0022807634
-0.0022787277
0.0
0.0
0.0
0.0
0.0
0.0
0.0
0.0
0.0
0.0045165485
0.0
0.0045083254
0.0
0.0
0.0044959653
0.0
0.0
0.0
0.0
0.0
0.0
0.0
0.0
0.0
0.0
0.0
0.0
0.002221027
0.0
0.0
0.0
0.0
0.0
0.0
0.0
0.0
0.0044044056
0.0044002063
0.0043960037
0.0043917983
0.0
0.0021916889
0.0021895813
0.0021874723
0.0021853617
0.0021832495
0.0021811358
0.0021790206
0.0021769037
0.0021747854
0.0021726657
0.0043410882
0.0
0.0021662968
0.004328342
0.0021620435
0.0021599147
0.0021577843
0.0021556523
0.0021535188
0.002151384
0.0021492478
0.0
0.0021449707
0.00214283
0.0021406878
0.002138544
0.002136399
0.0021342526
0.0021321047
0.0021299555
0.0021278046
0.0021256523
0.0021234988
0.0021213437
0.0021191873
0.0021170296
0.0
0.0021127097
0.0021105479
0.0
0.0021062198
0.0
0.002101886
0.0020997173
0.0020975473
0.0020953757
0.002093203
0.0020910287
0.0
0.0020866764
0.0020844983
0.0020823188
0.002080138
0.002077956
0.0020757725
0.0041471757
0.0041428036
0.004138429
0.0041340524
0.0041296724
0.0041252906
0.002060453
0.0020582592
0.004112129
0.0020538683
0.002051671
0.004098945
0.0040945453
0.0040901434
0.0020428693
0.0040813317
0.0020384612
0.0040725106
0.0020340483
0.00203184
0.0040592607
0.0040548397
0.004050416
0.00404599
0.0060623423
0.0040371306
0.0060490468
0.0040282626
0.004023825
0.0060290773
0.004014943
0.0060157473
0.006009077
0.006002404
0.0039971513
0.0039926977
0.005982363
0.0059756762
0.005968986
0.003974862
0.0039703976
0.0019829655
0.001980731
0.0019784956
0.0059287776
0.003948043
0.005915349
0.00590863
0.005901908
0.0019650608
0.0
0.0019605744
0.0058749886
0.005868251
0.007815347
0.0019515889
0.00389868
0.0038941803
0.0019448393
0.0019425874
0.0019403347
0.0038761615
0.001935826
0.0038671405
0.0038626273
0.0038581118
0.0038535947
0.0038490756
0.0038445545
0.0038400318
0.0038355072
0.0038309805
0.0019132261
0.003821922
0.00381739
0.0038128563
0.0038083205
0.0038037833
0.003799244
0.0037947032
0.0018950802
0.003785616
0.001890535
0.0018882611
0.0037719726
0.005651132
0.0037628685
0.0037583138
0.0037537576
0.0037491997
0.0037446402
0.003740079
0.0056032743
0.0055964277
0.0055895783
0.005582727
0.0055758734
0.005569017
0.0055621588
0.0055552977
0.005548435
0.0055415696
0.0036898013
0.005527832
0.00552096
0.0055140853
0.005507209
0.00550033
0.0054934495
0.005486566
0.005479681
0.0054727937
0.0054659043
0.005459013
0.0036347462
0.0054452233
0.005438326
0.0036209507
0.0018081748
0.0018058736
0.0036071432
0.0018012691
0.0053968974
0.005389986
0.003588715
0.0053761574
0.0035794934
0.0035748808
0.0017851334
0.0017828258
0.0017805176
0.0017782088
0.0035517989
0.0017735894
0.0017712789
0.0017689677
0.0017666561
0.0017643437
0.0017620309
0.003519435
0.0035148072
0.001755089
0.0017527741
0.003500917
0.0034962848
0.0052374774
0.0034870172
0.001741191
0.0034777457
0.0017365542
0.0034684702
0.0034638308
0.0034591907
0.0034545495
0.0017249536
0.0
0.0034406201
0.0034359752
0.0034313295
0.0017133413
0.0017110176
0.0017086933
0.0
0.003408087
0.003403436
0.0033987842
0.0033941315
0.001694739
0.0033848237
0.0016900843
0.0033755128
0.0033708562
0.0033661989
0.0033615408
0.003356882
0.0016761112
0.0016737811
0.0033429014
0.0016691198
0.0033335774
0.0033289145
0.0016621253
0.0016597933
0.0016574608
0.0016551281
0.001652795
0.0016504617
0.001648128
0.0016457941
0.0
0.0
0.0016387906
0.0016364555
0.0016341202
0.0032635694
0.0
0.0016271129
0.0032495533
0.0
0.0016201034
0.0
0.0
0.0016130919
0.0016107543
0.0016084164
0.0016060785
0.0016037404
0.0
0.0015990634
0.0015967247
0.0015943858
0.0
0.0
0.0
0.0
0.0
-0.0015803494
0.0
0.0
0.0015733294
0.0
0.0015686488
0.0
0.0015639679
0.0015616273
0.0
0.0015569457
0.0
0.0
-0.001549923
0.0
0.0
-0.0015428996
0.0
0.0015382172
0.0
0.0
0.0
-0.0015288522
-0.0015265108
0.0015241695
0.0
-0.0015194869
-0.0015171455
0.0
0.0
0.0
0.0
0.0
-0.0015030985
0.0
-0.0014984165
0.0
0.0
-0.0014913941
0.0
0.0
0.0
0.0
0.0
0.0
0.0
0.0
0.0
0.0
-0.0014656524
0.0
0.0
-0.0014586346
0.0
0.0
0.0
-0.0014492797
0.0
0.0
-0.0014422656
-0.0014399278
0.0
0.0014352531
-0.001432916
0.0
0.0
0.0
0.0
0.0
0.0
0.0
-0.0014142278
-0.0014118929
-0.0014095583
-0.001407224
0.0
-0.0014025561
-0.0014002225
-0.0013978893
-0.0013955565
0.0
0.0
-0.0027771192
-0.001386228
-0.0027677934
-0.0027631314
-0.0013792351
-0.0013769048
0.0
-0.0013722453
0.0
0.0013675871
0.0013652586
0.0013629305
0.0013606028
0.0013582754
-0.0013559485
0.001353622
0.0013512959
0.0013489701
0.0013466448
-0.0013443199
-0.0013419954
0.0013396714
-0.0013373479
0.0013350247
0.001332702
0.0013303797
0.0013280581
0.0013257368
0.0013234159
0.0013210955
0.0013187756
0.0013164562
0.0013141374
0.001311819
0.001309501
0.0
0.0013048667
0.0013025504
0.0013002346
0.0012979193
0.0012956045
0.0012932903
0.0012909767
0.0012886636
0.001286351
0.001284039
0.0012817276
0.0012794167
0.0012771065
0.0012747968
0.0012724877
0.0012701792
0.0
0.0
0.0012632573
0.0
0.0
0.0
-0.0025080738
0.0
0.0
0.0
0.0
0.0
0.0
-0.002475852
0.0
0.0
0.0
0.0
0.0
-0.001224143
-0.0012218483
-0.0012195542
-0.001217261
-0.0012149684
-0.0024253533
-0.0024207712
0.0
-0.0012058056
0.0
-0.0012012287
-0.0023978828
-0.0023933097
-0.0023887383
-0.0023841683
-0.0023796
-0.002375033
-0.0023704679
-0.0011829521
-0.0023613423
-0.0011783909
-0.002352223
-0.002347666
-0.0023431105
-0.0023385568
-0.0011670024
0.0
-0.0011624529
-0.0011601793
-0.0023158134
-0.0011556349
-0.0011533641
-0.001151094
-0.0011488249
0.0
0.0
-0.0011420228
0.0
0.0
0.0
-0.0011329661
-0.0011307042
0.0
0.0
-0.0011239242
-0.001121666
0.0
-0.0011171526
0.0
0.0
0.0
0.0
-0.0011058861
-0.0011036358
0.0
-0.0010991379
0.0
0.0010946443
-0.0010923989
-0.0010901546
-0.0010879113
-0.001085669
-0.0010834278
-0.0010811876
-0.0010789485
-0.0010767104
-0.0010744734
-0.0010722374
-0.0010700026
-0.0010677687
-0.0010655359
-0.0010633043
-0.0010610737
-0.0010588443
-0.0010566158
-0.0010543886
-0.0010521624
-0.0010499373
-0.0010477134
-0.0010454906
-0.001043269
-0.0020820969
-0.002077658
-0.0010366108
-0.0020687873
-0.0020643554
-0.001029963
-0.0010277494
-0.0010255369
-0.0010233257
-0.0020422311
-0.0010189067
-0.001016699
-0.002028985
-0.0010122872
-0.0010100831
0.0
-0.0010056787
-0.0010034782
-0.001001279
-0.0019981621
-0.0019937688
-0.001989378
0.0
0.0
0.0
-0.0019718392
-0.0019674608
-0.001963085
-0.0019587118
-0.0019543413
9.749866E-4
9.7280386E-4
0.0
9.684423E-4
0.0
0.0
0.0
0.0
9.575615E-4
9.553893E-4
0.0
0.0
0.0
0.0
9.445487E-4
0.0
9.40222E-4
0.0
0.0
-9.337423E-4
-9.315852E-4
0.0
-9.272752E-4
-9.251223E-4
-9.229708E-4
-9.2082075E-4
-9.1867207E-4
0.0
-9.143791E-4
0.0
0.0
-9.0795045E-4
0.0
0.0
0.0
-8.993992E-4
-8.9726516E-4
0.0
0.0
-8.908717E-4
-8.887435E-4
0.0
-8.8449166E-4
-8.82368E-4
-8.802459E-4
-8.7812525E-4
-8.7600615E-4
-8.738886E-4
-8.717726E-4
-8.696581E-4
-8.6754514E-4
-8.654338E-4
-8.633239E-4
0.0
-8.591089E-4
-8.570038E-4
-8.549002E-4
-8.527982E-4
-8.506978E-4
-8.48599E-4
0.0
-8.4440614E-4
0.0
-8.402197E-4
-8.3812897E-4
0.0
-8.339522E-4
-8.318663E-4
-8.29782E-4
-0.0016553988
-8.2561834E-4
-8.23539E-4
-0.0016429226
-8.193853E-4
-8.173109E-4
-8.1523816E-4
-8.1316713E-4
-8.110978E-4
-0.0016180602
-8.069641E-4
-0.0016097996
-0.0016056744
-8.007763E-4
-0.0015974343
-0.0015933193
-7.946039E-4
-7.9254986E-4
-0.001580995
-0.001576894
-0.0015727963
-0.001568702
-0.0015646113
-0.0015605241
-0.0015564404
-0.0015523601
-0.0015482835
-0.0015442105
-7.700704E-4
-7.6803745E-4
-0.0015320124
-7.639768E-4
-0.0015238983
-7.599233E-4
-7.5789925E-4
0.0
-0.0015077132
-7.5183803E-4
-7.4982125E-4
-0.0014956127
-7.457932E-4
-0.0014875638
-7.4177247E-4
-7.397649E-4
-7.3775917E-4
-7.357553E-4
-0.0014675065
-0.0014635063
-0.0014595096
-7.277584E-4
-7.2576385E-4
-7.237712E-4
-0.0014435609
-7.1979157E-4
-0.0014356092
-7.1581954E-4
-7.138364E-4
-0.0014237103
-7.098758E-4
-0.0014157968
-7.059229E-4
-7.0394936E-4
-0.0014039555
-0.0014000161
-6.980403E-4
-0.001392149
-0.0013882214
-0.0013842976
-6.901889E-4
-6.8823097E-4
-0.0013725499
-0.001368642
-6.82369E-4
-6.804189E-4
-6.784709E-4
-6.765249E-4
-6.745808E-4
-6.7263877E-4
-0.0013413975
-6.6876074E-4
-6.6682475E-4
-6.6489074E-4
-6.6295883E-4
-6.610289E-4
0.0
0.0
0.0
0.0
0.0
0.0
-6.4757676E-4
0.0
-6.437518E-4
0.0
0.0
0.0
0.0
0.0
6.32327E-4
0.0
0.0
-6.2664296E-4
0.0
0.0
0.0
-6.1909383E-4
-6.172119E-4
0.0
0.0
-6.1157893E-4
-6.097056E-4
0.0
-6.059653E-4
-6.0409843E-4
-6.0223375E-4
-6.0037116E-4
0.0
-5.966527E-4
-5.947967E-4
0.0
0.0
-5.892419E-4
0.0
-5.8554974E-4
-5.8370695E-4
0.0
-5.800281E-4
-5.78192E-4
-5.763581E-4
0.0
0.0
0.0
5.690451E-4
5.672224E-4
0.0
0.0011271678
5.617681E-4
0.0
-5.5814313E-4
0.0
5.5452733E-4
-5.527229E-4
0.0
0.0
0.0
5.4552796E-4
0.0
-0.0010838886
-5.40156E-4
0.0
5.365863E-4
0.0
0.0
-5.3124916E-4
-5.294748E-4
-5.277028E-4
0.0
0.0
-5.224009E-4
-5.206383E-4
0.0
0.0
5.1536475E-4
5.1361165E-4
5.1186094E-4
-5.101126E-4
-5.0836673E-4
-5.066232E-4
0.0
0.0
5.0140696E-4
0.0
-4.9794157E-4
0.0
-4.9448584E-4
0.0
0.0
0.0
0.0
-4.858891E-4
0.0
-4.824675E-4
0.0
0.0
0.0
0.0
0.0
0.0
-4.7056953E-4
4.6887973E-4
0.0
4.655076E-4
0.0
0.0
0.0
0.0
0.0
4.5545123E-4
0.0
0.0
0.0
-4.4879733E-4
0.0
0.0
-4.4383353E-4
0.0
-4.4053706E-4
0.0
0.0
-4.356115E-4
0.0
0.0
4.3070907E-4
0.0
0.0
4.2582984E-4
4.242086E-4
0.0
0.0
0.0
0.0
0.0
4.1453578E-4
4.129328E-4
0.0
0.0
0.0
4.0654704E-4
4.0495716E-4
4.0336995E-4
4.0178536E-4
4.0020343E-4
3.9862416E-4
3.9704752E-4
3.9547356E-4
3.9390224E-4
3.923336E-4
3.9076761E-4
0.0
0.0
3.8608574E-4
3.845305E-4
0.0
0.0
0.0
-3.7833632E-4
0.0
-3.7525545E-4
-3.737191E-4
-3.721854E-4
-3.7065445E-4
0.0
0.0
-3.6607796E-4
-3.645579E-4
-3.630406E-4
0.0
0.0
-3.585051E-4
3.5699873E-4
0.0
0.0
-3.5249625E-4
0.0
0.0
0.0
3.465316E-4
0.0
0.0
0.0
0.0
0.0
0.0
0.0
0.0
0.0
0.0
0.0
0.0
0.0
-3.2600667E-4
0.0
0.0
6.4336037E-4
0.0
0.0
0.0
-3.1595124E-4
0.0
0.0
0.0
-3.1026787E-4
-3.0885419E-4
0.0
-3.060354E-4
-3.0463032E-4
0.0
-3.0182875E-4
0.0
-2.9903874E-4
-2.9764805E-4
0.0
0.0
0.0
0.0
0.0
0.0
-2.8799445E-4
-2.86627E-4
0.0
0.0
0.0
0.0
-2.7983356E-4
-2.7848364E-4
0.0
-2.7579267E-4
-2.7445157E-4
0.0
-2.7177826E-4
0.0
0.0
-2.6779043E-4
0.0
0.0
-2.6382925E-4
-2.625148E-4
0.0
-2.5989482E-4
-2.585893E-4
-2.5728677E-4
-2.5598722E-4
0.0
-2.533971E-4
-2.5210652E-4
0.0
-2.4953438E-4
0.0
-2.4697426E-4
-2.4569873E-4
0.0
-2.4315667E-4
2.4189017E-4
0.0
0.0
-2.3810883E-4
-2.3685445E-4
0.0
-2.3435478E-4
2.3310952E-4
0.0
2.306281E-4
0.0
0.0
2.2692885E-4
0.0
2.2447799E-4
2.2325714E-4
0.0
2.2082466E-4
2.1961302E-4
2.1840447E-4
2.1719899E-4
-2.159966E-4
2.1479727E-4
0.0
-2.124079E-4
2.1121786E-4
2.100309E-4
2.0884706E-4
2.0766631E-4
2.0648866E-4
-2.0531412E-4
-2.0414268E-4
-2.0297436E-4
2.0180915E-4
2.0064706E-4
1.9948809E-4
1.9833224E-4
1.9717953E-4
1.9602993E-4
-1.9488347E-4
0.0
1.9259995E-4
0.0
1.9032898E-4
1.8919821E-4
0.0
1.8694613E-4
-1.858248E-4
1.8470665E-4
1.8359163E-4
-1.8247978E-4
0.0
0.0
1.7916324E-4
1.7806406E-4
0.0
1.7587522E-4
0.0
0.0
1.7261581E-4
0.0
0.0
0.0
0.0
0.0
-1.6618308E-4
0.0
0.0
0.0
0.0
3.2182096E-4
3.197312E-4
3.1764785E-4
3.155709E-4
0.0
0.0
0.0
0.0
0.0
0.0
1.506066E-4
0.0
0.0
2.9515693E-4
1.4657558E-4
2.9115187E-4
1.4457954E-4
1.435864E-4
1.425965E-4
0.0
1.4062651E-4
0.0
0.0
0.0
0.0
0.0
1.3479484E-4
1.3383434E-4
1.3287713E-4
1.3192318E-4
1.3097253E-4
1.3002516E-4
1.2908108E-4
1.2814028E-4
1.2720277E-4
2.525371E-4
1.2533764E-4
2.4882003E-4
2.4697138E-4
1.2256467E-4
1.2164696E-4
0.0
1.19821445E-4
2.3782732E-4
1.1800918E-4
1.17108015E-4
2.3242034E-4
1.1531563E-4
1.1442443E-4
1.13536546E-4
2.2530397E-4
1.1177075E-4
2.217857E-4
1.1001828E-4
1.0914704E-4
2.1655827E-4
2.1482914E-4
3.1966003E-4
2.1139091E-4
1.0484092E-4
1.0398972E-4
1.0314187E-4
1.02297374E-4
1.0145623E-4
1.0061843E-4
1.9956799E-4
9.8952914E-5
1.9625039E-4
2.919025E-4
2.8943951E-4
9.566221E-5
1.8969589E-4
1.880741E-4
2.7968857E-4
1.8485075E-4
1.832492E-4
1.816544E-4
9.003318E-5
8.924254E-5
8.845529E-5
8.767141E-5
8.689092E-5
8.6113825E-5
1.7068023E-4
8.4569794E-5
8.3802865E-5
1.6607868E-4
1.6455841E-4
1.6304494E-4
1.6153828E-4
8.001921E-5
7.927268E-5
1.5705911E-4
2.3336952E-4
1.5410707E-4
1.5264128E-4
1.5118232E-4
1.4973019E-4
7.414244E-5
1.4684642E-4
1.4541479E-4
7.1995004E-5
2.138581E-4
2.1174147E-4
2.0963511E-4
2.0753904E-4
1.3696884E-4
1.3558517E-4
2.0131258E-4
1.3283845E-4
2.629508E-4
1.9517883E-4
1.2876993E-4
1.2742751E-4
1.2609197E-4
1.2476333E-4
1.8516237E-4
1.2212672E-4
1.2081875E-4
2.3903538E-4
1.1822353E-4
1.7540442E-4
1.734839E-4
1.1438251E-4
1.1311599E-4
5.5928198E-5
1.10603716E-4
1.0935797E-4
5.4059572E-5
1.0688725E-4
1.0566229E-4
5.2222134E-5
5.1616593E-5
1.02029044E-4
5.041592E-5
0.0
4.9229147E-5
0.0
4.8056278E-5
4.747506E-5
4.6897323E-5
4.6323068E-5
4.57523E-5
4.5185014E-5
0.0
8.81218E-5
8.700816E-5
4.295074E-5
8.48018E-5
4.185455E-5
8.262339E-5
8.154467E-5
4.0236468E-5
1.191123E-4
7.8350466E-5
7.729973E-5
7.6256E-5
7.521927E-5
1.11284324E-4
1.0975026E-4
7.2151146E-5
7.1142465E-5
7.01408E-5
1.0371923E-4
6.815853E-5
6.717793E-5
3.310218E-5
6.5237815E-5
6.4278305E-5
3.1662912E-5
6.238038E-5
6.144198E-5
6.051061E-5
5.958629E-5
8.8003515E-5
5.775878E-5
5.68556E-5
5.5959466E-5
5.5070388E-5
5.4188364E-5
7.99701E-5
5.244549E-5
5.1584648E-5
5.0730865E-5
4.988415E-5
2.452225E-5
4.821192E-5
4.7386413E-5
2.3283988E-5
4.5756617E-5
0.0
2.2077566E-5
2.1682503E-5
2.1290984E-5
4.180601E-5
0.0
2.013768E-5
1.9760335E-5
1.9386534E-5
1.9016281E-5
1.8649576E-5
1.8286419E-5
1.7926812E-5
1.7570754E-5
1.7218248E-5
1.6869293E-5
1.6523893E-5
1.6182044E-5
1.584375E-5
0.0
1.5177828E-5
1.4850202E-5
-1.4526133E-5
0.0
0.0
1.3575279E-5
0.0
1.2959177E-5
1.2656468E-5
1.2357323E-5
0.0
0.0
1.1481268E-5
1.119638E-5
2.1830114E-5
1.0637302E-5
1.0363114E-5
1.0092493E-5
9.825441E-6
0.0
9.302046E-6
0.0
0.0
8.543734E-6
8.298108E-6
8.056054E-6
7.817573E-6
0.0
0.0
0.0
0.0
0.0
0.0
0.0
0.0
0.0
0.0
0.0
0.0
-5.0427525E-6
-4.854355E-6
-4.6695386E-6
0.0
0.0
-4.1365797E-6
0.0
-3.7991865E-6
0.0
-6.9522544E-6
-3.3199735E-6
0.0
-3.0184206E-6
-2.8730217E-6
-2.7312085E-6
-2.5929814E-6
-4.916681E-6
-2.3272864E-6
-4.3996383E-6
-2.075939E-6
-1.9556464E-6
-1.8389417E-6
-1.725825E-6
-1.6162967E-6
-3.0207138E-6
-2.816012E-6
-1.3092442E-6
-2.4281435E-6
-1.1224888E-6
-1.0344957E-6
-1.9001849E-6
-8.6927935E-7
-7.920567E-7
-7.1842453E-7
-6.483831E-7
-5.8193257E-7
-5.19073E-7
-4.598047E-7
0.0
0.0
-3.0354812E-7
0.0
0.0
-1.796167E-7
0.0
-1.14955505E-7
0.0
0.0
-4.4904837E-8
-2.8739146E-8
0.0
0.0
-1.796202E-9
-0.0
