0.26325348
0.12693216
0.18748811
0.13105983
0.089888476
0.10632589
0.12443794
0.8137639
1.211391
0.73946506
0.06064185
0.574308
0.53154355
0.22068937
0.48220497
0.5894933
1.8558388
1.4384074
0.5127905
0.99130374
2.8617716
3.1055937
4.260342
5.1036315
2.9308088
2.010636
1.2265909
1.8597519
2.8326979
0.8706261
1.1436725
1.6196666
2.0744505
1.7044575
1.2993132
0.8619114
0.19438444
0.96047616
0.77817446
0.8742357
0.7790564
0.4449812
1.7653247
4.043942
3.6299531
1.7311503
0.92250603
1.2313437
1.223438
1.091063
2.3750374
2.9986453
1.2593638
1.6015524
5.2650566
3.9053254
0.8870829
1.6659335
0.62567645
1.2426214
0.5489386
0.590751
0.41160625
1.0818515
1.1060536
1.270856
1.5551993
1.3784114
1.1348665
1.6258792
1.0090746
1.3339871
0.30550456
0.48841092
0.26134738
0.45017537
0.54388165
0.30762193
0.23114994
0.5118239
0.30464542
0.6889431
0.5596391
0.4260392
0.34430456
0.5874898
0.75635856
0.63320804
0.3804641
0.26602128
0.14565793
0.034789197
0.046042662
0.15426774
0.19702904
0.103052214
0.15179954
0.3911014
0.28201437
0.27770805
0.26863447
0.097719274
0.076861195
0.16751434
0.14004518
0.02288506
0.20623216
0.3466913
0.24524817
0.19934209
0.10581336
0.076265626
0.2903641
0.14280537
0.023922615
0.15162762
0.08085422
0.28990924
0.5795241
0.69966024
0.7895602
0.4849578
0.18950392
0.105086
0.18994236
0.15230718
0.22469784
0.12375496
0.14371157
0.1884492
0.38753462
0.3244225
0.3020302
0.45029244
0.46069264
0.29690018
0.23371586
0.29435527
0.10914311
0.22011049
0.33449367
0.18044105
0.36942646
0.40093172
0.3733698
0.4022613
0.19902591
0.12673046
0.08880424
0.13620514
0.07726793
0.3064453
0.30153897
0.13755682
0.10309154
0.19482623
0.34346303
0.5582976
0.41201046
0.2505139
0.24858776
0.12588084
0.21606493
0.27367795
0.082991526
0.13686241
0.10368211
0.14523263
0.2673858
0.11615493
0.370464
0.31024835
0.15481724
0.05404543
0.1982922
0.2050348
0.05262487
0.25501466
0.16068581
0.42514697
0.5557552
0.17675586
0.17756727
0.21268022
0.26452753
0.31354752
0.30134305
0.43787482
0.36863917
0.31569916
0.27145043
0.08576536
0.07492673
0.15256046
0.22178721
0.25919998
0.17504404
0.30178607
0.40245113
0.16317995
0.17060706
0.081307866
0.11643369
0.12026282
0.10650021
0.17921786
0.09597419
0.29246998
0.13618995
0.37098706
0.25561324
0.08903192
0.08107154
0.23582318
0.29136142
0.20768875
0.27544194
0.27662313
0.26259378
0.13092111
0.14983097
0.34846577
0.3328992
0.2589794
0.06887514
0.21085317
0.27943993
0.43399438
0.33183014
0.4421655
0.49571162
0.40691674
0.19211799
0.07414398
0.20546181
0.20619386
0.12760651
0.31316012
0.3224623
0.29615885
0.15080366
0.17755005
0.0546445
0.23802343
0.14158684
0.058043484
0.14535034
0.027524095
0.43691918
0.4961656
0.1638379
0.28897047
0.2273658
0.15492691
0.21218224
0.17738204
0.38246077
0.3545444
0.22714846
0.10216655
0.16546108
0.123114854
0.08357099
0.13446012
0.15568213
0.054477002
0.14978606
0.052779626
0.045239657
0.027127508
0.054319747
0.07208732
0.10906677
0.06244823
0.14914565
0.16333063
0.2510912
0.26557633
0.12644693
0.12297716
0.054091435
0.19540764
0.11751713
0.05932175
0.16772316
0.11383043
0.14995633
0.1501517
0.2064546
0.14924721
0.20383458
0.25620824
0.16091153
0.17831436
0.25379917
0.22958241
0.11402232
0.1431524
0.18849498
0.13212834
0.08238334
0.18492766
0.09704737
0.14499187
0.07507796
0.10321936
0.093153
0.060457006
0.11023767
0.158292
0.058274347
0.19726452
0.16675676
0.17962193
0.23422354
0.08230521
0.24196903
0.22783327
0.05547402
0.120385066
0.07898203
0.237604
0.22101244
0.09507165
0.107679345
0.14059414
0.021269392
0.14116739
0.041089997
0.21631205
0.3214948
0.25750512
0.2569135
0.29057202
0.079925686
0.26465935
0.26728448
0.07467037
0.051426813
0.09986914
0.035990458
0.16541359
0.014524878
0.060637116
0.047841936
0.15030691
0.38260058
0.4037368
0.18608418
0.16217166
0.3222891
0.23892948
0.12371896
0.12636423
0.2278071
0.2449725
0.15001518
0.101301916
0.115356736
0.29322526
0.3636679
0.26260978
0.027027326
0.04363266
0.13721211
0.09799071
0.18357164
0.370313
0.25017083
0.10082417
0.18368308
0.034419008
0.09314827
0.16735435
0.1730482
0.19320087
0.19860636
0.08056638
0.29973003
0.26389867
0.15360725
0.06927493
0.14779489
0.045133173
0.11151213
0.1988128
0.28049648
0.23701887
0.21715201
0.16353467
0.07437578
0.094247185
0.14095075
0.075450696
0.17887639
0.1998483
0.09589863
0.05050839
0.12983322
0.23746866
0.24116056
0.20613104
0.16911532
0.10206004
0.17159244
0.119963475
0.022810765
0.047675095
0.11188212
0.08152795
0.22360021
0.22577006
0.13811456
0.11130163
0.10119841
0.10555039
0.03019636
0.12648682
0.1805471
0.26859534
0.34767532
0.16885126
0.1751455
0.3461806
0.1792988
0.13924202
0.0602625
0.21697092
0.2163428
0.078386754
0.12517336
0.067429304
0.11778038
0.13664035
0.25023052
0.15862197
0.1536332
0.06773015
0.16564089
0.13192187
0.018353626
0.11087733
0.20183092
0.14787666
0.14267495
0.11081341
0.03635351
0.033273134
0.20515737
0.23040895
0.12778614
0.07260265
0.10668598
0.11588482
0.029464344
0.03127924
0.042846024
0.14745419
0.18220575
0.11481374
0.09608866
0.032209177
0.09704354
0.07947985
0.034435425
0.096310966
0.16088724
0.10322203
0.06647599
0.02789639
0.136886
0.16775008
0.053861372
0.11511439
0.10506276
0.110927396
0.16616538
0.0973729
0.021683712
0.09713241
0.101952136
0.0197308
0.07709402
0.08487431
0.08555919
0.036133092
0.044496235
0.022455242
0.100244746
0.12559645
0.09951234
0.060615763
0.046244774
0.09887077
0.049379382
0.029810796
0.0517309
0.012157496
0.039205983
0.08376269
0.107625276
0.11486594
0.044285167
0.09523138
0.14351022
0.07158663
0.080681846
0.15239559
0.08704529
0.052127007
0.043024413
0.061558656
0.09295
0.16725984
0.18465577
0.1817843
0.06994473
0.04755692
0.14831968
0.15105517
0.10776847
0.14196381
0.08408822
0.096837975
0.10410652
0.092190064
0.07193217
0.111560576
0.057913665
0.08592166
0.20076084
0.2743777
0.17482337
0.07647353
0.15523629
0.101538055
0.03885864
0.043126892
0.07039942
0.0649974
0.054868773
0.08560103
0.09066797
0.09141237
0.124884225
0.07963095
0.06994195
0.07797648
0.09103822
0.108824275
0.17984162
0.19323686
0.060957514
0.1390445
0.17499314
0.062951036
0.07971316
0.10086631
0.14556359
0.13235676
0.28501832
0.15725414
0.19679886
0.24137461
0.15009113
0.012579645
0.11486276
0.21714653
0.18647757
0.23200268
0.37009558
0.28037596
0.118367314
0.21631557
0.29100978
0.08204014
0.14346312
0.19784985
0.06057043
0.11640471
0.06282526
0.024878407
0.064826705
0.077581555
0.20846328
0.21279694
0.31780767
0.18102734
0.39107987
0.56431377
0.42377242
0.060719628
0.16397673
0.14407977
0.15627736
0.25701207
0.3917853
0.289916
0.38580617
0.2981522
0.14367755
0.04123331
0.10345979
0.12102477
0.20806935
0.2995343
0.21047433
0.080296956
0.14848725
0.2910416
0.36487213
0.2804882
0.0728992
0.29890928
0.3100934
0.123423316
0.13089819
0.19658959
0.12980855
0.19702068
0.3807538
0.36349747
0.2594759
0.14547609
0.08494509
0.05301087
0.15533333
0.1719465
0.08571795
0.1034081
0.17214201
0.16298549
0.11905104
0.13060573
0.11234958
0.16181089
0.18146057
0.21974781
0.107226394
0.10973328
0.1324515
0.1651496
0.1357301
0.0840939
0.14190765
0.15210512
0.17744023
0.1547862
0.09414948
0.20477583
0.094375946
0.1129699
0.085686184
0.23422018
0.23721506
0.090071134
0.076465495
0.07385445
0.13659362
0.27054697
0.26743346
0.26961476
0.15716434
0.22618864
0.2559207
0.18225823
0.0071178847
0.19351688
0.18379775
0.062305726
0.098459944
0.103653654
0.18485163
0.11640424
0.027914647
0.07218958
0.14171438
0.14904658
0.03872385
0.067899175
0.14149359
0.06633503
0.08139544
0.10284046
0.042131986
0.122449555
0.14253546
0.22925946
0.068613574
0.06263413
0.14301392
0.1385403
0.099129125
0.059423413
0.08094132
0.1492539
0.13940643
0.18658192
0.20010698
0.09589859
0.08770002
0.09679102
0.055243813
0.049134612
0.15033934
0.15340358
0.069649555
0.032243963
0.13480791
0.12959364
0.080233745
0.099365644
0.16621937
0.19266625
0.14356832
0.10118881
0.17411982
0.15139773
0.06989985
0.11373044
0.095572695
0.015158086
0.12711634
0.088928014
0.0981508
0.09317262
0.09527346
0.14199775
0.09204193
0.11778787
0.08530738
0.08340768
0.14912783
0.13452207
0.099278376
0.07031119
0.091185436
0.10323817
0.08069718
0.107350126
0.10633519
0.05876611
0.10441351
0.06507416
0.06925706
0.10487977
0.07521505
0.10727891
0.14010268
0.07885968
0.05119289
0.101182036
0.04006247
0.08077801
0.08545497
0.043372203
0.02733151
0.101709045
0.09604163
0.071475536
0.044964958
0.04357755
0.11931299
0.17093292
0.14646994
0.12820831
0.07922933
0.04625382
0.078102954
0.07477656
0.03602603
0.12630735
0.0875466
0.022145784
0.1127076
0.15181479
0.117603
0.08443653
0.053910714
0.039370123
0.06835205
0.093721054
0.07532777
0.013522123
0.06391031
0.019365098
0.0741965
0.08849026
0.11047731
0.10287376
0.07541894
0.018153416
0.056332562
0.11009637
0.080782935
0.04835737
0.0789276
0.06947143
0.10321812
0.037366517
0.0702651
0.050158832
0.13128996
0.22108859
0.1931288
0.13951097
0.060735654
0.06722316
0.049430013
0.038652632
0.032250125
0.02040512
0.021106787
0.032902867
0.11113793
0.15189287
0.111181915
0.051188774
0.050465677
0.10939232
0.11319239
0.14885387
0.08145672
0.037433542
0.045725707
0.09913928
0.07907131
0.09868073
0.12560347
0.14459777
0.09752553
0.025004087
0.061673954
0.054674763
0.046754338
0.12619369
0.13427661
0.04078576
0.041256238
0.011848796
0.041433457
0.0488517
0.07569256
0.07122953
0.11151344
0.11674564
0.07574974
0.113410376
0.07770621
0.039109647
0.05585959
0.036012445
0.103589684
0.075140335
0.06858334
0.13349935
0.08650989
0.023920538
0.03596896
0.092855155
0.06807873
0.06292582
0.07911376
0.12869184
0.07019758
0.07726791
0.03697723
0.053240087
0.057617392
0.041768536
0.008118621
0.086361
0.07597487
0.049039472
0.06933724
0.06142528
0.07256759
0.074032225
0.041271903
0.08391441
0.098491885
0.061375055
0.08032483
0.1679346
0.08714082
0.026668241
0.034670576
0.080191046
0.12881294
0.10143336
0.086442135
0.0077964542
0.0310005
0.08936154
0.08602562
0.051571157
0.020566482
0.011761195
0.0029378254
0.02769579
0.008617682
0.05428054
0.0771168
0.054881483
0.057933982
0.0255507
0.010082403
0.07781847
0.09624109
0.018952802
0.06754678
0.07626051
0.098871656
0.14346461
0.08671091
0.007208281
0.034520444
0.05536645
0.051964965
0.051920846
0.07401334
0.11082534
0.09520259
0.034193728
0.091441765
0.049269523
0.03196677
0.043981764
0.0785789
0.07398325
0.068061605
0.024188101
0.06971748
0.12258659
0.09558261
0.059966013
0.053935472
0.06870396
0.07069339
0.06624032
0.022518458
0.029993042
0.08433386
0.02149458
0.12652364
0.11524531
0.04904345
0.073518336
0.0952448
0.1198612
0.048215073
0.035601098
0.03690741
0.04025233
0.02921425
0.08500111
0.057913702
0.049337752
0.032398093
0.055302165
0.039635394
0.031063234
0.075659335
0.117547065
0.04412618
0.06747821
0.10869436
0.0761183
0.034250684
0.045641024
0.052710805
0.026289077
0.0819359
0.10943779
0.06435341
0.048836775
0.05444997
0.05455247
0.050690375
0.055978503
0.042504903
0.10069069
0.11111983
0.07555612
0.12470436
0.1355617
0.13388355
0.116689526
0.100757994
0.043187357
0.016225697
0.025593922
0.11729406
0.13876887
0.022894088
0.09468603
0.0732911
0.03148515
0.03719694
0.048028626
0.059576686
0.048001967
0.024983952
0.03708233
0.026920618
0.021556027
0.03401736
0.07780284
0.07048802
0.07113745
0.03819916
0.009362571
0.022702849
0.06566389
0.09011651
0.080543965
0.023432279
0.059853256
0.06555156
0.032588817
0.030519761
0.062030155
0.03199631
0.040594067
0.037280466
0.017983168
0.019228876
0.04156629
0.07606556
0.012218554
0.062035948
0.1031352
0.043244902
0.084936306
0.10423495
0.11116012
0.14457846
0.094180055
0.019295402
0.04958535
0.086381145
0.086822845
0.051916797
0.050628338
0.081296474
0.0117276525
0.09722645
0.0938152
0.07788616
0.050043263
0.043137953
0.05997278
0.0602423
0.114928275
0.1781335
0.08643174
0.08322764
0.11573819
0.11351455
0.11570828
0.08514275
0.031317588
0.04611483
0.09029816
0.08503303
0.04565877
0.020087931
0.076571316
0.097636625
0.04080078
0.054171305
0.05634414
0.04478312
0.045305405
0.049811814
0.080616236
0.1266091
0.13331823
0.11925328
0.11518058
0.12682259
0.12820756
0.08287415
0.061243992
0.06387855
0.1692049
0.21623877
0.13708784
0.05203267
0.07110653
0.10720042
0.073471606
0.06287396
0.065093316
0.08115087
0.12938954
0.10495048
0.04361575
0.030293014
0.02984065
0.05806085
0.06283308
0.014476604
0.04098934
0.071692176
0.052056324
0.048795152
0.040457796
0.07185921
0.05556818
0.070207104
0.022755321
0.07108709
0.045403175
0.0103249205
0.0326846
0.056752246
0.087673336
0.07483884
0.05540566
0.11950273
0.0863161
0.11870655
0.046775866
0.047009777
0.025462167
0.1025584
0.06970617
0.036060978
0.018679941
0.038987864
0.041759916
0.054888222
0.024357583
0.027214132
0.037285164
0.056573793
0.064585
0.040211707
0.07453006
0.10624159
0.025267709
0.07703081
0.012363106
0.05383247
0.06975067
0.017673114
0.12567769
0.08523028
0.020412587
0.040070407
0.03524797
0.044271965
0.02904399
0.0345793
0.07362699
0.060658
4.194881E-4
0.038933672
0.08081598
0.07307868
0.035513822
0.040970385
0.018135644
0.03916992
0.015019454
0.027354598
0.06091817
0.06451414
0.023768842
0.043888483
0.09465282
0.10881912
0.049639594
0.030248465
0.039633844
0.006966105
0.065887034
0.03829607
0.0523668
0.092787184
0.10579304
0.099175036
0.018104399
0.10899722
0.04409071
0.022204354
0.021483885
0.005753217
0.007677968
0.016893385
0.020006994
0.025709756
0.0650635
0.07435451
0.07901782
0.06841677
0.077379815
0.02753045
0.06775946
0.06167292
0.029122164
0.030145926
0.044529088
0.043095235
0.09332902
0.0667609
0.07011483
0.0070967725
0.13372298
0.15917516
0.06840811
0.049547203
0.05802595
0.10344941
0.09824764
0.073102
0.11179968
0.041468505
0.027448695
0.017288957
0.028627308
0.0433846
0.06399314
0.079381295
0.13339902
0.08944219
0.043683764
0.037391458
0.023217648
0.108353555
0.1258976
0.112215295
0.09554335
0.0329863
0.037215933
0.056077097
0.04669654
0.08897166
0.029848652
0.017685698
0.050452642
0.104757436
0.0681792
0.013052038
0.0570079
0.028944429
0.10925705
0.079899184
0.035020817
0.050060745
0.06549953
0.04702361
0.08303349
0.12950541
0.085351095
0.045357417
0.038621686
0.09877662
0.10178486
0.10051738
0.069130555
0.06832777
0.097655565
0.08807573
0.09204537
0.039741613
0.09773073
0.12926087
0.21338055
0.19317971
0.11554025
0.08317417
0.052465707
0.0391203
0.032868065
0.02605658
0.08831361
0.17670351
0.15784244
0.13072489
0.077828206
0.017101726
0.03869881
0.026429716
0.025161615
0.028339118
0.008738512
0.07005282
0.11865181
0.09512193
0.018090367
0.077358305
0.1155094
0.07208842
0.042362843
0.023376571
0.03173755
0.079212606
0.06892474
0.052472558
0.09656984
0.05017311
0.05870852
0.040553898
0.0307142
0.03122585
0.085070744
0.04767846
0.08491425
0.08772068
0.042990092
0.07081334
0.08857299
0.07539195
0.10124626
0.07138707
0.039342407
0.074265964
0.08124874
0.120186195
0.17275637
0.10301422
0.028674424
0.03619371
0.024328046
0.06710672
0.05268523
0.075055055
0.08765717
0.05987247
0.024172772
0.07227865
0.08759384
0.049738403
0.0721979
0.02364786
0.10627794
0.13793463
0.07000539
0.022986641
0.02451817
0.04162606
0.047626533
0.0050172363
0.05808658
0.06772444
0.06340082
0.029152958
0.058325917
0.08062336
0.029445736
0.011143479
0.03961748
0.035652395
0.050655805
0.06478955
0.047135156
0.083085455
0.09800422
0.0551881
0.06783966
0.03445294
0.08974086
0.08188311
0.032316424
0.036010515
0.063498355
0.058124606
0.056571532
0.016621482
0.042458404
0.0031982928
0.030949341
0.05875206
0.09576986
0.03317249
0.065452926
0.09802505
0.08950872
0.0800818
0.055105645
0.03152377
0.068848915
0.03363719
0.024039354
0.04204618
0.036964078
0.056116942
0.04550136
0.08908621
0.06825359
0.10039453
0.086244375
0.087488055
0.19219014
0.19789153
0.13075435
0.0690594
0.05515287
0.026413945
0.063741736
0.14317513
0.048541874
0.08119792
0.059315052
0.027961217
0.05533581
0.07625389
0.057259656
0.065707006
0.04384448
0.08747285
0.10016073
0.07856299
0.09874197
0.068006456
0.082389705
0.10737216
0.16794144
0.058845922
0.07462414
0.049383167
0.03456839
0.052815404
0.10836737
0.08645648
0.09907704
0.08649716
0.046893157
0.061597925
0.08299932
0.023047352
0.039322734
0.06050121
0.018859426
0.023191411
0.04701935
0.025627503
0.047209714
0.042680215
0.04924705
0.03405032
0.0749523
0.08506032
0.10270431
0.044813566
0.064055234
0.10541122
0.08196209
0.03546344
0.058293838
0.079840586
0.0520668
0.13983624
0.20362912
0.1463969
0.04117788
0.04543222
0.08528631
0.060953084
0.04664355
0.13712564
0.14289363
0.091867946
0.041758936
0.07924667
0.06485735
0.022552907
0.10301803
0.12919657
0.13814439
0.041912083
0.04203847
0.019062607
0.046536643
0.09031195
0.08548407
0.11816892
0.16217676
0.14074647
0.1188322
0.095642574
0.11303845
0.06419572
0.08657344
0.0232633
0.08353012
0.17555903
0.168977
0.19737534
0.08980727
0.059467874
0.0566089
0.020619716
0.017205883
0.066653006
0.08473701
0.12180797
0.10783872
0.07211513
0.11356734
0.09067877
0.13767654
0.050886404
0.118292816
0.05823009
0.103900366
0.05660414
0.03185581
0.07520706
0.062376462
0.03427232
0.045528717
0.07623038
0.073207535
0.056267958
0.066368185
0.14025928
0.13265146
0.0300844
0.09688299
0.07535353
0.039714117
0.028883634
0.03726489
0.03591554
0.07443135
0.06672162
0.038453445
0.100086175
0.12036076
0.090454206
0.07523973
0.04208274
0.07475089
0.024943957
0.07922833
0.1196576
0.029273748
0.038967073
0.055596635
0.05554088
0.021278983
0.023245774
0.03878047
0.004144626
0.014999641
0.059966378
0.11193116
0.073189765
0.018776562
0.06966691
0.076790206
0.04482058
0.047620784
0.05091503
0.103213206
0.15411082
0.1277352
0.11714497
0.04299391
0.07387965
0.04277084
0.03994493
0.08358972
0.044430524
0.017586235
0.01906506
0.03057123
0.07856884
0.042910516
0.08814799
0.067382045
0.118528314
0.09363878
0.07244799
0.034394708
0.020486616
0.085767955
0.078688696
0.032484215
0.06445215
0.061306156
0.062852435
0.018385697
0.08251687
0.035191692
0.02525823
0.103063986
0.18370949
0.15820463
0.070290536
0.07608536
0.062102243
0.017213397
0.08439185
0.106068976
0.14416759
0.15786207
0.11139111
0.06554884
0.060173884
0.07567405
0.087506145
0.079398625
0.07105936
0.059490148
0.06533294
0.06459931
0.055745263
0.008026635
0.037278473
0.018906195
0.07901399
0.10031557
0.05287578
0.14950567
0.15060848
0.10891785
0.08328943
0.07760392
0.08471714
0.11309681
0.054743435
0.049829002
0.08130145
0.08619846
0.04163838
0.019148782
0.045923866
0.041702908
0.017686708
0.109061845
0.10329274
0.044957977
0.041875884
0.07448206
0.011902559
0.050930593
0.035923626
0.034303043
0.031599283
0.049513005
0.041690357
0.11429193
0.15688477
0.12164615
0.100585476
0.07476013
0.01496827
0.033571374
0.01966024
0.072639145
0.053524934
0.04445996
0.024370518
0.028090747
0.06887253
0.12234821
0.13614017
0.15858538
0.15936889
0.09191281
0.0465061
0.07236668
0.097182155
0.08586758
0.04743093
0.017169986
0.074243166
0.059321824
0.034657486
0.030221922
0.059128925
0.038952556
0.07238459
0.051032092
0.039392784
0.08611237
0.0409566
0.01255237
0.08783398
0.11936145
0.1225054
0.12705983
0.13328595
0.061989564
0.036879554
0.04083006
0.0024014127
0.0750713
0.09972637
0.032854956
0.104606204
0.15936923
0.14641033
0.06469415
0.081932604
0.08915681
0.075140655
0.020320242
0.0452555
0.038391855
0.010418705
0.016693309
0.0551903
0.08988643
0.092116736
0.028174864
0.08349952
0.089029565
0.08496981
0.009112707
0.03764772
0.054390177
0.14794692
0.15110986
0.066638775
0.06985267
0.124318175
0.057704814
0.035577103
0.056943398
0.07653169
0.11922038
0.092912905
0.1018184
0.1667923
0.12969582
0.05448667
0.019746376
0.028145306
0.02592362
0.041028712
0.13079154
0.13271964
0.052489605
0.055706996
0.039935835
0.024554234
0.020929372
0.056352045
0.061904673
0.013239155
0.12047195
0.12975606
0.10958703
0.10681668
0.07213513
0.060253054
0.051266234
0.071401976
0.03627522
0.091019005
0.099534936
0.067178115
0.0592382
0.10747095
0.08151544
0.040489804
0.021731349
0.09704136
0.10518259
0.011144504
0.036546968
0.06236244
0.10359141
0.029746585
0.10228047
0.102966204
0.11771336
0.122553155
0.07941788
0.04447319
0.0382751
0.079233676
0.079599455
0.10132508
0.13718152
0.12305594
0.02925165
0.09008336
0.052186728
0.016553419
0.049127806
0.02795964
0.051946487
0.03262269
0.059874076
0.08849003
0.14790194
0.12838066
0.1285363
0.12042718
0.051673375
0.107740864
0.0854752
0.021761186
0.042550657
0.07544992
0.10545407
0.12067983
0.118867576
0.070199795
0.02453271
0.052631967
0.063775
0.031310696
0.043986525
0.08565932
0.13230133
0.15253778
0.06604464
0.021291161
0.04502442
0.05390421
0.015042634
0.013633165
0.08059083
0.08557115
0.06185644
0.09141807
0.14563088
0.119198956
0.072208256
0.015686342
0.041654732
0.07933763
0.060833134
0.07964234
0.09211153
0.064791724
0.031078056
0.031289175
0.04849867
0.014241573
0.016237754
0.12799178
0.14580922
0.043936513
0.07345336
0.101719074
0.08757828
0.055228926
0.04637418
0.12100194
0.12638687
0.03588192
0.078021646
0.1361422
0.15870547
0.09531041
0.06492603
0.05706147
0.10375417
0.049670875
0.030810265
0.069998175
0.055117216
0.015683029
0.07388208
0.118679434
0.06112197
0.036911406
0.09318287
0.104522645
0.039394196
0.011775926
0.053722788
0.037142165
0.053419773
0.08004804
0.060159914
0.022342939
0.04495198
0.056509566
0.01372176
0.04286041
0.07617693
0.058599137
0.023038762
0.076709904
0.06783205
0.10256217
0.08408538
0.063526124
0.042700455
0.09467943
0.07638195
0.015392246
0.046664882
0.04462677
0.034995236
0.07577727
0.040112827
0.012315447
0.02850347
0.01810881
0.02686317
0.012395113
0.038791336
0.029851586
0.07679611
0.05369529
0.05357927
0.033745542
0.020617291
0.037697636
0.021991149
0.034097336
0.023889486
0.032650985
0.08438892
0.05725112
0.013055598
0.034118365
0.041594874
0.051890854
0.06338868
0.02919679
0.054917023
0.072971724
0.025386177
0.057432845
0.06265465
0.031879343
0.0090972185
0.057096735
0.06331999
0.04650676
0.052095678
0.009091622
0.021340486
0.014493119
0.04717353
0.049871728
0.080252536
0.089766875
0.068496585
0.019614134
0.05005721
0.047023132
0.029895682
0.045484506
0.065024495
0.06142697
0.045721393
0.03410042
0.009390379
0.03685101
0.022092644
0.040470686
0.058553334
0.042163372
0.041604165
0.04353543
0.04412024
0.028818622
0.008036574
0.02299606
0.041620865
0.037811205
0.029353628
0.052627776
0.04615064
0.028278453
0.06366903
0.06867234
0.055688694
0.06528263
0.091069885
0.08876318
0.05058817
0.021507952
0.028789632
0.042367574
0.048047774
0.08606884
0.05560021
0.04037957
0.052431855
0.021414995
0.02121684
0.052276224
0.06401001
0.010287011
0.04277673
0.030820616
0.023286507
0.057820387
0.033515055
0.03165298
0.033753257
0.04128298
0.062313706
0.0393905
0.018198423
0.046810247
0.021431876
0.029006273
0.021799041
0.025301352
0.029143281
0.045744766
0.08071557
0.06731919
0.04461198
0.04867903
0.08114801
0.034055166
0.054430448
0.046170983
0.01935244
0.030085312
0.0125985565
0.013783285
0.0480306
0.02769556
0.043332186
0.041061256
0.012428563
0.011653441
0.018940585
0.03675796
0.017624388
0.03319855
0.033989824
0.024062352
0.013148678
0.01718042
0.025565242
0.017591756
0.010283858
0.015073064
0.02619041
0.047468252
0.048637275
0.043637697
0.054285094
0.013181862
0.037141364
0.026796538
0.037189454
0.056820225
0.04194571
0.01803102
0.05117063
0.080166094
-0.003051847
-0.0030518398
0.0
0.0
0.0030517967
0.003051775
0.00305175
0.0
0.0
0.0030516528
0.0
0.0030515704
0.0
0.0
0.0
0.0
0.003051301
0.0030512363
0.003051168
0.0
0.0
0.0
0.003050859
0.006101546
0.003050683
0.0030505897
0.0061009857
-0.0030503923
-0.0030502882
-0.0030501804
-0.009150207
-0.003049954
0.0
0.0
0.0030495878
0.006098917
0.0030493257
0.0060983784
0.0060980986
0.0030489056
0.0030487585
0.0
0.0030484532
0.0
0.0
0.0
-0.0030478002
-0.0030476279
-0.0030474518
-0.006094545
-0.009141268
-0.012187611
-0.01218685
-0.009139556
-0.009138965
-0.006092241
-0.009137749
-0.009137124
-0.012181985
-0.012181125
-0.012180249
-0.01217936
-0.009133842
-0.012177537
-0.009132454
-0.015219573
-0.0152183715
-0.012173722
-0.0121727325
-0.012171729
-0.015213388
-0.012169678
-0.012168631
-0.0060837846
-0.0060832473
-0.009124054
-0.009123226
-0.012163183
-0.009121538
-0.009120678
-0.009119807
-0.009118926
-0.009118034
-0.0060780873
-0.003038739
-0.003038431
-0.0030381195
0.0
0.0
0.0
0.0
0.0030365079
0.003036175
0.0030358385
0.0060709966
0.00607031
0.01213923
0.009103371
0.006068205
0.009101234
0.0060667666
0.009099055
0.00909795
0.012129112
0.01212761
0.00909457
0.0090934215
0.012123018
0.009091094
0.015149857
0.015147872
0.018175045
0.018172622
0.018170176
0.01816771
0.015137686
0.0151355965
0.01210679
0.015131363
0.012103375
0.0121016465
0.01512488
0.012098147
0.01512047
0.009070943
0.0060463957
0.009068233
0.006044575
0.012087309
0.012085453
0.009062687
0.009061274
0.009059851
0.009058417
0.009056972
0.0060370117
0.0030180172
0.0030175252
0.0
-0.0030165305
0.0
0.0
0.0030150122
0.0
0.0
-0.0030134625
0.0
0.0030124118
0.0030118811
0.003011347
0.0
-0.0060205366
-0.0060194475
-0.009027527
-0.009025872
-0.003008069
0.0
0.0
0.0
-0.0060116276
-0.0030052413
0.0
0.0
0.0060070055
0.0
-0.0030023265
0.0
0.0
0.0060010715
0.005999864
0.0059986496
0.0
-0.0029981
-0.0029974822
-0.002996861
0.0059924726
0.0059912167
0.0059899534
0.0029943418
0.0059874067
0.005986123
0.005984832
0.008975302
0.014955575
0.008971378
0.0089694
0.008967413
0.005976943
0.005975604
0.0059742583
0.014932264
0.011943092
0.0059701796
0.005968806
0.0
0.0059660384
0.0059646447
0.0
0.0029809182
0.0029802108
0.0059590004
0.0059575723
0.008934205
0.0059546954
0.0059532467
0.005951791
0.0059503284
0.0029744296
0.0
0.0
0.0
0.0
0.005941411
0.005939901
0.005938384
0.0059368606
0.00593533
0.005933793
0.0
0.0
-0.0029645702
0.0
-0.0029630025
-0.005924427
-0.0059228423
-0.005921251
-0.005919653
-0.005918048
-0.005916436
-0.011829635
-0.017739577
-0.017734682
-0.011819844
-0.01772483
-0.017719874
-0.017714897
-0.020661552
-0.0206557
-0.020649822
-0.023593053
-0.020637998
-0.026526924
-0.026519248
-0.026511542
-0.026503807
-0.020608032
-0.020601967
-0.014711344
-0.014706979
-0.020583637
-0.02057748
-0.023510057
-0.020565096
-0.023495851
-0.023488708
-0.023481539
-0.023474341
-0.017600339
-0.017594904
-0.023452595
-0.023445293
-0.017578473
-0.017572956
-0.01756742
-0.02341582
-0.023408387
-0.017550694
-0.01169672
-0.011692963
-0.011689193
-0.0029213524
-0.00876121
-0.008758354
-0.0029184956
-0.0029175368
-0.0029165747
0.0
0.0
0.0
0.005825387
0.0
0.0058214664
0.0
0.00290876
0.0029077684
0.0058135474
0.011623102
0.008714323
0.008711309
0.008708286
0.008705253
0.0116029475
0.017398316
0.017392192
0.011590699
0.01158659
0.011582469
0.014472918
0.00868064
0.00867752
0.0028914632
0.002890417
0.002889367
0.0028883142
0.008661774
0.008658596
0.008655408
0.008652211
0.011532006
0.011527718
0.011523416
0.011519102
0.011514775
0.011510436
0.008629563
0.008626289
0.011497341
0.008619713
0.011488548
0.011484132
0.011479704
0.008606447
0.011470809
0.008599757
0.0028654658
0.008593029
0.005726434
0.008586263
0.011443822
0.01143928
0.0114347255
0.0085726185
0.011425579
0.011420987
0.011416382
0.0057058823
0.0028517838
0.0028506233
0.0056989193
0.0056965854
0.002847123
0.008537849
0.008534322
0.011374379
0.0056848247
0.011364908
0.008520115
0.008516541
0.008512956
0.008509363
0.014176268
0.005668099
0.01133137
0.01132653
0.014152097
0.014146015
0.014139919
0.016960569
0.01412768
0.005648615
0.005646152
0.0056436826
0.005641207
0.005638726
0.008454357
0.01126749
0.005631245
0.0028143697
0.0
-0.002811855
-0.002810593
-0.0028093278
0.0
0.0
-0.0028055147
-0.0028042379
-0.0028029578
-0.0028016747
0.0
0.0027990995
0.0
0.0
-0.0027952143
-0.0055878265
-0.0055852183
-0.0027913023
-0.0027899921
-0.0055773584
-0.011149453
-0.013930222
-0.013923612
-0.0083501935
-0.00834621
-0.008342218
-0.008338217
-0.008334206
-0.011106917
-0.011101547
-0.011096165
-0.011090771
-0.0055426825
-0.008309961
-0.00553726
-0.0055345395
-0.00829772
-0.0027645405
-0.0027631717
-0.0027617998
-0.008281276
-0.008277142
-0.011030667
-0.011025134
-0.008264692
-0.008260524
-0.008256347
-0.011002883
-0.010997292
-0.01373961
-0.013732593
-0.008235335
-0.005487405
-0.0054845805
-0.0054817502
-0.010957829
-0.010952145
-0.008209838
-0.008205558
-0.010935027
-0.010929298
-0.013654447
-0.01910616
-0.019096075
-0.013632836
-0.016350724
-0.0190657
-0.021777755
-0.021766117
-0.021754455
-0.02174277
-0.0162983
-0.01900442
-0.016280688
-0.0135598825
-0.016263012
-0.013545124
-0.013537724
-0.013530309
-0.013522881
-0.0108123515
-0.00810479
-0.0054002055
-0.002698606
0.0
0.0
0.0
0.0
0.0026910813
-0.002689568
0.0026880521
0.0026865334
0.005370024
0.010733951
0.010727844
0.0134021565
0.0133944955
0.01338682
0.013379131
0.010697143
0.016036456
0.018698378
0.021357186
0.021344777
0.018665802
0.021319892
0.015980564
0.018633056
0.021282405
0.018611133
0.018600143
0.015933545
0.015924092
0.018567063
0.018555999
0.015895642
0.015886126
0.015876595
0.01322254
0.010571657
0.007923953
0.007919156
0.010552468
0.010546051
0.010539623
0.007899889
0.005263368
0.0026300694
0.002628452
-0.002626832
-0.0026252095
0.0
0.0
-0.0026203264
-0.0026186935
0.0
-0.0026154201
-0.0052275592
-0.007836409
-0.0052209813
-0.007826528
-0.010428767
-0.0078166155
-0.0078116474
-0.005204448
-0.0052011264
-0.0051977993
-0.010388935
-0.00519113
-0.005187788
-0.005184441
0.0
-0.0025888658
-0.0051743696
-0.0077565038
-0.0051676305
-0.0025821265
0.0
0.002578742
0.002577046
0.0
-0.0025736466
0.0
0.0025702373
0.005137058
0.0025668181
0.0
-0.0025633893
-0.0025616712
-0.0025599506
0.0
0.0025565021
0.0025547743
0.0
-0.0025513112
0.002549576
0.0025478385
0.005092197
0.0050887126
0.0025426117
0.0
0.0
0.002537363
0.0025356088
0.0076015564
0.005064186
0.007590995
0.007585704
0.0025268018
0.0075751
0.01009305
0.010085957
0.007559141
0.0050358716
0.005032311
0.0075431196
0.007537765
0.0075324033
0.0075270347
0.0050144396
0.005010851
0.0025036293
0.0
0.0025000295
0.0049964525
0.0074892617
0.0074838377
0.004985605
0.00498198
0.0049783504
0.012436791
0.012427695
0.012418588
0.012409468
0.009920271
0.0049564787
0.0024764088
0.0024745762
0.002472741
0.004941808
0.004938129
0.004934446
0.002465379
0.0024635328
0.0
0.002459834
0.004915963
0.0024561265
0.0024542694
0.0024524103
0.0024505488
0.0
0.0024468193
0.0
-0.0024430812
0.0
-0.0024393345
-0.002437458
0.0
-0.007301095
-0.0024318153
-0.0048598605
-0.009712172
-0.0072784605
-0.007272786
-0.007267105
-0.007261418
-0.0096742995
-0.0072500245
-0.0048295455
-0.009651475
-0.00964385
-0.009636217
-0.012035718
-0.0096209245
-0.009613267
-0.0072042
-0.0023994814
-0.0047951215
-0.007186914
-0.0023937132
-0.0023917863
-0.0023898573
-0.0023879264
-0.0023859935
-0.0023840584
-0.0023821215
0.0
0.0023782414
0.004752597
0.00712306
0.007117219
0.0047409143
0.0047370126
0.0070996596
0.0047291964
0.0070879236
0.007082047
0.0070761642
0.007070276
0.007064381
0.007058481
0.007052575
0.0070466627
0.00469383
0.0
0.0
0.0023409857
0.0070170164
0.0070110695
0.009340157
0.009332213
0.0069931955
0.009316301
0.006981251
0.0069752703
0.004646189
0.0023210973
0.004638196
0.0046341936
0.002315094
0.0
0.0
0.0
0.0
0.0
-0.0023030373
-0.0023010215
-0.0068970113
-0.004593969
-0.004589926
-0.00229294
0.0
-0.0045777764
-0.0045737196
-0.0045696585
-0.0045655943
-0.00684229
0.0
-0.0068300706
-0.004549302
-0.00454522
-0.006811702
-0.0022685227
0.0
0.0045288573
0.0
0.0
0.0
0.0
0.0022541627
0.0
0.0
0.0
0.0
0.002243854
0.0044835745
0.0044794376
0.0022376485
0.0022355767
0.0
0.0
0.0
0.0044545447
0.0044503845
0.004446221
0.006663081
0.004437884
0.00443371
0.0
0.0
0.0
0.004416984
0.0044127945
0.0044086017
0.0044044056
0.0022001031
0.0
0.0
0.0
-0.0043833777
-0.0043791626
-0.006562417
-0.0065560853
-0.004366499
-0.006543407
-0.0065370617
-0.0065307114
-0.006524356
-0.0065179965
-0.010852721
-0.010842106
-0.010831485
-0.010820854
-0.0064861304
-0.010799573
-0.012946705
-0.012933914
-0.01722815
-0.017211072
-0.012895486
-0.01073555
-0.010724854
-0.01285698
-0.017125502
-0.012831265
-0.010681996
-0.00853701
-0.006396314
-0.006389866
-0.006383414
-0.006376957
-0.0021234988
0.0
0.0
0.0
-0.0021148704
0.0
-0.0021105479
0.004216769
0.0042124395
0.0021040535
0.004203772
0.0020997173
0.0020975473
0.0041907514
0.0062796087
0.008364115
0.0062665595
0.004173353
0.0041689966
0.0020823188
0.006240414
0.0062338677
0.0062273177
0.0041471757
0.0041428036
0.0020692146
0.006201078
0.008259345
0.008250581
0.006181359
0.006174778
0.0020560645
0.0020538683
0.004103342
0.004098945
0.0020472726
0.0020450717
0.0020428693
-0.0020406658
-0.0040769223
-0.0020362553
-0.0061021447
-0.00406368
-0.0060888915
-0.0060822596
-0.006075624
-0.00404599
-0.0060623423
-0.006055696
-0.0060490468
-0.0060423934
-0.006035737
-0.0060290773
-0.0060224137
-0.008020996
-0.006009077
-0.0040016025
-0.0059957267
-0.005989047
-0.0039882422
-0.0059756762
-0.0039793244
-0.005962293
-0.0059555965
-0.003965931
0.0
-0.0019784956
0.0019762593
0.0019740216
0.0019717831
0.0019695433
0.0019673028
0.0058951825
0.007851273
0.0019605744
0.003916659
0.007824334
0.007815347
0.009757944
0.0097467005
0.009735451
0.007779357
0.009712937
0.009701673
0.009690404
0.00967913
0.013534992
0.009656568
0.0057871677
0.009633987
0.009622689
0.011533664
0.015360127
0.015342029
0.013408432
0.013392583
0.0114657665
0.01145217
0.013344997
0.013329122
0.013313241
0.013297354
0.01138411
0.007580321
0.007571232
0.00756214
0.009441305
0.009429932
0.007534843
0.007525737
0.0075166277
0.005630636
0.0056237993
0.0074892803
0.007480158
0.007471032
0.0037309516
0.0018631929
0.0
0.0018586244
0.001856339
0.0018540529
0.001851766
0.0
0.0
0.0
0.0
-0.00368064
-0.003676057
-0.005507209
-0.0073337737
-0.007324599
-0.009144277
-0.009132802
-0.007297058
-0.009109841
-0.009098355
-0.0072694924
-0.010890447
-0.010876652
-0.009052377
-0.0090408735
-0.0072234944
-0.01082143
-0.010807615
-0.012592761
-0.010779972
-0.010766146
-0.010752315
-0.01073848
-0.014299523
-0.012495933
-0.01247978
-0.012463623
-0.008891044
-0.010655397
-0.012415126
-0.012398952
-0.0088448385
-0.00883328
-0.007057375
-0.0070481235
-0.00703887
-0.0070296144
-0.005265267
-0.0035055482
0.0
0.0
0.0
0.0017435086
0.0
0.0034777457
0.0017365542
0.0034684702
0.005195746
0.0069183814
0.0051818243
0.005174861
0.0051678964
0.00516093
0.0068719503
0.006862659
0.0051400242
0.0034220351
0.00512608
0.0034127373
0.0051121307
0.006806872
0.0067975684
0.006788263
0.006778956
0.0067696474
0.005070253
0.0067510256
0.0067417123
0.0067323977
0.0050423113
0.003356882
0.0016761112
0.0
0.0
0.0
-0.0016667887
0.0
-0.0033242507
-0.0016597933
0.0
-0.0033102562
0.0
-0.0016504617
-0.003296256
-0.0032915883
-0.0032869198
-0.0049233763
-0.0032775812
-0.003272911
-0.004902361
-0.0032635694
-0.003258898
-0.0048813387
-0.00487433
-0.0032448804
-0.0048603103
-0.006471066
-0.0080771465
-0.008065459
-0.006443017
-0.0064336658
-0.006424314
-0.0064149615
-0.006405608
-0.0047971904
-0.0015967247
-0.0031887717
0.0
0.0
0.0
-0.0015850288
-0.0015826892
-0.0031606988
-0.0031560191
-0.0015756695
0.0
0.0
0.0031372977
0.0031326169
0.0015639679
0.004684882
0.0046778596
0.004670837
0.004663815
0.0046567917
0.006199692
0.0077379094
0.007726204
0.009257398
0.010783909
0.0076910863
0.009215256
0.009201208
0.010718354
0.010701965
0.007632554
0.0076208473
0.007609141
0.0075974343
0.0091028735
0.007574022
0.0075623156
0.009060731
0.0075389035
0.007527198
0.009018592
0.01200606
0.010488916
0.0074803783
0.008962409
0.0074569704
0.0059562135
0.0059468513
0.0029687446
0.0014820319
0.0014796916
0.0029547028
0.0029500227
0.0029453428
0.0
0.0
0.0
-0.001463313
0.0
0.0
0.0
-0.0014539568
-0.0014516183
-0.0028985594
-0.0043408247
-0.0028892069
-0.0014422656
-0.0014399278
-0.004312771
-0.0071762656
-0.0071645803
-0.007152896
-0.00571297
-0.0085554365
-0.00711785
-0.0056849364
-0.007094492
-0.007082815
-0.008485367
-0.0070594647
-0.0056382334
-0.0070361197
-0.0070244493
-0.0070127803
-0.0070011127
-0.0041936683
-0.0013955565
-0.0027864478
-0.0013908916
-0.0013885596
-0.001386228
-0.0013838967
-0.004144697
-0.0027584701
-0.0027538096
-0.0013745748
-0.0013722453
-0.001369916
-0.0013675871
0.0
0.002725861
0.0
0.0
0.0
0.0
0.0013512959
0.0
0.0
0.0
-0.0013419954
0.0
0.0
0.0013350247
0.001332702
0.0013303797
0.0013280581
0.0
0.0
0.0
0.0
-0.0013164562
0.0
0.0
0.0
0.0
-0.0039146002
-0.003907651
-0.0052009383
-0.003893758
-0.0038868138
-0.003879871
-0.00387293
-0.006443318
-0.005145404
-0.003852117
-0.0051269103
-0.006397084
-0.0076626386
-0.0076487805
-0.007634926
-0.007621075
-0.0050714854
-0.003796692
-0.003789772
-0.003782854
-0.0037759377
-0.0025126822
-0.0037621106
-0.0025034668
-0.0037482914
-0.004988513
-0.004979307
-0.004970103
-0.0037206765
-0.001237926
-0.0012356271
-0.0012333288
0.0
0.0012287345
0.002452877
0.001224143
0.0024436966
0.004878217
0.0036517829
0.0036449053
0.006063383
0.0072623133
0.007248571
0.0072348337
0.008424617
0.008408601
0.00839259
0.008376584
0.008360583
0.009536673
0.0071387994
0.009500132
0.0094818715
0.009463617
0.0106260395
0.010605518
0.009408892
0.009390664
0.010543997
0.0105235055
0.010503021
0.009317817
0.0069747167
0.008121255
0.00694744
0.0057781744
0.006920184
0.004604376
0.0045952997
0.0045862263
0.0022885785
0.0022840456
0.0
0.0022749852
0.0011352289
0.0
-0.0022614084
-0.0011284433
0.0
0.0
0.0
-0.0022388177
-0.0022343053
-0.0033446923
-0.004450572
-0.0044415593
-0.0044325497
-0.0044235443
-0.0055181785
-0.003304159
-0.006594828
-0.0076782345
-0.00766251
-0.0076467926
-0.005450773
-0.0054395567
-0.0054283454
-0.0054171393
-0.0075683133
-0.0053947424
-0.005383552
-0.0032234201
-0.0032167123
-0.0032100074
-0.003203306
-0.0021310719
0.0
0.0021221475
0.0
0.0021132317
0.0021087772
0.0031564871
0.003149812
0.002095427
0.005227453
0.0031298068
0.0031231453
0.0051941453
0.005183054
0.0051719686
0.0061930665
0.006179778
0.005138747
0.0061532217
0.006139954
0.0061266934
0.0061134403
0.0050834953
0.0060869553
0.0050614364
0.0040403325
0.003023641
0.003017036
0.0030104348
0.004005116
0.0039963243
0.0039875377
0.0029840667
0.0029774841
9.903017E-4
9.8811E-4
9.859196E-4
9.837304E-4
0.0
0.0
-9.771707E-4
-0.0029249596
-0.0038912154
-0.0038824896
-0.005810654
-0.005797581
-0.0057845158
-0.0067333686
-0.00767788
-0.008618053
-0.0076431143
-0.007625748
-0.0076083923
-0.009488809
-0.010413855
-0.010390036
-0.011308616
-0.010342442
-0.010318669
-0.0074872067
-0.0074699386
-0.008384267
-0.007435436
-0.008345476
-0.0083261
-0.008306737
-0.007366566
-0.0064307046
-0.0045826244
-0.0064006536
-0.0063856435
-0.005460551
-0.006355653
-0.005434863
-0.0036146876
-0.0036061394
-0.003597597
-0.0017945303
-8.951325E-4
0.0
8.908717E-4
0.001777487
8.866168E-4
8.8449166E-4
0.001764736
8.802459E-4
0.0017562505
0.0017520123
0.0026216658
0.0034870903
0.0034786323
0.0026026354
0.0043271687
0.0051799435
0.004306078
0.0042955447
0.005142023
0.005129401
0.006822386
0.0076562804
0.006788792
0.0067720143
0.006755249
0.0075808093
0.006721758
0.0058669024
0.006688318
0.0058376654
0.005823064
0.005808474
0.0057938956
0.0057793283
0.006588312
0.0065716906
0.0057356968
0.006538487
0.0065219053
0.00569217
0.0048665865
0.0056632105
0.0040348205
0.004829399
0.0024085117
0.0016015526
0.0023961514
7.966597E-4
7.946039E-4
0.0
-7.904975E-4
0.0
0.0
0.0
-7.8230567E-4
-7.8026205E-4
-0.0015564404
-0.0015523601
-0.0015482835
-0.0015442105
-0.0015401408
-0.0015360749
-0.0022980187
-0.0022919304
-0.0022858474
-0.0022797699
-0.0022736979
-0.0015117541
-7.538566E-4
-0.002255514
-0.0014996425
-0.0014956127
-0.0014915864
-0.0014875638
-0.0022253175
-0.0022192947
-0.0022132776
-0.002207266
-0.0022012598
-0.0014635063
-7.297548E-4
-7.277584E-4
-7.2576385E-4
0.0
-7.2178047E-4
7.1979157E-4
0.0
0.0
0.0014276728
0.0014237103
0.0014197516
7.078984E-4
0.0014118458
0.002111848
0.002807911
0.0028000323
0.0027921612
0.002784298
0.002082332
0.0020764465
0.0013803778
0.0020646928
0.002058825
0.001368642
0.0020471069
0.0013608378
0.0013569418
0.0020295745
6.745808E-4
0.0013452775
6.7069876E-4
0.0
0.0
-6.6489074E-4
-0.0013259177
-0.0019830866
-0.001977303
-0.0019715256
-0.0019657542
-0.0019599888
-0.0026056396
-0.0025979693
-0.0019427302
-0.002582653
-0.0025750073
-0.0019255274
-0.0025597408
-0.00255212
-0.0025445076
-0.0025369036
-0.003161635
-0.003152151
-0.003771213
-0.0037598575
-0.003748515
-0.003737185
-0.0037258675
-0.0030954692
-0.0024688477
-0.0024613284
-0.0024538178
-0.0018347368
-0.0018291166
-0.0012156687
0.0
6.0409843E-4
6.0223375E-4
-0.0012007423
-5.9851084E-4
0.0
0.0
0.0
-5.910913E-4
-0.0011784838
-5.873947E-4
-5.8554974E-4
-5.8370695E-4
5.818664E-4
0.0
5.78192E-4
0.0011527162
5.745265E-4
0.0011453942
0.0017126099
5.690451E-4
0.0011344448
0.0
0.0
0.0011235361
0.0
0.0
0.0011126682
0.0
-5.527229E-4
5.5092067E-4
5.491208E-4
5.473232E-4
5.4552796E-4
5.43735E-4
0.0
-0.0016204679
-0.0016151099
-5.365863E-4
-5.348049E-4
5.330258E-4
0.0
-0.0010589496
-0.0010554056
-0.0021037324
-0.0015724974
-0.0015672026
-0.0020825532
-0.0020755124
-0.0015513607
-0.0025768238
-0.0020544466
-0.0015355828
-0.0020404505
-0.0010167335
-0.0015198695
-0.0015146461
-0.0015094299
-0.001504221
-0.0019986923
-0.0014938248
-0.00198485
-0.0024724293
-0.0014782848
-0.0024551991
-0.0014679615
-0.0014628107
-9.717782E-4
-4.841771E-4
-9.64935E-4
-0.0014422812
-9.581115E-4
-9.547071E-4
-4.7565385E-4
0.0
-4.7226183E-4
0.0
-9.3775947E-4
-4.671924E-4
0.0
0.0
4.6214546E-4
0.0
0.0
0.0
9.1090245E-4
0.0
0.0
9.00914E-4
8.9759467E-4
8.942804E-4
4.4548558E-4
0.0
4.42184E-4
4.4053706E-4
8.7778526E-4
8.745016E-4
8.71223E-4
4.3397478E-4
4.3234063E-4
8.6141814E-4
4.2908007E-4
8.549073E-4
8.516597E-4
4.242086E-4
4.2258998E-4
4.2097393E-4
0.0
8.3549926E-4
0.0012484242
8.2907156E-4
0.0012387984
8.226648E-4
4.0973467E-4
8.1627903E-4
0.0012196411
0.0012148715
8.067399E-4
8.035707E-4
4.0020343E-4
0.0
3.9704752E-4
0.0
0.0
3.923336E-4
0.0
-3.8920433E-4
0.0
3.8608574E-4
0.0
3.8297792E-4
3.8142802E-4
0.0
0.0
0.0
-3.7525545E-4
-3.737191E-4
0.0
0.0
7.382525E-4
0.0
0.0
0.0
3.630406E-4
3.61526E-4
7.2002836E-4
7.170102E-4
3.5699873E-4
0.0010664854
0.0010619829
0.001409985
0.0017550046
0.0010485252
0.0013920744
6.930632E-4
6.900948E-4
0.0010306978
0.0010262618
0.0010218342
0.001017415
0.0016883401
0.0016810026
0.0020084148
0.0019996436
0.0016590742
0.0016517929
0.0016445257
0.0016372724
0.00195604
0.0016228084
0.0019387171
0.001930081
0.0019214621
0.0025504802
0.0025390338
0.0018957074
0.0015726306
0.0015655193
0.0015584222
0.0015513394
0.0015442709
0.0015372168
0.0012241416
0.0012185213
0.0015161404
0.0015091439
0.0015021615
8.971162E-4
8.9294417E-4
5.925205E-4
2.9487538E-4
8.8048016E-4
8.763429E-4
2.907381E-4
2.8936483E-4
-5.759889E-4
-5.73254E-4
-5.705249E-4
-5.678017E-4
-5.650843E-4
-5.623728E-4
-0.0011193343
-5.569673E-4
-0.0011085467
-0.0011031707
-0.0010978063
-0.0016386807
-0.0016306696
-0.0016226762
-0.0018838173
-0.0016067426
-0.0015988024
-0.0015908801
-0.001055317
-0.0010500592
-0.00156722
-0.0015593689
-0.0015515358
-0.0015437206
-0.0017919105
-0.0017828346
-0.0015203826
-0.0015126391
-0.0015049137
-0.0014972063
-9.930113E-4
-9.87897E-4
-4.9139746E-4
-9.777048E-4
-9.726267E-4
-7.256705E-4
-7.218801E-4
-2.3936626E-4
0.0
0.0
0.0
-2.3435478E-4
0.0
-2.3186728E-4
0.0
4.5878394E-4
6.8447663E-4
4.538577E-4
4.514038E-4
4.4895598E-4
-2.2325714E-4
0.0
4.4164932E-4
4.3922605E-4
4.3680894E-4
4.3439798E-4
4.319932E-4
0.0
0.0
-2.124079E-4
0.0
2.100309E-4
4.1769413E-4
6.229989E-4
4.1297733E-4
4.1062824E-4
0.0
4.0594873E-4
4.036183E-4
6.019412E-4
0.0
-3.966645E-4
-1.9717953E-4
-3.9205985E-4
0.0
0.0
0.0
0.0
-1.9032898E-4
-5.6759466E-4
-3.761412E-4
-5.608384E-4
-5.574744E-4
-5.5411994E-4
-5.507749E-4
-5.474394E-4
-9.068555E-4
-9.0132793E-4
-0.0010749794
-0.0010683844
-8.8484026E-4
-8.793761E-4
-8.7392784E-4
-5.210973E-4
-8.6307904E-4
-0.0010292142
-0.0010227527
-0.0010163104
-8.415727E-4
-8.3623605E-4
-4.9854926E-4
-3.302443E-4
0.0
-3.260198E-4
-3.2391716E-4
-1.6091048E-4
0.0
1.5882392E-4
0.0
1.5675023E-4
1.5571823E-4
4.6406832E-4
6.146555E-4
6.1056623E-4
6.0648983E-4
7.5303303E-4
7.479699E-4
0.0010400922
8.854708E-4
5.863023E-4
7.2787964E-4
5.7831814E-4
5.743456E-4
7.1298255E-4
5.664395E-4
7.0313254E-4
6.98232E-4
8.320173E-4
9.638718E-4
9.570796E-4
9.5031026E-4
9.435639E-4
9.368404E-4
6.643856E-4
7.9153915E-4
0.0010477803
9.1017614E-4
0.0010326486
0.0010251222
0.0010176222
7.5761136E-4
7.520258E-4
6.220501E-4
4.9394276E-4
4.902587E-4
4.8658784E-4
4.829302E-4
1.19821445E-4
3.5674096E-4
3.5402752E-4
2.3421603E-4
3.486305E-4
1.1531563E-4
0.0
0.0
0.0
-1.1177075E-4
0.0
1.1001828E-4
0.0
0.0
-1.0741457E-4
-1.0655334E-4
-1.0569546E-4
0.0
0.0
0.0
-1.02297374E-4
-1.0145623E-4
-2.0123686E-4
0.0
0.0
0.0
0.0
-9.647984E-5
0.0
-1.8969589E-4
-9.403705E-5
0.0
-9.2425376E-5
0.0
0.0
-9.003318E-5
0.0
8.845529E-5
0.0
-8.689092E-5
-8.6113825E-5
-8.5340114E-5
-2.5370938E-4
-8.3802865E-5
-1.6607868E-4
-8.2279206E-5
0.0
-8.076914E-5
-8.001921E-5
-2.3781802E-4
-1.5705911E-4
-1.5557968E-4
-1.5410707E-4
-1.5264128E-4
-1.5118232E-4
-1.4973019E-4
-1.4828487E-4
-1.4684642E-4
-7.270739E-5
-1.4399001E-4
-2.138581E-4
-2.1174147E-4
-3.4939183E-4
-3.4589838E-4
-3.4242208E-4
-4.067555E-4
-4.0262516E-4
-4.649346E-4
-3.286885E-4
-4.554173E-4
-3.8630978E-4
-3.1856875E-4
-3.1522993E-4
-3.7429E-4
-3.7032473E-4
-4.274435E-4
-3.6245625E-4
-3.5855308E-4
-3.546706E-4
-3.5080884E-4
-3.469678E-4
-3.4314752E-4
-3.3934796E-4
-3.3556917E-4
-3.3181117E-4
-3.2807392E-4
-3.2435745E-4
-3.2066175E-4
-2.6415574E-4
-2.6111066E-4
-3.6131614E-4
-2.550726E-4
-2.520796E-4
-1.9928318E-4
-1.9691659E-4
-1.4592292E-4
-1.9222511E-4
-2.8485036E-4
-1.4069198E-4
-9.2646136E-5
-9.15046E-5
-4.5185014E-5
0.0
-4.40609E-5
0.0
4.295074E-5
4.24009E-5
0.0
4.1311694E-5
4.0772335E-5
4.0236468E-5
3.97041E-5
3.9175233E-5
1.15949595E-4
1.52512E-4
1.1282891E-4
1.8547388E-4
1.8291711E-4
1.8037786E-4
2.1342738E-4
1.7535199E-4
2.4201153E-4
2.7263412E-4
2.3512276E-4
1.9861307E-4
2.2833236E-4
2.5711322E-4
2.2164038E-4
2.4952152E-4
2.764889E-4
2.4204244E-4
2.3834516E-4
2.0534154E-4
2.3103513E-4
1.9899459E-4
1.9585813E-4
2.2028155E-4
1.8965927E-4
1.599402E-4
1.5733649E-4
1.5475394E-4
1.2682716E-4
9.97683E-5
7.356675E-5
4.821192E-5
4.7386413E-5
9.3135954E-5
6.863492E-5
8.9904664E-5
4.415513E-5
2.1682503E-5
2.1290984E-5
0.0
2.051857E-5
-2.013768E-5
-1.9760335E-5
0.0
-1.9016281E-5
-1.8649576E-5
0.0
-1.7926812E-5
-1.7570754E-5
-5.1654744E-5
-5.060788E-5
-4.9571674E-5
-6.472818E-5
-4.7531248E-5
-3.1018022E-5
-4.5533485E-5
-4.4550605E-5
-4.35784E-5
-4.2616866E-5
-2.7777342E-5
-4.0725838E-5
-3.979634E-5
-3.887753E-5
-3.7969407E-5
-3.7071968E-5
-3.618522E-5
-3.5309167E-5
-2.2962537E-5
-4.478552E-5
0.0
0.0
-1.0363114E-5
2.0184985E-5
9.825441E-6
9.561959E-6
9.302046E-6
1.8091408E-5
8.792934E-6
8.543734E-6
2.4894323E-5
1.6112108E-5
3.127029E-5
3.0330666E-5
2.9405337E-5
2.849431E-5
2.069819E-5
2.0036374E-5
1.2923525E-5
1.2496623E-5
1.20768755E-5
1.1664285E-5
1.6888278E-5
1.0860576E-5
5.2347305E-6
1.0085505E-5
4.854355E-6
9.339077E-6
8.976607E-6
1.2931952E-5
8.273159E-6
0.0
7.598373E-6
3.635865E-6
1.0428381E-5
6.639947E-6
6.334809E-6
3.0184206E-6
0.0
5.462417E-6
2.5929814E-6
7.3750216E-6
2.3272864E-6
0.0
-4.151878E-6
-3.911293E-6
-3.6778833E-6
-3.45165E-6
-3.2325934E-6
-3.0207138E-6
-1.408006E-6
-2.6184885E-6
-2.4281435E-6
-2.2449776E-6
-2.0689913E-6
-1.9001849E-6
-1.7385587E-6
-1.5841134E-6
-7.1842453E-7
-2.5935324E-6
-1.7457977E-6
-1.5572191E-6
-1.8392188E-6
-1.212383E-6
-1.0561264E-6
-6.0709624E-7
0.0
-2.1733533E-7
1.796167E-7
-1.4549008E-7
-1.14955505E-7
-1.7602613E-7
-6.466283E-8
-1.3471451E-7
-2.8739146E-8
0.0
-7.1848034E-9
-3.592404E-9
-0.0
