0.17781122
0.24030402
0.21632054
0.2572829
0.14231898
0.08107887
0.13791569
0.43023533
0.53729105
0.62943035
0.5356455
0.3624234
0.45445117
0.4362783
0.2571182
0.5237375
0.62746096
0.40095854
0.17735064
0.18973185
0.25313365
0.7186942
0.46174377
0.34084442
0.32948193
0.37940162
0.64349055
0.81057507
0.5324133
0.91859734
1.2264881
0.16958423
0.7135631
0.72595364
0.5571531
0.26495963
0.24092236
0.6523015
0.9075026
0.097733974
0.796808
0.75250876
1.0565327
1.0559139
0.7628818
0.9339606
1.166455
1.0481894
0.89614516
0.76140326
0.32847956
0.421573
0.3909845
0.41682294
0.20732461
0.13323157
0.2474478
0.32374173
0.25046834
0.636563
0.18401463
0.78090334
1.0161412
0.68405867
0.540153
0.07427751
0.28014943
0.16046886
0.18540308
0.556827
0.81041616
0.63526374
0.7688022
0.35184616
0.35552594
0.4321009
0.19763981
0.07390132
0.11808194
0.3430162
0.3509225
0.113503434
0.5025876
0.8186369
0.39858162
0.2292422
0.5510066
0.23536637
0.39681304
0.2626306
0.13080701
0.113055654
0.17768542
0.21097898
0.14756787
0.46007395
0.2516478
0.19482137
0.12182266
0.20052786
0.182323
0.22201113
0.41401047
0.30950522
0.2245272
0.25537193
0.2634441
0.20637324
0.1345371
0.0918122
0.016158668
0.083474666
0.2694895
0.38526076
0.37899882
0.2754344
0.13417773
0.20156983
0.27490732
0.112131275
0.19639912
0.1605252
0.11731311
0.15268795
0.14320217
0.1439105
0.09517855
0.15132453
0.17367505
0.40321133
0.37038413
0.37510046
0.19544436
0.08252847
0.10817989
0.25222656
0.3658959
0.23866297
0.03416212
0.04601685
0.08789466
0.22869067
0.2440785
0.17742817
0.15683804
0.13343507
0.24805942
0.31025168
0.20369142
0.17561513
0.10366332
0.1423786
0.17385006
0.18129481
0.37660888
0.39038622
0.07981629
0.1448987
0.13184063
0.26366436
0.34342283
0.3279699
0.17994478
0.027659044
0.21117309
0.30028504
0.15104035
0.2565391
0.15270409
0.2183959
0.17479946
0.0084385965
0.12264028
0.1577584
0.086063996
0.15243384
0.18829006
0.14278753
0.42384544
0.3558159
0.27872023
0.24136089
0.18036474
0.023715317
0.13869677
0.2688097
0.25562403
0.10014436
0.16126935
0.12891568
0.18394147
0.16371638
0.07527991
0.22975507
0.23212007
0.1707806
0.12396609
0.20158774
0.13213384
0.09191043
0.15204988
0.16968073
0.07267424
0.093727626
0.064470045
0.14955369
0.12153094
0.14462586
0.24040389
0.19371225
0.13396035
0.045457754
0.12273384
0.063258685
0.05616954
0.062026966
0.06256995
0.17078337
0.19520831
0.085026436
0.024761692
0.084533855
0.21766825
0.19551902
0.14211594
0.16237321
0.09947255
0.17093945
0.17245255
0.040713593
0.049088825
0.064658664
0.057392027
0.12007921
0.31704232
0.4756841
0.3257827
0.13216825
0.010072546
0.037920117
0.059823744
0.06455752
0.09904749
0.08223895
0.05127572
0.023705695
0.0978003
0.10798088
0.1022483
0.15870687
0.08889775
0.11359572
0.09191104
0.032942742
0.057514217
0.08575068
0.10636746
0.043616604
0.096214145
0.19729568
0.20441426
0.10207221
0.054843266
0.11549288
0.13136536
0.17573301
0.2706425
0.17947926
0.07539843
0.07584585
0.07305008
0.036109388
0.13677321
0.06555516
0.116694
0.052131034
0.042669855
0.09375933
0.08182697
0.14297192
0.09787757
0.058537517
0.094451874
0.104558
0.09631099
0.07907778
0.2601838
0.21178065
0.11591396
0.07877161
0.07302289
0.22217794
0.20418416
0.11962898
0.111881904
0.10807759
0.0901555
0.10651847
0.05278167
0.16741014
0.15985931
0.12112883
0.15960196
0.06609637
0.09192273
0.07785906
0.052771993
0.07941757
0.113063805
0.07533337
0.08150503
0.062061585
0.01861218
0.020232327
0.039068893
0.085957065
0.09746395
0.08716359
0.012225353
0.082549654
0.044203606
0.13721034
0.19234027
0.21352315
0.18952811
0.08779048
0.04767744
0.039312895
0.017279454
0.097866796
0.10731949
0.11064086
0.17147337
0.09740887
0.10319344
0.047390867
0.17364532
0.11530238
0.07800656
0.047963515
0.097307704
0.04907183
0.044294644
0.08208375
0.06987293
0.068368845
0.0590115
0.05511947
0.070699476
0.052881766
0.08992918
0.092693135
0.091923855
0.13431504
0.10823629
0.020542352
0.058327466
0.12278507
0.09150913
0.09643322
0.085340746
0.058859542
0.08483823
0.08384002
0.08284562
0.06288872
0.057153672
0.0053471103
0.10146399
0.108189985
0.04649978
0.03954564
0.041616224
0.018168448
0.07963895
0.030052314
0.08811479
0.029789675
0.05772392
0.11015935
0.10821215
0.08908788
0.044302296
0.15922143
0.13949133
0.0658021
0.18142304
0.25868532
0.24783038
0.13315646
0.07494209
0.08361439
0.026616376
0.05422952
0.08056153
0.047147103
0.12661743
0.1694416
0.15073407
0.11632923
0.05587938
0.026512709
0.062043563
0.078453146
0.056627177
0.13479665
0.18013793
0.1336785
0.06976609
0.04197341
0.08630142
0.08031582
0.018933492
0.088199094
0.07133695
0.060761627
0.04423886
0.07455808
0.110988125
0.14387387
0.12436347
0.059368525
0.06797094
0.06897062
0.062935665
0.11779368
0.11192964
0.041947797
0.053231668
0.029809043
0.11009489
0.04231968
0.14375335
0.14512223
0.0725937
0.049654357
0.030406939
0.056837823
0.107020356
0.12381143
0.07590229
0.08697
0.08380627
0.014602292
0.037763692
0.037274685
0.047838576
0.034865446
0.071674235
0.1274524
0.13444255
0.12835482
0.22774911
0.16244039
0.08078492
0.05330291
0.07963681
0.09192433
0.08209785
0.03388045
0.041866086
0.09189512
0.10812149
0.037610393
0.07687011
0.14004111
0.07601033
0.104256295
0.10987584
0.0738012
0.04135376
0.117353305
0.16960086
0.12583457
0.066537835
0.06404236
0.072192244
0.099569246
0.08516422
0.041463688
0.053475942
0.084919676
0.013681826
0.059296753
0.032582838
0.09424916
0.054434452
0.09042476
0.09452146
0.09174903
0.061992977
0.08529783
0.014572826
0.10629304
0.052900035
0.07083002
0.0716114
0.0044403994
0.035239846
0.10726426
0.13833366
0.07227306
0.017215386
0.04257052
0.10553318
0.056755625
0.10632925
0.0884192
0.033312265
0.08040018
0.045996204
0.05166968
0.060688283
0.11567838
0.12467655
0.059520513
0.04330937
0.011347027
0.13835275
0.10710264
0.09144407
0.055664144
0.09043545
0.036834337
0.034875132
0.057831753
0.04839422
0.015093238
0.049662795
0.020846324
0.07532994
0.076824956
0.07908831
0.035255253
0.042090517
0.06412441
0.05330545
0.06705877
0.12660167
0.15583165
0.08797264
0.10393291
0.075514816
0.043953963
0.102226876
0.121932425
0.046972737
0.08773519
0.10914995
0.104339324
0.09073166
0.10451605
0.10279339
0.08325687
0.06608909
0.10896402
0.1451056
0.054981083
0.117435865
0.13723297
0.09117114
0.030256351
0.09142336
0.04448877
0.059630048
0.03908151
0.058994334
0.045776714
0.13599749
0.1675494
0.14710087
0.11665072
0.09434202
0.03827448
0.11163402
0.13893247
0.035030577
0.086836636
0.09729026
0.07994353
0.15903307
0.13473287
0.012545176
0.01309452
0.050945457
0.10128054
0.16582192
0.10781808
0.09391229
0.058360007
0.05823937
0.10680327
0.09162985
0.053886298
0.10296634
0.059618406
0.12438882
0.20032534
0.18660003
0.11578357
0.17978781
0.2303492
0.11219265
0.056545712
0.097875446
0.05008932
0.055729005
0.0866733
0.1567303
0.08514438
0.047574054
0.13746883
0.19889086
0.19069459
0.17296226
0.18840979
0.17048381
0.03705466
0.10275197
0.14661586
0.15055226
0.11979674
0.17039472
0.06930109
0.071185924
0.04394331
0.053241223
0.048299238
0.108511
0.065166794
0.07796009
0.0832385
0.04632191
0.09398355
0.11933811
0.02767351
0.1124378
0.08787155
0.16030724
0.11380142
0.10281098
0.08853084
0.11143442
0.10520469
0.07990234
0.12153157
0.1386444
0.10900967
0.035582244
0.07079381
0.07162041
0.06185378
0.07985621
0.06750168
0.009083242
0.07078886
0.067824855
0.07113632
0.12534216
0.17854893
0.09777965
0.015724815
0.0671076
0.05564452
0.05938562
0.101007596
0.12795374
0.10507215
0.044191796
0.055737715
0.12897773
0.11374485
0.065728754
0.038372815
0.12506399
0.116656154
0.051259384
0.08760732
0.09493615
0.025875228
0.045414492
0.093714304
0.08630865
0.05784475
0.020349398
0.044434503
0.06506998
0.05067201
0.107031345
0.13414635
0.017733378
0.10327226
0.091264285
0.04544884
0.02279573
0.06525514
0.05246066
0.07344247
0.10426015
0.054239493
0.06253589
0.12325825
0.05372924
0.024522455
0.03042945
0.05400477
0.05128231
0.075437225
0.056136634
0.017903183
0.09518249
0.159641
0.11135003
0.017525986
0.05958143
0.05513447
0.026860492
0.04338534
0.027701953
0.06163605
0.07595114
0.019862087
0.04049863
0.068897724
0.0659803
0.07436288
0.025889577
0.029083917
0.085287236
0.12470003
0.10241509
0.07826341
0.01681107
0.06339913
0.07182714
0.010769237
0.0237126
0.035380464
0.063270666
0.04755361
0.038721338
0.018454783
0.046257406
0.06830026
0.037548397
0.017542591
0.027020821
0.048000418
0.0301297
0.10914446
0.12357566
0.050648674
0.027313843
0.03580055
0.07153993
0.055005338
0.07840391
0.05331933
0.030905295
0.09473388
0.12676656
0.09337112
0.063558675
0.06465797
0.075695716
0.039869115
0.05583692
0.07233523
0.08170334
0.020055728
0.038452443
0.017303891
0.06450224
0.052563433
0.03277202
0.052903034
0.044657946
0.04705173
0.04993199
0.03193027
0.048091073
0.030088017
0.054158043
0.04005928
0.039168805
0.04728464
0.06098548
0.040516254
0.043911364
0.059217148
0.12783442
0.06290359
0.04386651
0.036093
0.045584794
0.019107422
0.03950008
0.104327805
0.10493822
0.06924989
0.0439407
0.08604919
0.044899173
0.021737695
0.08540572
0.14958313
0.09356017
0.03621519
0.03250288
0.013207878
0.020314699
0.027591327
0.046343524
0.043437906
0.042381626
0.028614596
0.05855613
0.11629797
0.059823163
0.043653883
0.03680389
0.0052143484
0.05860275
0.06702519
0.03567981
0.09912542
0.074499935
0.0108667975
0.030425504
0.05498334
0.045603648
0.116775244
0.09796398
0.07016735
0.02971678
0.053632177
0.050705284
0.083002545
0.08238929
0.056244884
0.008102001
0.019535363
0.047273215
0.033403613
0.010884976
0.04962636
0.11588705
0.09613606
0.07137169
0.043137766
0.008847814
0.024286123
0.04287271
0.08178191
0.08740549
0.059116725
0.051646847
0.008886932
0.031036802
0.015258455
0.09255792
0.10141762
0.0938632
0.113809854
0.09142882
0.031434663
0.024681045
0.05395837
0.0982815
0.05313285
0.048310935
0.076598585
0.049348492
0.05351146
0.045819838
0.015913095
0.055281546
0.11788468
0.13729876
0.05929445
0.034183916
0.05201096
0.071472086
0.022683827
0.03257471
0.052106697
0.052629862
0.07618681
0.07990861
0.055444043
0.07115421
0.043200485
0.023190647
0.026637582
0.021134878
0.07090053
0.106094204
0.026606483
0.092711575
0.054579634
0.061038293
0.090144396
0.08589716
0.06518269
0.050560687
0.045490876
0.030698106
0.013898734
0.09769052
0.12925698
0.06928715
0.051075555
0.032682363
0.05042567
0.06503328
0.037839122
0.036778647
0.052285284
0.06971776
0.07309517
0.055997547
0.06565499
0.07014072
0.018086992
0.039011113
0.022917096
0.03741785
0.048083857
0.01756048
0.069498695
0.039385155
0.036357623
0.010902879
0.015882399
0.05575191
0.04573546
0.043485988
0.04668507
0.07419288
0.05509263
0.051748898
0.056432933
0.063685216
0.07932203
0.047339875
0.04761743
0.035406344
0.061256472
0.09366557
0.10243307
0.11751733
0.14788595
0.12689131
0.097888894
0.028465468
0.10851361
0.13666846
0.08063572
0.0344373
0.053387467
0.068544924
0.03461536
0.0034377624
0.045504928
0.073989734
0.03452176
0.0422348
0.039613403
0.061719794
0.08101581
0.050307143
0.007222366
0.04948782
0.10233093
0.11809747
0.08852092
0.07389455
0.11585727
0.14040868
0.12385173
0.061932515
0.023825627
0.054768573
0.035200633
0.061588258
0.112989575
0.12905781
0.10761729
0.10129727
0.076441966
0.030616084
0.05576941
0.0629121
0.04598576
0.015832156
0.050351862
0.054207597
0.060515832
0.010375581
0.054041322
0.031911418
0.0041171536
0.044836123
0.05826495
0.075849466
0.062768534
0.05826476
0.055450317
0.08884419
0.05354979
0.04072188
0.10029107
0.07915183
0.123297706
0.123606674
0.08725049
0.09522482
0.07648907
0.027692055
0.034024544
0.004537623
0.059081174
0.099264905
0.12434008
0.09719943
0.07862075
0.08945138
0.06174784
0.08871435
0.05919291
0.034626972
0.054168742
0.039867677
0.059451886
0.051408697
0.03958296
0.09176585
0.11414341
0.058090862
0.017153544
0.024423445
0.013200027
0.052097376
0.10634794
0.07163047
0.008755948
0.030542098
0.016824987
0.031837933
0.015000472
0.030732771
0.033044197
0.022365617
0.054142825
0.08751414
0.085672274
0.086418085
0.11372442
0.10740007
0.09360508
0.066230215
0.011518577
0.04203523
0.043141212
0.041626886
0.040919676
0.087588824
0.10207944
0.043645073
0.025211485
0.055885427
0.033200637
0.063529834
0.09765207
0.086587146
0.08237672
0.067512505
0.0679637
0.056443732
0.024394784
0.05715887
0.053265058
0.05439875
0.075004034
0.054659113
0.010175758
0.024733162
0.052862626
0.0287054
0.033432655
0.05123267
0.0042103226
0.038686454
0.0072937454
0.026827147
0.045731563
0.05924575
0.022981845
0.05910741
0.06351517
0.03319931
0.0605294
0.08677517
0.046454895
0.031085428
0.032589056
0.03920495
0.0027503155
0.022069752
0.03200699
0.058965202
0.025990944
0.048861228
0.033190466
0.09396172
0.057009228
0.0680822
0.022223989
0.06910216
0.12358644
0.13803938
0.08192529
0.08878962
0.008943179
0.042939764
0.06136252
0.020678766
0.0570011
0.0020768698
0.055095635
0.056817964
0.06303393
0.06965714
0.072129555
0.10846641
0.07540071
0.03369416
0.050717562
0.041107785
0.03671689
0.038366035
0.045138672
0.069296256
0.080392085
0.034957007
0.031501587
0.014149081
0.042335004
0.014255135
0.014998921
0.035164073
0.027810356
0.06014563
0.0836298
0.08621369
0.1330224
0.1852851
0.11814206
0.054196123
0.06857223
0.1060023
0.068245746
0.06552066
0.040010463
0.017225945
0.028348096
0.051862027
0.11793588
0.13035701
0.083651684
0.029518563
0.023142593
0.03126654
0.061636362
0.07403776
0.045926295
0.015152653
0.014089891
0.008562347
0.020642698
0.049788468
0.07608597
0.08674885
0.10825128
0.0633675
0.060145885
0.06363393
0.07024662
0.08296009
0.086927645
0.077434994
0.052419428
0.029703366
0.005399873
0.042316917
0.11227669
0.14509961
0.081788175
0.013796841
0.050357006
0.0956863
0.092151895
0.06399345
0.08401625
0.023128962
0.08049635
0.053804822
0.098848924
0.15870158
0.09889455
0.09118529
0.08752999
0.039002042
0.09138586
0.11449761
0.07216597
0.042190015
0.039739892
0.023659745
0.052419182
0.08195688
0.033819117
0.057578288
0.07760811
0.034636877
0.010667619
0.05988118
0.07612947
0.032001693
0.029889697
0.10276274
0.1042442
0.08037269
0.092954405
0.10781034
0.11611649
0.089180075
0.034003917
0.06251514
0.081564866
0.049783215
0.021810792
0.02943317
0.024087181
0.05012659
0.018425792
0.030044109
0.043494336
0.040214013
0.12866682
0.1247296
0.002331575
0.04280252
0.02139541
0.06324706
0.022953292
0.0369096
0.087900385
0.045916665
0.010547798
0.017472176
0.00639584
0.07104878
0.10241084
0.077033445
0.043581236
0.09342056
0.09099259
0.10437798
0.094590366
0.039733656
0.06396283
0.05514189
0.04544483
0.051920976
0.00363367
0.014891427
0.056539703
0.047104623
0.0320293
0.0637047
0.047495224
0.01605197
0.015070567
0.023806728
0.037328813
0.062749356
0.02853559
0.081887394
0.029099582
0.036449693
0.030507764
0.08393623
0.12309696
0.066816576
0.027800221
0.03544139
0.0106154075
0.07897398
0.046941053
0.02185544
0.02977536
0.123917826
0.106756374
0.033437923
0.026638614
0.03737932
0.050505515
0.046477765
0.09122723
0.10179393
0.12516332
0.12650491
0.042975202
0.039324753
0.03658767
0.09296585
0.12738024
0.096860066
0.0838566
0.076761864
0.015765956
0.039023723
0.017592823
0.048047006
0.058167588
0.059440818
0.1223137
0.09581876
0.1222716
0.14947489
0.05738263
0.068381615
0.08168734
0.044131503
0.046964563
0.05910112
0.040263314
0.0047970777
0.069827184
0.11864427
0.043482397
0.04247605
0.057510298
0.06489431
0.075969726
0.04996764
0.06398404
0.034595486
0.01753455
0.030594267
0.0076961196
0.07223756
0.095618136
0.029773924
0.051404014
0.03502378
0.04087548
0.11070261
0.058907375
0.0077701104
0.04907541
0.05635675
0.03002213
0.022116229
0.03484276
0.052645892
0.05940518
0.03288663
0.09337974
0.11924074
0.07513303
0.084792
0.10472799
0.08676543
0.040811792
0.054794334
0.031617336
0.06153715
0.061670717
0.06405348
0.09962347
0.13974555
0.12913191
0.07166878
0.0779844
0.051412616
0.060532264
0.111926265
0.112380005
0.08650088
0.055900566
0.0143125355
0.025703488
0.035100557
0.0888731
0.06783924
0.075845435
0.055296704
0.07174436
0.058866736
0.032044686
0.093084715
0.0823612
0.019951668
0.046442475
0.034050316
0.08900485
0.09037853
0.032039005
0.10151945
0.023819232
0.15257768
0.12795584
0.06402925
0.037416402
0.05034146
0.0816746
0.04923301
0.029811
0.04365613
0.05668061
0.040629834
0.02374097
0.06740507
0.07961459
0.09681642
0.12126482
0.0032701106
0.08136032
0.021777157
0.023718748
0.07255248
0.095405824
0.017530259
0.074279405
0.14014281
0.08819349
0.031347726
0.08920604
0.06775397
0.053387195
0.043129656
0.04810348
0.12873448
0.09193722
0.09606364
0.109744355
0.035338625
0.057457697
0.06743943
0.069691785
0.08353913
0.13694781
0.17936486
0.098041974
0.07566353
0.08747811
0.011198415
0.013137683
0.038934607
0.08424487
0.08835025
0.024109464
0.051657017
0.022783741
0.052772127
0.09468582
0.05478032
0.01663035
0.070381835
0.09502968
0.045467522
0.026862802
0.037636776
0.037354797
0.060224604
0.052001175
0.09045641
0.10556107
0.096973516
0.07352006
0.07830571
0.038548596
0.06490529
0.15951213
0.12595014
0.03885572
0.04800507
0.026793974
0.03703415
0.059219904
0.13031588
0.075300924
0.044164844
0.10182216
0.09648399
0.05757862
0.039812922
0.049192023
0.020201769
0.081689335
0.12840545
0.06489625
0.037278194
0.00848277
0.0389866
0.08480443
0.10201967
0.019171333
0.07009663
0.10312416
0.020050155
0.054188028
0.053763013
0.1026198
0.10836187
0.11311309
0.08991905
0.0389644
0.02400603
0.017350594
0.04560903
0.075645424
0.007015007
0.06482235
0.036469985
0.0280088
0.07224733
0.0711864
0.049748514
0.011514172
0.07789994
0.118136
0.082738705
0.073221624
0.14256698
0.09674278
0.019766308
0.011166509
0.034426756
0.032665346
0.096804984
0.047228258
0.07362693
0.1052304
0.04927597
0.041347586
0.0544142
0.05652278
0.075953476
0.04861049
0.018162737
0.0909576
0.15400846
0.14719361
0.023077356
0.046340257
0.09175275
0.089050785
0.06366313
0.06104326
0.102788
0.10431863
0.023181573
0.026104711
0.038506784
0.013499567
0.064974934
0.08548508
0.0391782
0.026914163
0.1131004
0.15007512
0.08657984
0.04921418
0.034924116
0.1438458
0.121576
0.046237186
0.056128394
0.043525573
0.024837285
0.030381385
0.024846815
0.10739112
0.11044357
0.06317122
0.07771146
0.13096592
0.11741023
0.07875287
0.07863618
0.033378463
0.080874264
0.080643706
0.029232804
0.055945527
0.046136472
0.030704802
0.06023893
0.0512604
0.070401214
0.050501756
0.03617195
0.11898741
0.046191845
0.043269884
0.0115797855
0.049008932
0.061939444
0.07934523
0.120155
0.087376796
0.06374065
0.0727362
0.03561025
0.057943467
0.074229755
0.0525732
0.063944936
0.043204512
0.0072745807
0.09547389
0.1493016
0.099768095
0.05932157
0.058840543
0.050106764
0.008728441
0.048797473
0.12469758
0.088470645
0.011230475
0.07822255
0.06665389
0.017497566
0.013871768
0.039108988
0.019446975
0.031216193
0.0675441
0.047838766
0.012667066
0.03570501
0.07236295
0.079876624
0.06343712
0.105586894
0.13626474
0.10503122
0.061572142
0.03725436
0.0095633725
0.03440997
0.0092858095
0.030254757
0.04462731
0.063934796
0.017122978
0.03304355
0.05384192
0.050605062
0.0565536
0.05527524
0.026428033
0.039937235
0.07564091
0.043392904
0.042915568
0.058730908
0.07896679
0.042704187
0.07383722
0.09440423
0.044501264
0.062476996
0.015101088
0.050669283
0.049574092
0.03506435
0.035377726
0.06971935
0.057518072
0.0061676106
0.018989904
0.07730874
0.0884661
0.021955663
0.028533768
0.068946026
0.037227735
0.0394667
0.045355447
0.058249377
0.06183538
0.09500016
0.11347279
0.08991873
0.09438765
0.06440465
0.044011123
0.026936201
0.037002202
0.010109917
0.06161682
0.06975275
0.08387417
0.06527437
0.02792178
0.064218596
0.04788213
0.045620702
0.05397201
0.07283194
0.12222521
0.13014325
0.09534087
0.08088769
0.077830955
0.075037725
0.04412974
0.020337304
0.025494944
0.052750643
0.041299973
0.060386743
0.056604303
0.03217605
0.07495089
0.07857605
0.047814272
0.0273467
0.009683433
0.064082876
0.07923238
0.10173151
0.123066254
0.10862948
0.09842942
0.059876606
0.08911187
0.047500663
0.117214695
0.10548104
0.014543497
0.058192782
0.09834486
0.0462782
0.060842045
0.048713673
0.014977936
0.066578925
0.09054558
0.037584215
0.039499212
0.057113595
0.053929772
0.0107499985
0.05098056
0.03014922
0.024457507
0.025819857
0.06434096
0.060660597
0.013215629
0.08312957
0.08098726
0.034038737
0.029173512
0.011542753
0.04112747
0.089758866
0.06589774
0.042526342
0.010442959
0.030385757
0.030637594
0.0690568
0.08491765
0.09032666
0.10531065
0.10675332
0.082161956
0.041837446
0.08731769
0.14192173
0.11522868
0.09567814
0.08930983
0.05020019
0.0815133
0.10112561
0.019036284
0.015310887
0.02510724
0.03762819
0.039674688
0.04494765
0.033936203
0.01875323
0.027750334
0.059596002
0.14558727
0.15932949
0.07954561
0.040762335
0.07782702
0.070093825
0.088308096
0.06017752
0.05038107
0.058041956
0.007569355
0.020370124
0.030079158
0.020296473
0.055688735
0.014062491
0.05002293
0.066647425
0.084434725
0.052765083
0.039332736
0.018847058
0.029199459
0.051263157
0.08266879
0.09143933
0.07654299
0.062082984
0.031264693
0.08767245
0.08817742
0.10743185
0.06272874
0.0275236
0.027785456
0.027147422
0.054587267
0.08498066
0.09538406
0.109331496
0.071668945
0.06670884
0.008731374
0.017303208
0.0064754304
0.013383067
0.09256123
0.11730815
0.07616684
0.09929766
0.05426479
0.06053899
0.050261248
0.06554894
0.052269544
0.054859027
0.13201766
0.12633142
0.052279927
0.036602374
0.071642816
0.10562383
0.08275597
0.06973309
0.10186615
0.10558079
0.10293609
0.047964483
0.07236333
0.07602569
0.06459737
0.082855426
0.04624323
0.09618898
0.12943241
0.10665217
0.07029054
0.075462386
0.069762886
0.032317672
0.089297995
0.06555009
0.038981285
0.013355292
0.04445524
0.06290273
0.03645692
0.047149878
0.07620291
0.047988143
0.03211837
0.04901001
0.011037771
0.07733583
0.06628907
0.0738432
0.062008448
0.018206341
0.07803004
0.062028337
0.09603784
0.05666462
0.0068962695
0.034909718
0.041378543
0.027461074
0.01778842
0.016152715
0.006152349
0.028016768
0.033285994
0.04379686
0.038016416
0.05763266
0.10248915
0.06292786
0.024692014
0.034364015
0.016871031
0.08744503
0.08973504
0.044580918
0.015480067
0.016333193
0.03401995
0.053806905
0.04327389
0.056541562
0.021660248
0.025679441
0.045473173
0.0665804
0.013156621
0.07289453
0.044555593
0.019319532
0.029558713
0.10300755
0.14102656
0.066744365
0.04118553
0.029476114
0.029477185
0.0061265463
0.03495219
0.02909803
0.0061080223
0.014982956
0.019093163
0.027778834
0.03432079
0.045484137
0.053121757
0.018639248
0.042900845
0.06323641
0.07465389
0.048063874
0.01600151
0.027520956
0.042923197
0.015131867
0.037930224
0.07979936
0.08041985
0.05069685
0.030897181
0.01877104
0.051414005
0.03869216
0.011337814
0.030238817
0.046602562
0.012578276
0.046339117
0.044737853
0.047527045
0.0406238
0.0034696169
0.035732456
0.025503516
0.03518933
0.02780754
0.065892264
0.092332795
0.077233486
0.038509578
0.050621506
0.005772611
0.039001513
0.031528663
0.03546921
0.055276535
0.01694247
0.040610764
0.022514157
0.045770995
0.040001396
0.027092708
0.07233094
0.058514696
0.021580733
0.008440728
0.01921345
0.005742761
0.030109867
0.038217243
0.024280213
0.013024948
0.04478914
0.058935896
0.04191854
0.034517154
0.017997626
0.011575912
0.029370772
0.025148835
0.023949072
0.024459062
0.03450909
0.047197327
0.046865705
0.028861763
0.0109462235
0.03603316
0.04658069
0.02009848
0.05223552
0.052369967
0.03697792
0.030405423
0.024080709
0.033502903
0.043258816
0.028540026
0.020987554
0.04080778
0.022115678
0.01916085
0.016149985
0.04371009
0.056506727
0.04807098
0.03195606
0.011037531
0.021796362
-0.006103694
-0.0061036795
-0.006103658
-0.0061036292
-0.00915539
-0.009155326
-0.00915525
-0.012206885
-0.009155067
-0.009154959
-0.00915484
-0.0030515704
-0.009154571
-0.0061029466
-0.0030514195
-0.003051362
-0.003051301
-0.0030512363
0.003051168
-0.003051096
0.0
0.0
0.003050859
0.0
-0.003050683
0.0
-0.0030504928
0.0
0.0
0.0
-0.003050069
0.0
-0.0030498356
0.0
-0.0030495878
-0.0030494586
0.0
-0.0030491892
0.0
0.0
0.0
-0.0030486076
0.0
0.0
-0.0030481338
0.0030479687
0.0030478002
0.0030476279
0.0030474518
0.0030472726
-0.0030470896
0.0
0.0030467126
0.003046519
0.006092643
0.0030461205
0.006091832
0.003045708
0.0030454963
0.0030452812
0.0
0.00304484
0.0
0.0030443843
0.0060883025
0.0030439147
0.0
0.0
0.0
-0.0030429321
-0.0030426774
0.0
0.0
0.0
-0.0030416236
0.0
0.0
0.0030407957
-0.0030405126
-0.003040226
-0.0030399356
-0.0030396418
0.0
0.0
0.0
0.0
0.0030381195
-0.0030378043
-0.006074971
0.0
-0.0030368373
0.0
0.003036175
0.0
0.0
-0.003035155
-0.0030348075
0.0
0.0
0.0
0.0030333833
0.0
0.0030326499
0.003032278
0.0030319025
0.0030315232
0.0030311407
0.0030307544
-0.0030303646
0.0
0.0
-0.0030291742
0.0
0.0
-0.0030279518
-0.0030275374
-0.0060542384
-0.0030266976
0.0
0.0
0.0
0.003024976
0.0030245367
0.003024094
0.0
0.0
0.0
0.0
0.0
0.0
0.0
0.0
0.0030199504
0.0
0.0
0.0030185059
0.0030180172
0.0
0.0030170297
0.0
0.003016028
0.003015522
0.0030150122
0.006028998
0.0060279653
0.009040387
0.006025878
0.0030124118
0.0030118811
0.006022694
0.0030108094
0.0060205366
0.009029171
0.012036703
0.009025872
0.009024207
0.009022531
0.0090208445
0.009019149
0.009017441
0.009015723
0.0030046653
0.0030040857
0.0030035027
0.0030029162
0.009006979
0.003001733
0.0030011362
0.0030005358
0.008999796
0.0029993248
0.002998714
0.008994299
0.008992447
0.002996861
0.0
0.0
0.0
0.0
-0.0029937034
0.0
-0.002992416
-0.0059835347
-0.002991115
-0.0029904593
0.0
-0.005978275
-0.005976943
-0.005975604
-0.0059742583
-0.0029864528
-0.005971546
0.0
0.0
0.0
0.0
-0.0029823224
0.0
0.0
0.0
0.0
0.0
0.0
-0.0029773477
0.0
0.0
0.0
0.0
-0.005947383
-0.0029729502
-0.0029722054
0.0
0.0
0.0
0.0
0.0
0.0
0.0
0.0029661243
0.005930698
0.0059291404
0.002963788
0.0
0.0
0.0
0.0029606256
0.005919653
0.005918048
0.005916436
0.0029574088
0.0
0.0
0.0
0.0
0.0
0.005904966
0.0
0.0
0.0
0.0
0.005896571
0.005894872
0.005893166
0.0
0.0
0.005888009
0.0058862767
0.0058845375
0.0058827917
0.005881039
0.00587928
0.0
0.0058757416
0.005873963
0.005872177
0.0
0.0029342927
0.00293339
0.0
0.0058631487
0.0
0.0
0.0
0.0
0.0029269776
0.0029260484
0.0
0.0
0.0
0.0
0.0029213524
0.0029204036
0.0
0.0
0.0
0.0
0.0
0.0
0.0
0.0
0.0
0.0
0.0
0.0
-0.0029077684
0.0
0.0
-0.0029047744
0.0
0.0
0.0
0.0
0.0
0.0
0.0
0.0
0.0
0.0
0.0
0.0
0.0
-0.002890417
0.0
-0.0028883142
-0.005774516
-0.0028861987
-0.0028851363
-0.0028840704
-0.0028830015
0.0
-0.002880854
-0.0028797756
-0.0028786939
0.0
-0.0028765209
-0.0057508596
-0.0057486705
-0.0057464754
-0.002872137
-0.002871033
-0.005739852
-0.0028688156
-0.0028677022
-0.008599757
-0.0028654658
-0.008593029
-0.002863217
-0.0028620877
-0.0028609554
0.0
0.0
0.0
0.0028563947
0.0028552467
0.0028540955
0.0
0.0028517838
0.0028506233
0.0028494596
0.0056965854
0.002847123
0.0056919
0.002844774
0.0056871893
0.0056848247
0.005682454
0.005680077
0.0028388468
0.005675304
0.0028364544
0.0028352535
0.0028340495
0.0028328425
0.0028316325
0.0028304192
0.0028292031
0.0028279838
0.0028267615
0.002825536
0.0028243074
0.0
0.0
0.0
0.0
-0.0028181192
0.0
0.0
0.0
-0.0028131139
-0.002811855
0.0
0.0
0.0
0.0
0.0028055147
0.0
0.0
-0.0028016747
0.0028003885
0.0027990995
0.0
0.0027965123
-0.0027952143
0.0
0.0
-0.0027913023
-0.0027899921
-0.0027886792
-0.0055747265
-0.008358133
-0.005569445
-0.0083501935
-0.0055641397
-0.0027807392
-0.0027794056
-0.0027780689
-0.0055534584
-0.0027753867
0.0
0.0027726928
0.0027713412
0.002769987
0.0
0.0
0.0
0.0
-0.0027631717
-0.0027617998
-0.0027604252
0.0
-0.0055153337
0.0
0.0
-0.0027535078
0.0
-0.0027507208
0.0
0.0
0.0
0.0
-0.0027437026
0.0
-0.0027408751
-0.0027394572
0.0
0.0027366127
0.0
-0.0027337568
-0.0027323244
-0.0027308895
0.0
0.0
0.0027265672
0.0027251206
0.0027236715
0.0027222193
0.005441529
0.0054386137
0.0054356926
0.0027163832
0.002714917
0.0027134481
0.0027119764
0.005421004
0.008127074
0.0054150894
0.008118185
0.008113729
0.0054061757
0.0027015966
0.0054002055
0.005397212
0.0026971065
0.0
0.005388199
0.0053851833
0.0026910813
0.002689568
0.0026880521
0.0053730668
0.0
0.0
0.0
-0.0026804314
0.0
0.0
-0.0026758262
-0.0026742858
0.0
-0.0026711968
-0.0026696483
0.0
0.0026665432
0.0
0.0
-0.0026618652
-0.005320601
-0.0026587334
-0.0026571634
-0.0026555907
-0.0026540156
-0.005304875
-0.005301714
-0.0026492737
-0.0052953754
-0.002646099
0.002644508
0.0
0.0052826353
0.0026397186
0.0
0.0026365127
0.0026349057
0.0026332962
0.005263368
0.005260139
0.005256904
0.005253664
0.0026252095
0.0052471687
0.0052439133
0.0052406527
0.005237387
0.002617058
0.0
0.0
-0.0026121365
-0.0026104907
-0.0026088424
-0.0026071917
-0.0026055383
-0.0026038825
-0.002602224
0.0
-0.0025988996
-0.0025972337
0.0
-0.002593894
-0.0025922204
-0.0025905445
0.0
0.0
0.0025855012
0.0
0.0
0.0
-0.002578742
0.0
0.0
0.0
-0.0025719432
-0.0025702373
-0.002568529
-0.0025668181
0.0
0.0
0.0
0.0
-0.0025582276
0.0
0.0025547743
0.0
0.0
-0.005099152
-0.005095677
-0.0025460985
0.0
-0.0025426117
-0.0025408645
0.0
-0.002537363
-0.0025356088
-0.0025338521
0.0
-0.0025303317
0.0
0.0
0.0
0.0
-0.0025214893
0.0
-0.0025179358
0.0
0.0
0.0
0.0
0.0
0.0
0.0
0.0
0.0
0.0
-0.0024982262
-0.0024964204
-0.0024946127
-0.0024928025
-0.00498198
-0.0024891752
-0.0049747163
-0.004971078
-0.0024837174
-0.0024818936
-0.0049601356
-0.0024782394
-0.0024764088
-0.0024745762
0.0
-0.002470904
-0.0024690644
-0.004934446
-0.004930758
-0.0049270657
-0.0049233693
-0.002459834
-0.0073739444
-0.0073683797
-0.0024542694
-0.0024524103
-0.0024505488
0.0
0.0
0.0
0.0
-0.002441209
0.0
0.0
0.0
0.0
0.0
0.0
0.002428043
0.0
0.002424262
0.0
0.0024204727
0.0024185749
0.0024166747
0.0072443183
0.0048257373
0.0024109625
0.0
0.0024071436
0.0024052311
0.0024033168
0.0024014001
0.007198444
0.0047951215
0.007186914
0.007181139
0.007175359
0.007169572
0.0071637793
0.0023859935
0.0023840584
0.0071463645
0.0023801825
0.0071347244
0.0023762984
0.00712306
0.0023724062
0.0023704572
0.0023685063
0.0023665533
0.0023645982
0.0023626413
0.0047213645
0.0023587213
0.0023567586
0.0023547937
0.002352827
0.0023508584
0.0023488877
0.002346915
0.0
0.0
-0.0023409857
0.0
0.0023370232
0.0023350392
0.0046661063
0.0023310652
0.0023290752
0.004654167
0.00232509
0.0023230945
0.0023210973
0.002319098
0.0023170968
0.0
0.0
0.0023110826
0.002309074
0.0023070637
0.0023050513
0.0023030373
0.0
0.0
0.0
0.002294963
0.00458588
0.00458183
0.0045777764
0.0022868598
0.0022848293
0.0022827971
0.0022807634
0.0045574554
0.0045533804
0.002274651
0.00227261
0.0
0.0022685227
0.0045329533
0.0
0.0
-0.004520655
-0.0045165485
-0.004512439
-0.0045083254
-0.004504209
-0.0045000887
-0.0044959653
-0.0044918386
-0.004487708
-0.0044835745
-0.006719156
-0.004475297
-0.0044711535
-0.0044670063
-0.004462856
0.0
-0.0044545447
0.0
0.0
-0.004442054
-0.004437884
-0.00443371
-0.0044295336
-0.004425354
-0.0044211703
-0.004416984
-0.0044127945
-0.0044086017
-0.0044044056
-0.0044002063
-0.0043960037
0.0
0.0
-0.0043833777
0.0
0.0
0.0
0.0
0.0
0.0
0.0021769037
0.0021747854
0.0021726657
0.0043410882
0.0021684214
0.0021662968
0.002164171
0.0021620435
0.0021599147
0.0021577843
0.0021556523
0.0021535188
0.0
0.0021492478
0.00214711
0.0021449707
0.00214283
0.0042813756
0.0064156326
0.004272798
0.006402758
0.0042642094
0.0021299555
0.006383414
0.0042513045
0.0
0.0021213437
0.0
0.0021170296
0.0
0.0021127097
0.0042210957
0.004216769
0.006318659
0.004208107
0.002101886
0.0
0.0020975473
0.0020953757
0.0
0.0020910287
0.0020888532
0.0
0.0
0.0
0.002080138
0.002077956
0.0020757725
0.0020735878
0.0020714018
0.0020692146
0.006201078
0.006194509
0.006187936
0.002060453
0.006174778
0.0020560645
0.0020538683
0.002051671
0.0020494724
0.0020472726
0.0
0.0020428693
0.0
0.0020384612
0.0
-0.0020340483
-0.00203184
-0.0060888915
-0.0020274199
-0.002025208
-0.002022995
-0.0020207807
-0.0020185653
-0.0020163488
-0.0020141313
-0.0020119124
-0.0020096924
0.0
0.0
0.0
-0.0020008013
0.0
-0.0019963488
-0.0019941211
-0.0019918922
-0.0019896622
-0.005962293
-0.007940795
-0.007931862
-0.0059421933
-0.005935487
-0.007905037
-0.003948043
-0.0078871325
-0.0039390866
-0.0019673028
-0.0039301217
-0.0019628182
-0.003921149
-0.0019583295
0.0
-0.0019538368
-0.0039031778
-0.00194934
0.0
0.0019448393
0.0019425874
0.0
0.0
0.0
0.0
0.0
0.0
0.0
0.0
0.0019222773
0.0
0.0
0.0
0.0
0.001910961
0.0
0.0
-0.0019041602
0.0
-0.001899622
0.0
0.0
0.001892808
0.0
-0.0018882611
0.0
-0.0018837107
-0.0018814342
0.0018791569
0.0
0.0
-0.0037446402
-0.003740079
0.0
-0.0018654758
0.0
0.0
-0.0018586244
0.0
0.0
0.0
0.0018494782
0.0018471899
0.0036898013
0.0036852213
0.00184032
0.0018380285
0.005507209
0.00550033
0.0054934495
0.005486566
0.005479681
0.0018242645
0.0036439362
0.0036393418
0.0036347462
0.003630149
0.0036255505
0.0036209507
0.005424524
0.0054176208
0.0036071432
0.0036025383
0.0035979317
0.003593324
0.005383073
0.0053761574
0.0035794934
0.005362321
0.0053554
0.0035656516
0.0053415527
0.0053346264
0.0035517989
0.0053207683
0.0035425578
0.0035379354
0.0035333121
0.0017643437
0.0017620309
0.0017597175
0.0
0.001755089
0.0017527741
0.0017504585
0.0017481424
-0.0017458257
-0.0034870172
-0.003482382
-0.0052166185
-0.0052096625
-0.0017342351
-0.005195746
-0.0034591907
-0.0034545495
-0.005174861
-0.0034452642
-0.0034406201
-0.0017179876
-0.0017156648
-0.0017133413
-0.0034220351
-0.0017086933
-0.0017063686
-0.0017040435
-0.001701718
-0.0016993921
-0.0016970658
-0.001694739
-0.0016924118
-0.0016900843
0.0
0.0
0.0
0.0
-0.001678441
0.0
0.0016737811
0.0
0.0
0.0
0.0
0.0
0.0
0.0016574608
0.0016551281
0.0
0.0
0.0
0.0
-0.0016434599
0.0
-0.0016387906
-0.0016364555
-0.0016341202
-0.0016317847
0.0
-0.0016271129
-0.0016247766
0.0
-0.0016201034
-0.0016177665
-0.0016154293
-0.0016130919
-0.0048322626
-0.0032168329
-0.003212157
-0.0016037404
-0.001601402
-0.0015990634
-0.0031934495
-0.0031887717
-0.0031840936
-0.0031794154
-0.0015873683
-0.0015850288
-0.0015826892
-0.0015803494
-0.0031560191
-0.003151339
-0.0015733294
-0.0031419783
-0.0015686488
-0.0015663084
-0.0015639679
-0.0015616273
0.0
0.0
0.0
0.001552264
-0.001549923
-0.0015475819
-0.0015452408
0.0
0.0
0.0
0.0
-0.0015335347
-0.0030623868
-0.0015288522
-0.0015265108
-0.0015241695
0.0
0.0
-0.0015171455
-0.0015148043
0.0015124631
0.0
-0.0015077807
0.0015054396
0.0015030985
0.0015007575
0.0014984165
0.0014960757
0.0
0.0014913941
0.0
0.0
0.0
0.0
0.0014796916
0.0014773514
0.0029500227
0.0
0.0014703316
0.001467992
0.0029313047
0.002926626
0.0029219473
0.0029172692
0.0014562956
0.0029079136
0.0029032365
0.0028985594
0.002893883
0.0014446034
0.0014422656
0.0014399278
0.0014375903
0.0014352531
0.001432916
0.0
0.0
0.0
0.0
0.0
0.0
0.0014165629
0.0
0.0
0.0
0.001407224
0.0
0.0
0.0
0.0
0.0
0.0
0.0
-0.0013885596
0.0
0.0
0.0
-0.0013792351
-0.0013769048
0.0
-0.0013722453
-0.001369916
0.0
0.0
0.0
0.0013606028
0.0013582754
0.0013559485
0.001353622
0.0
0.0
0.0013466448
0.0013443199
0.0013419954
-0.0013396714
0.0
-0.0013350247
-0.001332702
-0.0013303797
-0.0013280581
-0.0013257368
-0.0039702477
-0.0013210955
-0.0039563267
-0.0013164562
0.0
-0.001311819
-0.001309501
-0.0013071836
-0.0026097335
-0.0026051009
-0.0026004692
-0.003893758
-0.0012956045
-0.003879871
-0.0012909767
-0.0038659906
-0.005145404
-0.001284039
-0.0012817276
0.0
0.0
0.0
0.0012724877
0.0
0.0
0.001265564
0.0012632573
0.0012609513
0.0012586459
0.0
0.0
0.0
0.0012494305
0.0
0.0
0.0
0.0
0.0
-0.0024712542
-0.0024666577
-0.0024620628
-0.002457469
-0.002452877
-0.002448286
-0.0024436966
-0.0024391084
-0.002434522
0.0
-0.0024253533
0.0
0.0
-0.0024116111
0.0
-0.0024024574
-0.0023978828
0.0
-0.0023887383
-0.0023841683
0.0
0.0
0.0
0.0011829521
0.0
0.0
0.0
0.0
0.0
0.0
0.0
0.0
0.0
0.0
0.0
0.0
0.0011533641
0.001151094
0.0022976499
0.0022931132
0.0011442893
0.0022840456
0.0022795144
0.0022749852
0.0045409156
0.0045318645
0.0045228167
0.0022568866
0.0022523664
0.0022478483
0.002243332
0.0
0.0
0.0
0.0
0.0
0.0
0.0
0.0
0.0
0.0
0.0
0.0
0.0
0.0021803093
0.0021758226
0.002171338
0.0021668556
0.0021623753
0.002157897
0.0021534208
0.0021489467
0.0021444748
0.0021400051
0.0
0.0
0.0010633043
0.0010610737
0.0021176885
0.0
0.0
0.0021043248
0.0010499373
0.0
0.0010454906
0.002086538
0.0020820969
0.002077658
0.0020732216
0.0020687873
0.0
0.001029963
0.0010277494
0.0010255369
0.0020466514
0.0010211156
0.0020378134
0.001016699
0.0
0.0
0.0
-0.0010078803
0.0
0.0
-0.001001279
0.0
-9.968844E-4
-9.94689E-4
-9.924946E-4
-0.0019806034
-9.8811E-4
-9.859196E-4
-0.0029511913
-0.0029446275
-0.0029380678
-9.771707E-4
-0.0029249596
-9.7280386E-4
-9.706224E-4
-0.002905327
-9.6626347E-4
-0.001928172
-0.0019238197
-0.00191947
-0.001915123
-0.002866168
-0.0028596555
-0.0038041961
-0.0037955234
-0.0028401425
-0.0018890974
-9.423847E-4
-9.40222E-4
-9.3806075E-4
-0.0028077026
-0.002801227
-9.315852E-4
-0.0027882885
-0.0027818256
-0.0018502446
-0.0018459416
-9.2082075E-4
-9.1867207E-4
0.0
0.0
0.0
0.0
0.0
0.0
0.0
0.0
8.993992E-4
8.9726516E-4
8.951325E-4
0.0
0.0
8.887435E-4
8.866168E-4
0.0017689833
0.001764736
8.802459E-4
8.7812525E-4
8.7600615E-4
8.738886E-4
8.717726E-4
8.696581E-4
8.6754514E-4
0.0
8.633239E-4
8.6121564E-4
8.591089E-4
8.570038E-4
0.0
0.0
0.0
8.48599E-4
8.465018E-4
8.4440614E-4
0.0
0.0
0.0
0.0
0.0
0.0
0.0
-8.276994E-4
-8.2561834E-4
-8.23539E-4
8.214613E-4
0.0
0.0
8.1523816E-4
0.0
8.110978E-4
0.0
8.069641E-4
8.048998E-4
8.028372E-4
8.007763E-4
0.0
0.0
0.0
0.0
0.0
0.0
7.8639813E-4
0.0
0.0
7.8026205E-4
0.0
0.0015523601
7.7414175E-4
7.7210524E-4
7.700704E-4
0.0
7.660062E-4
7.639768E-4
0.0015238983
0.0015198466
7.5789925E-4
7.5587706E-4
0.0015077132
7.5183803E-4
0.0014996425
0.002243419
7.457932E-4
0.0022313457
0.0014835449
7.397649E-4
0.0014755183
0.0014715106
0.0014675065
0.0014635063
0.0
0.0
7.2576385E-4
7.237712E-4
7.2178047E-4
0.0021593748
0.0014356092
7.1581954E-4
7.138364E-4
0.0014237103
7.098758E-4
7.078984E-4
7.059229E-4
7.0394936E-4
0.0014039555
0.0
0.0013960806
6.960745E-4
6.941107E-4
6.921488E-4
6.901889E-4
6.8823097E-4
0.0
0.0
-6.82369E-4
-6.804189E-4
-6.784709E-4
-6.765249E-4
-6.745808E-4
-6.7263877E-4
-6.7069876E-4
0.0
0.0
0.0
0.0
-6.610289E-4
-6.59101E-4
0.0
-6.552514E-4
-6.533296E-4
0.0
0.0
0.0
0.0
0.0
0.0
0.0
0.0
0.0
0.0
0.0
0.0
0.0
0.0
-6.247525E-4
-6.228641E-4
0.0
0.0
6.172119E-4
6.153321E-4
0.0
0.0
0.0
0.0
6.059653E-4
6.0409843E-4
6.0223375E-4
6.0037116E-4
0.0
0.0
0.0
0.0
0.0
-0.0011784838
-5.873947E-4
-5.8554974E-4
-5.8370695E-4
-5.818664E-4
0.0
0.0
-5.763581E-4
0.0
0.0
0.0
0.0
0.0
0.0
5.635839E-4
0.0
0.0
0.0
-5.563341E-4
-5.5452733E-4
-5.527229E-4
0.0
0.0
0.0
0.0
0.0
0.0
5.40156E-4
0.0
5.365863E-4
5.348049E-4
5.330258E-4
5.3124916E-4
5.294748E-4
5.277028E-4
0.0010518662
0.0
0.0
0.0
-5.188781E-4
-5.1712024E-4
-0.0010307295
-5.1361165E-4
-5.1186094E-4
-5.101126E-4
-0.0010167335
-5.066232E-4
-5.04882E-4
-5.031433E-4
-5.0140696E-4
0.0
-4.9794157E-4
-4.962125E-4
0.0
-4.927616E-4
0.0
0.0
0.0
4.858891E-4
0.0
-4.824675E-4
-4.8076038E-4
0.0
-4.7735355E-4
0.0
-4.739566E-4
-4.7226183E-4
-9.4113906E-4
-4.6887973E-4
-4.671924E-4
-9.310152E-4
-4.6382527E-4
-9.242909E-4
-4.6046812E-4
-9.175866E-4
-4.57121E-4
-4.5545123E-4
-4.5378396E-4
-4.5211922E-4
-4.50457E-4
0.0
-4.471402E-4
0.0
-4.4383353E-4
0.0
-4.4053706E-4
-4.3889263E-4
-4.372508E-4
-4.356115E-4
-4.3397478E-4
-8.6468126E-4
-8.6141814E-4
-8.5816014E-4
-8.549073E-4
-8.516597E-4
-8.484172E-4
-8.4517995E-4
-8.4194785E-4
-0.0016774419
-8.3549926E-4
-0.0016645656
-8.2907156E-4
-8.258656E-4
-8.226648E-4
-4.0973467E-4
-8.1627903E-4
-4.0654704E-4
-4.0495716E-4
0.0
-4.0178536E-4
-8.0040685E-4
-7.972483E-4
-7.9409505E-4
-7.909471E-4
-3.9390224E-4
-3.923336E-4
0.0
0.0
-3.876437E-4
0.0
0.0
0.0
3.8142802E-4
0.0
0.0
0.0
3.7525545E-4
0.0
3.721854E-4
0.0
0.0
0.0
0.0
0.0
0.0
0.0
3.6001418E-4
-3.585051E-4
0.0
0.0
3.539943E-4
3.5249625E-4
3.5100093E-4
3.495084E-4
3.480186E-4
0.0010395948
0.0010351421
0.0010306978
0.0010262618
0.0013624455
0.0013565532
0.001350672
0.0013448021
0.0010042074
9.998218E-4
9.954446E-4
6.6071714E-4
6.5781025E-4
9.823635E-4
3.2600667E-4
9.7368506E-4
3.2311952E-4
3.2168019E-4
9.6073106E-4
9.564301E-4
0.0012695169
9.478537E-4
9.435784E-4
0.0012524154
9.3505334E-4
9.3080365E-4
9.265626E-4
9.223301E-4
9.181062E-4
6.0926063E-4
6.064562E-4
3.0182875E-4
3.004323E-4
5.980775E-4
5.952961E-4
5.925205E-4
2.9487538E-4
2.934934E-4
0.0
2.907381E-4
2.8936483E-4
2.8799445E-4
0.0
0.0
-5.678017E-4
-5.650843E-4
-5.623728E-4
-5.596671E-4
-5.569673E-4
-5.5427337E-4
-5.5158534E-4
-5.4890313E-4
-8.1934035E-4
-5.435565E-4
-5.4089207E-4
-5.382335E-4
-2.6779043E-4
-5.3293415E-4
-7.9544005E-4
-5.276585E-4
-7.875444E-4
-5.2240666E-4
-5.1978964E-4
-2.585893E-4
-5.1457353E-4
-5.1197445E-4
0.0
-2.533971E-4
-2.5210652E-4
0.0
0.0
0.0
-2.4697426E-4
-4.9139746E-4
-4.888524E-4
-2.4315667E-4
0.0
0.0
-4.7873252E-4
-4.7621765E-4
-4.737089E-4
-2.3560309E-4
-2.3435478E-4
-2.3310952E-4
-2.3186728E-4
-4.612562E-4
-4.5878394E-4
-4.5631776E-4
-6.8078656E-4
-4.514038E-4
-4.4895598E-4
-4.4651428E-4
-4.4407873E-4
-6.6247396E-4
-4.3922605E-4
-4.3680894E-4
-2.1719899E-4
0.0
0.0
0.0
-4.248158E-4
0.0
0.0
0.0
0.0
0.0
0.0
0.0
4.0594873E-4
4.036183E-4
4.0129412E-4
-1.9948809E-4
0.0
0.0
0.0
0.0
0.0
0.0
0.0
1.9032898E-4
3.7839642E-4
0.0
0.0
0.0
0.0
1.8359163E-4
1.8247978E-4
3.627422E-4
5.407968E-4
3.5832648E-4
3.5612812E-4
3.539361E-4
3.5175044E-4
3.4957114E-4
3.473982E-4
5.178474E-4
3.430714E-4
5.1137636E-4
5.081552E-4
5.0494366E-4
5.0174166E-4
4.9854926E-4
4.9536646E-4
1.6406442E-4
1.630099E-4
1.6195858E-4
1.6091048E-4
1.598656E-4
1.5882392E-4
4.733564E-4
4.702507E-4
1.5571823E-4
1.5468943E-4
1.5366387E-4
4.5792465E-4
4.5486738E-4
4.518198E-4
1.4959398E-4
1.485846E-4
0.0
0.0
0.0
0.0
1.435864E-4
2.85193E-4
1.4160988E-4
0.0
1.3964639E-4
1.3866955E-4
1.3769597E-4
0.0
0.0
0.0
0.0
-1.3287713E-4
-1.3192318E-4
0.0
0.0
0.0
0.0
1.2720277E-4
0.0
0.0
0.0
0.0
-1.2256467E-4
-2.4329392E-4
0.0
0.0
-1.1891366E-4
-1.1800918E-4
-2.3421603E-4
-1.1621017E-4
-2.3063127E-4
-2.2884886E-4
-2.2707309E-4
-1.12651986E-4
-2.235415E-4
-2.217857E-4
-2.2003656E-4
-2.1829408E-4
-2.1655827E-4
-2.1482914E-4
-2.1310669E-4
-1.0569546E-4
-2.0968184E-4
-1.0398972E-4
-1.0314187E-4
-2.0459475E-4
-2.0291246E-4
-2.0123686E-4
-1.9956799E-4
-1.9790583E-4
-1.9625039E-4
-1.9460167E-4
-9.647984E-5
-9.566221E-5
-9.484794E-5
-1.880741E-4
-1.8645906E-4
-9.2425376E-5
0.0
9.08272E-5
0.0
0.0
0.0
0.0
0.0
8.6113825E-5
0.0
0.0
0.0
8.303934E-5
8.2279206E-5
8.152247E-5
8.076914E-5
1.6003841E-4
1.5854536E-4
1.5705911E-4
1.5557968E-4
1.5410707E-4
1.5264128E-4
7.559116E-5
7.486509E-5
7.414244E-5
7.342321E-5
7.270739E-5
7.1995004E-5
1.4257207E-4
0.0
6.987837E-5
0.0
6.848442E-5
1.3558517E-4
6.710419E-5
6.641923E-5
6.57377E-5
6.505961E-5
1.2876993E-4
1.2742751E-4
6.304598E-5
6.238167E-5
6.1720784E-5
1.2212672E-4
6.0409377E-5
1.7927654E-4
1.1822353E-4
1.1693628E-4
1.734839E-4
1.1438251E-4
1.6967398E-4
1.11856396E-4
5.5301858E-5
1.0935797E-4
5.4059572E-5
5.3443626E-5
5.2831147E-5
1.0444427E-4
1.5484978E-4
5.1014522E-5
5.041592E-5
4.9820796E-5
4.9229147E-5
4.8640974E-5
4.8056278E-5
4.747506E-5
9.3794646E-5
9.2646136E-5
4.57523E-5
9.037003E-5
8.924243E-5
4.40609E-5
8.700816E-5
8.590148E-5
1.272027E-4
1.2556365E-4
8.262339E-5
1.22317E-4
1.207094E-4
7.94082E-5
1.175257E-4
1.15949595E-4
7.6256E-5
7.521927E-5
3.7094775E-5
3.658342E-5
3.6075573E-5
0.0
3.50704E-5
3.4573077E-5
0.0
3.3588964E-5
3.310218E-5
6.5237815E-5
6.4278305E-5
3.1662912E-5
6.238038E-5
3.072099E-5
3.0255305E-5
2.9793146E-5
5.866901E-5
2.887939E-5
0.0
2.7979733E-5
-2.7535194E-5
0.0
-2.66567E-5
0.0
0.0
0.0
-2.4942075E-5
-4.90445E-5
-2.410596E-5
-2.3693206E-5
-2.3283988E-5
-2.2878308E-5
-2.2476166E-5
-2.2077566E-5
0.0
0.0
-4.180601E-5
-4.103714E-5
-4.027536E-5
-3.952067E-5
-5.8159603E-5
-3.8032562E-5
-3.7299153E-5
-3.6572837E-5
-1.7926812E-5
0.0
-3.4436496E-5
-3.3738586E-5
-3.3047785E-5
-1.6182044E-5
-3.16875E-5
-3.1018022E-5
-3.0355655E-5
-2.9700404E-5
-2.9052266E-5
-2.8411245E-5
-2.7777342E-5
-2.7150558E-5
-2.6530895E-5
-2.5918354E-5
-3.7969407E-5
-2.4714645E-5
-2.4123481E-5
-2.3539444E-5
-2.2962537E-5
-3.358914E-5
-1.0915057E-5
-2.1274604E-5
-1.0363114E-5
-1.0092493E-5
-9.825441E-6
-1.9123918E-5
-1.8604092E-5
-9.045704E-6
-2.63788E-5
-1.7087468E-5
-1.6596216E-5
-1.6112108E-5
-1.5635145E-5
-1.5165333E-5
-1.47026685E-5
-2.849431E-5
-1.3798793E-5
-1.3357582E-5
-6.4617625E-6
-6.2483114E-6
-1.20768755E-5
-5.8321425E-6
-1.1258851E-5
-1.0860576E-5
-5.2347305E-6
-5.0427525E-6
-4.854355E-6
-4.6695386E-6
-4.4883036E-6
-8.621301E-6
-4.1365797E-6
0.0
-3.7991865E-6
-3.635865E-6
0.0
0.0
3.1674044E-6
0.0
0.0
2.7312085E-6
2.5929814E-6
4.916681E-6
4.654573E-6
2.1998192E-6
2.075939E-6
3.911293E-6
3.6778833E-6
5.177475E-6
4.84889E-6
4.5310708E-6
2.816012E-6
1.3092442E-6
3.6422152E-6
3.3674664E-6
2.0689913E-6
1.9001849E-6
8.6927935E-7
7.920567E-7
1.4368491E-6
1.2967662E-6
1.1638651E-6
1.038146E-6
9.196094E-7
1.212383E-6
3.5204212E-7
3.0354812E-7
2.5864583E-7
2.1733533E-7
1.796167E-7
1.4549008E-7
1.14955505E-7
8.801307E-8
0.0
0.0
2.8739146E-8
1.6165792E-8
0.0
0.0
-0.0
