2.9523835
0.61306244
4.3158555
18.135874
40.40632
82.86028
147.84064
135.08116
18.152794
80.00608
87.90343
123.162964
109.27029
71.56285
30.127668
35.837406
68.77591
88.218025
86.15386
76.55356
68.015175
60.269955
53.303772
45.72335
35.666843
31.353636
27.554214
25.681059
26.002226
21.002075
21.198938
17.349667
12.551645
13.751934
13.099308
5.872674
4.6997633
8.384836
4.318638
1.4476486
2.4013693
2.835273
4.737779
5.2519155
5.47566
4.297217
4.6532373
3.5188928
4.032906
5.2650933
4.893853
3.3447418
1.0411756
1.0796319
1.8731748
1.9971899
1.2894819
0.52030087
0.16640937
0.48923638
0.46024764
0.3546908
0.5649572
0.59079635
0.83175
0.54469824
0.554265
1.1294632
1.0253226
0.970285
0.9084341
0.16303366
0.93802184
0.89108515
0.75385135
0.48779362
0.15266313
0.21340214
0.5109825
0.49490693
0.5945819
0.7751242
0.5347494
0.3050273
0.15986983
0.55360043
0.85162914
0.8111504
0.7084858
0.4995737
0.35289776
0.4999775
0.3623245
0.40154266
0.48393947
0.29463816
0.15209347
0.41018474
0.46390736
0.28673545
0.19918452
0.17996584
0.20393352
0.2996574
0.04867756
0.13844971
0.06207593
0.088145345
0.23497559
0.25117618
0.2820713
0.42324108
0.5761779
0.53600496
0.1688614
0.36519936
0.55017823
0.39163384
0.350847
0.06949123
0.13077997
0.08385476
0.10365343
0.12130876
0.35067832
0.2985945
0.16527115
0.2507643
0.22875239
0.18728425
0.27813312
0.15401822
0.24726297
0.24121194
0.17933643
0.16731031
0.14360324
0.053605203
0.12608421
0.19962126
0.12244183
0.32870913
0.23624815
0.099775545
0.27159798
0.33231992
0.22123839
0.18676884
0.39556965
0.3763481
0.12916417
0.1059946
0.06856434
0.054986496
0.1803764
0.11890889
0.24085227
0.36025205
0.3400783
0.2577814
0.3961534
0.46095026
0.40576446
0.29541913
0.083929636
0.19760141
0.14886089
0.11307661
0.077674635
0.1663889
0.19200973
0.094284214
0.071391635
0.018300716
0.21654376
0.4106814
0.26496273
0.0668188
0.13192971
0.17978422
0.24332729
0.08880531
0.12494737
0.18975577
0.19042948
0.21719523
0.09045657
0.17686367
0.12175312
0.13239238
0.10330635
0.2430864
0.28480315
0.23947221
0.36482278
0.36071125
0.20246059
0.13416372
0.25426915
0.33365873
0.2556011
0.18808877
0.1540233
0.08796714
0.27929345
0.23912345
0.08244947
0.16041906
0.146684
0.08151604
0.063079394
0.1396045
0.17601155
0.19864422
0.20360993
0.18243997
0.080488145
0.33817452
0.37006858
0.27146485
0.10646069
0.13795102
0.18289292
0.19701529
0.10178369
0.15824266
0.11397015
0.19455953
0.2628076
0.091988996
0.13113055
0.24998634
0.3556823
0.40281105
0.23122048
0.11652001
0.2546284
0.21046571
0.24192639
0.23620485
0.32341138
0.35956067
0.36325744
0.18857563
0.22808298
0.26212075
0.27888653
0.20532434
0.11361439
0.17064211
0.17729114
0.41866797
0.36824486
0.079062596
0.33070865
0.31929016
0.16609332
0.09920546
0.17188454
0.17762649
0.0836162
0.14617988
0.20117442
0.17734991
0.16141142
0.2001329
0.08609022
0.06929444
0.21056665
0.2688988
0.22267564
0.15665011
0.19873837
0.28326902
0.2942637
0.21714567
0.07973721
0.0638719
0.13347131
0.16223498
0.1586866
0.12605134
0.24737675
0.19631651
0.2561213
0.18654074
0.13598116
0.072295085
0.15513372
0.20917138
0.13702849
0.13604209
0.23701367
0.19007121
0.14449254
0.21223207
0.07914335
0.1935143
0.15719615
0.16569604
0.13618147
0.19042924
0.1577429
0.09965753
0.017931638
0.05038263
0.0021584122
0.040538803
0.06779497
0.12353095
0.075937375
0.112450115
0.17834744
0.09179878
0.04427156
0.046382565
0.14306748
0.25060835
0.16517977
0.09743239
0.108507104
0.021764506
0.059805855
0.086164586
0.19137642
0.19038002
0.11613122
0.074887335
0.03711043
0.05825946
0.14334588
0.11804267
0.05424568
0.07020016
0.06439552
0.08492422
0.06721974
0.12464452
0.16900657
0.1619439
0.14981341
0.046350464
0.1637096
0.21605377
0.1502689
0.08012714
0.054725938
0.0534108
0.088170916
0.09255717
0.067272834
0.14544863
0.13983375
0.11270689
0.2733181
0.33785585
0.21086508
0.07185985
0.08398704
0.0592138
0.021906469
0.10423208
0.10956031
0.13763484
0.21793468
0.3096047
0.26633966
0.09148132
0.1632887
0.2463321
0.14100601
0.028150504
0.0981681
0.16774678
0.072453886
0.08670199
0.16153222
0.15970585
0.1133057
0.24803285
0.23678556
0.042825397
0.038217753
0.058589783
0.09141734
0.1163677
0.0014151109
0.122891285
0.12871836
0.06802375
0.09199671
0.12807167
0.046763316
0.14174463
0.18835123
0.09614299
0.031429168
0.08050151
0.03306146
0.12272677
0.20115094
0.13833334
0.10364711
0.070993766
0.08454197
0.089474134
0.039400604
0.037187196
0.0822138
0.11726286
0.088409044
0.089115456
0.091947466
0.07565987
0.13141383
0.09268027
0.04820445
0.11731202
0.12174422
0.07571081
0.13156639
0.1721745
0.28609696
0.30182418
0.12664667
0.05120622
0.0970193
0.09963251
0.12511452
0.19500022
0.1729156
0.18549328
0.15376824
0.12546395
0.16775751
0.22472975
0.16783968
0.20603423
0.21120702
0.13549246
0.09274335
0.11282911
0.10846079
0.02400083
0.020538878
0.020581394
0.11300069
0.2349329
0.14263901
0.16026412
0.11483151
0.12368054
0.29298812
0.2868787
0.10742489
0.14724468
0.23705505
0.19815755
0.16598171
0.10053686
0.12416733
0.21672708
0.09213334
0.061275102
0.16341135
0.071559854
0.15014963
0.11612303
0.06137476
0.11757222
0.057549685
0.14688574
0.088454336
0.12044709
0.12074138
0.1065455
0.19014452
0.14745675
0.0648141
0.03116253
0.026469372
0.035808694
0.04408819
0.118380755
0.13126232
0.1925098
0.15338378
0.15994371
0.14757104
0.07864946
0.090671316
0.17134885
0.13920484
0.050791346
0.10268624
0.1542357
0.076841526
0.18528831
0.28718275
0.15565643
0.0340066
0.12418704
0.14690498
0.09409868
0.08735779
0.051896755
0.09676205
0.1722607
0.22290082
0.09883258
0.1827283
0.014550678
0.14405864
0.058156315
0.051600125
0.1318803
0.12567535
0.17222561
0.21466757
0.07453351
0.027909657
0.059261467
0.09794645
0.10933067
0.1705717
0.27576232
0.22539297
0.111877665
0.10566429
0.0057994584
0.14351304
0.11860425
0.13428187
0.11088948
0.19019605
0.21111184
0.097886406
0.093621425
0.33205882
0.28628212
0.12583074
0.1318167
0.14373152
0.13788122
0.1878828
0.018262535
0.2709225
0.3046764
0.20248681
0.0695367
0.15289357
0.04102603
0.037805013
0.08022051
0.18324487
0.37624487
0.28907624
0.2989137
0.39333495
0.19187845
0.05598438
0.25652376
0.09556245
0.16623096
0.18924668
0.07911514
0.080865145
0.26583168
0.31204683
0.29930812
0.17546241
0.103880525
0.2217769
0.21620913
0.042648487
0.12083234
0.15461299
0.10561753
0.14615913
0.16088003
0.09580569
0.2618408
0.20018359
0.13057555
0.057545554
0.033459295
0.2072238
0.22356817
0.30013126
0.07544289
0.08996153
0.22413346
0.21727683
0.062174857
0.24261194
0.3046682
0.31318516
0.12344727
0.19546786
0.2490819
0.2992269
0.2618224
0.3886721
0.390803
0.05514415
0.25393045
0.31209433
0.2888023
0.54912853
0.41051966
0.25050715
0.3647952
0.24095273
0.30076966
0.5287708
0.50140953
0.32457238
0.11618177
0.52137494
0.19358203
0.48460153
0.33984405
0.16259684
0.23447776
0.15789387
0.69602436
0.564924
0.09024018
0.15508835
0.011892403
0.13015811
0.111879855
0.33873788
0.3058747
0.23450471
0.27809826
0.28515574
0.055413455
0.43054795
0.5776278
0.26421824
0.19293982
0.61661226
0.45120817
0.3710461
0.5001933
0.15709235
0.34538153
0.4535308
0.5042984
0.45391938
0.27390593
0.005819776
0.13176614
0.07998912
0.07897944
0.3434577
0.41379645
0.067491375
0.4813438
0.51313514
0.38117892
0.27684093
0.15717337
0.06466745
0.08953671
0.03975862
0.052613925
0.44276965
0.39088157
0.07424834
0.08237072
0.22437961
0.2856285
0.14111418
0.19042872
0.07083888
0.1486758
0.112905085
0.14798544
0.2029165
0.17322743
0.18428607
0.23963872
0.15197352
0.1673886
0.27895594
0.24989372
0.11501485
0.15418948
0.20064706
0.17600219
0.18134001
0.17914774
0.2102224
0.21326232
0.10968538
0.082536586
0.14917482
0.18191175
0.06368922
0.111495286
0.14247724
0.16064529
0.131321
0.13272116
0.17927347
0.30442047
0.22987713
0.13973552
0.15216525
0.19139539
0.20571934
0.11095527
0.12703189
0.11133993
0.19064435
0.24523178
0.1260981
0.115695
0.13364781
0.042812917
0.20512465
0.22555973
0.047131334
0.28192613
0.29881248
0.21398708
0.1475497
0.07454416
0.16219245
0.21467301
0.102544546
0.016541721
0.05412932
0.10094504
0.14641462
0.12935929
0.1026671
0.2532686
0.18352298
0.03646265
0.044290658
0.12590837
0.19169983
0.19160078
0.10556414
0.034264278
0.08389336
0.07803107
0.041274846
0.082120776
0.07711707
0.03389609
0.10652306
0.23545828
0.27689216
0.31700975
0.25072566
0.21111754
0.16257514
0.123011604
0.025999583
0.12574124
0.042568997
0.14098305
0.08428174
0.1322468
0.16694963
0.049953066
0.10454808
0.1454677
0.21839444
0.10332113
0.05415841
0.10621243
0.18399897
0.15879022
0.08918971
0.074093685
0.046282507
0.12872069
0.13549665
0.08744949
0.09165028
0.10373485
0.080921076
0.068591855
0.046771515
0.07500959
0.0951887
0.046829835
0.06485581
0.18106107
0.20724857
0.06680405
0.13508797
0.14361821
0.10765698
0.0315353
0.08161526
0.06989132
0.11196418
0.11864879
0.13895547
0.03515934
0.13570875
0.14762782
0.06704677
0.03686361
0.07300856
0.07133699
0.020943018
0.039471496
0.03595148
0.07351012
0.092620224
0.11235176
0.09681496
0.13347231
0.1313362
0.024617605
0.11614702
0.16353455
0.13793303
0.16114853
0.11484771
0.08719088
0.114895865
0.122780055
0.03963956
0.13676375
0.16497965
0.034521684
0.054499973
0.009259626
0.14606966
0.16045104
0.02988802
0.11348744
0.10474729
0.09457222
0.037263386
0.019529622
0.081621006
0.1011095
0.0789714
0.07883968
0.07902522
0.1406702
0.16135614
0.08273293
0.11469517
0.0445173
0.10653744
0.072744526
0.066859946
0.0395821
0.15075901
0.12697633
0.18031918
0.15504295
0.053560074
0.060898714
0.1145014
0.0381948
0.074220575
0.037323378
0.10884744
0.16399918
0.12883976
0.08555384
0.08162418
0.11496735
0.10613976
0.0554487
0.07902368
0.08821099
0.07760312
0.14900313
0.11689922
0.06782522
0.108794086
0.036723096
0.040440936
0.03175752
0.080946825
0.12265934
0.072698176
0.07833895
0.036762305
0.11951668
0.12400293
0.09034906
0.10063635
0.0745894
0.037483044
0.11222698
0.12445081
0.109092936
0.06904275
0.029567141
0.11592394
0.15497243
0.12721997
0.06410796
0.060548704
0.027282218
0.030619653
0.14046142
0.20140487
0.17138849
0.1359644
0.08508776
0.11638747
0.08521084
0.05780881
0.07368049
0.040573053
0.09127662
0.08355933
0.080343395
0.14009544
0.11592041
0.07788759
0.07648857
0.0927319
0.0501882
0.032221496
0.012026424
0.042908177
0.077226646
0.035713885
0.04253121
0.08996122
0.12740149
0.133047
0.13388097
0.044707283
0.04825243
0.08673314
0.12816076
0.101141796
0.094558135
0.049110636
0.09912303
0.10626711
0.06981099
0.02398642
0.107982285
0.09729816
0.06120283
0.094279245
0.047992732
0.013975271
0.06620176
0.09437802
0.043412164
0.049533077
0.06828253
0.15854694
0.09855781
0.068177596
0.08182322
0.098809
0.1305439
0.085048854
0.059414983
0.044404626
0.043792434
0.10034372
0.09927335
0.08596738
0.09100872
0.108450435
0.086843766
0.06349743
0.016023057
0.111208566
0.09778303
0.06439762
0.103154935
0.0812489
0.05839348
0.13641919
0.10222993
0.088855274
0.029531552
0.081464216
0.061339993
0.11304132
0.118854456
0.040687893
0.060530357
0.09088027
0.04107344
0.039879162
0.06904302
0.0786098
0.017976819
0.047719896
0.09722923
0.106186144
0.12827303
0.10702469
0.07045697
0.12639058
0.12132208
0.072105974
0.043735135
0.06432651
0.13961115
0.15538585
0.14522457
0.09440692
0.043281477
0.06399978
0.05310172
0.12552013
0.14251535
0.07527731
0.13483119
0.003800224
0.04397367
0.06605056
0.040958036
0.1271636
0.073828906
0.0010714023
0.048255008
0.021151181
0.13146019
0.15541893
0.07609109
0.040116888
0.06398837
0.15216137
0.15209426
0.08839838
0.007865288
0.06867054
0.06532403
0.13944738
0.1342542
0.078161925
0.078049295
0.097463
0.12472755
0.09740876
0.037443932
0.002224449
0.026642665
0.053287007
0.079378396
0.095659986
0.045111082
0.061245754
0.048640616
0.032898318
0.057349257
0.10801069
0.09297943
0.07351562
0.09452226
0.13957767
0.13452864
0.12041011
0.10557403
0.06870962
0.037531868
0.07925603
0.04782951
0.095915325
0.035082724
0.030186052
0.04001606
0.090692945
0.10021613
0.091510154
0.13027382
0.16421989
0.1447404
0.11481671
0.052614998
0.010591873
0.009633572
0.023834279
0.04711614
0.045586467
0.032039687
0.036719423
0.00921501
0.013721124
0.03632469
0.049649507
0.11355767
0.1495373
0.24506183
0.15287802
0.059227683
0.021821102
0.040036403
0.037082803
0.072868995
0.03375197
0.030842764
0.02400362
0.04107779
0.05974356
0.07605484
0.08171033
0.038999587
0.04735956
0.046563387
0.062248528
0.09154944
0.15192528
0.10186708
0.02818048
0.052366704
0.024397824
0.02862027
0.02586822
0.055257477
0.047506034
0.17401628
0.1828689
0.14261977
0.07886528
0.05196616
0.050066903
0.031719264
0.074852176
0.13598871
0.058024745
0.12608232
0.14798166
0.14230424
0.114206955
0.041222777
0.04332767
0.122379676
0.16576496
0.10351351
0.10760984
0.115000665
0.047004253
0.09882488
0.09691393
0.026453307
0.014375305
0.10778416
0.15261331
0.039108455
0.13474207
0.03265964
0.072909765
0.055720214
0.03714037
0.07784804
0.022035988
0.09618851
0.13697605
0.18267755
0.102826275
0.0074727284
0.057877723
0.030617561
0.07123456
0.109426044
0.025635177
0.043890018
0.008647815
0.04317082
0.014719523
0.04840845
0.034939546
0.078517795
0.08730489
0.05337961
0.037076615
0.06450298
0.075240366
0.04237023
0.111759916
0.16892694
0.12478628
0.046181004
0.039498348
0.050857045
0.026913216
0.011299677
0.067242205
0.14605878
0.1784113
0.124000974
0.026705774
0.01651366
0.0570763
0.08515495
0.09162603
0.030917056
0.058234323
0.042245828
0.08083672
0.102935135
0.12121907
0.15470693
0.15610497
0.14957589
0.10296427
0.04990748
0.092717804
0.059847664
0.066570185
0.11232873
0.033636816
0.036335655
0.20647162
0.2522445
0.23154807
0.20241864
0.08205615
0.05370853
0.022176018
0.047478016
0.10442279
0.08646079
0.043013666
0.07492046
0.06283629
0.0248108
0.07132066
0.12721075
0.15360364
0.046579838
0.10775106
0.037776884
0.045299802
0.04443773
0.11932055
0.18559231
0.12554093
0.15330538
0.16434272
0.114956126
0.07581997
0.044386044
0.10051106
0.05826253
0.1044627
0.117161706
0.059760876
0.06650961
0.031571534
0.15534803
0.14173716
0.035468023
0.0061022104
0.048547205
0.08265866
0.12711911
0.080797054
0.08512789
0.049809914
0.020469623
0.037489235
0.09786961
0.086320326
0.030894317
0.03459329
0.048827447
0.033972435
0.13957238
0.1411834
0.08859144
0.060080834
0.10724627
0.09248986
0.043532405
0.06111164
0.06673517
0.080853395
0.07646904
0.06855294
0.08560749
0.14813344
0.07454773
0.032779012
0.04257715
0.04181445
0.023529015
0.067902066
0.08313262
0.05245037
0.036663678
0.056109946
0.0853933
0.10506681
0.12836444
0.1840633
0.13067247
0.037495703
0.11469282
0.10704272
0.02908696
0.06974499
0.03671528
0.06424793
0.08098464
0.18400799
0.22277136
0.22391494
0.14389616
0.092776276
0.107242204
0.044569675
0.07901232
0.18317106
0.26199466
0.21467544
0.13955101
0.10748143
0.11323811
0.08655099
0.013391635
0.09161483
0.13749233
0.067781605
0.023315527
0.11270013
0.19181685
0.099905595
0.08067265
0.05482267
0.041930947
0.043363523
0.06289465
0.11312885
0.20049085
0.16409597
0.080128066
0.120862536
0.19759127
0.19538969
0.12846768
0.10097448
0.050225977
0.10887557
0.19032131
0.22449042
0.18821435
0.18598564
0.11092925
0.12517563
0.02748056
0.10750511
0.10003095
0.022366123
0.053906932
0.072359264
0.11274586
0.10494716
0.03854214
0.11894095
0.15495034
0.11192831
0.093803
0.18435135
0.08252078
0.1051967
0.23734795
0.223014
0.10939392
0.088437356
0.053963102
0.013190506
0.026751941
0.037336268
0.049948737
0.15109608
0.22179691
0.09262785
0.07284969
0.20091404
0.1584079
0.09739713
0.14631106
0.1908391
0.17972939
0.029570693
0.16098662
0.19044392
0.108691014
0.14377864
0.16495508
0.3306503
0.23558238
0.21338144
0.10289121
0.15092072
0.116843656
0.119589336
0.1793687
0.15672751
0.17115751
0.10878347
0.12977962
0.074640386
0.07935368
0.063448906
0.14954546
0.16491945
0.11835594
0.23688906
0.14774813
0.18378872
0.41791978
0.45920077
0.23152792
0.06743323
0.24252453
0.21215893
0.17000079
0.21744275
0.1842813
0.08187761
0.13377833
0.21351907
0.17722161
0.13107301
0.15314884
0.0665825
0.17314526
0.18032855
0.10375426
0.19383475
0.13600948
0.28414977
0.25991246
0.10400993
0.101402506
0.08653159
0.1875571
0.3466257
0.21181215
0.0743295
0.15666547
0.14904906
0.26622248
0.3978198
0.20144954
0.14255431
0.10614395
0.1935758
0.12832698
0.16427538
0.30473173
0.37496722
0.30712003
0.22621028
0.12504518
0.1998804
0.15884724
0.061243452
0.051660225
0.18344074
0.13521059
0.06165948
0.12998094
0.14915337
0.09544322
0.14333929
0.20792024
0.20229615
0.39341933
0.3574972
0.075629614
0.12389823
0.17791376
0.07522081
0.09717447
0.13582285
0.048865847
0.11093529
0.07413424
0.10773568
0.095760584
0.20707306
0.30185807
0.36410174
0.36678693
0.24466327
0.11429574
0.08924874
0.09525408
0.11607475
0.2027484
0.29816663
0.12937516
0.17550208
0.18653123
0.017973553
0.25171745
0.26639882
0.17003505
0.094063364
0.1619152
0.16731803
0.050117638
0.09419311
0.11501121
0.32536292
0.2605388
0.1394174
0.07618893
0.010950778
0.1342091
0.17819646
0.23748183
0.16295914
0.29993433
0.30482462
0.15861425
0.25074103
0.21308862
0.07934094
0.1120562
0.08881969
0.1684117
0.053992357
0.09141059
0.22680232
0.30884662
0.2492292
0.25779948
0.12404016
0.11103346
0.05032552
0.2594089
0.2962355
0.07144797
0.14534864
0.16487046
0.13052617
0.18628241
0.11306888
0.14960599
0.16221178
0.07457388
0.0287543
0.048890293
0.015853943
0.100705974
0.12864533
0.15519853
0.079186134
0.0389477
0.051028963
0.06916826
0.03270714
0.119363375
0.14332502
0.10203378
0.07953687
0.06970219
0.08988159
0.16299695
0.1476859
0.101671465
0.13650747
0.08989676
0.08894342
0.12770763
0.1852285
0.27325654
0.26570135
0.19433513
0.17064284
0.18905184
0.113817304
0.08849
0.22380294
0.22622392
0.10073104
0.1115097
0.16953833
0.051599033
0.060886864
0.12453249
0.1895766
0.14708315
0.07463984
0.11337806
0.08526139
0.03866693
0.07553626
0.07366726
0.20360178
0.09679691
0.07542739
0.10479306
0.046964254
0.024873456
0.06134776
0.11585765
0.103874005
0.14179948
0.14540538
0.09891967
0.106020205
0.16350926
0.19651565
0.16182515
0.12579596
0.088111915
0.11350668
0.16241892
0.14355998
0.07282975
0.079418555
0.06845722
0.032540284
0.030872058
0.13200766
0.22894807
0.1514561
0.08674526
0.059285674
0.059239928
0.060732454
0.034656357
0.042644516
0.08121217
0.02979603
0.034223557
0.03975013
0.082195245
0.15039779
0.12721731
0.052209638
0.030067699
0.062170938
0.036604982
0.16750136
0.18680602
0.14508942
0.09223116
0.04185221
0.0663255
0.03862326
0.076829724
0.034025464
0.05086769
0.0683278
0.06578566
0.061674334
0.037984017
0.0069425157
0.03139781
0.06027445
0.0996248
0.12195273
0.082832135
0.07437447
0.048182383
0.046105728
0.07594875
0.03907535
0.13969949
0.14667605
0.024610756
0.0345222
0.055443034
0.040065113
0.11879951
0.032945246
0.099146284
0.15828167
0.15686493
0.08310064
0.044500984
0.06180673
0.15036146
0.20668738
0.13396841
0.04569542
0.067286
0.09153403
0.08025369
0.01810891
0.059659325
0.06486908
0.056188226
0.03886509
0.15767081
0.10789425
0.0561162
0.0706871
0.0618626
0.04048023
0.048284814
0.13188782
0.092078984
0.055540085
0.037146
0.07583683
0.1293484
0.17616566
0.17045215
0.1874684
0.20338272
0.14553271
0.09547749
0.03909062
0.11088041
0.11925833
0.11352511
0.1554465
0.120673455
0.08552734
0.04377772
0.07379929
0.102647536
0.13598631
0.09430672
0.018956836
0.0897252
0.08157567
0.11266159
0.087944016
0.066860996
0.044783212
0.05050505
0.045363154
0.123468526
0.13866001
0.08614121
0.08378646
0.10448044
0.051440995
0.055937547
0.040482126
0.0767362
0.1351385
0.10948249
0.09844863
0.07516499
0.10882994
0.039683484
0.03751641
0.06462396
0.102213785
0.05977964
0.016248923
0.009572189
0.06929757
0.14829087
0.1699565
0.120850824
0.08192945
0.053836796
0.054635532
0.05410488
0.060134448
0.020224353
0.08045029
0.06337468
0.06627291
0.14935714
0.103440754
0.14588796
0.19939798
0.16725801
0.02264846
0.030707229
0.04880915
0.08214022
0.07386816
0.0503513
0.033705696
0.06855318
0.05268061
0.007658554
0.06858848
0.048416566
0.043205332
0.04451672
0.08487255
0.1124416
0.16603936
0.1326731
0.07687131
0.05637847
0.103075385
0.04130632
0.052122
0.06107657
0.09649915
0.08263293
0.034253005
0.10304285
0.11128766
0.06195397
0.091272086
0.06276838
0.015205747
0.034217447
0.021030035
0.09144114
0.15849663
0.18096386
0.14021559
0.108882405
0.07090173
0.050115008
0.06460394
0.044684205
0.07534652
0.070433706
0.13696298
0.17689182
0.14759889
0.14538017
0.11502001
0.011253372
0.10868174
0.09354382
0.027826244
0.029962156
0.062887296
0.044118628
0.05684504
0.110209785
0.12760426
0.11961157
0.043866076
0.06004915
0.08447614
0.11261197
0.11255706
0.06347426
0.045360543
0.015651926
0.02324091
0.021819701
0.049430676
0.040235125
0.04313624
0.09273732
0.0930631
0.10234775
0.03783373
0.047099486
0.102128655
0.110481314
0.09596601
0.06006931
0.07535019
0.021978017
0.079875946
0.08652575
0.018144492
0.024150193
0.014596607
0.04237048
0.0202464
0.07676542
0.14854378
0.08507743
0.063556395
0.07746083
0.09333169
0.07551456
0.07790705
0.09500775
0.053289376
0.03523846
0.043449335
0.052492835
0.093917124
0.06592505
0.04044994
0.018394802
0.054880206
0.09623104
0.13144353
0.11225787
0.09088774
0.13383739
0.17654586
0.13401398
0.029617336
0.037708465
0.057835937
0.059255116
0.07006853
0.013938524
0.012333198
0.07370781
0.07991975
0.059249617
0.028102791
0.047292024
0.043798942
0.009066063
0.04000657
0.106688455
0.10512057
0.055221703
0.073153496
0.072253235
0.08584388
0.05925708
0.0757823
0.028927933
0.034452934
0.025922338
0.08906787
0.08764248
0.06744585
0.06892389
0.022721557
0.02066237
0.080187686
0.13079964
0.07771076
0.04254074
0.044484455
0.033636328
0.029672658
0.035708413
0.121697366
0.117301576
0.08662167
0.01796589
0.033718362
0.026565433
0.029056292
0.022721574
0.0035366993
0.017530262
0.084707
0.043944802
0.064650804
0.09589312
0.10986332
0.07070185
0.083236225
0.067207776
0.045510978
0.040412292
0.06865824
0.08005201
0.04019544
0.04795199
0.09343289
0.0785333
0.039682694
0.0130575085
0.041061327
0.056891166
0.03413562
0.005184579
0.025346221
0.008415286
0.034209527
0.03847559
0.01754765
0.023243656
0.03754798
0.020061292
0.030030167
0.042076506
0.056848403
0.026951788
0.05555769
0.051862787
0.041862745
0.0585138
0.040002532
0.025477322
0.043273296
0.0102177095
0.026455626
0.016099973
0.0127527295
0.03084681
0.052183624
0.08416017
0.10837333
0.09724109
0.07043787
0.054581117
0.050981913
0.06666181
0.026292786
0.08461232
0.102069
0.089026466
0.039062466
0.035037227
0.0422866
0.067713015
0.05892252
0.04377237
0.05685802
0.030339114
0.04119454
0.029144734
0.017789854
0.048609704
0.023575068
0.060406532
0.034727912
0.03346682
0.031905863
0.02302599
0.045651417
0.031577926
0.002084831
0.018580467
0.022240553
0.048877534
0.028117351
0.04713674
0.042029314
0.053057406
0.07385817
0.048634723
0.023185102
0.062873244
0.012902903
0.059764266
0.06457982
0.07256521
0.05913678
0.060149513
0.05036839
0.022578472
0.05350404
0.039222315
0.0028569682
0.020746995
0.03773643
0.03708751
0.04218724
0.041945223
0.06125804
-0.0976591
-0.09460703
-0.10376219
-0.10986532
-0.10681288
-0.10681213
-0.109863
-0.10986196
-0.1098608
-0.11596281
-0.115961306
-0.11901124
-0.11595789
-0.115955986
-0.11900536
-0.12205448
-0.12815464
-0.12815192
-0.13120022
-0.12814604
-0.12814286
-0.12508862
-0.13118695
-0.13118324
-0.12507801
-0.13117535
-0.13422169
-0.13116686
-0.14031325
-0.14335847
-0.14030318
-0.14029789
-0.14029244
-0.14333653
-0.14638022
-0.14942347
-0.15246628
-0.15855785
-0.15245247
-0.15549418
-0.1615842
-0.155479
-0.15851958
-0.16460796
-0.16155109
-0.16763829
-0.1706768
-0.17066716
-0.17370476
-0.17064726
-0.1736841
-0.17976727
-0.17975605
-0.17974462
-0.18582562
-0.18581335
-0.18275496
-0.18578818
-0.18577528
-0.194898
-0.19792905
-0.1979146
-0.19789991
-0.20092937
-0.20395814
-0.20394228
-0.21001352
-0.20695327
-0.21302281
-0.21604818
-0.20690207
-0.21601178
-0.21903536
-0.21901625
-0.22203852
-0.22505999
-0.22808065
-0.22501887
-0.22499792
-0.22497672
-0.23103511
-0.23709206
-0.23402953
-0.23704539
-0.23702165
-0.23395918
-0.23697332
-0.23998654
-0.24299884
-0.24297306
-0.242947
-0.24292064
-0.242894
-0.24590291
-0.24891087
-0.2488827
-0.25188902
-0.24882546
-0.24879642
-0.24573332
-0.24873744
-0.24567449
-0.24564464
-0.25471136
-0.2516479
-0.25464794
-0.25158468
-0.2515526
-0.25455064
-0.25451759
-0.25751382
-0.25747982
-0.25744548
-0.25438246
-0.25132
-0.25128558
-0.25730515
-0.2542426
-0.2542069
-0.25719672
-0.25110918
-0.25409797
-0.25708562
-0.25402388
-0.2600337
-0.25092542
-0.24786505
-0.25387216
-0.25383347
-0.25077316
-0.25073436
-0.24767484
-0.24763593
-0.2506162
-0.24755725
-0.2535545
-0.25351346
-0.25347212
-0.2534305
-0.25037205
-0.25334635
-0.25631937
-0.25627604
-0.25623244
-0.25317454
-0.24710391
-0.2500739
-0.25906742
-0.25299802
-0.25295314
-0.24688637
-0.24082147
-0.23475845
-0.23170651
-0.23467267
-0.23462938
-0.23157829
-0.22852807
-0.22247232
-0.21641858
-0.21337213
-0.21333122
-0.20728192
-0.20724168
-0.19819248
-0.18914656
-0.18910918
-0.1830693
-0.18003215
-0.17399606
-0.17096151
-0.16492927
-0.16489549
-0.15586907
-0.15283991
-0.15580429
-0.14079359
-0.13477395
-0.13474537
-0.12274183
-0.12271552
-0.12568147
-0.11368716
-0.104689024
-0.10466608
-0.098663405
-0.09864154
-0.09264262
-0.080670655
-0.08065248
-0.074661314
-0.068672776
-0.06865706
-0.062672466
-0.06265797
-0.05369435
-0.053681802
-0.04472433
-0.038751934
-0.041722953
-0.0327745
-0.026809074
-0.023824548
-0.017864086
-0.014883116
-0.014879477
-0.0059503284
0.0029744296
0.008921075
0.008918851
0.014861027
0.023771659
0.023765644
0.032669455
0.035630304
0.035621163
0.04154731
0.044503447
0.04745799
0.05634163
0.056326833
0.06223955
0.056297045
0.062206484
0.07403553
0.06809439
0.079915315
0.07989365
0.085788324
0.088722266
0.08574129
0.08867341
0.10046867
0.1004407
0.10336593
0.109241866
0.11216271
0.106229305
0.11799898
0.1209144
0.12087971
0.13263462
0.12375649
0.12961198
0.13840877
0.13542421
0.13538437
0.14711344
0.1470698
0.15290701
0.15580092
0.15575412
0.16452077
0.16153397
0.16735704
0.17611153
0.17312327
0.18773696
0.19061145
0.1934839
0.20221566
0.20215245
0.20794666
0.21666487
0.21659634
0.22237967
0.23108414
0.23101021
0.23678249
0.23962845
0.24247226
0.2511547
0.2510728
0.2597461
0.26549584
0.26540828
0.26823604
0.26814693
0.27679852
0.28253126
0.28243634
0.29107332
0.28515533
0.2821497
0.29077685
0.29067737
0.2992949
0.30209652
0.30199206
0.30188724
0.2959786
0.30457738
0.3131697
0.31016076
0.30715352
0.30704463
0.3040398
0.30972043
0.3038224
0.3066057
0.30938658
0.30349377
0.30338356
0.30038467
0.30027485
0.30305088
0.30582443
0.29994333
0.29694915
0.2939568
0.2938471
0.29085734
0.2907481
0.2906385
0.28477558
0.2789167
0.27881053
0.2729576
0.26998088
0.27274814
0.26403317
0.2581934
0.2580932
0.25512612
0.25789192
0.25206217
0.24623665
0.24041536
0.23173739
0.23164542
0.22583582
0.22574562
0.22565518
0.22270924
0.21976535
0.21967646
0.21958736
0.21379673
0.21086001
0.20222878
0.20214573
0.2049084
0.20197894
0.20758241
0.19896886
0.2017271
0.1988027
0.1930416
0.19296035
0.19004245
0.18712674
0.19271538
0.18413477
0.17556122
0.175486
0.16975218
0.172507
0.17243244
0.1723577
0.16945845
0.17220762
0.1636668
0.16923621
0.16352305
0.15499656
0.15492798
0.14641237
0.14634722
0.1434688
0.13496903
0.12928727
0.12361043
0.120746575
0.120691925
0.12063714
0.11216951
0.11211831
0.11486866
0.112015545
0.11756218
0.11471011
0.11465701
0.109013356
0.09778696
0.09494872
0.09211297
0.092069745
0.09202642
0.089195624
0.07800925
0.07797223
0.07793514
0.0834621
0.08064143
0.08338217
0.075007856
0.0666415
0.06660928
0.061028905
0.055453856
0.06096951
0.055399742
0.052603967
0.058112662
0.047020413
0.04146811
0.044210747
0.033141598
0.04140638
0.04138571
0.033092003
0.035831686
0.03856856
0.033042096
0.03852962
0.03300865
0.021994583
0.024731299
0.013732593
0.01647067
0.019205919
0.008226871
0.0054817502
0.0054789144
-0.0027380362
-0.0027366127
0.0
-0.00820127
-0.008196973
-0.010923558
-0.01637671
-0.010912043
-0.013632836
-0.016350724
-0.016342029
-0.021777755
-0.02448688
-0.029912377
-0.027178464
-0.029880214
-0.029864088
-0.032561377
-0.03796767
-0.04336803
-0.043344393
-0.043320715
-0.035178803
-0.037864067
-0.040546317
-0.043225545
-0.054002054
-0.051273514
-0.051245026
-0.048520878
-0.048493788
-0.05385183
-0.061894868
-0.061860062
-0.059137143
-0.0564172
-0.048330214
-0.050986268
-0.05900314
-0.061649922
-0.06429358
-0.061579373
-0.0508407
-0.050811432
-0.053454854
-0.06143753
-0.06407156
-0.06403433
-0.061330494
-0.058629703
-0.0585954
-0.05856104
-0.061186917
-0.058492135
-0.053143267
-0.050456226
-0.055734325
-0.05304875
-0.053017136
-0.055634744
-0.05560144
-0.055568084
-0.05024565
-0.052858282
-0.050185036
-0.052794375
-0.050124224
-0.044820715
-0.044793397
-0.039499443
-0.042106945
-0.03945104
-0.03942678
-0.03677565
-0.03675293
-0.034106597
-0.036707394
-0.034064244
-0.039280403
-0.039255872
-0.03400046
-0.028751574
-0.031345636
-0.03654687
-0.036523797
-0.033893492
-0.026055384
-0.026038826
-0.028624466
-0.028606195
-0.028587896
-0.02856957
-0.025955651
-0.023345048
-0.020737763
-0.0233149
-0.023299793
-0.023284663
-0.023269512
-0.020670522
-0.018074887
-0.020643484
-0.02578742
-0.025770461
-0.025753476
-0.020589173
-0.020575546
-0.025702372
-0.02568529
-0.028235
-0.028216153
-0.028197281
-0.030740052
-0.028159456
-0.03069873
-0.030678025
-0.030657291
-0.030636527
-0.028064424
-0.030594913
-0.030574063
-0.030553184
-0.030532276
-0.03305395
-0.030490374
-0.030469378
-0.03298572
-0.030427305
-0.035473928
-0.035449304
-0.037954975
-0.037928518
-0.035375226
-0.032825433
-0.035325672
-0.03782234
-0.04031542
-0.03776904
-0.04025849
-0.042744342
-0.037688825
-0.037662018
-0.042653196
-0.037608296
-0.04008681
-0.04005807
-0.040029287
-0.04750056
-0.04496807
-0.039942726
-0.04490303
-0.044870444
-0.0498198
-0.05227268
-0.04477245
-0.0447397
-0.047190633
-0.04715598
-0.05456149
-0.054521266
-0.04705177
-0.049491525
-0.049454823
-0.04941808
-0.051850356
-0.049344458
-0.046842203
-0.04434359
-0.044310324
-0.046736848
-0.05407559
-0.04912253
-0.05153966
-0.046595793
-0.044109877
-0.046525016
-0.048936386
-0.051343977
-0.051304705
-0.04882418
-0.048786692
-0.046311703
-0.048711583
-0.04624027
-0.048636306
-0.051028535
-0.046132814
-0.04852307
-0.048485238
-0.050869737
-0.05567087
-0.053208645
-0.053166848
-0.050710227
-0.043431636
-0.05063021
-0.048181083
-0.04573573
-0.050509855
-0.0432597
-0.045626603
-0.04798963
-0.045553654
-0.055099674
-0.050267976
-0.047835726
-0.050187003
-0.0453706
-0.04771987
-0.052449286
-0.05002455
-0.052364014
-0.04994307
-0.04752597
-0.052235775
-0.047448125
-0.047409143
-0.054475643
-0.054430723
-0.056750357
-0.05434075
-0.056656376
-0.056609314
-0.054205447
-0.054160256
-0.05411502
-0.0564206
-0.056373302
-0.05632596
-0.060968455
-0.058574103
-0.05618366
-0.058475137
-0.051414512
-0.058375977
-0.06299243
-0.060607694
-0.06288503
-0.065158345
-0.060452342
-0.062723555
-0.06499072
-0.06261565
-0.0695129
-0.067137726
-0.0647665
-0.06933247
-0.06927222
-0.07151897
-0.07376164
-0.07139416
-0.07823473
-0.075867124
-0.07120652
-0.078028746
-0.077959955
-0.07789111
-0.08239998
-0.07546637
-0.07539937
-0.0798979
-0.08210748
-0.08659165
-0.08196085
-0.08643674
-0.088631794
-0.08628156
-0.086203866
-0.08612611
-0.08604829
-0.090495154
-0.0904131
-0.09033097
-0.09024878
-0.085658185
-0.094588384
-0.09450187
-0.09441527
-0.09208269
-0.089754164
-0.08967149
-0.094068184
-0.09174359
-0.0961298
-0.10050764
-0.09818283
-0.098091446
-0.09577271
-0.09345808
-0.09781686
-0.09328313
-0.09319556
-0.09310792
-0.088590674
-0.09514511
-0.092844576
-0.09054817
-0.09487508
-0.08596773
-0.08808811
-0.09240433
-0.09011808
-0.09003186
-0.089945585
-0.08547587
-0.08320409
-0.083123945
-0.07867302
-0.08296348
-0.07852089
-0.07626572
-0.076191634
-0.07176792
-0.071697965
-0.07162796
-0.069389485
-0.0649889
-0.0670893
-0.06702335
-0.066957355
-0.06689131
-0.06251392
-0.062452048
-0.05808737
-0.05802969
-0.055824857
-0.05362427
-0.049285088
-0.04923582
-0.05132506
-0.04913718
-0.04908781
-0.044774197
-0.04472906
-0.044683896
-0.042513046
-0.042469975
-0.042426877
-0.03814537
-0.03810653
-0.035952795
-0.033803355
-0.033768766
-0.031625766
-0.031593297
-0.027352696
-0.02732452
-0.027296325
-0.027268114
-0.023049133
-0.023025231
-0.023001315
-0.022977386
-0.02295344
-0.016675986
-0.020823188
-0.018721242
-0.016623648
-0.018681953
-0.016588703
-0.016571214
-0.014484502
-0.01653621
-0.01651869
-0.018563807
-0.016483624
-0.012349556
-0.012336386
-0.01232321
-0.016413368
-0.01639578
-0.012283636
-0.010225358
-0.010214346
-0.0061219977
-0.008153845
-0.012217532
-0.008136193
-0.0101592
-0.010148153
-0.0040548397
-0.010126039
-0.010114974
-0.0040415614
-0.010092827
-0.0040326975
-0.0020141313
-0.00804765
-0.0040193847
-0.004014943
-0.008020996
-0.0020030257
0.0
-0.0019985756
0.0
0.0
0.0
0.0039793244
0.003974862
0.0039703976
0.003965931
0.003961462
0.005935487
0.009881296
0.01184413
0.009858915
0.01181726
0.015738422
0.015720487
0.017665364
0.019605743
0.017624965
0.02151692
0.019538367
0.023419067
0.02534142
0.025312172
0.02917259
0.031081399
0.031045355
0.034885455
0.03871652
0.036737837
0.038626272
0.038581118
0.040462743
0.04233983
0.046134654
0.0480004
0.04986159
0.05171824
0.04974388
0.053506907
0.055352155
0.059099272
0.06283729
0.060860533
0.058888283
0.0588179
0.064432725
0.06814109
0.066168725
0.06986566
0.06789551
0.071581006
0.06961307
0.06577049
0.07132139
0.07123479
0.071148165
0.07480158
0.074710324
0.07461903
0.07452771
0.07629727
0.07806223
0.0761099
0.076016165
0.077774175
0.077678084
0.079429165
0.07933073
0.07923226
0.07913376
0.077197194
0.07893666
0.078838065
0.07507714
0.07864078
0.07671554
0.07661911
0.08016659
0.08006552
0.07632967
0.07260298
0.07432379
0.074229494
0.07413517
0.077652566
0.07575001
0.0756533
0.07195864
0.07186648
0.071774304
0.068097994
0.068010375
0.07149761
0.073190466
0.07131303
0.07300122
0.06757193
0.069260076
0.07094358
0.069079876
0.06722078
0.07066624
0.068809405
0.06519514
0.06686927
0.06326653
0.06669339
0.06485264
0.063016504
0.066429414
0.068087205
0.06625333
0.06616526
0.06607717
0.0642525
0.06763517
0.06408087
0.06745422
0.07081826
0.06554824
0.06546002
0.06709209
0.06528353
0.06691092
0.070246994
0.0684407
0.06834773
0.071667485
0.06816174
0.06806872
0.067975685
0.06788263
0.0694843
0.071081296
0.069293454
0.0658225
0.0657317
0.06564088
0.06891159
0.07217296
0.07207278
0.071972586
0.06852948
0.066764794
0.06667155
0.0699072
0.069809265
0.06971132
0.071270816
0.06951538
0.07107019
0.07096985
0.070869505
0.07241494
0.069025315
0.06564502
0.067190416
0.06873114
0.06699893
0.070166744
0.066807404
0.068338744
0.06824062
0.06652004
0.06966445
0.069563955
0.0662326
0.06774986
0.06765168
0.065945074
0.06424314
0.06254587
0.062454678
0.062363476
0.06706244
0.063775435
0.06049778
0.058819182
0.05714526
0.05547601
0.06014219
0.060053278
0.055230334
0.053572763
0.0534932
0.053413633
0.051765412
0.05012187
0.050046973
0.049972072
0.04521931
0.04359448
0.046638146
0.046567917
0.046497688
0.044879876
0.0417215
0.04165829
0.04159508
0.04307008
0.0445404
0.0398719
0.04134222
0.039750155
0.03663626
0.041152578
0.039567534
0.037987173
0.03792864
0.03787011
0.036299113
0.036242925
0.037694518
0.03763599
0.036074366
0.033016667
0.02996833
0.032913662
0.0343559
0.03281067
0.03424823
0.031220969
0.029687446
0.02964064
0.028114142
0.029547028
0.029500227
0.027980758
0.023525305
0.024955863
0.021984786
0.027802946
0.0277585
0.024796788
0.02330073
0.021809353
0.018871037
0.020289917
0.023151064
0.018779844
0.020191718
0.02015899
0.017251084
0.017223038
0.017194992
0.01716695
0.015710669
0.014259062
0.01281213
0.0127911065
0.011351187
0.0113325035
0.011313822
0.00988325
0.009866908
0.012665016
0.008429339
0.0056102243
0.008401335
0.006989447
0.002791113
0.0027864478
0.0013908916
0.0013885596
0.002772456
0.0
-0.0013815657
-0.0013792351
-0.004130714
-0.0041237245
-0.0041167354
-0.005479664
-0.008205523
-0.00955681
-0.012266375
-0.013606028
-0.01222448
-0.012203537
-0.012182598
-0.01621555
-0.017536612
-0.018853027
-0.020164799
-0.018787937
-0.0187554
-0.020060219
-0.024030445
-0.027986743
-0.027937977
-0.025233103
-0.025188997
-0.023821486
-0.027743006
-0.030331839
-0.034227863
-0.03416757
-0.032795474
-0.030118523
-0.030065224
-0.035231404
-0.037773963
-0.037706804
-0.03634174
-0.033685718
-0.036212128
-0.036147345
-0.03994857
-0.041163232
-0.039805207
-0.039733555
-0.03582367
-0.0395903
-0.042068295
-0.041992094
-0.041915912
-0.040571883
-0.036701355
-0.039160978
-0.04035044
-0.03901802
-0.038946573
-0.03636707
-0.036300268
-0.037482914
-0.039908104
-0.039834455
-0.039760824
-0.038446993
-0.03713778
-0.040775694
-0.038233195
-0.03816197
-0.04054824
-0.03679315
-0.037948433
-0.035433598
-0.037806183
-0.03773509
-0.03887899
-0.038805652
-0.03873234
-0.038659047
-0.03617417
-0.039716054
-0.03964055
-0.039565068
-0.039489612
-0.038219813
-0.038146693
-0.040453196
-0.04037556
-0.04266842
-0.042586274
-0.041323487
-0.041243684
-0.042340014
-0.043431822
-0.0445191
-0.04443258
-0.042012084
-0.04425963
-0.043010753
-0.042926636
-0.044000454
-0.043914128
-0.04613456
-0.044892665
-0.043655347
-0.04356915
-0.044627283
-0.043396868
-0.043310776
-0.045499705
-0.045409158
-0.045318644
-0.04522817
-0.04513773
-0.04504733
-0.04608089
-0.04823164
-0.04925399
-0.048037563
-0.046825692
-0.045618366
-0.046636373
-0.049866185
-0.04865899
-0.04855997
-0.048461
-0.047262933
-0.047166295
-0.04816435
-0.048065554
-0.04905696
-0.04895601
-0.04776944
-0.047670823
-0.046491068
-0.046394784
-0.049528677
-0.04727683
-0.04932292
-0.048150115
-0.045914054
-0.046883583
-0.04678539
-0.04668724
-0.04764799
-0.047547713
-0.047447484
-0.049451634
-0.04829712
-0.04924253
-0.04809257
-0.04903364
-0.049970325
-0.047786135
-0.048720706
-0.04758211
-0.047480177
-0.049438223
-0.04933197
-0.0471747
-0.046049654
-0.0459502
-0.045850802
-0.046768155
-0.04768115
-0.046565212
-0.047473907
-0.044346735
-0.047266897
-0.04515652
-0.045057558
-0.04695681
-0.04585668
-0.043766312
-0.04466226
-0.043573275
-0.043476842
-0.04633822
-0.043284137
-0.04220633
-0.042112306
-0.040063996
-0.04289941
-0.040857762
-0.040766142
-0.039706133
-0.03865054
-0.039527524
-0.03751448
-0.04030887
-0.040217582
-0.038215574
-0.0362223
-0.03613986
-0.035108592
-0.035975136
-0.03589285
-0.034868233
-0.035728436
-0.034708247
-0.03369243
-0.03548221
-0.033537067
-0.032530032
-0.031527355
-0.030529035
-0.031381007
-0.033149548
-0.031234851
-0.029328797
-0.02926013
-0.026454808
-0.027302757
-0.028146463
-0.028080124
-0.0289175
-0.025242975
-0.025183178
-0.025123423
-0.024168577
-0.02589704
-0.024944406
-0.023107331
-0.022165421
-0.019458817
-0.018529728
-0.020245655
-0.019318756
-0.019272136
-0.016603883
-0.014820133
-0.014784187
-0.014748268
-0.015577807
-0.013813183
-0.0120570185
-0.012027524
-0.009427042
-0.008549002
-0.008527982
-0.008506978
-0.007637391
-0.0067720143
-0.0042220308
-0.004211561
-0.004201099
-0.0041906447
-0.004180199
-0.0033358089
-0.0016637326
0.0
8.276994E-4
8.2561834E-4
8.23539E-4
8.214613E-4
0.0024581559
0.0040865545
0.0040761908
0.00569217
0.0048665865
0.0048541804
0.005648749
0.0072440985
0.008028372
0.008808539
0.009584606
0.009559915
0.008740643
0.007925498
0.010276468
0.01024981
0.011009574
0.010980914
0.009387667
0.010923669
0.011673302
0.011642701
0.011612127
0.012353684
0.012321127
0.012288599
0.0137881115
0.013751582
0.013715085
0.01367862
0.012884288
0.014361664
0.015077133
0.015036761
0.016496068
0.016451739
0.01640745
0.017106984
0.016318996
0.015535063
0.017706221
0.017658127
0.018343832
0.018293828
0.01824387
0.01819396
0.018144097
0.019541822
0.019488072
0.020154165
0.019380724
0.020042947
0.019273583
0.020643799
0.021296274
0.019821156
0.01976584
0.019710582
0.020357354
0.02170025
0.020941209
0.02157831
0.02082332
0.020764465
0.022086045
0.022711622
0.022647073
0.023266913
0.023200545
0.023134245
0.023746481
0.023001846
0.02361033
0.023542358
0.023474457
0.024075387
0.02400569
0.025265848
0.025192434
0.025119098
0.02636404
0.026944181
0.026865305
0.026786515
0.026707808
0.027278677
0.0278458
0.028409181
0.028325079
0.028241068
0.028797083
0.02934938
0.02862571
0.029174391
0.030351697
0.02963022
0.030169705
0.030705504
0.02998812
0.030520342
0.031048896
0.031573787
0.032712232
0.0326126
0.03189963
0.032413684
0.03170469
0.03221522
0.033328094
0.033225413
0.032520622
0.033020414
0.031122563
0.031622592
0.033308614
0.0332048
0.03310111
0.032997545
0.032894105
0.032790784
0.03268759
0.03258452
0.034221657
0.03411333
0.032852415
0.033322535
0.031498343
0.030826978
0.031866524
0.033466123
0.032227915
0.03212428
0.030335475
0.029677587
0.03013973
0.029485706
0.02938995
0.029294312
0.028096955
0.028554281
0.029008131
0.027821925
0.02827422
0.028181104
0.027007798
0.026918497
0.025219554
0.02406622
0.025052216
0.024437461
0.023826366
0.02269122
0.02208919
0.0214908
0.021418435
0.020825531
0.019717367
0.019133449
0.018553132
0.017462797
0.017403273
0.017853942
0.016267736
0.01570532
0.015146461
0.013584869
0.014039395
0.0139908455
0.011950598
0.0119091
0.011373174
0.010840756
0.009329757
0.009786409
0.009264468
0.008260115
0.008715187
0.00771948
0.0067306454
0.0047905575
0.0033414748
0.003329577
0.0033176963
0.002833571
0.0023528477
9.3775947E-4
9.343848E-4
-4.655076E-4
-0.0013914758
-4.6214546E-4
-0.0023023407
-0.00275276
-0.0027427261
-0.0040990612
-0.0045378394
-0.004521192
-0.0054054842
-0.0058343653
-0.0062599625
-0.0071277693
-0.00754517
-0.008401496
-0.008370204
-0.009216745
-0.010056769
-0.010454676
-0.0117173195
-0.011673197
-0.012059854
-0.012872403
-0.013251063
-0.013626555
-0.014847301
-0.01563583
-0.015155061
-0.016355058
-0.016709985
-0.017061798
-0.01782504
-0.01775611
-0.017687293
-0.018847793
-0.018774418
-0.019514257
-0.020247858
-0.020168498
-0.02089284
-0.021210782
-0.02112708
-0.021837614
-0.02214652
-0.022452427
-0.023147682
-0.022273755
-0.022963054
-0.022870978
-0.023551231
-0.02422542
-0.024510587
-0.02479282
-0.024312373
-0.024213525
-0.023361262
-0.024391605
-0.025412897
-0.025680793
-0.026316468
-0.025838837
-0.025364451
-0.025625456
-0.026248168
-0.026138922
-0.026391398
-0.026281035
-0.026170872
-0.025703909
-0.025595652
-0.02619558
-0.025732227
-0.025623068
-0.025863621
-0.024709322
-0.025296807
-0.025533507
-0.024736747
-0.02497237
-0.02418341
-0.02407882
-0.024312098
-0.023870237
-0.023766244
-0.02366245
-0.022895224
-0.022794742
-0.022365548
-0.022594359
-0.022820467
-0.021096509
-0.021649007
-0.021552572
-0.02081584
-0.020722652
-0.020629648
-0.019273026
-0.019815145
-0.018786231
-0.018389381
-0.018305805
-0.017604688
-0.016909385
-0.016525911
-0.016450036
-0.015767861
-0.015695095
-0.014721183
-0.014652899
-0.014584755
-0.013331712
-0.0129745165
-0.012913709
-0.011976686
-0.012211001
-0.012153323
-0.0115197785
-0.010605199
-0.010269448
-0.009652629
-0.010171518
-0.009560337
-0.00867484
-0.008632993
-0.007759827
-0.0068948166
-0.0068612895
-0.006827836
-0.0065226783
-0.0051384745
-0.005113218
-0.0045524375
-0.004263473
-0.0045074937
-0.0036936095
-0.0034126926
-0.00313444
-0.0020791586
-0.0018101252
-0.0018010074
-0.001279936
-0.0012734534
-0.0010135884
0.0
0.0
-4.9906876E-4
0.0
0.0
7.370961E-4
9.777048E-4
9.726267E-4
0.0019351214
0.0014437602
0.0014361975
0.0023810884
0.0018948356
0.0028272371
0.003280967
0.0034966427
0.0034780093
0.0034594215
0.0034408795
0.004335019
0.004311648
0.00473974
0.0044895597
0.0042418856
0.004884866
0.0052997917
0.0052707125
0.005460112
0.0054299748
0.005399915
0.005369932
0.005340026
0.005310198
0.0054916646
0.0058808657
0.0058477176
0.0056069903
0.0055751936
0.005543481
0.00530771
0.005683282
0.0056506563
0.0056181177
0.0057851546
0.0053549707
0.0053238473
0.005684868
0.005846504
0.005424724
0.0052001984
0.005360961
0.0049485536
0.005486748
0.005454047
0.0054214373
0.005574744
0.005171786
0.004956974
0.0052919136
0.005259762
0.004867171
0.0048374073
0.0048077297
0.0051320735
0.004748631
0.0047192103
0.0048635746
0.004488011
0.004803
0.004772846
0.004573397
0.0048811217
0.004515675
0.004486943
0.004458298
0.0044297394
0.004564277
0.0043728817
0.004505493
0.004316371
0.004288246
0.0042602075
0.0043890066
0.0045158286
0.004331304
0.0044562523
0.0042739636
0.004245429
0.0043675913
0.0044878195
0.004457538
0.0048700892
0.0045438427
0.004512854
0.0044819657
0.0045947647
0.004563088
0.004673126
0.0046406747
0.0044686846
0.004576095
0.0045439666
0.004648672
0.0046157925
0.004313435
0.0045503676
0.0045178225
0.0046173115
0.0044530663
0.0042908303
0.0042596753
0.004228629
0.0041976916
0.004293131
0.0043868176
0.0038567106
0.003951542
0.0040446343
0.0038927027
0.0041049067
0.003954108
0.0035674097
0.0038943028
0.0038645645
0.0036025152
0.0039207316
0.0036615818
0.0035196329
0.0036048635
0.0034648932
0.0034376783
0.0036306032
0.0034927053
0.0034649323
0.0033298517
0.0031966001
0.0031708637
0.0030403866
0.0031196915
0.0030942562
0.0031712186
0.003145143
0.0028173162
0.002793952
0.0027706816
0.0027475054
0.0027244233
0.0027014355
0.002391555
0.0023711987
0.0024449632
0.0024239677
0.0023106344
0.0023822396
0.00227068
0.0023408628
0.0022310636
0.0020344716
0.0021917853
0.0021722731
0.0019806179
0.0021335029
0.0019451053
0.001927466
0.0019099048
0.0018101425
0.0018750168
0.0020192284
0.0018404417
0.0018232715
0.0017276502
0.0015557968
0.0015410706
0.0015264128
0.0015874143
0.0014973019
0.0014087064
0.0013216177
0.0011633183
0.001079925
0.0010692904
9.1754633E-4
9.782972E-4
0.0010376952
8.902974E-4
7.457185E-4
6.710419E-4
7.306115E-4
7.231147E-4
6.505961E-4
5.7946466E-4
4.4599627E-4
3.1522993E-4
3.7429E-4
4.3204552E-4
4.274435E-4
3.020469E-4
2.3903538E-4
5.9111764E-5
5.846814E-5
1.1565594E-4
1.1438251E-4
1.1311599E-4
0.0
0.0
-1.6403696E-4
-1.08119144E-4
-1.0688725E-4
-1.5849344E-4
-1.566664E-4
-2.0646637E-4
-4.0811618E-4
-3.5291145E-4
-3.9856636E-4
-3.9383318E-4
-2.9184585E-4
-5.2861904E-4
-5.697007E-4
-5.627679E-4
-6.021999E-4
-5.032753E-4
-4.0666512E-4
-5.800758E-4
-5.287308E-4
-5.65553E-4
-6.013104E-4
-5.088108E-4
-5.4410915E-4
-5.783637E-4
-5.7081267E-4
-6.437835E-4
-6.352656E-4
-5.876285E-4
-5.79748E-4
-6.10048E-4
-6.7697343E-4
-7.048007E-4
-6.585016E-4
-6.493603E-4
-6.402822E-4
-6.3126715E-4
-6.914615E-4
-6.815853E-4
-6.717793E-4
-6.289414E-4
-5.871403E-4
-6.42783E-4
-6.649211E-4
-7.173744E-4
-7.373037E-4
-6.353614E-4
-6.2565604E-4
-5.866901E-4
-5.775878E-4
-6.538394E-4
-6.435339E-4
-6.333095E-4
-6.231662E-4
-5.864474E-4
-5.5067765E-4
-5.158465E-4
-5.8340497E-4
-5.986098E-4
-5.6401175E-4
-5.303311E-4
-5.2125053E-4
-5.355317E-4
-5.262011E-4
-5.3942803E-4
-5.519391E-4
-5.203801E-4
-4.896926E-4
-4.8076911E-4
-4.719271E-4
-4.4302896E-4
-4.3472735E-4
-4.458903E-4
-4.183582E-4
-4.4758982E-4
-4.3887406E-4
-4.3024347E-4
-4.0412735E-4
-3.960197E-4
-3.8799376E-4
-3.8004952E-4
-3.72187E-4
-3.9609373E-4
-3.5670726E-4
-3.4909006E-4
-3.2670444E-4
-3.050488E-4
-3.2672932E-4
-3.0555076E-4
-3.1223142E-4
-2.9183985E-4
-2.9806106E-4
-2.9109878E-4
-2.718611E-4
-2.6535828E-4
-2.707036E-4
-2.4110662E-4
-2.5751675E-4
-2.6196137E-4
-2.3402064E-4
-2.279885E-4
-2.1194236E-4
-1.9650883E-4
-2.1992506E-4
-2.1394707E-4
-1.990055E-4
-1.8465161E-4
-1.6233095E-4
-1.8255836E-4
-1.7723317E-4
-1.7980418E-4
-1.81984E-4
-1.6172936E-4
-1.4959513E-4
-1.5178672E-4
-1.4025462E-4
-1.3569702E-4
-1.4371116E-4
-1.3284563E-4
-1.2830713E-4
-1.2947679E-4
-1.14036055E-4
-1.0992934E-4
-1.058978E-4
-1.01941456E-4
-9.8060314E-5
-8.976607E-5
-9.4834315E-5
-8.6868175E-5
-7.9321835E-5
-8.3582105E-5
-7.6353164E-5
-7.299867E-5
-6.971944E-5
-6.334809E-5
-6.338683E-5
-5.7460435E-5
-5.462417E-5
-5.4452612E-5
-4.916681E-5
-4.4218443E-5
-4.399638E-5
-3.9442843E-5
-3.911293E-5
-3.8617774E-5
-3.45165E-5
-3.2325934E-5
-2.7186425E-5
-2.6752115E-5
-2.3566396E-5
-2.063922E-5
-2.0204798E-5
-1.7586426E-5
-1.615157E-5
-1.5647029E-5
-1.2672907E-5
-1.14947925E-5
-1.1022513E-5
-8.728988E-6
-8.305168E-6
-6.8970703E-6
-6.0619154E-6
-5.632674E-6
-4.2496736E-6
-3.8796875E-6
-2.8253592E-6
-1.9757838E-6
-1.7458809E-6
-1.3794661E-6
-1.0561569E-6
-7.7595394E-7
-3.592387E-7
-2.2991317E-7
-1.2932634E-7
-5.0293625E-8
-1.4369616E-8
-0.0
