0.21934582
0.16937672
0.6575495
0.64042777
0.1199793
0.37104034
0.17021416
0.3335186
0.28999355
0.4213966
0.6228846
0.6473173
0.3593221
0.30110246
0.3377308
0.05255936
0.25287363
0.5415161
0.42773563
0.23583145
0.1532708
0.1988092
0.1398842
0.2476375
0.124787144
0.19836366
0.051185027
0.008373872
0.05300893
0.07738669
0.0580956
0.10301637
0.009366159
0.114603154
0.2217954
0.29177517
0.16814713
0.12950553
0.028224366
0.08202105
0.19272149
0.1582786
0.06616731
0.13682051
0.18573526
0.14031729
0.2910971
0.2198786
0.11275911
0.12233964
0.15382142
0.2071373
0.091418386
0.032903533
0.122935966
0.18368821
0.114485286
0.099345244
0.16927366
0.17226785
0.12607475
0.13172449
0.12888673
0.06889191
0.07519704
0.106682695
0.08974684
0.16716297
0.18267626
0.16048266
0.21032397
0.10451513
0.120513394
0.09854319
0.07266046
0.20879787
0.18295015
0.07263085
0.036593143
0.04948923
0.022073718
0.024558323
0.030472392
0.12261661
0.10414191
0.13491324
0.03553547
0.17433335
0.06057937
0.04311353
0.09302264
0.1865658
0.20523468
0.21687925
0.22212881
0.15805165
0.025687486
0.1142791
0.055610448
0.041551556
0.118823275
0.10411711
0.055919636
0.14825228
0.11401022
0.12620912
0.101087354
0.13093713
0.11589494
0.09599892
0.1437293
0.16663745
0.11061909
0.03672297
0.08222963
0.15720432
0.11072619
0.054180812
0.13180077
0.16436698
0.08604645
0.0702577
0.17271444
0.15161575
0.13071936
0.18747927
0.13563153
0.07042009
0.11857312
0.1054968
0.0727584
0.10265997
0.100742
0.116485976
0.090304114
0.17449006
0.20388576
0.064504474
0.07175449
0.05326407
0.15769853
0.21600679
0.11086505
0.026701277
0.06874564
0.12703727
0.12029732
0.1274652
0.25463408
0.21597995
0.06069902
0.10818956
0.09539337
0.102327004
0.02580022
0.089878425
0.026257133
0.10746459
0.07291942
0.09467357
0.16534035
0.19985911
0.10471359
0.052522343
0.095637806
0.066649005
0.12133722
0.16191347
0.080375314
0.032344177
0.059019443
0.044196468
0.031922176
0.09782109
0.10916381
0.14812857
0.094424464
0.13953422
0.19170728
0.2517426
0.22976397
0.10609932
0.083449915
0.0821266
0.06953546
0.07158253
0.1475571
0.23034658
0.17301111
0.21522626
0.26208237
0.12406924
0.11593667
0.195105
0.13845004
0.09266966
0.1399487
0.106505804
0.15182054
0.10616074
0.113414094
0.18529965
0.10440251
0.083134845
0.094038896
0.12119125
0.12319456
0.27254725
0.08596497
0.26609954
0.37939423
0.3961831
0.78983325
1.311241
0.93560165
0.4571786
0.17698391
0.0046578855
0.14069858
0.18147816
0.106799714
0.08005773
0.11310883
0.10285207
0.06570344
0.07996807
0.11526534
0.12812549
0.1268903
0.10658338
0.12210689
0.10513771
0.10762174
0.10198044
0.11500857
0.11919787
0.056209464
0.037069015
0.08401645
0.07616988
0.075111866
0.08500778
0.08427579
0.12680355
0.11086078
0.16818818
0.1173429
0.06486394
0.059877753
0.029725892
0.09230105
0.038877394
0.09704097
0.07598179
0.050752588
0.09340383
0.10084939
0.02298346
0.05977248
0.04675534
0.06954897
0.07151901
0.07006476
0.05661953
0.01242451
0.05907911
0.08828811
0.054269917
0.04477857
0.051418472
0.07557077
0.098642625
0.045280978
0.07273441
0.042120546
0.05303363
0.09070619
0.071789205
0.059560433
0.040044118
0.020109892
0.03689085
0.01339548
0.10715995
0.08007203
0.041167703
0.15703797
0.22091852
0.11023654
0.016693035
0.08025166
0.082820535
0.11711698
0.13833016
0.119622126
0.13233733
0.19538982
0.11312567
0.099685274
0.093048915
0.08805978
0.008572386
0.08259369
0.042986725
0.057922117
0.07564134
0.19032401
0.13915013
0.04734352
0.094256505
0.06302788
0.068103075
0.110740125
0.055643406
0.021148056
0.021343008
0.03658208
0.12118145
0.12912023
0.13599595
0.050379355
0.08532904
0.059958085
0.03289209
0.054362256
0.0699243
0.07685686
0.12235548
0.10800405
0.11020334
0.113345884
0.10267443
0.06797373
0.04292833
0.058092948
0.15338157
0.13598187
0.07016246
0.054002464
0.056122374
0.025033858
0.094376
0.07826259
0.053736642
0.12035621
0.13897714
0.082877405
0.0724879
0.09521895
0.07926258
0.025904387
0.12220793
0.078749694
0.04962717
0.075406596
0.0923511
0.15011568
0.17622763
0.19571397
0.14296326
0.06272376
0.0472617
0.0036140415
0.045045026
0.012772074
0.0075329514
0.042646717
0.03498736
0.07666172
0.11229574
0.12477764
0.06629216
0.051024977
0.021243347
0.07522879
0.059385873
0.02350387
0.0895931
0.16535191
0.16590188
0.049482267
0.12272329
0.029542185
0.041664083
0.0033972536
0.011717748
0.03046206
0.020416157
0.056340028
0.056119703
0.08269314
0.09741105
0.10517214
0.107705414
0.08659662
0.040596385
0.02829658
0.02761382
0.048478603
0.055992134
0.07439238
0.089304544
0.053573143
0.067069724
0.08381796
0.02381783
0.031286307
0.03912898
0.059843976
0.10401423
0.12740062
0.10543698
0.058170833
0.038795207
0.011392392
0.061463524
0.03104545
0.040355466
0.08887665
0.11251042
0.10496534
0.14094861
0.15888679
0.06881211
0.029928941
0.07822918
0.11945328
0.09802095
0.036520828
0.04494002
0.04039471
0.025803607
0.035509195
0.032804828
0.07901378
0.11711166
0.09937814
0.061875805
0.1059534
0.11406605
0.13526055
0.09289592
0.05103065
0.026902229
0.071433514
0.121174715
0.08026725
0.02956304
0.018234748
0.017906984
0.06539185
0.050600354
0.09741085
0.12922291
0.06926705
0.0916777
0.09603101
0.097224735
0.059480302
0.04658312
0.07505084
0.16147809
0.12919539
0.121821515
0.11778312
0.07178066
0.04425572
0.09730992
0.07425183
0.028843338
0.05066918
0.06347552
0.11814837
0.027539415
0.06611362
0.031271454
0.04195952
0.04123244
0.037819225
0.080261
0.0650543
0.022659566
0.025234923
0.006657179
0.010668674
0.038872115
0.103969574
0.08506201
0.12706816
0.19225794
0.12800246
0.11092608
0.079698466
0.04804949
0.022057973
0.050394226
0.063461356
0.060340464
0.06736422
0.13993047
0.13733484
0.027729645
0.0755775
0.08300274
0.046193693
0.062289603
0.10420438
0.12744813
0.08940652
0.06643335
0.10736608
0.07309548
0.044440474
0.053030778
0.08352177
0.1270543
0.12203191
0.11832169
0.13564155
0.2350459
0.40929198
0.3956529
0.062309653
0.33241218
0.29776046
0.15738305
0.08707752
0.093092375
0.02528982
0.11332474
0.17177689
0.15126635
0.12571
0.10256489
0.088614866
0.120355815
0.058203403
0.077162124
0.032090597
0.028806634
0.06430082
0.053689074
0.097460106
0.07626895
0.09746256
0.1650174
0.14615102
0.07181596
0.014225273
0.10244286
0.06836816
0.114102356
0.08297821
0.07146182
0.11351793
0.079291105
0.06590655
0.11690227
0.011214046
0.043763384
0.041953977
0.08153914
0.049768355
0.028715905
0.070231
0.14251448
0.19565117
0.14316107
0.016724521
0.09879895
0.13631807
0.10682709
0.045777038
0.047034837
0.06120794
0.087049745
0.07306549
0.021974657
0.06356906
0.056686882
0.1083598
0.100956485
0.046716414
0.052572895
0.051455412
0.09514848
0.04874554
0.11619348
0.107573815
0.044016346
0.16212535
0.11449422
0.060117457
0.12757728
0.21640776
0.16496605
0.09077757
0.12466554
0.11699808
0.23634924
0.13144828
0.08504537
0.10350328
0.14690325
0.14471774
0.09348845
0.1545862
0.25475875
0.13230559
0.0629813
0.090467796
0.1752809
0.25059906
0.16614258
0.20830002
0.21359919
0.13861823
0.16636264
0.06127495
0.03702458
0.14555417
0.086147256
0.060828187
0.039704368
0.10033289
0.12116713
0.03895075
0.1656797
0.16443262
0.1434803
0.13424058
0.05495804
0.08021927
0.14088725
0.18349251
0.19736308
0.32368046
0.31738284
0.11960692
0.08796878
0.05454989
0.035490755
0.09687456
0.061132092
0.08864048
0.05133179
0.13675426
0.09509815
0.18126324
0.15539998
0.124503404
0.19138092
0.1354541
0.09675932
0.07503998
0.10370206
0.20092697
0.18404678
0.09274802
0.05426411
0.15093675
0.15720163
0.106748365
0.1196905
0.09485215
0.097978584
0.024637554
0.08188796
0.14109534
0.13837184
0.099757
0.09200886
0.06855025
0.13654837
0.08046149
0.17641002
0.19760397
0.112610295
0.13641842
0.12959388
0.08582774
0.075655006
0.10856463
0.14597195
0.047043387
0.07495605
0.05369183
0.015748741
0.043905593
0.09835948
0.0822661
0.09104073
0.20852788
0.17639022
0.12669748
0.034848005
0.06233433
0.1294254
0.07119512
0.0936338
0.03956008
0.19001856
0.19278894
0.16614372
0.17580166
0.15667246
0.10020358
0.040230297
0.052900843
0.06853491
0.016379716
0.05447879
0.06402561
0.0249089
0.04688151
0.012296285
0.015955625
0.0681197
0.085004725
0.07524183
0.08903898
0.013012991
0.1194241
0.15029202
0.18380705
0.09874937
0.07757915
0.13166489
0.1410488
0.079048045
0.09884506
0.02446976
0.058571354
0.032135464
0.08608592
0.10450559
0.07823555
0.0927078
0.07194113
0.039870784
0.045386218
0.07314933
0.05530269
0.06916313
0.057634942
0.028251057
0.04543219
0.07771032
0.06924845
0.07758865
0.089001596
0.046831828
0.06404996
0.12534922
0.08398729
0.10138412
0.10898614
0.10922249
0.09294628
0.08190297
0.030833596
0.052960392
0.026129913
0.02403897
0.055980936
0.054812357
0.08186885
0.06011619
0.03312229
0.037152234
0.029371796
0.043493498
0.0726022
0.06158408
0.053898897
0.0354261
0.022202242
0.052799765
0.01947269
0.02793769
0.06617704
0.064323194
0.092359886
0.065431155
0.1251665
0.12731613
0.0841708
0.049242366
0.0343039
0.03757554
0.06932391
0.053422578
0.072947696
0.067980014
0.026688768
0.027073821
0.024163075
0.075178556
0.053455573
0.063040115
0.08734072
0.09222611
0.0671873
0.03628313
0.061733194
0.02214303
0.025942424
0.052175157
0.041381788
0.045337975
0.028088732
0.031513814
0.06265055
0.11179281
0.08971997
0.04535813
0.10094313
0.15655312
0.10179297
0.034689356
0.021812448
0.062340133
0.024327269
0.06659983
0.03221949
0.04711424
0.008718759
0.10403967
0.14496921
0.12471455
0.075223155
0.056695793
0.053568717
0.020775106
0.07484378
0.14224145
0.06689492
0.030484954
0.07774073
0.088874355
0.10427083
0.007447891
0.061049145
0.04694021
0.07169861
0.07799448
0.05458877
0.08225328
0.091288015
0.03905679
0.067327574
0.12526916
0.091213875
0.0437755
0.033468936
0.027719937
0.042038698
0.060658127
0.13195075
0.07921109
0.07251892
0.11786085
0.09562237
0.09246821
0.12926775
0.10482041
0.10757778
0.09617112
0.05864224
0.06999095
0.033560373
0.044565435
0.08502756
0.0563255
0.15667488
0.1011265
0.05980258
0.06478275
0.053328015
0.06366289
0.06481181
0.054614387
0.100770876
0.09912964
0.096428104
0.107734635
0.14214146
0.1944967
0.17732371
0.090707555
0.026253475
0.090836845
0.14126177
0.16053236
0.12436578
0.072239555
0.09411715
0.08181874
0.062007964
0.041050427
0.019145489
0.062898405
0.025325364
0.061050825
0.056337677
0.010770795
0.0291753
0.14531136
0.15455404
0.079472214
0.054530885
0.059311587
0.08995174
0.04907871
0.046251565
0.06388525
0.028907534
0.0280996
0.05449385
0.091951735
0.123805
0.063094094
0.0468696
0.029475953
0.13150951
0.1719937
0.11216008
0.067565866
0.024948603
0.011774341
0.025066342
0.015476124
0.051604327
0.04335291
0.08596175
0.06389571
0.03527789
0.092743866
0.07223021
0.09292206
0.111509345
0.06568984
0.10454576
0.15761302
0.11917247
0.021386279
0.14135602
0.054294035
0.16771679
0.041935027
0.10970434
0.12525912
0.093521714
0.027503721
0.0558718
0.08559964
0.034035623
0.035517935
0.075006425
0.08740369
0.06562213
0.0450313
0.06752553
0.10063687
0.108092114
0.09338061
0.040062103
0.072714895
0.10891433
0.04294975
0.044856463
0.094402544
0.13863233
0.057187144
0.08270752
0.07011078
0.06443964
0.08310058
0.08240196
0.041131414
0.021703301
0.065398805
0.10191758
0.05373926
0.047572162
0.062703036
0.078083396
0.15771876
0.24292205
0.20514807
0.07242015
0.019189391
0.050840087
0.04038871
0.087762795
0.080081515
0.01690873
0.01628192
0.08249007
0.1090885
0.06059984
0.029445138
0.0558609
0.03704768
0.038068246
0.04925901
0.04899336
0.014225262
0.055350937
0.04881899
0.053315476
0.045789797
0.03417112
0.030932125
0.022082327
0.029734587
0.08069085
0.063997254
0.08427735
0.016137963
0.08074478
0.059687883
0.025730344
0.052821983
0.06899029
0.03338846
0.067483574
0.10748844
0.059334505
0.03778443
0.04249756
0.022042414
0.064082146
0.09074165
0.08912003
0.08194379
0.0729438
0.1420897
0.0968384
0.053204022
0.07405612
0.08649234
0.105556145
0.075267315
0.06753629
0.057978366
0.055758886
0.082076855
0.04466741
0.03866
0.046534233
0.07740588
0.036593158
0.022515476
0.026648901
0.020467866
0.054574806
0.04718162
0.15373974
0.14348759
0.061332207
0.056804977
0.061400265
0.07366688
0.0803433
0.068213694
0.03906524
0.012463571
0.04466623
0.06346779
0.03868132
0.027515834
0.039322257
0.05380175
0.03796823
0.053482946
0.0022885466
0.011549244
0.031306278
0.05066389
0.07236187
0.02628443
0.028524043
0.038307462
0.050990608
0.074637145
0.07803136
0.055443857
0.058452215
0.076662116
0.06334365
0.08952055
0.08954689
0.056184366
0.08075973
0.06813359
0.038752925
0.04555007
0.033636738
0.026996931
0.080926016
0.08415072
0.01296641
0.059314646
0.071938686
0.06698635
0.06461435
0.06333221
0.016419124
0.048731223
0.026480285
0.019440724
0.037769675
0.025689477
0.07318786
0.052238535
0.13487382
0.14238283
0.045352675
0.054582123
0.0747489
0.045068547
0.033562873
0.015140418
0.06697783
0.100214615
0.04416937
0.021366697
0.04075331
0.08799196
0.07661015
0.09277284
0.10602908
0.033367734
0.050814323
0.07323622
0.030648349
0.04908615
0.020030068
0.07109778
0.1136276
0.048919104
0.072990045
0.097452894
0.054228943
0.054882925
0.049693935
0.015364979
0.027825752
0.042484503
0.042074203
0.05298819
0.06973069
0.07187884
0.10174121
0.071277045
0.06167125
0.09385765
0.05849096
0.047092874
0.006466127
0.0336747
0.04223947
0.11423703
0.08279996
0.026110897
0.067561544
0.062124804
0.0484382
0.04108991
0.046377353
0.024414305
0.010869784
0.043342825
0.07040594
0.11522123
0.11342357
0.07961688
0.07681482
0.04895866
0.04478879
0.009027641
0.0861813
0.100151435
0.07374788
0.10614502
0.11175491
0.043480363
0.043155883
0.09112161
0.06845696
0.065085486
0.029851058
0.077842034
0.1343633
0.12873475
0.060807463
0.063923955
0.11678399
0.02754054
0.063316576
0.10994096
0.14381234
0.1387933
0.12294362
0.09898535
0.08947584
0.12590855
0.07848298
0.028534718
0.06320105
0.062408015
0.040727414
0.11601996
0.07654505
0.067492515
0.08532462
0.03798943
0.09224463
0.04134999
0.059800014
0.060803067
0.11966023
0.15173402
0.16935624
0.12688527
0.11022694
0.074397184
0.07042398
0.101457275
0.03884569
0.053410195
0.080071695
0.09072629
0.050092973
0.05122694
0.04666428
0.038712468
0.044952117
0.047737576
0.04180905
0.052077815
0.06411465
0.075874634
0.09091317
0.05212594
0.09697311
0.1254308
0.0871167
0.013685517
0.019780708
0.04164195
0.07028964
0.117218345
0.09758027
0.0724782
0.0232794
0.16406491
0.11286953
0.055971622
0.055081863
0.023668526
0.02902431
0.043089166
0.041854963
0.08395217
0.08444068
0.025505321
0.101782314
0.08675045
0.018180897
0.049665347
0.07714127
0.10857693
0.09661358
0.04889192
0.12626617
0.07332498
0.025123205
0.053217966
0.07380952
0.09710319
0.10094251
0.061515674
0.059059378
0.054593038
0.010006099
0.048474662
0.10451626
0.0478806
0.08218423
0.045489352
0.059039064
0.06632588
0.065866604
0.06205747
0.090964474
0.1508221
0.1335896
0.08189027
0.06821531
0.075329326
0.09169968
0.03388986
0.04524343
0.07033328
0.034350574
0.11204224
0.05731549
0.07993977
0.07657015
0.03111738
0.05616654
0.06710362
0.0196834
0.07727474
0.10754625
0.07337342
0.04994926
0.024456505
0.028531043
0.04027932
0.055052537
0.026658827
0.07441198
0.060128145
0.1189033
0.07596323
0.043362062
0.123617694
0.16129906
0.0485682
0.045612264
0.03267158
0.03531702
0.025199585
0.049148828
0.022038389
0.10516947
0.19945405
0.14475007
0.048783217
0.097675756
0.14551851
0.11853194
0.06160145
0.07415037
0.15740228
0.06689263
0.064634934
0.11259558
0.14327623
0.23247108
0.2920475
0.1570519
0.10855531
0.06129233
0.12335014
0.14412402
0.061872356
0.04042356
0.11542803
0.15196607
0.138007
0.11998464
0.07950824
0.04805406
0.042038664
0.09815185
0.051189534
0.0684393
0.023967706
0.066498816
0.10401057
0.051355034
0.029915817
0.10231585
0.13762265
0.12911879
0.14712581
0.1264734
0.027847666
0.09810523
0.13207918
0.13277225
0.056857243
0.046444844
0.07266267
0.06402288
0.05080926
0.09015873
0.06085757
0.098654866
0.062843464
0.15038939
0.20206521
0.097801566
0.078849725
0.10945424
0.10802711
0.18619655
0.20976996
0.1535695
0.10550722
0.07807057
0.08020042
0.052132655
0.034157988
0.13737784
0.1572066
0.14798032
0.1375856
0.06210308
0.049598135
0.08223227
0.0937407
0.06510231
0.051104166
0.050180286
0.098559886
0.105495416
0.08015233
0.16553722
0.15258561
0.077656515
0.116228476
0.11391448
0.092666134
0.031734794
0.038398877
0.024322275
0.0279704
0.08579068
0.12411534
0.04729785
0.0964808
0.044577714
0.07774219
0.05150095
0.114210784
0.13733909
0.19905391
0.18649791
0.12890491
0.13172764
0.1806382
0.18129842
0.050695524
0.044271998
0.07195719
0.08515381
0.2025546
0.115480244
0.04345334
0.05632645
0.055491656
0.077861875
0.102503136
0.11599482
0.123787984
0.08083883
0.12327072
0.1535523
0.23732707
0.18622439
0.015563593
0.094212025
0.07494084
0.14240839
0.06595363
0.09300046
0.08120938
0.04794319
0.039272044
0.08645713
0.10485732
0.20490311
0.1916039
0.040451176
0.08486638
0.115608655
0.023355016
0.07933673
0.087097175
0.07580773
0.057941195
0.09570398
0.09388216
0.04889655
0.102820516
0.13938048
0.14074412
0.107037425
0.18783048
0.19067036
0.055607077
0.029454842
0.14247994
0.14823577
0.125848
0.11200513
0.07063155
0.13041382
0.08305811
0.18071432
0.17659317
0.13483655
0.111689426
0.09113113
0.09252381
0.01802787
0.033958916
0.0985713
0.15236405
0.15794331
0.08456138
0.064811036
0.112942085
0.13404366
0.09994342
0.034388844
0.08510094
0.058966305
0.0900831
0.14909826
0.144889
0.08729521
0.0238995
0.014585933
0.029065186
0.064523995
0.064158365
0.07511421
0.10795285
0.048697397
0.086282924
0.07085282
0.06608709
0.21276887
0.14947149
0.117423415
0.14222866
0.096067704
0.06658463
0.2505933
0.27143314
0.13099077
0.062890664
0.07157806
0.06909591
0.123843476
0.120591894
0.07231186
0.0318078
0.024138674
0.022022832
0.04322775
0.10640959
0.10181321
0.05056278
0.07922843
0.046893965
0.070006795
0.116485104
0.06905569
0.049226142
0.06771203
0.044764455
0.022537867
0.03555955
0.04251515
0.018788781
0.048516747
0.024531195
0.086133026
0.076067835
0.06851296
0.12398684
0.17419672
0.14485975
0.09260026
0.072308004
0.1056082
0.031613603
0.11563144
0.06252591
0.103448175
0.09769393
0.068877324
0.021453826
0.09631647
0.14697634
0.09577012
0.054952137
0.043831643
0.038242552
0.013104566
0.023583706
0.022976689
0.035929516
0.06498392
0.026435427
0.009550165
0.11816018
0.15537156
0.15060256
0.11765752
0.10876734
0.08762271
0.07841166
0.10493465
0.08198155
0.12209663
0.07251648
0.087760545
0.084869444
0.07485484
0.099609196
0.1735169
0.18152939
0.027822861
0.107102364
0.107305
0.07756187
0.10629596
0.10197552
0.13476197
0.08981422
0.030797401
0.02377025
0.062224623
0.025140928
0.062658414
0.012916119
0.057184327
0.10281719
0.12551978
0.0847031
0.0485459
0.05941346
0.05108548
0.09153517
0.109611385
0.034558274
0.15281811
0.19641832
0.10567934
0.082379326
0.041090254
0.03447282
0.053044178
0.1325736
0.122551605
0.09964686
0.12894996
0.10364657
0.1205097
0.042988583
0.043236494
0.089467585
0.11998549
0.10948713
0.10010811
0.055925243
0.07377238
0.0806468
0.08792226
0.11426068
0.19628616
0.23163885
0.19332366
0.11496921
0.07101076
0.2120195
0.053183954
0.26625654
0.54124963
1.9386859
2.5472145
2.472406
2.4463215
3.114654
7.5935707
7.2353296
3.5812755
2.4513636
2.138076
1.6508536
1.2090448
1.0520998
0.44841763
0.26378277
0.16463524
0.13573633
0.012136588
0.068130486
0.02996662
0.04767904
0.12009245
0.100962445
0.06757011
0.06707362
0.06962855
0.031851616
0.061882526
0.05686369
0.035275344
0.039113335
0.08712681
0.05210282
0.048887357
0.022713933
0.035315167
0.04130822
0.06085964
0.053346653
0.08447811
0.05238432
0.041363463
0.078563415
0.119116314
0.09029398
0.014853834
0.079238385
0.09167285
0.045961518
0.014566437
0.0352823
0.031866185
0.0954964
0.08935444
0.028236346
0.022557499
0.08802402
0.0955671
0.102431566
0.07722844
0.06918028
0.04461136
0.10831984
0.038846873
0.10686516
0.05640536
0.07813652
0.073445596
0.06151576
0.047076836
0.02161818
0.10055612
0.061059315
0.082057476
0.12807177
0.05981746
0.12370603
0.06821101
0.0068660374
0.06294458
0.07777622
0.044412646
0.13002221
0.05128837
0.035604022
0.052745476
0.028180797
0.06476503
0.075373985
0.05165074
0.090293
0.059302792
0.10013092
0.033899114
0.07652647
0.094858356
0.078354985
0.04889955
0.09694239
0.11285007
0.043290626
0.023106959
0.075927064
0.049459796
0.047544442
0.02703884
0.03871808
0.0068721925
0.05854938
0.12119366
0.111423165
0.06957887
0.07902403
0.046234507
0.02648982
0.036457956
0.07314539
0.10948032
0.07029291
0.052562915
0.035494708
0.036997065
0.06647986
0.04589241
0.058102965
0.05014696
0.040370505
0.08612107
0.15478992
0.08824003
0.01313148
0.0030040345
0.06007369
0.1361057
0.122518875
0.024573995
0.050228182
0.06416401
0.037009895
0.029924752
0.045086835
0.09122921
0.041473057
0.093266666
0.15480348
0.16209584
0.12815201
0.111150645
0.07772945
0.08519792
0.068890676
0.06308468
0.0062283156
0.024270004
0.042686477
0.10193051
0.08120185
0.05071682
0.038334556
0.012268142
0.028877176
0.048284005
0.0665008
0.072685964
0.06084842
0.09767652
0.022574315
0.04048388
0.023198545
0.02299646
0.03568522
0.037678562
0.035196096
0.062377732
0.077616766
0.10833463
0.07452582
0.0595172
0.036664423
0.0627825
0.059153095
0.02150373
0.036561724
0.03553299
0.048007686
0.042644314
0.15078011
0.16789861
0.09783248
0.022946758
0.01649556
0.05342068
0.023677515
0.038584735
0.052854
0.05739854
0.045463223
0.041358262
0.11725353
0.09907637
0.045616485
0.030371685
0.035498142
0.053508498
0.051645536
0.052013405
0.07739122
0.061529182
0.064978644
0.1242964
0.13168506
0.10539171
0.10858863
0.08197217
0.041882463
0.042959988
0.113869935
0.11222056
0.03466709
0.0869585
0.09891465
0.03592586
0.03780675
0.03203012
0.010958529
0.0073952754
0.00939392
0.034256395
0.049341634
0.05240328
0.048273254
0.016213054
0.0060792626
0.033233944
0.042508032
0.07505505
0.049773447
0.0761129
0.052936073
0.049207874
0.06318399
0.04938907
0.020238942
0.04314178
0.035029124
0.05068782
0.058376916
0.043080352
0.007192326
0.034158193
0.05596453
0.04544229
0.016401831
0.03534528
0.0350792
0.04332387
0.030986078
0.020781022
0.02370953
0.025919518
0.049005393
0.03512075
0.039727297
0.067606226
0.05043289
0.019353913
0.041155864
0.04983833
0.012926662
0.014133341
0.03465238
0.026798958
0.014282854
0.026204158
0.029263355
0.028584147
0.01852153
0.003798387
0.0148818595
0.014178497
0.028897103
0.045560576
0.024817562
0.015476282
0.018070113
0.03803219
0.037760902
0.02896336
0.060967542
0.01411929
0.05425649
0.014262754
0.0699871
0.04981005
0.017210102
0.052851085
0.058761954
0.041758183
0.03774869
0.026311506
0.0363763
0.043867137
0.004270849
0.027595188
0.06292314
0.076000735
0.029875116
0.0041514295
0.014511707
0.014189207
0.011976999
0.03062982
0.029838221
0.028401945
0.07178503
0.07118559
0.049374413
0.028155006
0.014696057
0.0371004
0.06948204
0.037776295
0.054831818
0.0800367
0.047746714
0.008178868
0.036986284
0.07650882
0.03650001
0.03309602
0.040847186
0.053453818
0.032458473
0.016507635
0.0172203
0.025692934
0.076297596
0.07282194
0.06530388
0.052314218
0.032191098
0.009381885
0.042598557
0.014339927
0.0708563
0.08760491
0.09266588
0.06526981
0.03984784
0.059182193
0.028349632
0.0228108
0.03481199
0.041103855
0.030067831
0.04065383
0.03162531
0.01956616
0.05187886
0.069290444
0.0634784
0.060084492
0.036325537
0.050088834
0.014046898
0.043268066
0.05855959
0.02713899
0.027633924
0.020423735
0.018652124
0.008577163
-0.018311081
0.009155519
-0.006103658
-0.0122072585
0.00915539
-0.015258876
0.012207
-0.0030517213
-0.003051689
0.009154959
-0.012206454
0.012206282
-0.006103047
0.0061029466
0.006102839
-0.012205448
0.0152565045
-0.015256181
0.009153504
-0.003051096
-0.0091530625
0.015254709
-0.015254295
0.012203092
-0.009152049
0.0
0.012201971
-0.015251962
0.01830173
-0.009150541
0.006100138
0.009149862
-0.015249178
0.015248568
-0.015247939
0.009148376
0.0030493257
-0.009147568
0.015245247
-0.015244529
0.012195034
-0.006097215
-0.0030484532
0.015241477
-0.018288802
0.012191875
-0.0060956003
0.0030476279
0.009142356
-0.01218909
0.015235447
-0.012187611
0.009140138
0.009139556
-0.009138965
0.0152306035
-0.018275497
0.009137124
-0.0060909926
-0.0030452812
0.012180249
-0.01826904
0.0121784555
-0.009133154
0.0
0.009131744
-0.009131023
0.021304013
-0.009129549
0.0060858643
0.006085355
-0.009127258
0.018252946
-0.012167569
0.0060832473
0.0
-0.0060821506
0.012163183
-0.018243076
0.01520113
-0.009119807
-0.0030396418
0.012157378
-0.018234262
0.021271173
-0.009115293
0.006076239
0.009113412
-0.006074971
0.021260142
-0.015184187
0.009109524
0.003036175
-0.006071677
0.01821299
-0.018210929
0.009104423
-0.0060689137
-0.0030341025
0.0121349795
-0.0182003
0.015165092
-0.0121305995
0.003032278
0.01212761
-0.012126093
0.024249125
-0.006061509
0.015151823
0.0060599428
-0.012118299
0.018175045
-0.015143851
0.018170176
-0.0030279518
-0.0060550747
0.0151355965
-0.018160187
0.015131363
-0.009077531
-0.0030254116
0.009074928
-0.01814722
0.018144563
-0.012094591
0.0120927915
0.006045489
-0.01208915
0.018130964
-0.018128179
0.0120835835
0.0
-0.012079801
0.015097362
-0.018113945
0.0060370117
-0.012072069
-0.009052576
0.0060340595
-0.018099183
0.01508014
-0.012062088
0.0030150122
0.006028998
-0.012055931
0.0241077
-0.012051756
0.012049647
0.0
-0.012045388
0.018064857
-0.01806161
0.015048618
-0.009027527
-0.012034496
0.012032276
-0.021052573
0.015034742
-0.009019149
0.0
0.0060104826
-0.021032656
0.015020428
-0.012014011
0.012011665
0.0030023265
-0.012006932
0.021007953
-0.018003214
0.011999728
0.0
-0.008996142
0.0119924
-0.020982375
0.011987444
-0.008988709
0.0
0.011979907
-0.014971709
0.01796222
-0.008979185
0.005984832
0.008975302
-0.008973345
0.017942756
-0.014949
0.01195655
0.0
-0.005975604
0.014935645
-0.014932264
0.011943092
-0.008955269
-0.005968806
0.008951139
-0.017898116
0.014911612
-0.01490811
0.0
0.0059604216
-0.014897501
0.01489393
-0.014890343
0.008932043
0.0
-0.011903582
0.014875822
-0.020821007
0.008921075
-0.0059459005
-0.005944411
0.0059429146
-0.02079494
0.014849753
-0.014845961
0.0
0.008902995
-0.014834482
0.014830622
-0.017792094
0.0029645702
0.0
-0.01185201
0.014811068
-0.014807106
0.008881876
-0.005919653
-0.005918048
0.005916436
-0.017744454
0.014782981
-0.011823121
0.0
0.011816554
-0.017719874
0.014762415
-0.011806601
0.005901628
0.0029499745
-0.011796527
0.017689714
-0.01473718
0.00883975
-0.002945727
-0.011779469
0.017664026
-0.014715691
0.011769075
-0.0058827917
-0.005881039
0.00881892
-0.017632542
0.0058757416
-0.014684906
0.0029360885
0.0
-0.0146714635
0.017600339
-0.017594904
0.0058631487
0.0
-0.011718982
0.011715305
-0.014639517
0.01170791
-0.0029260484
-0.008775347
0.00584836
-0.020462684
0.014611491
-0.008764057
0.0
0.011677804
-0.014592478
0.014587684
-0.008749723
0.0058312183
0.005829281
-0.005827337
0.020388853
-0.0087351445
0.014553666
0.0
-0.00290876
0.014538842
-0.017440641
0.014528878
-0.008714323
-0.0029037697
0.008708286
-0.014508755
0.014503684
-0.008699158
0.0057973973
0.0
-0.01158659
0.014478086
-0.00868375
0.011574186
0.0028925065
-0.0028914632
0.011561668
-0.011557468
0.017329885
0.0
0.0
0.014425681
-0.017304422
0.011532006
-0.005763859
0.0
0.008639326
-0.011514775
0.011510436
-0.008629563
0.008626289
0.0
-0.008619713
0.017232822
-0.011484132
0.011479704
-0.0028688156
-0.008603106
0.008599757
-0.01432733
0.0114573715
-0.002863217
0.0
0.008582866
-0.01143928
0.008576044
-0.011430158
0.0057127895
0.0028552467
-0.0028540955
0.011411765
-0.014258918
0.011402493
0.0
-0.0028482927
0.014235615
-0.014229749
0.011379096
-0.0028435946
0.0
0.011364908
-0.014200192
0.011355387
-0.011350608
0.0
0.0028352535
-0.011336198
0.014164213
-0.014158162
0.008491258
0.0
-0.0056559676
0.014133807
-0.0084766075
0.014121537
0.002823076
-0.0028218413
0.008461811
-0.011277452
0.014090596
-0.0028168724
0.0
0.008443109
-0.011252455
0.014059274
-0.011242372
0.0028093278
0.0056161196
-0.0056135776
0.01683309
-0.0112169515
0.011211831
0.0
-0.0028003885
0.011196398
-0.013989037
0.011186049
-0.0027952143
0.0
0.008377828
-0.008373907
0.011159969
-0.0055773584
0.0055747265
0.005572089
-0.008354167
0.013916989
-0.013910349
0.0055614784
0.005558811
-0.008334206
0.008330188
-0.00832616
0.008322123
0.0
0.0
0.008309961
-0.00553726
0.008301809
-0.011063626
0.0027645405
0.0027631717
-0.0082853995
0.013802125
-0.008277142
0.0027576669
0.005512567
-0.002754897
0.011014031
-0.0027521157
0.011002883
0.0
-0.0027479222
0.008239555
-0.008235335
0.008231107
-0.0054845805
-0.0027408751
0.0027394572
-0.010952145
0.010946451
-0.008205558
0.0054675136
0.0027323244
-0.008192668
0.008188355
-0.0081840325
0.008179701
0.0
-0.005447343
0.0054444387
-0.010883058
0.008157921
-0.0054356926
0.0
0.005429834
-0.010853793
0.010847906
-0.008131506
0.0
0.0027075447
-0.0054121236
0.008113729
-0.008109263
0.005403193
0.0027001027
-0.002698606
0.013485533
0.0
0.008082299
0.0
0.0
0.005379136
-0.0053761043
0.0080596
-0.005370024
0.0026834877
0.0
-0.010721725
0.010715596
-0.008032092
0.0053516524
0.0026742858
-0.008018228
0.00801359
-0.008008945
0.0053361943
0.0
0.0
0.007990282
-0.007985596
0.007980902
-0.0026587334
0.0
0.007966773
-0.007962046
0.005304875
-0.005301714
0.0026492737
0.0026476877
-0.002646099
0.01322254
-0.007928742
0.0052826353
-0.0026397186
-0.002638117
0.010546051
-0.0052698115
0.007899889
0.0
0.0
0.002628452
-0.005253664
0.005250419
-0.0026235844
0.0026219566
0.0026203264
-0.005237387
0.007851174
-0.0052308403
0.0026137796
0.0
-0.0026104907
0.01043537
-0.0052143834
0.0052110767
0.0
0.0
0.0052011264
-0.0051977993
0.007791701
0.0
0.0
0.005184441
-0.005181089
0.0051777316
-0.0051743696
0.0025855012
0.0
0.0
0.010321742
-0.002578742
0.005154092
-0.0025753477
-0.0025736466
0.0051438864
-0.0025702373
0.005137058
-0.0025668181
0.0
0.0025633893
-0.0051233424
0.005119901
-0.0051164553
0.0
0.0025547743
-0.005106088
0.0051026223
-0.005099152
0.0025478385
0.005092197
-0.0025443563
0.0050852234
-0.005081729
0.00507823
0.002537363
0.0
0.0050677042
-0.002532093
0.0050606634
-0.0025285678
0.0025268018
0.0025250332
-0.0025232625
0.007564468
-0.0050394274
0.0025179358
0.0
-0.005028746
0.007537765
-0.0025108012
0.0025090117
0.0
-0.0025054256
0.0050072586
-0.0025018305
0.005000059
-0.0024982262
0.0
0.0024946127
-0.004985605
0.00498198
-0.0024891752
0.0024873582
0.002485539
-0.0024837174
0.0049637873
-0.0024800678
0.0
0.0
0.0
0.002472741
-0.002470904
0.004938129
-0.002467223
0.0
0.0
-0.0049233693
0.0073795025
-0.0024579815
0.0
0.0
-0.0073572304
0.0024505488
0.0
0.0024468193
0.0024449513
0.0024430812
0.002441209
-0.0024393345
0.004874916
0.0
0.0024336984
0.0024318153
-0.0024299303
0.002428043
-0.0024261535
0.0
0.0
-0.0048409454
0.0024185749
-0.0048333495
0.0
0.0
-0.0024109625
0.0024090542
-0.004814287
0.0024052311
-0.0024033168
0.0
0.007198444
0.0
0.004791276
-0.0023937132
-0.0023917863
0.0
-0.004775853
0.0023859935
-0.0023840584
0.0
0.0
-0.0023782414
0.004752597
0.0
0.0023724062
0.0
0.0023685063
0.0023665533
-0.0023645982
0.0023626413
0.0
0.0023587213
0.0
-0.0023547937
0.002352827
-0.007052575
0.0
0.0
-0.0070348214
0.002342964
-0.0023409857
0.0023390055
0.0
0.0
0.006999159
0.0
0.006987226
0.0023270836
0.0
0.004646189
0.0
0.006957294
0.0
0.002315094
0.0
-0.0023110826
0.0
-0.0023070637
0.0
0.0
0.0
0.0045980075
-0.0022969844
0.002294963
0.0
0.00458183
0.0068666646
0.0
0.006854488
0.0
0.0
0.0045574554
-0.0022766902
0.004549302
-0.00227261
0.0
0.0
-0.0045329533
0.0022644287
-0.0022623788
0.0
-0.0022582742
-0.0022562195
0.0
0.0
0.0045000887
0.0
0.0044918386
0.002243854
0.0
0.0044794376
-0.0022376485
0.0
0.0
-0.004462856
0.002229351
-0.0044545447
0.0
0.0022231105
-0.004442054
0.002218942
0.0
0.0044295336
0.002212677
0.0022105852
0.004416984
0.0
0.0
0.0
0.0044002063
0.0021980018
-0.0021958991
0.0
-0.0043833777
0.0
-0.0021874723
-0.0043707234
0.004366499
0.0
0.004358041
0.0021769037
0.0021747854
0.0043453313
0.0
0.006505264
0.0
0.002164171
0.0021620435
0.0021599147
0.0021577843
0.0
0.0021535188
0.0
-0.0042984956
0.00214711
-0.0042899414
0.0
0.0021406878
0.0
0.002136399
0.0021342526
0.0042642094
0.0021299555
0.004255609
0.0042513045
0.0021234988
0.006364031
-0.0021191873
0.0021170296
0.0021148704
-0.0021127097
0.0
-0.004216769
0.0
0.0
-0.002101886
0.0020997173
0.0
0.0020953757
0.002093203
0.0020910287
0.0062665595
0.0
0.0020844983
0.0
0.002080138
0.002077956
-0.004151545
0.0020735878
-0.0041428036
0.0020692146
0.0
-0.0041296724
0.0041252906
0.0
0.0
0.0
0.0
0.002051671
0.0020494724
0.0040945453
0.0
0.0020428693
0.0040813317
0.0
0.0040725106
0.0
0.00203184
0.0
-0.0060822596
0.002025208
-0.002022995
0.0
0.0
0.0
0.0020141313
-0.0020119124
0.0020096924
0.0
0.002005249
0.0020030257
0.0
0.0019985756
0.0
0.0019941211
0.0019918922
-0.0019896622
0.003974862
-0.0039703976
0.0019829655
0.0
-0.0039569912
0.0039525186
-0.0019740216
0.0019717831
0.0
0.0
0.0039301217
0.0
0.003921149
0.0
0.0019560836
0.0039076735
0.0
0.00389868
0.0
0.0019448393
0.0019425874
-0.0019403347
0.0038761615
0.0
0.0019335703
0.0
-0.0038581118
0.0019267973
0.0
0.005766832
0.0
0.0019177536
0.0038309805
0.0
0.0057328832
0.0
0.0019064281
0.0019041602
-0.0019018917
0.003799244
-0.0037947032
0.0
0.0
-0.00378107
-0.0018882611
-0.0037719726
0.0018837107
0.0
0.0018791569
0.0037537576
-0.0037491997
0.0037446402
0.0
0.001867758
0.0037309516
0.0
0.003721818
-0.0018586244
0.0
0.0
-0.001851766
0.0018494782
-0.0055415696
0.0018449007
-0.0018426107
-0.00184032
0.0018380285
-0.0036714727
0.0036668868
0.0
0.0
0.0036531207
-0.003648529
0.0018219681
-0.0018196709
0.0018173731
0.0018150745
-0.0018127753
0.0036209507
-0.005424524
0.0
0.0018035716
-0.0018012691
0.0035979317
-0.003593324
0.0017943576
-0.0035841048
-0.0017897467
0.0017874404
-0.0035702668
0.0053484775
-0.0017805176
0.0017782088
0.0017758994
0.0
0.0053138365
-0.0017689677
0.0017666561
-0.0017643437
-0.0035240618
0.0017597175
-0.0035148072
0.001755089
0.0
0.0
0.0
-0.0017458257
0.0034870172
-0.001741191
0.0017388728
0.0
-0.0034684702
0.0034638308
-0.0034591907
0.0
0.0017249536
-0.0017226321
0.0017203101
-0.0034359752
0.0017156648
0.0
0.0
0.0017086933
-0.0034127373
0.0017040435
-0.003403436
0.0
0.0016970658
-0.003389478
0.0033848237
-0.0033801687
0.0
0.0016854281
-0.0050492985
0.0
-0.003356882
0.0
0.0
-0.0033429014
0.0033382396
-0.0033335774
0.0016644573
0.0
-0.0016597933
0.0033149216
-0.0033102562
0.00330559
0.0
0.001648128
0.0016457941
-0.00493038
0.0016411254
-0.0032775812
0.003272911
0.0
-0.004895354
0.003258898
-0.0048813387
0.0
-0.0016224402
-0.0016201034
0.0016177665
-0.0032308586
0.0032261838
-0.0016107543
0.0016084164
0.0016060785
-0.0016037404
0.003202804
-0.0015990634
0.0
0.0
-0.0031840936
0.0015897077
-0.0015873683
0.0015850288
-0.0015826892
-0.0015803494
0.0031560191
-0.003151339
0.0
-0.0015709891
-0.0015686488
0.0
-0.0015639679
0.0015616273
-0.0015592865
0.0
0.0015546049
-0.001552264
0.001549923
-0.0030951637
0.0
-0.0015428996
-0.0046216752
0.0015382172
-0.003071752
0.0015335347
-0.0015311934
-0.0030577043
0.0015265108
-0.003048339
0.0045654844
-0.0015194869
0.0
0.0015148043
-0.0030249262
0.0030202437
-0.0030155615
0.0
0.0015030985
-0.003001515
0.0014984165
-0.0029921513
0.0014937348
-0.0014913941
-0.0029781067
0.0
-0.004453117
0.0
0.0
0.0014773514
0.0014750113
-0.0029453428
0.0029406631
-0.001467992
0.0
0.001463313
-0.0029219473
0.004375904
-0.0029125912
-0.0014539568
-0.0014516183
-0.0028985594
0.0
-0.0028892069
0.0014422656
-0.0028798557
-0.0028751807
0.0
-0.002865832
0.0028611582
-0.0014282425
0.0014259062
0.00284714
-0.0042637023
0.0028377967
-0.0014165629
0.0014142278
0.0014118929
-0.004228675
0.0
-0.0042146696
-0.0014025561
-0.0014002225
-0.0013978893
0.0013955565
-0.0027864478
0.0027817832
-0.0013885596
0.0
0.0
-0.0013815657
0.004137705
-0.0027538096
0.0013745748
0.0
-0.001369916
0.0027351743
-0.0027305172
0.0013629305
-0.0013606028
-0.0013582754
0.002711897
-0.002707244
0.0013512959
-0.0013489701
0.0
0.0013443199
-0.0026839909
0.0013396714
-0.0026746958
0.0
0.001332702
-0.0013303797
0.0013280581
-0.0026514735
0.0
0.0
-0.0013187756
0.0013164562
-0.0026282747
0.0039354567
-0.001309501
-0.0013071836
0.0013048667
-0.003907651
0.0039007037
-0.003893758
0.0
0.0012932903
0.0
0.0012886636
-0.002572702
0.001284039
-0.0012817276
-0.0012794167
0.0
-0.0038243902
0.0012724877
-0.0012701792
-0.0012678714
0.0
-0.003789772
0.0012609513
-0.0025172918
0.0
0.0012540369
-0.0037552002
0.0012494305
-0.0037413847
0.0
0.0
-0.0012402255
0.001237926
-0.0037068813
0.0012333288
-0.003693094
-0.002457469
0.0012264384
-0.003672429
0.0012218483
-0.0024391084
-0.002434522
0.0
-0.0024253533
0.0012103856
-0.0012080952
0.0012058056
0.0
-0.0012012287
0.0035968241
-0.0023933097
0.0023887383
0.0011920842
-0.0011898
0.002375033
-0.0023704679
0.0011829521
-0.0023613423
0.0
0.0011761115
-0.001173833
0.0011715553
-0.0023385568
0.0
0.0
-0.0011624529
0.0011601793
-0.0023158134
0.0023112698
0.0
0.0
0.0011488249
-0.0022931132
0.0011442893
-0.0022840456
-0.0022795144
0.0
-0.0034056867
0.0011329661
-0.0022614084
0.0
0.0
-0.0022478483
0.001121666
-0.0022388177
0.0
0.0
-0.002225286
0.0022207797
-0.0022162749
0.0
-0.0011036358
0.0
0.0010991379
0.0
0.0021892886
-0.0021847978
0.0
0.0
-0.002171338
0.0021668556
0.0
0.002157897
0.0
0.0
0.0021444748
-0.0021400051
0.0021355373
0.0
0.0
0.0010610737
-0.0031765327
0.0021132317
0.0
0.0021043248
0.0010499373
-0.0010477134
0.0
-0.002086538
0.0
-0.001038829
0.0
0.0020687873
-0.0020643554
0.0
0.0
0.0
0.0020466514
-0.0020422311
0.0020378134
-0.001016699
-0.0010144925
0.0
-0.0030302494
0.0010078803
-0.0010056787
0.0
0.0
-0.0019981621
9.968844E-4
-9.94689E-4
0.0019849893
0.0
0.0
0.0019718392
-0.0019674608
0.001963085
-9.793559E-4
0.0
0.0019499732
-0.0029184115
0.0
-9.684423E-4
-9.6626347E-4
0.0
0.0
0.00191947
-9.575615E-4
0.0019107786
-9.532185E-4
0.0
0.0018977617
-0.0028401425
0.0018890974
-9.423847E-4
-9.40222E-4
0.0018761215
-9.3590084E-4
0.0018674847
-9.315852E-4
0.0
9.272752E-4
-9.251223E-4
0.0018459416
-9.2082075E-4
0.0
9.165249E-4
0.0
0.0
-9.1009185E-4
0.0018159009
0.0
9.036719E-4
0.0018030697
-8.993992E-4
0.0
-8.951325E-4
0.0
0.0
-8.887435E-4
0.0017732336
-8.8449166E-4
-8.82368E-4
0.0
-8.7812525E-4
0.0
-8.738886E-4
8.717726E-4
0.0
-8.6754514E-4
8.654338E-4
-8.633239E-4
0.002583647
8.591089E-4
-8.570038E-4
0.0
0.0
0.0034027912
0.0
0.0
8.4440614E-4
-8.423121E-4
8.402197E-4
-0.0016762579
8.360398E-4
8.339522E-4
-8.318663E-4
8.29782E-4
-8.276994E-4
8.2561834E-4
0.0
8.214613E-4
0.0016387706
-8.173109E-4
0.0016304763
0.0
-8.110978E-4
0.0
-8.069641E-4
0.0016097996
-8.028372E-4
8.007763E-4
0.0
-7.966597E-4
0.0015892078
7.9254986E-4
0.0
7.88447E-4
7.8639813E-4
0.0
0.0
7.8026205E-4
7.782202E-4
7.7618007E-4
0.0
0.0
7.700704E-4
0.0
0.0015320124
7.639768E-4
-7.6194917E-4
7.599233E-4
-0.0015157985
7.5587706E-4
0.0015077132
0.0
7.4982125E-4
0.0
0.0
7.437819E-4
-7.4177247E-4
0.0
0.0
7.357553E-4
7.3375326E-4
0.0
0.0
0.0
7.2576385E-4
0.0
7.2178047E-4
7.1979157E-4
-7.178046E-4
7.1581954E-4
0.0
7.1185513E-4
0.0
-7.078984E-4
7.059229E-4
-7.0394936E-4
0.0014039555
7.0000807E-4
0.0
6.960745E-4
-6.941107E-4
0.0
-0.0013803778
0.0
6.8627496E-4
-6.84321E-4
0.0
-6.804189E-4
0.0
0.0
0.0
0.0
-0.0013413975
0.0013375215
6.6682475E-4
6.6489074E-4
0.0013259177
0.0
6.59101E-4
0.0
6.552514E-4
0.0013066592
-6.514099E-4
0.0
-0.0012951535
-6.4566324E-4
0.0
0.0
0.0
-0.00127606
6.361269E-4
-6.342259E-4
-0.001264654
0.0
-0.001257071
0.0
0.0
-6.228641E-4
-6.2097795E-4
-0.0012381877
0.0
-6.153321E-4
-6.1345444E-4
0.0
-0.0012194111
0.0
-6.059653E-4
0.0
0.0
-0.0012007423
5.9851084E-4
-5.966527E-4
5.947967E-4
0.0
-5.910913E-4
0.0
-0.0011747894
0.0
-5.8370695E-4
-5.818664E-4
5.800281E-4
0.0
5.763581E-4
5.745265E-4
0.0
-5.7086995E-4
-5.690451E-4
0.0
0.0
5.635839E-4
5.617681E-4
-5.5995444E-4
0.0
0.0
0.0
5.527229E-4
0.0
0.0
-5.473232E-4
0.0
-5.43735E-4
0.0
0.001080312
-5.3836993E-4
5.365863E-4
0.0
0.0
5.3124916E-4
0.0
0.0010554056
0.0
0.0
0.0010448018
0.0
5.188781E-4
-5.1712024E-4
0.0
0.0
5.1186094E-4
0.0010202252
-5.0836673E-4
0.0010132464
-5.04882E-4
-5.031433E-4
5.0140696E-4
0.0
4.9794157E-4
-4.962125E-4
0.0
0.0
-4.910398E-4
4.893205E-4
4.8760357E-4
0.0014576673
4.841771E-4
4.824675E-4
4.8076038E-4
4.7905574E-4
9.547071E-4
0.0
0.0
9.4452366E-4
0.0
4.6887973E-4
4.671924E-4
0.0
0.0
4.6214546E-4
4.6046812E-4
0.0
9.14242E-4
4.5545123E-4
0.0
4.5211922E-4
-4.50457E-4
0.0
0.0
0.0
0.0
-4.42184E-4
4.4053706E-4
4.3889263E-4
-4.372508E-4
4.356115E-4
4.3397478E-4
4.3234063E-4
0.0
4.2908007E-4
0.0
0.0
8.484172E-4
-4.2258998E-4
4.2097393E-4
4.1936047E-4
4.1774963E-4
8.322828E-4
0.0
8.258656E-4
4.113324E-4
0.0
4.0813952E-4
0.0
4.0495716E-4
0.0
4.0178536E-4
8.0040685E-4
0.0
7.9409505E-4
0.0
0.0
3.923336E-4
0.0
3.8920433E-4
-3.876437E-4
3.8608574E-4
3.845305E-4
0.0
3.8142802E-4
-3.7988083E-4
3.7833632E-4
0.0
-3.7525545E-4
0.0
0.0
3.7065445E-4
-3.6912624E-4
3.6760073E-4
3.6607796E-4
0.0
3.630406E-4
0.0
3.6001418E-4
3.585051E-4
0.0
3.5549514E-4
0.0
3.5249625E-4
-3.5100093E-4
0.0
3.480186E-4
0.0
0.0010351421
0.0
0.0
3.4061138E-4
-3.391383E-4
3.37668E-4
-3.3620052E-4
0.0
-3.3327393E-4
-3.3181484E-4
3.3035857E-4
-9.867154E-4
0.0
-3.2600667E-4
-9.7368506E-4
0.0
-6.4336037E-4
3.2024368E-4
0.0
-3.1737922E-4
0.0
-9.435784E-4
0.0
-3.1168445E-4
0.0
0.0
-3.0744335E-4
0.0
-9.1389095E-4
0.0
-3.0182875E-4
-6.008646E-4
5.980775E-4
0.0
5.925205E-4
0.0
-2.934934E-4
0.0
-2.907381E-4
5.7872967E-4
5.759889E-4
0.0
0.0
-5.678017E-4
0.0
-2.811864E-4
2.7983356E-4
0.0
0.0
5.5158534E-4
0.0
2.7311343E-4
0.0
0.0
0.0
-2.6779043E-4
0.0
0.0
-5.276585E-4
0.0
-5.2240666E-4
5.1978964E-4
-2.585893E-4
-5.1457353E-4
0.0
-5.0938135E-4
0.0
-7.5631955E-4
0.0
0.0
-4.9650564E-4
4.939485E-4
-4.9139746E-4
0.0
0.0
-2.4189017E-4
0.0
-2.3936626E-4
0.0
2.3685445E-4
0.0
0.0
0.0
4.6373456E-4
0.0
4.5878394E-4
2.2815888E-4
0.0
2.257019E-4
-4.4895598E-4
4.4651428E-4
2.2203937E-4
0.0
4.3922605E-4
-4.3680894E-4
4.3439798E-4
0.0
0.0
6.4080313E-4
0.0
4.2243573E-4
0.0
2.0884706E-4
4.1533262E-4
0.0
4.1062824E-4
0.0
0.0
2.0180915E-4
0.0
3.9897618E-4
0.0
3.9435906E-4
0.0
-1.9488347E-4
1.9374014E-4
-3.851999E-4
3.829258E-4
0.0
0.0
5.642118E-4
0.0
1.858248E-4
0.0
0.0
0.0
0.0
3.6053118E-4
-3.5832648E-4
0.0
-3.539361E-4
-3.5175044E-4
1.7478557E-4
0.0
1.7261581E-4
0.0
0.0
0.0
-3.3662908E-4
1.6724721E-4
0.0
0.0
1.6406442E-4
-3.260198E-4
0.0
-3.2182096E-4
1.598656E-4
1.5882392E-4
0.0
1.5675023E-4
0.0
1.5468943E-4
0.0
0.0
1.5162246E-4
0.0
1.4959398E-4
1.485846E-4
0.0
1.4657558E-4
0.0
1.4457954E-4
-1.435864E-4
0.0
0.0
0.0
0.0
0.0
1.3769597E-4
1.3672565E-4
0.0
1.3479484E-4
0.0
1.3287713E-4
0.0
0.0
1.3002516E-4
-1.2908108E-4
0.0
-1.2720277E-4
0.0
0.0
0.0
0.0
-2.4512934E-4
1.2164696E-4
0.0
0.0
1.1891366E-4
-1.1800918E-4
0.0
0.0
0.0
0.0
-1.13536546E-4
0.0
-1.1177075E-4
-1.1089285E-4
0.0
-1.0914704E-4
1.08279135E-4
-1.0741457E-4
0.0
1.0569546E-4
-1.0484092E-4
0.0
-1.0314187E-4
1.02297374E-4
-1.0145623E-4
-1.0061843E-4
0.0
-9.8952914E-5
0.0
-9.7300835E-5
0.0
0.0
-1.8969589E-4
0.0
-9.322953E-5
-9.2425376E-5
9.16246E-5
-9.08272E-5
0.0
-8.924254E-5
0.0
0.0
0.0
0.0
-1.7068023E-4
0.0
0.0
-8.303934E-5
8.2279206E-5
-8.152247E-5
8.076914E-5
8.001921E-5
0.0
7.8529556E-5
0.0
7.705353E-5
-7.632064E-5
7.559116E-5
7.486509E-5
7.414244E-5
1.4684642E-4
-1.4541479E-4
7.1995004E-5
0.0
0.0
6.987837E-5
-6.917968E-5
6.848442E-5
-6.7792585E-5
-6.710419E-5
0.0
-1.972131E-4
6.505961E-5
-1.2876993E-4
-6.371376E-5
1.2609197E-4
0.0
1.2344157E-4
-6.106336E-5
6.0409377E-5
0.0
0.0
1.1693628E-4
0.0
5.7191253E-5
0.0
0.0
5.5301858E-5
0.0
5.4059572E-5
0.0
0.0
5.2222134E-5
-5.1616593E-5
0.0
-5.041592E-5
4.9820796E-5
4.9229147E-5
0.0
4.8056278E-5
-4.747506E-5
4.6897323E-5
0.0
-4.57523E-5
4.5185014E-5
0.0
8.81218E-5
0.0
4.295074E-5
0.0
-4.185455E-5
4.1311694E-5
-4.0772335E-5
0.0
-3.97041E-5
-3.9175233E-5
0.0
-3.8128E-5
3.7609636E-5
0.0
-3.658342E-5
0.0
-7.1142465E-5
3.50704E-5
3.4573077E-5
0.0
3.3588964E-5
-6.620436E-5
3.2618907E-5
3.2139153E-5
3.1662912E-5
3.119019E-5
-3.072099E-5
0.0
-2.9793146E-5
0.0
0.0
-2.84278E-5
5.5959466E-5
-2.7535194E-5
0.0
0.0
-2.6222746E-5
2.5792324E-5
0.0
4.988415E-5
0.0
0.0
4.7386413E-5
-2.3283988E-5
4.5756617E-5
-2.2476166E-5
-2.2077566E-5
2.1682503E-5
-4.2581967E-5
2.0903006E-5
-2.051857E-5
0.0
-1.9760335E-5
-1.9386534E-5
0.0
-1.8649576E-5
3.6572837E-5
0.0
1.7570754E-5
3.4436496E-5
-1.6869293E-5
3.3047785E-5
-3.236409E-5
1.584375E-5
0.0
-3.0355655E-5
1.4850202E-5
-2.9052266E-5
-1.4205622E-5
1.3888671E-5
-1.3575279E-5
0.0
0.0
-1.2656468E-5
-1.2357323E-5
0.0
0.0
-1.1481268E-5
1.119638E-5
-1.0915057E-5
0.0
1.0363114E-5
-1.0092493E-5
9.825441E-6
-9.561959E-6
9.302046E-6
9.045704E-6
-8.792934E-6
8.543734E-6
0.0
0.0
-7.817573E-6
-7.5826665E-6
7.3513343E-6
-7.1235777E-6
6.8993963E-6
-6.678791E-6
-6.4617625E-6
6.2483114E-6
-1.20768755E-5
0.0
-5.6294257E-6
0.0
-5.2347305E-6
-1.0085505E-5
0.0
-4.6695386E-6
0.0
-4.3106506E-6
-4.1365797E-6
0.0
-7.598373E-6
0.0
0.0
-6.639947E-6
0.0
-6.036841E-6
0.0
-2.7312085E-6
0.0
0.0
-4.654573E-6
2.1998192E-6
-4.151878E-6
-1.9556464E-6
-1.8389417E-6
-1.725825E-6
1.6162967E-6
-1.5103569E-6
0.0
0.0
-2.4281435E-6
0.0
-1.0344957E-6
0.0
8.6927935E-7
-7.920567E-7
-7.1842453E-7
-6.483831E-7
0.0
-5.19073E-7
4.598047E-7
0.0
0.0
3.0354812E-7
-2.5864583E-7
0.0
-1.796167E-7
-1.4549008E-7
1.14955505E-7
-8.801307E-8
-6.466283E-8
-4.4904837E-8
-2.8739146E-8
1.6165792E-8
-7.1848034E-9
1.796202E-9
-0.0
