0.017369151
0.01734111
0.017255949
0.017110702
0.016900918
0.01662131
0.016266556
0.015832134
0.015315121
0.014714878
0.014033574
0.013276527
0.012452369
0.0115730325
0.010653609
0.009712104
0.008769128
0.007847558
0.006972127
0.00616879
0.005463493
0.0048796483
0.0044337073
0.0041294484
0.00395413
0.0038804591
0.0038743662
0.0039037862
0.0039440407
0.00397918
0.0040008556
0.004006262
0.0039960044
0.0039722174
0.0039370907
0.0038918548
0.00383627
0.0037686022
0.0036859957
0.0035851093
0.0034628639
0.0033171738
0.0031475944
0.0029558614
0.0027463562
0.0025265382
0.0023073591
0.0021035122
0.0019329552
0.0018145242
0.0017625957
0.0017805307
0.0018582258
0.0019764977
0.0021140936
0.0022523527
0.0023767564
0.0024768068
0.0025454208
0.0025783374
0.0025736599
0.0025315217
0.0024538522
0.0023442155
0.0022077144
0.0020509625
0.0018821306
0.0017110484
0.0015492601
0.0014097049
0.00130535
0.0012461192
0.0012349068
0.0012657495
0.0013263188
0.0014026249
0.0014824875
0.0015568223
0.0016195878
0.001667275
0.0016983518
0.0017127785
0.0017115964
0.0016965711
0.0016698724
0.0016337896
0.0015904896
0.0015418356
0.0014892836
0.0014338758
0.0013763311
0.0013172264
0.0012572412
0.0011974301
0.001139478
0.0010858754
0.001039928
0.0010054854
9.863024E-4
9.850926E-4
0.0010026091
0.0010372233
0.0010852283
0.0011416365
0.0012010336
0.0012582092
0.0013085194
0.0013480576
0.001373723
0.0013832443
0.0013751913
0.001348988
0.0013049361
0.0012442576
0.0011691691
0.0010830072
9.904259E-4
8.976697E-4
8.1281166E-4
7.455385E-4
7.055789E-4
6.9919106E-4
7.2565017E-4
7.774509E-4
8.4411073E-4
9.1574294E-4
9.845402E-4
0.0010448681
0.0010929222
0.0011263748
0.0011441077
0.0011460183
0.0011328744
0.0011061904
0.0010681127
0.0010213025
9.6880936E-4
9.1392227E-4
8.599902E-4
8.1019645E-4
7.672861E-4
7.3327654E-4
7.0922624E-4
6.9516414E-4
6.902427E-4
6.930702E-4
7.0209143E-4
7.1587873E-4
7.3326705E-4
7.5334497E-4
7.7535375E-4
7.98557E-4
8.221276E-4
8.450811E-4
8.662644E-4
8.843933E-4
8.9812465E-4
9.0614735E-4
9.072778E-4
9.005527E-4
8.853152E-4
8.6129474E-4
8.2868704E-4
7.882407E-4
7.413626E-4
6.902516E-4
6.3806085E-4
5.890386E-4
5.4847554E-4
5.220919E-4
5.1452126E-4
5.273488E-4
5.5825047E-4
6.0209155E-4
6.5285753E-4
7.050036E-4
7.5396104E-4
7.961758E-4
8.2900276E-4
8.505964E-4
8.5983216E-4
8.562581E-4
8.4006734E-4
8.1208465E-4
7.737647E-4
7.272031E-4
6.751611E-4
6.21097E-4
5.6916417E-4
5.2406115E-4
4.9051363E-4
4.7219946E-4
4.704077E-4
4.8341072E-4
5.0723116E-4
5.3717365E-4
5.6903233E-4
5.996023E-4
6.2671857E-4
6.491042E-4
6.661768E-4
6.778642E-4
6.8444066E-4
6.863822E-4
6.842421E-4
6.785506E-4
6.6974375E-4
6.58127E-4
6.4387714E-4
6.270799E-4
6.0779875E-4
5.861652E-4
5.624824E-4
5.373314E-4
5.116694E-4
4.8690167E-4
4.6489065E-4
4.4783973E-4
4.3798276E-4
4.3707402E-4
4.458422E-4
4.637014E-4
4.8889517E-4
5.189463E-4
5.5113796E-4
5.8284996E-4
6.1173644E-4
6.3579873E-4
6.5340963E-4
6.633221E-4
6.6467724E-4
6.5701717E-4
6.403059E-4
6.1495934E-4
5.8189005E-4
5.42575E-4
4.99157E-4
4.545844E-4
4.1275204E-4
3.7846816E-4
3.5682722E-4
3.5158373E-4
3.6320725E-4
3.8852866E-4
4.2244096E-4
4.5984754E-4
4.9660844E-4
5.296863E-4
5.5699993E-4
5.7724636E-4
5.89759E-4
5.944032E-4
5.9149566E-4
5.817347E-4
5.6613394E-4
5.4595404E-4
5.226292E-4
4.97685E-4
4.7264714E-4
4.4894096E-4
4.2778786E-4
4.101134E-4
3.964884E-4
3.8712617E-4
3.819423E-4
3.8065968E-4
3.829209E-4
3.8836873E-4
3.966743E-4
4.0751576E-4
4.2052747E-4
4.352462E-4
4.5107535E-4
4.6727798E-4
4.8299832E-4
4.9730454E-4
5.0924317E-4
5.1789655E-4
5.224391E-4
5.2218814E-4
5.166511E-4
5.0556904E-4
4.8896123E-4
4.6717355E-4
4.4093945E-4
4.1145895E-4
3.8050162E-4
3.5051553E-4
3.246617E-4
3.065622E-4
2.9947713E-4
3.0500544E-4
3.222416E-4
3.4824215E-4
3.7928173E-4
4.118399E-4
4.429997E-4
4.704919E-4
4.9262436E-4
5.082047E-4
5.1648455E-4
5.171245E-4
5.101732E-4
4.9605675E-4
4.755739E-4
4.4989827E-4
4.205862E-4
3.8958644E-4
3.5923207E-4
3.3216245E-4
3.1107443E-4
2.9820635E-4
2.946451E-4
2.998812E-4
3.1202802E-4
3.2856027E-4
3.470356E-4
3.6548768E-4
3.8252614E-4
3.9728638E-4
4.0932818E-4
4.1852685E-4
4.249703E-4
4.288658E-4
4.3045921E-4
4.2996998E-4
4.2754668E-4
4.232468E-4
4.170424E-4
4.088499E-4
3.9857952E-4
3.8619837E-4
3.718018E-4
3.5568757E-4
3.384294E-4
3.2094138E-4
3.045146E-4
2.9078318E-4
2.8155197E-4
2.7843378E-4
2.823662E-4
2.9325587E-4
3.0999215E-4
3.307964E-4
3.5365002E-4
3.766015E-4
3.9792046E-4
4.1615154E-4
4.3012347E-4
4.3894484E-4
4.420003E-4
4.3895154E-4
4.2974396E-4
4.1462056E-4
3.9414503E-4
3.6923873E-4
3.4123848E-4
3.1197842E-4
2.8388025E-4
2.5996537E-4
2.4356105E-4
2.3741416E-4
2.4242427E-4
2.570891E-4
2.7831944E-4
3.0274E-4
3.274758E-4
3.503578E-4
3.6986524E-4
3.850137E-4
3.952583E-4
4.0042083E-4
4.006332E-4
3.962893E-4
3.879985E-4
3.7653718E-4
3.6279575E-4
3.4771988E-4
3.3224677E-4
3.1723955E-4
3.0342682E-4
2.9135798E-4
2.8138646E-4
2.736881E-4
2.683124E-4
2.6524888E-4
2.644859E-4
2.6603817E-4
2.6993357E-4
2.7616418E-4
2.846217E-4
2.9504288E-4
3.0698391E-4
3.19831E-4
3.3283944E-4
3.4518933E-4
3.5604456E-4
3.6460772E-4
3.7016743E-4
3.7213776E-4
3.7009091E-4
3.637859E-4
3.5319538E-4
3.385349E-4
3.2029924E-4
2.9931165E-4
2.7679178E-4
2.544368E-4
2.3447322E-4
2.195469E-4
2.1222602E-4
2.1406396E-4
2.248011E-4
2.4250342E-4
2.644717E-4
2.8806998E-4
3.1109498E-4
3.3183166E-4
3.4899937E-4
3.616873E-4
3.693067E-4
3.7156112E-4
3.6842874E-4
3.6015295E-4
3.4723803E-4
3.3044856E-4
3.1081188E-4
2.8962042E-4
2.684229E-4
2.4897675E-4
2.33107E-4
2.224137E-4
2.1785215E-4
2.193946E-4
2.2604826E-4
2.3624864E-4
2.4834665E-4
2.6093726E-4
2.729864E-4
2.8382856E-4
2.931074E-4
3.0069856E-4
3.0663086E-4
3.1101247E-4
3.139665E-4
3.1557993E-4
3.1587115E-4
3.147785E-4
3.1217057E-4
3.078752E-4
3.017228E-4
2.935982E-4
2.8349675E-4
2.715816E-4
2.5824114E-4
2.4414394E-4
2.3028236E-4
2.179764E-4
2.0878045E-4
2.0422004E-4
2.0536128E-4
2.1240639E-4
2.2460287E-4
2.4052536E-4
2.5848998E-4
2.7686363E-4
2.9421368E-4
3.0935233E-4
3.213355E-4
3.294502E-4
3.3320347E-4
3.3231665E-4
3.2672542E-4
3.1658568E-4
3.022864E-4
2.8447236E-4
2.6408004E-4
2.4239114E-4
2.2109467E-4
2.023123E-4
1.8845327E-4
1.8169406E-4
1.8310333E-4
1.9204394E-4
2.0650789E-4
2.240287E-4
2.4237794E-4
2.5981947E-4
2.7511013E-4
2.8742588E-4
2.9628762E-4
3.0150253E-4
3.0311782E-4
3.0138137E-4
2.9670354E-4
2.8961757E-4
2.8073642E-4
2.70706E-4
2.601564E-4
2.4965545E-4
2.3967087E-4
2.3054915E-4
2.225181E-4
2.1571464E-4
2.10232E-4
2.0617196E-4
2.0368348E-4
2.0297065E-4
2.0426049E-4
2.0773557E-4
2.1345253E-4
2.212769E-4
2.3085855E-4
2.4165305E-4
2.5297573E-4
2.6406843E-4
2.741625E-4
2.8253158E-4
2.8853212E-4
2.9163467E-4
2.9144774E-4
2.8773767E-4
2.8044658E-4
2.6971166E-4
2.55889E-4
2.395873E-4
2.2171618E-4
2.0354924E-4
1.8677975E-4
1.7348441E-4
1.658184E-4
1.6531727E-4
1.7213951E-4
1.8497357E-4
2.017088E-4
2.2018453E-4
2.3856902E-4
2.554357E-4
2.6972216E-4
2.8067184E-4
2.8778895E-4
2.9080958E-4
2.8968384E-4
2.8456555E-4
2.758062E-4
2.639517E-4
2.4974046E-4
2.3410088E-4
2.1814097E-4
2.0311467E-4
1.9033445E-4
1.8099566E-4
1.7591583E-4
1.7528997E-4
1.786311E-4
1.8496411E-4
1.931458E-4
2.0213098E-4
2.1110881E-4
2.1953197E-4
2.2708703E-4
2.336402E-4
2.3917564E-4
2.4373551E-4
2.473667E-4
2.5007947E-4
2.5182235E-4
2.5247503E-4
2.5185948E-4
2.497664E-4
2.459919E-4
2.4038057E-4
2.3287073E-4
2.2354042E-4
2.1265414E-4
2.007105E-4
1.884875E-4
1.7706912E-4
1.678092E-4
1.6215575E-4
1.6128481E-4
1.656614E-4
1.748324E-4
1.8762295E-4
2.0254464E-4
2.1812982E-4
2.330961E-4
2.463921E-4
2.5719206E-4
2.6487818E-4
2.690249E-4
2.6938866E-4
2.6590357E-4
2.586816E-4
2.4801868E-4
2.3440759E-4
2.1856051E-4
2.0144333E-4
1.8431798E-4
1.6876582E-4
1.5661161E-4
1.4960766E-4
1.4883187E-4
1.5414583E-4
1.6425211E-4
1.7730639E-4
1.9151761E-4
2.0543257E-4
2.1798341E-4
2.2844425E-4
2.3637358E-4
2.4156518E-4
2.4400842E-4
2.4385455E-4
2.4138454E-4
2.3697589E-4
2.3106695E-4
2.2411898E-4
2.1657774E-4
2.0883868E-4
2.0122109E-4
1.9395736E-4
1.8720173E-4
1.8105896E-4
1.7562712E-4
1.7104387E-4
1.6752105E-4
1.6535187E-4
1.6487813E-4
1.6641639E-4
1.7016055E-4
1.760969E-4
1.8396652E-4
1.9328723E-4
2.0341805E-4
2.1363728E-4
2.2321231E-4
2.3145323E-4
2.377507E-4
2.416024E-4
2.4263217E-4
2.4060479E-4
2.3543884E-4
2.2722011E-4
2.1621802E-4
2.0290913E-4
1.8801227E-4
1.725374E-4
1.5783722E-4
1.456073E-4
1.3770064E-4
1.3560845E-4
1.3976883E-4
1.4931451E-4
1.6254521E-4
1.7761225E-4
1.9291662E-4
2.0721024E-4
2.1956704E-4
2.2932874E-4
2.3606069E-4
2.3952215E-4
2.3964769E-4
2.3653566E-4
2.3044086E-4
2.2176946E-4
2.1107489E-4
1.9905271E-4
1.8653001E-4
1.744399E-4
1.6376417E-4
1.5542352E-4
1.501124E-4
1.4812648E-4
1.4928145E-4
1.5299294E-4
1.5847535E-4
1.6494696E-4
1.7176205E-4
1.7846048E-4
1.847609E-4
1.9052427E-4
1.9570545E-4
2.003029E-4
2.0431343E-4
2.0769727E-4
2.1035767E-4
2.121368E-4
2.1282739E-4
2.1219693E-4
2.1002021E-4
2.0611598E-4
2.0038507E-4
1.9284843E-4
1.8368594E-4
1.7327735E-4
1.6224523E-4
1.514921E-4
1.4220133E-4
1.357327E-4
1.3333037E-4
1.3568078E-4
1.425987E-4
1.531196E-4
1.6589244E-4
1.7954782E-4
1.928883E-4
2.0494104E-4
2.1495039E-4
2.2235597E-4
2.2677319E-4
2.2797968E-4
2.259074E-4
2.2063951E-4
2.1241172E-4
2.0161887E-4
1.888287E-4
1.7480383E-4
1.6053021E-4
1.4723533E-4
1.3634657E-4
1.2929461E-4
1.2710046E-4
1.2992199E-4
1.3695931E-4
1.468341E-4
1.5808565E-4
1.6946797E-4
1.8003675E-4
1.891335E-4
1.9634243E-4
2.0144862E-4
2.044028E-4
2.0529107E-4
2.0430645E-4
2.0171977E-4
1.9784927E-4
1.930289E-4
1.8757752E-4
1.8177238E-4
1.7583127E-4
1.6990828E-4
1.6410535E-4
1.5849977E-4
1.531829E-4
1.4830219E-4
1.4409488E-4
1.4089921E-4
1.3912831E-4
1.3919774E-4
1.4141707E-4
1.458827E-4
1.5242015E-4
1.6060073E-4
1.6981494E-4
1.7936346E-4
1.8853547E-4
1.9666424E-4
2.0316291E-4
2.07547E-4
2.0944953E-4
2.0863202E-4
2.049939E-4
1.9858207E-4
1.896026E-4
1.784378E-4
1.656723E-4
1.5213128E-4
1.3892597E-4
1.2747265E-4
1.1938588E-4
1.1610033E-4
1.1826123E-4
1.2535985E-4
1.3602209E-4
1.4862596E-4
1.6172511E-4
1.7418258E-4
1.8515697E-4
1.9405253E-4
2.0047514E-4
2.0420145E-4
2.0515869E-4
2.0341158E-4
1.9915323E-4
1.9269834E-4
1.8447681E-4
1.7502673E-4
1.6498305E-4
1.5505693E-4
1.4599574E-4
1.3851278E-4
1.3318342E-4
1.3032976E-4
1.2994744E-4
1.3172542E-4
1.3515692E-4
1.396827E-4
1.4480451E-4
1.5014317E-4
1.554484E-4
1.605778E-4
1.6546053E-4
1.7005665E-4
1.743195E-4
1.7816735E-4
1.8146758E-4
1.8403526E-4
1.8564491E-4
1.8605228E-4
1.850226E-4
1.8236176E-4
1.779482E-4
1.717645E-4
1.6392983E-4
1.5473462E-4
1.4467975E-4
1.3451706E-4
1.252728E-4
1.18199605E-4
1.1456445E-4
1.15238865E-4
1.20300676E-4
1.2899873E-4
1.4010351E-4
1.5231023E-4
1.6446637E-4
1.7563932E-4
1.851102E-4
1.9234927E-4
1.9699341E-4
1.9883012E-4
1.977872E-4
1.93927E-4
1.8744453E-4
1.7866961E-4
1.6807411E-4
1.5628514E-4
1.441028E-4
1.3251204E-4
1.2265665E-4
1.15712224E-4
1.1260322E-4
1.1364642E-4
1.1839238E-4
1.258326E-4
1.3478451E-4
1.4417862E-4
1.5317419E-4
1.6116856E-4
1.6776797E-4
1.7275248E-4
1.7604436E-4
1.7768035E-4
1.7778596E-4
1.7654985E-4
1.7419785E-4
1.7096684E-4
1.6708038E-4
1.6272877E-4
1.5805732E-4
1.5316565E-4
1.4811994E-4
1.429775E-4
1.3782064E-4
1.3279413E-4
1.2813836E-4
1.2420595E-4
1.2144648E-4
1.203437E-4
1.2130453E-4
1.2453183E-4
1.2994009E-4
1.3715793E-4
1.4560588E-4
1.5460074E-4
1.6344439E-4
1.7148326E-4
1.781431E-4
1.8294876E-4
1.8553606E-4
1.8566017E-4
1.8320266E-4
1.781785E-4
1.7074488E-4
1.6121384E-4
1.5007188E-4
1.3800993E-4
1.259621E-4
1.1513249E-4
1.0693868E-4
1.0274279E-4
1.0333369E-4
1.08498825E-4
1.17145646E-4
1.2783783E-4
1.3924038E-4
1.5029027E-4
1.6020134E-4
1.6841968E-4
1.7457962E-4
1.7847124E-4
1.8001838E-4
1.7926373E-4
1.7635783E-4
1.7155055E-4
1.6518307E-4
1.5767926E-4
1.495343E-4
1.4129726E-4
1.3354246E-4
1.2682374E-4
1.2161017E-4
1.1821258E-4
1.16728144E-4
1.17033946E-4
1.1884004E-4
1.2177849E-4
1.2548914E-4
1.296751E-4
1.3412235E-4
1.3869125E-4
1.4329146E-4
1.4785051E-4
1.5228412E-4
1.5647389E-4
1.6025634E-4
1.6342387E-4
1.6573655E-4
1.669419E-4
1.6679947E-4
1.6510733E-4
1.6172894E-4
1.5661979E-4
1.4985446E-4
1.4165624E-4
1.3243155E-4
1.228097E-4
1.13677896E-4
1.06172934E-4
1.0154277E-4
1.00796446E-4
1.0425909E-4
1.1140216E-4
1.21119774E-4
1.3215713E-4
1.4338442E-4
1.5388693E-4
1.6296344E-4
1.7009959E-4
1.749427E-4
1.772834E-4
1.770434E-4
1.7426784E-4
1.6912092E-4
1.6188488E-4
1.5296257E-4
1.428843E-4
1.3231764E-4
1.2207346E-4
1.1308699E-4
1.0633259E-4
1.02628626E-4
1.02367674E-4
1.0534479E-4
1.1084699E-4
1.1793252E-4
1.2568987E-4
1.3337091E-4
1.4042256E-4
1.464717E-4
1.5129693E-4
1.5480025E-4
1.5698129E-4
1.5791362E-4
1.577217E-4
1.565585E-4
1.545838E-4
1.5194529E-4
1.4876413E-4
1.4512788E-4
1.4109266E-4
1.3669548E-4
1.3197606E-4
1.2700625E-4
1.2192325E-4
1.169613E-4
1.12472764E-4
1.08923894E-4
1.0684558E-4
1.0672708E-4
1.0887336E-4
1.1329097E-4
1.19668155E-4
1.2745312E-4
1.359726E-4
1.4453393E-4
1.5249017E-4
1.5927468E-4
1.644182E-4
1.6755774E-4
1.6844246E-4
1.6693868E-4
1.6303509E-4
1.5684935E-4
1.4863769E-4
1.3880992E-4
1.2795297E-4
1.1686314E-4
1.06574895E-4
9.8336386E-5
9.342471E-5
9.272356E-5
9.627334E-5
1.0324354E-4
1.12368085E-4
1.2240063E-4
1.323267E-4
1.4139278E-4
1.490695E-4
1.550084E-4
1.5900806E-4
1.6099022E-4
1.609827E-4
1.5910676E-4
1.5556639E-4
1.5063878E-4
1.4466414E-4
1.3803394E-4
1.3117565E-4
1.2453133E-4
1.18527874E-4
1.135382E-4
1.09838154E-4
1.075712E-4
1.067365E-4
1.0720964E-4
1.0878944E-4
1.1125196E-4
1.14392504E-4
1.18045864E-4
1.2208552E-4
1.2640821E-4
1.3091206E-4
1.3547565E-4
1.3994348E-4
1.4412045E-4
1.47776E-4
1.5065644E-4
1.525028E-4
1.5307197E-4
1.5215889E-4
1.4961885E-4
1.4538957E-4
1.3951382E-4
1.321643E-4
1.2367342E-4
1.1456981E-4
1.0561766E-4
9.783346E-5
9.240914E-5
9.0437825E-5
9.2466806E-5
9.820521E-5
1.0669043E-4
1.16719326E-4
1.2717306E-4
1.3713936E-4
1.4591984E-4
1.5300319E-4
1.5803754E-4
1.6081012E-4
1.6123347E-4
1.5933636E-4
1.5525763E-4
1.49243E-4
1.4164411E-4
1.3292058E-4
1.2364384E-4
1.14497765E-4
1.0626246E-4
9.9753226E-5
9.5684045E-5
9.446807E-5
9.606138E-5
9.9981844E-5
1.05498E-4
1.1184684E-4
1.18371165E-4
1.2456853E-4
1.3008935E-4
1.3471572E-4
1.3833641E-4
1.4092274E-4
1.425064E-4
1.4315867E-4
1.4297113E-4
1.4203819E-4
1.4044311E-4
1.3824855E-4
1.3549354E-4
1.32198E-4
1.2837473E-4
1.2404883E-4
1.19282646E-4
1.14204704E-4
1.0903905E-4
1.0412889E-4
9.994203E-5
9.703705E-5
9.596874E-5
9.7138094E-5
1.0064831E-4
1.0625465E-4
1.1343576E-4
1.2152596E-4
1.2983316E-4
1.3771188E-4
1.4459863E-4
1.500267E-4
1.536323E-4
1.5515804E-4
1.5445623E-4
1.5149267E-4
1.4635181E-4
1.392441E-4
1.3051776E-4
1.2067717E-4
1.104095E-4
1.00612124E-4
9.238708E-5
8.691855E-5
8.514095E-5
8.7303495E-5
9.282265E-5
1.0060058E-4
1.0947167E-4
1.18455995E-4
1.2681796E-4
1.3404085E-4
1.397854E-4
1.4385484E-4
1.4616894E-4
1.4674511E-4
1.4568344E-4
1.4315428E-4
1.393867E-4
1.3465712E-4
1.2927718E-4
1.2357994E-4
1.1790381E-4
1.12573354E-4
1.078775E-4
1.0404738E-4
1.0123839E-4
9.952254E-5
9.889499E-5
9.92935E-5
1.0062385E-4
1.0278196E-4
1.0566576E-4
1.0917531E-4
1.1320385E-4
1.17625124E-4
1.222823E-4
1.2698233E-4
1.3149722E-4
1.3557207E-4
1.3893815E-4
1.4132925E-4
1.4249967E-4
1.4224264E-4
1.4040848E-4
1.3692278E-4
1.318052E-4
1.2519023E-4
1.17352596E-4
1.0873977E-4
1.000109E-4
9.2067436E-5
8.602186E-5
8.30005E-5
8.3733226E-5
8.81707E-5
9.551721E-5
1.0463232E-4
1.14404276E-4
1.2391343E-4
1.3245447E-4
1.3951094E-4
1.4472567E-4
1.478784E-4
1.4887052E-4
1.4771464E-4
1.4452744E-4
1.3952437E-4
1.330165E-4
1.2540883E-4
1.17199575E-4
1.0897656E-4
1.01401456E-4
9.516359E-5
9.08822E-5
8.896085E-5
8.945752E-5
9.206659E-5
9.623753E-5
1.013466E-4
1.0682707E-4
1.1222921E-4
1.1723017E-4
1.21620076E-4
1.2528033E-4
1.2816128E-4
1.3026118E-4
1.3160723E-4
1.3223905E-4
1.3219495E-4
1.3150233E-4
1.3017254E-4
1.282016E-4
1.2557651E-4
1.222874E-4
1.1834461E-4
1.1380027E-4
1.08773114E-4
1.034752E-4
9.8236516E-5
9.351786E-5
8.98921E-5
8.796575E-5
8.8229746E-5
9.088844E-5
9.577214E-5
1.0239311E-4
1.10090274E-4
1.18166405E-4
1.2597202E-4
1.3294286E-4
1.386126E-4
1.42616E-4
1.4469003E-4
1.4467521E-4
1.4251826E-4
1.3827578E-4
1.3212016E-4
1.243487E-4
1.1539821E-4
1.0586643E-4
9.653665E-5
8.838251E-5
8.248996E-5
7.980633E-5
8.074666E-5
8.4961735E-5
9.153036E-5
9.937176E-5
1.07534586E-4
1.15290735E-4
1.2212574E-4
1.2770144E-4
1.318206E-4
1.343994E-4
1.3544639E-4
1.3504567E-4
1.3334242E-4
1.3052954E-4
1.2683483E-4
1.2250821E-4
1.1780911E-4
1.1299393E-4
1.0830402E-4
1.0395527E-4
1.00130026E-4
9.697291E-5
9.459097E-5
9.305794E-5
9.2420305E-5
9.270239E-5
9.390739E-5
9.601335E-5
9.896526E-5
1.0266663E-4
1.0697391E-4
1.1169622E-4
1.1660078E-4
1.2142295E-4
1.258795E-4
1.2968322E-4
1.3255834E-4
1.3425555E-4
1.3456686E-4
1.3334015E-4
1.3049362E-4
1.26031E-4
1.2005879E-4
1.12807546E-4
1.04659965E-4
9.6187025E-5
8.818441E-5
8.167169E-5
7.776346E-5
7.732241E-5
8.0531274E-5
8.678675E-5
9.503287E-5
1.04169536E-4
1.13264825E-4
1.2159921E-4
1.2864443E-4
1.3403269E-4
1.3753228E-4
1.3903092E-4
1.3852432E-4
1.36108E-4
1.3197088E-4
1.2639016E-4
1.1972716E-4
1.1242302E-4
1.049917E-4
9.80038E-5
9.204919E-5
8.7664754E-5
8.522831E-5
8.485651E-5
8.6372835E-5
8.937741E-5
9.337519E-5
9.789028E-5
1.02530066E-4
1.0700395E-4
1.1111597E-4
1.1474662E-4
1.178319E-4
1.203435E-4
1.2227133E-4
1.2360954E-4
1.2434635E-4
1.2445856E-4
1.2391065E-4
1.2265872E-4
1.2065873E-4
1.1787871E-4
1.14314214E-4
1.10006804E-4
1.0506534E-4
9.968969E-5
9.419496E-5
8.902949E-5
8.4769286E-5
8.20584E-5
8.1468716E-5
8.3308805E-5
8.7494285E-5
9.357794E-5
1.00903024E-4
1.0876269E-4
1.1649833E-4
1.23541E-4
1.2942232E-4
1.3377467E-4
1.363296E-4
1.3691747E-4
1.3546854E-4
1.3201573E-4
1.2669913E-4
1.19773256E-4
1.1161858E-4
1.02758764E-4
9.388162E-5
8.584873E-5
7.9647696E-5
7.6208424E-5
7.606708E-5
7.9088524E-5
8.4537234E-5
9.142923E-5
9.884365E-5
1.0605467E-4
1.12542824E-4
1.17964664E-4
1.2211813E-4
1.2491373E-4
1.2635169E-4
1.2650312E-4
1.2549353E-4
1.2348767E-4
1.20675104E-4
1.17256925E-4
1.1343368E-4
1.09395565E-4
1.05315645E-4
1.01346974E-4
9.762416E-5
9.426886E-5
9.1397706E-5
8.912979E-5
8.758959E-5
8.6901826E-5
8.7176195E-5
8.8484376E-5
9.083601E-5
9.416224E-5
9.831277E-5
1.03066166E-4
1.0814861E-4
1.132553E-4
1.1807045E-4
1.2228453E-4
1.256088E-4
1.27788E-4
1.2861188E-4
1.2792637E-4
1.2564468E-4
1.2175944E-4
1.1635655E-4
1.096329E-4
1.0192019E-4
9.3717164E-5
8.572672E-5
7.887334E-5
7.422788E-5
7.273458E-5
7.4782496E-5
7.997778E-5
8.7374705E-5
9.589574E-5
1.0459572E-4
1.1273608E-4
1.1977197E-4
1.253212E-4
1.2913806E-4
1.3109515E-4
1.3117079E-4
1.2944009E-4
1.2606758E-4
1.2130084E-4
1.1546429E-4
1.0895231E-4
1.022197E-4
9.57648E-5
9.009772E-5
8.568518E-5
8.2872815E-5
8.180795E-5
8.240622E-5
8.4390354E-5
8.738142E-5
9.099316E-5
9.489384E-5
9.8830315E-5
1.0262618E-4
1.06166706E-4
1.0937945E-4
1.12215406E-4
1.1463299E-4
1.1658646E-4
1.18019154E-4
1.1886185E-4
1.190357E-4
1.1845916E-4
1.17058E-4
1.1477771E-4
1.11597736E-4
1.0754762E-4
1.0272522E-4
9.7317614E-5
9.162411E-5
8.607735E-5
8.1248625E-5
7.780745E-5
7.639748E-5
7.743396E-5
8.092976E-5
8.648785E-5
9.345654E-5
1.0111408E-4
1.08786444E-4
1.1589501E-4
1.2196643E-4
1.266296E-4
1.2961129E-4
1.3073339E-4
1.2991272E-4
1.2716257E-4
1.2259601E-4
1.164316E-4
1.09002445E-4
1.00769845E-4
9.2340575E-5
8.447779E-5
7.807288E-5
7.4014715E-5
7.291692E-5
7.483095E-5
7.92136E-5
8.5196254E-5
9.189854E-5
9.859694E-5
1.0476231E-4
1.1004024E-4
1.1421903E-4
1.1720031E-4
1.1897473E-4
1.19601296E-4
1.1918902E-4
1.1787987E-4
1.15832976E-4
1.13210415E-4
1.1016562E-4
1.0683538E-4
1.0333672E-4
9.976925E-5
9.622291E-5
9.279015E-5
8.9580004E-5
8.673064E-5
8.44153E-5
8.283599E-5
8.220034E-5
8.268225E-5
8.43764E-5
8.7263725E-5
9.1202695E-5
9.5947646E-5
1.0118307E-4
1.0655959E-4
1.11723435E-4
1.1633737E-4
1.20095174E-4
1.2273219E-4
1.2403382E-4
1.2384357E-4
1.2207119E-4
1.18701755E-4
1.1380666E-4
1.0755789E-4
1.0024792E-4
9.231752E-5
8.439073E-5
7.730139E-5
7.2056384E-5
6.963388E-5
7.0590366E-5
7.474624E-5
8.129374E-5
8.919604E-5
9.749889E-5
1.05442436E-4
1.12461705E-4
1.1815707E-4
1.222666E-4
1.2464625E-4
1.2525622E-4
1.241512E-4
1.21472396E-4
1.1744006E-4
1.12346E-4
1.06544845E-4
1.0044253E-4
9.4478906E-5
8.909963E-5
8.471259E-5
8.1630205E-5
8.00124E-5
7.983809E-5
8.092628E-5
8.299949E-5
8.5757645E-5
8.8932946E-5
9.23155E-5
9.5754905E-5
9.914762E-5
1.02418824E-4
1.0550433E-4
1.0833599E-4
1.1083249E-4
1.1289599E-4
1.14414346E-4
1.152676E-4
1.15337825E-4
1.1452077E-4
1.127386E-4
1.0995332E-4
1.06181E-4
1.0150759E-4
9.6107055E-5
9.026279E-5
8.439003E-5
7.9049394E-5
7.492456E-5
7.271945E-5
7.2955154E-5
7.5754375E-5
8.07838E-5
8.740096E-5
9.486522E-5
1.02480626E-4
1.0965333E-4
1.1590142E-4
1.2084869E-4
1.2421694E-4
1.2582095E-4
1.2556644E-4
1.2345034E-4
1.1956313E-4
1.1409298E-4
1.07332926E-4
9.969144E-5
9.170626E-5
8.405463E-5
7.753708E-5
7.298601E-5
7.1053335E-5
7.194186E-5
7.529802E-5
8.0387574E-5
8.6386885E-5
9.258049E-5
9.842838E-5
1.03561455E-4
1.0775438E-4
1.1089682E-4
1.1296806E-4
1.1401478E-4
1.1413095E-4
1.1343904E-4
1.12072776E-4
1.10162124E-4
1.0782181E-4
1.0514475E-4
1.0220153E-4
9.904634E-5
9.5728836E-5
9.231052E-5
8.8883105E-5
8.5585736E-5
8.261613E-5
8.022901E-5
7.871374E-5
7.834629E-5
7.932257E-5
8.169732E-5
8.5358035E-5
9.0045214E-5
9.540297E-5
1.0103364E-4
1.06539956E-4
1.1155144E-4
1.1573946E-4
1.18825825E-4
1.20588644E-4
1.20867386E-4
1.1956831E-4
1.1667088E-4
1.1223603E-4
1.0641743E-4
9.947773E-5
9.181208E-5
8.397943E-5
7.673225E-5
7.100494E-5
6.7772606E-5
6.7714456E-5
7.08548E-5
7.654662E-5
8.3815845E-5
9.170753E-5
9.9440564E-5
1.0642746E-4
1.1224896E-4
1.16625415E-4
1.1939533E-4
1.2050056E-4
1.1997566E-4
1.1793922E-4
1.1458577E-4
1.10177156E-4
1.0503258E-4
9.951574E-5
9.401714E-5
8.892866E-5
8.460821E-5
8.133628E-5
7.927466E-5
7.844481E-5
7.874022E-5
7.997023E-5
8.1915794E-5
8.437479E-5
8.718572E-5
9.023044E-5
9.3422816E-5
9.6691285E-5
9.9961304E-5
1.03142294E-4
1.06120926E-4
1.0876131E-4
1.1091097E-4
1.124109E-4
1.1310791E-4
1.1286788E-4
1.11588815E-4
1.09213724E-4
1.0574348E-4
1.01250545E-4
9.5894924E-5
8.9943605E-5
8.379319E-5
7.798915E-5
7.321938E-5
7.023579E-5
6.966183E-5
7.174265E-5
7.622661E-5
8.248854E-5
8.97659E-5
9.733326E-5
1.04574516E-4
1.1099431E-4
1.16208685E-4
1.1993383E-4
1.2197828E-4
1.2223882E-4
1.2069935E-4
1.17431846E-4
1.1259938E-4
1.06461324E-4
9.938145E-5
9.183848E-5
8.443469E-5
7.788628E-5
7.295995E-5
7.0312824E-5
7.025948E-5
7.262263E-5
7.6818185E-5
8.210057E-5
8.7774606E-5
9.3292685E-5
9.826944E-5
1.0246276E-4
1.0574707E-4
1.0808769E-4
1.09517394E-4
1.1011486E-4
1.0998434E-4
1.0923714E-4
1.0797579E-4
1.0628268E-4
1.0421436E-4
1.0180296E-4
9.9064404E-5
9.601294E-5
9.267988E-5
8.9134715E-5
8.550562E-5
8.199586E-5
7.888951E-5
7.653653E-5
7.530569E-5
7.5503485E-5
7.72825E-5
8.058491E-5
8.5153384E-5
9.059597E-5
9.6463635E-5
1.0230958E-4
1.0772371E-4
1.1234917E-4
1.1588935E-4
1.1811122E-4
1.18847696E-4
1.1800057E-4
1.15544506E-4
1.1153283E-4
1.0610604E-4
9.95048E-5
9.208926E-5
8.4366155E-5
7.7017976E-5
7.0906295E-5
6.697732E-5
6.598855E-5
6.814417E-5
7.297185E-5
7.9584635E-5
8.704009E-5
9.453895E-5
1.01470316E-4
1.0739375E-4
1.120108E-4
1.1514201E-4
1.1671074E-4
1.1673158E-4
1.1530096E-4
1.1258847E-4
1.08827524E-4
1.0430446E-4
9.934498E-5
9.429643E-5
8.9504596E-5
8.528434E-5
8.188657E-5
7.9468715E-5
7.8080004E-5
7.767036E-5
7.812166E-5
7.928902E-5
8.103614E-5
8.325448E-5
8.586475E-5
8.880507E-5
9.201316E-5
9.5409036E-5
9.888331E-5
1.0229342E-4
1.0546757E-4
1.0821469E-4
1.10338005E-4
1.1164973E-4
1.1198572E-4
1.1121893E-4
1.0927194E-4
1.0612871E-4
1.0184684E-4
9.6571486E-5
9.055296E-5
8.4168634E-5
7.794571E-5
7.256771E-5
6.882103E-5
6.742342E-5
6.875229E-5
7.265906E-5
7.854959E-5
8.563928E-5
9.316594E-5
1.0048322E-4
1.0707631E-4
1.1254983E-4
1.1661286E-4
1.19067816E-4
1.19804135E-4
1.1879531E-4
1.1609855E-4
1.1185634E-4
1.0630002E-4
9.9755605E-5
9.265148E-5
8.55247E-5
7.901484E-5
7.381944E-5
7.057606E-5
6.967177E-5
7.1081355E-5
7.437775E-5
7.8915335E-5
8.403688E-5
8.9195375E-5
9.3990915E-5
9.816311E-5
1.0156864E-4
1.04156265E-4
1.0594278E-4
1.06990294E-4
1.0738463E-4
1.0721578E-4
1.06561485E-4
1.0547579E-4
1.0398423E-4
1.0208643E-4
9.976597E-5
9.700629E-5
9.3810835E-5
9.022539E-5
8.636071E-5
8.2412815E-5
7.867602E-5
7.5538665E-5
7.344546E-5
7.281298E-5
7.391105E-5
7.676516E-5
8.11421E-5
8.6622465E-5
9.270431E-5
9.888547E-5
1.0470961E-4
1.0978548E-4
1.1379282E-4
1.16483105E-4
1.17679476E-4
1.1727732E-4
1.1524609E-4
1.1163291E-4
1.06568645E-4
1.00277866E-4
9.309441E-5
8.548411E-5
7.807148E-5
7.165059E-5
6.712433E-5
6.529072E-5
6.6501416E-5
7.046102E-5
7.6391894E-5
8.338067E-5
9.0615744E-5
9.74632E-5
1.0346047E-4
1.0828962E-4
1.1175311E-4
1.1375611E-4
1.14293754E-4
1.1344097E-4
1.1134316E-4
1.08206244E-4
1.0428527E-4
9.9870325E-5
9.526933E-5
9.078675E-5
8.669904E-5
8.3229315E-5
8.0526814E-5
7.8658195E-5
7.761582E-5
7.734152E-5
7.7757344E-5
7.879184E-5
8.039342E-5
8.2528255E-5
8.5165935E-5
8.825976E-5
9.172891E-5
9.544818E-5
9.924757E-5
1.0292064E-4
1.0623887E-4
1.0896854E-4
1.1088784E-4
1.11802576E-4
1.11559995E-4
1.10060995E-4
1.0727112E-4
1.03231585E-4
9.80717E-5
9.202456E-5
8.5447806E-5
7.8848134E-5
7.2897456E-5
6.840298E-5
6.616451E-5
6.669716E-5
6.997915E-5
7.5467884E-5
8.2360886E-5
8.9852394E-5
9.725662E-5
1.0403164E-4
1.0976565E-4
1.1415785E-4
1.1700387E-4
1.18186676E-4
1.17671625E-4
1.1550448E-4
1.11811445E-4
1.06801075E-4
1.0076796E-4
9.4097755E-5
8.727119E-5
8.085904E-5
7.5490054E-5
7.176502E-5
7.010808E-5
7.061428E-5
7.300917E-5
7.676562E-5
8.1285936E-5
8.603759E-5
9.061201E-5
9.473158E-5
9.8233795E-5
1.0104849E-4
1.0317391E-4
1.0465324E-4
1.0555226E-4
1.05939005E-4
1.05867075E-4
1.0536437E-4
1.0442891E-4
1.0303232E-4
1.0113061E-4
9.8680815E-5
9.566148E-5
9.209543E-5
8.80732E-5
8.377581E-5
7.949371E-5
7.56333E-5
7.2694005E-5
7.119202E-5
7.152565E-5
7.383259E-5
7.793221E-5
8.3392035E-5
8.965828E-5
9.616783E-5
1.0241089E-4
1.0795514E-4
1.1245072E-4
1.15628754E-4
1.1729871E-4
1.1734684E-4
1.1573607E-4
1.1250762E-4
1.0778498E-4
1.0178107E-4
9.481052E-5
8.7308086E-5
7.985177E-5
7.3176634E-5
6.813664E-5
6.554151E-5
6.5854925E-5
6.89491E-5
7.417284E-5
8.06604E-5
8.7596745E-5
9.432705E-5
1.00366444E-4
1.05377156E-4
1.0914369E-4
1.115536E-4
1.1258331E-4
1.1228697E-4
1.10786445E-4
1.0826079E-4
1.0493444E-4
1.0106317E-4
9.691741E-5
9.27631E-5
8.88411E-5
8.534794E-5
8.242201E-5
8.013996E-5
7.852565E-5
7.756987E-5
7.725414E-5
0.0
0.0
0.0
0.0
0.0
0.0
0.0
0.0
0.0
0.0
0.0
0.0
0.0
0.0
0.0
0.0
0.0
0.0
0.0
0.0
0.0
0.0
0.0
0.0
0.0
0.0
0.0
0.0
0.0
0.0
0.0
0.0
0.0
0.0
0.0
0.0
0.0
0.0
0.0
0.0
0.0
0.0
0.0
0.0
0.0
0.0
0.0
0.0
0.0
0.0
0.0
0.0
0.0
0.0
0.0
0.0
0.0
0.0
0.0
0.0
0.0
0.0
0.0
0.0
0.0
0.0
0.0
0.0
0.0
0.0
0.0
0.0
0.0
0.0
0.0
0.0
0.0
0.0
0.0
0.0
0.0
0.0
0.0
0.0
0.0
0.0
0.0
0.0
0.0
0.0
0.0
0.0
0.0
0.0
0.0
0.0
0.0
0.0
0.0
0.0
0.0
0.0
0.0
0.0
0.0
0.0
0.0
0.0
0.0
0.0
0.0
0.0
0.0
0.0
0.0
0.0
0.0
0.0
0.0
0.0
0.0
0.0
0.0
0.0
0.0
0.0
0.0
0.0
0.0
0.0
0.0
0.0
0.0
0.0
0.0
0.0
0.0
0.0
0.0
0.0
0.0
0.0
0.0
0.0
0.0
0.0
0.0
0.0
0.0
0.0
0.0
0.0
0.0
0.0
0.0
0.0
0.0
0.0
0.0
0.0
0.0
0.0
0.0
0.0
0.0
0.0
0.0
0.0
0.0
0.0
0.0
0.0
0.0
0.0
0.0
0.0
0.0
0.0
0.0
0.0
0.0
0.0
0.0
0.0
0.0
0.0
0.0
0.0
0.0
0.0
0.0
0.0
0.0
0.0
0.0
0.0
0.0
0.0
0.0
0.0
0.0
0.0
0.0
0.0
0.0
0.0
0.0
0.0
0.0
0.0
0.0
0.0
0.0
0.0
0.0
0.0
0.0
0.0
0.0
0.0
0.0
0.0
0.0
0.0
0.0
0.0
0.0
0.0
0.0
0.0
0.0
0.0
0.0
0.0
0.0
0.0
0.0
0.0
0.0
0.0
0.0
0.0
0.0
0.0
0.0
0.0
0.0
0.0
0.0
0.0
0.0
0.0
0.0
0.0
0.0
0.0
0.0
0.0
0.0
0.0
0.0
0.0
0.0
0.0
0.0
0.0
0.0
0.0
0.0
0.0
0.0
0.0
0.0
0.0
0.0
0.0
0.0
0.0
0.0
0.0
0.0
0.0
0.0
0.0
0.0
0.0
0.0
0.0
0.0
0.0
0.0
0.0
0.0
0.0
0.0
0.0
0.0
0.0
0.0
0.0
0.0
0.0
0.0
0.0
0.0
0.0
0.0
0.0
0.0
0.0
0.0
0.0
0.0
0.0
0.0
0.0
0.0
0.0
0.0
0.0
0.0
0.0
0.0
0.0
0.0
0.0
0.0
0.0
0.0
0.0
0.0
0.0
0.0
0.0
0.0
0.0
0.0
0.0
0.0
0.0
0.0
0.0
0.0
0.0
0.0
0.0
0.0
0.0
0.0
0.0
0.0
0.0
0.0
0.0
0.0
0.0
0.0
0.0
0.0
0.0
0.0
0.0
0.0
0.0
0.0
0.0
0.0
0.0
0.0
0.0
0.0
0.0
0.0
0.0
0.0
0.0
0.0
0.0
0.0
0.0
0.0
0.0
0.0
0.0
0.0
0.0
0.0
0.0
0.0
0.0
0.0
0.0
0.0
0.0
0.0
0.0
0.0
0.0
0.0
0.0
0.0
0.0
0.0
0.0
0.0
0.0
0.0
0.0
0.0
0.0
0.0
0.0
0.0
0.0
0.0
0.0
0.0
0.0
0.0
0.0
0.0
0.0
0.0
0.0
0.0
0.0
0.0
0.0
0.0
0.0
0.0
0.0
0.0
0.0
0.0
0.0
0.0
0.0
0.0
0.0
0.0
0.0
0.0
0.0
0.0
0.0
0.0
0.0
0.0
0.0
0.0
0.0
0.0
0.0
0.0
0.0
0.0
0.0
0.0
0.0
0.0
0.0
0.0
0.0
0.0
0.0
0.0
0.0
0.0
0.0
0.0
0.0
0.0
0.0
0.0
0.0
0.0
0.0
0.0
0.0
0.0
0.0
0.0
0.0
0.0
0.0
0.0
0.0
0.0
0.0
0.0
0.0
0.0
0.0
0.0
0.0
0.0
0.0
0.0
0.0
0.0
0.0
0.0
0.0
0.0
0.0
0.0
0.0
0.0
0.0
0.0
0.0
0.0
0.0
0.0
0.0
0.0
0.0
0.0
0.0
0.0
0.0
0.0
0.0
0.0
0.0
0.0
0.0
0.0
0.0
0.0
0.0
0.0
0.0
0.0
0.0
0.0
0.0
0.0
0.0
0.0
0.0
0.0
0.0
0.0
0.0
0.0
0.0
0.0
0.0
0.0
0.0
0.0
0.0
0.0
0.0
0.0
0.0
0.0
0.0
0.0
0.0
0.0
0.0
0.0
0.0
0.0
0.0
0.0
0.0
0.0
0.0
0.0
0.0
0.0
0.0
0.0
0.0
0.0
0.0
0.0
0.0
0.0
0.0
0.0
0.0
0.0
0.0
0.0
0.0
0.0
0.0
0.0
0.0
0.0
0.0
0.0
0.0
0.0
0.0
0.0
0.0
0.0
0.0
0.0
0.0
0.0
0.0
0.0
0.0
0.0
0.0
0.0
0.0
0.0
0.0
0.0
0.0
0.0
0.0
0.0
0.0
0.0
0.0
0.0
0.0
0.0
0.0
0.0
0.0
0.0
0.0
0.0
0.0
0.0
0.0
0.0
0.0
0.0
0.0
0.0
0.0
0.0
0.0
0.0
0.0
0.0
0.0
0.0
0.0
0.0
0.0
0.0
0.0
0.0
0.0
0.0
0.0
0.0
0.0
0.0
0.0
0.0
0.0
0.0
0.0
0.0
0.0
0.0
0.0
0.0
0.0
0.0
0.0
0.0
0.0
0.0
0.0
0.0
0.0
0.0
0.0
0.0
0.0
0.0
0.0
0.0
0.0
0.0
0.0
0.0
0.0
0.0
0.0
0.0
0.0
0.0
0.0
0.0
0.0
0.0
0.0
0.0
0.0
0.0
0.0
0.0
0.0
0.0
0.0
0.0
0.0
0.0
0.0
0.0
0.0
0.0
0.0
0.0
0.0
0.0
0.0
0.0
0.0
0.0
0.0
0.0
0.0
0.0
0.0
0.0
0.0
0.0
0.0
0.0
0.0
0.0
0.0
0.0
0.0
0.0
0.0
0.0
0.0
0.0
0.0
0.0
0.0
0.0
0.0
0.0
0.0
0.0
0.0
0.0
0.0
0.0
0.0
0.0
0.0
0.0
0.0
0.0
0.0
0.0
0.0
0.0
0.0
0.0
0.0
0.0
0.0
0.0
0.0
0.0
0.0
0.0
0.0
0.0
0.0
0.0
0.0
0.0
0.0
0.0
0.0
0.0
0.0
0.0
0.0
0.0
0.0
0.0
0.0
0.0
0.0
0.0
0.0
0.0
0.0
0.0
0.0
0.0
0.0
0.0
0.0
0.0
0.0
0.0
0.0
0.0
0.0
0.0
0.0
0.0
0.0
0.0
0.0
0.0
0.0
0.0
0.0
0.0
0.0
0.0
0.0
0.0
0.0
0.0
0.0
0.0
0.0
0.0
0.0
0.0
0.0
0.0
0.0
0.0
0.0
0.0
0.0
0.0
0.0
0.0
0.0
0.0
0.0
0.0
0.0
0.0
0.0
0.0
0.0
0.0
0.0
0.0
0.0
0.0
0.0
0.0
0.0
0.0
0.0
0.0
0.0
0.0
0.0
0.0
0.0
0.0
0.0
0.0
0.0
0.0
0.0
0.0
0.0
0.0
0.0
0.0
0.0
0.0
0.0
0.0
0.0
0.0
0.0
0.0
0.0
0.0
0.0
0.0
0.0
0.0
0.0
0.0
0.0
0.0
0.0
0.0
0.0
0.0
0.0
0.0
0.0
0.0
0.0
0.0
0.0
0.0
0.0
0.0
0.0
0.0
0.0
0.0
0.0
0.0
0.0
0.0
0.0
0.0
0.0
0.0
0.0
0.0
0.0
0.0
0.0
0.0
0.0
0.0
0.0
0.0
0.0
0.0
0.0
0.0
0.0
0.0
0.0
0.0
0.0
0.0
0.0
0.0
0.0
0.0
0.0
0.0
0.0
0.0
0.0
0.0
0.0
0.0
0.0
0.0
0.0
0.0
0.0
0.0
0.0
0.0
0.0
0.0
0.0
0.0
0.0
0.0
0.0
0.0
0.0
0.0
0.0
0.0
0.0
0.0
0.0
0.0
0.0
0.0
0.0
0.0
0.0
0.0
0.0
0.0
0.0
0.0
0.0
0.0
0.0
0.0
0.0
0.0
0.0
0.0
0.0
0.0
0.0
0.0
0.0
0.0
0.0
0.0
0.0
0.0
0.0
0.0
0.0
0.0
0.0
0.0
0.0
0.0
0.0
0.0
0.0
0.0
0.0
0.0
0.0
0.0
0.0
0.0
0.0
0.0
0.0
0.0
0.0
0.0
0.0
0.0
0.0
0.0
0.0
0.0
0.0
0.0
0.0
0.0
0.0
0.0
0.0
0.0
0.0
0.0
0.0
0.0
0.0
0.0
0.0
0.0
0.0
0.0
0.0
0.0
0.0
0.0
0.0
0.0
0.0
0.0
0.0
0.0
0.0
0.0
0.0
0.0
0.0
0.0
0.0
0.0
0.0
0.0
0.0
0.0
0.0
0.0
0.0
0.0
0.0
0.0
0.0
0.0
0.0
0.0
0.0
0.0
0.0
0.0
0.0
0.0
0.0
0.0
0.0
0.0
0.0
0.0
0.0
0.0
0.0
0.0
0.0
0.0
0.0
0.0
0.0
0.0
0.0
0.0
0.0
0.0
0.0
0.0
0.0
0.0
0.0
0.0
0.0
0.0
0.0
0.0
0.0
0.0
0.0
0.0
0.0
0.0
0.0
0.0
0.0
0.0
0.0
0.0
0.0
0.0
0.0
0.0
0.0
0.0
0.0
0.0
0.0
0.0
0.0
0.0
0.0
0.0
0.0
0.0
0.0
0.0
0.0
0.0
0.0
0.0
0.0
0.0
0.0
0.0
0.0
0.0
0.0
0.0
0.0
0.0
0.0
0.0
0.0
0.0
0.0
0.0
0.0
0.0
0.0
0.0
0.0
0.0
0.0
0.0
0.0
0.0
0.0
0.0
0.0
0.0
0.0
0.0
0.0
0.0
0.0
0.0
0.0
0.0
0.0
0.0
0.0
0.0
0.0
0.0
0.0
0.0
0.0
0.0
0.0
0.0
0.0
0.0
0.0
0.0
0.0
0.0
0.0
0.0
0.0
0.0
0.0
0.0
0.0
0.0
0.0
0.0
0.0
0.0
0.0
0.0
0.0
0.0
0.0
0.0
0.0
0.0
0.0
0.0
0.0
0.0
0.0
0.0
0.0
0.0
0.0
0.0
0.0
0.0
0.0
0.0
0.0
0.0
0.0
0.0
0.0
0.0
0.0
0.0
0.0
0.0
0.0
0.0
0.0
0.0
0.0
0.0
0.0
0.0
0.0
0.0
0.0
0.0
0.0
0.0
0.0
0.0
0.0
0.0
0.0
0.0
0.0
0.0
0.0
0.0
0.0
0.0
0.0
0.0
0.0
0.0
0.0
0.0
0.0
0.0
0.0
0.0
0.0
0.0
0.0
0.0
0.0
0.0
0.0
0.0
0.0
0.0
0.0
0.0
0.0
0.0
0.0
0.0
0.0
0.0
0.0
0.0
0.0
0.0
0.0
0.0
0.0
0.0
0.0
0.0
0.0
0.0
0.0
0.0
0.0
0.0
0.0
0.0
0.0
0.0
0.0
0.0
0.0
0.0
0.0
0.0
0.0
0.0
0.0
0.0
0.0
0.0
0.0
0.0
0.0
0.0
0.0
0.0
0.0
0.0
0.0
0.0
0.0
0.0
0.0
0.0
0.0
0.0
0.0
0.0
0.0
0.0
0.0
0.0
0.0
0.0
0.0
0.0
0.0
0.0
0.0
0.0
0.0
0.0
0.0
0.0
0.0
0.0
0.0
0.0
0.0
0.0
0.0
0.0
0.0
0.0
0.0
0.0
0.0
0.0
0.0
0.0
0.0
0.0
0.0
0.0
0.0
0.0
0.0
0.0
0.0
0.0
0.0
0.0
0.0
0.0
0.0
0.0
0.0
0.0
0.0
0.0
0.0
0.0
0.0
0.0
0.0
0.0
0.0
0.0
0.0
0.0
0.0
0.0
0.0
0.0
0.0
0.0
0.0
0.0
0.0
0.0
0.0
0.0
0.0
0.0
0.0
0.0
0.0
0.0
0.0
0.0
0.0
0.0
0.0
0.0
0.0
0.0
0.0
0.0
0.0
0.0
0.0
0.0
0.0
0.0
0.0
0.0
0.0
0.0
0.0
0.0
0.0
0.0
0.0
0.0
0.0
0.0
0.0
0.0
0.0
0.0
0.0
0.0
0.0
0.0
0.0
0.0
0.0
0.0
0.0
0.0
0.0
0.0
0.0
0.0
0.0
0.0
0.0
0.0
0.0
0.0
0.0
0.0
0.0
0.0
0.0
0.0
0.0
0.0
0.0
0.0
0.0
0.0
0.0
0.0
0.0
0.0
0.0
0.0
0.0
0.0
0.0
0.0
0.0
0.0
0.0
0.0
0.0
0.0
0.0
0.0
0.0
0.0
0.0
0.0
0.0
0.0
0.0
0.0
0.0
0.0
0.0
0.0
0.0
0.0
0.0
0.0
0.0
0.0
0.0
0.0
0.0
0.0
0.0
0.0
0.0
0.0
0.0
0.0
0.0
0.0
0.0
0.0
0.0
0.0
0.0
0.0
0.0
0.0
0.0
0.0
0.0
0.0
0.0
0.0
0.0
0.0
0.0
0.0
0.0
0.0
0.0
0.0
0.0
0.0
0.0
0.0
0.0
0.0
0.0
0.0
0.0
0.0
0.0
0.0
0.0
0.0
0.0
0.0
0.0
0.0
0.0
0.0
0.0
0.0
0.0
0.0
0.0
0.0
0.0
0.0
0.0
0.0
0.0
0.0
0.0
0.0
0.0
0.0
0.0
0.0
0.0
0.0
0.0
0.0
0.0
0.0
0.0
0.0
0.0
0.0
0.0
0.0
0.0
0.0
0.0
0.0
0.0
0.0
0.0
0.0
0.0
0.0
0.0
0.0
0.0
0.0
0.0
0.0
0.0
0.0
0.0
0.0
0.0
0.0
0.0
0.0
0.0
0.0
0.0
0.0
0.0
0.0
0.0
0.0
0.0
0.0
0.0
0.0
0.0
0.0
0.0
0.0
0.0
0.0
0.0
0.0
0.0
0.0
0.0
0.0
0.0
0.0
0.0
0.0
0.0
0.0
0.0
0.0
0.0
0.0
0.0
0.0
0.0
0.0
0.0
0.0
0.0
0.0
0.0
0.0
0.0
0.0
0.0
0.0
0.0
0.0
0.0
0.0
0.0
0.0
0.0
0.0
0.0
0.0
0.0
0.0
0.0
0.0
0.0
0.0
0.0
0.0
0.0
0.0
0.0
0.0
0.0
0.0
0.0
1.8247978E-4
1.813711E-4
1.8026559E-4
1.7916324E-4
1.7806406E-4
1.7696805E-4
1.7587522E-4
1.7478557E-4
1.736991E-4
1.7261581E-4
1.715357E-4
1.7045879E-4
1.6938508E-4
1.6831454E-4
1.6724721E-4
1.6618308E-4
1.6512215E-4
1.6406442E-4
1.630099E-4
1.6195858E-4
1.6091048E-4
1.598656E-4
1.5882392E-4
1.5778546E-4
1.5675023E-4
1.5571823E-4
1.5468943E-4
1.5366387E-4
1.5264156E-4
1.5162246E-4
1.506066E-4
1.4959398E-4
1.485846E-4
1.4757847E-4
1.4657558E-4
1.4557593E-4
1.4457954E-4
1.435864E-4
1.425965E-4
1.4160988E-4
1.4062651E-4
1.3964639E-4
1.3866955E-4
1.3769597E-4
1.3672565E-4
1.3575862E-4
1.3479484E-4
1.3383434E-4
1.3287713E-4
1.3192318E-4
1.3097253E-4
1.3002516E-4
1.2908108E-4
1.2814028E-4
1.2720277E-4
1.2626855E-4
1.2533764E-4
1.2441001E-4
1.2348569E-4
1.2256467E-4
1.2164696E-4
1.2073255E-4
1.19821445E-4
1.1891366E-4
1.1800918E-4
1.17108015E-4
1.1621017E-4
1.1531563E-4
1.1442443E-4
1.13536546E-4
1.12651986E-4
1.1177075E-4
1.1089285E-4
1.1001828E-4
1.0914704E-4
1.08279135E-4
1.0741457E-4
1.0655334E-4
1.0569546E-4
1.0484092E-4
1.0398972E-4
1.0314187E-4
1.02297374E-4
1.0145623E-4
1.0061843E-4
9.9783996E-5
9.8952914E-5
9.8125194E-5
9.7300835E-5
9.647984E-5
9.566221E-5
9.484794E-5
9.403705E-5
9.322953E-5
9.2425376E-5
9.16246E-5
9.08272E-5
9.003318E-5
8.924254E-5
8.845529E-5
8.767141E-5
8.689092E-5
8.6113825E-5
8.5340114E-5
8.4569794E-5
8.3802865E-5
8.303934E-5
8.2279206E-5
8.152247E-5
8.076914E-5
8.001921E-5
7.927268E-5
7.8529556E-5
7.778984E-5
7.705353E-5
7.632064E-5
7.559116E-5
7.486509E-5
7.414244E-5
7.342321E-5
7.270739E-5
7.1995004E-5
7.1286035E-5
7.0580485E-5
6.987837E-5
6.917968E-5
6.848442E-5
6.7792585E-5
6.710419E-5
6.641923E-5
6.57377E-5
6.505961E-5
6.438496E-5
6.371376E-5
6.304598E-5
6.238167E-5
6.1720784E-5
6.106336E-5
6.0409377E-5
5.9758844E-5
5.9111764E-5
5.846814E-5
5.782797E-5
5.7191253E-5
5.6557994E-5
5.5928198E-5
5.5301858E-5
5.4678985E-5
5.4059572E-5
5.3443626E-5
5.2831147E-5
5.2222134E-5
5.1616593E-5
5.1014522E-5
5.041592E-5
4.9820796E-5
4.9229147E-5
4.8640974E-5
4.8056278E-5
4.747506E-5
4.6897323E-5
4.6323068E-5
4.57523E-5
4.5185014E-5
4.4621214E-5
4.40609E-5
4.350408E-5
4.295074E-5
4.24009E-5
4.185455E-5
0.0
0.0
0.0
0.0
0.0
0.0
0.0
0.0
0.0
0.0
0.0
0.0
0.0
0.0
0.0
0.0
0.0
0.0
0.0
0.0
0.0
0.0
0.0
0.0
0.0
0.0
0.0
0.0
0.0
0.0
0.0
0.0
0.0
0.0
0.0
0.0
0.0
0.0
0.0
0.0
0.0
0.0
0.0
0.0
0.0
0.0
0.0
0.0
0.0
0.0
0.0
0.0
0.0
0.0
0.0
0.0
0.0
0.0
0.0
0.0
0.0
0.0
0.0
0.0
0.0
0.0
0.0
0.0
0.0
-1.2357323E-5
-1.2061741E-5
-1.1769722E-5
-1.1481268E-5
-1.119638E-5
-1.0915057E-5
-1.0637302E-5
-1.0363114E-5
-1.0092493E-5
-9.825441E-6
-9.561959E-6
-9.302046E-6
-9.045704E-6
-8.792934E-6
-8.543734E-6
-8.298108E-6
-8.056054E-6
-7.817573E-6
-7.5826665E-6
-7.3513343E-6
-7.1235777E-6
-6.8993963E-6
-6.678791E-6
-6.4617625E-6
-6.2483114E-6
-6.0384377E-6
-5.8321425E-6
-5.6294257E-6
-5.430288E-6
-5.2347305E-6
-5.0427525E-6
-4.854355E-6
-4.6695386E-6
-4.4883036E-6
-4.3106506E-6
-4.1365797E-6
-3.9660918E-6
-3.7991865E-6
-3.635865E-6
-3.4761272E-6
-3.3199735E-6
-3.1674044E-6
-3.0184206E-6
-2.8730217E-6
-2.7312085E-6
-2.5929814E-6
-2.4583405E-6
-2.3272864E-6
-2.1998192E-6
-2.075939E-6
-1.9556464E-6
-1.8389417E-6
-1.725825E-6
-1.6162967E-6
-1.5103569E-6
-1.408006E-6
-1.3092442E-6
-1.2140717E-6
-1.1224888E-6
-1.0344957E-6
-9.5009244E-7
-8.6927935E-7
-7.920567E-7
-7.1842453E-7
-6.483831E-7
-5.8193257E-7
-1.038146E-6
-9.196094E-7
-8.082554E-7
-7.0408424E-7
-6.0709624E-7
-5.1729165E-7
-4.3467065E-7
-3.592334E-7
-2.9098015E-7
-2.2991101E-7
-1.7602613E-7
-1.2932566E-7
-8.9809674E-8
-5.7478292E-8
-3.2331585E-8
-1.4369607E-8
-3.592404E-9
-0.0
