0.5231356
0.18728422
0.48561996
1.9909959
3.7248733
11.652911
24.149376
16.37745
15.553818
13.679685
9.533154
14.3612
16.85763
9.826802
18.550503
19.544611
5.7026353
2.3633554
2.9464064
2.8294713
2.3955984
2.1098464
2.5554538
0.40271065
0.81808937
0.53186655
0.7361373
1.0353028
0.40320286
0.86078936
1.0454639
0.29902393
0.77397287
0.8767546
0.7723018
0.8923027
0.75031865
1.0021137
0.7731008
0.49744618
0.76582605
0.8007668
0.35224235
0.35023358
0.23746833
0.20365818
0.2989817
0.4875188
0.41843733
0.33041093
0.1566465
0.15686044
0.53442055
0.4125815
0.16762963
0.3157933
0.39821926
0.34633377
0.56266624
0.1895529
0.19480672
0.3097584
0.42326072
0.4091534
0.35751507
0.38457495
0.5395922
0.52633864
0.2902158
0.18314731
0.098255016
0.37938425
0.4832784
0.29454458
0.30933353
0.61971194
0.50146496
0.41397735
0.11697606
0.54293144
0.38671967
0.11263858
0.16094796
0.05795047
0.2988995
0.18171312
0.07708534
0.25846264
0.26715276
0.4070286
0.3103381
0.27361298
0.42509896
0.40098813
0.23370053
0.12894054
0.24293831
0.15198898
0.48849386
0.64811474
0.65404344
0.34548622
0.23581938
0.22302777
0.30819577
0.3289608
0.21161
0.17005077
0.099695526
0.2625849
0.3201496
0.12904818
0.14505538
0.07938507
0.14130442
0.58821976
0.7389471
0.62682706
0.5321136
0.40289468
0.6059939
0.41121224
0.119477004
0.18627264
0.12420082
0.14030442
0.19438672
0.25029424
0.16089939
0.053249273
0.1922281
0.28512642
0.50989735
0.5428576
0.29191095
0.39181703
0.31329927
0.20339987
0.23893292
0.15034327
0.077696666
0.042559814
0.26418227
0.10259176
0.21044624
0.31993315
0.44674546
0.34161636
0.16634893
0.030021029
0.2636227
0.35229704
0.27348468
0.31191763
0.19755682
0.42258114
0.3834913
0.15791589
0.2391516
0.24888217
0.2162723
0.15648325
0.09672438
0.09411234
0.07697037
0.06996813
0.2796181
0.17946534
0.18216605
0.235771
0.13528402
0.15640135
0.11752871
0.08178198
0.14465559
0.08237757
0.120760605
0.13901882
0.17884381
0.24150173
0.09835842
0.16560131
0.1874079
0.036573842
0.099273846
0.08457746
0.06470485
0.08381524
0.16563368
0.17122935
0.19529153
0.15454668
0.12756085
0.102298796
0.11815337
0.1658379
0.13607693
0.087483205
0.06395652
0.11472983
0.24346386
0.1777359
0.050422024
0.08102566
0.111312754
0.10687403
0.07321206
0.089084
0.1470681
0.17745467
0.10916697
0.08932421
0.17500073
0.1776946
0.119795166
0.29410836
0.36147213
0.17939918
0.057668425
0.119280115
0.21806327
0.18223877
0.17481573
0.22988662
0.117703356
0.09445391
0.1279855
0.07973608
0.08698369
0.13579349
0.061564315
0.072215155
0.1638399
0.30087408
0.22436221
0.064170256
0.032386713
0.06504889
0.11889701
0.12641792
0.0896381
0.103199735
0.027688643
0.086413816
0.14308316
0.1814437
0.21763793
0.10482377
0.170743
0.15908395
0.074802324
0.04748895
0.1422089
0.1421545
0.19175553
0.15565202
0.10944886
0.081720784
0.1162147
0.07850388
0.066271245
0.11160117
0.18463272
0.1983368
0.09715096
0.09931576
0.1580069
0.18792965
0.18464379
0.06466133
0.052793354
0.042901274
0.20468862
0.24318127
0.18983218
0.14227106
0.105955906
0.120032206
0.20946269
0.12227142
0.04818489
0.099013194
0.16425984
0.27216166
0.27388805
0.18298517
0.08314101
0.08431369
0.24290006
0.20518713
0.038442027
0.057910413
0.12798293
0.10898939
0.071085826
0.03318644
0.04849497
0.04533644
0.14120315
0.14167178
0.09231762
0.072203785
0.15601325
0.1192964
0.18601245
0.2095971
0.024013434
0.1471
0.18652226
0.14497732
0.09633897
0.09862465
0.06345517
0.036730476
0.036870353
0.062134504
0.090183906
0.009375501
0.12756325
0.056410152
0.02415845
0.10088167
0.14477484
0.017698193
0.1875395
0.21796833
0.107235216
0.050534915
0.0642923
0.09146046
0.09194552
0.12124415
0.0697042
0.09477924
0.10214556
0.028638253
0.062171664
0.046803866
0.13296622
0.12629357
0.07851721
0.032984275
0.03655993
0.038837906
0.110638514
0.14648104
0.083837874
0.115669176
0.085452646
0.11631403
0.1172302
0.17911313
0.1787859
0.14945632
0.0188138
0.1560621
0.17819494
0.21907943
0.20885105
0.059350237
0.1526289
0.23192935
0.12224198
0.12060891
0.1688845
0.021476764
0.08688325
0.103801444
0.15402584
0.09242114
0.083957955
0.0552954
0.14399464
0.1389597
0.11236659
0.19565329
0.1469825
0.07657411
0.064089306
0.16166908
0.09887313
0.12591037
0.20534018
0.09567273
0.18513627
0.13630833
0.14892307
0.19018117
0.11571312
0.06030139
0.08282404
0.031421192
0.007583882
0.028123317
0.078184605
0.042759687
0.15863813
0.013823607
0.09261457
0.12630561
0.14173293
0.13067953
0.24942194
0.21936896
0.15377249
0.1889319
0.20163612
0.20556541
0.207347
0.25049478
0.19841242
0.17497115
0.17678152
0.123576224
0.11148673
0.11132521
0.09873165
0.0867006
0.1129887
0.0740168
0.045704547
0.06822077
0.08068381
0.15696111
0.19746418
0.14547765
0.1892623
0.1973372
0.106859796
0.122448556
0.15768851
0.14443886
0.17701016
0.111025006
0.051353283
0.14642343
0.110177286
0.1748697
0.16463839
0.070229106
0.08144105
0.14462307
0.20878829
0.054565165
0.027394049
0.093554124
0.15154931
0.09469402
0.025920087
0.101469554
0.13941458
0.06448456
0.08848017
0.12527041
0.102132656
0.18140852
0.18718381
0.18854114
0.18922831
0.19904862
0.10741238
0.031148259
0.07109067
0.1850472
0.062013645
0.055834115
0.11952854
0.21857679
0.22108357
0.19199643
0.12528735
0.12789688
0.19323993
0.1304461
0.15067235
0.1415795
0.19148262
0.1668952
0.04143559
0.08563534
0.1276051
0.15739241
0.124225795
0.08264205
0.1225871
0.16588777
0.12952429
0.11243904
0.04358708
0.06500132
0.0941656
0.056533627
0.031093258
0.03784585
0.08819283
0.09263447
0.082312636
0.12453826
0.23321213
0.23128274
0.16660576
0.17476916
0.10592637
0.082922846
0.110057265
0.09535676
0.08679992
0.020590397
0.22783962
0.31729376
0.39218855
0.2239074
0.16397178
0.15945438
0.16883673
0.18388584
0.12081375
0.076657675
0.16977176
0.1717101
0.1456216
0.18541811
0.12900744
0.18223925
0.10518716
0.19346553
0.2643064
0.045654554
0.29681113
0.19094408
0.1636456
0.18315329
0.3353301
0.30878326
0.24595824
0.23292828
0.2422862
0.15860084
0.25755003
0.32104748
0.17916705
0.02673119
0.12887986
0.147216
0.08561477
0.14119473
0.31439182
0.31018543
0.24058534
0.123927265
0.15694457
0.23113579
0.152447
0.17423794
0.3103689
0.22800265
0.3185131
0.4026592
0.19752175
0.13399714
0.2130203
0.1344796
0.36451426
0.42989534
0.08726881
0.3014046
0.19867566
0.11569951
0.04149096
0.13201752
0.23698542
0.16556707
0.31764457
0.35611257
0.25215563
0.19890429
0.20469484
0.11595796
0.14944783
0.13669701
0.2165999
0.37516218
0.2974
0.03262427
0.29983068
0.43112993
0.3508986
0.22585256
0.16465677
0.118260674
0.12283958
0.164395
0.19129965
0.16826868
0.31116596
0.38408378
0.3156115
0.47114232
0.32210582
0.063046806
0.18156807
0.40261528
0.45620283
0.32359755
0.10479744
0.23100284
0.41298813
0.23865804
0.12632164
0.32946035
0.33773795
0.18966964
0.31621742
0.2540275
0.19326168
0.4560757
0.58785486
0.3257185
0.36515784
0.45725295
0.3054219
0.3599044
0.52635413
0.32318488
0.34273192
0.41325828
0.15727304
0.13383104
0.30326402
0.20255332
0.27880985
0.6041078
0.5320207
0.20812894
0.19701588
0.46952963
0.3452225
0.08756021
0.2501247
0.4702909
0.44009048
0.2723844
0.06610397
0.053783957
0.02664785
0.08645949
0.19417734
0.21677059
0.23850021
0.33383328
0.20332018
0.14547172
0.23879561
0.23710082
0.098209284
0.28568095
0.060676143
0.5145505
0.5818591
0.26421195
0.23611784
0.2890418
0.28491077
0.29144302
0.2735697
0.44147426
0.42524683
0.32443336
0.1738471
0.13112701
0.09125602
0.13409974
0.08087291
0.1948109
0.22042073
0.31226423
0.20391335
0.22534636
0.18645054
0.20181204
0.2151411
0.21164179
0.12527634
0.096897624
0.1108157
0.27763355
0.3197965
0.10345679
0.039690975
0.23596404
0.16602758
0.37647253
0.37842327
0.26058665
0.21018536
0.06184974
0.16371731
0.2694611
0.17927296
0.16089694
0.05740001
0.091729075
0.20525502
0.3123225
0.26256734
0.10570901
0.14080378
0.14727925
0.04972928
0.17601685
0.14488502
0.15139018
0.0948395
0.12306143
0.29328635
0.20238082
0.1338298
0.10421346
0.08469104
0.17272939
0.18449678
0.106042214
0.08051158
0.051388584
0.12675811
0.023692429
0.0828574
0.14724472
0.022609076
0.104210936
0.09122129
0.11617214
0.19855389
0.18469138
0.063151374
0.075826295
0.19224872
0.11291897
0.025205072
0.062126
0.02465613
0.100369096
0.15429126
0.120149724
0.07855783
0.133588
0.12689143
0.08127222
0.07802393
0.1231808
0.12567288
0.09918569
0.119031146
0.086624324
0.12686117
0.13478903
0.03876231
0.102842934
0.122342125
0.08758041
0.058866974
0.0603082
0.011636048
0.08407386
0.110084936
0.08172901
0.0782308
0.08267192
0.08860416
0.12151413
0.081056744
0.10663579
0.049995903
0.046005856
0.026192116
0.09741442
0.11804294
0.074053034
0.11777102
0.058769908
0.08022037
0.17699805
0.08584816
0.16120264
0.14778145
0.07789452
0.004427959
0.016542535
0.036536623
0.035848953
0.022827068
0.09968325
0.20163058
0.12739128
0.06569224
0.08456975
0.014552238
0.03223478
0.05103558
0.09013881
0.11957709
0.06498994
0.07838559
0.11069258
0.08003964
0.0420758
0.034896832
0.05247219
0.06826083
0.060365856
0.09567779
0.024656104
0.027710287
0.051091667
0.03403752
0.046584453
0.06430168
0.10020397
0.120262645
0.059447344
0.032377187
0.05038238
0.09339017
0.11676739
0.10159331
0.14024498
0.16261785
0.098666646
0.019215157
0.06932432
0.077568196
0.059566684
0.045691982
0.04719371
0.03403749
0.010757472
0.079812996
0.12023468
0.0945255
0.11088442
0.12769708
0.07203816
0.13242093
0.09272634
0.046667106
0.07770813
0.09815767
0.07138718
0.053719446
0.016511163
0.07179183
0.12813209
0.13176067
0.06848503
0.014172922
0.018102083
0.040965248
0.10620375
0.12087777
0.08186725
0.040832873
0.0034121764
0.05997052
0.11554143
0.053634945
0.11901654
0.09226636
0.0610336
0.014076488
0.085477956
0.049418826
0.18006775
0.15152541
0.10904062
0.10287205
0.095334575
0.104131036
0.12529905
0.12833038
0.067618564
0.02651828
0.06583519
0.107561864
0.1526015
0.11597744
0.067770824
0.11848443
0.06882463
0.0776992
0.06822803
0.04620478
0.0373355
0.05963955
0.09911686
0.07257988
0.06060423
0.027563136
0.048659053
0.10358972
0.09064978
0.06588094
0.09880373
0.07793188
0.04115605
0.10174158
0.09584779
0.11547567
0.076531135
0.050345555
0.07152328
0.091623165
0.05195492
0.03699706
0.07533361
0.076795936
0.0239921
0.047308493
0.0761079
0.048296873
0.054707672
0.09317938
0.1010449
0.036916092
0.087971754
0.11109909
0.022098843
0.10855873
0.08864922
0.09415373
0.055832144
0.100361034
0.07940183
0.069502324
0.09625377
0.093171746
0.114853226
0.076764345
0.11031926
0.13276182
0.09693942
0.06871962
0.09395983
0.14101228
0.050195787
0.043522667
0.09459459
0.07229542
0.017487235
0.04638559
0.10179949
0.068005934
0.09850663
0.06365929
0.036944874
0.07614405
0.043482896
0.06670921
0.02347266
0.032498952
0.035532836
0.08301709
0.02744395
0.06407913
0.10996485
0.12465837
0.102905676
0.058710206
0.10452619
0.15311517
0.089250475
0.025603017
0.064772114
0.14368635
0.10023436
0.03307983
0.043960128
0.04932091
0.05554948
0.08904476
0.07208276
0.037338734
0.1174312
0.03080969
0.1093437
0.11581546
0.11460995
0.09754196
0.035688322
0.08425653
0.044972293
0.0919507
0.03369825
0.041231282
0.034046102
0.11487166
0.08852996
0.00797064
0.06108717
0.026645644
0.039293244
0.09714329
0.12699226
0.13398658
0.16437675
0.08318906
0.09419499
0.04277792
0.13819365
0.1255246
0.046899065
0.03643486
0.044516277
0.09355644
0.123142555
0.072240785
0.039562672
0.08094094
0.099376254
0.045674346
0.021758258
0.016962804
0.011992338
0.04540186
0.067239374
0.03678213
0.013943814
0.03480289
0.047742687
0.027221737
0.10370748
0.17686668
0.1584271
0.120127305
0.10319341
0.08977462
0.11358025
0.09263997
0.06722352
0.12018034
0.042869914
0.08328275
0.10360572
0.078322574
0.10793309
0.12542948
0.064452395
0.06714368
0.07884754
0.04619362
0.030354923
0.01819485
0.01846261
0.06021882
0.09236661
0.051843323
0.021522028
0.12353235
0.10820603
0.025174629
0.05829298
0.075860634
0.12013473
0.057578348
0.04251329
0.081220396
0.0674723
0.015662108
0.023438621
0.06626697
0.11509881
0.04837207
0.09585374
0.095154874
0.066755444
0.02864913
0.048561983
0.017046804
0.012580686
0.07078753
0.06812757
0.02745632
0.08063681
0.10937484
0.10833035
0.14622594
0.09247677
0.078165546
0.08707655
0.11218649
0.08679364
0.06730613
0.11622525
0.07980808
0.036706343
0.03832418
0.09653779
0.1086584
0.08406145
0.063789316
0.08992916
0.0872197
0.043572567
0.036107156
0.06941802
0.121789224
0.06940764
0.08899119
0.061085038
0.13171774
0.1299823
0.08215311
0.061661843
0.1052266
0.14027278
0.12497423
0.117499776
0.059279732
0.043849807
0.042143594
0.031820133
0.02135594
0.05483975
0.037587184
0.06329373
0.1372473
0.09721393
0.059971556
0.08726216
0.120847225
0.09040064
0.075567976
0.068400964
0.043192282
0.09975887
0.083960265
0.051769223
0.046185486
0.07764408
0.10645715
0.08579406
0.046494033
0.053819332
0.09986665
0.048543587
0.03339596
0.03678068
0.034965504
0.014812444
0.034188155
0.05836059
0.0349954
0.015820064
0.008469986
0.04401254
0.0555702
0.0348933
0.015616108
0.023639679
0.014827514
0.045135908
0.07628523
0.04504631
0.049394906
0.017723022
0.029540941
0.042415947
0.02010592
0.13006291
0.14371562
0.0494476
0.05676272
0.09725837
0.15192929
0.13014601
0.06307818
0.04482594
0.01033123
0.052228242
0.02010727
0.08446588
0.06562605
0.059808917
0.066770315
0.056540854
0.0600566
0.049140763
0.06295571
0.1298729
0.18349509
0.136533
0.13211386
0.040773828
0.09865331
0.10063143
0.06784259
0.10643358
0.10278798
0.06933362
0.035366524
0.079977855
0.058550403
0.08735082
0.11840812
0.10862022
0.07525089
0.10253788
0.010441031
0.05329654
0.10826029
0.12553814
0.07530104
0.077729784
0.07596924
0.028280117
0.08476025
0.0832343
0.051621422
0.05882809
0.056664903
0.067714475
0.04035757
0.019024573
0.015884781
0.011861431
0.06715674
0.09327322
0.048358746
0.04606006
0.049418654
0.05003692
0.083321504
0.10721156
0.098873205
0.08932069
0.14063783
0.111512706
0.06414368
0.064862765
0.040355302
0.07038042
0.055221386
0.082542755
0.08832255
0.05795287
0.09368435
0.071256004
0.039263487
0.05653776
0.07543954
0.060650084
0.06594341
0.018733922
0.09620699
0.03504679
0.13320501
0.09097889
0.023510654
0.07795611
0.10605747
0.06222109
0.1383
0.1428213
0.10645735
0.06987311
0.080304876
0.10244858
0.12241053
0.12330932
0.07619564
0.021843627
0.096563585
0.10875754
0.056382254
0.03208926
0.067172766
0.08069914
0.090029374
0.11687184
0.054563418
0.07342741
0.123894066
0.16813906
0.19004796
0.15689987
0.12184186
0.057809237
0.10186227
0.07250645
0.11269582
0.02420487
0.06025687
0.057855297
0.07063228
0.09824311
0.11763734
0.15308358
0.11257461
0.053201277
0.04863633
0.09364631
0.035175763
0.053073235
0.04321434
0.05969753
0.010630471
0.12826303
0.12830745
0.08898253
0.14159466
0.100208
0.02366702
0.10005833
0.032604195
0.07810689
0.05323098
0.0818995
0.064137824
0.10521616
0.10093328
0.005823142
0.09459422
0.08560436
0.016782664
0.053367592
0.030504169
0.043724675
0.035911277
0.10500586
0.10650006
0.08361623
0.05178962
0.06792662
0.15392864
0.089007325
0.111364335
0.10870702
0.11602844
0.08676777
0.047838308
0.06807497
0.0405206
0.09768038
0.06889626
0.065031976
0.058803063
0.058799822
0.039430942
0.042213127
0.018232457
0.088651896
0.10719122
0.029168354
0.033439375
0.01562629
0.04140644
0.100840144
0.07554194
0.0796449
0.12798496
0.061354652
0.07232855
0.07941182
0.04392382
0.06021437
0.051818315
0.013545326
0.07813438
0.15612283
0.09556476
0.01239387
0.09409965
0.10948754
0.080708355
0.14709522
0.21268171
0.13134454
0.035857894
0.053474244
0.16541079
0.16106103
0.12128177
0.063325696
0.14061737
0.10218316
0.085541055
0.08682614
0.017982004
0.111278884
0.061217684
0.13329402
0.16816142
0.1775608
0.17997457
0.16705652
0.19470577
0.16643532
0.09583896
0.181013
0.1953266
0.17734593
0.1818207
0.059537154
0.118823156
0.16422173
0.14581245
0.05140765
0.0346168
0.08809883
0.12207895
0.19410358
0.20441417
0.06953128
0.17814784
0.14188443
0.11480759
0.19850636
0.03897969
0.17005774
0.112870336
0.06704497
0.18479632
0.11749668
0.09525941
0.13305995
0.03773686
0.08653234
0.05906958
0.14749387
0.1767756
0.14637828
0.10778385
0.14354144
0.111971535
0.09300756
0.1873112
0.11953861
0.14125235
0.09697991
0.03665384
0.10742896
0.08471669
0.1005422
0.035588276
0.22463775
0.1913199
0.04558255
0.04238409
0.18781056
0.23621291
0.024809837
0.16936089
0.11998502
0.2326332
0.03192678
0.22222178
0.30367672
0.21074428
0.08018652
0.1301307
0.053454276
0.119144216
0.12896684
0.10848076
0.080693394
0.025174504
0.1166899
0.33299857
0.291317
0.10571926
0.3279034
0.23377399
0.12858668
0.15145019
0.057923123
0.15177363
0.19136977
0.15451965
0.1026389
0.006606823
0.08107324
0.046357077
0.058191285
0.18340051
0.17147425
0.085230894
0.020093294
0.1175738
0.048601657
0.10950536
0.22184806
0.24435839
0.13829625
0.108559676
0.10920751
0.1527142
0.16236615
0.09141689
0.088494346
0.05640099
0.113901645
0.1482387
0.22779563
0.13294068
0.06751312
0.09921814
0.05025283
0.09309487
0.13545083
0.13216053
0.062127087
0.17405762
0.2268284
0.12088201
0.122313984
0.14775258
0.07129204
0.07428099
0.105697304
0.09357052
0.01699934
0.077694654
0.100100465
0.043264728
0.05499021
0.047128566
0.07535358
0.07147238
0.045514703
0.03155453
0.045851536
0.07930313
0.067297176
0.028984398
0.020983791
0.11800673
0.17457224
0.11839563
0.01890572
0.11789222
0.06341948
0.045657445
0.10306531
0.05942556
0.031998772
0.09684511
0.11561563
0.08643298
0.054418862
0.062717214
0.097690746
0.0877563
0.0661072
0.033882562
0.030504746
0.04162628
0.044530835
0.07445334
0.17144577
0.12892886
0.076242246
0.05090256
0.00419214
0.055133104
0.12117911
0.12969089
0.08406409
0.09629568
0.14149836
0.026064098
0.09006328
0.110208556
0.20696211
0.17040405
0.11564913
0.14473367
0.11131744
0.09566949
0.062080458
0.02180017
0.05149922
0.037330735
0.027312994
0.061890244
0.07740813
0.05529176
0.087470286
0.07725923
0.060748402
0.0911212
0.06832971
0.04652133
0.055707946
0.043979194
0.033055946
0.005367329
0.11215652
0.10160659
0.08384786
0.09310728
0.1438927
0.122437805
0.1315268
0.17082584
0.14524096
0.09637887
0.11052774
0.13147062
0.07005728
0.024531329
0.02825571
0.057860337
0.023089575
0.08601446
0.08964504
0.055472866
0.10049047
0.040886555
0.13545604
0.05507753
0.16338669
0.11495968
0.0760848
0.070429236
0.024001114
0.039846163
0.05945582
0.08879923
0.09204159
0.1282835
0.06178908
0.07600205
0.08859756
0.060941216
0.11403921
0.054173913
0.08001951
0.08097291
0.06973424
0.057110444
0.029707216
0.05182054
0.0838415
0.07211695
0.0644641
0.111496195
0.14686543
0.08858509
0.044326913
0.047652576
0.03180635
0.022695085
0.056932744
0.061104912
0.015944611
0.043303933
0.06384032
0.015739875
0.07830732
0.067986086
0.03784169
0.0989899
0.12642707
0.04299165
0.092976816
0.10106785
0.07433732
0.08857919
0.13149707
0.12759222
0.06462513
0.039428163
0.12239191
0.09015759
0.11093928
0.041413724
0.116321
0.17721382
0.11139882
0.039770212
0.08643596
0.0880693
0.08877737
0.07945373
0.05356603
0.08902898
0.059679307
0.014765302
0.03445308
0.010367739
0.039247766
0.022643127
0.031910557
0.06023887
0.13514452
0.09240378
0.13181835
0.13373536
0.0942122
0.036819793
0.022340221
0.015697569
0.044304777
0.07173519
0.08448928
0.13921535
0.15239224
0.11816365
0.079481184
0.113954276
0.0499854
0.09670999
0.098631494
0.13765216
0.16358066
0.0842895
0.015062099
0.062571876
0.07675723
0.08392965
0.0814355
0.073222816
0.05167505
0.08352445
0.09286731
0.14700732
0.17041335
0.17973521
0.08979372
0.1196055
0.13941182
0.14203084
0.095454045
0.032175086
0.07424761
0.08604169
0.041487113
0.022270216
0.07408473
0.0740651
0.06524551
0.09896825
0.08482262
0.08094301
0.08014195
0.067442834
0.07940742
0.064614475
0.07867305
0.07471174
0.104826026
0.0640271
0.055627648
0.07685312
0.088628136
0.06434542
0.031487048
0.092593394
0.12731716
0.115399465
0.034551192
0.045265675
0.037059646
0.026245732
0.064377904
0.08291705
0.12202
0.08001238
0.083408825
0.13568984
0.15924078
0.124839336
0.14420865
0.2070069
0.1415051
0.115203395
0.13216618
0.0913429
0.037649777
0.044935483
0.0530278
0.05554464
0.040502336
0.104826115
0.0786818
0.07406086
0.10036381
0.030435441
0.1671592
0.17694315
0.15104724
0.06981681
0.09968917
0.10285675
0.05553209
0.0817404
0.1002594
0.010962517
0.076006554
0.041406155
0.09540384
0.04529562
0.053019833
0.050891094
0.029705487
0.028066767
0.06294833
0.10907649
0.081410535
0.0016880867
0.050463326
0.073973164
0.059236415
0.032524057
0.011771558
0.07152025
0.066374674
0.06807567
0.09452584
0.056997802
0.043903623
0.083808266
0.05734969
0.061052267
0.068582326
0.053570747
0.03821312
0.06904684
0.08516109
0.058811508
0.07369299
0.066724986
0.06025777
0.023380985
0.03563465
0.008392139
0.02517497
0.024933511
0.0400693
0.034111775
0.0104779275
0.047352046
0.14391664
0.17990837
0.1299005
0.047893476
0.038579375
0.0673445
0.04195648
0.075345896
0.0306738
0.030163331
0.019528426
0.042442817
0.030770766
0.05656782
0.11268452
0.08411434
0.02072681
0.009801169
0.01438568
0.072962835
0.12751904
0.13918535
0.087036155
0.033694535
0.05603461
0.025530439
0.05408097
0.023039378
0.06874187
0.07268155
0.09483198
0.040603586
0.024197344
0.05979158
0.08447127
0.047063224
0.03250525
0.07154976
0.031641375
0.06496369
0.056747437
0.01668612
0.024365395
0.03915576
0.013036037
0.024276244
0.03880696
0.09548023
0.11669099
0.08726981
0.08579549
0.051049795
0.055637833
0.049431622
0.096646436
0.10321313
0.06400395
0.049018893
0.031613365
0.04984338
0.050673626
0.059489414
0.059693404
0.084190786
0.06698639
0.029291913
0.0027023023
0.008709726
0.022316283
0.03639663
0.04448217
0.055668015
0.054307006
0.007964104
0.05897304
0.043633807
0.100494966
0.07422441
0.045156933
0.04418352
0.049360693
0.022080526
0.046574578
0.058546137
0.0833789
0.102025546
0.07800033
0.04367288
0.01747867
0.03300248
0.05758363
0.032550488
0.098584905
0.06822546
0.016968422
0.045619354
0.10106431
0.074072935
0.06687296
0.05993543
0.05901176
0.048097488
0.07404913
0.061352316
0.030137392
0.062260963
0.05836363
0.020915473
0.04940016
0.066448994
0.010284975
0.025429096
0.03669767
0.044693813
0.01988526
0.017163137
0.01586316
0.025967684
0.027869424
0.0033318216
0.051458832
0.030814903
0.06468928
0.06610525
0.019702228
0.054310128
0.035685983
0.032575186
0.018500436
0.013443383
0.011964868
0.019814294
0.05587403
0.07277633
0.025445446
0.031509552
0.023630504
0.05068527
0.083945796
0.115957305
0.07865867
0.018302627
0.011554052
0.0536664
0.043379266
0.038669165
0.028433925
0.0034805525
0.052858
0.059943207
0.0545621
0.10113395
0.076053195
0.05718816
0.058493134
0.034070306
0.0137077235
0.0391576
0.023964543
0.033711128
0.040817134
0.012469854
0.01390364
0.056438394
0.032489397
0.053093854
0.06276362
0.0253732
0.012386161
0.016653772
0.037855867
0.055585288
0.0651023
0.05489807
0.037356548
0.025278447
0.061771844
0.049464945
0.027490413
0.013256932
0.04282352
0.02081761
0.05908046
0.06294922
0.022243045
0.03608439
0.038395826
0.02622689
0.02168928
0.029258266
0.028915768
0.018383233
0.023281055
0.029379437
0.0766606
0.05318379
0.030107329
0.041478813
0.011619751
0.051573213
0.05259261
0.07556862
0.056983702
0.061760668
0.034229457
0.022153923
0.02272933
0.044292744
-0.03967401
-0.045777597
-0.039673775
-0.03967359
-0.039673354
-0.039673075
-0.039672747
-0.042724095
-0.042723645
-0.036619835
-0.03661936
-0.039670415
-0.04272133
-0.042720627
-0.04577129
-0.036616344
-0.03661561
-0.036614835
-0.039665185
-0.045766443
-0.04271429
-0.039662242
-0.03966117
-0.039660048
-0.03965888
-0.036607075
-0.039656404
-0.036604706
-0.03660346
-0.039652344
-0.03660083
-0.03659945
-0.036598027
-0.03354685
-0.033545468
-0.033544045
-0.030493258
-0.03659027
-0.03353954
-0.030489057
-0.033536345
-0.027437469
-0.030484533
-0.027434658
-0.021336937
-0.02438375
-0.024382401
-0.024381023
-0.024379615
-0.021330908
-0.021329626
-0.02132832
-0.0243737
-0.021325633
-0.01827793
-0.021322845
-0.018275497
-0.018274248
-0.021318475
-0.021316968
-0.018270373
-0.0152242
-0.01522307
-0.015221922
-0.012176605
-0.015219573
-0.0152183715
-0.015217152
-0.0121727325
-0.009128796
-0.015213388
-0.015212097
-0.015210789
-0.009125677
-0.0060832473
-0.009124054
-0.012164301
-0.009122387
-0.006081025
-0.012160904
-0.012159742
-0.009118926
-0.006078689
-0.0060780873
-0.0091162175
-0.003038431
0.0
-0.0030378043
-0.006074971
0.0
-0.0030368373
-0.0030365079
0.0
-0.0030358385
-0.0030354983
0.0
-0.0030348075
0.0
0.0
-0.0060674897
-0.00910015
0.0030330184
-0.0030326499
-0.006064556
-0.0030319025
-0.0060630464
-0.0030311407
0.0
0.0
-0.0030299714
-0.0060591493
-0.0060583483
-0.0060575404
0.0
-0.0030279518
-0.0030275374
-0.0030271192
-0.006053395
0.0030262724
0.0030258438
0.0030254116
0.0
-0.0030245367
-0.006048188
-0.0030236477
0.0060463957
0.0030227446
0.0030222875
0.0
-0.0030213632
0.0030208959
0.0030204249
0.0
0.0030194724
-0.0060379817
-0.0060370117
-0.0060360343
-0.009052576
-0.0060340595
-0.006033061
-0.009048084
-0.009046566
-0.0090450365
-0.009043498
-0.0060279653
-0.009040387
-0.015064694
-0.012049647
-0.012047525
-0.006022694
-0.0030108094
-0.009030805
-0.0030097237
-0.009027527
-0.009025872
-0.009024207
-0.0060150204
0.0
-0.006012765
-0.0060116276
-0.009015723
-0.0090139955
-0.009012257
-0.0060070055
-0.009008749
-0.009006979
-0.006003466
-0.015005681
-0.012002143
-0.005999864
-0.011997299
-0.008996142
-0.014990499
-0.01498741
-0.014984305
-0.011984945
-0.0119824335
-0.011979907
-0.011977367
-0.011974813
-0.011972246
-0.020946912
-0.020942371
-0.01794669
-0.017942756
-0.014949
-0.017934825
-0.01793083
-0.017926812
-0.020909904
-0.014932264
-0.014928864
-0.014925448
-0.014922015
-0.014918565
-0.011932077
-0.017893935
-0.017889732
-0.017885508
-0.017881265
-0.020856502
-0.020851502
-0.02084648
-0.020841433
-0.01785974
-0.017855372
-0.023801314
-0.017846579
-0.01784215
-0.017837701
-0.020805437
-0.029714571
-0.023765644
-0.029699506
-0.020784345
-0.020779012
-0.02374132
-0.026702067
-0.02669512
-0.03261884
-0.029645702
-0.026674092
-0.026667021
-0.020735495
-0.020729948
-0.026645629
-0.026638437
-0.026631216
-0.026623962
-0.02365927
-0.020696174
-0.026602022
-0.023639688
-0.026587246
-0.029533124
-0.023619864
-0.023613201
-0.02950814
-0.023599796
-0.029491317
-0.029482856
-0.02947436
-0.029465832
-0.02945727
-0.029448675
-0.02649604
-0.026488245
-0.02353815
-0.026472563
-0.023524156
-0.02645676
-0.026448814
-0.026440838
-0.023495851
-0.026424795
-0.02641673
-0.017605757
-0.02640051
-0.020527387
-0.02052102
-0.020514632
-0.017578473
-0.017572956
-0.01756742
-0.020488843
-0.023408387
-0.023400925
-0.01754508
-0.017539443
-0.01753379
-0.017528115
-0.01752242
-0.017516708
-0.017510973
-0.020422757
-0.017499447
-0.017493656
-0.020402484
-0.011654674
-0.01747616
-0.017470289
-0.0174644
-0.01745849
-0.008726279
-0.008723306
-0.011627095
-0.008717326
-0.008714323
0.0
0.002902762
-0.002901751
0.0
0.0028997194
0.0
0.0057953494
0.0
-0.0057912343
0.0028945834
0.0028935466
0.0028925065
0.0028914632
0.002890417
0.002889367
0.0057766284
0.005774516
0.011544795
0.011540545
0.008652211
0.005766003
0.005763859
0.008642563
0.0143988775
0.014393469
0.008632827
0.0057530417
0.008626289
0.008623006
0.011492951
0.017232822
0.020097231
0.017219555
0.011475262
0.020073915
0.0200661
0.022923727
0.025779087
0.022905735
0.022896701
0.020026688
0.02287856
0.028586812
0.031432934
0.031420343
0.028552467
0.025686858
0.02567647
0.028517837
0.028506232
0.031344056
0.031331223
0.034165476
0.03130545
0.031292513
0.028435947
0.034108948
0.03693595
0.0369205
0.039743856
0.03688948
0.036873907
0.03969355
0.031174546
0.033994112
0.03681122
0.033965033
0.03677964
0.039591774
0.03957466
0.042383038
0.039540306
0.036699988
0.03950578
0.042309053
0.04510981
0.050726146
0.050703704
0.047865584
0.045029916
0.039383594
0.04498968
0.047780078
0.047758576
0.050545078
0.04771541
0.04769375
0.04767204
0.053256195
0.056033492
0.053207383
0.053182893
0.050360534
0.05593025
0.055904288
0.05867218
0.058644794
0.05024344
0.05021986
0.04740755
0.04738518
0.0501488
0.047340285
0.044534363
0.04729519
0.047272567
0.047249895
0.05000524
0.049981125
0.055507734
0.055480823
0.052681163
0.052655485
0.052629754
0.049835335
0.052578125
0.055318132
0.05529081
0.055263434
0.049712397
0.049687654
0.049662855
0.05239567
0.05788195
0.05509794
0.05231665
0.0522902
0.049512975
0.04948781
0.046714675
0.049437333
0.052157126
0.05213035
0.049361225
0.052076627
0.052049685
0.05202269
0.05199564
0.04376298
0.04920762
0.04918184
0.04915601
0.051859576
0.04910419
0.04635164
0.04360193
0.049026087
0.04627773
0.046253
0.04622822
0.04348554
0.040745746
0.03800884
0.037988275
0.04067965
0.04336803
0.037926346
0.037905626
0.03247274
0.029750338
0.032437053
0.03241916
0.035101335
0.029684667
0.029668173
0.029651647
0.024246894
0.024233324
0.029601892
0.02689568
0.026880521
0.024178801
0.016110072
0.016100926
0.016091766
0.016082589
0.018752294
0.018741548
0.016054958
0.016045716
0.013363713
0.010684787
0.013348241
0.013340485
0.01599926
0.018654905
0.013317136
0.013309327
0.013301503
0.0079762
0.010628654
0.0132779535
0.010616062
0.013262187
0.007952571
0.010597095
0.007943063
0.005292198
0.005289016
0.0052858284
0.0052826353
0.0026397186
-0.002638117
-0.0026365127
0.0
0.0
0.0
-0.0026300694
-0.005256904
-0.005253664
-0.005250419
-0.0052471687
-0.0052439133
-0.0026203264
-0.0026186935
-0.010468232
-0.010461681
-0.007841338
-0.010448546
-0.007831472
-0.005217685
-0.007821575
-0.0078166155
-0.0078116474
-0.010408896
-0.010402253
-0.007796699
-0.007791701
-0.0077866954
-0.010375576
-0.010368882
-0.010362178
-0.010355463
-0.012935924
-0.012927506
-0.0155028915
-0.01549276
-0.010321742
-0.010314968
-0.010308184
-0.010301391
-0.012868233
-0.015431659
-0.012851186
-0.010274116
-0.010267273
-0.00513021
-0.0076901675
-0.007685013
-0.0076798517
-0.012791137
-0.007669506
-0.007664323
-0.0076591317
-0.0076539335
-0.010198304
-0.012739193
-0.012730493
-0.012721782
-0.012713058
-0.0076225935
-0.01015646
-0.015224178
-0.012678044
-0.017736964
-0.017724652
-0.012651659
-0.010114271
-0.012634009
-0.0151502
-0.0201861
-0.017650425
-0.015118282
-0.015107615
-0.010064622
-0.015086239
-0.01507553
-0.010043205
-0.015054069
-0.012536099
-0.012527129
-0.015021775
-0.0075054914
-0.0075000883
-0.0074946783
-0.009985682
-0.012473064
-0.014956814
-0.01245495
-0.014935051
-0.009949433
-0.009942156
-0.012418588
-0.009927575
-0.012400338
-0.009912957
-0.009905635
-0.012372881
-0.009890964
-0.01235452
-0.01728345
-0.014803337
-0.014792274
-0.01724473
-0.012308423
-0.009839336
-0.009831926
-0.0147367595
-0.009817078
-0.017166872
-0.012252744
-0.009794741
-0.014680916
-0.014669708
-0.01710157
-0.014647254
-0.014636007
-0.01218729
-0.012177896
-0.012168491
-0.0121590765
-0.014579581
-0.012140214
-0.012130767
-0.0121213095
-0.009689474
-0.014522836
-0.016930023
-0.014500049
-0.0144886365
-0.014477212
-0.014465774
-0.019272434
-0.021664293
-0.02164708
-0.02162985
-0.019211201
-0.019195851
-0.019180486
-0.021560742
-0.021543417
-0.021526076
-0.016729001
-0.019103412
-0.023859935
-0.023840584
-0.023821214
-0.01904146
-0.021404173
-0.019010387
-0.018994827
-0.023724062
-0.021334115
-0.021316556
-0.018932426
-0.016552188
-0.02126377
-0.02124614
-0.021228492
-0.021210827
-0.021193145
-0.014116962
-0.016456008
-0.016442213
-0.016428405
-0.023449406
-0.016400749
-0.014045915
-0.016373038
-0.011685116
-0.014010235
-0.01633137
-0.013986391
-0.013974452
-0.016289586
-0.013950541
-0.016261661
-0.01624768
-0.018552784
-0.018536774
-0.018520752
-0.018504713
-0.01848866
-0.018472591
-0.01845651
-0.020745462
-0.018424299
-0.018408172
-0.020691035
-0.018375875
-0.018359704
-0.02063646
-0.020618234
-0.020599995
-0.020581737
-0.015993806
-0.020545175
-0.02052687
-0.018229822
-0.018213522
-0.018197209
-0.01818088
-0.022705674
-0.022685228
-0.024931243
-0.022644287
-0.02036141
-0.01808262
-0.013549645
-0.015793536
-0.01577914
-0.02026894
-0.020250399
-0.015735878
-0.015721435
-0.017950833
-0.020176085
-0.01791775
-0.020138837
-0.024591343
-0.020101529
-0.02008285
-0.020064158
-0.017818179
-0.022251923
-0.022231104
-0.02221027
-0.026627302
-0.022168553
-0.022147669
-0.01991409
-0.019895267
-0.028710395
-0.028683163
-0.028655909
-0.028628636
-0.024201134
-0.026376024
-0.02635079
-0.026325537
-0.028491955
-0.03065414
-0.026249668
-0.026224341
-0.026198994
-0.021811359
-0.028327268
-0.028299749
-0.02827221
-0.028244652
-0.021705441
-0.019515792
-0.019496672
-0.019477539
-0.019458393
-0.019439232
-0.019420058
-0.01940087
-0.01938167
-0.019362457
-0.019343229
-0.01932399
-0.019304736
-0.01928547
-0.014984814
-0.014969809
-0.014954794
-0.019208273
-0.021321047
-0.02342951
-0.021278046
-0.014879567
-0.012740993
-0.014849407
-0.02331106
-0.021170296
-0.021148704
-0.016901677
-0.012663286
-0.012650306
-0.016849758
-0.018936483
-0.016815089
-0.016797738
-0.010487736
-0.010476879
-0.018838827
-0.018819258
-0.01879968
-0.018780088
-0.01250699
-0.010411594
-0.012480828
-0.012467735
-0.014530407
-0.014515115
-0.008285607
-0.006207644
-0.012402156
-0.012389018
-0.012375872
-0.008241812
-0.006174778
-0.008224258
-0.01232321
-0.008206684
-0.012296835
-0.0081890905
-0.006135215
-0.0020428693
-0.0040813317
-0.0040769223
-0.006108766
-0.0061021447
-0.0060955198
-0.0060888915
-0.0060822596
0.0
-0.00404599
-0.008083123
-0.006055696
-0.0040326975
-0.0020141313
0.0
0.0
-0.004014943
0.0
-0.0040060515
0.0
0.0019985756
0.0019963488
0.0039882422
0.0019918922
0.0019896622
0.003974862
0.0059555965
0.007931862
0.007922924
0.0039569912
0.0019762593
0.003948043
0.0039435662
0.0019695433
0.007869211
0.0039301217
0.0019628182
0.003921149
0.003916659
0.003912167
0.007815347
0.005854767
0.0058480203
0.0058412706
0.005834518
0.0077703497
0.011642008
0.007752323
0.007743304
0.007734281
0.0077252546
0.0096452795
0.009633987
0.009622689
0.011533664
0.011520095
0.011506521
0.013408432
0.013392583
0.0114657665
0.01526956
0.013344997
0.013329122
0.017117025
0.015196976
0.017076164
0.017055722
0.013249656
0.01890535
0.01699435
0.016973877
0.020720817
0.018814342
0.01879157
0.018768787
0.018745998
0.016850881
0.018700395
0.02054534
0.018654758
0.024221506
0.022330908
0.020444868
0.022276068
0.022248635
0.02222119
0.024043217
0.022166278
0.020293906
0.022111328
0.01656288
0.020218313
0.025700308
0.025668208
0.027467247
0.023775121
0.018265603
0.02006691
0.023685586
0.025475392
0.027260596
0.025411043
0.021753304
0.02353618
0.023506273
0.02528223
0.027053574
0.025217768
0.025185522
0.023356607
0.023326648
0.026880786
0.028635947
0.025024164
0.026777001
0.02495956
0.026707763
0.03022955
0.028414391
0.03015102
0.028340463
0.024765547
0.022966528
0.01940778
0.022906402
0.02815548
0.028118458
0.026326336
0.021033289
0.017504584
0.024473993
0.02444156
0.02440912
0.026117865
0.02434422
0.019102097
0.02081082
0.01905107
0.017295953
0.027636396
0.017249536
0.018948954
0.02064372
0.012025913
0.020587977
0.022273438
0.020532211
0.027339093
0.022182792
0.0153363915
0.020420616
0.015294529
0.016970657
0.022031607
0.016924119
0.015210759
0.016877564
0.015168853
0.015147895
0.016807703
0.013427528
0.01340889
0.011716467
0.008357253
0.0133529585
0.011667521
0.0116512
0.013297003
0.011618553
0.009944765
0.011585897
0.00991677
0.00990277
0.011536896
0.011520559
0.013147679
0.0098467525
0.009832744
0.013091644
0.008170602
0.009790708
0.009776694
0.009762677
0.008123883
0.0064897607
0.0064804135
0.006471066
0.0080771465
0.008065459
0.0048322626
0.0048252493
0.003212157
0.0032074808
0.004804206
0.0031981268
0.0031934495
0.0031887717
0.0015920468
0.0015897077
0.0031747366
0.0015850288
0.0015826892
-0.0015803494
0.0
0.0
0.0
0.0
-0.0015686488
-0.0015663084
-0.0046919035
-0.0031232545
-0.0015592865
-0.0015569457
-0.0031092097
-0.0046567917
-0.003099846
-0.0061903275
-0.0046357224
-0.0015428996
-0.0030811168
-0.0015382172
-0.006143504
-0.009201208
-0.007655967
-0.0061154086
-0.0045795324
-0.0045725084
-0.006087313
-0.009116922
-0.010620019
-0.007574022
-0.0060498524
-0.0045303656
-0.004523342
-0.009032638
-0.009018592
-0.01200606
-0.011987332
-0.0059843026
-0.0074686743
-0.008948364
-0.010423373
-0.013380416
-0.011874978
-0.008892192
-0.010357842
-0.01034146
-0.011800091
-0.013254043
-0.011762653
-0.010275943
-0.011725219
-0.01024319
-0.013148763
-0.011669077
-0.01019407
-0.011631655
-0.011612946
-0.011594238
-0.013022474
-0.013001431
-0.010095859
-0.010079495
-0.010063132
-0.010046772
-0.012896244
-0.012875212
-0.012854183
-0.012833156
-0.0099649895
-0.011369873
-0.009932289
-0.0113325035
-0.009899595
-0.012707036
-0.012686024
-0.011257792
-0.011239119
-0.009817893
-0.01120178
-0.009785226
-0.011164452
-0.009752567
-0.011127133
-0.009719918
-0.011089824
-0.012455069
-0.011052526
-0.00827541
-0.008261428
-0.008247449
-0.006861226
-0.008219495
-0.0068379357
-0.006826293
-0.0068146526
-0.006803014
-0.0054331017
-0.008135691
-0.008121732
-0.0067564794
-0.0040469104
-0.0026932897
-0.0026886398
-0.0053679817
-0.0053586857
-0.006686739
-0.004005074
-0.002665404
-0.0026607595
-0.003984174
-0.0039772103
-0.0039702477
-0.0013210955
0.0013187756
0.0013164562
0.0
0.0
0.0
0.0026143673
0.0039146002
0.0026051009
0.0039007037
0.0025958386
0.0012956045
0.0012932903
0.0025819533
0.0025773272
0.002572702
0.002568078
0.0012817276
0.0012794167
0.002554213
0.0012747968
0.003817463
0.0038105375
0.0038036138
0.002531128
0.003789772
0.005043805
0.0037759377
0.003769023
0.0062701846
0.0050069336
0.0062471526
0.0062356414
0.0062241335
0.00869768
0.008681579
0.008665482
0.009885017
0.0086333025
0.0086172195
0.011058611
0.011037946
0.011017287
0.010996634
0.010975989
0.010955349
0.012149684
0.012126766
0.013314241
0.014497142
0.013263862
0.012035168
0.014414744
0.0143872965
0.016753169
0.016721167
0.011920841
0.014277599
0.014250198
0.013037573
0.015378377
0.015348724
0.015319082
0.01528945
0.012912163
0.012887108
0.01403134
0.015171031
0.017470907
0.018599246
0.01624251
0.01389488
0.01617889
0.016147096
0.018417504
0.018381199
0.018344905
0.018308628
0.018272365
0.01709636
0.019337375
0.01929889
0.016994491
0.018091267
0.016926648
0.016892748
0.01910671
0.019068323
0.02014936
0.018991595
0.017838359
0.017802289
0.017766237
0.017730199
0.018800063
0.018761808
0.017622182
0.017586207
0.01755025
0.018608952
0.02075558
0.020712938
0.020670315
0.019542042
0.019501701
0.019461377
0.020500021
0.019380787
0.01934052
0.019300273
0.018190043
0.019219836
0.019179648
0.020202782
0.019099327
0.019059196
0.017962469
0.016870217
0.017886762
0.016798997
0.017811129
0.01672785
0.015649034
0.015615726
0.015582436
0.0155491615
0.016550299
0.01341831
0.0133895185
0.013360742
0.012306443
0.013303233
0.013274503
0.0122268805
0.012200388
0.012173911
0.010122873
0.010100831
0.012094564
0.009051108
0.010034782
0.010012791
0.009990811
0.009968843
0.0089522
0.008932452
0.006932112
0.009881101
0.007887357
0.0059023825
0.00785234
0.0058761355
0.0058630235
0.0058499193
0.005836823
0.0038824896
0.0038737692
0.0038650539
0.001928172
0.0038476393
0.00383894
0.0028726845
0.0019107786
9.532185E-4
9.5104903E-4
0.0
0.0
0.0
-9.423847E-4
-0.001880444
-0.0018761215
-0.0018718017
-0.0046687117
-0.0037263408
-0.0027882885
-0.003709101
-0.002775367
-0.0055378247
-0.006445745
-0.0055120327
-0.006415674
-0.0073150326
-0.008210113
-0.0081908265
-0.009079504
-0.008152294
-0.008133047
-0.009015349
-0.008993993
-0.009869916
-0.011636723
-0.009823015
-0.0097995885
-0.010664922
-0.010639402
-0.0106139
-0.011470784
-0.012323442
-0.012293753
-0.012264086
-0.01223444
-0.010461271
-0.013044871
-0.014748268
-0.014712374
-0.015539831
-0.014640666
-0.014604852
-0.015426068
-0.015388204
-0.017055964
-0.01956605
-0.018669179
-0.01946954
-0.018576935
-0.018530866
-0.019325053
-0.020115094
-0.019228915
-0.020014852
-0.019964792
-0.019084986
-0.021520184
-0.020640459
-0.019764936
-0.020536533
-0.021304017
-0.021250082
-0.022011431
-0.021955512
-0.02189964
-0.022652842
-0.020981066
-0.021732295
-0.023282278
-0.023222513
-0.02236408
-0.02310313
-0.022248909
-0.022191396
-0.023714926
-0.022864962
-0.022805545
-0.02274618
-0.021904558
-0.0226276
-0.024124825
-0.023285402
-0.023998395
-0.023163157
-0.023102112
-0.023041124
-0.022980187
-0.022919303
-0.022096526
-0.022037776
-0.021979079
-0.02040868
-0.018846415
-0.019547788
-0.019495353
-0.019442964
-0.019390624
-0.020082112
-0.019286085
-0.017014593
-0.01696846
-0.016922371
-0.017610079
-0.017562075
-0.01678436
-0.015282926
-0.014515277
-0.014475425
-0.014435609
-0.015115623
-0.015073897
-0.01503221
-0.012849055
-0.012813392
-0.012067889
-0.012742171
-0.012706612
-0.011967139
-0.010529666
-0.010500121
-0.0104706045
-0.009745044
-0.01041166
-0.008997935
-0.008282267
-0.0075705405
-0.006176475
-0.0068432097
-0.006141321
-0.0068041896
-0.006784709
-0.005412199
-0.0047220658
-0.003363194
-0.002682795
-0.0033438036
-0.0033341236
-0.002659563
-0.0013259177
0.0
-6.59101E-4
-6.5717514E-4
-6.552514E-4
0.0
0.0013028198
0.0012989846
0.0012951535
0.0019369897
0.0012875036
0.0025673697
0.0031996758
0.00382818
0.0044528884
0.004439581
0.005058616
0.0044130115
0.005028284
0.0056397864
0.0068722772
0.0068515055
0.006830757
0.007429126
0.006789331
0.007999317
0.009201816
0.009785263
0.009145583
0.008509681
0.008483514
0.010269674
0.010840207
0.011407052
0.011371706
0.010143096
0.01070634
0.010672972
0.011230734
0.01237408
0.011747894
0.011710995
0.012257846
0.012801061
0.012760618
0.013298416
0.013832595
0.013788636
0.014317428
0.014842619
0.015933262
0.015315006
0.015831256
0.015216765
0.014605969
0.013998861
0.015628008
0.016133688
0.016081292
0.016028963
0.014874859
0.014277141
0.014777727
0.014183726
0.014680845
0.015716385
0.015664523
0.015074358
0.015024415
0.014974536
0.014391698
0.015406226
0.015354769
0.015303381
0.015252061
0.0141524775
0.015149626
0.014577872
0.014009709
0.014996487
0.014430214
0.0143811265
0.013820246
0.013262928
0.013217534
0.013172203
0.012622051
0.013081726
0.012535174
0.0114924805
0.010954714
0.011412888
0.01186766
0.011826279
0.011293916
0.010765051
0.010239675
0.009717782
0.009199364
0.008684415
0.008653687
0.008623003
0.0076376568
0.0071348078
0.007109349
0.0066116657
0.006117404
0.005626557
0.0051391167
0.004655076
0.0041744276
0.004159309
0.003223277
0.0022939665
0.001828484
0.0013663537
9.075679E-4
4.5211922E-4
0.0
-4.4879733E-4
-4.471402E-4
-8.9097116E-4
-0.0017753341
-0.002653104
-0.0026432222
-0.0026333558
-0.0030607556
-0.0030492805
-0.0034717983
-0.0043234066
-0.0047378
-0.006007121
-0.006411805
-0.0068132775
-0.007635755
-0.0071840296
-0.007998505
-0.0088065695
-0.009608242
-0.010403535
-0.011192466
-0.011562118
-0.011105975
-0.011062835
-0.012244185
-0.013009505
-0.012958629
-0.013714578
-0.012857132
-0.01280651
-0.014350469
-0.014690759
-0.015027995
-0.01575609
-0.015693344
-0.015630705
-0.016346581
-0.01666868
-0.016987773
-0.017303871
-0.017234005
-0.017545689
-0.018234279
-0.017781807
-0.017709343
-0.018012261
-0.018685954
-0.018981457
-0.019274032
-0.019194564
-0.019115238
-0.01976821
-0.020050684
-0.019967232
-0.01988393
-0.020520808
-0.02043479
-0.01999193
-0.020618718
-0.020885665
-0.020797279
-0.021411058
-0.021320011
-0.020533098
-0.020445365
-0.021392938
-0.022331785
-0.022235673
-0.022139741
-0.02170485
-0.020935416
-0.021180632
-0.021757828
-0.021996079
-0.02189978
-0.021473307
-0.020721022
-0.021611996
-0.02151644
-0.021421071
-0.021649007
-0.020909213
-0.021136083
-0.021041462
-0.020629648
-0.020852782
-0.020444198
-0.020038646
-0.020259488
-0.019546876
-0.019457813
-0.019676374
-0.019586265
-0.0201056
-0.01910337
-0.018713383
-0.019227667
-0.018540401
-0.01845418
-0.017775616
-0.017692523
-0.01731611
-0.01694263
-0.017444286
-0.017361889
-0.016991673
-0.016051112
-0.015974699
-0.015614547
-0.015539818
-0.015465251
-0.014831178
-0.01448115
-0.013856834
-0.013789633
-0.013722579
-0.013382559
-0.013317134
-0.012710963
-0.012110254
-0.011782778
-0.011724551
-0.01113616
-0.010817
-0.0102380775
-0.009664523
-0.009616109
-0.009050625
-0.009005037
-0.008447578
-0.007895411
-0.0073485156
-0.0070589827
-0.0067721116
-0.0062383595
-0.0059580677
-0.0054334337
-0.004913974
-0.004888524
-0.00437682
-0.0038702427
-0.0028875205
-0.0023936625
-0.0021429795
-0.00213169
-0.0016492216
-0.0014061288
-6.9932855E-4
-2.3186728E-4
0.0
6.881759E-4
6.8447663E-4
0.0011346443
0.0018056151
0.0022447798
0.0022325714
0.0028865119
0.0028707206
0.0032941955
0.0039312807
0.0041267807
0.0045359284
0.0049403375
0.005126425
0.0050977897
0.0052804467
0.0058808657
0.0062654116
0.006852988
0.007433592
0.0078019365
0.007961565
0.008118974
0.008475984
0.009029117
0.009575428
0.00971828
0.010450515
0.010193557
0.010328824
0.010461967
0.010785597
0.011487774
0.011610067
0.011351893
0.011848447
0.012338444
0.012078612
0.012929465
0.013035006
0.012956065
0.013240091
0.013339654
0.013437242
0.013888996
0.013980476
0.014245893
0.014157631
0.014069627
0.014327113
0.014408999
0.014488998
0.014397731
0.014475051
0.014550507
0.014291745
0.014530749
0.014765798
0.014670891
0.014738231
0.014803764
0.014547769
0.014770624
0.014831834
0.0147345215
0.014637512
0.014695496
0.014751732
0.014958872
0.014859001
0.01460884
0.014510617
0.014412707
0.014610268
0.0143644065
0.014412018
0.014313375
0.013927881
0.013831861
0.013594548
0.013640771
0.0135457
0.013589616
0.013356509
0.013125663
0.0131685855
0.012805509
0.012848097
0.012623327
0.012532703
0.01244239
0.01235239
0.012133621
0.011917045
0.011957061
0.011616707
0.011656401
0.011445722
0.011360684
0.011398515
0.011069873
0.0109866625
0.0109037515
0.010702229
0.010620826
0.0104226135
0.010226495
0.010147776
0.01006935
0.009764142
0.009800723
0.009612285
0.009314999
0.009351553
0.009168351
0.008878889
0.008915409
0.008737374
0.008244245
0.008282432
0.007903218
0.007838782
0.0077746003
0.007609217
0.0074457643
0.0071844477
0.006827751
0.006672513
0.006421855
0.0062711895
0.0062180436
0.0061651166
0.0058302972
0.0055937716
0.005453097
0.0052226023
0.0050863232
0.004951825
0.004729855
0.0045996746
0.004295899
0.0041707642
0.004305691
0.0041816654
0.0039747804
0.003771129
0.003653731
0.0035380058
0.0034239436
0.0033923036
0.0032807873
0.003170907
0.002984123
0.0028004341
0.0026198202
0.0025185812
0.0022677348
0.0022459528
0.0021501307
0.0020558499
0.0020358071
0.00201586
0.0018534368
0.0017645122
0.0016770809
0.0015219529
0.001301204
0.0012880592
0.0012749796
0.0011955461
0.0011175409
0.0010409538
9.657744E-4
8.9199253E-4
8.195978E-4
7.4858E-4
7.4064947E-4
6.716969E-4
6.040938E-4
5.378296E-4
3.546706E-4
2.3387256E-4
2.3131187E-4
1.7157376E-4
1.6967398E-4
5.5928198E-5
0.0
0.0
-1.08119144E-4
-1.6033088E-4
-2.1132459E-4
-2.0888854E-4
-2.5808296E-4
-3.5710164E-4
-3.5291145E-4
-3.4874558E-4
-4.9229147E-4
-4.3776876E-4
-5.7667535E-4
-6.1717577E-4
-6.565625E-4
-6.9484604E-4
-7.320368E-4
-7.681452E-4
-8.0318184E-4
-7.930962E-4
-7.8307337E-4
-8.1606413E-4
-8.48018E-4
-8.789456E-4
-9.5016893E-4
-9.3776366E-4
-9.656752E-4
-9.926026E-4
-0.0010185561
-0.0010048965
-0.001105712
-0.0010906794
-0.0010386537
-0.0010609193
-0.0010822671
-0.0011027082
-0.0010871823
-0.0011409115
-0.0011246158
-0.0011420248
-0.0011254741
-0.0010764239
-0.001060592
-0.0011082019
-0.0010916566
-0.0011366765
-0.0011497017
-0.0011321395
-0.0011147112
-0.0010974169
-0.0011371119
-0.001147169
-0.0011014078
-0.0011108615
-0.0010929247
-0.0010489098
-0.0010832776
-0.0010653482
-0.0010974513
-0.0011035013
-0.0010365563
-0.0010425011
-0.0010012115
-9.837672E-4
-0.0010339037
-9.934905E-4
-9.973951E-4
-9.793852E-4
-9.406352E-4
-9.643728E-4
-9.4647094E-4
-9.4849605E-4
-9.499402E-4
-8.9376525E-4
-8.765301E-4
-8.594617E-4
-8.4256014E-4
-8.2582544E-4
-8.4369414E-4
-8.265954E-4
-8.096707E-4
-7.767381E-4
-7.7634375E-4
-7.599415E-4
-7.437136E-4
-7.276599E-4
-7.117805E-4
-6.8186986E-4
-6.666562E-4
-6.7876396E-4
-6.632724E-4
-6.3499965E-4
-6.3282344E-4
-6.178662E-4
-6.1514875E-4
-6.002558E-4
-5.6258217E-4
-5.59819E-4
-5.457529E-4
-5.212278E-4
-5.3888187E-4
-5.1471713E-4
-4.912721E-4
-4.876599E-4
-4.5580027E-4
-4.4323952E-4
-4.3964668E-4
-4.18643E-4
-4.2320348E-4
-3.9474663E-4
-3.8306107E-4
-3.7913333E-4
-3.5286407E-4
-3.419317E-4
-3.3117103E-4
-3.1390318E-4
-3.0370284E-4
-3.1241556E-4
-2.8984502E-4
-2.7994285E-4
-2.7584186E-4
-2.5522354E-4
-2.4603232E-4
-2.4205212E-4
-2.2815469E-4
-2.1946832E-4
-2.1095028E-4
-2.0260058E-4
-1.9028268E-4
-1.7847412E-4
-1.7476258E-4
-1.5997805E-4
-1.5990184E-4
-1.4939881E-4
-1.393658E-4
-1.328105E-4
-1.2353994E-4
-1.1471076E-4
-1.08905224E-4
-1.03250306E-4
-9.774603E-5
-9.019258E-5
-8.303756E-5
-7.822586E-5
-7.171873E-5
-6.730718E-5
-6.465187E-5
-5.890392E-5
-5.350423E-5
-4.975128E-5
-4.6134726E-5
-4.3777065E-5
-4.034533E-5
-3.5153418E-5
-3.2163338E-5
-2.8514041E-5
-2.6581709E-5
-2.4638559E-5
-2.1531505E-5
-1.9724775E-5
-1.7012773E-5
-1.4144469E-5
-1.1969432E-5
-1.0624184E-5
-9.052604E-6
-7.3894007E-6
-6.106968E-6
-4.9466626E-6
-3.7935317E-6
-2.9044313E-6
-2.1338733E-6
-1.39205E-6
-8.9091355E-7
-4.849738E-7
-2.0835931E-7
-5.388606E-8
-0.0
